time	epistasis_coef	sel_coef	mu_prob	Ne	L	k_start	mean_fitness
1500000	0.6000000000	0.0100000000	0.0100000000	100	100	0	0.953261
1501000	0.6000000000	0.0100000000	0.0100000000	100	100	0	0.951413
1502000	0.6000000000	0.0100000000	0.0100000000	100	100	0	0.949343
1503000	0.6000000000	0.0100000000	0.0100000000	100	100	0	0.950641
1504000	0.6000000000	0.0100000000	0.0100000000	100	100	0	0.952184
1505000	0.6000000000	0.0100000000	0.0100000000	100	100	0	0.952942
1506000	0.6000000000	0.0100000000	0.0100000000	100	100	0	0.953781
1507000	0.6000000000	0.0100000000	0.0100000000	100	100	0	0.954667
1508000	0.6000000000	0.0100000000	0.0100000000	100	100	0	0.954626
1509000	0.6000000000	0.0100000000	0.0100000000	100	100	0	0.955841
1510000	0.6000000000	0.0100000000	0.0100000000	100	100	0	0.956675
1511000	0.6000000000	0.0100000000	0.0100000000	100	100	0	0.956380
1512000	0.6000000000	0.0100000000	0.0100000000	100	100	0	0.957199
1513000	0.6000000000	0.0100000000	0.0100000000	100	100	0	0.958836
1514000	0.6000000000	0.0100000000	0.0100000000	100	100	0	0.956613
1515000	0.6000000000	0.0100000000	0.0100000000	100	100	0	0.954066
1516000	0.6000000000	0.0100000000	0.0100000000	100	100	0	0.953480
1517000	0.6000000000	0.0100000000	0.0100000000	100	100	0	0.952589
1518000	0.6000000000	0.0100000000	0.0100000000	100	100	0	0.953804
1519000	0.6000000000	0.0100000000	0.0100000000	100	100	0	0.953629
1520000	0.6000000000	0.0100000000	0.0100000000	100	100	0	0.952651
1521000	0.6000000000	0.0100000000	0.0100000000	100	100	0	0.952240
1522000	0.6000000000	0.0100000000	0.0100000000	100	100	0	0.952055
1523000	0.6000000000	0.0100000000	0.0100000000	100	100	0	0.951784
1524000	0.6000000000	0.0100000000	0.0100000000	100	100	0	0.952545
1525000	0.6000000000	0.0100000000	0.0100000000	100	100	0	0.954224
1526000	0.6000000000	0.0100000000	0.0100000000	100	100	0	0.953640
1527000	0.6000000000	0.0100000000	0.0100000000	100	100	0	0.954732
1528000	0.6000000000	0.0100000000	0.0100000000	100	100	0	0.956885
1529000	0.6000000000	0.0100000000	0.0100000000	100	100	0	0.954324
1530000	0.6000000000	0.0100000000	0.0100000000	100	100	0	0.952988
1531000	0.6000000000	0.0100000000	0.0100000000	100	100	0	0.952210
1532000	0.6000000000	0.0100000000	0.0100000000	100	100	0	0.952474
1533000	0.6000000000	0.0100000000	0.0100000000	100	100	0	0.952092
1534000	0.6000000000	0.0100000000	0.0100000000	100	100	0	0.951224
1535000	0.6000000000	0.0100000000	0.0100000000	100	100	0	0.952467
1536000	0.6000000000	0.0100000000	0.0100000000	100	100	0	0.951423
1537000	0.6000000000	0.0100000000	0.0100000000	100	100	0	0.952585
1538000	0.6000000000	0.0100000000	0.0100000000	100	100	0	0.953924
1539000	0.6000000000	0.0100000000	0.0100000000	100	100	0	0.957512
1540000	0.6000000000	0.0100000000	0.0100000000	100	100	0	0.956498
1541000	0.6000000000	0.0100000000	0.0100000000	100	100	0	0.955493
1542000	0.6000000000	0.0100000000	0.0100000000	100	100	0	0.956286
1543000	0.6000000000	0.0100000000	0.0100000000	100	100	0	0.954469
1544000	0.6000000000	0.0100000000	0.0100000000	100	100	0	0.953987
1545000	0.6000000000	0.0100000000	0.0100000000	100	100	0	0.954260
1546000	0.6000000000	0.0100000000	0.0100000000	100	100	0	0.953896
1547000	0.6000000000	0.0100000000	0.0100000000	100	100	0	0.953818
1548000	0.6000000000	0.0100000000	0.0100000000	100	100	0	0.955747
1549000	0.6000000000	0.0100000000	0.0100000000	100	100	0	0.958646
1550000	0.6000000000	0.0100000000	0.0100000000	100	100	0	0.958940
1551000	0.6000000000	0.0100000000	0.0100000000	100	100	0	0.959450
1552000	0.6000000000	0.0100000000	0.0100000000	100	100	0	0.956027
1553000	0.6000000000	0.0100000000	0.0100000000	100	100	0	0.955582
1554000	0.6000000000	0.0100000000	0.0100000000	100	100	0	0.954562
1555000	0.6000000000	0.0100000000	0.0100000000	100	100	0	0.953968
1556000	0.6000000000	0.0100000000	0.0100000000	100	100	0	0.955827
1557000	0.6000000000	0.0100000000	0.0100000000	100	100	0	0.956328
1558000	0.6000000000	0.0100000000	0.0100000000	100	100	0	0.953966
1559000	0.6000000000	0.0100000000	0.0100000000	100	100	0	0.953880
1560000	0.6000000000	0.0100000000	0.0100000000	100	100	0	0.953391
1561000	0.6000000000	0.0100000000	0.0100000000	100	100	0	0.953340
1562000	0.6000000000	0.0100000000	0.0100000000	100	100	0	0.953283
1563000	0.6000000000	0.0100000000	0.0100000000	100	100	0	0.954646
1564000	0.6000000000	0.0100000000	0.0100000000	100	100	0	0.953411
1565000	0.6000000000	0.0100000000	0.0100000000	100	100	0	0.952850
1566000	0.6000000000	0.0100000000	0.0100000000	100	100	0	0.954066
1567000	0.6000000000	0.0100000000	0.0100000000	100	100	0	0.954627
1568000	0.6000000000	0.0100000000	0.0100000000	100	100	0	0.954515
1569000	0.6000000000	0.0100000000	0.0100000000	100	100	0	0.956404
1570000	0.6000000000	0.0100000000	0.0100000000	100	100	0	0.955416
1571000	0.6000000000	0.0100000000	0.0100000000	100	100	0	0.956802
1572000	0.6000000000	0.0100000000	0.0100000000	100	100	0	0.956965
1573000	0.6000000000	0.0100000000	0.0100000000	100	100	0	0.957258
1574000	0.6000000000	0.0100000000	0.0100000000	100	100	0	0.955577
1575000	0.6000000000	0.0100000000	0.0100000000	100	100	0	0.955540
1576000	0.6000000000	0.0100000000	0.0100000000	100	100	0	0.955472
1577000	0.6000000000	0.0100000000	0.0100000000	100	100	0	0.956009
1578000	0.6000000000	0.0100000000	0.0100000000	100	100	0	0.956744
1579000	0.6000000000	0.0100000000	0.0100000000	100	100	0	0.956705
1580000	0.6000000000	0.0100000000	0.0100000000	100	100	0	0.956421
1581000	0.6000000000	0.0100000000	0.0100000000	100	100	0	0.958111
1582000	0.6000000000	0.0100000000	0.0100000000	100	100	0	0.957175
1583000	0.6000000000	0.0100000000	0.0100000000	100	100	0	0.959163
1584000	0.6000000000	0.0100000000	0.0100000000	100	100	0	0.958081
1585000	0.6000000000	0.0100000000	0.0100000000	100	100	0	0.958544
1586000	0.6000000000	0.0100000000	0.0100000000	100	100	0	0.960602
1587000	0.6000000000	0.0100000000	0.0100000000	100	100	0	0.959418
1588000	0.6000000000	0.0100000000	0.0100000000	100	100	0	0.958299
1589000	0.6000000000	0.0100000000	0.0100000000	100	100	0	0.958386
1590000	0.6000000000	0.0100000000	0.0100000000	100	100	0	0.956818
1591000	0.6000000000	0.0100000000	0.0100000000	100	100	0	0.956588
1592000	0.6000000000	0.0100000000	0.0100000000	100	100	0	0.956880
1593000	0.6000000000	0.0100000000	0.0100000000	100	100	0	0.957010
1594000	0.6000000000	0.0100000000	0.0100000000	100	100	0	0.957379
1595000	0.6000000000	0.0100000000	0.0100000000	100	100	0	0.957706
1596000	0.6000000000	0.0100000000	0.0100000000	100	100	0	0.955471
1597000	0.6000000000	0.0100000000	0.0100000000	100	100	0	0.956399
1598000	0.6000000000	0.0100000000	0.0100000000	100	100	0	0.955541
1599000	0.6000000000	0.0100000000	0.0100000000	100	100	0	0.953978
1600000	0.6000000000	0.0100000000	0.0100000000	100	100	0	0.953005
1601000	0.6000000000	0.0100000000	0.0100000000	100	100	0	0.953594
1602000	0.6000000000	0.0100000000	0.0100000000	100	100	0	0.954762
1603000	0.6000000000	0.0100000000	0.0100000000	100	100	0	0.955410
1604000	0.6000000000	0.0100000000	0.0100000000	100	100	0	0.954432
1605000	0.6000000000	0.0100000000	0.0100000000	100	100	0	0.956678
1606000	0.6000000000	0.0100000000	0.0100000000	100	100	0	0.958025
1607000	0.6000000000	0.0100000000	0.0100000000	100	100	0	0.958481
1608000	0.6000000000	0.0100000000	0.0100000000	100	100	0	0.955093
1609000	0.6000000000	0.0100000000	0.0100000000	100	100	0	0.953373
1610000	0.6000000000	0.0100000000	0.0100000000	100	100	0	0.952982
1611000	0.6000000000	0.0100000000	0.0100000000	100	100	0	0.952744
1612000	0.6000000000	0.0100000000	0.0100000000	100	100	0	0.953367
1613000	0.6000000000	0.0100000000	0.0100000000	100	100	0	0.954131
1614000	0.6000000000	0.0100000000	0.0100000000	100	100	0	0.954587
1615000	0.6000000000	0.0100000000	0.0100000000	100	100	0	0.955040
1616000	0.6000000000	0.0100000000	0.0100000000	100	100	0	0.954884
1617000	0.6000000000	0.0100000000	0.0100000000	100	100	0	0.955533
1618000	0.6000000000	0.0100000000	0.0100000000	100	100	0	0.955678
1619000	0.6000000000	0.0100000000	0.0100000000	100	100	0	0.954164
1620000	0.6000000000	0.0100000000	0.0100000000	100	100	0	0.952960
1621000	0.6000000000	0.0100000000	0.0100000000	100	100	0	0.952773
1622000	0.6000000000	0.0100000000	0.0100000000	100	100	0	0.953585
1623000	0.6000000000	0.0100000000	0.0100000000	100	100	0	0.955075
1624000	0.6000000000	0.0100000000	0.0100000000	100	100	0	0.953612
1625000	0.6000000000	0.0100000000	0.0100000000	100	100	0	0.954297
1626000	0.6000000000	0.0100000000	0.0100000000	100	100	0	0.956500
1627000	0.6000000000	0.0100000000	0.0100000000	100	100	0	0.955871
1628000	0.6000000000	0.0100000000	0.0100000000	100	100	0	0.956935
1629000	0.6000000000	0.0100000000	0.0100000000	100	100	0	0.955927
1630000	0.6000000000	0.0100000000	0.0100000000	100	100	0	0.955360
1631000	0.6000000000	0.0100000000	0.0100000000	100	100	0	0.954322
1632000	0.6000000000	0.0100000000	0.0100000000	100	100	0	0.953924
1633000	0.6000000000	0.0100000000	0.0100000000	100	100	0	0.953623
1634000	0.6000000000	0.0100000000	0.0100000000	100	100	0	0.952612
1635000	0.6000000000	0.0100000000	0.0100000000	100	100	0	0.952621
1636000	0.6000000000	0.0100000000	0.0100000000	100	100	0	0.952255
1637000	0.6000000000	0.0100000000	0.0100000000	100	100	0	0.952957
1638000	0.6000000000	0.0100000000	0.0100000000	100	100	0	0.954055
1639000	0.6000000000	0.0100000000	0.0100000000	100	100	0	0.954677
1640000	0.6000000000	0.0100000000	0.0100000000	100	100	0	0.955951
1641000	0.6000000000	0.0100000000	0.0100000000	100	100	0	0.954302
1642000	0.6000000000	0.0100000000	0.0100000000	100	100	0	0.955890
1643000	0.6000000000	0.0100000000	0.0100000000	100	100	0	0.957596
1644000	0.6000000000	0.0100000000	0.0100000000	100	100	0	0.955913
1645000	0.6000000000	0.0100000000	0.0100000000	100	100	0	0.956338
1646000	0.6000000000	0.0100000000	0.0100000000	100	100	0	0.954135
1647000	0.6000000000	0.0100000000	0.0100000000	100	100	0	0.954680
1648000	0.6000000000	0.0100000000	0.0100000000	100	100	0	0.955048
1649000	0.6000000000	0.0100000000	0.0100000000	100	100	0	0.954096
1650000	0.6000000000	0.0100000000	0.0100000000	100	100	0	0.955242
1651000	0.6000000000	0.0100000000	0.0100000000	100	100	0	0.955438
1652000	0.6000000000	0.0100000000	0.0100000000	100	100	0	0.954763
1653000	0.6000000000	0.0100000000	0.0100000000	100	100	0	0.953543
1654000	0.6000000000	0.0100000000	0.0100000000	100	100	0	0.953987
1655000	0.6000000000	0.0100000000	0.0100000000	100	100	0	0.954034
1656000	0.6000000000	0.0100000000	0.0100000000	100	100	0	0.954337
1657000	0.6000000000	0.0100000000	0.0100000000	100	100	0	0.954882
1658000	0.6000000000	0.0100000000	0.0100000000	100	100	0	0.955973
1659000	0.6000000000	0.0100000000	0.0100000000	100	100	0	0.955214
1660000	0.6000000000	0.0100000000	0.0100000000	100	100	0	0.954423
1661000	0.6000000000	0.0100000000	0.0100000000	100	100	0	0.954438
1662000	0.6000000000	0.0100000000	0.0100000000	100	100	0	0.955029
1663000	0.6000000000	0.0100000000	0.0100000000	100	100	0	0.954644
1664000	0.6000000000	0.0100000000	0.0100000000	100	100	0	0.953822
1665000	0.6000000000	0.0100000000	0.0100000000	100	100	0	0.953051
1666000	0.6000000000	0.0100000000	0.0100000000	100	100	0	0.953352
1667000	0.6000000000	0.0100000000	0.0100000000	100	100	0	0.953491
1668000	0.6000000000	0.0100000000	0.0100000000	100	100	0	0.951915
1669000	0.6000000000	0.0100000000	0.0100000000	100	100	0	0.952231
1670000	0.6000000000	0.0100000000	0.0100000000	100	100	0	0.953207
1671000	0.6000000000	0.0100000000	0.0100000000	100	100	0	0.953920
1672000	0.6000000000	0.0100000000	0.0100000000	100	100	0	0.953772
1673000	0.6000000000	0.0100000000	0.0100000000	100	100	0	0.953506
1674000	0.6000000000	0.0100000000	0.0100000000	100	100	0	0.953309
1675000	0.6000000000	0.0100000000	0.0100000000	100	100	0	0.955103
1676000	0.6000000000	0.0100000000	0.0100000000	100	100	0	0.955397
1677000	0.6000000000	0.0100000000	0.0100000000	100	100	0	0.954158
1678000	0.6000000000	0.0100000000	0.0100000000	100	100	0	0.955473
1679000	0.6000000000	0.0100000000	0.0100000000	100	100	0	0.955434
1680000	0.6000000000	0.0100000000	0.0100000000	100	100	0	0.956342
1681000	0.6000000000	0.0100000000	0.0100000000	100	100	0	0.957567
1682000	0.6000000000	0.0100000000	0.0100000000	100	100	0	0.956814
1683000	0.6000000000	0.0100000000	0.0100000000	100	100	0	0.958233
1684000	0.6000000000	0.0100000000	0.0100000000	100	100	0	0.955798
1685000	0.6000000000	0.0100000000	0.0100000000	100	100	0	0.956049
1686000	0.6000000000	0.0100000000	0.0100000000	100	100	0	0.955474
1687000	0.6000000000	0.0100000000	0.0100000000	100	100	0	0.954841
1688000	0.6000000000	0.0100000000	0.0100000000	100	100	0	0.953980
1689000	0.6000000000	0.0100000000	0.0100000000	100	100	0	0.955125
1690000	0.6000000000	0.0100000000	0.0100000000	100	100	0	0.955448
1691000	0.6000000000	0.0100000000	0.0100000000	100	100	0	0.955499
1692000	0.6000000000	0.0100000000	0.0100000000	100	100	0	0.954856
1693000	0.6000000000	0.0100000000	0.0100000000	100	100	0	0.954069
1694000	0.6000000000	0.0100000000	0.0100000000	100	100	0	0.954092
1695000	0.6000000000	0.0100000000	0.0100000000	100	100	0	0.955218
1696000	0.6000000000	0.0100000000	0.0100000000	100	100	0	0.957026
1697000	0.6000000000	0.0100000000	0.0100000000	100	100	0	0.956013
1698000	0.6000000000	0.0100000000	0.0100000000	100	100	0	0.956445
1699000	0.6000000000	0.0100000000	0.0100000000	100	100	0	0.956451
1700000	0.6000000000	0.0100000000	0.0100000000	100	100	0	0.955037
1701000	0.6000000000	0.0100000000	0.0100000000	100	100	0	0.955264
1702000	0.6000000000	0.0100000000	0.0100000000	100	100	0	0.956109
1703000	0.6000000000	0.0100000000	0.0100000000	100	100	0	0.953214
1704000	0.6000000000	0.0100000000	0.0100000000	100	100	0	0.953916
1705000	0.6000000000	0.0100000000	0.0100000000	100	100	0	0.953855
1706000	0.6000000000	0.0100000000	0.0100000000	100	100	0	0.953170
1707000	0.6000000000	0.0100000000	0.0100000000	100	100	0	0.953317
1708000	0.6000000000	0.0100000000	0.0100000000	100	100	0	0.953983
1709000	0.6000000000	0.0100000000	0.0100000000	100	100	0	0.952182
1710000	0.6000000000	0.0100000000	0.0100000000	100	100	0	0.951781
1711000	0.6000000000	0.0100000000	0.0100000000	100	100	0	0.953337
1712000	0.6000000000	0.0100000000	0.0100000000	100	100	0	0.952127
1713000	0.6000000000	0.0100000000	0.0100000000	100	100	0	0.952368
1714000	0.6000000000	0.0100000000	0.0100000000	100	100	0	0.954122
1715000	0.6000000000	0.0100000000	0.0100000000	100	100	0	0.954219
1716000	0.6000000000	0.0100000000	0.0100000000	100	100	0	0.954232
1717000	0.6000000000	0.0100000000	0.0100000000	100	100	0	0.957969
1718000	0.6000000000	0.0100000000	0.0100000000	100	100	0	0.956433
1719000	0.6000000000	0.0100000000	0.0100000000	100	100	0	0.956548
1720000	0.6000000000	0.0100000000	0.0100000000	100	100	0	0.956545
1721000	0.6000000000	0.0100000000	0.0100000000	100	100	0	0.958128
1722000	0.6000000000	0.0100000000	0.0100000000	100	100	0	0.957909
1723000	0.6000000000	0.0100000000	0.0100000000	100	100	0	0.958037
1724000	0.6000000000	0.0100000000	0.0100000000	100	100	0	0.957543
1725000	0.6000000000	0.0100000000	0.0100000000	100	100	0	0.956867
1726000	0.6000000000	0.0100000000	0.0100000000	100	100	0	0.957259
1727000	0.6000000000	0.0100000000	0.0100000000	100	100	0	0.957093
1728000	0.6000000000	0.0100000000	0.0100000000	100	100	0	0.959383
1729000	0.6000000000	0.0100000000	0.0100000000	100	100	0	0.958163
1730000	0.6000000000	0.0100000000	0.0100000000	100	100	0	0.957026
1731000	0.6000000000	0.0100000000	0.0100000000	100	100	0	0.955853
1732000	0.6000000000	0.0100000000	0.0100000000	100	100	0	0.954275
1733000	0.6000000000	0.0100000000	0.0100000000	100	100	0	0.951766
1734000	0.6000000000	0.0100000000	0.0100000000	100	100	0	0.951275
1735000	0.6000000000	0.0100000000	0.0100000000	100	100	0	0.952414
1736000	0.6000000000	0.0100000000	0.0100000000	100	100	0	0.954371
1737000	0.6000000000	0.0100000000	0.0100000000	100	100	0	0.954944
1738000	0.6000000000	0.0100000000	0.0100000000	100	100	0	0.955573
1739000	0.6000000000	0.0100000000	0.0100000000	100	100	0	0.957897
1740000	0.6000000000	0.0100000000	0.0100000000	100	100	0	0.957991
1741000	0.6000000000	0.0100000000	0.0100000000	100	100	0	0.957783
1742000	0.6000000000	0.0100000000	0.0100000000	100	100	0	0.958187
1743000	0.6000000000	0.0100000000	0.0100000000	100	100	0	0.957009
1744000	0.6000000000	0.0100000000	0.0100000000	100	100	0	0.958606
1745000	0.6000000000	0.0100000000	0.0100000000	100	100	0	0.957598
1746000	0.6000000000	0.0100000000	0.0100000000	100	100	0	0.958831
1747000	0.6000000000	0.0100000000	0.0100000000	100	100	0	0.956429
1748000	0.6000000000	0.0100000000	0.0100000000	100	100	0	0.954036
1749000	0.6000000000	0.0100000000	0.0100000000	100	100	0	0.952289
1750000	0.6000000000	0.0100000000	0.0100000000	100	100	0	0.952439
1751000	0.6000000000	0.0100000000	0.0100000000	100	100	0	0.953924
1752000	0.6000000000	0.0100000000	0.0100000000	100	100	0	0.953537
1753000	0.6000000000	0.0100000000	0.0100000000	100	100	0	0.953481
1754000	0.6000000000	0.0100000000	0.0100000000	100	100	0	0.954320
1755000	0.6000000000	0.0100000000	0.0100000000	100	100	0	0.955257
1756000	0.6000000000	0.0100000000	0.0100000000	100	100	0	0.956268
1757000	0.6000000000	0.0100000000	0.0100000000	100	100	0	0.954967
1758000	0.6000000000	0.0100000000	0.0100000000	100	100	0	0.954763
1759000	0.6000000000	0.0100000000	0.0100000000	100	100	0	0.955641
1760000	0.6000000000	0.0100000000	0.0100000000	100	100	0	0.955089
1761000	0.6000000000	0.0100000000	0.0100000000	100	100	0	0.954652
1762000	0.6000000000	0.0100000000	0.0100000000	100	100	0	0.955957
1763000	0.6000000000	0.0100000000	0.0100000000	100	100	0	0.955052
1764000	0.6000000000	0.0100000000	0.0100000000	100	100	0	0.957237
1765000	0.6000000000	0.0100000000	0.0100000000	100	100	0	0.957328
1766000	0.6000000000	0.0100000000	0.0100000000	100	100	0	0.956976
1767000	0.6000000000	0.0100000000	0.0100000000	100	100	0	0.957480
1768000	0.6000000000	0.0100000000	0.0100000000	100	100	0	0.958742
1769000	0.6000000000	0.0100000000	0.0100000000	100	100	0	0.955893
1770000	0.6000000000	0.0100000000	0.0100000000	100	100	0	0.955795
1771000	0.6000000000	0.0100000000	0.0100000000	100	100	0	0.955198
1772000	0.6000000000	0.0100000000	0.0100000000	100	100	0	0.955164
1773000	0.6000000000	0.0100000000	0.0100000000	100	100	0	0.954606
1774000	0.6000000000	0.0100000000	0.0100000000	100	100	0	0.954416
1775000	0.6000000000	0.0100000000	0.0100000000	100	100	0	0.954147
1776000	0.6000000000	0.0100000000	0.0100000000	100	100	0	0.955295
1777000	0.6000000000	0.0100000000	0.0100000000	100	100	0	0.953712
1778000	0.6000000000	0.0100000000	0.0100000000	100	100	0	0.953684
1779000	0.6000000000	0.0100000000	0.0100000000	100	100	0	0.954522
1780000	0.6000000000	0.0100000000	0.0100000000	100	100	0	0.953662
1781000	0.6000000000	0.0100000000	0.0100000000	100	100	0	0.952834
1782000	0.6000000000	0.0100000000	0.0100000000	100	100	0	0.952411
1783000	0.6000000000	0.0100000000	0.0100000000	100	100	0	0.952795
1784000	0.6000000000	0.0100000000	0.0100000000	100	100	0	0.954481
1785000	0.6000000000	0.0100000000	0.0100000000	100	100	0	0.954227
1786000	0.6000000000	0.0100000000	0.0100000000	100	100	0	0.953753
1787000	0.6000000000	0.0100000000	0.0100000000	100	100	0	0.952192
1788000	0.6000000000	0.0100000000	0.0100000000	100	100	0	0.950960
1789000	0.6000000000	0.0100000000	0.0100000000	100	100	0	0.950552
1790000	0.6000000000	0.0100000000	0.0100000000	100	100	0	0.951048
1791000	0.6000000000	0.0100000000	0.0100000000	100	100	0	0.952379
1792000	0.6000000000	0.0100000000	0.0100000000	100	100	0	0.953781
1793000	0.6000000000	0.0100000000	0.0100000000	100	100	0	0.954075
1794000	0.6000000000	0.0100000000	0.0100000000	100	100	0	0.955702
1795000	0.6000000000	0.0100000000	0.0100000000	100	100	0	0.955223
1796000	0.6000000000	0.0100000000	0.0100000000	100	100	0	0.955098
1797000	0.6000000000	0.0100000000	0.0100000000	100	100	0	0.957114
1798000	0.6000000000	0.0100000000	0.0100000000	100	100	0	0.956426
1799000	0.6000000000	0.0100000000	0.0100000000	100	100	0	0.955075
1800000	0.6000000000	0.0100000000	0.0100000000	100	100	0	0.955964
1801000	0.6000000000	0.0100000000	0.0100000000	100	100	0	0.955901
1802000	0.6000000000	0.0100000000	0.0100000000	100	100	0	0.954051
1803000	0.6000000000	0.0100000000	0.0100000000	100	100	0	0.953228
1804000	0.6000000000	0.0100000000	0.0100000000	100	100	0	0.953244
1805000	0.6000000000	0.0100000000	0.0100000000	100	100	0	0.954291
1806000	0.6000000000	0.0100000000	0.0100000000	100	100	0	0.952617
1807000	0.6000000000	0.0100000000	0.0100000000	100	100	0	0.952770
1808000	0.6000000000	0.0100000000	0.0100000000	100	100	0	0.952794
1809000	0.6000000000	0.0100000000	0.0100000000	100	100	0	0.952623
1810000	0.6000000000	0.0100000000	0.0100000000	100	100	0	0.953565
1811000	0.6000000000	0.0100000000	0.0100000000	100	100	0	0.955514
1812000	0.6000000000	0.0100000000	0.0100000000	100	100	0	0.956441
1813000	0.6000000000	0.0100000000	0.0100000000	100	100	0	0.954862
1814000	0.6000000000	0.0100000000	0.0100000000	100	100	0	0.955869
1815000	0.6000000000	0.0100000000	0.0100000000	100	100	0	0.957092
1816000	0.6000000000	0.0100000000	0.0100000000	100	100	0	0.956152
1817000	0.6000000000	0.0100000000	0.0100000000	100	100	0	0.956250
1818000	0.6000000000	0.0100000000	0.0100000000	100	100	0	0.956955
1819000	0.6000000000	0.0100000000	0.0100000000	100	100	0	0.956420
1820000	0.6000000000	0.0100000000	0.0100000000	100	100	0	0.956078
1821000	0.6000000000	0.0100000000	0.0100000000	100	100	0	0.956340
1822000	0.6000000000	0.0100000000	0.0100000000	100	100	0	0.957046
1823000	0.6000000000	0.0100000000	0.0100000000	100	100	0	0.957252
1824000	0.6000000000	0.0100000000	0.0100000000	100	100	0	0.956451
1825000	0.6000000000	0.0100000000	0.0100000000	100	100	0	0.954993
1826000	0.6000000000	0.0100000000	0.0100000000	100	100	0	0.954088
1827000	0.6000000000	0.0100000000	0.0100000000	100	100	0	0.951982
1828000	0.6000000000	0.0100000000	0.0100000000	100	100	0	0.953475
1829000	0.6000000000	0.0100000000	0.0100000000	100	100	0	0.954036
1830000	0.6000000000	0.0100000000	0.0100000000	100	100	0	0.953660
1831000	0.6000000000	0.0100000000	0.0100000000	100	100	0	0.952735
1832000	0.6000000000	0.0100000000	0.0100000000	100	100	0	0.951642
1833000	0.6000000000	0.0100000000	0.0100000000	100	100	0	0.950976
1834000	0.6000000000	0.0100000000	0.0100000000	100	100	0	0.952034
1835000	0.6000000000	0.0100000000	0.0100000000	100	100	0	0.951571
1836000	0.6000000000	0.0100000000	0.0100000000	100	100	0	0.951528
1837000	0.6000000000	0.0100000000	0.0100000000	100	100	0	0.952411
1838000	0.6000000000	0.0100000000	0.0100000000	100	100	0	0.953904
1839000	0.6000000000	0.0100000000	0.0100000000	100	100	0	0.953705
1840000	0.6000000000	0.0100000000	0.0100000000	100	100	0	0.953633
1841000	0.6000000000	0.0100000000	0.0100000000	100	100	0	0.955854
1842000	0.6000000000	0.0100000000	0.0100000000	100	100	0	0.955603
1843000	0.6000000000	0.0100000000	0.0100000000	100	100	0	0.955191
1844000	0.6000000000	0.0100000000	0.0100000000	100	100	0	0.955469
1845000	0.6000000000	0.0100000000	0.0100000000	100	100	0	0.954153
1846000	0.6000000000	0.0100000000	0.0100000000	100	100	0	0.954051
1847000	0.6000000000	0.0100000000	0.0100000000	100	100	0	0.954369
1848000	0.6000000000	0.0100000000	0.0100000000	100	100	0	0.954338
1849000	0.6000000000	0.0100000000	0.0100000000	100	100	0	0.954460
1850000	0.6000000000	0.0100000000	0.0100000000	100	100	0	0.955605
1851000	0.6000000000	0.0100000000	0.0100000000	100	100	0	0.956770
1852000	0.6000000000	0.0100000000	0.0100000000	100	100	0	0.956325
1853000	0.6000000000	0.0100000000	0.0100000000	100	100	0	0.957341
1854000	0.6000000000	0.0100000000	0.0100000000	100	100	0	0.956720
1855000	0.6000000000	0.0100000000	0.0100000000	100	100	0	0.956878
1856000	0.6000000000	0.0100000000	0.0100000000	100	100	0	0.954729
1857000	0.6000000000	0.0100000000	0.0100000000	100	100	0	0.954032
1858000	0.6000000000	0.0100000000	0.0100000000	100	100	0	0.952606
1859000	0.6000000000	0.0100000000	0.0100000000	100	100	0	0.952745
1860000	0.6000000000	0.0100000000	0.0100000000	100	100	0	0.954361
1861000	0.6000000000	0.0100000000	0.0100000000	100	100	0	0.953802
1862000	0.6000000000	0.0100000000	0.0100000000	100	100	0	0.953536
1863000	0.6000000000	0.0100000000	0.0100000000	100	100	0	0.953312
1864000	0.6000000000	0.0100000000	0.0100000000	100	100	0	0.953114
1865000	0.6000000000	0.0100000000	0.0100000000	100	100	0	0.953070
1866000	0.6000000000	0.0100000000	0.0100000000	100	100	0	0.953094
1867000	0.6000000000	0.0100000000	0.0100000000	100	100	0	0.953991
1868000	0.6000000000	0.0100000000	0.0100000000	100	100	0	0.955689
1869000	0.6000000000	0.0100000000	0.0100000000	100	100	0	0.955967
1870000	0.6000000000	0.0100000000	0.0100000000	100	100	0	0.955659
1871000	0.6000000000	0.0100000000	0.0100000000	100	100	0	0.954686
1872000	0.6000000000	0.0100000000	0.0100000000	100	100	0	0.955708
1873000	0.6000000000	0.0100000000	0.0100000000	100	100	0	0.955921
1874000	0.6000000000	0.0100000000	0.0100000000	100	100	0	0.956578
1875000	0.6000000000	0.0100000000	0.0100000000	100	100	0	0.955235
1876000	0.6000000000	0.0100000000	0.0100000000	100	100	0	0.955505
1877000	0.6000000000	0.0100000000	0.0100000000	100	100	0	0.957348
1878000	0.6000000000	0.0100000000	0.0100000000	100	100	0	0.957005
1879000	0.6000000000	0.0100000000	0.0100000000	100	100	0	0.955926
1880000	0.6000000000	0.0100000000	0.0100000000	100	100	0	0.954348
1881000	0.6000000000	0.0100000000	0.0100000000	100	100	0	0.955052
1882000	0.6000000000	0.0100000000	0.0100000000	100	100	0	0.955006
1883000	0.6000000000	0.0100000000	0.0100000000	100	100	0	0.954179
1884000	0.6000000000	0.0100000000	0.0100000000	100	100	0	0.954025
1885000	0.6000000000	0.0100000000	0.0100000000	100	100	0	0.954975
1886000	0.6000000000	0.0100000000	0.0100000000	100	100	0	0.955003
1887000	0.6000000000	0.0100000000	0.0100000000	100	100	0	0.955360
1888000	0.6000000000	0.0100000000	0.0100000000	100	100	0	0.952864
1889000	0.6000000000	0.0100000000	0.0100000000	100	100	0	0.951422
1890000	0.6000000000	0.0100000000	0.0100000000	100	100	0	0.952351
1891000	0.6000000000	0.0100000000	0.0100000000	100	100	0	0.951676
1892000	0.6000000000	0.0100000000	0.0100000000	100	100	0	0.952677
1893000	0.6000000000	0.0100000000	0.0100000000	100	100	0	0.953895
1894000	0.6000000000	0.0100000000	0.0100000000	100	100	0	0.954385
1895000	0.6000000000	0.0100000000	0.0100000000	100	100	0	0.955567
1896000	0.6000000000	0.0100000000	0.0100000000	100	100	0	0.956494
1897000	0.6000000000	0.0100000000	0.0100000000	100	100	0	0.954798
1898000	0.6000000000	0.0100000000	0.0100000000	100	100	0	0.953471
1899000	0.6000000000	0.0100000000	0.0100000000	100	100	0	0.953743
1900000	0.6000000000	0.0100000000	0.0100000000	100	100	0	0.954932
1901000	0.6000000000	0.0100000000	0.0100000000	100	100	0	0.954974
1902000	0.6000000000	0.0100000000	0.0100000000	100	100	0	0.954312
1903000	0.6000000000	0.0100000000	0.0100000000	100	100	0	0.954790
1904000	0.6000000000	0.0100000000	0.0100000000	100	100	0	0.955520
1905000	0.6000000000	0.0100000000	0.0100000000	100	100	0	0.955985
1906000	0.6000000000	0.0100000000	0.0100000000	100	100	0	0.955743
1907000	0.6000000000	0.0100000000	0.0100000000	100	100	0	0.956384
1908000	0.6000000000	0.0100000000	0.0100000000	100	100	0	0.956853
1909000	0.6000000000	0.0100000000	0.0100000000	100	100	0	0.956311
1910000	0.6000000000	0.0100000000	0.0100000000	100	100	0	0.954645
1911000	0.6000000000	0.0100000000	0.0100000000	100	100	0	0.955242
1912000	0.6000000000	0.0100000000	0.0100000000	100	100	0	0.954575
1913000	0.6000000000	0.0100000000	0.0100000000	100	100	0	0.956244
1914000	0.6000000000	0.0100000000	0.0100000000	100	100	0	0.957905
1915000	0.6000000000	0.0100000000	0.0100000000	100	100	0	0.954469
1916000	0.6000000000	0.0100000000	0.0100000000	100	100	0	0.953379
1917000	0.6000000000	0.0100000000	0.0100000000	100	100	0	0.952749
1918000	0.6000000000	0.0100000000	0.0100000000	100	100	0	0.951307
1919000	0.6000000000	0.0100000000	0.0100000000	100	100	0	0.950898
1920000	0.6000000000	0.0100000000	0.0100000000	100	100	0	0.950321
1921000	0.6000000000	0.0100000000	0.0100000000	100	100	0	0.952108
1922000	0.6000000000	0.0100000000	0.0100000000	100	100	0	0.950504
1923000	0.6000000000	0.0100000000	0.0100000000	100	100	0	0.950524
1924000	0.6000000000	0.0100000000	0.0100000000	100	100	0	0.949465
1925000	0.6000000000	0.0100000000	0.0100000000	100	100	0	0.950011
1926000	0.6000000000	0.0100000000	0.0100000000	100	100	0	0.949388
1927000	0.6000000000	0.0100000000	0.0100000000	100	100	0	0.951273
1928000	0.6000000000	0.0100000000	0.0100000000	100	100	0	0.952067
1929000	0.6000000000	0.0100000000	0.0100000000	100	100	0	0.953247
1930000	0.6000000000	0.0100000000	0.0100000000	100	100	0	0.953355
1931000	0.6000000000	0.0100000000	0.0100000000	100	100	0	0.953727
1932000	0.6000000000	0.0100000000	0.0100000000	100	100	0	0.955408
1933000	0.6000000000	0.0100000000	0.0100000000	100	100	0	0.957595
1934000	0.6000000000	0.0100000000	0.0100000000	100	100	0	0.957547
1935000	0.6000000000	0.0100000000	0.0100000000	100	100	0	0.956970
1936000	0.6000000000	0.0100000000	0.0100000000	100	100	0	0.957582
1937000	0.6000000000	0.0100000000	0.0100000000	100	100	0	0.956053
1938000	0.6000000000	0.0100000000	0.0100000000	100	100	0	0.956130
1939000	0.6000000000	0.0100000000	0.0100000000	100	100	0	0.953985
1940000	0.6000000000	0.0100000000	0.0100000000	100	100	0	0.952340
1941000	0.6000000000	0.0100000000	0.0100000000	100	100	0	0.954014
1942000	0.6000000000	0.0100000000	0.0100000000	100	100	0	0.953488
1943000	0.6000000000	0.0100000000	0.0100000000	100	100	0	0.953986
1944000	0.6000000000	0.0100000000	0.0100000000	100	100	0	0.953950
1945000	0.6000000000	0.0100000000	0.0100000000	100	100	0	0.953005
1946000	0.6000000000	0.0100000000	0.0100000000	100	100	0	0.952017
1947000	0.6000000000	0.0100000000	0.0100000000	100	100	0	0.952741
1948000	0.6000000000	0.0100000000	0.0100000000	100	100	0	0.953102
1949000	0.6000000000	0.0100000000	0.0100000000	100	100	0	0.954065
1950000	0.6000000000	0.0100000000	0.0100000000	100	100	0	0.954033
1951000	0.6000000000	0.0100000000	0.0100000000	100	100	0	0.954740
1952000	0.6000000000	0.0100000000	0.0100000000	100	100	0	0.954886
1953000	0.6000000000	0.0100000000	0.0100000000	100	100	0	0.955779
1954000	0.6000000000	0.0100000000	0.0100000000	100	100	0	0.955465
1955000	0.6000000000	0.0100000000	0.0100000000	100	100	0	0.953393
1956000	0.6000000000	0.0100000000	0.0100000000	100	100	0	0.953280
1957000	0.6000000000	0.0100000000	0.0100000000	100	100	0	0.953385
1958000	0.6000000000	0.0100000000	0.0100000000	100	100	0	0.952863
1959000	0.6000000000	0.0100000000	0.0100000000	100	100	0	0.953549
1960000	0.6000000000	0.0100000000	0.0100000000	100	100	0	0.952734
1961000	0.6000000000	0.0100000000	0.0100000000	100	100	0	0.953120
1962000	0.6000000000	0.0100000000	0.0100000000	100	100	0	0.954022
1963000	0.6000000000	0.0100000000	0.0100000000	100	100	0	0.955730
1964000	0.6000000000	0.0100000000	0.0100000000	100	100	0	0.955251
1965000	0.6000000000	0.0100000000	0.0100000000	100	100	0	0.955071
1966000	0.6000000000	0.0100000000	0.0100000000	100	100	0	0.954824
1967000	0.6000000000	0.0100000000	0.0100000000	100	100	0	0.954480
1968000	0.6000000000	0.0100000000	0.0100000000	100	100	0	0.955866
1969000	0.6000000000	0.0100000000	0.0100000000	100	100	0	0.953627
1970000	0.6000000000	0.0100000000	0.0100000000	100	100	0	0.954153
1971000	0.6000000000	0.0100000000	0.0100000000	100	100	0	0.952899
1972000	0.6000000000	0.0100000000	0.0100000000	100	100	0	0.952305
1973000	0.6000000000	0.0100000000	0.0100000000	100	100	0	0.952252
1974000	0.6000000000	0.0100000000	0.0100000000	100	100	0	0.951986
1975000	0.6000000000	0.0100000000	0.0100000000	100	100	0	0.950811
1976000	0.6000000000	0.0100000000	0.0100000000	100	100	0	0.951892
1977000	0.6000000000	0.0100000000	0.0100000000	100	100	0	0.954006
1978000	0.6000000000	0.0100000000	0.0100000000	100	100	0	0.953924
1979000	0.6000000000	0.0100000000	0.0100000000	100	100	0	0.953980
1980000	0.6000000000	0.0100000000	0.0100000000	100	100	0	0.954299
1981000	0.6000000000	0.0100000000	0.0100000000	100	100	0	0.954657
1982000	0.6000000000	0.0100000000	0.0100000000	100	100	0	0.954890
1983000	0.6000000000	0.0100000000	0.0100000000	100	100	0	0.955971
1984000	0.6000000000	0.0100000000	0.0100000000	100	100	0	0.957059
1985000	0.6000000000	0.0100000000	0.0100000000	100	100	0	0.956371
1986000	0.6000000000	0.0100000000	0.0100000000	100	100	0	0.955918
1987000	0.6000000000	0.0100000000	0.0100000000	100	100	0	0.954913
1988000	0.6000000000	0.0100000000	0.0100000000	100	100	0	0.954727
1989000	0.6000000000	0.0100000000	0.0100000000	100	100	0	0.956357
1990000	0.6000000000	0.0100000000	0.0100000000	100	100	0	0.955842
1991000	0.6000000000	0.0100000000	0.0100000000	100	100	0	0.956315
1992000	0.6000000000	0.0100000000	0.0100000000	100	100	0	0.956704
1993000	0.6000000000	0.0100000000	0.0100000000	100	100	0	0.954762
1994000	0.6000000000	0.0100000000	0.0100000000	100	100	0	0.955346
1995000	0.6000000000	0.0100000000	0.0100000000	100	100	0	0.955257
1996000	0.6000000000	0.0100000000	0.0100000000	100	100	0	0.955406
1997000	0.6000000000	0.0100000000	0.0100000000	100	100	0	0.955591
1998000	0.6000000000	0.0100000000	0.0100000000	100	100	0	0.954531
1999000	0.6000000000	0.0100000000	0.0100000000	100	100	0	0.957952
2000000	0.6000000000	0.0100000000	0.0100000000	100	100	0	0.957018
2001000	0.6000000000	0.0100000000	0.0100000000	100	100	0	0.955607
2002000	0.6000000000	0.0100000000	0.0100000000	100	100	0	0.953602
2003000	0.6000000000	0.0100000000	0.0100000000	100	100	0	0.955694
2004000	0.6000000000	0.0100000000	0.0100000000	100	100	0	0.957108
2005000	0.6000000000	0.0100000000	0.0100000000	100	100	0	0.957469
2006000	0.6000000000	0.0100000000	0.0100000000	100	100	0	0.959389
2007000	0.6000000000	0.0100000000	0.0100000000	100	100	0	0.957423
2008000	0.6000000000	0.0100000000	0.0100000000	100	100	0	0.955276
2009000	0.6000000000	0.0100000000	0.0100000000	100	100	0	0.957244
2010000	0.6000000000	0.0100000000	0.0100000000	100	100	0	0.957605
2011000	0.6000000000	0.0100000000	0.0100000000	100	100	0	0.957361
2012000	0.6000000000	0.0100000000	0.0100000000	100	100	0	0.956853
2013000	0.6000000000	0.0100000000	0.0100000000	100	100	0	0.955183
2014000	0.6000000000	0.0100000000	0.0100000000	100	100	0	0.954901
2015000	0.6000000000	0.0100000000	0.0100000000	100	100	0	0.953754
2016000	0.6000000000	0.0100000000	0.0100000000	100	100	0	0.952804
2017000	0.6000000000	0.0100000000	0.0100000000	100	100	0	0.952392
2018000	0.6000000000	0.0100000000	0.0100000000	100	100	0	0.952259
2019000	0.6000000000	0.0100000000	0.0100000000	100	100	0	0.953659
2020000	0.6000000000	0.0100000000	0.0100000000	100	100	0	0.951518
2021000	0.6000000000	0.0100000000	0.0100000000	100	100	0	0.950862
2022000	0.6000000000	0.0100000000	0.0100000000	100	100	0	0.951037
2023000	0.6000000000	0.0100000000	0.0100000000	100	100	0	0.950857
2024000	0.6000000000	0.0100000000	0.0100000000	100	100	0	0.950371
2025000	0.6000000000	0.0100000000	0.0100000000	100	100	0	0.951950
2026000	0.6000000000	0.0100000000	0.0100000000	100	100	0	0.951972
2027000	0.6000000000	0.0100000000	0.0100000000	100	100	0	0.953366
2028000	0.6000000000	0.0100000000	0.0100000000	100	100	0	0.954361
2029000	0.6000000000	0.0100000000	0.0100000000	100	100	0	0.955343
2030000	0.6000000000	0.0100000000	0.0100000000	100	100	0	0.956673
2031000	0.6000000000	0.0100000000	0.0100000000	100	100	0	0.957791
2032000	0.6000000000	0.0100000000	0.0100000000	100	100	0	0.959356
2033000	0.6000000000	0.0100000000	0.0100000000	100	100	0	0.959930
2034000	0.6000000000	0.0100000000	0.0100000000	100	100	0	0.958394
2035000	0.6000000000	0.0100000000	0.0100000000	100	100	0	0.959252
2036000	0.6000000000	0.0100000000	0.0100000000	100	100	0	0.956824
2037000	0.6000000000	0.0100000000	0.0100000000	100	100	0	0.954451
2038000	0.6000000000	0.0100000000	0.0100000000	100	100	0	0.953963
2039000	0.6000000000	0.0100000000	0.0100000000	100	100	0	0.953438
2040000	0.6000000000	0.0100000000	0.0100000000	100	100	0	0.951538
2041000	0.6000000000	0.0100000000	0.0100000000	100	100	0	0.952502
2042000	0.6000000000	0.0100000000	0.0100000000	100	100	0	0.953153
2043000	0.6000000000	0.0100000000	0.0100000000	100	100	0	0.952408
2044000	0.6000000000	0.0100000000	0.0100000000	100	100	0	0.954358
2045000	0.6000000000	0.0100000000	0.0100000000	100	100	0	0.954629
2046000	0.6000000000	0.0100000000	0.0100000000	100	100	0	0.954854
2047000	0.6000000000	0.0100000000	0.0100000000	100	100	0	0.955301
2048000	0.6000000000	0.0100000000	0.0100000000	100	100	0	0.952244
2049000	0.6000000000	0.0100000000	0.0100000000	100	100	0	0.952368
2050000	0.6000000000	0.0100000000	0.0100000000	100	100	0	0.953095
2051000	0.6000000000	0.0100000000	0.0100000000	100	100	0	0.950519
2052000	0.6000000000	0.0100000000	0.0100000000	100	100	0	0.951406
2053000	0.6000000000	0.0100000000	0.0100000000	100	100	0	0.950638
2054000	0.6000000000	0.0100000000	0.0100000000	100	100	0	0.951964
2055000	0.6000000000	0.0100000000	0.0100000000	100	100	0	0.953498
2056000	0.6000000000	0.0100000000	0.0100000000	100	100	0	0.952079
2057000	0.6000000000	0.0100000000	0.0100000000	100	100	0	0.953049
2058000	0.6000000000	0.0100000000	0.0100000000	100	100	0	0.953565
2059000	0.6000000000	0.0100000000	0.0100000000	100	100	0	0.955209
2060000	0.6000000000	0.0100000000	0.0100000000	100	100	0	0.954385
2061000	0.6000000000	0.0100000000	0.0100000000	100	100	0	0.954732
2062000	0.6000000000	0.0100000000	0.0100000000	100	100	0	0.955067
2063000	0.6000000000	0.0100000000	0.0100000000	100	100	0	0.955230
2064000	0.6000000000	0.0100000000	0.0100000000	100	100	0	0.956756
2065000	0.6000000000	0.0100000000	0.0100000000	100	100	0	0.956259
2066000	0.6000000000	0.0100000000	0.0100000000	100	100	0	0.954763
2067000	0.6000000000	0.0100000000	0.0100000000	100	100	0	0.953257
2068000	0.6000000000	0.0100000000	0.0100000000	100	100	0	0.953816
2069000	0.6000000000	0.0100000000	0.0100000000	100	100	0	0.952368
2070000	0.6000000000	0.0100000000	0.0100000000	100	100	0	0.951840
2071000	0.6000000000	0.0100000000	0.0100000000	100	100	0	0.952167
2072000	0.6000000000	0.0100000000	0.0100000000	100	100	0	0.952752
2073000	0.6000000000	0.0100000000	0.0100000000	100	100	0	0.952541
2074000	0.6000000000	0.0100000000	0.0100000000	100	100	0	0.951999
2075000	0.6000000000	0.0100000000	0.0100000000	100	100	0	0.952417
2076000	0.6000000000	0.0100000000	0.0100000000	100	100	0	0.953400
2077000	0.6000000000	0.0100000000	0.0100000000	100	100	0	0.953167
2078000	0.6000000000	0.0100000000	0.0100000000	100	100	0	0.954522
2079000	0.6000000000	0.0100000000	0.0100000000	100	100	0	0.953655
2080000	0.6000000000	0.0100000000	0.0100000000	100	100	0	0.954331
2081000	0.6000000000	0.0100000000	0.0100000000	100	100	0	0.955324
2082000	0.6000000000	0.0100000000	0.0100000000	100	100	0	0.955456
2083000	0.6000000000	0.0100000000	0.0100000000	100	100	0	0.955988
2084000	0.6000000000	0.0100000000	0.0100000000	100	100	0	0.954363
2085000	0.6000000000	0.0100000000	0.0100000000	100	100	0	0.951712
2086000	0.6000000000	0.0100000000	0.0100000000	100	100	0	0.951877
2087000	0.6000000000	0.0100000000	0.0100000000	100	100	0	0.953749
2088000	0.6000000000	0.0100000000	0.0100000000	100	100	0	0.953079
2089000	0.6000000000	0.0100000000	0.0100000000	100	100	0	0.951943
2090000	0.6000000000	0.0100000000	0.0100000000	100	100	0	0.951904
2091000	0.6000000000	0.0100000000	0.0100000000	100	100	0	0.951562
2092000	0.6000000000	0.0100000000	0.0100000000	100	100	0	0.951629
2093000	0.6000000000	0.0100000000	0.0100000000	100	100	0	0.951485
2094000	0.6000000000	0.0100000000	0.0100000000	100	100	0	0.953414
2095000	0.6000000000	0.0100000000	0.0100000000	100	100	0	0.954201
2096000	0.6000000000	0.0100000000	0.0100000000	100	100	0	0.954499
2097000	0.6000000000	0.0100000000	0.0100000000	100	100	0	0.954603
2098000	0.6000000000	0.0100000000	0.0100000000	100	100	0	0.953698
2099000	0.6000000000	0.0100000000	0.0100000000	100	100	0	0.953523
2100000	0.6000000000	0.0100000000	0.0100000000	100	100	0	0.953926
2101000	0.6000000000	0.0100000000	0.0100000000	100	100	0	0.953987
2102000	0.6000000000	0.0100000000	0.0100000000	100	100	0	0.954390
2103000	0.6000000000	0.0100000000	0.0100000000	100	100	0	0.953880
2104000	0.6000000000	0.0100000000	0.0100000000	100	100	0	0.955044
2105000	0.6000000000	0.0100000000	0.0100000000	100	100	0	0.954339
2106000	0.6000000000	0.0100000000	0.0100000000	100	100	0	0.954118
2107000	0.6000000000	0.0100000000	0.0100000000	100	100	0	0.952831
2108000	0.6000000000	0.0100000000	0.0100000000	100	100	0	0.955122
2109000	0.6000000000	0.0100000000	0.0100000000	100	100	0	0.955930
2110000	0.6000000000	0.0100000000	0.0100000000	100	100	0	0.955593
2111000	0.6000000000	0.0100000000	0.0100000000	100	100	0	0.954058
2112000	0.6000000000	0.0100000000	0.0100000000	100	100	0	0.954494
2113000	0.6000000000	0.0100000000	0.0100000000	100	100	0	0.955835
2114000	0.6000000000	0.0100000000	0.0100000000	100	100	0	0.955204
2115000	0.6000000000	0.0100000000	0.0100000000	100	100	0	0.955584
2116000	0.6000000000	0.0100000000	0.0100000000	100	100	0	0.955423
2117000	0.6000000000	0.0100000000	0.0100000000	100	100	0	0.955142
2118000	0.6000000000	0.0100000000	0.0100000000	100	100	0	0.956474
2119000	0.6000000000	0.0100000000	0.0100000000	100	100	0	0.956320
2120000	0.6000000000	0.0100000000	0.0100000000	100	100	0	0.954999
2121000	0.6000000000	0.0100000000	0.0100000000	100	100	0	0.955106
2122000	0.6000000000	0.0100000000	0.0100000000	100	100	0	0.954541
2123000	0.6000000000	0.0100000000	0.0100000000	100	100	0	0.953769
2124000	0.6000000000	0.0100000000	0.0100000000	100	100	0	0.954011
2125000	0.6000000000	0.0100000000	0.0100000000	100	100	0	0.954713
2126000	0.6000000000	0.0100000000	0.0100000000	100	100	0	0.955827
2127000	0.6000000000	0.0100000000	0.0100000000	100	100	0	0.954426
2128000	0.6000000000	0.0100000000	0.0100000000	100	100	0	0.953702
2129000	0.6000000000	0.0100000000	0.0100000000	100	100	0	0.953070
2130000	0.6000000000	0.0100000000	0.0100000000	100	100	0	0.954431
2131000	0.6000000000	0.0100000000	0.0100000000	100	100	0	0.956051
2132000	0.6000000000	0.0100000000	0.0100000000	100	100	0	0.955391
2133000	0.6000000000	0.0100000000	0.0100000000	100	100	0	0.955418
2134000	0.6000000000	0.0100000000	0.0100000000	100	100	0	0.956910
2135000	0.6000000000	0.0100000000	0.0100000000	100	100	0	0.956487
2136000	0.6000000000	0.0100000000	0.0100000000	100	100	0	0.956463
2137000	0.6000000000	0.0100000000	0.0100000000	100	100	0	0.955859
2138000	0.6000000000	0.0100000000	0.0100000000	100	100	0	0.957242
2139000	0.6000000000	0.0100000000	0.0100000000	100	100	0	0.955007
2140000	0.6000000000	0.0100000000	0.0100000000	100	100	0	0.956279
2141000	0.6000000000	0.0100000000	0.0100000000	100	100	0	0.956389
2142000	0.6000000000	0.0100000000	0.0100000000	100	100	0	0.955486
2143000	0.6000000000	0.0100000000	0.0100000000	100	100	0	0.955324
2144000	0.6000000000	0.0100000000	0.0100000000	100	100	0	0.955348
2145000	0.6000000000	0.0100000000	0.0100000000	100	100	0	0.954896
2146000	0.6000000000	0.0100000000	0.0100000000	100	100	0	0.954458
2147000	0.6000000000	0.0100000000	0.0100000000	100	100	0	0.956098
2148000	0.6000000000	0.0100000000	0.0100000000	100	100	0	0.956030
2149000	0.6000000000	0.0100000000	0.0100000000	100	100	0	0.956555
2150000	0.6000000000	0.0100000000	0.0100000000	100	100	0	0.956541
2151000	0.6000000000	0.0100000000	0.0100000000	100	100	0	0.957539
2152000	0.6000000000	0.0100000000	0.0100000000	100	100	0	0.957626
2153000	0.6000000000	0.0100000000	0.0100000000	100	100	0	0.956130
2154000	0.6000000000	0.0100000000	0.0100000000	100	100	0	0.956073
2155000	0.6000000000	0.0100000000	0.0100000000	100	100	0	0.955829
2156000	0.6000000000	0.0100000000	0.0100000000	100	100	0	0.955949
2157000	0.6000000000	0.0100000000	0.0100000000	100	100	0	0.957597
2158000	0.6000000000	0.0100000000	0.0100000000	100	100	0	0.956708
2159000	0.6000000000	0.0100000000	0.0100000000	100	100	0	0.955337
2160000	0.6000000000	0.0100000000	0.0100000000	100	100	0	0.954485
2161000	0.6000000000	0.0100000000	0.0100000000	100	100	0	0.955560
2162000	0.6000000000	0.0100000000	0.0100000000	100	100	0	0.954037
2163000	0.6000000000	0.0100000000	0.0100000000	100	100	0	0.953624
2164000	0.6000000000	0.0100000000	0.0100000000	100	100	0	0.952800
2165000	0.6000000000	0.0100000000	0.0100000000	100	100	0	0.953378
2166000	0.6000000000	0.0100000000	0.0100000000	100	100	0	0.955212
2167000	0.6000000000	0.0100000000	0.0100000000	100	100	0	0.954107
2168000	0.6000000000	0.0100000000	0.0100000000	100	100	0	0.956077
2169000	0.6000000000	0.0100000000	0.0100000000	100	100	0	0.957171
2170000	0.6000000000	0.0100000000	0.0100000000	100	100	0	0.956568
2171000	0.6000000000	0.0100000000	0.0100000000	100	100	0	0.955177
2172000	0.6000000000	0.0100000000	0.0100000000	100	100	0	0.954575
2173000	0.6000000000	0.0100000000	0.0100000000	100	100	0	0.954926
2174000	0.6000000000	0.0100000000	0.0100000000	100	100	0	0.955322
2175000	0.6000000000	0.0100000000	0.0100000000	100	100	0	0.954857
2176000	0.6000000000	0.0100000000	0.0100000000	100	100	0	0.956146
2177000	0.6000000000	0.0100000000	0.0100000000	100	100	0	0.955305
2178000	0.6000000000	0.0100000000	0.0100000000	100	100	0	0.954546
2179000	0.6000000000	0.0100000000	0.0100000000	100	100	0	0.953397
2180000	0.6000000000	0.0100000000	0.0100000000	100	100	0	0.953044
2181000	0.6000000000	0.0100000000	0.0100000000	100	100	0	0.954177
2182000	0.6000000000	0.0100000000	0.0100000000	100	100	0	0.954415
2183000	0.6000000000	0.0100000000	0.0100000000	100	100	0	0.952887
2184000	0.6000000000	0.0100000000	0.0100000000	100	100	0	0.951919
2185000	0.6000000000	0.0100000000	0.0100000000	100	100	0	0.952206
2186000	0.6000000000	0.0100000000	0.0100000000	100	100	0	0.953508
2187000	0.6000000000	0.0100000000	0.0100000000	100	100	0	0.953943
2188000	0.6000000000	0.0100000000	0.0100000000	100	100	0	0.952489
2189000	0.6000000000	0.0100000000	0.0100000000	100	100	0	0.952611
2190000	0.6000000000	0.0100000000	0.0100000000	100	100	0	0.954503
2191000	0.6000000000	0.0100000000	0.0100000000	100	100	0	0.953364
2192000	0.6000000000	0.0100000000	0.0100000000	100	100	0	0.952514
2193000	0.6000000000	0.0100000000	0.0100000000	100	100	0	0.953894
2194000	0.6000000000	0.0100000000	0.0100000000	100	100	0	0.954300
2195000	0.6000000000	0.0100000000	0.0100000000	100	100	0	0.954618
2196000	0.6000000000	0.0100000000	0.0100000000	100	100	0	0.954229
2197000	0.6000000000	0.0100000000	0.0100000000	100	100	0	0.953433
2198000	0.6000000000	0.0100000000	0.0100000000	100	100	0	0.952315
2199000	0.6000000000	0.0100000000	0.0100000000	100	100	0	0.953678
2200000	0.6000000000	0.0100000000	0.0100000000	100	100	0	0.951588
2201000	0.6000000000	0.0100000000	0.0100000000	100	100	0	0.951184
2202000	0.6000000000	0.0100000000	0.0100000000	100	100	0	0.950518
2203000	0.6000000000	0.0100000000	0.0100000000	100	100	0	0.950544
2204000	0.6000000000	0.0100000000	0.0100000000	100	100	0	0.954182
2205000	0.6000000000	0.0100000000	0.0100000000	100	100	0	0.953413
2206000	0.6000000000	0.0100000000	0.0100000000	100	100	0	0.951965
2207000	0.6000000000	0.0100000000	0.0100000000	100	100	0	0.950908
2208000	0.6000000000	0.0100000000	0.0100000000	100	100	0	0.950926
2209000	0.6000000000	0.0100000000	0.0100000000	100	100	0	0.950322
2210000	0.6000000000	0.0100000000	0.0100000000	100	100	0	0.951951
2211000	0.6000000000	0.0100000000	0.0100000000	100	100	0	0.951546
2212000	0.6000000000	0.0100000000	0.0100000000	100	100	0	0.951704
2213000	0.6000000000	0.0100000000	0.0100000000	100	100	0	0.951154
2214000	0.6000000000	0.0100000000	0.0100000000	100	100	0	0.952881
2215000	0.6000000000	0.0100000000	0.0100000000	100	100	0	0.952446
2216000	0.6000000000	0.0100000000	0.0100000000	100	100	0	0.952327
2217000	0.6000000000	0.0100000000	0.0100000000	100	100	0	0.952499
2218000	0.6000000000	0.0100000000	0.0100000000	100	100	0	0.952721
2219000	0.6000000000	0.0100000000	0.0100000000	100	100	0	0.953165
2220000	0.6000000000	0.0100000000	0.0100000000	100	100	0	0.953812
2221000	0.6000000000	0.0100000000	0.0100000000	100	100	0	0.954197
2222000	0.6000000000	0.0100000000	0.0100000000	100	100	0	0.952864
2223000	0.6000000000	0.0100000000	0.0100000000	100	100	0	0.954406
2224000	0.6000000000	0.0100000000	0.0100000000	100	100	0	0.954526
2225000	0.6000000000	0.0100000000	0.0100000000	100	100	0	0.955739
2226000	0.6000000000	0.0100000000	0.0100000000	100	100	0	0.956451
2227000	0.6000000000	0.0100000000	0.0100000000	100	100	0	0.956715
2228000	0.6000000000	0.0100000000	0.0100000000	100	100	0	0.955755
2229000	0.6000000000	0.0100000000	0.0100000000	100	100	0	0.954577
2230000	0.6000000000	0.0100000000	0.0100000000	100	100	0	0.953870
2231000	0.6000000000	0.0100000000	0.0100000000	100	100	0	0.954133
2232000	0.6000000000	0.0100000000	0.0100000000	100	100	0	0.955354
2233000	0.6000000000	0.0100000000	0.0100000000	100	100	0	0.955698
2234000	0.6000000000	0.0100000000	0.0100000000	100	100	0	0.955255
2235000	0.6000000000	0.0100000000	0.0100000000	100	100	0	0.954677
2236000	0.6000000000	0.0100000000	0.0100000000	100	100	0	0.954989
2237000	0.6000000000	0.0100000000	0.0100000000	100	100	0	0.956013
2238000	0.6000000000	0.0100000000	0.0100000000	100	100	0	0.957935
2239000	0.6000000000	0.0100000000	0.0100000000	100	100	0	0.957880
2240000	0.6000000000	0.0100000000	0.0100000000	100	100	0	0.957121
2241000	0.6000000000	0.0100000000	0.0100000000	100	100	0	0.955996
2242000	0.6000000000	0.0100000000	0.0100000000	100	100	0	0.956458
2243000	0.6000000000	0.0100000000	0.0100000000	100	100	0	0.956814
2244000	0.6000000000	0.0100000000	0.0100000000	100	100	0	0.954897
2245000	0.6000000000	0.0100000000	0.0100000000	100	100	0	0.953188
2246000	0.6000000000	0.0100000000	0.0100000000	100	100	0	0.953751
2247000	0.6000000000	0.0100000000	0.0100000000	100	100	0	0.953087
2248000	0.6000000000	0.0100000000	0.0100000000	100	100	0	0.953283
2249000	0.6000000000	0.0100000000	0.0100000000	100	100	0	0.955575
2250000	0.6000000000	0.0100000000	0.0100000000	100	100	0	0.954725
2251000	0.6000000000	0.0100000000	0.0100000000	100	100	0	0.955541
2252000	0.6000000000	0.0100000000	0.0100000000	100	100	0	0.955395
2253000	0.6000000000	0.0100000000	0.0100000000	100	100	0	0.953999
2254000	0.6000000000	0.0100000000	0.0100000000	100	100	0	0.954284
2255000	0.6000000000	0.0100000000	0.0100000000	100	100	0	0.954484
2256000	0.6000000000	0.0100000000	0.0100000000	100	100	0	0.955160
2257000	0.6000000000	0.0100000000	0.0100000000	100	100	0	0.954750
2258000	0.6000000000	0.0100000000	0.0100000000	100	100	0	0.954592
2259000	0.6000000000	0.0100000000	0.0100000000	100	100	0	0.955647
2260000	0.6000000000	0.0100000000	0.0100000000	100	100	0	0.954561
2261000	0.6000000000	0.0100000000	0.0100000000	100	100	0	0.953747
2262000	0.6000000000	0.0100000000	0.0100000000	100	100	0	0.952910
2263000	0.6000000000	0.0100000000	0.0100000000	100	100	0	0.953013
2264000	0.6000000000	0.0100000000	0.0100000000	100	100	0	0.952386
2265000	0.6000000000	0.0100000000	0.0100000000	100	100	0	0.952570
2266000	0.6000000000	0.0100000000	0.0100000000	100	100	0	0.953073
2267000	0.6000000000	0.0100000000	0.0100000000	100	100	0	0.952415
2268000	0.6000000000	0.0100000000	0.0100000000	100	100	0	0.951992
2269000	0.6000000000	0.0100000000	0.0100000000	100	100	0	0.951388
2270000	0.6000000000	0.0100000000	0.0100000000	100	100	0	0.954431
2271000	0.6000000000	0.0100000000	0.0100000000	100	100	0	0.954341
2272000	0.6000000000	0.0100000000	0.0100000000	100	100	0	0.955768
2273000	0.6000000000	0.0100000000	0.0100000000	100	100	0	0.954460
2274000	0.6000000000	0.0100000000	0.0100000000	100	100	0	0.954378
2275000	0.6000000000	0.0100000000	0.0100000000	100	100	0	0.954270
2276000	0.6000000000	0.0100000000	0.0100000000	100	100	0	0.954028
2277000	0.6000000000	0.0100000000	0.0100000000	100	100	0	0.955031
2278000	0.6000000000	0.0100000000	0.0100000000	100	100	0	0.955654
2279000	0.6000000000	0.0100000000	0.0100000000	100	100	0	0.954852
2280000	0.6000000000	0.0100000000	0.0100000000	100	100	0	0.957299
2281000	0.6000000000	0.0100000000	0.0100000000	100	100	0	0.959356
2282000	0.6000000000	0.0100000000	0.0100000000	100	100	0	0.958102
2283000	0.6000000000	0.0100000000	0.0100000000	100	100	0	0.958911
2284000	0.6000000000	0.0100000000	0.0100000000	100	100	0	0.958568
2285000	0.6000000000	0.0100000000	0.0100000000	100	100	0	0.958083
2286000	0.6000000000	0.0100000000	0.0100000000	100	100	0	0.957216
2287000	0.6000000000	0.0100000000	0.0100000000	100	100	0	0.957068
2288000	0.6000000000	0.0100000000	0.0100000000	100	100	0	0.957256
2289000	0.6000000000	0.0100000000	0.0100000000	100	100	0	0.957142
2290000	0.6000000000	0.0100000000	0.0100000000	100	100	0	0.957358
2291000	0.6000000000	0.0100000000	0.0100000000	100	100	0	0.959797
2292000	0.6000000000	0.0100000000	0.0100000000	100	100	0	0.957346
2293000	0.6000000000	0.0100000000	0.0100000000	100	100	0	0.957287
2294000	0.6000000000	0.0100000000	0.0100000000	100	100	0	0.956090
2295000	0.6000000000	0.0100000000	0.0100000000	100	100	0	0.953412
2296000	0.6000000000	0.0100000000	0.0100000000	100	100	0	0.954979
2297000	0.6000000000	0.0100000000	0.0100000000	100	100	0	0.955510
2298000	0.6000000000	0.0100000000	0.0100000000	100	100	0	0.953610
2299000	0.6000000000	0.0100000000	0.0100000000	100	100	0	0.953506
2300000	0.6000000000	0.0100000000	0.0100000000	100	100	0	0.953738
2301000	0.6000000000	0.0100000000	0.0100000000	100	100	0	0.952967
2302000	0.6000000000	0.0100000000	0.0100000000	100	100	0	0.955778
2303000	0.6000000000	0.0100000000	0.0100000000	100	100	0	0.954549
2304000	0.6000000000	0.0100000000	0.0100000000	100	100	0	0.956291
2305000	0.6000000000	0.0100000000	0.0100000000	100	100	0	0.957803
2306000	0.6000000000	0.0100000000	0.0100000000	100	100	0	0.958214
2307000	0.6000000000	0.0100000000	0.0100000000	100	100	0	0.958491
2308000	0.6000000000	0.0100000000	0.0100000000	100	100	0	0.958783
2309000	0.6000000000	0.0100000000	0.0100000000	100	100	0	0.959081
2310000	0.6000000000	0.0100000000	0.0100000000	100	100	0	0.958401
2311000	0.6000000000	0.0100000000	0.0100000000	100	100	0	0.956797
2312000	0.6000000000	0.0100000000	0.0100000000	100	100	0	0.956094
2313000	0.6000000000	0.0100000000	0.0100000000	100	100	0	0.956478
2314000	0.6000000000	0.0100000000	0.0100000000	100	100	0	0.956397
2315000	0.6000000000	0.0100000000	0.0100000000	100	100	0	0.955954
2316000	0.6000000000	0.0100000000	0.0100000000	100	100	0	0.955399
2317000	0.6000000000	0.0100000000	0.0100000000	100	100	0	0.954198
2318000	0.6000000000	0.0100000000	0.0100000000	100	100	0	0.952609
2319000	0.6000000000	0.0100000000	0.0100000000	100	100	0	0.953319
2320000	0.6000000000	0.0100000000	0.0100000000	100	100	0	0.951866
2321000	0.6000000000	0.0100000000	0.0100000000	100	100	0	0.954076
2322000	0.6000000000	0.0100000000	0.0100000000	100	100	0	0.955984
2323000	0.6000000000	0.0100000000	0.0100000000	100	100	0	0.956820
2324000	0.6000000000	0.0100000000	0.0100000000	100	100	0	0.955101
2325000	0.6000000000	0.0100000000	0.0100000000	100	100	0	0.953507
2326000	0.6000000000	0.0100000000	0.0100000000	100	100	0	0.952892
2327000	0.6000000000	0.0100000000	0.0100000000	100	100	0	0.952431
2328000	0.6000000000	0.0100000000	0.0100000000	100	100	0	0.954704
2329000	0.6000000000	0.0100000000	0.0100000000	100	100	0	0.953917
2330000	0.6000000000	0.0100000000	0.0100000000	100	100	0	0.952719
2331000	0.6000000000	0.0100000000	0.0100000000	100	100	0	0.950721
2332000	0.6000000000	0.0100000000	0.0100000000	100	100	0	0.951510
2333000	0.6000000000	0.0100000000	0.0100000000	100	100	0	0.952269
2334000	0.6000000000	0.0100000000	0.0100000000	100	100	0	0.951898
2335000	0.6000000000	0.0100000000	0.0100000000	100	100	0	0.951964
2336000	0.6000000000	0.0100000000	0.0100000000	100	100	0	0.953065
2337000	0.6000000000	0.0100000000	0.0100000000	100	100	0	0.954079
2338000	0.6000000000	0.0100000000	0.0100000000	100	100	0	0.951592
2339000	0.6000000000	0.0100000000	0.0100000000	100	100	0	0.951558
2340000	0.6000000000	0.0100000000	0.0100000000	100	100	0	0.952509
2341000	0.6000000000	0.0100000000	0.0100000000	100	100	0	0.954921
2342000	0.6000000000	0.0100000000	0.0100000000	100	100	0	0.955810
2343000	0.6000000000	0.0100000000	0.0100000000	100	100	0	0.957555
2344000	0.6000000000	0.0100000000	0.0100000000	100	100	0	0.955376
2345000	0.6000000000	0.0100000000	0.0100000000	100	100	0	0.953354
2346000	0.6000000000	0.0100000000	0.0100000000	100	100	0	0.953532
2347000	0.6000000000	0.0100000000	0.0100000000	100	100	0	0.953440
2348000	0.6000000000	0.0100000000	0.0100000000	100	100	0	0.953599
2349000	0.6000000000	0.0100000000	0.0100000000	100	100	0	0.951819
2350000	0.6000000000	0.0100000000	0.0100000000	100	100	0	0.953561
2351000	0.6000000000	0.0100000000	0.0100000000	100	100	0	0.952509
2352000	0.6000000000	0.0100000000	0.0100000000	100	100	0	0.953209
2353000	0.6000000000	0.0100000000	0.0100000000	100	100	0	0.951802
2354000	0.6000000000	0.0100000000	0.0100000000	100	100	0	0.951069
2355000	0.6000000000	0.0100000000	0.0100000000	100	100	0	0.953661
2356000	0.6000000000	0.0100000000	0.0100000000	100	100	0	0.953035
2357000	0.6000000000	0.0100000000	0.0100000000	100	100	0	0.952333
2358000	0.6000000000	0.0100000000	0.0100000000	100	100	0	0.953596
2359000	0.6000000000	0.0100000000	0.0100000000	100	100	0	0.952230
2360000	0.6000000000	0.0100000000	0.0100000000	100	100	0	0.953727
2361000	0.6000000000	0.0100000000	0.0100000000	100	100	0	0.953565
2362000	0.6000000000	0.0100000000	0.0100000000	100	100	0	0.955208
2363000	0.6000000000	0.0100000000	0.0100000000	100	100	0	0.954772
2364000	0.6000000000	0.0100000000	0.0100000000	100	100	0	0.956997
2365000	0.6000000000	0.0100000000	0.0100000000	100	100	0	0.957468
2366000	0.6000000000	0.0100000000	0.0100000000	100	100	0	0.956886
2367000	0.6000000000	0.0100000000	0.0100000000	100	100	0	0.956605
2368000	0.6000000000	0.0100000000	0.0100000000	100	100	0	0.956533
2369000	0.6000000000	0.0100000000	0.0100000000	100	100	0	0.954456
2370000	0.6000000000	0.0100000000	0.0100000000	100	100	0	0.953824
2371000	0.6000000000	0.0100000000	0.0100000000	100	100	0	0.955193
2372000	0.6000000000	0.0100000000	0.0100000000	100	100	0	0.955144
2373000	0.6000000000	0.0100000000	0.0100000000	100	100	0	0.952831
2374000	0.6000000000	0.0100000000	0.0100000000	100	100	0	0.952251
2375000	0.6000000000	0.0100000000	0.0100000000	100	100	0	0.950754
2376000	0.6000000000	0.0100000000	0.0100000000	100	100	0	0.951211
2377000	0.6000000000	0.0100000000	0.0100000000	100	100	0	0.951525
2378000	0.6000000000	0.0100000000	0.0100000000	100	100	0	0.950859
2379000	0.6000000000	0.0100000000	0.0100000000	100	100	0	0.952950
2380000	0.6000000000	0.0100000000	0.0100000000	100	100	0	0.950709
2381000	0.6000000000	0.0100000000	0.0100000000	100	100	0	0.951370
2382000	0.6000000000	0.0100000000	0.0100000000	100	100	0	0.950964
2383000	0.6000000000	0.0100000000	0.0100000000	100	100	0	0.950077
2384000	0.6000000000	0.0100000000	0.0100000000	100	100	0	0.950735
2385000	0.6000000000	0.0100000000	0.0100000000	100	100	0	0.949375
2386000	0.6000000000	0.0100000000	0.0100000000	100	100	0	0.949717
2387000	0.6000000000	0.0100000000	0.0100000000	100	100	0	0.951007
2388000	0.6000000000	0.0100000000	0.0100000000	100	100	0	0.949823
2389000	0.6000000000	0.0100000000	0.0100000000	100	100	0	0.950021
2390000	0.6000000000	0.0100000000	0.0100000000	100	100	0	0.950464
2391000	0.6000000000	0.0100000000	0.0100000000	100	100	0	0.950998
2392000	0.6000000000	0.0100000000	0.0100000000	100	100	0	0.951339
2393000	0.6000000000	0.0100000000	0.0100000000	100	100	0	0.953163
2394000	0.6000000000	0.0100000000	0.0100000000	100	100	0	0.954628
2395000	0.6000000000	0.0100000000	0.0100000000	100	100	0	0.955715
2396000	0.6000000000	0.0100000000	0.0100000000	100	100	0	0.956915
2397000	0.6000000000	0.0100000000	0.0100000000	100	100	0	0.955698
2398000	0.6000000000	0.0100000000	0.0100000000	100	100	0	0.955388
2399000	0.6000000000	0.0100000000	0.0100000000	100	100	0	0.952833
2400000	0.6000000000	0.0100000000	0.0100000000	100	100	0	0.954757
2401000	0.6000000000	0.0100000000	0.0100000000	100	100	0	0.953996
2402000	0.6000000000	0.0100000000	0.0100000000	100	100	0	0.951961
2403000	0.6000000000	0.0100000000	0.0100000000	100	100	0	0.953374
2404000	0.6000000000	0.0100000000	0.0100000000	100	100	0	0.953037
2405000	0.6000000000	0.0100000000	0.0100000000	100	100	0	0.953749
2406000	0.6000000000	0.0100000000	0.0100000000	100	100	0	0.954324
2407000	0.6000000000	0.0100000000	0.0100000000	100	100	0	0.954370
2408000	0.6000000000	0.0100000000	0.0100000000	100	100	0	0.954892
2409000	0.6000000000	0.0100000000	0.0100000000	100	100	0	0.953649
2410000	0.6000000000	0.0100000000	0.0100000000	100	100	0	0.954065
2411000	0.6000000000	0.0100000000	0.0100000000	100	100	0	0.954156
2412000	0.6000000000	0.0100000000	0.0100000000	100	100	0	0.953635
2413000	0.6000000000	0.0100000000	0.0100000000	100	100	0	0.954656
2414000	0.6000000000	0.0100000000	0.0100000000	100	100	0	0.955277
2415000	0.6000000000	0.0100000000	0.0100000000	100	100	0	0.954221
2416000	0.6000000000	0.0100000000	0.0100000000	100	100	0	0.956790
2417000	0.6000000000	0.0100000000	0.0100000000	100	100	0	0.957427
2418000	0.6000000000	0.0100000000	0.0100000000	100	100	0	0.956622
2419000	0.6000000000	0.0100000000	0.0100000000	100	100	0	0.954793
2420000	0.6000000000	0.0100000000	0.0100000000	100	100	0	0.954909
2421000	0.6000000000	0.0100000000	0.0100000000	100	100	0	0.956405
2422000	0.6000000000	0.0100000000	0.0100000000	100	100	0	0.955432
2423000	0.6000000000	0.0100000000	0.0100000000	100	100	0	0.955279
2424000	0.6000000000	0.0100000000	0.0100000000	100	100	0	0.952605
2425000	0.6000000000	0.0100000000	0.0100000000	100	100	0	0.953116
2426000	0.6000000000	0.0100000000	0.0100000000	100	100	0	0.952831
2427000	0.6000000000	0.0100000000	0.0100000000	100	100	0	0.953579
2428000	0.6000000000	0.0100000000	0.0100000000	100	100	0	0.955146
2429000	0.6000000000	0.0100000000	0.0100000000	100	100	0	0.952850
2430000	0.6000000000	0.0100000000	0.0100000000	100	100	0	0.952939
2431000	0.6000000000	0.0100000000	0.0100000000	100	100	0	0.952661
2432000	0.6000000000	0.0100000000	0.0100000000	100	100	0	0.951440
2433000	0.6000000000	0.0100000000	0.0100000000	100	100	0	0.952031
2434000	0.6000000000	0.0100000000	0.0100000000	100	100	0	0.952506
2435000	0.6000000000	0.0100000000	0.0100000000	100	100	0	0.952224
2436000	0.6000000000	0.0100000000	0.0100000000	100	100	0	0.952246
2437000	0.6000000000	0.0100000000	0.0100000000	100	100	0	0.951587
2438000	0.6000000000	0.0100000000	0.0100000000	100	100	0	0.950621
2439000	0.6000000000	0.0100000000	0.0100000000	100	100	0	0.952015
2440000	0.6000000000	0.0100000000	0.0100000000	100	100	0	0.953167
2441000	0.6000000000	0.0100000000	0.0100000000	100	100	0	0.952313
2442000	0.6000000000	0.0100000000	0.0100000000	100	100	0	0.951925
2443000	0.6000000000	0.0100000000	0.0100000000	100	100	0	0.952205
2444000	0.6000000000	0.0100000000	0.0100000000	100	100	0	0.951884
2445000	0.6000000000	0.0100000000	0.0100000000	100	100	0	0.951494
2446000	0.6000000000	0.0100000000	0.0100000000	100	100	0	0.950426
2447000	0.6000000000	0.0100000000	0.0100000000	100	100	0	0.949656
2448000	0.6000000000	0.0100000000	0.0100000000	100	100	0	0.950772
2449000	0.6000000000	0.0100000000	0.0100000000	100	100	0	0.951566
2450000	0.6000000000	0.0100000000	0.0100000000	100	100	0	0.951384
2451000	0.6000000000	0.0100000000	0.0100000000	100	100	0	0.952460
2452000	0.6000000000	0.0100000000	0.0100000000	100	100	0	0.951979
2453000	0.6000000000	0.0100000000	0.0100000000	100	100	0	0.951933
2454000	0.6000000000	0.0100000000	0.0100000000	100	100	0	0.953328
2455000	0.6000000000	0.0100000000	0.0100000000	100	100	0	0.953014
2456000	0.6000000000	0.0100000000	0.0100000000	100	100	0	0.953128
2457000	0.6000000000	0.0100000000	0.0100000000	100	100	0	0.952743
2458000	0.6000000000	0.0100000000	0.0100000000	100	100	0	0.952845
2459000	0.6000000000	0.0100000000	0.0100000000	100	100	0	0.955102
2460000	0.6000000000	0.0100000000	0.0100000000	100	100	0	0.954691
2461000	0.6000000000	0.0100000000	0.0100000000	100	100	0	0.954886
2462000	0.6000000000	0.0100000000	0.0100000000	100	100	0	0.954724
2463000	0.6000000000	0.0100000000	0.0100000000	100	100	0	0.951862
2464000	0.6000000000	0.0100000000	0.0100000000	100	100	0	0.951743
2465000	0.6000000000	0.0100000000	0.0100000000	100	100	0	0.952906
2466000	0.6000000000	0.0100000000	0.0100000000	100	100	0	0.952832
2467000	0.6000000000	0.0100000000	0.0100000000	100	100	0	0.953776
2468000	0.6000000000	0.0100000000	0.0100000000	100	100	0	0.953646
2469000	0.6000000000	0.0100000000	0.0100000000	100	100	0	0.953153
2470000	0.6000000000	0.0100000000	0.0100000000	100	100	0	0.951671
2471000	0.6000000000	0.0100000000	0.0100000000	100	100	0	0.953622
2472000	0.6000000000	0.0100000000	0.0100000000	100	100	0	0.953749
2473000	0.6000000000	0.0100000000	0.0100000000	100	100	0	0.955376
2474000	0.6000000000	0.0100000000	0.0100000000	100	100	0	0.955128
2475000	0.6000000000	0.0100000000	0.0100000000	100	100	0	0.954721
2476000	0.6000000000	0.0100000000	0.0100000000	100	100	0	0.954663
2477000	0.6000000000	0.0100000000	0.0100000000	100	100	0	0.953816
2478000	0.6000000000	0.0100000000	0.0100000000	100	100	0	0.955587
2479000	0.6000000000	0.0100000000	0.0100000000	100	100	0	0.952851
2480000	0.6000000000	0.0100000000	0.0100000000	100	100	0	0.953661
2481000	0.6000000000	0.0100000000	0.0100000000	100	100	0	0.955714
2482000	0.6000000000	0.0100000000	0.0100000000	100	100	0	0.958408
2483000	0.6000000000	0.0100000000	0.0100000000	100	100	0	0.959281
2484000	0.6000000000	0.0100000000	0.0100000000	100	100	0	0.957534
2485000	0.6000000000	0.0100000000	0.0100000000	100	100	0	0.955647
2486000	0.6000000000	0.0100000000	0.0100000000	100	100	0	0.955057
2487000	0.6000000000	0.0100000000	0.0100000000	100	100	0	0.955083
2488000	0.6000000000	0.0100000000	0.0100000000	100	100	0	0.954849
2489000	0.6000000000	0.0100000000	0.0100000000	100	100	0	0.952895
2490000	0.6000000000	0.0100000000	0.0100000000	100	100	0	0.953853
2491000	0.6000000000	0.0100000000	0.0100000000	100	100	0	0.953620
2492000	0.6000000000	0.0100000000	0.0100000000	100	100	0	0.953955
2493000	0.6000000000	0.0100000000	0.0100000000	100	100	0	0.954775
2494000	0.6000000000	0.0100000000	0.0100000000	100	100	0	0.955007
2495000	0.6000000000	0.0100000000	0.0100000000	100	100	0	0.957935
2496000	0.6000000000	0.0100000000	0.0100000000	100	100	0	0.958780
2497000	0.6000000000	0.0100000000	0.0100000000	100	100	0	0.956635
2498000	0.6000000000	0.0100000000	0.0100000000	100	100	0	0.956539
2499000	0.6000000000	0.0100000000	0.0100000000	100	100	0	0.955540
2500000	0.6000000000	0.0100000000	0.0100000000	100	100	0	0.954344
