time	epistasis_coef	sel_coef	mu_prob	Ne	L	k_start	mean_fitness
1500000	0.0000000000	0.0100000000	0.0100000000	100	100	0	0.827167
1501000	0.0000000000	0.0100000000	0.0100000000	100	100	0	0.846041
1502000	0.0000000000	0.0100000000	0.0100000000	100	100	0	0.850802
1503000	0.0000000000	0.0100000000	0.0100000000	100	100	0	0.841487
1504000	0.0000000000	0.0100000000	0.0100000000	100	100	0	0.880524
1505000	0.0000000000	0.0100000000	0.0100000000	100	100	0	0.874184
1506000	0.0000000000	0.0100000000	0.0100000000	100	100	0	0.870446
1507000	0.0000000000	0.0100000000	0.0100000000	100	100	0	0.884469
1508000	0.0000000000	0.0100000000	0.0100000000	100	100	0	0.859938
1509000	0.0000000000	0.0100000000	0.0100000000	100	100	0	0.885950
1510000	0.0000000000	0.0100000000	0.0100000000	100	100	0	0.877047
1511000	0.0000000000	0.0100000000	0.0100000000	100	100	0	0.884026
1512000	0.0000000000	0.0100000000	0.0100000000	100	100	0	0.844198
1513000	0.0000000000	0.0100000000	0.0100000000	100	100	0	0.851554
1514000	0.0000000000	0.0100000000	0.0100000000	100	100	0	0.828736
1515000	0.0000000000	0.0100000000	0.0100000000	100	100	0	0.850812
1516000	0.0000000000	0.0100000000	0.0100000000	100	100	0	0.834688
1517000	0.0000000000	0.0100000000	0.0100000000	100	100	0	0.817594
1518000	0.0000000000	0.0100000000	0.0100000000	100	100	0	0.856629
1519000	0.0000000000	0.0100000000	0.0100000000	100	100	0	0.845032
1520000	0.0000000000	0.0100000000	0.0100000000	100	100	0	0.833030
1521000	0.0000000000	0.0100000000	0.0100000000	100	100	0	0.849436
1522000	0.0000000000	0.0100000000	0.0100000000	100	100	0	0.839556
1523000	0.0000000000	0.0100000000	0.0100000000	100	100	0	0.817609
1524000	0.0000000000	0.0100000000	0.0100000000	100	100	0	0.861143
1525000	0.0000000000	0.0100000000	0.0100000000	100	100	0	0.839225
1526000	0.0000000000	0.0100000000	0.0100000000	100	100	0	0.849776
1527000	0.0000000000	0.0100000000	0.0100000000	100	100	0	0.842839
1528000	0.0000000000	0.0100000000	0.0100000000	100	100	0	0.815339
1529000	0.0000000000	0.0100000000	0.0100000000	100	100	0	0.819494
1530000	0.0000000000	0.0100000000	0.0100000000	100	100	0	0.814578
1531000	0.0000000000	0.0100000000	0.0100000000	100	100	0	0.816531
1532000	0.0000000000	0.0100000000	0.0100000000	100	100	0	0.823928
1533000	0.0000000000	0.0100000000	0.0100000000	100	100	0	0.839143
1534000	0.0000000000	0.0100000000	0.0100000000	100	100	0	0.844133
1535000	0.0000000000	0.0100000000	0.0100000000	100	100	0	0.881194
1536000	0.0000000000	0.0100000000	0.0100000000	100	100	0	0.855273
1537000	0.0000000000	0.0100000000	0.0100000000	100	100	0	0.842000
1538000	0.0000000000	0.0100000000	0.0100000000	100	100	0	0.834446
1539000	0.0000000000	0.0100000000	0.0100000000	100	100	0	0.838109
1540000	0.0000000000	0.0100000000	0.0100000000	100	100	0	0.854641
1541000	0.0000000000	0.0100000000	0.0100000000	100	100	0	0.847570
1542000	0.0000000000	0.0100000000	0.0100000000	100	100	0	0.814516
1543000	0.0000000000	0.0100000000	0.0100000000	100	100	0	0.826069
1544000	0.0000000000	0.0100000000	0.0100000000	100	100	0	0.811903
1545000	0.0000000000	0.0100000000	0.0100000000	100	100	0	0.830040
1546000	0.0000000000	0.0100000000	0.0100000000	100	100	0	0.840601
1547000	0.0000000000	0.0100000000	0.0100000000	100	100	0	0.884629
1548000	0.0000000000	0.0100000000	0.0100000000	100	100	0	0.874884
1549000	0.0000000000	0.0100000000	0.0100000000	100	100	0	0.858659
1550000	0.0000000000	0.0100000000	0.0100000000	100	100	0	0.855665
1551000	0.0000000000	0.0100000000	0.0100000000	100	100	0	0.854714
1552000	0.0000000000	0.0100000000	0.0100000000	100	100	0	0.866505
1553000	0.0000000000	0.0100000000	0.0100000000	100	100	0	0.859436
1554000	0.0000000000	0.0100000000	0.0100000000	100	100	0	0.885079
1555000	0.0000000000	0.0100000000	0.0100000000	100	100	0	0.888626
1556000	0.0000000000	0.0100000000	0.0100000000	100	100	0	0.874374
1557000	0.0000000000	0.0100000000	0.0100000000	100	100	0	0.889609
1558000	0.0000000000	0.0100000000	0.0100000000	100	100	0	0.884274
1559000	0.0000000000	0.0100000000	0.0100000000	100	100	0	0.879703
1560000	0.0000000000	0.0100000000	0.0100000000	100	100	0	0.859352
1561000	0.0000000000	0.0100000000	0.0100000000	100	100	0	0.850443
1562000	0.0000000000	0.0100000000	0.0100000000	100	100	0	0.867197
1563000	0.0000000000	0.0100000000	0.0100000000	100	100	0	0.856265
1564000	0.0000000000	0.0100000000	0.0100000000	100	100	0	0.841088
1565000	0.0000000000	0.0100000000	0.0100000000	100	100	0	0.861081
1566000	0.0000000000	0.0100000000	0.0100000000	100	100	0	0.849942
1567000	0.0000000000	0.0100000000	0.0100000000	100	100	0	0.809132
1568000	0.0000000000	0.0100000000	0.0100000000	100	100	0	0.801777
1569000	0.0000000000	0.0100000000	0.0100000000	100	100	0	0.784353
1570000	0.0000000000	0.0100000000	0.0100000000	100	100	0	0.826442
1571000	0.0000000000	0.0100000000	0.0100000000	100	100	0	0.833530
1572000	0.0000000000	0.0100000000	0.0100000000	100	100	0	0.823921
1573000	0.0000000000	0.0100000000	0.0100000000	100	100	0	0.792248
1574000	0.0000000000	0.0100000000	0.0100000000	100	100	0	0.824904
1575000	0.0000000000	0.0100000000	0.0100000000	100	100	0	0.826072
1576000	0.0000000000	0.0100000000	0.0100000000	100	100	0	0.824843
1577000	0.0000000000	0.0100000000	0.0100000000	100	100	0	0.806909
1578000	0.0000000000	0.0100000000	0.0100000000	100	100	0	0.823685
1579000	0.0000000000	0.0100000000	0.0100000000	100	100	0	0.777641
1580000	0.0000000000	0.0100000000	0.0100000000	100	100	0	0.801092
1581000	0.0000000000	0.0100000000	0.0100000000	100	100	0	0.829956
1582000	0.0000000000	0.0100000000	0.0100000000	100	100	0	0.846615
1583000	0.0000000000	0.0100000000	0.0100000000	100	100	0	0.842581
1584000	0.0000000000	0.0100000000	0.0100000000	100	100	0	0.867999
1585000	0.0000000000	0.0100000000	0.0100000000	100	100	0	0.876178
1586000	0.0000000000	0.0100000000	0.0100000000	100	100	0	0.868268
1587000	0.0000000000	0.0100000000	0.0100000000	100	100	0	0.894777
1588000	0.0000000000	0.0100000000	0.0100000000	100	100	0	0.893801
1589000	0.0000000000	0.0100000000	0.0100000000	100	100	0	0.867385
1590000	0.0000000000	0.0100000000	0.0100000000	100	100	0	0.838897
1591000	0.0000000000	0.0100000000	0.0100000000	100	100	0	0.842514
1592000	0.0000000000	0.0100000000	0.0100000000	100	100	0	0.832612
1593000	0.0000000000	0.0100000000	0.0100000000	100	100	0	0.830034
1594000	0.0000000000	0.0100000000	0.0100000000	100	100	0	0.853212
1595000	0.0000000000	0.0100000000	0.0100000000	100	100	0	0.835669
1596000	0.0000000000	0.0100000000	0.0100000000	100	100	0	0.842663
1597000	0.0000000000	0.0100000000	0.0100000000	100	100	0	0.810868
1598000	0.0000000000	0.0100000000	0.0100000000	100	100	0	0.847832
1599000	0.0000000000	0.0100000000	0.0100000000	100	100	0	0.855331
1600000	0.0000000000	0.0100000000	0.0100000000	100	100	0	0.877972
1601000	0.0000000000	0.0100000000	0.0100000000	100	100	0	0.896773
1602000	0.0000000000	0.0100000000	0.0100000000	100	100	0	0.850890
1603000	0.0000000000	0.0100000000	0.0100000000	100	100	0	0.838593
1604000	0.0000000000	0.0100000000	0.0100000000	100	100	0	0.823843
1605000	0.0000000000	0.0100000000	0.0100000000	100	100	0	0.806168
1606000	0.0000000000	0.0100000000	0.0100000000	100	100	0	0.834109
1607000	0.0000000000	0.0100000000	0.0100000000	100	100	0	0.826142
1608000	0.0000000000	0.0100000000	0.0100000000	100	100	0	0.827227
1609000	0.0000000000	0.0100000000	0.0100000000	100	100	0	0.841665
1610000	0.0000000000	0.0100000000	0.0100000000	100	100	0	0.855576
1611000	0.0000000000	0.0100000000	0.0100000000	100	100	0	0.847405
1612000	0.0000000000	0.0100000000	0.0100000000	100	100	0	0.869665
1613000	0.0000000000	0.0100000000	0.0100000000	100	100	0	0.854228
1614000	0.0000000000	0.0100000000	0.0100000000	100	100	0	0.867543
1615000	0.0000000000	0.0100000000	0.0100000000	100	100	0	0.885155
1616000	0.0000000000	0.0100000000	0.0100000000	100	100	0	0.865133
1617000	0.0000000000	0.0100000000	0.0100000000	100	100	0	0.832202
1618000	0.0000000000	0.0100000000	0.0100000000	100	100	0	0.843255
1619000	0.0000000000	0.0100000000	0.0100000000	100	100	0	0.850067
1620000	0.0000000000	0.0100000000	0.0100000000	100	100	0	0.853690
1621000	0.0000000000	0.0100000000	0.0100000000	100	100	0	0.839313
1622000	0.0000000000	0.0100000000	0.0100000000	100	100	0	0.830700
1623000	0.0000000000	0.0100000000	0.0100000000	100	100	0	0.817462
1624000	0.0000000000	0.0100000000	0.0100000000	100	100	0	0.805279
1625000	0.0000000000	0.0100000000	0.0100000000	100	100	0	0.825005
1626000	0.0000000000	0.0100000000	0.0100000000	100	100	0	0.846472
1627000	0.0000000000	0.0100000000	0.0100000000	100	100	0	0.861748
1628000	0.0000000000	0.0100000000	0.0100000000	100	100	0	0.857129
1629000	0.0000000000	0.0100000000	0.0100000000	100	100	0	0.857883
1630000	0.0000000000	0.0100000000	0.0100000000	100	100	0	0.836370
1631000	0.0000000000	0.0100000000	0.0100000000	100	100	0	0.859852
1632000	0.0000000000	0.0100000000	0.0100000000	100	100	0	0.865034
1633000	0.0000000000	0.0100000000	0.0100000000	100	100	0	0.867028
1634000	0.0000000000	0.0100000000	0.0100000000	100	100	0	0.842973
1635000	0.0000000000	0.0100000000	0.0100000000	100	100	0	0.846040
1636000	0.0000000000	0.0100000000	0.0100000000	100	100	0	0.830487
1637000	0.0000000000	0.0100000000	0.0100000000	100	100	0	0.837468
1638000	0.0000000000	0.0100000000	0.0100000000	100	100	0	0.862454
1639000	0.0000000000	0.0100000000	0.0100000000	100	100	0	0.855330
1640000	0.0000000000	0.0100000000	0.0100000000	100	100	0	0.841569
1641000	0.0000000000	0.0100000000	0.0100000000	100	100	0	0.855059
1642000	0.0000000000	0.0100000000	0.0100000000	100	100	0	0.829049
1643000	0.0000000000	0.0100000000	0.0100000000	100	100	0	0.837731
1644000	0.0000000000	0.0100000000	0.0100000000	100	100	0	0.841065
1645000	0.0000000000	0.0100000000	0.0100000000	100	100	0	0.857222
1646000	0.0000000000	0.0100000000	0.0100000000	100	100	0	0.877309
1647000	0.0000000000	0.0100000000	0.0100000000	100	100	0	0.879721
1648000	0.0000000000	0.0100000000	0.0100000000	100	100	0	0.901596
1649000	0.0000000000	0.0100000000	0.0100000000	100	100	0	0.911022
1650000	0.0000000000	0.0100000000	0.0100000000	100	100	0	0.893695
1651000	0.0000000000	0.0100000000	0.0100000000	100	100	0	0.869067
1652000	0.0000000000	0.0100000000	0.0100000000	100	100	0	0.906481
1653000	0.0000000000	0.0100000000	0.0100000000	100	100	0	0.907040
1654000	0.0000000000	0.0100000000	0.0100000000	100	100	0	0.893874
1655000	0.0000000000	0.0100000000	0.0100000000	100	100	0	0.877912
1656000	0.0000000000	0.0100000000	0.0100000000	100	100	0	0.889530
1657000	0.0000000000	0.0100000000	0.0100000000	100	100	0	0.888285
1658000	0.0000000000	0.0100000000	0.0100000000	100	100	0	0.875212
1659000	0.0000000000	0.0100000000	0.0100000000	100	100	0	0.865653
1660000	0.0000000000	0.0100000000	0.0100000000	100	100	0	0.899186
1661000	0.0000000000	0.0100000000	0.0100000000	100	100	0	0.895054
1662000	0.0000000000	0.0100000000	0.0100000000	100	100	0	0.901329
1663000	0.0000000000	0.0100000000	0.0100000000	100	100	0	0.907591
1664000	0.0000000000	0.0100000000	0.0100000000	100	100	0	0.904312
1665000	0.0000000000	0.0100000000	0.0100000000	100	100	0	0.889505
1666000	0.0000000000	0.0100000000	0.0100000000	100	100	0	0.887913
1667000	0.0000000000	0.0100000000	0.0100000000	100	100	0	0.881723
1668000	0.0000000000	0.0100000000	0.0100000000	100	100	0	0.876454
1669000	0.0000000000	0.0100000000	0.0100000000	100	100	0	0.834531
1670000	0.0000000000	0.0100000000	0.0100000000	100	100	0	0.816058
1671000	0.0000000000	0.0100000000	0.0100000000	100	100	0	0.813527
1672000	0.0000000000	0.0100000000	0.0100000000	100	100	0	0.805509
1673000	0.0000000000	0.0100000000	0.0100000000	100	100	0	0.785613
1674000	0.0000000000	0.0100000000	0.0100000000	100	100	0	0.786238
1675000	0.0000000000	0.0100000000	0.0100000000	100	100	0	0.796939
1676000	0.0000000000	0.0100000000	0.0100000000	100	100	0	0.825397
1677000	0.0000000000	0.0100000000	0.0100000000	100	100	0	0.798470
1678000	0.0000000000	0.0100000000	0.0100000000	100	100	0	0.817022
1679000	0.0000000000	0.0100000000	0.0100000000	100	100	0	0.808237
1680000	0.0000000000	0.0100000000	0.0100000000	100	100	0	0.833195
1681000	0.0000000000	0.0100000000	0.0100000000	100	100	0	0.825492
1682000	0.0000000000	0.0100000000	0.0100000000	100	100	0	0.819407
1683000	0.0000000000	0.0100000000	0.0100000000	100	100	0	0.812960
1684000	0.0000000000	0.0100000000	0.0100000000	100	100	0	0.819414
1685000	0.0000000000	0.0100000000	0.0100000000	100	100	0	0.805748
1686000	0.0000000000	0.0100000000	0.0100000000	100	100	0	0.830468
1687000	0.0000000000	0.0100000000	0.0100000000	100	100	0	0.822109
1688000	0.0000000000	0.0100000000	0.0100000000	100	100	0	0.862907
1689000	0.0000000000	0.0100000000	0.0100000000	100	100	0	0.844858
1690000	0.0000000000	0.0100000000	0.0100000000	100	100	0	0.835357
1691000	0.0000000000	0.0100000000	0.0100000000	100	100	0	0.832529
1692000	0.0000000000	0.0100000000	0.0100000000	100	100	0	0.841986
1693000	0.0000000000	0.0100000000	0.0100000000	100	100	0	0.860378
1694000	0.0000000000	0.0100000000	0.0100000000	100	100	0	0.884189
1695000	0.0000000000	0.0100000000	0.0100000000	100	100	0	0.883972
1696000	0.0000000000	0.0100000000	0.0100000000	100	100	0	0.895850
1697000	0.0000000000	0.0100000000	0.0100000000	100	100	0	0.892929
1698000	0.0000000000	0.0100000000	0.0100000000	100	100	0	0.853014
1699000	0.0000000000	0.0100000000	0.0100000000	100	100	0	0.858653
1700000	0.0000000000	0.0100000000	0.0100000000	100	100	0	0.841820
1701000	0.0000000000	0.0100000000	0.0100000000	100	100	0	0.850618
1702000	0.0000000000	0.0100000000	0.0100000000	100	100	0	0.841160
1703000	0.0000000000	0.0100000000	0.0100000000	100	100	0	0.823047
1704000	0.0000000000	0.0100000000	0.0100000000	100	100	0	0.813141
1705000	0.0000000000	0.0100000000	0.0100000000	100	100	0	0.831220
1706000	0.0000000000	0.0100000000	0.0100000000	100	100	0	0.830616
1707000	0.0000000000	0.0100000000	0.0100000000	100	100	0	0.825084
1708000	0.0000000000	0.0100000000	0.0100000000	100	100	0	0.863920
1709000	0.0000000000	0.0100000000	0.0100000000	100	100	0	0.863851
1710000	0.0000000000	0.0100000000	0.0100000000	100	100	0	0.870676
1711000	0.0000000000	0.0100000000	0.0100000000	100	100	0	0.842500
1712000	0.0000000000	0.0100000000	0.0100000000	100	100	0	0.811251
1713000	0.0000000000	0.0100000000	0.0100000000	100	100	0	0.828315
1714000	0.0000000000	0.0100000000	0.0100000000	100	100	0	0.823107
1715000	0.0000000000	0.0100000000	0.0100000000	100	100	0	0.826632
1716000	0.0000000000	0.0100000000	0.0100000000	100	100	0	0.822927
1717000	0.0000000000	0.0100000000	0.0100000000	100	100	0	0.812974
1718000	0.0000000000	0.0100000000	0.0100000000	100	100	0	0.822336
1719000	0.0000000000	0.0100000000	0.0100000000	100	100	0	0.831805
1720000	0.0000000000	0.0100000000	0.0100000000	100	100	0	0.842795
1721000	0.0000000000	0.0100000000	0.0100000000	100	100	0	0.869283
1722000	0.0000000000	0.0100000000	0.0100000000	100	100	0	0.868870
1723000	0.0000000000	0.0100000000	0.0100000000	100	100	0	0.875477
1724000	0.0000000000	0.0100000000	0.0100000000	100	100	0	0.888210
1725000	0.0000000000	0.0100000000	0.0100000000	100	100	0	0.884280
1726000	0.0000000000	0.0100000000	0.0100000000	100	100	0	0.886492
1727000	0.0000000000	0.0100000000	0.0100000000	100	100	0	0.905941
1728000	0.0000000000	0.0100000000	0.0100000000	100	100	0	0.868337
1729000	0.0000000000	0.0100000000	0.0100000000	100	100	0	0.841754
1730000	0.0000000000	0.0100000000	0.0100000000	100	100	0	0.845449
1731000	0.0000000000	0.0100000000	0.0100000000	100	100	0	0.828052
1732000	0.0000000000	0.0100000000	0.0100000000	100	100	0	0.864447
1733000	0.0000000000	0.0100000000	0.0100000000	100	100	0	0.842089
1734000	0.0000000000	0.0100000000	0.0100000000	100	100	0	0.836728
1735000	0.0000000000	0.0100000000	0.0100000000	100	100	0	0.833256
1736000	0.0000000000	0.0100000000	0.0100000000	100	100	0	0.830225
1737000	0.0000000000	0.0100000000	0.0100000000	100	100	0	0.804948
1738000	0.0000000000	0.0100000000	0.0100000000	100	100	0	0.828633
1739000	0.0000000000	0.0100000000	0.0100000000	100	100	0	0.833390
1740000	0.0000000000	0.0100000000	0.0100000000	100	100	0	0.860031
1741000	0.0000000000	0.0100000000	0.0100000000	100	100	0	0.817783
1742000	0.0000000000	0.0100000000	0.0100000000	100	100	0	0.832977
1743000	0.0000000000	0.0100000000	0.0100000000	100	100	0	0.816614
1744000	0.0000000000	0.0100000000	0.0100000000	100	100	0	0.800142
1745000	0.0000000000	0.0100000000	0.0100000000	100	100	0	0.803248
1746000	0.0000000000	0.0100000000	0.0100000000	100	100	0	0.794303
1747000	0.0000000000	0.0100000000	0.0100000000	100	100	0	0.859339
1748000	0.0000000000	0.0100000000	0.0100000000	100	100	0	0.843204
1749000	0.0000000000	0.0100000000	0.0100000000	100	100	0	0.805747
1750000	0.0000000000	0.0100000000	0.0100000000	100	100	0	0.822792
1751000	0.0000000000	0.0100000000	0.0100000000	100	100	0	0.799516
1752000	0.0000000000	0.0100000000	0.0100000000	100	100	0	0.812808
1753000	0.0000000000	0.0100000000	0.0100000000	100	100	0	0.790604
1754000	0.0000000000	0.0100000000	0.0100000000	100	100	0	0.788391
1755000	0.0000000000	0.0100000000	0.0100000000	100	100	0	0.798449
1756000	0.0000000000	0.0100000000	0.0100000000	100	100	0	0.786957
1757000	0.0000000000	0.0100000000	0.0100000000	100	100	0	0.798267
1758000	0.0000000000	0.0100000000	0.0100000000	100	100	0	0.821481
1759000	0.0000000000	0.0100000000	0.0100000000	100	100	0	0.821960
1760000	0.0000000000	0.0100000000	0.0100000000	100	100	0	0.842574
1761000	0.0000000000	0.0100000000	0.0100000000	100	100	0	0.831295
1762000	0.0000000000	0.0100000000	0.0100000000	100	100	0	0.853222
1763000	0.0000000000	0.0100000000	0.0100000000	100	100	0	0.885862
1764000	0.0000000000	0.0100000000	0.0100000000	100	100	0	0.845532
1765000	0.0000000000	0.0100000000	0.0100000000	100	100	0	0.837884
1766000	0.0000000000	0.0100000000	0.0100000000	100	100	0	0.817934
1767000	0.0000000000	0.0100000000	0.0100000000	100	100	0	0.811156
1768000	0.0000000000	0.0100000000	0.0100000000	100	100	0	0.801640
1769000	0.0000000000	0.0100000000	0.0100000000	100	100	0	0.821543
1770000	0.0000000000	0.0100000000	0.0100000000	100	100	0	0.819976
1771000	0.0000000000	0.0100000000	0.0100000000	100	100	0	0.834387
1772000	0.0000000000	0.0100000000	0.0100000000	100	100	0	0.813933
1773000	0.0000000000	0.0100000000	0.0100000000	100	100	0	0.834689
1774000	0.0000000000	0.0100000000	0.0100000000	100	100	0	0.830142
1775000	0.0000000000	0.0100000000	0.0100000000	100	100	0	0.831878
1776000	0.0000000000	0.0100000000	0.0100000000	100	100	0	0.830463
1777000	0.0000000000	0.0100000000	0.0100000000	100	100	0	0.801085
1778000	0.0000000000	0.0100000000	0.0100000000	100	100	0	0.817267
1779000	0.0000000000	0.0100000000	0.0100000000	100	100	0	0.831653
1780000	0.0000000000	0.0100000000	0.0100000000	100	100	0	0.844519
1781000	0.0000000000	0.0100000000	0.0100000000	100	100	0	0.830958
1782000	0.0000000000	0.0100000000	0.0100000000	100	100	0	0.851638
1783000	0.0000000000	0.0100000000	0.0100000000	100	100	0	0.845116
1784000	0.0000000000	0.0100000000	0.0100000000	100	100	0	0.861875
1785000	0.0000000000	0.0100000000	0.0100000000	100	100	0	0.884631
1786000	0.0000000000	0.0100000000	0.0100000000	100	100	0	0.868100
1787000	0.0000000000	0.0100000000	0.0100000000	100	100	0	0.895876
1788000	0.0000000000	0.0100000000	0.0100000000	100	100	0	0.873556
1789000	0.0000000000	0.0100000000	0.0100000000	100	100	0	0.872006
1790000	0.0000000000	0.0100000000	0.0100000000	100	100	0	0.883586
1791000	0.0000000000	0.0100000000	0.0100000000	100	100	0	0.860479
1792000	0.0000000000	0.0100000000	0.0100000000	100	100	0	0.850112
1793000	0.0000000000	0.0100000000	0.0100000000	100	100	0	0.810670
1794000	0.0000000000	0.0100000000	0.0100000000	100	100	0	0.802707
1795000	0.0000000000	0.0100000000	0.0100000000	100	100	0	0.833197
1796000	0.0000000000	0.0100000000	0.0100000000	100	100	0	0.808495
1797000	0.0000000000	0.0100000000	0.0100000000	100	100	0	0.807527
1798000	0.0000000000	0.0100000000	0.0100000000	100	100	0	0.833026
1799000	0.0000000000	0.0100000000	0.0100000000	100	100	0	0.790044
1800000	0.0000000000	0.0100000000	0.0100000000	100	100	0	0.808671
1801000	0.0000000000	0.0100000000	0.0100000000	100	100	0	0.823440
1802000	0.0000000000	0.0100000000	0.0100000000	100	100	0	0.801513
1803000	0.0000000000	0.0100000000	0.0100000000	100	100	0	0.807776
1804000	0.0000000000	0.0100000000	0.0100000000	100	100	0	0.802203
1805000	0.0000000000	0.0100000000	0.0100000000	100	100	0	0.817791
1806000	0.0000000000	0.0100000000	0.0100000000	100	100	0	0.841013
1807000	0.0000000000	0.0100000000	0.0100000000	100	100	0	0.855575
1808000	0.0000000000	0.0100000000	0.0100000000	100	100	0	0.863652
1809000	0.0000000000	0.0100000000	0.0100000000	100	100	0	0.876271
1810000	0.0000000000	0.0100000000	0.0100000000	100	100	0	0.898895
1811000	0.0000000000	0.0100000000	0.0100000000	100	100	0	0.905582
1812000	0.0000000000	0.0100000000	0.0100000000	100	100	0	0.894408
1813000	0.0000000000	0.0100000000	0.0100000000	100	100	0	0.869816
1814000	0.0000000000	0.0100000000	0.0100000000	100	100	0	0.877135
1815000	0.0000000000	0.0100000000	0.0100000000	100	100	0	0.835714
1816000	0.0000000000	0.0100000000	0.0100000000	100	100	0	0.821703
1817000	0.0000000000	0.0100000000	0.0100000000	100	100	0	0.849350
1818000	0.0000000000	0.0100000000	0.0100000000	100	100	0	0.859084
1819000	0.0000000000	0.0100000000	0.0100000000	100	100	0	0.834024
1820000	0.0000000000	0.0100000000	0.0100000000	100	100	0	0.821880
1821000	0.0000000000	0.0100000000	0.0100000000	100	100	0	0.818979
1822000	0.0000000000	0.0100000000	0.0100000000	100	100	0	0.829165
1823000	0.0000000000	0.0100000000	0.0100000000	100	100	0	0.854728
1824000	0.0000000000	0.0100000000	0.0100000000	100	100	0	0.859166
1825000	0.0000000000	0.0100000000	0.0100000000	100	100	0	0.866076
1826000	0.0000000000	0.0100000000	0.0100000000	100	100	0	0.852921
1827000	0.0000000000	0.0100000000	0.0100000000	100	100	0	0.858159
1828000	0.0000000000	0.0100000000	0.0100000000	100	100	0	0.879780
1829000	0.0000000000	0.0100000000	0.0100000000	100	100	0	0.872596
1830000	0.0000000000	0.0100000000	0.0100000000	100	100	0	0.874362
1831000	0.0000000000	0.0100000000	0.0100000000	100	100	0	0.896758
1832000	0.0000000000	0.0100000000	0.0100000000	100	100	0	0.876232
1833000	0.0000000000	0.0100000000	0.0100000000	100	100	0	0.871136
1834000	0.0000000000	0.0100000000	0.0100000000	100	100	0	0.884573
1835000	0.0000000000	0.0100000000	0.0100000000	100	100	0	0.868323
1836000	0.0000000000	0.0100000000	0.0100000000	100	100	0	0.863383
1837000	0.0000000000	0.0100000000	0.0100000000	100	100	0	0.851564
1838000	0.0000000000	0.0100000000	0.0100000000	100	100	0	0.876616
1839000	0.0000000000	0.0100000000	0.0100000000	100	100	0	0.814987
1840000	0.0000000000	0.0100000000	0.0100000000	100	100	0	0.831533
1841000	0.0000000000	0.0100000000	0.0100000000	100	100	0	0.811253
1842000	0.0000000000	0.0100000000	0.0100000000	100	100	0	0.869637
1843000	0.0000000000	0.0100000000	0.0100000000	100	100	0	0.871461
1844000	0.0000000000	0.0100000000	0.0100000000	100	100	0	0.843764
1845000	0.0000000000	0.0100000000	0.0100000000	100	100	0	0.886568
1846000	0.0000000000	0.0100000000	0.0100000000	100	100	0	0.849431
1847000	0.0000000000	0.0100000000	0.0100000000	100	100	0	0.834939
1848000	0.0000000000	0.0100000000	0.0100000000	100	100	0	0.828893
1849000	0.0000000000	0.0100000000	0.0100000000	100	100	0	0.848593
1850000	0.0000000000	0.0100000000	0.0100000000	100	100	0	0.858227
1851000	0.0000000000	0.0100000000	0.0100000000	100	100	0	0.842155
1852000	0.0000000000	0.0100000000	0.0100000000	100	100	0	0.857633
1853000	0.0000000000	0.0100000000	0.0100000000	100	100	0	0.826066
1854000	0.0000000000	0.0100000000	0.0100000000	100	100	0	0.827459
1855000	0.0000000000	0.0100000000	0.0100000000	100	100	0	0.807607
1856000	0.0000000000	0.0100000000	0.0100000000	100	100	0	0.843246
1857000	0.0000000000	0.0100000000	0.0100000000	100	100	0	0.847012
1858000	0.0000000000	0.0100000000	0.0100000000	100	100	0	0.876902
1859000	0.0000000000	0.0100000000	0.0100000000	100	100	0	0.884109
1860000	0.0000000000	0.0100000000	0.0100000000	100	100	0	0.864608
1861000	0.0000000000	0.0100000000	0.0100000000	100	100	0	0.851126
1862000	0.0000000000	0.0100000000	0.0100000000	100	100	0	0.869111
1863000	0.0000000000	0.0100000000	0.0100000000	100	100	0	0.846412
1864000	0.0000000000	0.0100000000	0.0100000000	100	100	0	0.843032
1865000	0.0000000000	0.0100000000	0.0100000000	100	100	0	0.852180
1866000	0.0000000000	0.0100000000	0.0100000000	100	100	0	0.839396
1867000	0.0000000000	0.0100000000	0.0100000000	100	100	0	0.832407
1868000	0.0000000000	0.0100000000	0.0100000000	100	100	0	0.837725
1869000	0.0000000000	0.0100000000	0.0100000000	100	100	0	0.830372
1870000	0.0000000000	0.0100000000	0.0100000000	100	100	0	0.828493
1871000	0.0000000000	0.0100000000	0.0100000000	100	100	0	0.813410
1872000	0.0000000000	0.0100000000	0.0100000000	100	100	0	0.799406
1873000	0.0000000000	0.0100000000	0.0100000000	100	100	0	0.807927
1874000	0.0000000000	0.0100000000	0.0100000000	100	100	0	0.831339
1875000	0.0000000000	0.0100000000	0.0100000000	100	100	0	0.850533
1876000	0.0000000000	0.0100000000	0.0100000000	100	100	0	0.864377
1877000	0.0000000000	0.0100000000	0.0100000000	100	100	0	0.872075
1878000	0.0000000000	0.0100000000	0.0100000000	100	100	0	0.876966
1879000	0.0000000000	0.0100000000	0.0100000000	100	100	0	0.894586
1880000	0.0000000000	0.0100000000	0.0100000000	100	100	0	0.899713
1881000	0.0000000000	0.0100000000	0.0100000000	100	100	0	0.906774
1882000	0.0000000000	0.0100000000	0.0100000000	100	100	0	0.903515
1883000	0.0000000000	0.0100000000	0.0100000000	100	100	0	0.916264
1884000	0.0000000000	0.0100000000	0.0100000000	100	100	0	0.950188
1885000	0.0000000000	0.0100000000	0.0100000000	100	100	0	0.916317
1886000	0.0000000000	0.0100000000	0.0100000000	100	100	0	0.936616
1887000	0.0000000000	0.0100000000	0.0100000000	100	100	0	0.887212
1888000	0.0000000000	0.0100000000	0.0100000000	100	100	0	0.893341
1889000	0.0000000000	0.0100000000	0.0100000000	100	100	0	0.918444
1890000	0.0000000000	0.0100000000	0.0100000000	100	100	0	0.901241
1891000	0.0000000000	0.0100000000	0.0100000000	100	100	0	0.892201
1892000	0.0000000000	0.0100000000	0.0100000000	100	100	0	0.866365
1893000	0.0000000000	0.0100000000	0.0100000000	100	100	0	0.863915
1894000	0.0000000000	0.0100000000	0.0100000000	100	100	0	0.854399
1895000	0.0000000000	0.0100000000	0.0100000000	100	100	0	0.800697
1896000	0.0000000000	0.0100000000	0.0100000000	100	100	0	0.836622
1897000	0.0000000000	0.0100000000	0.0100000000	100	100	0	0.859432
1898000	0.0000000000	0.0100000000	0.0100000000	100	100	0	0.885712
1899000	0.0000000000	0.0100000000	0.0100000000	100	100	0	0.906254
1900000	0.0000000000	0.0100000000	0.0100000000	100	100	0	0.913567
1901000	0.0000000000	0.0100000000	0.0100000000	100	100	0	0.870774
1902000	0.0000000000	0.0100000000	0.0100000000	100	100	0	0.883920
1903000	0.0000000000	0.0100000000	0.0100000000	100	100	0	0.840657
1904000	0.0000000000	0.0100000000	0.0100000000	100	100	0	0.840226
1905000	0.0000000000	0.0100000000	0.0100000000	100	100	0	0.859166
1906000	0.0000000000	0.0100000000	0.0100000000	100	100	0	0.836641
1907000	0.0000000000	0.0100000000	0.0100000000	100	100	0	0.849566
1908000	0.0000000000	0.0100000000	0.0100000000	100	100	0	0.822042
1909000	0.0000000000	0.0100000000	0.0100000000	100	100	0	0.829732
1910000	0.0000000000	0.0100000000	0.0100000000	100	100	0	0.855668
1911000	0.0000000000	0.0100000000	0.0100000000	100	100	0	0.848595
1912000	0.0000000000	0.0100000000	0.0100000000	100	100	0	0.855572
1913000	0.0000000000	0.0100000000	0.0100000000	100	100	0	0.841735
1914000	0.0000000000	0.0100000000	0.0100000000	100	100	0	0.856272
1915000	0.0000000000	0.0100000000	0.0100000000	100	100	0	0.838971
1916000	0.0000000000	0.0100000000	0.0100000000	100	100	0	0.831130
1917000	0.0000000000	0.0100000000	0.0100000000	100	100	0	0.845843
1918000	0.0000000000	0.0100000000	0.0100000000	100	100	0	0.851813
1919000	0.0000000000	0.0100000000	0.0100000000	100	100	0	0.859175
1920000	0.0000000000	0.0100000000	0.0100000000	100	100	0	0.865301
1921000	0.0000000000	0.0100000000	0.0100000000	100	100	0	0.874070
1922000	0.0000000000	0.0100000000	0.0100000000	100	100	0	0.894243
1923000	0.0000000000	0.0100000000	0.0100000000	100	100	0	0.871462
1924000	0.0000000000	0.0100000000	0.0100000000	100	100	0	0.864002
1925000	0.0000000000	0.0100000000	0.0100000000	100	100	0	0.827320
1926000	0.0000000000	0.0100000000	0.0100000000	100	100	0	0.840979
1927000	0.0000000000	0.0100000000	0.0100000000	100	100	0	0.834605
1928000	0.0000000000	0.0100000000	0.0100000000	100	100	0	0.823178
1929000	0.0000000000	0.0100000000	0.0100000000	100	100	0	0.857371
1930000	0.0000000000	0.0100000000	0.0100000000	100	100	0	0.878011
1931000	0.0000000000	0.0100000000	0.0100000000	100	100	0	0.892114
1932000	0.0000000000	0.0100000000	0.0100000000	100	100	0	0.857796
1933000	0.0000000000	0.0100000000	0.0100000000	100	100	0	0.867803
1934000	0.0000000000	0.0100000000	0.0100000000	100	100	0	0.851149
1935000	0.0000000000	0.0100000000	0.0100000000	100	100	0	0.854125
1936000	0.0000000000	0.0100000000	0.0100000000	100	100	0	0.816949
1937000	0.0000000000	0.0100000000	0.0100000000	100	100	0	0.819393
1938000	0.0000000000	0.0100000000	0.0100000000	100	100	0	0.831711
1939000	0.0000000000	0.0100000000	0.0100000000	100	100	0	0.825867
1940000	0.0000000000	0.0100000000	0.0100000000	100	100	0	0.857042
1941000	0.0000000000	0.0100000000	0.0100000000	100	100	0	0.850227
1942000	0.0000000000	0.0100000000	0.0100000000	100	100	0	0.826257
1943000	0.0000000000	0.0100000000	0.0100000000	100	100	0	0.800364
1944000	0.0000000000	0.0100000000	0.0100000000	100	100	0	0.828047
1945000	0.0000000000	0.0100000000	0.0100000000	100	100	0	0.826387
1946000	0.0000000000	0.0100000000	0.0100000000	100	100	0	0.832690
1947000	0.0000000000	0.0100000000	0.0100000000	100	100	0	0.846049
1948000	0.0000000000	0.0100000000	0.0100000000	100	100	0	0.850541
1949000	0.0000000000	0.0100000000	0.0100000000	100	100	0	0.893257
1950000	0.0000000000	0.0100000000	0.0100000000	100	100	0	0.875576
1951000	0.0000000000	0.0100000000	0.0100000000	100	100	0	0.866248
1952000	0.0000000000	0.0100000000	0.0100000000	100	100	0	0.861685
1953000	0.0000000000	0.0100000000	0.0100000000	100	100	0	0.820160
1954000	0.0000000000	0.0100000000	0.0100000000	100	100	0	0.815228
1955000	0.0000000000	0.0100000000	0.0100000000	100	100	0	0.825315
1956000	0.0000000000	0.0100000000	0.0100000000	100	100	0	0.812076
1957000	0.0000000000	0.0100000000	0.0100000000	100	100	0	0.824009
1958000	0.0000000000	0.0100000000	0.0100000000	100	100	0	0.826408
1959000	0.0000000000	0.0100000000	0.0100000000	100	100	0	0.798717
1960000	0.0000000000	0.0100000000	0.0100000000	100	100	0	0.799898
1961000	0.0000000000	0.0100000000	0.0100000000	100	100	0	0.823136
1962000	0.0000000000	0.0100000000	0.0100000000	100	100	0	0.850449
1963000	0.0000000000	0.0100000000	0.0100000000	100	100	0	0.856470
1964000	0.0000000000	0.0100000000	0.0100000000	100	100	0	0.846335
1965000	0.0000000000	0.0100000000	0.0100000000	100	100	0	0.828999
1966000	0.0000000000	0.0100000000	0.0100000000	100	100	0	0.843840
1967000	0.0000000000	0.0100000000	0.0100000000	100	100	0	0.847481
1968000	0.0000000000	0.0100000000	0.0100000000	100	100	0	0.849693
1969000	0.0000000000	0.0100000000	0.0100000000	100	100	0	0.858232
1970000	0.0000000000	0.0100000000	0.0100000000	100	100	0	0.851902
1971000	0.0000000000	0.0100000000	0.0100000000	100	100	0	0.842204
1972000	0.0000000000	0.0100000000	0.0100000000	100	100	0	0.876100
1973000	0.0000000000	0.0100000000	0.0100000000	100	100	0	0.879701
1974000	0.0000000000	0.0100000000	0.0100000000	100	100	0	0.829735
1975000	0.0000000000	0.0100000000	0.0100000000	100	100	0	0.847407
1976000	0.0000000000	0.0100000000	0.0100000000	100	100	0	0.850623
1977000	0.0000000000	0.0100000000	0.0100000000	100	100	0	0.840530
1978000	0.0000000000	0.0100000000	0.0100000000	100	100	0	0.835278
1979000	0.0000000000	0.0100000000	0.0100000000	100	100	0	0.826064
1980000	0.0000000000	0.0100000000	0.0100000000	100	100	0	0.808581
1981000	0.0000000000	0.0100000000	0.0100000000	100	100	0	0.829132
1982000	0.0000000000	0.0100000000	0.0100000000	100	100	0	0.820979
1983000	0.0000000000	0.0100000000	0.0100000000	100	100	0	0.801258
1984000	0.0000000000	0.0100000000	0.0100000000	100	100	0	0.816135
1985000	0.0000000000	0.0100000000	0.0100000000	100	100	0	0.826927
1986000	0.0000000000	0.0100000000	0.0100000000	100	100	0	0.845789
1987000	0.0000000000	0.0100000000	0.0100000000	100	100	0	0.851764
1988000	0.0000000000	0.0100000000	0.0100000000	100	100	0	0.870037
1989000	0.0000000000	0.0100000000	0.0100000000	100	100	0	0.857371
1990000	0.0000000000	0.0100000000	0.0100000000	100	100	0	0.859766
1991000	0.0000000000	0.0100000000	0.0100000000	100	100	0	0.838968
1992000	0.0000000000	0.0100000000	0.0100000000	100	100	0	0.821958
1993000	0.0000000000	0.0100000000	0.0100000000	100	100	0	0.802200
1994000	0.0000000000	0.0100000000	0.0100000000	100	100	0	0.826771
1995000	0.0000000000	0.0100000000	0.0100000000	100	100	0	0.841675
1996000	0.0000000000	0.0100000000	0.0100000000	100	100	0	0.848511
1997000	0.0000000000	0.0100000000	0.0100000000	100	100	0	0.841711
1998000	0.0000000000	0.0100000000	0.0100000000	100	100	0	0.840499
1999000	0.0000000000	0.0100000000	0.0100000000	100	100	0	0.815066
2000000	0.0000000000	0.0100000000	0.0100000000	100	100	0	0.823750
2001000	0.0000000000	0.0100000000	0.0100000000	100	100	0	0.801181
2002000	0.0000000000	0.0100000000	0.0100000000	100	100	0	0.846980
2003000	0.0000000000	0.0100000000	0.0100000000	100	100	0	0.854800
2004000	0.0000000000	0.0100000000	0.0100000000	100	100	0	0.829316
2005000	0.0000000000	0.0100000000	0.0100000000	100	100	0	0.824091
2006000	0.0000000000	0.0100000000	0.0100000000	100	100	0	0.854817
2007000	0.0000000000	0.0100000000	0.0100000000	100	100	0	0.807382
2008000	0.0000000000	0.0100000000	0.0100000000	100	100	0	0.835359
2009000	0.0000000000	0.0100000000	0.0100000000	100	100	0	0.847995
2010000	0.0000000000	0.0100000000	0.0100000000	100	100	0	0.893160
2011000	0.0000000000	0.0100000000	0.0100000000	100	100	0	0.898996
2012000	0.0000000000	0.0100000000	0.0100000000	100	100	0	0.887835
2013000	0.0000000000	0.0100000000	0.0100000000	100	100	0	0.883674
2014000	0.0000000000	0.0100000000	0.0100000000	100	100	0	0.886220
2015000	0.0000000000	0.0100000000	0.0100000000	100	100	0	0.894412
2016000	0.0000000000	0.0100000000	0.0100000000	100	100	0	0.905415
2017000	0.0000000000	0.0100000000	0.0100000000	100	100	0	0.888287
2018000	0.0000000000	0.0100000000	0.0100000000	100	100	0	0.882559
2019000	0.0000000000	0.0100000000	0.0100000000	100	100	0	0.902497
2020000	0.0000000000	0.0100000000	0.0100000000	100	100	0	0.930078
2021000	0.0000000000	0.0100000000	0.0100000000	100	100	0	0.905865
2022000	0.0000000000	0.0100000000	0.0100000000	100	100	0	0.896902
2023000	0.0000000000	0.0100000000	0.0100000000	100	100	0	0.862284
2024000	0.0000000000	0.0100000000	0.0100000000	100	100	0	0.863218
2025000	0.0000000000	0.0100000000	0.0100000000	100	100	0	0.873466
2026000	0.0000000000	0.0100000000	0.0100000000	100	100	0	0.883190
2027000	0.0000000000	0.0100000000	0.0100000000	100	100	0	0.868409
2028000	0.0000000000	0.0100000000	0.0100000000	100	100	0	0.884844
2029000	0.0000000000	0.0100000000	0.0100000000	100	100	0	0.865172
2030000	0.0000000000	0.0100000000	0.0100000000	100	100	0	0.874516
2031000	0.0000000000	0.0100000000	0.0100000000	100	100	0	0.833127
2032000	0.0000000000	0.0100000000	0.0100000000	100	100	0	0.815395
2033000	0.0000000000	0.0100000000	0.0100000000	100	100	0	0.794622
2034000	0.0000000000	0.0100000000	0.0100000000	100	100	0	0.814254
2035000	0.0000000000	0.0100000000	0.0100000000	100	100	0	0.773764
2036000	0.0000000000	0.0100000000	0.0100000000	100	100	0	0.771771
2037000	0.0000000000	0.0100000000	0.0100000000	100	100	0	0.794211
2038000	0.0000000000	0.0100000000	0.0100000000	100	100	0	0.806552
2039000	0.0000000000	0.0100000000	0.0100000000	100	100	0	0.814913
2040000	0.0000000000	0.0100000000	0.0100000000	100	100	0	0.799499
2041000	0.0000000000	0.0100000000	0.0100000000	100	100	0	0.830066
2042000	0.0000000000	0.0100000000	0.0100000000	100	100	0	0.842251
2043000	0.0000000000	0.0100000000	0.0100000000	100	100	0	0.826465
2044000	0.0000000000	0.0100000000	0.0100000000	100	100	0	0.823265
2045000	0.0000000000	0.0100000000	0.0100000000	100	100	0	0.832533
2046000	0.0000000000	0.0100000000	0.0100000000	100	100	0	0.816138
2047000	0.0000000000	0.0100000000	0.0100000000	100	100	0	0.825481
2048000	0.0000000000	0.0100000000	0.0100000000	100	100	0	0.843117
2049000	0.0000000000	0.0100000000	0.0100000000	100	100	0	0.830545
2050000	0.0000000000	0.0100000000	0.0100000000	100	100	0	0.827604
2051000	0.0000000000	0.0100000000	0.0100000000	100	100	0	0.860286
2052000	0.0000000000	0.0100000000	0.0100000000	100	100	0	0.868448
2053000	0.0000000000	0.0100000000	0.0100000000	100	100	0	0.881981
2054000	0.0000000000	0.0100000000	0.0100000000	100	100	0	0.885774
2055000	0.0000000000	0.0100000000	0.0100000000	100	100	0	0.893791
2056000	0.0000000000	0.0100000000	0.0100000000	100	100	0	0.902316
2057000	0.0000000000	0.0100000000	0.0100000000	100	100	0	0.906607
2058000	0.0000000000	0.0100000000	0.0100000000	100	100	0	0.885598
2059000	0.0000000000	0.0100000000	0.0100000000	100	100	0	0.879274
2060000	0.0000000000	0.0100000000	0.0100000000	100	100	0	0.883833
2061000	0.0000000000	0.0100000000	0.0100000000	100	100	0	0.878194
2062000	0.0000000000	0.0100000000	0.0100000000	100	100	0	0.795068
2063000	0.0000000000	0.0100000000	0.0100000000	100	100	0	0.809618
2064000	0.0000000000	0.0100000000	0.0100000000	100	100	0	0.803256
2065000	0.0000000000	0.0100000000	0.0100000000	100	100	0	0.817966
2066000	0.0000000000	0.0100000000	0.0100000000	100	100	0	0.824491
2067000	0.0000000000	0.0100000000	0.0100000000	100	100	0	0.825754
2068000	0.0000000000	0.0100000000	0.0100000000	100	100	0	0.802483
2069000	0.0000000000	0.0100000000	0.0100000000	100	100	0	0.810613
2070000	0.0000000000	0.0100000000	0.0100000000	100	100	0	0.814335
2071000	0.0000000000	0.0100000000	0.0100000000	100	100	0	0.824823
2072000	0.0000000000	0.0100000000	0.0100000000	100	100	0	0.849092
2073000	0.0000000000	0.0100000000	0.0100000000	100	100	0	0.855859
2074000	0.0000000000	0.0100000000	0.0100000000	100	100	0	0.877399
2075000	0.0000000000	0.0100000000	0.0100000000	100	100	0	0.833109
2076000	0.0000000000	0.0100000000	0.0100000000	100	100	0	0.839308
2077000	0.0000000000	0.0100000000	0.0100000000	100	100	0	0.821612
2078000	0.0000000000	0.0100000000	0.0100000000	100	100	0	0.821215
2079000	0.0000000000	0.0100000000	0.0100000000	100	100	0	0.819664
2080000	0.0000000000	0.0100000000	0.0100000000	100	100	0	0.831218
2081000	0.0000000000	0.0100000000	0.0100000000	100	100	0	0.835885
2082000	0.0000000000	0.0100000000	0.0100000000	100	100	0	0.829205
2083000	0.0000000000	0.0100000000	0.0100000000	100	100	0	0.807448
2084000	0.0000000000	0.0100000000	0.0100000000	100	100	0	0.801191
2085000	0.0000000000	0.0100000000	0.0100000000	100	100	0	0.809053
2086000	0.0000000000	0.0100000000	0.0100000000	100	100	0	0.844305
2087000	0.0000000000	0.0100000000	0.0100000000	100	100	0	0.851442
2088000	0.0000000000	0.0100000000	0.0100000000	100	100	0	0.833902
2089000	0.0000000000	0.0100000000	0.0100000000	100	100	0	0.825976
2090000	0.0000000000	0.0100000000	0.0100000000	100	100	0	0.868509
2091000	0.0000000000	0.0100000000	0.0100000000	100	100	0	0.859616
2092000	0.0000000000	0.0100000000	0.0100000000	100	100	0	0.845533
2093000	0.0000000000	0.0100000000	0.0100000000	100	100	0	0.834605
2094000	0.0000000000	0.0100000000	0.0100000000	100	100	0	0.833624
2095000	0.0000000000	0.0100000000	0.0100000000	100	100	0	0.878455
2096000	0.0000000000	0.0100000000	0.0100000000	100	100	0	0.875784
2097000	0.0000000000	0.0100000000	0.0100000000	100	100	0	0.841944
2098000	0.0000000000	0.0100000000	0.0100000000	100	100	0	0.846894
2099000	0.0000000000	0.0100000000	0.0100000000	100	100	0	0.858952
2100000	0.0000000000	0.0100000000	0.0100000000	100	100	0	0.859267
2101000	0.0000000000	0.0100000000	0.0100000000	100	100	0	0.866356
2102000	0.0000000000	0.0100000000	0.0100000000	100	100	0	0.873824
2103000	0.0000000000	0.0100000000	0.0100000000	100	100	0	0.861924
2104000	0.0000000000	0.0100000000	0.0100000000	100	100	0	0.864113
2105000	0.0000000000	0.0100000000	0.0100000000	100	100	0	0.841567
2106000	0.0000000000	0.0100000000	0.0100000000	100	100	0	0.832780
2107000	0.0000000000	0.0100000000	0.0100000000	100	100	0	0.838399
2108000	0.0000000000	0.0100000000	0.0100000000	100	100	0	0.862969
2109000	0.0000000000	0.0100000000	0.0100000000	100	100	0	0.834196
2110000	0.0000000000	0.0100000000	0.0100000000	100	100	0	0.819642
2111000	0.0000000000	0.0100000000	0.0100000000	100	100	0	0.825675
2112000	0.0000000000	0.0100000000	0.0100000000	100	100	0	0.798490
2113000	0.0000000000	0.0100000000	0.0100000000	100	100	0	0.823758
2114000	0.0000000000	0.0100000000	0.0100000000	100	100	0	0.805347
2115000	0.0000000000	0.0100000000	0.0100000000	100	100	0	0.825479
2116000	0.0000000000	0.0100000000	0.0100000000	100	100	0	0.864702
2117000	0.0000000000	0.0100000000	0.0100000000	100	100	0	0.828718
2118000	0.0000000000	0.0100000000	0.0100000000	100	100	0	0.836372
2119000	0.0000000000	0.0100000000	0.0100000000	100	100	0	0.865391
2120000	0.0000000000	0.0100000000	0.0100000000	100	100	0	0.893626
2121000	0.0000000000	0.0100000000	0.0100000000	100	100	0	0.908566
2122000	0.0000000000	0.0100000000	0.0100000000	100	100	0	0.929267
2123000	0.0000000000	0.0100000000	0.0100000000	100	100	0	0.897297
2124000	0.0000000000	0.0100000000	0.0100000000	100	100	0	0.871388
2125000	0.0000000000	0.0100000000	0.0100000000	100	100	0	0.877678
2126000	0.0000000000	0.0100000000	0.0100000000	100	100	0	0.843643
2127000	0.0000000000	0.0100000000	0.0100000000	100	100	0	0.850471
2128000	0.0000000000	0.0100000000	0.0100000000	100	100	0	0.831653
2129000	0.0000000000	0.0100000000	0.0100000000	100	100	0	0.857201
2130000	0.0000000000	0.0100000000	0.0100000000	100	100	0	0.858665
2131000	0.0000000000	0.0100000000	0.0100000000	100	100	0	0.862116
2132000	0.0000000000	0.0100000000	0.0100000000	100	100	0	0.869241
2133000	0.0000000000	0.0100000000	0.0100000000	100	100	0	0.853609
2134000	0.0000000000	0.0100000000	0.0100000000	100	100	0	0.837040
2135000	0.0000000000	0.0100000000	0.0100000000	100	100	0	0.843788
2136000	0.0000000000	0.0100000000	0.0100000000	100	100	0	0.852336
2137000	0.0000000000	0.0100000000	0.0100000000	100	100	0	0.842492
2138000	0.0000000000	0.0100000000	0.0100000000	100	100	0	0.847821
2139000	0.0000000000	0.0100000000	0.0100000000	100	100	0	0.842072
2140000	0.0000000000	0.0100000000	0.0100000000	100	100	0	0.841821
2141000	0.0000000000	0.0100000000	0.0100000000	100	100	0	0.830554
2142000	0.0000000000	0.0100000000	0.0100000000	100	100	0	0.830137
2143000	0.0000000000	0.0100000000	0.0100000000	100	100	0	0.815735
2144000	0.0000000000	0.0100000000	0.0100000000	100	100	0	0.834280
2145000	0.0000000000	0.0100000000	0.0100000000	100	100	0	0.840930
2146000	0.0000000000	0.0100000000	0.0100000000	100	100	0	0.858314
2147000	0.0000000000	0.0100000000	0.0100000000	100	100	0	0.867983
2148000	0.0000000000	0.0100000000	0.0100000000	100	100	0	0.872872
2149000	0.0000000000	0.0100000000	0.0100000000	100	100	0	0.866036
2150000	0.0000000000	0.0100000000	0.0100000000	100	100	0	0.886225
2151000	0.0000000000	0.0100000000	0.0100000000	100	100	0	0.882260
2152000	0.0000000000	0.0100000000	0.0100000000	100	100	0	0.885251
2153000	0.0000000000	0.0100000000	0.0100000000	100	100	0	0.864114
2154000	0.0000000000	0.0100000000	0.0100000000	100	100	0	0.886699
2155000	0.0000000000	0.0100000000	0.0100000000	100	100	0	0.856028
2156000	0.0000000000	0.0100000000	0.0100000000	100	100	0	0.817691
2157000	0.0000000000	0.0100000000	0.0100000000	100	100	0	0.838759
2158000	0.0000000000	0.0100000000	0.0100000000	100	100	0	0.854734
2159000	0.0000000000	0.0100000000	0.0100000000	100	100	0	0.849126
2160000	0.0000000000	0.0100000000	0.0100000000	100	100	0	0.866853
2161000	0.0000000000	0.0100000000	0.0100000000	100	100	0	0.867207
2162000	0.0000000000	0.0100000000	0.0100000000	100	100	0	0.862193
2163000	0.0000000000	0.0100000000	0.0100000000	100	100	0	0.858760
2164000	0.0000000000	0.0100000000	0.0100000000	100	100	0	0.825650
2165000	0.0000000000	0.0100000000	0.0100000000	100	100	0	0.861934
2166000	0.0000000000	0.0100000000	0.0100000000	100	100	0	0.889603
2167000	0.0000000000	0.0100000000	0.0100000000	100	100	0	0.861181
2168000	0.0000000000	0.0100000000	0.0100000000	100	100	0	0.845958
2169000	0.0000000000	0.0100000000	0.0100000000	100	100	0	0.857112
2170000	0.0000000000	0.0100000000	0.0100000000	100	100	0	0.882517
2171000	0.0000000000	0.0100000000	0.0100000000	100	100	0	0.869534
2172000	0.0000000000	0.0100000000	0.0100000000	100	100	0	0.868842
2173000	0.0000000000	0.0100000000	0.0100000000	100	100	0	0.902053
2174000	0.0000000000	0.0100000000	0.0100000000	100	100	0	0.868618
2175000	0.0000000000	0.0100000000	0.0100000000	100	100	0	0.879801
2176000	0.0000000000	0.0100000000	0.0100000000	100	100	0	0.904207
2177000	0.0000000000	0.0100000000	0.0100000000	100	100	0	0.863910
2178000	0.0000000000	0.0100000000	0.0100000000	100	100	0	0.849028
2179000	0.0000000000	0.0100000000	0.0100000000	100	100	0	0.846888
2180000	0.0000000000	0.0100000000	0.0100000000	100	100	0	0.840475
2181000	0.0000000000	0.0100000000	0.0100000000	100	100	0	0.816424
2182000	0.0000000000	0.0100000000	0.0100000000	100	100	0	0.836027
2183000	0.0000000000	0.0100000000	0.0100000000	100	100	0	0.816778
2184000	0.0000000000	0.0100000000	0.0100000000	100	100	0	0.813862
2185000	0.0000000000	0.0100000000	0.0100000000	100	100	0	0.816536
2186000	0.0000000000	0.0100000000	0.0100000000	100	100	0	0.822260
2187000	0.0000000000	0.0100000000	0.0100000000	100	100	0	0.835196
2188000	0.0000000000	0.0100000000	0.0100000000	100	100	0	0.841915
2189000	0.0000000000	0.0100000000	0.0100000000	100	100	0	0.850961
2190000	0.0000000000	0.0100000000	0.0100000000	100	100	0	0.856092
2191000	0.0000000000	0.0100000000	0.0100000000	100	100	0	0.843592
2192000	0.0000000000	0.0100000000	0.0100000000	100	100	0	0.822804
2193000	0.0000000000	0.0100000000	0.0100000000	100	100	0	0.822819
2194000	0.0000000000	0.0100000000	0.0100000000	100	100	0	0.833110
2195000	0.0000000000	0.0100000000	0.0100000000	100	100	0	0.867028
2196000	0.0000000000	0.0100000000	0.0100000000	100	100	0	0.886482
2197000	0.0000000000	0.0100000000	0.0100000000	100	100	0	0.852804
2198000	0.0000000000	0.0100000000	0.0100000000	100	100	0	0.860369
2199000	0.0000000000	0.0100000000	0.0100000000	100	100	0	0.858144
2200000	0.0000000000	0.0100000000	0.0100000000	100	100	0	0.845968
2201000	0.0000000000	0.0100000000	0.0100000000	100	100	0	0.839327
2202000	0.0000000000	0.0100000000	0.0100000000	100	100	0	0.868234
2203000	0.0000000000	0.0100000000	0.0100000000	100	100	0	0.873867
2204000	0.0000000000	0.0100000000	0.0100000000	100	100	0	0.877792
2205000	0.0000000000	0.0100000000	0.0100000000	100	100	0	0.855416
2206000	0.0000000000	0.0100000000	0.0100000000	100	100	0	0.838045
2207000	0.0000000000	0.0100000000	0.0100000000	100	100	0	0.810108
2208000	0.0000000000	0.0100000000	0.0100000000	100	100	0	0.815807
2209000	0.0000000000	0.0100000000	0.0100000000	100	100	0	0.814703
2210000	0.0000000000	0.0100000000	0.0100000000	100	100	0	0.827806
2211000	0.0000000000	0.0100000000	0.0100000000	100	100	0	0.813787
2212000	0.0000000000	0.0100000000	0.0100000000	100	100	0	0.837037
2213000	0.0000000000	0.0100000000	0.0100000000	100	100	0	0.841575
2214000	0.0000000000	0.0100000000	0.0100000000	100	100	0	0.827301
2215000	0.0000000000	0.0100000000	0.0100000000	100	100	0	0.834700
2216000	0.0000000000	0.0100000000	0.0100000000	100	100	0	0.868147
2217000	0.0000000000	0.0100000000	0.0100000000	100	100	0	0.829384
2218000	0.0000000000	0.0100000000	0.0100000000	100	100	0	0.822271
2219000	0.0000000000	0.0100000000	0.0100000000	100	100	0	0.826166
2220000	0.0000000000	0.0100000000	0.0100000000	100	100	0	0.856255
2221000	0.0000000000	0.0100000000	0.0100000000	100	100	0	0.836226
2222000	0.0000000000	0.0100000000	0.0100000000	100	100	0	0.852680
2223000	0.0000000000	0.0100000000	0.0100000000	100	100	0	0.851839
2224000	0.0000000000	0.0100000000	0.0100000000	100	100	0	0.856950
2225000	0.0000000000	0.0100000000	0.0100000000	100	100	0	0.824246
2226000	0.0000000000	0.0100000000	0.0100000000	100	100	0	0.826149
2227000	0.0000000000	0.0100000000	0.0100000000	100	100	0	0.831384
2228000	0.0000000000	0.0100000000	0.0100000000	100	100	0	0.856798
2229000	0.0000000000	0.0100000000	0.0100000000	100	100	0	0.837549
2230000	0.0000000000	0.0100000000	0.0100000000	100	100	0	0.843761
2231000	0.0000000000	0.0100000000	0.0100000000	100	100	0	0.831973
2232000	0.0000000000	0.0100000000	0.0100000000	100	100	0	0.834543
2233000	0.0000000000	0.0100000000	0.0100000000	100	100	0	0.834118
2234000	0.0000000000	0.0100000000	0.0100000000	100	100	0	0.814257
2235000	0.0000000000	0.0100000000	0.0100000000	100	100	0	0.803666
2236000	0.0000000000	0.0100000000	0.0100000000	100	100	0	0.817762
2237000	0.0000000000	0.0100000000	0.0100000000	100	100	0	0.850194
2238000	0.0000000000	0.0100000000	0.0100000000	100	100	0	0.848753
2239000	0.0000000000	0.0100000000	0.0100000000	100	100	0	0.834147
2240000	0.0000000000	0.0100000000	0.0100000000	100	100	0	0.828709
2241000	0.0000000000	0.0100000000	0.0100000000	100	100	0	0.865991
2242000	0.0000000000	0.0100000000	0.0100000000	100	100	0	0.865573
2243000	0.0000000000	0.0100000000	0.0100000000	100	100	0	0.834385
2244000	0.0000000000	0.0100000000	0.0100000000	100	100	0	0.849442
2245000	0.0000000000	0.0100000000	0.0100000000	100	100	0	0.805844
2246000	0.0000000000	0.0100000000	0.0100000000	100	100	0	0.827130
2247000	0.0000000000	0.0100000000	0.0100000000	100	100	0	0.835808
2248000	0.0000000000	0.0100000000	0.0100000000	100	100	0	0.842406
2249000	0.0000000000	0.0100000000	0.0100000000	100	100	0	0.841231
2250000	0.0000000000	0.0100000000	0.0100000000	100	100	0	0.834112
2251000	0.0000000000	0.0100000000	0.0100000000	100	100	0	0.809800
2252000	0.0000000000	0.0100000000	0.0100000000	100	100	0	0.831999
2253000	0.0000000000	0.0100000000	0.0100000000	100	100	0	0.837296
2254000	0.0000000000	0.0100000000	0.0100000000	100	100	0	0.837550
2255000	0.0000000000	0.0100000000	0.0100000000	100	100	0	0.823760
2256000	0.0000000000	0.0100000000	0.0100000000	100	100	0	0.823020
2257000	0.0000000000	0.0100000000	0.0100000000	100	100	0	0.848945
2258000	0.0000000000	0.0100000000	0.0100000000	100	100	0	0.832197
2259000	0.0000000000	0.0100000000	0.0100000000	100	100	0	0.832544
2260000	0.0000000000	0.0100000000	0.0100000000	100	100	0	0.833648
2261000	0.0000000000	0.0100000000	0.0100000000	100	100	0	0.810023
2262000	0.0000000000	0.0100000000	0.0100000000	100	100	0	0.822803
2263000	0.0000000000	0.0100000000	0.0100000000	100	100	0	0.858071
2264000	0.0000000000	0.0100000000	0.0100000000	100	100	0	0.847642
2265000	0.0000000000	0.0100000000	0.0100000000	100	100	0	0.851399
2266000	0.0000000000	0.0100000000	0.0100000000	100	100	0	0.846386
2267000	0.0000000000	0.0100000000	0.0100000000	100	100	0	0.845401
2268000	0.0000000000	0.0100000000	0.0100000000	100	100	0	0.845972
2269000	0.0000000000	0.0100000000	0.0100000000	100	100	0	0.833942
2270000	0.0000000000	0.0100000000	0.0100000000	100	100	0	0.820001
2271000	0.0000000000	0.0100000000	0.0100000000	100	100	0	0.824105
2272000	0.0000000000	0.0100000000	0.0100000000	100	100	0	0.806246
2273000	0.0000000000	0.0100000000	0.0100000000	100	100	0	0.841904
2274000	0.0000000000	0.0100000000	0.0100000000	100	100	0	0.824984
2275000	0.0000000000	0.0100000000	0.0100000000	100	100	0	0.832537
2276000	0.0000000000	0.0100000000	0.0100000000	100	100	0	0.803979
2277000	0.0000000000	0.0100000000	0.0100000000	100	100	0	0.809794
2278000	0.0000000000	0.0100000000	0.0100000000	100	100	0	0.812626
2279000	0.0000000000	0.0100000000	0.0100000000	100	100	0	0.816043
2280000	0.0000000000	0.0100000000	0.0100000000	100	100	0	0.838250
2281000	0.0000000000	0.0100000000	0.0100000000	100	100	0	0.835374
2282000	0.0000000000	0.0100000000	0.0100000000	100	100	0	0.814255
2283000	0.0000000000	0.0100000000	0.0100000000	100	100	0	0.802778
2284000	0.0000000000	0.0100000000	0.0100000000	100	100	0	0.797579
2285000	0.0000000000	0.0100000000	0.0100000000	100	100	0	0.779626
2286000	0.0000000000	0.0100000000	0.0100000000	100	100	0	0.772613
2287000	0.0000000000	0.0100000000	0.0100000000	100	100	0	0.780940
2288000	0.0000000000	0.0100000000	0.0100000000	100	100	0	0.748422
2289000	0.0000000000	0.0100000000	0.0100000000	100	100	0	0.781949
2290000	0.0000000000	0.0100000000	0.0100000000	100	100	0	0.799331
2291000	0.0000000000	0.0100000000	0.0100000000	100	100	0	0.801662
2292000	0.0000000000	0.0100000000	0.0100000000	100	100	0	0.799964
2293000	0.0000000000	0.0100000000	0.0100000000	100	100	0	0.836448
2294000	0.0000000000	0.0100000000	0.0100000000	100	100	0	0.824245
2295000	0.0000000000	0.0100000000	0.0100000000	100	100	0	0.801489
2296000	0.0000000000	0.0100000000	0.0100000000	100	100	0	0.805909
2297000	0.0000000000	0.0100000000	0.0100000000	100	100	0	0.808535
2298000	0.0000000000	0.0100000000	0.0100000000	100	100	0	0.814906
2299000	0.0000000000	0.0100000000	0.0100000000	100	100	0	0.832119
2300000	0.0000000000	0.0100000000	0.0100000000	100	100	0	0.820064
2301000	0.0000000000	0.0100000000	0.0100000000	100	100	0	0.812458
2302000	0.0000000000	0.0100000000	0.0100000000	100	100	0	0.832364
2303000	0.0000000000	0.0100000000	0.0100000000	100	100	0	0.849875
2304000	0.0000000000	0.0100000000	0.0100000000	100	100	0	0.857711
2305000	0.0000000000	0.0100000000	0.0100000000	100	100	0	0.858654
2306000	0.0000000000	0.0100000000	0.0100000000	100	100	0	0.817673
2307000	0.0000000000	0.0100000000	0.0100000000	100	100	0	0.825406
2308000	0.0000000000	0.0100000000	0.0100000000	100	100	0	0.824958
2309000	0.0000000000	0.0100000000	0.0100000000	100	100	0	0.794232
2310000	0.0000000000	0.0100000000	0.0100000000	100	100	0	0.819532
2311000	0.0000000000	0.0100000000	0.0100000000	100	100	0	0.837296
2312000	0.0000000000	0.0100000000	0.0100000000	100	100	0	0.833455
2313000	0.0000000000	0.0100000000	0.0100000000	100	100	0	0.800066
2314000	0.0000000000	0.0100000000	0.0100000000	100	100	0	0.825233
2315000	0.0000000000	0.0100000000	0.0100000000	100	100	0	0.829465
2316000	0.0000000000	0.0100000000	0.0100000000	100	100	0	0.860282
2317000	0.0000000000	0.0100000000	0.0100000000	100	100	0	0.839148
2318000	0.0000000000	0.0100000000	0.0100000000	100	100	0	0.857823
2319000	0.0000000000	0.0100000000	0.0100000000	100	100	0	0.853858
2320000	0.0000000000	0.0100000000	0.0100000000	100	100	0	0.861320
2321000	0.0000000000	0.0100000000	0.0100000000	100	100	0	0.823011
2322000	0.0000000000	0.0100000000	0.0100000000	100	100	0	0.818410
2323000	0.0000000000	0.0100000000	0.0100000000	100	100	0	0.818572
2324000	0.0000000000	0.0100000000	0.0100000000	100	100	0	0.836480
2325000	0.0000000000	0.0100000000	0.0100000000	100	100	0	0.856629
2326000	0.0000000000	0.0100000000	0.0100000000	100	100	0	0.853002
2327000	0.0000000000	0.0100000000	0.0100000000	100	100	0	0.891476
2328000	0.0000000000	0.0100000000	0.0100000000	100	100	0	0.879022
2329000	0.0000000000	0.0100000000	0.0100000000	100	100	0	0.857308
2330000	0.0000000000	0.0100000000	0.0100000000	100	100	0	0.821706
2331000	0.0000000000	0.0100000000	0.0100000000	100	100	0	0.833525
2332000	0.0000000000	0.0100000000	0.0100000000	100	100	0	0.816544
2333000	0.0000000000	0.0100000000	0.0100000000	100	100	0	0.811571
2334000	0.0000000000	0.0100000000	0.0100000000	100	100	0	0.836367
2335000	0.0000000000	0.0100000000	0.0100000000	100	100	0	0.824044
2336000	0.0000000000	0.0100000000	0.0100000000	100	100	0	0.795788
2337000	0.0000000000	0.0100000000	0.0100000000	100	100	0	0.774875
2338000	0.0000000000	0.0100000000	0.0100000000	100	100	0	0.800685
2339000	0.0000000000	0.0100000000	0.0100000000	100	100	0	0.802283
2340000	0.0000000000	0.0100000000	0.0100000000	100	100	0	0.829968
2341000	0.0000000000	0.0100000000	0.0100000000	100	100	0	0.843719
2342000	0.0000000000	0.0100000000	0.0100000000	100	100	0	0.857882
2343000	0.0000000000	0.0100000000	0.0100000000	100	100	0	0.843923
2344000	0.0000000000	0.0100000000	0.0100000000	100	100	0	0.861920
2345000	0.0000000000	0.0100000000	0.0100000000	100	100	0	0.877837
2346000	0.0000000000	0.0100000000	0.0100000000	100	100	0	0.893696
2347000	0.0000000000	0.0100000000	0.0100000000	100	100	0	0.885162
2348000	0.0000000000	0.0100000000	0.0100000000	100	100	0	0.899706
2349000	0.0000000000	0.0100000000	0.0100000000	100	100	0	0.885966
2350000	0.0000000000	0.0100000000	0.0100000000	100	100	0	0.881339
2351000	0.0000000000	0.0100000000	0.0100000000	100	100	0	0.870896
2352000	0.0000000000	0.0100000000	0.0100000000	100	100	0	0.857025
2353000	0.0000000000	0.0100000000	0.0100000000	100	100	0	0.852361
2354000	0.0000000000	0.0100000000	0.0100000000	100	100	0	0.878906
2355000	0.0000000000	0.0100000000	0.0100000000	100	100	0	0.867802
2356000	0.0000000000	0.0100000000	0.0100000000	100	100	0	0.850462
2357000	0.0000000000	0.0100000000	0.0100000000	100	100	0	0.835781
2358000	0.0000000000	0.0100000000	0.0100000000	100	100	0	0.862268
2359000	0.0000000000	0.0100000000	0.0100000000	100	100	0	0.876174
2360000	0.0000000000	0.0100000000	0.0100000000	100	100	0	0.828320
2361000	0.0000000000	0.0100000000	0.0100000000	100	100	0	0.851975
2362000	0.0000000000	0.0100000000	0.0100000000	100	100	0	0.859680
2363000	0.0000000000	0.0100000000	0.0100000000	100	100	0	0.872769
2364000	0.0000000000	0.0100000000	0.0100000000	100	100	0	0.841233
2365000	0.0000000000	0.0100000000	0.0100000000	100	100	0	0.845719
2366000	0.0000000000	0.0100000000	0.0100000000	100	100	0	0.831534
2367000	0.0000000000	0.0100000000	0.0100000000	100	100	0	0.842672
2368000	0.0000000000	0.0100000000	0.0100000000	100	100	0	0.894997
2369000	0.0000000000	0.0100000000	0.0100000000	100	100	0	0.869332
2370000	0.0000000000	0.0100000000	0.0100000000	100	100	0	0.885372
2371000	0.0000000000	0.0100000000	0.0100000000	100	100	0	0.890231
2372000	0.0000000000	0.0100000000	0.0100000000	100	100	0	0.854124
2373000	0.0000000000	0.0100000000	0.0100000000	100	100	0	0.813465
2374000	0.0000000000	0.0100000000	0.0100000000	100	100	0	0.829709
2375000	0.0000000000	0.0100000000	0.0100000000	100	100	0	0.829048
2376000	0.0000000000	0.0100000000	0.0100000000	100	100	0	0.845456
2377000	0.0000000000	0.0100000000	0.0100000000	100	100	0	0.847490
2378000	0.0000000000	0.0100000000	0.0100000000	100	100	0	0.857049
2379000	0.0000000000	0.0100000000	0.0100000000	100	100	0	0.860294
2380000	0.0000000000	0.0100000000	0.0100000000	100	100	0	0.889958
2381000	0.0000000000	0.0100000000	0.0100000000	100	100	0	0.868932
2382000	0.0000000000	0.0100000000	0.0100000000	100	100	0	0.847427
2383000	0.0000000000	0.0100000000	0.0100000000	100	100	0	0.857025
2384000	0.0000000000	0.0100000000	0.0100000000	100	100	0	0.854891
2385000	0.0000000000	0.0100000000	0.0100000000	100	100	0	0.849392
2386000	0.0000000000	0.0100000000	0.0100000000	100	100	0	0.858075
2387000	0.0000000000	0.0100000000	0.0100000000	100	100	0	0.825932
2388000	0.0000000000	0.0100000000	0.0100000000	100	100	0	0.825807
2389000	0.0000000000	0.0100000000	0.0100000000	100	100	0	0.807452
2390000	0.0000000000	0.0100000000	0.0100000000	100	100	0	0.817835
2391000	0.0000000000	0.0100000000	0.0100000000	100	100	0	0.814007
2392000	0.0000000000	0.0100000000	0.0100000000	100	100	0	0.801698
2393000	0.0000000000	0.0100000000	0.0100000000	100	100	0	0.806553
2394000	0.0000000000	0.0100000000	0.0100000000	100	100	0	0.814495
2395000	0.0000000000	0.0100000000	0.0100000000	100	100	0	0.809134
2396000	0.0000000000	0.0100000000	0.0100000000	100	100	0	0.811407
2397000	0.0000000000	0.0100000000	0.0100000000	100	100	0	0.802531
2398000	0.0000000000	0.0100000000	0.0100000000	100	100	0	0.776170
2399000	0.0000000000	0.0100000000	0.0100000000	100	100	0	0.794554
2400000	0.0000000000	0.0100000000	0.0100000000	100	100	0	0.835816
2401000	0.0000000000	0.0100000000	0.0100000000	100	100	0	0.828563
2402000	0.0000000000	0.0100000000	0.0100000000	100	100	0	0.837913
2403000	0.0000000000	0.0100000000	0.0100000000	100	100	0	0.862198
2404000	0.0000000000	0.0100000000	0.0100000000	100	100	0	0.847523
2405000	0.0000000000	0.0100000000	0.0100000000	100	100	0	0.861072
2406000	0.0000000000	0.0100000000	0.0100000000	100	100	0	0.876001
2407000	0.0000000000	0.0100000000	0.0100000000	100	100	0	0.882838
2408000	0.0000000000	0.0100000000	0.0100000000	100	100	0	0.869108
2409000	0.0000000000	0.0100000000	0.0100000000	100	100	0	0.867197
2410000	0.0000000000	0.0100000000	0.0100000000	100	100	0	0.873738
2411000	0.0000000000	0.0100000000	0.0100000000	100	100	0	0.851839
2412000	0.0000000000	0.0100000000	0.0100000000	100	100	0	0.850623
2413000	0.0000000000	0.0100000000	0.0100000000	100	100	0	0.818016
2414000	0.0000000000	0.0100000000	0.0100000000	100	100	0	0.843750
2415000	0.0000000000	0.0100000000	0.0100000000	100	100	0	0.865902
2416000	0.0000000000	0.0100000000	0.0100000000	100	100	0	0.868927
2417000	0.0000000000	0.0100000000	0.0100000000	100	100	0	0.865047
2418000	0.0000000000	0.0100000000	0.0100000000	100	100	0	0.828939
2419000	0.0000000000	0.0100000000	0.0100000000	100	100	0	0.833314
2420000	0.0000000000	0.0100000000	0.0100000000	100	100	0	0.823997
2421000	0.0000000000	0.0100000000	0.0100000000	100	100	0	0.835023
2422000	0.0000000000	0.0100000000	0.0100000000	100	100	0	0.827744
2423000	0.0000000000	0.0100000000	0.0100000000	100	100	0	0.846980
2424000	0.0000000000	0.0100000000	0.0100000000	100	100	0	0.849753
2425000	0.0000000000	0.0100000000	0.0100000000	100	100	0	0.859255
2426000	0.0000000000	0.0100000000	0.0100000000	100	100	0	0.849687
2427000	0.0000000000	0.0100000000	0.0100000000	100	100	0	0.878159
2428000	0.0000000000	0.0100000000	0.0100000000	100	100	0	0.885889
2429000	0.0000000000	0.0100000000	0.0100000000	100	100	0	0.898190
2430000	0.0000000000	0.0100000000	0.0100000000	100	100	0	0.849026
2431000	0.0000000000	0.0100000000	0.0100000000	100	100	0	0.836298
2432000	0.0000000000	0.0100000000	0.0100000000	100	100	0	0.810708
2433000	0.0000000000	0.0100000000	0.0100000000	100	100	0	0.847365
2434000	0.0000000000	0.0100000000	0.0100000000	100	100	0	0.839661
2435000	0.0000000000	0.0100000000	0.0100000000	100	100	0	0.854730
2436000	0.0000000000	0.0100000000	0.0100000000	100	100	0	0.824503
2437000	0.0000000000	0.0100000000	0.0100000000	100	100	0	0.845298
2438000	0.0000000000	0.0100000000	0.0100000000	100	100	0	0.847226
2439000	0.0000000000	0.0100000000	0.0100000000	100	100	0	0.849882
2440000	0.0000000000	0.0100000000	0.0100000000	100	100	0	0.827047
2441000	0.0000000000	0.0100000000	0.0100000000	100	100	0	0.829142
2442000	0.0000000000	0.0100000000	0.0100000000	100	100	0	0.842241
2443000	0.0000000000	0.0100000000	0.0100000000	100	100	0	0.809792
2444000	0.0000000000	0.0100000000	0.0100000000	100	100	0	0.840318
2445000	0.0000000000	0.0100000000	0.0100000000	100	100	0	0.820973
2446000	0.0000000000	0.0100000000	0.0100000000	100	100	0	0.815879
2447000	0.0000000000	0.0100000000	0.0100000000	100	100	0	0.830121
2448000	0.0000000000	0.0100000000	0.0100000000	100	100	0	0.848840
2449000	0.0000000000	0.0100000000	0.0100000000	100	100	0	0.841738
2450000	0.0000000000	0.0100000000	0.0100000000	100	100	0	0.833276
2451000	0.0000000000	0.0100000000	0.0100000000	100	100	0	0.822901
2452000	0.0000000000	0.0100000000	0.0100000000	100	100	0	0.817431
2453000	0.0000000000	0.0100000000	0.0100000000	100	100	0	0.840544
2454000	0.0000000000	0.0100000000	0.0100000000	100	100	0	0.804079
2455000	0.0000000000	0.0100000000	0.0100000000	100	100	0	0.818834
2456000	0.0000000000	0.0100000000	0.0100000000	100	100	0	0.816057
2457000	0.0000000000	0.0100000000	0.0100000000	100	100	0	0.805457
2458000	0.0000000000	0.0100000000	0.0100000000	100	100	0	0.860973
2459000	0.0000000000	0.0100000000	0.0100000000	100	100	0	0.866171
2460000	0.0000000000	0.0100000000	0.0100000000	100	100	0	0.895930
2461000	0.0000000000	0.0100000000	0.0100000000	100	100	0	0.866084
2462000	0.0000000000	0.0100000000	0.0100000000	100	100	0	0.854633
2463000	0.0000000000	0.0100000000	0.0100000000	100	100	0	0.840255
2464000	0.0000000000	0.0100000000	0.0100000000	100	100	0	0.840475
2465000	0.0000000000	0.0100000000	0.0100000000	100	100	0	0.888547
2466000	0.0000000000	0.0100000000	0.0100000000	100	100	0	0.870419
2467000	0.0000000000	0.0100000000	0.0100000000	100	100	0	0.878597
2468000	0.0000000000	0.0100000000	0.0100000000	100	100	0	0.873677
2469000	0.0000000000	0.0100000000	0.0100000000	100	100	0	0.858838
2470000	0.0000000000	0.0100000000	0.0100000000	100	100	0	0.832618
2471000	0.0000000000	0.0100000000	0.0100000000	100	100	0	0.839555
2472000	0.0000000000	0.0100000000	0.0100000000	100	100	0	0.828972
2473000	0.0000000000	0.0100000000	0.0100000000	100	100	0	0.835274
2474000	0.0000000000	0.0100000000	0.0100000000	100	100	0	0.850111
2475000	0.0000000000	0.0100000000	0.0100000000	100	100	0	0.817513
2476000	0.0000000000	0.0100000000	0.0100000000	100	100	0	0.820232
2477000	0.0000000000	0.0100000000	0.0100000000	100	100	0	0.824984
2478000	0.0000000000	0.0100000000	0.0100000000	100	100	0	0.835205
2479000	0.0000000000	0.0100000000	0.0100000000	100	100	0	0.814913
2480000	0.0000000000	0.0100000000	0.0100000000	100	100	0	0.822112
2481000	0.0000000000	0.0100000000	0.0100000000	100	100	0	0.816255
2482000	0.0000000000	0.0100000000	0.0100000000	100	100	0	0.843483
2483000	0.0000000000	0.0100000000	0.0100000000	100	100	0	0.860366
2484000	0.0000000000	0.0100000000	0.0100000000	100	100	0	0.837557
2485000	0.0000000000	0.0100000000	0.0100000000	100	100	0	0.849517
2486000	0.0000000000	0.0100000000	0.0100000000	100	100	0	0.824497
2487000	0.0000000000	0.0100000000	0.0100000000	100	100	0	0.845702
2488000	0.0000000000	0.0100000000	0.0100000000	100	100	0	0.842468
2489000	0.0000000000	0.0100000000	0.0100000000	100	100	0	0.877047
2490000	0.0000000000	0.0100000000	0.0100000000	100	100	0	0.883041
2491000	0.0000000000	0.0100000000	0.0100000000	100	100	0	0.869317
2492000	0.0000000000	0.0100000000	0.0100000000	100	100	0	0.891083
2493000	0.0000000000	0.0100000000	0.0100000000	100	100	0	0.892379
2494000	0.0000000000	0.0100000000	0.0100000000	100	100	0	0.907399
2495000	0.0000000000	0.0100000000	0.0100000000	100	100	0	0.915883
2496000	0.0000000000	0.0100000000	0.0100000000	100	100	0	0.912386
2497000	0.0000000000	0.0100000000	0.0100000000	100	100	0	0.894592
2498000	0.0000000000	0.0100000000	0.0100000000	100	100	0	0.891831
2499000	0.0000000000	0.0100000000	0.0100000000	100	100	0	0.862047
2500000	0.0000000000	0.0100000000	0.0100000000	100	100	0	0.843502
