time	epistasis_coef	sel_coef	mu_prob	Ne	L	k_start	mean_fitness
1500000	0.6000000000	0.0010000000	0.0001000000	100	100	0	0.995154
1501000	0.6000000000	0.0010000000	0.0001000000	100	100	0	0.995154
1502000	0.6000000000	0.0010000000	0.0001000000	100	100	0	0.995154
1503000	0.6000000000	0.0010000000	0.0001000000	100	100	0	0.995154
1504000	0.6000000000	0.0010000000	0.0001000000	100	100	0	0.995154
1505000	0.6000000000	0.0010000000	0.0001000000	100	100	0	0.995117
1506000	0.6000000000	0.0010000000	0.0001000000	100	100	0	0.995117
1507000	0.6000000000	0.0010000000	0.0001000000	100	100	0	0.995117
1508000	0.6000000000	0.0010000000	0.0001000000	100	100	0	0.995117
1509000	0.6000000000	0.0010000000	0.0001000000	100	100	0	0.995117
1510000	0.6000000000	0.0010000000	0.0001000000	100	100	0	0.995117
1511000	0.6000000000	0.0010000000	0.0001000000	100	100	0	0.995117
1512000	0.6000000000	0.0010000000	0.0001000000	100	100	0	0.995117
1513000	0.6000000000	0.0010000000	0.0001000000	100	100	0	0.995117
1514000	0.6000000000	0.0010000000	0.0001000000	100	100	0	0.995119
1515000	0.6000000000	0.0010000000	0.0001000000	100	100	0	0.995117
1516000	0.6000000000	0.0010000000	0.0001000000	100	100	0	0.995081
1517000	0.6000000000	0.0010000000	0.0001000000	100	100	0	0.995081
1518000	0.6000000000	0.0010000000	0.0001000000	100	100	0	0.995081
1519000	0.6000000000	0.0010000000	0.0001000000	100	100	0	0.995081
1520000	0.6000000000	0.0010000000	0.0001000000	100	100	0	0.995081
1521000	0.6000000000	0.0010000000	0.0001000000	100	100	0	0.995081
1522000	0.6000000000	0.0010000000	0.0001000000	100	100	0	0.995081
1523000	0.6000000000	0.0010000000	0.0001000000	100	100	0	0.995081
1524000	0.6000000000	0.0010000000	0.0001000000	100	100	0	0.995081
1525000	0.6000000000	0.0010000000	0.0001000000	100	100	0	0.995081
1526000	0.6000000000	0.0010000000	0.0001000000	100	100	0	0.995081
1527000	0.6000000000	0.0010000000	0.0001000000	100	100	0	0.995081
1528000	0.6000000000	0.0010000000	0.0001000000	100	100	0	0.995081
1529000	0.6000000000	0.0010000000	0.0001000000	100	100	0	0.995081
1530000	0.6000000000	0.0010000000	0.0001000000	100	100	0	0.995081
1531000	0.6000000000	0.0010000000	0.0001000000	100	100	0	0.995081
1532000	0.6000000000	0.0010000000	0.0001000000	100	100	0	0.995081
1533000	0.6000000000	0.0010000000	0.0001000000	100	100	0	0.995081
1534000	0.6000000000	0.0010000000	0.0001000000	100	100	0	0.995117
1535000	0.6000000000	0.0010000000	0.0001000000	100	100	0	0.995117
1536000	0.6000000000	0.0010000000	0.0001000000	100	100	0	0.995117
1537000	0.6000000000	0.0010000000	0.0001000000	100	100	0	0.995117
1538000	0.6000000000	0.0010000000	0.0001000000	100	100	0	0.995108
1539000	0.6000000000	0.0010000000	0.0001000000	100	100	0	0.995117
1540000	0.6000000000	0.0010000000	0.0001000000	100	100	0	0.995117
1541000	0.6000000000	0.0010000000	0.0001000000	100	100	0	0.995117
1542000	0.6000000000	0.0010000000	0.0001000000	100	100	0	0.995117
1543000	0.6000000000	0.0010000000	0.0001000000	100	100	0	0.995117
1544000	0.6000000000	0.0010000000	0.0001000000	100	100	0	0.995117
1545000	0.6000000000	0.0010000000	0.0001000000	100	100	0	0.995117
1546000	0.6000000000	0.0010000000	0.0001000000	100	100	0	0.995117
1547000	0.6000000000	0.0010000000	0.0001000000	100	100	0	0.995082
1548000	0.6000000000	0.0010000000	0.0001000000	100	100	0	0.995081
1549000	0.6000000000	0.0010000000	0.0001000000	100	100	0	0.995081
1550000	0.6000000000	0.0010000000	0.0001000000	100	100	0	0.995081
1551000	0.6000000000	0.0010000000	0.0001000000	100	100	0	0.995081
1552000	0.6000000000	0.0010000000	0.0001000000	100	100	0	0.995081
1553000	0.6000000000	0.0010000000	0.0001000000	100	100	0	0.995045
1554000	0.6000000000	0.0010000000	0.0001000000	100	100	0	0.995045
1555000	0.6000000000	0.0010000000	0.0001000000	100	100	0	0.995009
1556000	0.6000000000	0.0010000000	0.0001000000	100	100	0	0.995009
1557000	0.6000000000	0.0010000000	0.0001000000	100	100	0	0.995011
1558000	0.6000000000	0.0010000000	0.0001000000	100	100	0	0.995009
1559000	0.6000000000	0.0010000000	0.0001000000	100	100	0	0.995009
1560000	0.6000000000	0.0010000000	0.0001000000	100	100	0	0.995009
1561000	0.6000000000	0.0010000000	0.0001000000	100	100	0	0.995009
1562000	0.6000000000	0.0010000000	0.0001000000	100	100	0	0.995009
1563000	0.6000000000	0.0010000000	0.0001000000	100	100	0	0.995020
1564000	0.6000000000	0.0010000000	0.0001000000	100	100	0	0.995045
1565000	0.6000000000	0.0010000000	0.0001000000	100	100	0	0.995045
1566000	0.6000000000	0.0010000000	0.0001000000	100	100	0	0.995045
1567000	0.6000000000	0.0010000000	0.0001000000	100	100	0	0.995009
1568000	0.6000000000	0.0010000000	0.0001000000	100	100	0	0.995009
1569000	0.6000000000	0.0010000000	0.0001000000	100	100	0	0.995009
1570000	0.6000000000	0.0010000000	0.0001000000	100	100	0	0.995009
1571000	0.6000000000	0.0010000000	0.0001000000	100	100	0	0.995009
1572000	0.6000000000	0.0010000000	0.0001000000	100	100	0	0.995010
1573000	0.6000000000	0.0010000000	0.0001000000	100	100	0	0.995008
1574000	0.6000000000	0.0010000000	0.0001000000	100	100	0	0.995009
1575000	0.6000000000	0.0010000000	0.0001000000	100	100	0	0.995009
1576000	0.6000000000	0.0010000000	0.0001000000	100	100	0	0.995009
1577000	0.6000000000	0.0010000000	0.0001000000	100	100	0	0.995009
1578000	0.6000000000	0.0010000000	0.0001000000	100	100	0	0.995009
1579000	0.6000000000	0.0010000000	0.0001000000	100	100	0	0.995009
1580000	0.6000000000	0.0010000000	0.0001000000	100	100	0	0.995009
1581000	0.6000000000	0.0010000000	0.0001000000	100	100	0	0.995009
1582000	0.6000000000	0.0010000000	0.0001000000	100	100	0	0.995009
1583000	0.6000000000	0.0010000000	0.0001000000	100	100	0	0.995009
1584000	0.6000000000	0.0010000000	0.0001000000	100	100	0	0.995009
1585000	0.6000000000	0.0010000000	0.0001000000	100	100	0	0.995009
1586000	0.6000000000	0.0010000000	0.0001000000	100	100	0	0.995009
1587000	0.6000000000	0.0010000000	0.0001000000	100	100	0	0.995009
1588000	0.6000000000	0.0010000000	0.0001000000	100	100	0	0.995009
1589000	0.6000000000	0.0010000000	0.0001000000	100	100	0	0.995009
1590000	0.6000000000	0.0010000000	0.0001000000	100	100	0	0.995014
1591000	0.6000000000	0.0010000000	0.0001000000	100	100	0	0.995009
1592000	0.6000000000	0.0010000000	0.0001000000	100	100	0	0.995009
1593000	0.6000000000	0.0010000000	0.0001000000	100	100	0	0.995009
1594000	0.6000000000	0.0010000000	0.0001000000	100	100	0	0.995009
1595000	0.6000000000	0.0010000000	0.0001000000	100	100	0	0.995007
1596000	0.6000000000	0.0010000000	0.0001000000	100	100	0	0.995009
1597000	0.6000000000	0.0010000000	0.0001000000	100	100	0	0.995009
1598000	0.6000000000	0.0010000000	0.0001000000	100	100	0	0.995009
1599000	0.6000000000	0.0010000000	0.0001000000	100	100	0	0.995009
1600000	0.6000000000	0.0010000000	0.0001000000	100	100	0	0.995009
1601000	0.6000000000	0.0010000000	0.0001000000	100	100	0	0.995010
1602000	0.6000000000	0.0010000000	0.0001000000	100	100	0	0.995009
1603000	0.6000000000	0.0010000000	0.0001000000	100	100	0	0.995009
1604000	0.6000000000	0.0010000000	0.0001000000	100	100	0	0.995009
1605000	0.6000000000	0.0010000000	0.0001000000	100	100	0	0.995009
1606000	0.6000000000	0.0010000000	0.0001000000	100	100	0	0.995009
1607000	0.6000000000	0.0010000000	0.0001000000	100	100	0	0.995009
1608000	0.6000000000	0.0010000000	0.0001000000	100	100	0	0.995009
1609000	0.6000000000	0.0010000000	0.0001000000	100	100	0	0.995009
1610000	0.6000000000	0.0010000000	0.0001000000	100	100	0	0.995009
1611000	0.6000000000	0.0010000000	0.0001000000	100	100	0	0.995009
1612000	0.6000000000	0.0010000000	0.0001000000	100	100	0	0.995009
1613000	0.6000000000	0.0010000000	0.0001000000	100	100	0	0.995009
1614000	0.6000000000	0.0010000000	0.0001000000	100	100	0	0.995009
1615000	0.6000000000	0.0010000000	0.0001000000	100	100	0	0.995009
1616000	0.6000000000	0.0010000000	0.0001000000	100	100	0	0.995009
1617000	0.6000000000	0.0010000000	0.0001000000	100	100	0	0.995009
1618000	0.6000000000	0.0010000000	0.0001000000	100	100	0	0.995009
1619000	0.6000000000	0.0010000000	0.0001000000	100	100	0	0.995009
1620000	0.6000000000	0.0010000000	0.0001000000	100	100	0	0.995009
1621000	0.6000000000	0.0010000000	0.0001000000	100	100	0	0.995009
1622000	0.6000000000	0.0010000000	0.0001000000	100	100	0	0.994974
1623000	0.6000000000	0.0010000000	0.0001000000	100	100	0	0.994974
1624000	0.6000000000	0.0010000000	0.0001000000	100	100	0	0.994976
1625000	0.6000000000	0.0010000000	0.0001000000	100	100	0	0.994974
1626000	0.6000000000	0.0010000000	0.0001000000	100	100	0	0.994974
1627000	0.6000000000	0.0010000000	0.0001000000	100	100	0	0.994974
1628000	0.6000000000	0.0010000000	0.0001000000	100	100	0	0.994974
1629000	0.6000000000	0.0010000000	0.0001000000	100	100	0	0.994958
1630000	0.6000000000	0.0010000000	0.0001000000	100	100	0	0.994939
1631000	0.6000000000	0.0010000000	0.0001000000	100	100	0	0.994939
1632000	0.6000000000	0.0010000000	0.0001000000	100	100	0	0.994939
1633000	0.6000000000	0.0010000000	0.0001000000	100	100	0	0.994939
1634000	0.6000000000	0.0010000000	0.0001000000	100	100	0	0.994939
1635000	0.6000000000	0.0010000000	0.0001000000	100	100	0	0.994939
1636000	0.6000000000	0.0010000000	0.0001000000	100	100	0	0.994939
1637000	0.6000000000	0.0010000000	0.0001000000	100	100	0	0.994939
1638000	0.6000000000	0.0010000000	0.0001000000	100	100	0	0.994939
1639000	0.6000000000	0.0010000000	0.0001000000	100	100	0	0.994939
1640000	0.6000000000	0.0010000000	0.0001000000	100	100	0	0.994931
1641000	0.6000000000	0.0010000000	0.0001000000	100	100	0	0.994939
1642000	0.6000000000	0.0010000000	0.0001000000	100	100	0	0.994939
1643000	0.6000000000	0.0010000000	0.0001000000	100	100	0	0.994939
1644000	0.6000000000	0.0010000000	0.0001000000	100	100	0	0.994939
1645000	0.6000000000	0.0010000000	0.0001000000	100	100	0	0.994939
1646000	0.6000000000	0.0010000000	0.0001000000	100	100	0	0.994939
1647000	0.6000000000	0.0010000000	0.0001000000	100	100	0	0.994939
1648000	0.6000000000	0.0010000000	0.0001000000	100	100	0	0.994939
1649000	0.6000000000	0.0010000000	0.0001000000	100	100	0	0.994939
1650000	0.6000000000	0.0010000000	0.0001000000	100	100	0	0.994939
1651000	0.6000000000	0.0010000000	0.0001000000	100	100	0	0.994939
1652000	0.6000000000	0.0010000000	0.0001000000	100	100	0	0.994939
1653000	0.6000000000	0.0010000000	0.0001000000	100	100	0	0.994939
1654000	0.6000000000	0.0010000000	0.0001000000	100	100	0	0.994939
1655000	0.6000000000	0.0010000000	0.0001000000	100	100	0	0.994939
1656000	0.6000000000	0.0010000000	0.0001000000	100	100	0	0.994939
1657000	0.6000000000	0.0010000000	0.0001000000	100	100	0	0.994958
1658000	0.6000000000	0.0010000000	0.0001000000	100	100	0	0.994974
1659000	0.6000000000	0.0010000000	0.0001000000	100	100	0	0.994972
1660000	0.6000000000	0.0010000000	0.0001000000	100	100	0	0.995009
1661000	0.6000000000	0.0010000000	0.0001000000	100	100	0	0.995009
1662000	0.6000000000	0.0010000000	0.0001000000	100	100	0	0.995009
1663000	0.6000000000	0.0010000000	0.0001000000	100	100	0	0.995009
1664000	0.6000000000	0.0010000000	0.0001000000	100	100	0	0.995009
1665000	0.6000000000	0.0010000000	0.0001000000	100	100	0	0.995009
1666000	0.6000000000	0.0010000000	0.0001000000	100	100	0	0.995009
1667000	0.6000000000	0.0010000000	0.0001000000	100	100	0	0.995045
1668000	0.6000000000	0.0010000000	0.0001000000	100	100	0	0.995043
1669000	0.6000000000	0.0010000000	0.0001000000	100	100	0	0.995044
1670000	0.6000000000	0.0010000000	0.0001000000	100	100	0	0.995045
1671000	0.6000000000	0.0010000000	0.0001000000	100	100	0	0.995045
1672000	0.6000000000	0.0010000000	0.0001000000	100	100	0	0.995009
1673000	0.6000000000	0.0010000000	0.0001000000	100	100	0	0.995045
1674000	0.6000000000	0.0010000000	0.0001000000	100	100	0	0.995035
1675000	0.6000000000	0.0010000000	0.0001000000	100	100	0	0.995011
1676000	0.6000000000	0.0010000000	0.0001000000	100	100	0	0.994974
1677000	0.6000000000	0.0010000000	0.0001000000	100	100	0	0.994974
1678000	0.6000000000	0.0010000000	0.0001000000	100	100	0	0.994974
1679000	0.6000000000	0.0010000000	0.0001000000	100	100	0	0.994974
1680000	0.6000000000	0.0010000000	0.0001000000	100	100	0	0.994974
1681000	0.6000000000	0.0010000000	0.0001000000	100	100	0	0.994968
1682000	0.6000000000	0.0010000000	0.0001000000	100	100	0	0.994974
1683000	0.6000000000	0.0010000000	0.0001000000	100	100	0	0.994974
1684000	0.6000000000	0.0010000000	0.0001000000	100	100	0	0.994974
1685000	0.6000000000	0.0010000000	0.0001000000	100	100	0	0.994974
1686000	0.6000000000	0.0010000000	0.0001000000	100	100	0	0.994960
1687000	0.6000000000	0.0010000000	0.0001000000	100	100	0	0.994974
1688000	0.6000000000	0.0010000000	0.0001000000	100	100	0	0.994974
1689000	0.6000000000	0.0010000000	0.0001000000	100	100	0	0.994974
1690000	0.6000000000	0.0010000000	0.0001000000	100	100	0	0.994974
1691000	0.6000000000	0.0010000000	0.0001000000	100	100	0	0.994974
1692000	0.6000000000	0.0010000000	0.0001000000	100	100	0	0.994974
1693000	0.6000000000	0.0010000000	0.0001000000	100	100	0	0.994974
1694000	0.6000000000	0.0010000000	0.0001000000	100	100	0	0.994974
1695000	0.6000000000	0.0010000000	0.0001000000	100	100	0	0.994977
1696000	0.6000000000	0.0010000000	0.0001000000	100	100	0	0.994974
1697000	0.6000000000	0.0010000000	0.0001000000	100	100	0	0.994974
1698000	0.6000000000	0.0010000000	0.0001000000	100	100	0	0.994974
1699000	0.6000000000	0.0010000000	0.0001000000	100	100	0	0.994974
1700000	0.6000000000	0.0010000000	0.0001000000	100	100	0	0.994974
1701000	0.6000000000	0.0010000000	0.0001000000	100	100	0	0.994974
1702000	0.6000000000	0.0010000000	0.0001000000	100	100	0	0.994974
1703000	0.6000000000	0.0010000000	0.0001000000	100	100	0	0.994974
1704000	0.6000000000	0.0010000000	0.0001000000	100	100	0	0.994974
1705000	0.6000000000	0.0010000000	0.0001000000	100	100	0	0.995008
1706000	0.6000000000	0.0010000000	0.0001000000	100	100	0	0.995009
1707000	0.6000000000	0.0010000000	0.0001000000	100	100	0	0.995009
1708000	0.6000000000	0.0010000000	0.0001000000	100	100	0	0.994974
1709000	0.6000000000	0.0010000000	0.0001000000	100	100	0	0.994974
1710000	0.6000000000	0.0010000000	0.0001000000	100	100	0	0.994974
1711000	0.6000000000	0.0010000000	0.0001000000	100	100	0	0.994974
1712000	0.6000000000	0.0010000000	0.0001000000	100	100	0	0.994974
1713000	0.6000000000	0.0010000000	0.0001000000	100	100	0	0.994974
1714000	0.6000000000	0.0010000000	0.0001000000	100	100	0	0.994974
1715000	0.6000000000	0.0010000000	0.0001000000	100	100	0	0.994974
1716000	0.6000000000	0.0010000000	0.0001000000	100	100	0	0.994974
1717000	0.6000000000	0.0010000000	0.0001000000	100	100	0	0.994974
1718000	0.6000000000	0.0010000000	0.0001000000	100	100	0	0.994974
1719000	0.6000000000	0.0010000000	0.0001000000	100	100	0	0.994939
1720000	0.6000000000	0.0010000000	0.0001000000	100	100	0	0.994939
1721000	0.6000000000	0.0010000000	0.0001000000	100	100	0	0.994939
1722000	0.6000000000	0.0010000000	0.0001000000	100	100	0	0.994939
1723000	0.6000000000	0.0010000000	0.0001000000	100	100	0	0.994939
1724000	0.6000000000	0.0010000000	0.0001000000	100	100	0	0.994939
1725000	0.6000000000	0.0010000000	0.0001000000	100	100	0	0.994939
1726000	0.6000000000	0.0010000000	0.0001000000	100	100	0	0.994939
1727000	0.6000000000	0.0010000000	0.0001000000	100	100	0	0.994948
1728000	0.6000000000	0.0010000000	0.0001000000	100	100	0	0.994939
1729000	0.6000000000	0.0010000000	0.0001000000	100	100	0	0.994939
1730000	0.6000000000	0.0010000000	0.0001000000	100	100	0	0.994939
1731000	0.6000000000	0.0010000000	0.0001000000	100	100	0	0.994939
1732000	0.6000000000	0.0010000000	0.0001000000	100	100	0	0.994939
1733000	0.6000000000	0.0010000000	0.0001000000	100	100	0	0.994939
1734000	0.6000000000	0.0010000000	0.0001000000	100	100	0	0.994939
1735000	0.6000000000	0.0010000000	0.0001000000	100	100	0	0.994939
1736000	0.6000000000	0.0010000000	0.0001000000	100	100	0	0.994939
1737000	0.6000000000	0.0010000000	0.0001000000	100	100	0	0.994939
1738000	0.6000000000	0.0010000000	0.0001000000	100	100	0	0.994939
1739000	0.6000000000	0.0010000000	0.0001000000	100	100	0	0.994939
1740000	0.6000000000	0.0010000000	0.0001000000	100	100	0	0.994939
1741000	0.6000000000	0.0010000000	0.0001000000	100	100	0	0.994939
1742000	0.6000000000	0.0010000000	0.0001000000	100	100	0	0.994939
1743000	0.6000000000	0.0010000000	0.0001000000	100	100	0	0.994939
1744000	0.6000000000	0.0010000000	0.0001000000	100	100	0	0.994939
1745000	0.6000000000	0.0010000000	0.0001000000	100	100	0	0.994939
1746000	0.6000000000	0.0010000000	0.0001000000	100	100	0	0.994939
1747000	0.6000000000	0.0010000000	0.0001000000	100	100	0	0.994939
1748000	0.6000000000	0.0010000000	0.0001000000	100	100	0	0.994939
1749000	0.6000000000	0.0010000000	0.0001000000	100	100	0	0.994939
1750000	0.6000000000	0.0010000000	0.0001000000	100	100	0	0.994939
1751000	0.6000000000	0.0010000000	0.0001000000	100	100	0	0.994939
1752000	0.6000000000	0.0010000000	0.0001000000	100	100	0	0.994939
1753000	0.6000000000	0.0010000000	0.0001000000	100	100	0	0.994939
1754000	0.6000000000	0.0010000000	0.0001000000	100	100	0	0.994939
1755000	0.6000000000	0.0010000000	0.0001000000	100	100	0	0.994939
1756000	0.6000000000	0.0010000000	0.0001000000	100	100	0	0.994939
1757000	0.6000000000	0.0010000000	0.0001000000	100	100	0	0.994939
1758000	0.6000000000	0.0010000000	0.0001000000	100	100	0	0.994939
1759000	0.6000000000	0.0010000000	0.0001000000	100	100	0	0.994939
1760000	0.6000000000	0.0010000000	0.0001000000	100	100	0	0.994939
1761000	0.6000000000	0.0010000000	0.0001000000	100	100	0	0.994939
1762000	0.6000000000	0.0010000000	0.0001000000	100	100	0	0.994939
1763000	0.6000000000	0.0010000000	0.0001000000	100	100	0	0.994939
1764000	0.6000000000	0.0010000000	0.0001000000	100	100	0	0.994939
1765000	0.6000000000	0.0010000000	0.0001000000	100	100	0	0.994939
1766000	0.6000000000	0.0010000000	0.0001000000	100	100	0	0.994939
1767000	0.6000000000	0.0010000000	0.0001000000	100	100	0	0.994939
1768000	0.6000000000	0.0010000000	0.0001000000	100	100	0	0.994904
1769000	0.6000000000	0.0010000000	0.0001000000	100	100	0	0.994904
1770000	0.6000000000	0.0010000000	0.0001000000	100	100	0	0.994904
1771000	0.6000000000	0.0010000000	0.0001000000	100	100	0	0.994904
1772000	0.6000000000	0.0010000000	0.0001000000	100	100	0	0.994904
1773000	0.6000000000	0.0010000000	0.0001000000	100	100	0	0.994904
1774000	0.6000000000	0.0010000000	0.0001000000	100	100	0	0.994904
1775000	0.6000000000	0.0010000000	0.0001000000	100	100	0	0.994904
1776000	0.6000000000	0.0010000000	0.0001000000	100	100	0	0.994904
1777000	0.6000000000	0.0010000000	0.0001000000	100	100	0	0.994904
1778000	0.6000000000	0.0010000000	0.0001000000	100	100	0	0.994904
1779000	0.6000000000	0.0010000000	0.0001000000	100	100	0	0.994904
1780000	0.6000000000	0.0010000000	0.0001000000	100	100	0	0.994904
1781000	0.6000000000	0.0010000000	0.0001000000	100	100	0	0.994904
1782000	0.6000000000	0.0010000000	0.0001000000	100	100	0	0.994904
1783000	0.6000000000	0.0010000000	0.0001000000	100	100	0	0.994904
1784000	0.6000000000	0.0010000000	0.0001000000	100	100	0	0.994904
1785000	0.6000000000	0.0010000000	0.0001000000	100	100	0	0.994870
1786000	0.6000000000	0.0010000000	0.0001000000	100	100	0	0.994874
1787000	0.6000000000	0.0010000000	0.0001000000	100	100	0	0.994870
1788000	0.6000000000	0.0010000000	0.0001000000	100	100	0	0.994904
1789000	0.6000000000	0.0010000000	0.0001000000	100	100	0	0.994904
1790000	0.6000000000	0.0010000000	0.0001000000	100	100	0	0.994904
1791000	0.6000000000	0.0010000000	0.0001000000	100	100	0	0.994904
1792000	0.6000000000	0.0010000000	0.0001000000	100	100	0	0.994904
1793000	0.6000000000	0.0010000000	0.0001000000	100	100	0	0.994904
1794000	0.6000000000	0.0010000000	0.0001000000	100	100	0	0.994904
1795000	0.6000000000	0.0010000000	0.0001000000	100	100	0	0.994904
1796000	0.6000000000	0.0010000000	0.0001000000	100	100	0	0.994904
1797000	0.6000000000	0.0010000000	0.0001000000	100	100	0	0.994904
1798000	0.6000000000	0.0010000000	0.0001000000	100	100	0	0.994904
1799000	0.6000000000	0.0010000000	0.0001000000	100	100	0	0.994904
1800000	0.6000000000	0.0010000000	0.0001000000	100	100	0	0.994904
1801000	0.6000000000	0.0010000000	0.0001000000	100	100	0	0.994904
1802000	0.6000000000	0.0010000000	0.0001000000	100	100	0	0.994939
1803000	0.6000000000	0.0010000000	0.0001000000	100	100	0	0.994939
1804000	0.6000000000	0.0010000000	0.0001000000	100	100	0	0.994939
1805000	0.6000000000	0.0010000000	0.0001000000	100	100	0	0.994939
1806000	0.6000000000	0.0010000000	0.0001000000	100	100	0	0.994939
1807000	0.6000000000	0.0010000000	0.0001000000	100	100	0	0.994939
1808000	0.6000000000	0.0010000000	0.0001000000	100	100	0	0.994939
1809000	0.6000000000	0.0010000000	0.0001000000	100	100	0	0.994939
1810000	0.6000000000	0.0010000000	0.0001000000	100	100	0	0.994904
1811000	0.6000000000	0.0010000000	0.0001000000	100	100	0	0.994904
1812000	0.6000000000	0.0010000000	0.0001000000	100	100	0	0.994904
1813000	0.6000000000	0.0010000000	0.0001000000	100	100	0	0.994904
1814000	0.6000000000	0.0010000000	0.0001000000	100	100	0	0.994904
1815000	0.6000000000	0.0010000000	0.0001000000	100	100	0	0.994904
1816000	0.6000000000	0.0010000000	0.0001000000	100	100	0	0.994904
1817000	0.6000000000	0.0010000000	0.0001000000	100	100	0	0.994904
1818000	0.6000000000	0.0010000000	0.0001000000	100	100	0	0.994904
1819000	0.6000000000	0.0010000000	0.0001000000	100	100	0	0.994904
1820000	0.6000000000	0.0010000000	0.0001000000	100	100	0	0.994904
1821000	0.6000000000	0.0010000000	0.0001000000	100	100	0	0.994904
1822000	0.6000000000	0.0010000000	0.0001000000	100	100	0	0.994904
1823000	0.6000000000	0.0010000000	0.0001000000	100	100	0	0.994904
1824000	0.6000000000	0.0010000000	0.0001000000	100	100	0	0.994904
1825000	0.6000000000	0.0010000000	0.0001000000	100	100	0	0.994901
1826000	0.6000000000	0.0010000000	0.0001000000	100	100	0	0.994911
1827000	0.6000000000	0.0010000000	0.0001000000	100	100	0	0.994904
1828000	0.6000000000	0.0010000000	0.0001000000	100	100	0	0.994904
1829000	0.6000000000	0.0010000000	0.0001000000	100	100	0	0.994904
1830000	0.6000000000	0.0010000000	0.0001000000	100	100	0	0.994904
1831000	0.6000000000	0.0010000000	0.0001000000	100	100	0	0.994904
1832000	0.6000000000	0.0010000000	0.0001000000	100	100	0	0.994904
1833000	0.6000000000	0.0010000000	0.0001000000	100	100	0	0.994904
1834000	0.6000000000	0.0010000000	0.0001000000	100	100	0	0.994904
1835000	0.6000000000	0.0010000000	0.0001000000	100	100	0	0.994904
1836000	0.6000000000	0.0010000000	0.0001000000	100	100	0	0.994904
1837000	0.6000000000	0.0010000000	0.0001000000	100	100	0	0.994904
1838000	0.6000000000	0.0010000000	0.0001000000	100	100	0	0.994904
1839000	0.6000000000	0.0010000000	0.0001000000	100	100	0	0.994904
1840000	0.6000000000	0.0010000000	0.0001000000	100	100	0	0.994904
1841000	0.6000000000	0.0010000000	0.0001000000	100	100	0	0.994904
1842000	0.6000000000	0.0010000000	0.0001000000	100	100	0	0.994904
1843000	0.6000000000	0.0010000000	0.0001000000	100	100	0	0.994904
1844000	0.6000000000	0.0010000000	0.0001000000	100	100	0	0.994904
1845000	0.6000000000	0.0010000000	0.0001000000	100	100	0	0.994904
1846000	0.6000000000	0.0010000000	0.0001000000	100	100	0	0.994905
1847000	0.6000000000	0.0010000000	0.0001000000	100	100	0	0.994905
1848000	0.6000000000	0.0010000000	0.0001000000	100	100	0	0.994904
1849000	0.6000000000	0.0010000000	0.0001000000	100	100	0	0.994904
1850000	0.6000000000	0.0010000000	0.0001000000	100	100	0	0.994904
1851000	0.6000000000	0.0010000000	0.0001000000	100	100	0	0.994904
1852000	0.6000000000	0.0010000000	0.0001000000	100	100	0	0.994904
1853000	0.6000000000	0.0010000000	0.0001000000	100	100	0	0.994904
1854000	0.6000000000	0.0010000000	0.0001000000	100	100	0	0.994904
1855000	0.6000000000	0.0010000000	0.0001000000	100	100	0	0.994904
1856000	0.6000000000	0.0010000000	0.0001000000	100	100	0	0.994904
1857000	0.6000000000	0.0010000000	0.0001000000	100	100	0	0.994904
1858000	0.6000000000	0.0010000000	0.0001000000	100	100	0	0.994904
1859000	0.6000000000	0.0010000000	0.0001000000	100	100	0	0.994904
1860000	0.6000000000	0.0010000000	0.0001000000	100	100	0	0.994904
1861000	0.6000000000	0.0010000000	0.0001000000	100	100	0	0.994904
1862000	0.6000000000	0.0010000000	0.0001000000	100	100	0	0.994904
1863000	0.6000000000	0.0010000000	0.0001000000	100	100	0	0.994904
1864000	0.6000000000	0.0010000000	0.0001000000	100	100	0	0.994904
1865000	0.6000000000	0.0010000000	0.0001000000	100	100	0	0.994904
1866000	0.6000000000	0.0010000000	0.0001000000	100	100	0	0.994904
1867000	0.6000000000	0.0010000000	0.0001000000	100	100	0	0.994904
1868000	0.6000000000	0.0010000000	0.0001000000	100	100	0	0.994904
1869000	0.6000000000	0.0010000000	0.0001000000	100	100	0	0.994904
1870000	0.6000000000	0.0010000000	0.0001000000	100	100	0	0.994870
1871000	0.6000000000	0.0010000000	0.0001000000	100	100	0	0.994904
1872000	0.6000000000	0.0010000000	0.0001000000	100	100	0	0.994904
1873000	0.6000000000	0.0010000000	0.0001000000	100	100	0	0.994904
1874000	0.6000000000	0.0010000000	0.0001000000	100	100	0	0.994904
1875000	0.6000000000	0.0010000000	0.0001000000	100	100	0	0.994904
1876000	0.6000000000	0.0010000000	0.0001000000	100	100	0	0.994904
1877000	0.6000000000	0.0010000000	0.0001000000	100	100	0	0.994904
1878000	0.6000000000	0.0010000000	0.0001000000	100	100	0	0.994904
1879000	0.6000000000	0.0010000000	0.0001000000	100	100	0	0.994939
1880000	0.6000000000	0.0010000000	0.0001000000	100	100	0	0.994939
1881000	0.6000000000	0.0010000000	0.0001000000	100	100	0	0.994939
1882000	0.6000000000	0.0010000000	0.0001000000	100	100	0	0.994939
1883000	0.6000000000	0.0010000000	0.0001000000	100	100	0	0.994939
1884000	0.6000000000	0.0010000000	0.0001000000	100	100	0	0.994904
1885000	0.6000000000	0.0010000000	0.0001000000	100	100	0	0.994904
1886000	0.6000000000	0.0010000000	0.0001000000	100	100	0	0.994939
1887000	0.6000000000	0.0010000000	0.0001000000	100	100	0	0.994939
1888000	0.6000000000	0.0010000000	0.0001000000	100	100	0	0.994939
1889000	0.6000000000	0.0010000000	0.0001000000	100	100	0	0.994939
1890000	0.6000000000	0.0010000000	0.0001000000	100	100	0	0.994974
1891000	0.6000000000	0.0010000000	0.0001000000	100	100	0	0.994974
1892000	0.6000000000	0.0010000000	0.0001000000	100	100	0	0.994974
1893000	0.6000000000	0.0010000000	0.0001000000	100	100	0	0.994974
1894000	0.6000000000	0.0010000000	0.0001000000	100	100	0	0.994974
1895000	0.6000000000	0.0010000000	0.0001000000	100	100	0	0.994974
1896000	0.6000000000	0.0010000000	0.0001000000	100	100	0	0.994974
1897000	0.6000000000	0.0010000000	0.0001000000	100	100	0	0.994974
1898000	0.6000000000	0.0010000000	0.0001000000	100	100	0	0.994974
1899000	0.6000000000	0.0010000000	0.0001000000	100	100	0	0.994974
1900000	0.6000000000	0.0010000000	0.0001000000	100	100	0	0.994974
1901000	0.6000000000	0.0010000000	0.0001000000	100	100	0	0.994974
1902000	0.6000000000	0.0010000000	0.0001000000	100	100	0	0.994974
1903000	0.6000000000	0.0010000000	0.0001000000	100	100	0	0.994974
1904000	0.6000000000	0.0010000000	0.0001000000	100	100	0	0.994975
1905000	0.6000000000	0.0010000000	0.0001000000	100	100	0	0.994974
1906000	0.6000000000	0.0010000000	0.0001000000	100	100	0	0.994974
1907000	0.6000000000	0.0010000000	0.0001000000	100	100	0	0.994974
1908000	0.6000000000	0.0010000000	0.0001000000	100	100	0	0.994974
1909000	0.6000000000	0.0010000000	0.0001000000	100	100	0	0.994974
1910000	0.6000000000	0.0010000000	0.0001000000	100	100	0	0.994974
1911000	0.6000000000	0.0010000000	0.0001000000	100	100	0	0.994974
1912000	0.6000000000	0.0010000000	0.0001000000	100	100	0	0.994974
1913000	0.6000000000	0.0010000000	0.0001000000	100	100	0	0.994974
1914000	0.6000000000	0.0010000000	0.0001000000	100	100	0	0.994974
1915000	0.6000000000	0.0010000000	0.0001000000	100	100	0	0.994974
1916000	0.6000000000	0.0010000000	0.0001000000	100	100	0	0.994974
1917000	0.6000000000	0.0010000000	0.0001000000	100	100	0	0.994977
1918000	0.6000000000	0.0010000000	0.0001000000	100	100	0	0.994974
1919000	0.6000000000	0.0010000000	0.0001000000	100	100	0	0.994974
1920000	0.6000000000	0.0010000000	0.0001000000	100	100	0	0.994974
1921000	0.6000000000	0.0010000000	0.0001000000	100	100	0	0.994974
1922000	0.6000000000	0.0010000000	0.0001000000	100	100	0	0.994974
1923000	0.6000000000	0.0010000000	0.0001000000	100	100	0	0.994974
1924000	0.6000000000	0.0010000000	0.0001000000	100	100	0	0.994974
1925000	0.6000000000	0.0010000000	0.0001000000	100	100	0	0.994974
1926000	0.6000000000	0.0010000000	0.0001000000	100	100	0	0.994975
1927000	0.6000000000	0.0010000000	0.0001000000	100	100	0	0.994974
1928000	0.6000000000	0.0010000000	0.0001000000	100	100	0	0.994974
1929000	0.6000000000	0.0010000000	0.0001000000	100	100	0	0.994974
1930000	0.6000000000	0.0010000000	0.0001000000	100	100	0	0.994974
1931000	0.6000000000	0.0010000000	0.0001000000	100	100	0	0.994974
1932000	0.6000000000	0.0010000000	0.0001000000	100	100	0	0.994974
1933000	0.6000000000	0.0010000000	0.0001000000	100	100	0	0.994974
1934000	0.6000000000	0.0010000000	0.0001000000	100	100	0	0.994974
1935000	0.6000000000	0.0010000000	0.0001000000	100	100	0	0.994974
1936000	0.6000000000	0.0010000000	0.0001000000	100	100	0	0.994973
1937000	0.6000000000	0.0010000000	0.0001000000	100	100	0	0.994974
1938000	0.6000000000	0.0010000000	0.0001000000	100	100	0	0.994974
1939000	0.6000000000	0.0010000000	0.0001000000	100	100	0	0.994974
1940000	0.6000000000	0.0010000000	0.0001000000	100	100	0	0.994967
1941000	0.6000000000	0.0010000000	0.0001000000	100	100	0	0.994974
1942000	0.6000000000	0.0010000000	0.0001000000	100	100	0	0.994967
1943000	0.6000000000	0.0010000000	0.0001000000	100	100	0	0.995009
1944000	0.6000000000	0.0010000000	0.0001000000	100	100	0	0.995009
1945000	0.6000000000	0.0010000000	0.0001000000	100	100	0	0.995009
1946000	0.6000000000	0.0010000000	0.0001000000	100	100	0	0.995009
1947000	0.6000000000	0.0010000000	0.0001000000	100	100	0	0.995009
1948000	0.6000000000	0.0010000000	0.0001000000	100	100	0	0.995009
1949000	0.6000000000	0.0010000000	0.0001000000	100	100	0	0.995045
1950000	0.6000000000	0.0010000000	0.0001000000	100	100	0	0.995045
1951000	0.6000000000	0.0010000000	0.0001000000	100	100	0	0.995009
1952000	0.6000000000	0.0010000000	0.0001000000	100	100	0	0.995009
1953000	0.6000000000	0.0010000000	0.0001000000	100	100	0	0.995009
1954000	0.6000000000	0.0010000000	0.0001000000	100	100	0	0.995009
1955000	0.6000000000	0.0010000000	0.0001000000	100	100	0	0.995045
1956000	0.6000000000	0.0010000000	0.0001000000	100	100	0	0.995042
1957000	0.6000000000	0.0010000000	0.0001000000	100	100	0	0.995045
1958000	0.6000000000	0.0010000000	0.0001000000	100	100	0	0.995045
1959000	0.6000000000	0.0010000000	0.0001000000	100	100	0	0.995045
1960000	0.6000000000	0.0010000000	0.0001000000	100	100	0	0.995009
1961000	0.6000000000	0.0010000000	0.0001000000	100	100	0	0.995009
1962000	0.6000000000	0.0010000000	0.0001000000	100	100	0	0.995009
1963000	0.6000000000	0.0010000000	0.0001000000	100	100	0	0.995009
1964000	0.6000000000	0.0010000000	0.0001000000	100	100	0	0.995009
1965000	0.6000000000	0.0010000000	0.0001000000	100	100	0	0.995009
1966000	0.6000000000	0.0010000000	0.0001000000	100	100	0	0.995009
1967000	0.6000000000	0.0010000000	0.0001000000	100	100	0	0.995009
1968000	0.6000000000	0.0010000000	0.0001000000	100	100	0	0.995009
1969000	0.6000000000	0.0010000000	0.0001000000	100	100	0	0.995009
1970000	0.6000000000	0.0010000000	0.0001000000	100	100	0	0.995009
1971000	0.6000000000	0.0010000000	0.0001000000	100	100	0	0.995024
1972000	0.6000000000	0.0010000000	0.0001000000	100	100	0	0.995009
1973000	0.6000000000	0.0010000000	0.0001000000	100	100	0	0.995009
1974000	0.6000000000	0.0010000000	0.0001000000	100	100	0	0.995009
1975000	0.6000000000	0.0010000000	0.0001000000	100	100	0	0.995009
1976000	0.6000000000	0.0010000000	0.0001000000	100	100	0	0.995009
1977000	0.6000000000	0.0010000000	0.0001000000	100	100	0	0.995009
1978000	0.6000000000	0.0010000000	0.0001000000	100	100	0	0.995037
1979000	0.6000000000	0.0010000000	0.0001000000	100	100	0	0.995045
1980000	0.6000000000	0.0010000000	0.0001000000	100	100	0	0.995045
1981000	0.6000000000	0.0010000000	0.0001000000	100	100	0	0.995045
1982000	0.6000000000	0.0010000000	0.0001000000	100	100	0	0.995081
1983000	0.6000000000	0.0010000000	0.0001000000	100	100	0	0.995079
1984000	0.6000000000	0.0010000000	0.0001000000	100	100	0	0.995081
1985000	0.6000000000	0.0010000000	0.0001000000	100	100	0	0.995081
1986000	0.6000000000	0.0010000000	0.0001000000	100	100	0	0.995081
1987000	0.6000000000	0.0010000000	0.0001000000	100	100	0	0.995081
1988000	0.6000000000	0.0010000000	0.0001000000	100	100	0	0.995081
1989000	0.6000000000	0.0010000000	0.0001000000	100	100	0	0.995081
1990000	0.6000000000	0.0010000000	0.0001000000	100	100	0	0.995081
1991000	0.6000000000	0.0010000000	0.0001000000	100	100	0	0.995081
1992000	0.6000000000	0.0010000000	0.0001000000	100	100	0	0.995078
1993000	0.6000000000	0.0010000000	0.0001000000	100	100	0	0.995045
1994000	0.6000000000	0.0010000000	0.0001000000	100	100	0	0.995045
1995000	0.6000000000	0.0010000000	0.0001000000	100	100	0	0.995045
1996000	0.6000000000	0.0010000000	0.0001000000	100	100	0	0.995045
1997000	0.6000000000	0.0010000000	0.0001000000	100	100	0	0.995045
1998000	0.6000000000	0.0010000000	0.0001000000	100	100	0	0.995045
1999000	0.6000000000	0.0010000000	0.0001000000	100	100	0	0.995045
2000000	0.6000000000	0.0010000000	0.0001000000	100	100	0	0.995034
2001000	0.6000000000	0.0010000000	0.0001000000	100	100	0	0.995009
2002000	0.6000000000	0.0010000000	0.0001000000	100	100	0	0.995009
2003000	0.6000000000	0.0010000000	0.0001000000	100	100	0	0.995009
2004000	0.6000000000	0.0010000000	0.0001000000	100	100	0	0.995045
2005000	0.6000000000	0.0010000000	0.0001000000	100	100	0	0.995045
2006000	0.6000000000	0.0010000000	0.0001000000	100	100	0	0.995045
2007000	0.6000000000	0.0010000000	0.0001000000	100	100	0	0.995045
2008000	0.6000000000	0.0010000000	0.0001000000	100	100	0	0.995045
2009000	0.6000000000	0.0010000000	0.0001000000	100	100	0	0.995040
2010000	0.6000000000	0.0010000000	0.0001000000	100	100	0	0.995045
2011000	0.6000000000	0.0010000000	0.0001000000	100	100	0	0.995045
2012000	0.6000000000	0.0010000000	0.0001000000	100	100	0	0.995045
2013000	0.6000000000	0.0010000000	0.0001000000	100	100	0	0.995045
2014000	0.6000000000	0.0010000000	0.0001000000	100	100	0	0.995045
2015000	0.6000000000	0.0010000000	0.0001000000	100	100	0	0.995045
2016000	0.6000000000	0.0010000000	0.0001000000	100	100	0	0.995045
2017000	0.6000000000	0.0010000000	0.0001000000	100	100	0	0.995045
2018000	0.6000000000	0.0010000000	0.0001000000	100	100	0	0.995045
2019000	0.6000000000	0.0010000000	0.0001000000	100	100	0	0.995045
2020000	0.6000000000	0.0010000000	0.0001000000	100	100	0	0.995045
2021000	0.6000000000	0.0010000000	0.0001000000	100	100	0	0.995045
2022000	0.6000000000	0.0010000000	0.0001000000	100	100	0	0.995045
2023000	0.6000000000	0.0010000000	0.0001000000	100	100	0	0.995045
2024000	0.6000000000	0.0010000000	0.0001000000	100	100	0	0.995045
2025000	0.6000000000	0.0010000000	0.0001000000	100	100	0	0.995045
2026000	0.6000000000	0.0010000000	0.0001000000	100	100	0	0.995045
2027000	0.6000000000	0.0010000000	0.0001000000	100	100	0	0.995045
2028000	0.6000000000	0.0010000000	0.0001000000	100	100	0	0.995045
2029000	0.6000000000	0.0010000000	0.0001000000	100	100	0	0.995045
2030000	0.6000000000	0.0010000000	0.0001000000	100	100	0	0.995045
2031000	0.6000000000	0.0010000000	0.0001000000	100	100	0	0.995045
2032000	0.6000000000	0.0010000000	0.0001000000	100	100	0	0.995045
2033000	0.6000000000	0.0010000000	0.0001000000	100	100	0	0.995045
2034000	0.6000000000	0.0010000000	0.0001000000	100	100	0	0.995045
2035000	0.6000000000	0.0010000000	0.0001000000	100	100	0	0.995045
2036000	0.6000000000	0.0010000000	0.0001000000	100	100	0	0.995044
2037000	0.6000000000	0.0010000000	0.0001000000	100	100	0	0.995045
2038000	0.6000000000	0.0010000000	0.0001000000	100	100	0	0.995045
2039000	0.6000000000	0.0010000000	0.0001000000	100	100	0	0.995045
2040000	0.6000000000	0.0010000000	0.0001000000	100	100	0	0.995045
2041000	0.6000000000	0.0010000000	0.0001000000	100	100	0	0.995045
2042000	0.6000000000	0.0010000000	0.0001000000	100	100	0	0.995045
2043000	0.6000000000	0.0010000000	0.0001000000	100	100	0	0.995045
2044000	0.6000000000	0.0010000000	0.0001000000	100	100	0	0.995045
2045000	0.6000000000	0.0010000000	0.0001000000	100	100	0	0.995045
2046000	0.6000000000	0.0010000000	0.0001000000	100	100	0	0.995045
2047000	0.6000000000	0.0010000000	0.0001000000	100	100	0	0.995045
2048000	0.6000000000	0.0010000000	0.0001000000	100	100	0	0.995044
2049000	0.6000000000	0.0010000000	0.0001000000	100	100	0	0.995045
2050000	0.6000000000	0.0010000000	0.0001000000	100	100	0	0.995045
2051000	0.6000000000	0.0010000000	0.0001000000	100	100	0	0.995045
2052000	0.6000000000	0.0010000000	0.0001000000	100	100	0	0.995045
2053000	0.6000000000	0.0010000000	0.0001000000	100	100	0	0.995045
2054000	0.6000000000	0.0010000000	0.0001000000	100	100	0	0.995081
2055000	0.6000000000	0.0010000000	0.0001000000	100	100	0	0.995081
2056000	0.6000000000	0.0010000000	0.0001000000	100	100	0	0.995081
2057000	0.6000000000	0.0010000000	0.0001000000	100	100	0	0.995081
2058000	0.6000000000	0.0010000000	0.0001000000	100	100	0	0.995081
2059000	0.6000000000	0.0010000000	0.0001000000	100	100	0	0.995081
2060000	0.6000000000	0.0010000000	0.0001000000	100	100	0	0.995147
2061000	0.6000000000	0.0010000000	0.0001000000	100	100	0	0.995117
2062000	0.6000000000	0.0010000000	0.0001000000	100	100	0	0.995117
2063000	0.6000000000	0.0010000000	0.0001000000	100	100	0	0.995081
2064000	0.6000000000	0.0010000000	0.0001000000	100	100	0	0.995081
2065000	0.6000000000	0.0010000000	0.0001000000	100	100	0	0.995081
2066000	0.6000000000	0.0010000000	0.0001000000	100	100	0	0.995081
2067000	0.6000000000	0.0010000000	0.0001000000	100	100	0	0.995081
2068000	0.6000000000	0.0010000000	0.0001000000	100	100	0	0.995081
2069000	0.6000000000	0.0010000000	0.0001000000	100	100	0	0.995081
2070000	0.6000000000	0.0010000000	0.0001000000	100	100	0	0.995081
2071000	0.6000000000	0.0010000000	0.0001000000	100	100	0	0.995081
2072000	0.6000000000	0.0010000000	0.0001000000	100	100	0	0.995081
2073000	0.6000000000	0.0010000000	0.0001000000	100	100	0	0.995110
2074000	0.6000000000	0.0010000000	0.0001000000	100	100	0	0.995117
2075000	0.6000000000	0.0010000000	0.0001000000	100	100	0	0.995117
2076000	0.6000000000	0.0010000000	0.0001000000	100	100	0	0.995117
2077000	0.6000000000	0.0010000000	0.0001000000	100	100	0	0.995117
2078000	0.6000000000	0.0010000000	0.0001000000	100	100	0	0.995117
2079000	0.6000000000	0.0010000000	0.0001000000	100	100	0	0.995117
2080000	0.6000000000	0.0010000000	0.0001000000	100	100	0	0.995117
2081000	0.6000000000	0.0010000000	0.0001000000	100	100	0	0.995117
2082000	0.6000000000	0.0010000000	0.0001000000	100	100	0	0.995117
2083000	0.6000000000	0.0010000000	0.0001000000	100	100	0	0.995117
2084000	0.6000000000	0.0010000000	0.0001000000	100	100	0	0.995117
2085000	0.6000000000	0.0010000000	0.0001000000	100	100	0	0.995117
2086000	0.6000000000	0.0010000000	0.0001000000	100	100	0	0.995117
2087000	0.6000000000	0.0010000000	0.0001000000	100	100	0	0.995117
2088000	0.6000000000	0.0010000000	0.0001000000	100	100	0	0.995117
2089000	0.6000000000	0.0010000000	0.0001000000	100	100	0	0.995117
2090000	0.6000000000	0.0010000000	0.0001000000	100	100	0	0.995192
2091000	0.6000000000	0.0010000000	0.0001000000	100	100	0	0.995192
2092000	0.6000000000	0.0010000000	0.0001000000	100	100	0	0.995192
2093000	0.6000000000	0.0010000000	0.0001000000	100	100	0	0.995192
2094000	0.6000000000	0.0010000000	0.0001000000	100	100	0	0.995192
2095000	0.6000000000	0.0010000000	0.0001000000	100	100	0	0.995192
2096000	0.6000000000	0.0010000000	0.0001000000	100	100	0	0.995192
2097000	0.6000000000	0.0010000000	0.0001000000	100	100	0	0.995192
2098000	0.6000000000	0.0010000000	0.0001000000	100	100	0	0.995192
2099000	0.6000000000	0.0010000000	0.0001000000	100	100	0	0.995192
2100000	0.6000000000	0.0010000000	0.0001000000	100	100	0	0.995192
2101000	0.6000000000	0.0010000000	0.0001000000	100	100	0	0.995192
2102000	0.6000000000	0.0010000000	0.0001000000	100	100	0	0.995192
2103000	0.6000000000	0.0010000000	0.0001000000	100	100	0	0.995192
2104000	0.6000000000	0.0010000000	0.0001000000	100	100	0	0.995192
2105000	0.6000000000	0.0010000000	0.0001000000	100	100	0	0.995192
2106000	0.6000000000	0.0010000000	0.0001000000	100	100	0	0.995192
2107000	0.6000000000	0.0010000000	0.0001000000	100	100	0	0.995192
2108000	0.6000000000	0.0010000000	0.0001000000	100	100	0	0.995192
2109000	0.6000000000	0.0010000000	0.0001000000	100	100	0	0.995192
2110000	0.6000000000	0.0010000000	0.0001000000	100	100	0	0.995192
2111000	0.6000000000	0.0010000000	0.0001000000	100	100	0	0.995192
2112000	0.6000000000	0.0010000000	0.0001000000	100	100	0	0.995192
2113000	0.6000000000	0.0010000000	0.0001000000	100	100	0	0.995192
2114000	0.6000000000	0.0010000000	0.0001000000	100	100	0	0.995192
2115000	0.6000000000	0.0010000000	0.0001000000	100	100	0	0.995192
2116000	0.6000000000	0.0010000000	0.0001000000	100	100	0	0.995192
2117000	0.6000000000	0.0010000000	0.0001000000	100	100	0	0.995208
2118000	0.6000000000	0.0010000000	0.0001000000	100	100	0	0.995192
2119000	0.6000000000	0.0010000000	0.0001000000	100	100	0	0.995192
2120000	0.6000000000	0.0010000000	0.0001000000	100	100	0	0.995192
2121000	0.6000000000	0.0010000000	0.0001000000	100	100	0	0.995192
2122000	0.6000000000	0.0010000000	0.0001000000	100	100	0	0.995192
2123000	0.6000000000	0.0010000000	0.0001000000	100	100	0	0.995192
2124000	0.6000000000	0.0010000000	0.0001000000	100	100	0	0.995192
2125000	0.6000000000	0.0010000000	0.0001000000	100	100	0	0.995192
2126000	0.6000000000	0.0010000000	0.0001000000	100	100	0	0.995192
2127000	0.6000000000	0.0010000000	0.0001000000	100	100	0	0.995192
2128000	0.6000000000	0.0010000000	0.0001000000	100	100	0	0.995192
2129000	0.6000000000	0.0010000000	0.0001000000	100	100	0	0.995192
2130000	0.6000000000	0.0010000000	0.0001000000	100	100	0	0.995193
2131000	0.6000000000	0.0010000000	0.0001000000	100	100	0	0.995192
2132000	0.6000000000	0.0010000000	0.0001000000	100	100	0	0.995192
2133000	0.6000000000	0.0010000000	0.0001000000	100	100	0	0.995192
2134000	0.6000000000	0.0010000000	0.0001000000	100	100	0	0.995192
2135000	0.6000000000	0.0010000000	0.0001000000	100	100	0	0.995192
2136000	0.6000000000	0.0010000000	0.0001000000	100	100	0	0.995192
2137000	0.6000000000	0.0010000000	0.0001000000	100	100	0	0.995192
2138000	0.6000000000	0.0010000000	0.0001000000	100	100	0	0.995193
2139000	0.6000000000	0.0010000000	0.0001000000	100	100	0	0.995192
2140000	0.6000000000	0.0010000000	0.0001000000	100	100	0	0.995192
2141000	0.6000000000	0.0010000000	0.0001000000	100	100	0	0.995192
2142000	0.6000000000	0.0010000000	0.0001000000	100	100	0	0.995192
2143000	0.6000000000	0.0010000000	0.0001000000	100	100	0	0.995192
2144000	0.6000000000	0.0010000000	0.0001000000	100	100	0	0.995192
2145000	0.6000000000	0.0010000000	0.0001000000	100	100	0	0.995192
2146000	0.6000000000	0.0010000000	0.0001000000	100	100	0	0.995192
2147000	0.6000000000	0.0010000000	0.0001000000	100	100	0	0.995192
2148000	0.6000000000	0.0010000000	0.0001000000	100	100	0	0.995154
2149000	0.6000000000	0.0010000000	0.0001000000	100	100	0	0.995192
2150000	0.6000000000	0.0010000000	0.0001000000	100	100	0	0.995192
2151000	0.6000000000	0.0010000000	0.0001000000	100	100	0	0.995192
2152000	0.6000000000	0.0010000000	0.0001000000	100	100	0	0.995154
2153000	0.6000000000	0.0010000000	0.0001000000	100	100	0	0.995156
2154000	0.6000000000	0.0010000000	0.0001000000	100	100	0	0.995154
2155000	0.6000000000	0.0010000000	0.0001000000	100	100	0	0.995154
2156000	0.6000000000	0.0010000000	0.0001000000	100	100	0	0.995154
2157000	0.6000000000	0.0010000000	0.0001000000	100	100	0	0.995154
2158000	0.6000000000	0.0010000000	0.0001000000	100	100	0	0.995154
2159000	0.6000000000	0.0010000000	0.0001000000	100	100	0	0.995154
2160000	0.6000000000	0.0010000000	0.0001000000	100	100	0	0.995154
2161000	0.6000000000	0.0010000000	0.0001000000	100	100	0	0.995154
2162000	0.6000000000	0.0010000000	0.0001000000	100	100	0	0.995185
2163000	0.6000000000	0.0010000000	0.0001000000	100	100	0	0.995154
2164000	0.6000000000	0.0010000000	0.0001000000	100	100	0	0.995154
2165000	0.6000000000	0.0010000000	0.0001000000	100	100	0	0.995154
2166000	0.6000000000	0.0010000000	0.0001000000	100	100	0	0.995154
2167000	0.6000000000	0.0010000000	0.0001000000	100	100	0	0.995154
2168000	0.6000000000	0.0010000000	0.0001000000	100	100	0	0.995154
2169000	0.6000000000	0.0010000000	0.0001000000	100	100	0	0.995154
2170000	0.6000000000	0.0010000000	0.0001000000	100	100	0	0.995154
2171000	0.6000000000	0.0010000000	0.0001000000	100	100	0	0.995154
2172000	0.6000000000	0.0010000000	0.0001000000	100	100	0	0.995154
2173000	0.6000000000	0.0010000000	0.0001000000	100	100	0	0.995154
2174000	0.6000000000	0.0010000000	0.0001000000	100	100	0	0.995154
2175000	0.6000000000	0.0010000000	0.0001000000	100	100	0	0.995154
2176000	0.6000000000	0.0010000000	0.0001000000	100	100	0	0.995154
2177000	0.6000000000	0.0010000000	0.0001000000	100	100	0	0.995154
2178000	0.6000000000	0.0010000000	0.0001000000	100	100	0	0.995154
2179000	0.6000000000	0.0010000000	0.0001000000	100	100	0	0.995154
2180000	0.6000000000	0.0010000000	0.0001000000	100	100	0	0.995154
2181000	0.6000000000	0.0010000000	0.0001000000	100	100	0	0.995154
2182000	0.6000000000	0.0010000000	0.0001000000	100	100	0	0.995154
2183000	0.6000000000	0.0010000000	0.0001000000	100	100	0	0.995154
2184000	0.6000000000	0.0010000000	0.0001000000	100	100	0	0.995117
2185000	0.6000000000	0.0010000000	0.0001000000	100	100	0	0.995117
2186000	0.6000000000	0.0010000000	0.0001000000	100	100	0	0.995154
2187000	0.6000000000	0.0010000000	0.0001000000	100	100	0	0.995154
2188000	0.6000000000	0.0010000000	0.0001000000	100	100	0	0.995154
2189000	0.6000000000	0.0010000000	0.0001000000	100	100	0	0.995154
2190000	0.6000000000	0.0010000000	0.0001000000	100	100	0	0.995154
2191000	0.6000000000	0.0010000000	0.0001000000	100	100	0	0.995154
2192000	0.6000000000	0.0010000000	0.0001000000	100	100	0	0.995154
2193000	0.6000000000	0.0010000000	0.0001000000	100	100	0	0.995154
2194000	0.6000000000	0.0010000000	0.0001000000	100	100	0	0.995154
2195000	0.6000000000	0.0010000000	0.0001000000	100	100	0	0.995149
2196000	0.6000000000	0.0010000000	0.0001000000	100	100	0	0.995154
2197000	0.6000000000	0.0010000000	0.0001000000	100	100	0	0.995154
2198000	0.6000000000	0.0010000000	0.0001000000	100	100	0	0.995154
2199000	0.6000000000	0.0010000000	0.0001000000	100	100	0	0.995154
2200000	0.6000000000	0.0010000000	0.0001000000	100	100	0	0.995163
2201000	0.6000000000	0.0010000000	0.0001000000	100	100	0	0.995154
2202000	0.6000000000	0.0010000000	0.0001000000	100	100	0	0.995154
2203000	0.6000000000	0.0010000000	0.0001000000	100	100	0	0.995154
2204000	0.6000000000	0.0010000000	0.0001000000	100	100	0	0.995154
2205000	0.6000000000	0.0010000000	0.0001000000	100	100	0	0.995154
2206000	0.6000000000	0.0010000000	0.0001000000	100	100	0	0.995154
2207000	0.6000000000	0.0010000000	0.0001000000	100	100	0	0.995155
2208000	0.6000000000	0.0010000000	0.0001000000	100	100	0	0.995154
2209000	0.6000000000	0.0010000000	0.0001000000	100	100	0	0.995154
2210000	0.6000000000	0.0010000000	0.0001000000	100	100	0	0.995154
2211000	0.6000000000	0.0010000000	0.0001000000	100	100	0	0.995154
2212000	0.6000000000	0.0010000000	0.0001000000	100	100	0	0.995154
2213000	0.6000000000	0.0010000000	0.0001000000	100	100	0	0.995154
2214000	0.6000000000	0.0010000000	0.0001000000	100	100	0	0.995154
2215000	0.6000000000	0.0010000000	0.0001000000	100	100	0	0.995154
2216000	0.6000000000	0.0010000000	0.0001000000	100	100	0	0.995154
2217000	0.6000000000	0.0010000000	0.0001000000	100	100	0	0.995154
2218000	0.6000000000	0.0010000000	0.0001000000	100	100	0	0.995154
2219000	0.6000000000	0.0010000000	0.0001000000	100	100	0	0.995154
2220000	0.6000000000	0.0010000000	0.0001000000	100	100	0	0.995154
2221000	0.6000000000	0.0010000000	0.0001000000	100	100	0	0.995154
2222000	0.6000000000	0.0010000000	0.0001000000	100	100	0	0.995154
2223000	0.6000000000	0.0010000000	0.0001000000	100	100	0	0.995154
2224000	0.6000000000	0.0010000000	0.0001000000	100	100	0	0.995154
2225000	0.6000000000	0.0010000000	0.0001000000	100	100	0	0.995154
2226000	0.6000000000	0.0010000000	0.0001000000	100	100	0	0.995154
2227000	0.6000000000	0.0010000000	0.0001000000	100	100	0	0.995154
2228000	0.6000000000	0.0010000000	0.0001000000	100	100	0	0.995154
2229000	0.6000000000	0.0010000000	0.0001000000	100	100	0	0.995154
2230000	0.6000000000	0.0010000000	0.0001000000	100	100	0	0.995154
2231000	0.6000000000	0.0010000000	0.0001000000	100	100	0	0.995154
2232000	0.6000000000	0.0010000000	0.0001000000	100	100	0	0.995154
2233000	0.6000000000	0.0010000000	0.0001000000	100	100	0	0.995154
2234000	0.6000000000	0.0010000000	0.0001000000	100	100	0	0.995154
2235000	0.6000000000	0.0010000000	0.0001000000	100	100	0	0.995154
2236000	0.6000000000	0.0010000000	0.0001000000	100	100	0	0.995154
2237000	0.6000000000	0.0010000000	0.0001000000	100	100	0	0.995154
2238000	0.6000000000	0.0010000000	0.0001000000	100	100	0	0.995154
2239000	0.6000000000	0.0010000000	0.0001000000	100	100	0	0.995154
2240000	0.6000000000	0.0010000000	0.0001000000	100	100	0	0.995154
2241000	0.6000000000	0.0010000000	0.0001000000	100	100	0	0.995154
2242000	0.6000000000	0.0010000000	0.0001000000	100	100	0	0.995154
2243000	0.6000000000	0.0010000000	0.0001000000	100	100	0	0.995154
2244000	0.6000000000	0.0010000000	0.0001000000	100	100	0	0.995154
2245000	0.6000000000	0.0010000000	0.0001000000	100	100	0	0.995154
2246000	0.6000000000	0.0010000000	0.0001000000	100	100	0	0.995150
2247000	0.6000000000	0.0010000000	0.0001000000	100	100	0	0.995154
2248000	0.6000000000	0.0010000000	0.0001000000	100	100	0	0.995154
2249000	0.6000000000	0.0010000000	0.0001000000	100	100	0	0.995192
2250000	0.6000000000	0.0010000000	0.0001000000	100	100	0	0.995192
2251000	0.6000000000	0.0010000000	0.0001000000	100	100	0	0.995192
2252000	0.6000000000	0.0010000000	0.0001000000	100	100	0	0.995192
2253000	0.6000000000	0.0010000000	0.0001000000	100	100	0	0.995192
2254000	0.6000000000	0.0010000000	0.0001000000	100	100	0	0.995191
2255000	0.6000000000	0.0010000000	0.0001000000	100	100	0	0.995192
2256000	0.6000000000	0.0010000000	0.0001000000	100	100	0	0.995192
2257000	0.6000000000	0.0010000000	0.0001000000	100	100	0	0.995192
2258000	0.6000000000	0.0010000000	0.0001000000	100	100	0	0.995192
2259000	0.6000000000	0.0010000000	0.0001000000	100	100	0	0.995192
2260000	0.6000000000	0.0010000000	0.0001000000	100	100	0	0.995192
2261000	0.6000000000	0.0010000000	0.0001000000	100	100	0	0.995230
2262000	0.6000000000	0.0010000000	0.0001000000	100	100	0	0.995230
2263000	0.6000000000	0.0010000000	0.0001000000	100	100	0	0.995230
2264000	0.6000000000	0.0010000000	0.0001000000	100	100	0	0.995230
2265000	0.6000000000	0.0010000000	0.0001000000	100	100	0	0.995230
2266000	0.6000000000	0.0010000000	0.0001000000	100	100	0	0.995230
2267000	0.6000000000	0.0010000000	0.0001000000	100	100	0	0.995230
2268000	0.6000000000	0.0010000000	0.0001000000	100	100	0	0.995229
2269000	0.6000000000	0.0010000000	0.0001000000	100	100	0	0.995230
2270000	0.6000000000	0.0010000000	0.0001000000	100	100	0	0.995230
2271000	0.6000000000	0.0010000000	0.0001000000	100	100	0	0.995230
2272000	0.6000000000	0.0010000000	0.0001000000	100	100	0	0.995230
2273000	0.6000000000	0.0010000000	0.0001000000	100	100	0	0.995229
2274000	0.6000000000	0.0010000000	0.0001000000	100	100	0	0.995230
2275000	0.6000000000	0.0010000000	0.0001000000	100	100	0	0.995260
2276000	0.6000000000	0.0010000000	0.0001000000	100	100	0	0.995268
2277000	0.6000000000	0.0010000000	0.0001000000	100	100	0	0.995268
2278000	0.6000000000	0.0010000000	0.0001000000	100	100	0	0.995268
2279000	0.6000000000	0.0010000000	0.0001000000	100	100	0	0.995268
2280000	0.6000000000	0.0010000000	0.0001000000	100	100	0	0.995268
2281000	0.6000000000	0.0010000000	0.0001000000	100	100	0	0.995268
2282000	0.6000000000	0.0010000000	0.0001000000	100	100	0	0.995268
2283000	0.6000000000	0.0010000000	0.0001000000	100	100	0	0.995268
2284000	0.6000000000	0.0010000000	0.0001000000	100	100	0	0.995268
2285000	0.6000000000	0.0010000000	0.0001000000	100	100	0	0.995268
2286000	0.6000000000	0.0010000000	0.0001000000	100	100	0	0.995268
2287000	0.6000000000	0.0010000000	0.0001000000	100	100	0	0.995268
2288000	0.6000000000	0.0010000000	0.0001000000	100	100	0	0.995268
2289000	0.6000000000	0.0010000000	0.0001000000	100	100	0	0.995287
2290000	0.6000000000	0.0010000000	0.0001000000	100	100	0	0.995307
2291000	0.6000000000	0.0010000000	0.0001000000	100	100	0	0.995307
2292000	0.6000000000	0.0010000000	0.0001000000	100	100	0	0.995307
2293000	0.6000000000	0.0010000000	0.0001000000	100	100	0	0.995346
2294000	0.6000000000	0.0010000000	0.0001000000	100	100	0	0.995307
2295000	0.6000000000	0.0010000000	0.0001000000	100	100	0	0.995307
2296000	0.6000000000	0.0010000000	0.0001000000	100	100	0	0.995307
2297000	0.6000000000	0.0010000000	0.0001000000	100	100	0	0.995307
2298000	0.6000000000	0.0010000000	0.0001000000	100	100	0	0.995282
2299000	0.6000000000	0.0010000000	0.0001000000	100	100	0	0.995307
2300000	0.6000000000	0.0010000000	0.0001000000	100	100	0	0.995307
2301000	0.6000000000	0.0010000000	0.0001000000	100	100	0	0.995307
2302000	0.6000000000	0.0010000000	0.0001000000	100	100	0	0.995307
2303000	0.6000000000	0.0010000000	0.0001000000	100	100	0	0.995307
2304000	0.6000000000	0.0010000000	0.0001000000	100	100	0	0.995307
2305000	0.6000000000	0.0010000000	0.0001000000	100	100	0	0.995307
2306000	0.6000000000	0.0010000000	0.0001000000	100	100	0	0.995307
2307000	0.6000000000	0.0010000000	0.0001000000	100	100	0	0.995306
2308000	0.6000000000	0.0010000000	0.0001000000	100	100	0	0.995307
2309000	0.6000000000	0.0010000000	0.0001000000	100	100	0	0.995307
2310000	0.6000000000	0.0010000000	0.0001000000	100	100	0	0.995307
2311000	0.6000000000	0.0010000000	0.0001000000	100	100	0	0.995307
2312000	0.6000000000	0.0010000000	0.0001000000	100	100	0	0.995307
2313000	0.6000000000	0.0010000000	0.0001000000	100	100	0	0.995307
2314000	0.6000000000	0.0010000000	0.0001000000	100	100	0	0.995268
2315000	0.6000000000	0.0010000000	0.0001000000	100	100	0	0.995268
2316000	0.6000000000	0.0010000000	0.0001000000	100	100	0	0.995268
2317000	0.6000000000	0.0010000000	0.0001000000	100	100	0	0.995268
2318000	0.6000000000	0.0010000000	0.0001000000	100	100	0	0.995268
2319000	0.6000000000	0.0010000000	0.0001000000	100	100	0	0.995230
2320000	0.6000000000	0.0010000000	0.0001000000	100	100	0	0.995230
2321000	0.6000000000	0.0010000000	0.0001000000	100	100	0	0.995268
2322000	0.6000000000	0.0010000000	0.0001000000	100	100	0	0.995268
2323000	0.6000000000	0.0010000000	0.0001000000	100	100	0	0.995268
2324000	0.6000000000	0.0010000000	0.0001000000	100	100	0	0.995268
2325000	0.6000000000	0.0010000000	0.0001000000	100	100	0	0.995268
2326000	0.6000000000	0.0010000000	0.0001000000	100	100	0	0.995268
2327000	0.6000000000	0.0010000000	0.0001000000	100	100	0	0.995268
2328000	0.6000000000	0.0010000000	0.0001000000	100	100	0	0.995268
2329000	0.6000000000	0.0010000000	0.0001000000	100	100	0	0.995268
2330000	0.6000000000	0.0010000000	0.0001000000	100	100	0	0.995268
2331000	0.6000000000	0.0010000000	0.0001000000	100	100	0	0.995268
2332000	0.6000000000	0.0010000000	0.0001000000	100	100	0	0.995268
2333000	0.6000000000	0.0010000000	0.0001000000	100	100	0	0.995268
2334000	0.6000000000	0.0010000000	0.0001000000	100	100	0	0.995268
2335000	0.6000000000	0.0010000000	0.0001000000	100	100	0	0.995268
2336000	0.6000000000	0.0010000000	0.0001000000	100	100	0	0.995268
2337000	0.6000000000	0.0010000000	0.0001000000	100	100	0	0.995268
2338000	0.6000000000	0.0010000000	0.0001000000	100	100	0	0.995268
2339000	0.6000000000	0.0010000000	0.0001000000	100	100	0	0.995268
2340000	0.6000000000	0.0010000000	0.0001000000	100	100	0	0.995268
2341000	0.6000000000	0.0010000000	0.0001000000	100	100	0	0.995268
2342000	0.6000000000	0.0010000000	0.0001000000	100	100	0	0.995268
2343000	0.6000000000	0.0010000000	0.0001000000	100	100	0	0.995268
2344000	0.6000000000	0.0010000000	0.0001000000	100	100	0	0.995268
2345000	0.6000000000	0.0010000000	0.0001000000	100	100	0	0.995268
2346000	0.6000000000	0.0010000000	0.0001000000	100	100	0	0.995268
2347000	0.6000000000	0.0010000000	0.0001000000	100	100	0	0.995268
2348000	0.6000000000	0.0010000000	0.0001000000	100	100	0	0.995268
2349000	0.6000000000	0.0010000000	0.0001000000	100	100	0	0.995268
2350000	0.6000000000	0.0010000000	0.0001000000	100	100	0	0.995268
2351000	0.6000000000	0.0010000000	0.0001000000	100	100	0	0.995268
2352000	0.6000000000	0.0010000000	0.0001000000	100	100	0	0.995268
2353000	0.6000000000	0.0010000000	0.0001000000	100	100	0	0.995268
2354000	0.6000000000	0.0010000000	0.0001000000	100	100	0	0.995268
2355000	0.6000000000	0.0010000000	0.0001000000	100	100	0	0.995230
2356000	0.6000000000	0.0010000000	0.0001000000	100	100	0	0.995230
2357000	0.6000000000	0.0010000000	0.0001000000	100	100	0	0.995230
2358000	0.6000000000	0.0010000000	0.0001000000	100	100	0	0.995192
2359000	0.6000000000	0.0010000000	0.0001000000	100	100	0	0.995192
2360000	0.6000000000	0.0010000000	0.0001000000	100	100	0	0.995192
2361000	0.6000000000	0.0010000000	0.0001000000	100	100	0	0.995154
2362000	0.6000000000	0.0010000000	0.0001000000	100	100	0	0.995154
2363000	0.6000000000	0.0010000000	0.0001000000	100	100	0	0.995192
2364000	0.6000000000	0.0010000000	0.0001000000	100	100	0	0.995192
2365000	0.6000000000	0.0010000000	0.0001000000	100	100	0	0.995190
2366000	0.6000000000	0.0010000000	0.0001000000	100	100	0	0.995192
2367000	0.6000000000	0.0010000000	0.0001000000	100	100	0	0.995192
2368000	0.6000000000	0.0010000000	0.0001000000	100	100	0	0.995174
2369000	0.6000000000	0.0010000000	0.0001000000	100	100	0	0.995167
2370000	0.6000000000	0.0010000000	0.0001000000	100	100	0	0.995192
2371000	0.6000000000	0.0010000000	0.0001000000	100	100	0	0.995192
2372000	0.6000000000	0.0010000000	0.0001000000	100	100	0	0.995192
2373000	0.6000000000	0.0010000000	0.0001000000	100	100	0	0.995192
2374000	0.6000000000	0.0010000000	0.0001000000	100	100	0	0.995191
2375000	0.6000000000	0.0010000000	0.0001000000	100	100	0	0.995192
2376000	0.6000000000	0.0010000000	0.0001000000	100	100	0	0.995192
2377000	0.6000000000	0.0010000000	0.0001000000	100	100	0	0.995192
2378000	0.6000000000	0.0010000000	0.0001000000	100	100	0	0.995192
2379000	0.6000000000	0.0010000000	0.0001000000	100	100	0	0.995192
2380000	0.6000000000	0.0010000000	0.0001000000	100	100	0	0.995211
2381000	0.6000000000	0.0010000000	0.0001000000	100	100	0	0.995230
2382000	0.6000000000	0.0010000000	0.0001000000	100	100	0	0.995230
2383000	0.6000000000	0.0010000000	0.0001000000	100	100	0	0.995230
2384000	0.6000000000	0.0010000000	0.0001000000	100	100	0	0.995230
2385000	0.6000000000	0.0010000000	0.0001000000	100	100	0	0.995230
2386000	0.6000000000	0.0010000000	0.0001000000	100	100	0	0.995230
2387000	0.6000000000	0.0010000000	0.0001000000	100	100	0	0.995230
2388000	0.6000000000	0.0010000000	0.0001000000	100	100	0	0.995230
2389000	0.6000000000	0.0010000000	0.0001000000	100	100	0	0.995217
2390000	0.6000000000	0.0010000000	0.0001000000	100	100	0	0.995230
2391000	0.6000000000	0.0010000000	0.0001000000	100	100	0	0.995213
2392000	0.6000000000	0.0010000000	0.0001000000	100	100	0	0.995230
2393000	0.6000000000	0.0010000000	0.0001000000	100	100	0	0.995230
2394000	0.6000000000	0.0010000000	0.0001000000	100	100	0	0.995230
2395000	0.6000000000	0.0010000000	0.0001000000	100	100	0	0.995230
2396000	0.6000000000	0.0010000000	0.0001000000	100	100	0	0.995230
2397000	0.6000000000	0.0010000000	0.0001000000	100	100	0	0.995230
2398000	0.6000000000	0.0010000000	0.0001000000	100	100	0	0.995230
2399000	0.6000000000	0.0010000000	0.0001000000	100	100	0	0.995230
2400000	0.6000000000	0.0010000000	0.0001000000	100	100	0	0.995230
2401000	0.6000000000	0.0010000000	0.0001000000	100	100	0	0.995230
2402000	0.6000000000	0.0010000000	0.0001000000	100	100	0	0.995230
2403000	0.6000000000	0.0010000000	0.0001000000	100	100	0	0.995227
2404000	0.6000000000	0.0010000000	0.0001000000	100	100	0	0.995230
2405000	0.6000000000	0.0010000000	0.0001000000	100	100	0	0.995230
2406000	0.6000000000	0.0010000000	0.0001000000	100	100	0	0.995230
2407000	0.6000000000	0.0010000000	0.0001000000	100	100	0	0.995230
2408000	0.6000000000	0.0010000000	0.0001000000	100	100	0	0.995230
2409000	0.6000000000	0.0010000000	0.0001000000	100	100	0	0.995230
2410000	0.6000000000	0.0010000000	0.0001000000	100	100	0	0.995230
2411000	0.6000000000	0.0010000000	0.0001000000	100	100	0	0.995193
2412000	0.6000000000	0.0010000000	0.0001000000	100	100	0	0.995192
2413000	0.6000000000	0.0010000000	0.0001000000	100	100	0	0.995192
2414000	0.6000000000	0.0010000000	0.0001000000	100	100	0	0.995192
2415000	0.6000000000	0.0010000000	0.0001000000	100	100	0	0.995192
2416000	0.6000000000	0.0010000000	0.0001000000	100	100	0	0.995217
2417000	0.6000000000	0.0010000000	0.0001000000	100	100	0	0.995230
2418000	0.6000000000	0.0010000000	0.0001000000	100	100	0	0.995268
2419000	0.6000000000	0.0010000000	0.0001000000	100	100	0	0.995268
2420000	0.6000000000	0.0010000000	0.0001000000	100	100	0	0.995268
2421000	0.6000000000	0.0010000000	0.0001000000	100	100	0	0.995268
2422000	0.6000000000	0.0010000000	0.0001000000	100	100	0	0.995268
2423000	0.6000000000	0.0010000000	0.0001000000	100	100	0	0.995268
2424000	0.6000000000	0.0010000000	0.0001000000	100	100	0	0.995276
2425000	0.6000000000	0.0010000000	0.0001000000	100	100	0	0.995307
2426000	0.6000000000	0.0010000000	0.0001000000	100	100	0	0.995273
2427000	0.6000000000	0.0010000000	0.0001000000	100	100	0	0.995268
2428000	0.6000000000	0.0010000000	0.0001000000	100	100	0	0.995268
2429000	0.6000000000	0.0010000000	0.0001000000	100	100	0	0.995268
2430000	0.6000000000	0.0010000000	0.0001000000	100	100	0	0.995268
2431000	0.6000000000	0.0010000000	0.0001000000	100	100	0	0.995268
2432000	0.6000000000	0.0010000000	0.0001000000	100	100	0	0.995306
2433000	0.6000000000	0.0010000000	0.0001000000	100	100	0	0.995307
2434000	0.6000000000	0.0010000000	0.0001000000	100	100	0	0.995292
2435000	0.6000000000	0.0010000000	0.0001000000	100	100	0	0.995307
2436000	0.6000000000	0.0010000000	0.0001000000	100	100	0	0.995307
2437000	0.6000000000	0.0010000000	0.0001000000	100	100	0	0.995307
2438000	0.6000000000	0.0010000000	0.0001000000	100	100	0	0.995306
2439000	0.6000000000	0.0010000000	0.0001000000	100	100	0	0.995307
2440000	0.6000000000	0.0010000000	0.0001000000	100	100	0	0.995268
2441000	0.6000000000	0.0010000000	0.0001000000	100	100	0	0.995268
2442000	0.6000000000	0.0010000000	0.0001000000	100	100	0	0.995268
2443000	0.6000000000	0.0010000000	0.0001000000	100	100	0	0.995268
2444000	0.6000000000	0.0010000000	0.0001000000	100	100	0	0.995268
2445000	0.6000000000	0.0010000000	0.0001000000	100	100	0	0.995268
2446000	0.6000000000	0.0010000000	0.0001000000	100	100	0	0.995268
2447000	0.6000000000	0.0010000000	0.0001000000	100	100	0	0.995268
2448000	0.6000000000	0.0010000000	0.0001000000	100	100	0	0.995268
2449000	0.6000000000	0.0010000000	0.0001000000	100	100	0	0.995268
2450000	0.6000000000	0.0010000000	0.0001000000	100	100	0	0.995268
2451000	0.6000000000	0.0010000000	0.0001000000	100	100	0	0.995268
2452000	0.6000000000	0.0010000000	0.0001000000	100	100	0	0.995268
2453000	0.6000000000	0.0010000000	0.0001000000	100	100	0	0.995307
2454000	0.6000000000	0.0010000000	0.0001000000	100	100	0	0.995346
2455000	0.6000000000	0.0010000000	0.0001000000	100	100	0	0.995346
2456000	0.6000000000	0.0010000000	0.0001000000	100	100	0	0.995346
2457000	0.6000000000	0.0010000000	0.0001000000	100	100	0	0.995346
2458000	0.6000000000	0.0010000000	0.0001000000	100	100	0	0.995386
2459000	0.6000000000	0.0010000000	0.0001000000	100	100	0	0.995386
2460000	0.6000000000	0.0010000000	0.0001000000	100	100	0	0.995386
2461000	0.6000000000	0.0010000000	0.0001000000	100	100	0	0.995386
2462000	0.6000000000	0.0010000000	0.0001000000	100	100	0	0.995386
2463000	0.6000000000	0.0010000000	0.0001000000	100	100	0	0.995386
2464000	0.6000000000	0.0010000000	0.0001000000	100	100	0	0.995386
2465000	0.6000000000	0.0010000000	0.0001000000	100	100	0	0.995386
2466000	0.6000000000	0.0010000000	0.0001000000	100	100	0	0.995386
2467000	0.6000000000	0.0010000000	0.0001000000	100	100	0	0.995386
2468000	0.6000000000	0.0010000000	0.0001000000	100	100	0	0.995386
2469000	0.6000000000	0.0010000000	0.0001000000	100	100	0	0.995426
2470000	0.6000000000	0.0010000000	0.0001000000	100	100	0	0.995426
2471000	0.6000000000	0.0010000000	0.0001000000	100	100	0	0.995427
2472000	0.6000000000	0.0010000000	0.0001000000	100	100	0	0.995426
2473000	0.6000000000	0.0010000000	0.0001000000	100	100	0	0.995467
2474000	0.6000000000	0.0010000000	0.0001000000	100	100	0	0.995467
2475000	0.6000000000	0.0010000000	0.0001000000	100	100	0	0.995467
2476000	0.6000000000	0.0010000000	0.0001000000	100	100	0	0.995467
2477000	0.6000000000	0.0010000000	0.0001000000	100	100	0	0.995467
2478000	0.6000000000	0.0010000000	0.0001000000	100	100	0	0.995437
2479000	0.6000000000	0.0010000000	0.0001000000	100	100	0	0.995426
2480000	0.6000000000	0.0010000000	0.0001000000	100	100	0	0.995425
2481000	0.6000000000	0.0010000000	0.0001000000	100	100	0	0.995426
2482000	0.6000000000	0.0010000000	0.0001000000	100	100	0	0.995430
2483000	0.6000000000	0.0010000000	0.0001000000	100	100	0	0.995426
2484000	0.6000000000	0.0010000000	0.0001000000	100	100	0	0.995426
2485000	0.6000000000	0.0010000000	0.0001000000	100	100	0	0.995426
2486000	0.6000000000	0.0010000000	0.0001000000	100	100	0	0.995426
2487000	0.6000000000	0.0010000000	0.0001000000	100	100	0	0.995426
2488000	0.6000000000	0.0010000000	0.0001000000	100	100	0	0.995426
2489000	0.6000000000	0.0010000000	0.0001000000	100	100	0	0.995426
2490000	0.6000000000	0.0010000000	0.0001000000	100	100	0	0.995426
2491000	0.6000000000	0.0010000000	0.0001000000	100	100	0	0.995426
2492000	0.6000000000	0.0010000000	0.0001000000	100	100	0	0.995386
2493000	0.6000000000	0.0010000000	0.0001000000	100	100	0	0.995346
2494000	0.6000000000	0.0010000000	0.0001000000	100	100	0	0.995352
2495000	0.6000000000	0.0010000000	0.0001000000	100	100	0	0.995351
2496000	0.6000000000	0.0010000000	0.0001000000	100	100	0	0.995346
2497000	0.6000000000	0.0010000000	0.0001000000	100	100	0	0.995346
2498000	0.6000000000	0.0010000000	0.0001000000	100	100	0	0.995346
2499000	0.6000000000	0.0010000000	0.0001000000	100	100	0	0.995346
2500000	0.6000000000	0.0010000000	0.0001000000	100	100	0	0.995346
