time	epistasis_coef	sel_coef	mu_prob	Ne	L	k_start	mean_fitness
1500000	0.6000000000	0.0100000000	0.0010000000	100	100	0	0.953853
1501000	0.6000000000	0.0100000000	0.0010000000	100	100	0	0.953675
1502000	0.6000000000	0.0100000000	0.0010000000	100	100	0	0.953675
1503000	0.6000000000	0.0100000000	0.0010000000	100	100	0	0.953682
1504000	0.6000000000	0.0100000000	0.0010000000	100	100	0	0.953308
1505000	0.6000000000	0.0100000000	0.0010000000	100	100	0	0.953675
1506000	0.6000000000	0.0100000000	0.0010000000	100	100	0	0.954046
1507000	0.6000000000	0.0100000000	0.0010000000	100	100	0	0.954426
1508000	0.6000000000	0.0100000000	0.0010000000	100	100	0	0.955148
1509000	0.6000000000	0.0100000000	0.0010000000	100	100	0	0.955021
1510000	0.6000000000	0.0100000000	0.0010000000	100	100	0	0.954728
1511000	0.6000000000	0.0100000000	0.0010000000	100	100	0	0.954415
1512000	0.6000000000	0.0100000000	0.0010000000	100	100	0	0.955148
1513000	0.6000000000	0.0100000000	0.0010000000	100	100	0	0.954812
1514000	0.6000000000	0.0100000000	0.0010000000	100	100	0	0.954827
1515000	0.6000000000	0.0100000000	0.0010000000	100	100	0	0.955079
1516000	0.6000000000	0.0100000000	0.0010000000	100	100	0	0.955028
1517000	0.6000000000	0.0100000000	0.0010000000	100	100	0	0.954423
1518000	0.6000000000	0.0100000000	0.0010000000	100	100	0	0.954423
1519000	0.6000000000	0.0100000000	0.0010000000	100	100	0	0.954598
1520000	0.6000000000	0.0100000000	0.0010000000	100	100	0	0.953957
1521000	0.6000000000	0.0100000000	0.0010000000	100	100	0	0.954046
1522000	0.6000000000	0.0100000000	0.0010000000	100	100	0	0.953675
1523000	0.6000000000	0.0100000000	0.0010000000	100	100	0	0.953808
1524000	0.6000000000	0.0100000000	0.0010000000	100	100	0	0.954046
1525000	0.6000000000	0.0100000000	0.0010000000	100	100	0	0.954434
1526000	0.6000000000	0.0100000000	0.0010000000	100	100	0	0.953905
1527000	0.6000000000	0.0100000000	0.0010000000	100	100	0	0.954050
1528000	0.6000000000	0.0100000000	0.0010000000	100	100	0	0.954020
1529000	0.6000000000	0.0100000000	0.0010000000	100	100	0	0.954046
1530000	0.6000000000	0.0100000000	0.0010000000	100	100	0	0.953931
1531000	0.6000000000	0.0100000000	0.0010000000	100	100	0	0.952945
1532000	0.6000000000	0.0100000000	0.0010000000	100	100	0	0.952874
1533000	0.6000000000	0.0100000000	0.0010000000	100	100	0	0.952967
1534000	0.6000000000	0.0100000000	0.0010000000	100	100	0	0.953047
1535000	0.6000000000	0.0100000000	0.0010000000	100	100	0	0.952949
1536000	0.6000000000	0.0100000000	0.0010000000	100	100	0	0.952945
1537000	0.6000000000	0.0100000000	0.0010000000	100	100	0	0.952587
1538000	0.6000000000	0.0100000000	0.0010000000	100	100	0	0.953502
1539000	0.6000000000	0.0100000000	0.0010000000	100	100	0	0.953656
1540000	0.6000000000	0.0100000000	0.0010000000	100	100	0	0.953308
1541000	0.6000000000	0.0100000000	0.0010000000	100	100	0	0.953341
1542000	0.6000000000	0.0100000000	0.0010000000	100	100	0	0.953308
1543000	0.6000000000	0.0100000000	0.0010000000	100	100	0	0.953308
1544000	0.6000000000	0.0100000000	0.0010000000	100	100	0	0.953304
1545000	0.6000000000	0.0100000000	0.0010000000	100	100	0	0.952931
1546000	0.6000000000	0.0100000000	0.0010000000	100	100	0	0.953649
1547000	0.6000000000	0.0100000000	0.0010000000	100	100	0	0.953927
1548000	0.6000000000	0.0100000000	0.0010000000	100	100	0	0.953938
1549000	0.6000000000	0.0100000000	0.0010000000	100	100	0	0.953998
1550000	0.6000000000	0.0100000000	0.0010000000	100	100	0	0.954058
1551000	0.6000000000	0.0100000000	0.0010000000	100	100	0	0.954812
1552000	0.6000000000	0.0100000000	0.0010000000	100	100	0	0.954193
1553000	0.6000000000	0.0100000000	0.0010000000	100	100	0	0.954529
1554000	0.6000000000	0.0100000000	0.0010000000	100	100	0	0.954423
1555000	0.6000000000	0.0100000000	0.0010000000	100	100	0	0.954423
1556000	0.6000000000	0.0100000000	0.0010000000	100	100	0	0.954533
1557000	0.6000000000	0.0100000000	0.0010000000	100	100	0	0.955438
1558000	0.6000000000	0.0100000000	0.0010000000	100	100	0	0.955611
1559000	0.6000000000	0.0100000000	0.0010000000	100	100	0	0.955426
1560000	0.6000000000	0.0100000000	0.0010000000	100	100	0	0.954878
1561000	0.6000000000	0.0100000000	0.0010000000	100	100	0	0.954804
1562000	0.6000000000	0.0100000000	0.0010000000	100	100	0	0.954804
1563000	0.6000000000	0.0100000000	0.0010000000	100	100	0	0.954804
1564000	0.6000000000	0.0100000000	0.0010000000	100	100	0	0.954789
1565000	0.6000000000	0.0100000000	0.0010000000	100	100	0	0.954785
1566000	0.6000000000	0.0100000000	0.0010000000	100	100	0	0.954531
1567000	0.6000000000	0.0100000000	0.0010000000	100	100	0	0.955187
1568000	0.6000000000	0.0100000000	0.0010000000	100	100	0	0.955102
1569000	0.6000000000	0.0100000000	0.0010000000	100	100	0	0.954808
1570000	0.6000000000	0.0100000000	0.0010000000	100	100	0	0.954796
1571000	0.6000000000	0.0100000000	0.0010000000	100	100	0	0.955048
1572000	0.6000000000	0.0100000000	0.0010000000	100	100	0	0.954804
1573000	0.6000000000	0.0100000000	0.0010000000	100	100	0	0.955195
1574000	0.6000000000	0.0100000000	0.0010000000	100	100	0	0.954800
1575000	0.6000000000	0.0100000000	0.0010000000	100	100	0	0.954804
1576000	0.6000000000	0.0100000000	0.0010000000	100	100	0	0.954804
1577000	0.6000000000	0.0100000000	0.0010000000	100	100	0	0.954595
1578000	0.6000000000	0.0100000000	0.0010000000	100	100	0	0.954827
1579000	0.6000000000	0.0100000000	0.0010000000	100	100	0	0.954804
1580000	0.6000000000	0.0100000000	0.0010000000	100	100	0	0.954804
1581000	0.6000000000	0.0100000000	0.0010000000	100	100	0	0.955191
1582000	0.6000000000	0.0100000000	0.0010000000	100	100	0	0.955175
1583000	0.6000000000	0.0100000000	0.0010000000	100	100	0	0.954739
1584000	0.6000000000	0.0100000000	0.0010000000	100	100	0	0.954847
1585000	0.6000000000	0.0100000000	0.0010000000	100	100	0	0.954812
1586000	0.6000000000	0.0100000000	0.0010000000	100	100	0	0.954816
1587000	0.6000000000	0.0100000000	0.0010000000	100	100	0	0.954804
1588000	0.6000000000	0.0100000000	0.0010000000	100	100	0	0.955359
1589000	0.6000000000	0.0100000000	0.0010000000	100	100	0	0.955549
1590000	0.6000000000	0.0100000000	0.0010000000	100	100	0	0.956323
1591000	0.6000000000	0.0100000000	0.0010000000	100	100	0	0.956453
1592000	0.6000000000	0.0100000000	0.0010000000	100	100	0	0.956383
1593000	0.6000000000	0.0100000000	0.0010000000	100	100	0	0.956876
1594000	0.6000000000	0.0100000000	0.0010000000	100	100	0	0.956780
1595000	0.6000000000	0.0100000000	0.0010000000	100	100	0	0.956498
1596000	0.6000000000	0.0100000000	0.0010000000	100	100	0	0.956793
1597000	0.6000000000	0.0100000000	0.0010000000	100	100	0	0.956793
1598000	0.6000000000	0.0100000000	0.0010000000	100	100	0	0.956625
1599000	0.6000000000	0.0100000000	0.0010000000	100	100	0	0.956383
1600000	0.6000000000	0.0100000000	0.0010000000	100	100	0	0.956383
1601000	0.6000000000	0.0100000000	0.0010000000	100	100	0	0.955583
1602000	0.6000000000	0.0100000000	0.0010000000	100	100	0	0.955980
1603000	0.6000000000	0.0100000000	0.0010000000	100	100	0	0.956383
1604000	0.6000000000	0.0100000000	0.0010000000	100	100	0	0.956359
1605000	0.6000000000	0.0100000000	0.0010000000	100	100	0	0.955989
1606000	0.6000000000	0.0100000000	0.0010000000	100	100	0	0.956793
1607000	0.6000000000	0.0100000000	0.0010000000	100	100	0	0.956834
1608000	0.6000000000	0.0100000000	0.0010000000	100	100	0	0.957208
1609000	0.6000000000	0.0100000000	0.0010000000	100	100	0	0.957208
1610000	0.6000000000	0.0100000000	0.0010000000	100	100	0	0.956514
1611000	0.6000000000	0.0100000000	0.0010000000	100	100	0	0.956457
1612000	0.6000000000	0.0100000000	0.0010000000	100	100	0	0.956793
1613000	0.6000000000	0.0100000000	0.0010000000	100	100	0	0.957233
1614000	0.6000000000	0.0100000000	0.0010000000	100	100	0	0.957444
1615000	0.6000000000	0.0100000000	0.0010000000	100	100	0	0.956793
1616000	0.6000000000	0.0100000000	0.0010000000	100	100	0	0.956793
1617000	0.6000000000	0.0100000000	0.0010000000	100	100	0	0.956383
1618000	0.6000000000	0.0100000000	0.0010000000	100	100	0	0.956797
1619000	0.6000000000	0.0100000000	0.0010000000	100	100	0	0.956797
1620000	0.6000000000	0.0100000000	0.0010000000	100	100	0	0.955980
1621000	0.6000000000	0.0100000000	0.0010000000	100	100	0	0.955591
1622000	0.6000000000	0.0100000000	0.0010000000	100	100	0	0.955793
1623000	0.6000000000	0.0100000000	0.0010000000	100	100	0	0.955595
1624000	0.6000000000	0.0100000000	0.0010000000	100	100	0	0.955968
1625000	0.6000000000	0.0100000000	0.0010000000	100	100	0	0.956376
1626000	0.6000000000	0.0100000000	0.0010000000	100	100	0	0.955579
1627000	0.6000000000	0.0100000000	0.0010000000	100	100	0	0.955599
1628000	0.6000000000	0.0100000000	0.0010000000	100	100	0	0.955980
1629000	0.6000000000	0.0100000000	0.0010000000	100	100	0	0.956367
1630000	0.6000000000	0.0100000000	0.0010000000	100	100	0	0.956498
1631000	0.6000000000	0.0100000000	0.0010000000	100	100	0	0.956383
1632000	0.6000000000	0.0100000000	0.0010000000	100	100	0	0.956793
1633000	0.6000000000	0.0100000000	0.0010000000	100	100	0	0.956847
1634000	0.6000000000	0.0100000000	0.0010000000	100	100	0	0.956793
1635000	0.6000000000	0.0100000000	0.0010000000	100	100	0	0.957617
1636000	0.6000000000	0.0100000000	0.0010000000	100	100	0	0.958663
1637000	0.6000000000	0.0100000000	0.0010000000	100	100	0	0.958792
1638000	0.6000000000	0.0100000000	0.0010000000	100	100	0	0.958059
1639000	0.6000000000	0.0100000000	0.0010000000	100	100	0	0.957986
1640000	0.6000000000	0.0100000000	0.0010000000	100	100	0	0.958050
1641000	0.6000000000	0.0100000000	0.0010000000	100	100	0	0.957651
1642000	0.6000000000	0.0100000000	0.0010000000	100	100	0	0.958146
1643000	0.6000000000	0.0100000000	0.0010000000	100	100	0	0.958033
1644000	0.6000000000	0.0100000000	0.0010000000	100	100	0	0.958494
1645000	0.6000000000	0.0100000000	0.0010000000	100	100	0	0.959516
1646000	0.6000000000	0.0100000000	0.0010000000	100	100	0	0.959837
1647000	0.6000000000	0.0100000000	0.0010000000	100	100	0	0.959847
1648000	0.6000000000	0.0100000000	0.0010000000	100	100	0	0.960314
1649000	0.6000000000	0.0100000000	0.0010000000	100	100	0	0.960475
1650000	0.6000000000	0.0100000000	0.0010000000	100	100	0	0.960789
1651000	0.6000000000	0.0100000000	0.0010000000	100	100	0	0.959824
1652000	0.6000000000	0.0100000000	0.0010000000	100	100	0	0.959590
1653000	0.6000000000	0.0100000000	0.0010000000	100	100	0	0.959828
1654000	0.6000000000	0.0100000000	0.0010000000	100	100	0	0.959903
1655000	0.6000000000	0.0100000000	0.0010000000	100	100	0	0.959842
1656000	0.6000000000	0.0100000000	0.0010000000	100	100	0	0.959208
1657000	0.6000000000	0.0100000000	0.0010000000	100	100	0	0.959000
1658000	0.6000000000	0.0100000000	0.0010000000	100	100	0	0.959503
1659000	0.6000000000	0.0100000000	0.0010000000	100	100	0	0.959280
1660000	0.6000000000	0.0100000000	0.0010000000	100	100	0	0.958969
1661000	0.6000000000	0.0100000000	0.0010000000	100	100	0	0.958937
1662000	0.6000000000	0.0100000000	0.0010000000	100	100	0	0.958937
1663000	0.6000000000	0.0100000000	0.0010000000	100	100	0	0.958937
1664000	0.6000000000	0.0100000000	0.0010000000	100	100	0	0.958937
1665000	0.6000000000	0.0100000000	0.0010000000	100	100	0	0.958503
1666000	0.6000000000	0.0100000000	0.0010000000	100	100	0	0.958928
1667000	0.6000000000	0.0100000000	0.0010000000	100	100	0	0.959329
1668000	0.6000000000	0.0100000000	0.0010000000	100	100	0	0.958902
1669000	0.6000000000	0.0100000000	0.0010000000	100	100	0	0.958991
1670000	0.6000000000	0.0100000000	0.0010000000	100	100	0	0.959526
1671000	0.6000000000	0.0100000000	0.0010000000	100	100	0	0.959230
1672000	0.6000000000	0.0100000000	0.0010000000	100	100	0	0.959374
1673000	0.6000000000	0.0100000000	0.0010000000	100	100	0	0.959461
1674000	0.6000000000	0.0100000000	0.0010000000	100	100	0	0.959814
1675000	0.6000000000	0.0100000000	0.0010000000	100	100	0	0.958858
1676000	0.6000000000	0.0100000000	0.0010000000	100	100	0	0.959388
1677000	0.6000000000	0.0100000000	0.0010000000	100	100	0	0.959388
1678000	0.6000000000	0.0100000000	0.0010000000	100	100	0	0.959388
1679000	0.6000000000	0.0100000000	0.0010000000	100	100	0	0.959388
1680000	0.6000000000	0.0100000000	0.0010000000	100	100	0	0.959388
1681000	0.6000000000	0.0100000000	0.0010000000	100	100	0	0.959374
1682000	0.6000000000	0.0100000000	0.0010000000	100	100	0	0.959861
1683000	0.6000000000	0.0100000000	0.0010000000	100	100	0	0.959567
1684000	0.6000000000	0.0100000000	0.0010000000	100	100	0	0.959365
1685000	0.6000000000	0.0100000000	0.0010000000	100	100	0	0.958946
1686000	0.6000000000	0.0100000000	0.0010000000	100	100	0	0.959484
1687000	0.6000000000	0.0100000000	0.0010000000	100	100	0	0.959388
1688000	0.6000000000	0.0100000000	0.0010000000	100	100	0	0.959847
1689000	0.6000000000	0.0100000000	0.0010000000	100	100	0	0.959659
1690000	0.6000000000	0.0100000000	0.0010000000	100	100	0	0.959388
1691000	0.6000000000	0.0100000000	0.0010000000	100	100	0	0.959828
1692000	0.6000000000	0.0100000000	0.0010000000	100	100	0	0.959988
1693000	0.6000000000	0.0100000000	0.0010000000	100	100	0	0.960304
1694000	0.6000000000	0.0100000000	0.0010000000	100	100	0	0.960542
1695000	0.6000000000	0.0100000000	0.0010000000	100	100	0	0.960789
1696000	0.6000000000	0.0100000000	0.0010000000	100	100	0	0.960785
1697000	0.6000000000	0.0100000000	0.0010000000	100	100	0	0.960314
1698000	0.6000000000	0.0100000000	0.0010000000	100	100	0	0.960637
1699000	0.6000000000	0.0100000000	0.0010000000	100	100	0	0.960314
1700000	0.6000000000	0.0100000000	0.0010000000	100	100	0	0.960789
1701000	0.6000000000	0.0100000000	0.0010000000	100	100	0	0.960789
1702000	0.6000000000	0.0100000000	0.0010000000	100	100	0	0.960794
1703000	0.6000000000	0.0100000000	0.0010000000	100	100	0	0.960314
1704000	0.6000000000	0.0100000000	0.0010000000	100	100	0	0.960843
1705000	0.6000000000	0.0100000000	0.0010000000	100	100	0	0.961275
1706000	0.6000000000	0.0100000000	0.0010000000	100	100	0	0.961285
1707000	0.6000000000	0.0100000000	0.0010000000	100	100	0	0.961275
1708000	0.6000000000	0.0100000000	0.0010000000	100	100	0	0.961250
1709000	0.6000000000	0.0100000000	0.0010000000	100	100	0	0.961795
1710000	0.6000000000	0.0100000000	0.0010000000	100	100	0	0.961750
1711000	0.6000000000	0.0100000000	0.0010000000	100	100	0	0.961270
1712000	0.6000000000	0.0100000000	0.0010000000	100	100	0	0.961250
1713000	0.6000000000	0.0100000000	0.0010000000	100	100	0	0.961275
1714000	0.6000000000	0.0100000000	0.0010000000	100	100	0	0.961255
1715000	0.6000000000	0.0100000000	0.0010000000	100	100	0	0.961270
1716000	0.6000000000	0.0100000000	0.0010000000	100	100	0	0.961182
1717000	0.6000000000	0.0100000000	0.0010000000	100	100	0	0.961279
1718000	0.6000000000	0.0100000000	0.0010000000	100	100	0	0.960804
1719000	0.6000000000	0.0100000000	0.0010000000	100	100	0	0.961324
1720000	0.6000000000	0.0100000000	0.0010000000	100	100	0	0.960794
1721000	0.6000000000	0.0100000000	0.0010000000	100	100	0	0.960766
1722000	0.6000000000	0.0100000000	0.0010000000	100	100	0	0.960877
1723000	0.6000000000	0.0100000000	0.0010000000	100	100	0	0.960710
1724000	0.6000000000	0.0100000000	0.0010000000	100	100	0	0.961769
1725000	0.6000000000	0.0100000000	0.0010000000	100	100	0	0.961221
1726000	0.6000000000	0.0100000000	0.0010000000	100	100	0	0.961270
1727000	0.6000000000	0.0100000000	0.0010000000	100	100	0	0.960314
1728000	0.6000000000	0.0100000000	0.0010000000	100	100	0	0.960314
1729000	0.6000000000	0.0100000000	0.0010000000	100	100	0	0.960789
1730000	0.6000000000	0.0100000000	0.0010000000	100	100	0	0.960671
1731000	0.6000000000	0.0100000000	0.0010000000	100	100	0	0.960785
1732000	0.6000000000	0.0100000000	0.0010000000	100	100	0	0.960206
1733000	0.6000000000	0.0100000000	0.0010000000	100	100	0	0.959847
1734000	0.6000000000	0.0100000000	0.0010000000	100	100	0	0.959940
1735000	0.6000000000	0.0100000000	0.0010000000	100	100	0	0.959847
1736000	0.6000000000	0.0100000000	0.0010000000	100	100	0	0.960314
1737000	0.6000000000	0.0100000000	0.0010000000	100	100	0	0.959388
1738000	0.6000000000	0.0100000000	0.0010000000	100	100	0	0.959388
1739000	0.6000000000	0.0100000000	0.0010000000	100	100	0	0.959388
1740000	0.6000000000	0.0100000000	0.0010000000	100	100	0	0.958928
1741000	0.6000000000	0.0100000000	0.0010000000	100	100	0	0.958059
1742000	0.6000000000	0.0100000000	0.0010000000	100	100	0	0.957630
1743000	0.6000000000	0.0100000000	0.0010000000	100	100	0	0.957904
1744000	0.6000000000	0.0100000000	0.0010000000	100	100	0	0.958046
1745000	0.6000000000	0.0100000000	0.0010000000	100	100	0	0.958503
1746000	0.6000000000	0.0100000000	0.0010000000	100	100	0	0.958102
1747000	0.6000000000	0.0100000000	0.0010000000	100	100	0	0.958800
1748000	0.6000000000	0.0100000000	0.0010000000	100	100	0	0.959383
1749000	0.6000000000	0.0100000000	0.0010000000	100	100	0	0.959033
1750000	0.6000000000	0.0100000000	0.0010000000	100	100	0	0.959782
1751000	0.6000000000	0.0100000000	0.0010000000	100	100	0	0.959935
1752000	0.6000000000	0.0100000000	0.0010000000	100	100	0	0.959847
1753000	0.6000000000	0.0100000000	0.0010000000	100	100	0	0.959765
1754000	0.6000000000	0.0100000000	0.0010000000	100	100	0	0.958937
1755000	0.6000000000	0.0100000000	0.0010000000	100	100	0	0.958937
1756000	0.6000000000	0.0100000000	0.0010000000	100	100	0	0.959203
1757000	0.6000000000	0.0100000000	0.0010000000	100	100	0	0.959356
1758000	0.6000000000	0.0100000000	0.0010000000	100	100	0	0.959388
1759000	0.6000000000	0.0100000000	0.0010000000	100	100	0	0.958937
1760000	0.6000000000	0.0100000000	0.0010000000	100	100	0	0.958494
1761000	0.6000000000	0.0100000000	0.0010000000	100	100	0	0.958933
1762000	0.6000000000	0.0100000000	0.0010000000	100	100	0	0.958140
1763000	0.6000000000	0.0100000000	0.0010000000	100	100	0	0.958351
1764000	0.6000000000	0.0100000000	0.0010000000	100	100	0	0.958494
1765000	0.6000000000	0.0100000000	0.0010000000	100	100	0	0.958835
1766000	0.6000000000	0.0100000000	0.0010000000	100	100	0	0.958933
1767000	0.6000000000	0.0100000000	0.0010000000	100	100	0	0.958960
1768000	0.6000000000	0.0100000000	0.0010000000	100	100	0	0.958494
1769000	0.6000000000	0.0100000000	0.0010000000	100	100	0	0.958325
1770000	0.6000000000	0.0100000000	0.0010000000	100	100	0	0.958050
1771000	0.6000000000	0.0100000000	0.0010000000	100	100	0	0.957605
1772000	0.6000000000	0.0100000000	0.0010000000	100	100	0	0.957461
1773000	0.6000000000	0.0100000000	0.0010000000	100	100	0	0.957208
1774000	0.6000000000	0.0100000000	0.0010000000	100	100	0	0.957474
1775000	0.6000000000	0.0100000000	0.0010000000	100	100	0	0.957626
1776000	0.6000000000	0.0100000000	0.0010000000	100	100	0	0.957630
1777000	0.6000000000	0.0100000000	0.0010000000	100	100	0	0.957229
1778000	0.6000000000	0.0100000000	0.0010000000	100	100	0	0.957242
1779000	0.6000000000	0.0100000000	0.0010000000	100	100	0	0.956789
1780000	0.6000000000	0.0100000000	0.0010000000	100	100	0	0.958059
1781000	0.6000000000	0.0100000000	0.0010000000	100	100	0	0.958059
1782000	0.6000000000	0.0100000000	0.0010000000	100	100	0	0.957630
1783000	0.6000000000	0.0100000000	0.0010000000	100	100	0	0.957478
1784000	0.6000000000	0.0100000000	0.0010000000	100	100	0	0.956383
1785000	0.6000000000	0.0100000000	0.0010000000	100	100	0	0.956392
1786000	0.6000000000	0.0100000000	0.0010000000	100	100	0	0.956174
1787000	0.6000000000	0.0100000000	0.0010000000	100	100	0	0.956465
1788000	0.6000000000	0.0100000000	0.0010000000	100	100	0	0.956793
1789000	0.6000000000	0.0100000000	0.0010000000	100	100	0	0.956793
1790000	0.6000000000	0.0100000000	0.0010000000	100	100	0	0.957626
1791000	0.6000000000	0.0100000000	0.0010000000	100	100	0	0.957267
1792000	0.6000000000	0.0100000000	0.0010000000	100	100	0	0.957626
1793000	0.6000000000	0.0100000000	0.0010000000	100	100	0	0.957639
1794000	0.6000000000	0.0100000000	0.0010000000	100	100	0	0.957630
1795000	0.6000000000	0.0100000000	0.0010000000	100	100	0	0.957208
1796000	0.6000000000	0.0100000000	0.0010000000	100	100	0	0.956383
1797000	0.6000000000	0.0100000000	0.0010000000	100	100	0	0.956154
1798000	0.6000000000	0.0100000000	0.0010000000	100	100	0	0.955956
1799000	0.6000000000	0.0100000000	0.0010000000	100	100	0	0.955877
1800000	0.6000000000	0.0100000000	0.0010000000	100	100	0	0.955980
1801000	0.6000000000	0.0100000000	0.0010000000	100	100	0	0.956271
1802000	0.6000000000	0.0100000000	0.0010000000	100	100	0	0.956319
1803000	0.6000000000	0.0100000000	0.0010000000	100	100	0	0.955980
1804000	0.6000000000	0.0100000000	0.0010000000	100	100	0	0.955583
1805000	0.6000000000	0.0100000000	0.0010000000	100	100	0	0.955583
1806000	0.6000000000	0.0100000000	0.0010000000	100	100	0	0.955191
1807000	0.6000000000	0.0100000000	0.0010000000	100	100	0	0.954808
1808000	0.6000000000	0.0100000000	0.0010000000	100	100	0	0.955191
1809000	0.6000000000	0.0100000000	0.0010000000	100	100	0	0.954851
1810000	0.6000000000	0.0100000000	0.0010000000	100	100	0	0.954804
1811000	0.6000000000	0.0100000000	0.0010000000	100	100	0	0.954924
1812000	0.6000000000	0.0100000000	0.0010000000	100	100	0	0.954804
1813000	0.6000000000	0.0100000000	0.0010000000	100	100	0	0.954796
1814000	0.6000000000	0.0100000000	0.0010000000	100	100	0	0.954423
1815000	0.6000000000	0.0100000000	0.0010000000	100	100	0	0.954472
1816000	0.6000000000	0.0100000000	0.0010000000	100	100	0	0.954423
1817000	0.6000000000	0.0100000000	0.0010000000	100	100	0	0.954774
1818000	0.6000000000	0.0100000000	0.0010000000	100	100	0	0.954978
1819000	0.6000000000	0.0100000000	0.0010000000	100	100	0	0.955583
1820000	0.6000000000	0.0100000000	0.0010000000	100	100	0	0.955583
1821000	0.6000000000	0.0100000000	0.0010000000	100	100	0	0.955583
1822000	0.6000000000	0.0100000000	0.0010000000	100	100	0	0.955742
1823000	0.6000000000	0.0100000000	0.0010000000	100	100	0	0.956000
1824000	0.6000000000	0.0100000000	0.0010000000	100	100	0	0.955913
1825000	0.6000000000	0.0100000000	0.0010000000	100	100	0	0.956793
1826000	0.6000000000	0.0100000000	0.0010000000	100	100	0	0.956793
1827000	0.6000000000	0.0100000000	0.0010000000	100	100	0	0.956789
1828000	0.6000000000	0.0100000000	0.0010000000	100	100	0	0.956383
1829000	0.6000000000	0.0100000000	0.0010000000	100	100	0	0.956793
1830000	0.6000000000	0.0100000000	0.0010000000	100	100	0	0.956323
1831000	0.6000000000	0.0100000000	0.0010000000	100	100	0	0.955980
1832000	0.6000000000	0.0100000000	0.0010000000	100	100	0	0.955976
1833000	0.6000000000	0.0100000000	0.0010000000	100	100	0	0.956037
1834000	0.6000000000	0.0100000000	0.0010000000	100	100	0	0.956275
1835000	0.6000000000	0.0100000000	0.0010000000	100	100	0	0.956793
1836000	0.6000000000	0.0100000000	0.0010000000	100	100	0	0.957208
1837000	0.6000000000	0.0100000000	0.0010000000	100	100	0	0.956805
1838000	0.6000000000	0.0100000000	0.0010000000	100	100	0	0.956793
1839000	0.6000000000	0.0100000000	0.0010000000	100	100	0	0.957208
1840000	0.6000000000	0.0100000000	0.0010000000	100	100	0	0.956703
1841000	0.6000000000	0.0100000000	0.0010000000	100	100	0	0.957188
1842000	0.6000000000	0.0100000000	0.0010000000	100	100	0	0.957571
1843000	0.6000000000	0.0100000000	0.0010000000	100	100	0	0.957208
1844000	0.6000000000	0.0100000000	0.0010000000	100	100	0	0.956793
1845000	0.6000000000	0.0100000000	0.0010000000	100	100	0	0.956383
1846000	0.6000000000	0.0100000000	0.0010000000	100	100	0	0.956473
1847000	0.6000000000	0.0100000000	0.0010000000	100	100	0	0.956789
1848000	0.6000000000	0.0100000000	0.0010000000	100	100	0	0.956416
1849000	0.6000000000	0.0100000000	0.0010000000	100	100	0	0.955980
1850000	0.6000000000	0.0100000000	0.0010000000	100	100	0	0.955980
1851000	0.6000000000	0.0100000000	0.0010000000	100	100	0	0.955949
1852000	0.6000000000	0.0100000000	0.0010000000	100	100	0	0.956784
1853000	0.6000000000	0.0100000000	0.0010000000	100	100	0	0.957142
1854000	0.6000000000	0.0100000000	0.0010000000	100	100	0	0.956793
1855000	0.6000000000	0.0100000000	0.0010000000	100	100	0	0.956776
1856000	0.6000000000	0.0100000000	0.0010000000	100	100	0	0.956383
1857000	0.6000000000	0.0100000000	0.0010000000	100	100	0	0.955964
1858000	0.6000000000	0.0100000000	0.0010000000	100	100	0	0.956008
1859000	0.6000000000	0.0100000000	0.0010000000	100	100	0	0.955980
1860000	0.6000000000	0.0100000000	0.0010000000	100	100	0	0.956315
1861000	0.6000000000	0.0100000000	0.0010000000	100	100	0	0.956383
1862000	0.6000000000	0.0100000000	0.0010000000	100	100	0	0.956608
1863000	0.6000000000	0.0100000000	0.0010000000	100	100	0	0.956819
1864000	0.6000000000	0.0100000000	0.0010000000	100	100	0	0.956784
1865000	0.6000000000	0.0100000000	0.0010000000	100	100	0	0.957208
1866000	0.6000000000	0.0100000000	0.0010000000	100	100	0	0.957630
1867000	0.6000000000	0.0100000000	0.0010000000	100	100	0	0.957263
1868000	0.6000000000	0.0100000000	0.0010000000	100	100	0	0.957634
1869000	0.6000000000	0.0100000000	0.0010000000	100	100	0	0.957643
1870000	0.6000000000	0.0100000000	0.0010000000	100	100	0	0.957630
1871000	0.6000000000	0.0100000000	0.0010000000	100	100	0	0.957478
1872000	0.6000000000	0.0100000000	0.0010000000	100	100	0	0.957487
1873000	0.6000000000	0.0100000000	0.0010000000	100	100	0	0.956801
1874000	0.6000000000	0.0100000000	0.0010000000	100	100	0	0.957352
1875000	0.6000000000	0.0100000000	0.0010000000	100	100	0	0.957208
1876000	0.6000000000	0.0100000000	0.0010000000	100	100	0	0.957029
1877000	0.6000000000	0.0100000000	0.0010000000	100	100	0	0.957208
1878000	0.6000000000	0.0100000000	0.0010000000	100	100	0	0.956748
1879000	0.6000000000	0.0100000000	0.0010000000	100	100	0	0.956388
1880000	0.6000000000	0.0100000000	0.0010000000	100	100	0	0.956115
1881000	0.6000000000	0.0100000000	0.0010000000	100	100	0	0.955694
1882000	0.6000000000	0.0100000000	0.0010000000	100	100	0	0.955595
1883000	0.6000000000	0.0100000000	0.0010000000	100	100	0	0.955583
1884000	0.6000000000	0.0100000000	0.0010000000	100	100	0	0.955591
1885000	0.6000000000	0.0100000000	0.0010000000	100	100	0	0.955972
1886000	0.6000000000	0.0100000000	0.0010000000	100	100	0	0.956383
1887000	0.6000000000	0.0100000000	0.0010000000	100	100	0	0.955980
1888000	0.6000000000	0.0100000000	0.0010000000	100	100	0	0.955121
1889000	0.6000000000	0.0100000000	0.0010000000	100	100	0	0.955191
1890000	0.6000000000	0.0100000000	0.0010000000	100	100	0	0.955575
1891000	0.6000000000	0.0100000000	0.0010000000	100	100	0	0.955191
1892000	0.6000000000	0.0100000000	0.0010000000	100	100	0	0.955583
1893000	0.6000000000	0.0100000000	0.0010000000	100	100	0	0.955595
1894000	0.6000000000	0.0100000000	0.0010000000	100	100	0	0.955567
1895000	0.6000000000	0.0100000000	0.0010000000	100	100	0	0.955191
1896000	0.6000000000	0.0100000000	0.0010000000	100	100	0	0.954839
1897000	0.6000000000	0.0100000000	0.0010000000	100	100	0	0.954434
1898000	0.6000000000	0.0100000000	0.0010000000	100	100	0	0.954393
1899000	0.6000000000	0.0100000000	0.0010000000	100	100	0	0.954847
1900000	0.6000000000	0.0100000000	0.0010000000	100	100	0	0.954804
1901000	0.6000000000	0.0100000000	0.0010000000	100	100	0	0.954804
1902000	0.6000000000	0.0100000000	0.0010000000	100	100	0	0.954800
1903000	0.6000000000	0.0100000000	0.0010000000	100	100	0	0.954800
1904000	0.6000000000	0.0100000000	0.0010000000	100	100	0	0.954921
1905000	0.6000000000	0.0100000000	0.0010000000	100	100	0	0.954046
1906000	0.6000000000	0.0100000000	0.0010000000	100	100	0	0.953671
1907000	0.6000000000	0.0100000000	0.0010000000	100	100	0	0.953268
1908000	0.6000000000	0.0100000000	0.0010000000	100	100	0	0.953451
1909000	0.6000000000	0.0100000000	0.0010000000	100	100	0	0.953242
1910000	0.6000000000	0.0100000000	0.0010000000	100	100	0	0.952587
1911000	0.6000000000	0.0100000000	0.0010000000	100	100	0	0.952251
1912000	0.6000000000	0.0100000000	0.0010000000	100	100	0	0.952945
1913000	0.6000000000	0.0100000000	0.0010000000	100	100	0	0.952913
1914000	0.6000000000	0.0100000000	0.0010000000	100	100	0	0.952619
1915000	0.6000000000	0.0100000000	0.0010000000	100	100	0	0.952506
1916000	0.6000000000	0.0100000000	0.0010000000	100	100	0	0.952566
1917000	0.6000000000	0.0100000000	0.0010000000	100	100	0	0.952587
1918000	0.6000000000	0.0100000000	0.0010000000	100	100	0	0.952233
1919000	0.6000000000	0.0100000000	0.0010000000	100	100	0	0.952195
1920000	0.6000000000	0.0100000000	0.0010000000	100	100	0	0.951884
1921000	0.6000000000	0.0100000000	0.0010000000	100	100	0	0.951877
1922000	0.6000000000	0.0100000000	0.0010000000	100	100	0	0.952237
1923000	0.6000000000	0.0100000000	0.0010000000	100	100	0	0.952591
1924000	0.6000000000	0.0100000000	0.0010000000	100	100	0	0.952226
1925000	0.6000000000	0.0100000000	0.0010000000	100	100	0	0.952450
1926000	0.6000000000	0.0100000000	0.0010000000	100	100	0	0.952942
1927000	0.6000000000	0.0100000000	0.0010000000	100	100	0	0.952587
1928000	0.6000000000	0.0100000000	0.0010000000	100	100	0	0.952481
1929000	0.6000000000	0.0100000000	0.0010000000	100	100	0	0.952917
1930000	0.6000000000	0.0100000000	0.0010000000	100	100	0	0.952949
1931000	0.6000000000	0.0100000000	0.0010000000	100	100	0	0.952945
1932000	0.6000000000	0.0100000000	0.0010000000	100	100	0	0.953018
1933000	0.6000000000	0.0100000000	0.0010000000	100	100	0	0.952952
1934000	0.6000000000	0.0100000000	0.0010000000	100	100	0	0.953120
1935000	0.6000000000	0.0100000000	0.0010000000	100	100	0	0.953675
1936000	0.6000000000	0.0100000000	0.0010000000	100	100	0	0.953675
1937000	0.6000000000	0.0100000000	0.0010000000	100	100	0	0.953308
1938000	0.6000000000	0.0100000000	0.0010000000	100	100	0	0.953308
1939000	0.6000000000	0.0100000000	0.0010000000	100	100	0	0.953315
1940000	0.6000000000	0.0100000000	0.0010000000	100	100	0	0.953308
1941000	0.6000000000	0.0100000000	0.0010000000	100	100	0	0.953319
1942000	0.6000000000	0.0100000000	0.0010000000	100	100	0	0.953308
1943000	0.6000000000	0.0100000000	0.0010000000	100	100	0	0.953675
1944000	0.6000000000	0.0100000000	0.0010000000	100	100	0	0.954046
1945000	0.6000000000	0.0100000000	0.0010000000	100	100	0	0.954035
1946000	0.6000000000	0.0100000000	0.0010000000	100	100	0	0.954028
1947000	0.6000000000	0.0100000000	0.0010000000	100	100	0	0.954050
1948000	0.6000000000	0.0100000000	0.0010000000	100	100	0	0.954035
1949000	0.6000000000	0.0100000000	0.0010000000	100	100	0	0.954804
1950000	0.6000000000	0.0100000000	0.0010000000	100	100	0	0.954804
1951000	0.6000000000	0.0100000000	0.0010000000	100	100	0	0.954804
1952000	0.6000000000	0.0100000000	0.0010000000	100	100	0	0.955446
1953000	0.6000000000	0.0100000000	0.0010000000	100	100	0	0.955195
1954000	0.6000000000	0.0100000000	0.0010000000	100	100	0	0.954800
1955000	0.6000000000	0.0100000000	0.0010000000	100	100	0	0.954208
1956000	0.6000000000	0.0100000000	0.0010000000	100	100	0	0.954461
1957000	0.6000000000	0.0100000000	0.0010000000	100	100	0	0.954046
1958000	0.6000000000	0.0100000000	0.0010000000	100	100	0	0.954050
1959000	0.6000000000	0.0100000000	0.0010000000	100	100	0	0.953656
1960000	0.6000000000	0.0100000000	0.0010000000	100	100	0	0.953308
1961000	0.6000000000	0.0100000000	0.0010000000	100	100	0	0.953300
1962000	0.6000000000	0.0100000000	0.0010000000	100	100	0	0.953311
1963000	0.6000000000	0.0100000000	0.0010000000	100	100	0	0.953061
1964000	0.6000000000	0.0100000000	0.0010000000	100	100	0	0.953308
1965000	0.6000000000	0.0100000000	0.0010000000	100	100	0	0.952945
1966000	0.6000000000	0.0100000000	0.0010000000	100	100	0	0.953036
1967000	0.6000000000	0.0100000000	0.0010000000	100	100	0	0.953293
1968000	0.6000000000	0.0100000000	0.0010000000	100	100	0	0.953675
1969000	0.6000000000	0.0100000000	0.0010000000	100	100	0	0.954046
1970000	0.6000000000	0.0100000000	0.0010000000	100	100	0	0.954393
1971000	0.6000000000	0.0100000000	0.0010000000	100	100	0	0.955171
1972000	0.6000000000	0.0100000000	0.0010000000	100	100	0	0.955406
1973000	0.6000000000	0.0100000000	0.0010000000	100	100	0	0.955579
1974000	0.6000000000	0.0100000000	0.0010000000	100	100	0	0.955984
1975000	0.6000000000	0.0100000000	0.0010000000	100	100	0	0.955264
1976000	0.6000000000	0.0100000000	0.0010000000	100	100	0	0.955714
1977000	0.6000000000	0.0100000000	0.0010000000	100	100	0	0.955195
1978000	0.6000000000	0.0100000000	0.0010000000	100	100	0	0.954659
1979000	0.6000000000	0.0100000000	0.0010000000	100	100	0	0.955195
1980000	0.6000000000	0.0100000000	0.0010000000	100	100	0	0.955632
1981000	0.6000000000	0.0100000000	0.0010000000	100	100	0	0.955191
1982000	0.6000000000	0.0100000000	0.0010000000	100	100	0	0.955320
1983000	0.6000000000	0.0100000000	0.0010000000	100	100	0	0.954796
1984000	0.6000000000	0.0100000000	0.0010000000	100	100	0	0.955059
1985000	0.6000000000	0.0100000000	0.0010000000	100	100	0	0.954804
1986000	0.6000000000	0.0100000000	0.0010000000	100	100	0	0.954804
1987000	0.6000000000	0.0100000000	0.0010000000	100	100	0	0.955098
1988000	0.6000000000	0.0100000000	0.0010000000	100	100	0	0.955222
1989000	0.6000000000	0.0100000000	0.0010000000	100	100	0	0.955199
1990000	0.6000000000	0.0100000000	0.0010000000	100	100	0	0.954804
1991000	0.6000000000	0.0100000000	0.0010000000	100	100	0	0.955206
1992000	0.6000000000	0.0100000000	0.0010000000	100	100	0	0.954793
1993000	0.6000000000	0.0100000000	0.0010000000	100	100	0	0.954457
1994000	0.6000000000	0.0100000000	0.0010000000	100	100	0	0.954396
1995000	0.6000000000	0.0100000000	0.0010000000	100	100	0	0.954423
1996000	0.6000000000	0.0100000000	0.0010000000	100	100	0	0.954118
1997000	0.6000000000	0.0100000000	0.0010000000	100	100	0	0.953484
1998000	0.6000000000	0.0100000000	0.0010000000	100	100	0	0.954076
1999000	0.6000000000	0.0100000000	0.0010000000	100	100	0	0.953675
2000000	0.6000000000	0.0100000000	0.0010000000	100	100	0	0.954046
2001000	0.6000000000	0.0100000000	0.0010000000	100	100	0	0.954423
2002000	0.6000000000	0.0100000000	0.0010000000	100	100	0	0.954843
2003000	0.6000000000	0.0100000000	0.0010000000	100	100	0	0.954804
2004000	0.6000000000	0.0100000000	0.0010000000	100	100	0	0.954785
2005000	0.6000000000	0.0100000000	0.0010000000	100	100	0	0.955191
2006000	0.6000000000	0.0100000000	0.0010000000	100	100	0	0.954739
2007000	0.6000000000	0.0100000000	0.0010000000	100	100	0	0.954785
2008000	0.6000000000	0.0100000000	0.0010000000	100	100	0	0.954870
2009000	0.6000000000	0.0100000000	0.0010000000	100	100	0	0.954019
2010000	0.6000000000	0.0100000000	0.0010000000	100	100	0	0.953675
2011000	0.6000000000	0.0100000000	0.0010000000	100	100	0	0.953704
2012000	0.6000000000	0.0100000000	0.0010000000	100	100	0	0.954043
2013000	0.6000000000	0.0100000000	0.0010000000	100	100	0	0.954046
2014000	0.6000000000	0.0100000000	0.0010000000	100	100	0	0.953671
2015000	0.6000000000	0.0100000000	0.0010000000	100	100	0	0.954061
2016000	0.6000000000	0.0100000000	0.0010000000	100	100	0	0.954046
2017000	0.6000000000	0.0100000000	0.0010000000	100	100	0	0.954423
2018000	0.6000000000	0.0100000000	0.0010000000	100	100	0	0.954804
2019000	0.6000000000	0.0100000000	0.0010000000	100	100	0	0.955434
2020000	0.6000000000	0.0100000000	0.0010000000	100	100	0	0.954667
2021000	0.6000000000	0.0100000000	0.0010000000	100	100	0	0.954804
2022000	0.6000000000	0.0100000000	0.0010000000	100	100	0	0.954804
2023000	0.6000000000	0.0100000000	0.0010000000	100	100	0	0.954442
2024000	0.6000000000	0.0100000000	0.0010000000	100	100	0	0.954426
2025000	0.6000000000	0.0100000000	0.0010000000	100	100	0	0.954545
2026000	0.6000000000	0.0100000000	0.0010000000	100	100	0	0.954423
2027000	0.6000000000	0.0100000000	0.0010000000	100	100	0	0.954423
2028000	0.6000000000	0.0100000000	0.0010000000	100	100	0	0.954046
2029000	0.6000000000	0.0100000000	0.0010000000	100	100	0	0.953206
2030000	0.6000000000	0.0100000000	0.0010000000	100	100	0	0.953414
2031000	0.6000000000	0.0100000000	0.0010000000	100	100	0	0.953656
2032000	0.6000000000	0.0100000000	0.0010000000	100	100	0	0.953311
2033000	0.6000000000	0.0100000000	0.0010000000	100	100	0	0.952945
2034000	0.6000000000	0.0100000000	0.0010000000	100	100	0	0.953297
2035000	0.6000000000	0.0100000000	0.0010000000	100	100	0	0.952982
2036000	0.6000000000	0.0100000000	0.0010000000	100	100	0	0.954313
2037000	0.6000000000	0.0100000000	0.0010000000	100	100	0	0.954423
2038000	0.6000000000	0.0100000000	0.0010000000	100	100	0	0.954046
2039000	0.6000000000	0.0100000000	0.0010000000	100	100	0	0.954411
2040000	0.6000000000	0.0100000000	0.0010000000	100	100	0	0.954423
2041000	0.6000000000	0.0100000000	0.0010000000	100	100	0	0.954400
2042000	0.6000000000	0.0100000000	0.0010000000	100	100	0	0.954046
2043000	0.6000000000	0.0100000000	0.0010000000	100	100	0	0.954046
2044000	0.6000000000	0.0100000000	0.0010000000	100	100	0	0.954430
2045000	0.6000000000	0.0100000000	0.0010000000	100	100	0	0.954858
2046000	0.6000000000	0.0100000000	0.0010000000	100	100	0	0.954046
2047000	0.6000000000	0.0100000000	0.0010000000	100	100	0	0.954804
2048000	0.6000000000	0.0100000000	0.0010000000	100	100	0	0.954804
2049000	0.6000000000	0.0100000000	0.0010000000	100	100	0	0.954423
2050000	0.6000000000	0.0100000000	0.0010000000	100	100	0	0.954804
2051000	0.6000000000	0.0100000000	0.0010000000	100	100	0	0.954408
2052000	0.6000000000	0.0100000000	0.0010000000	100	100	0	0.954518
2053000	0.6000000000	0.0100000000	0.0010000000	100	100	0	0.954541
2054000	0.6000000000	0.0100000000	0.0010000000	100	100	0	0.954423
2055000	0.6000000000	0.0100000000	0.0010000000	100	100	0	0.954446
2056000	0.6000000000	0.0100000000	0.0010000000	100	100	0	0.955171
2057000	0.6000000000	0.0100000000	0.0010000000	100	100	0	0.955355
2058000	0.6000000000	0.0100000000	0.0010000000	100	100	0	0.955191
2059000	0.6000000000	0.0100000000	0.0010000000	100	100	0	0.955960
2060000	0.6000000000	0.0100000000	0.0010000000	100	100	0	0.956678
2061000	0.6000000000	0.0100000000	0.0010000000	100	100	0	0.957212
2062000	0.6000000000	0.0100000000	0.0010000000	100	100	0	0.957508
2063000	0.6000000000	0.0100000000	0.0010000000	100	100	0	0.957849
2064000	0.6000000000	0.0100000000	0.0010000000	100	100	0	0.957529
2065000	0.6000000000	0.0100000000	0.0010000000	100	100	0	0.957656
2066000	0.6000000000	0.0100000000	0.0010000000	100	100	0	0.957221
2067000	0.6000000000	0.0100000000	0.0010000000	100	100	0	0.957322
2068000	0.6000000000	0.0100000000	0.0010000000	100	100	0	0.956383
2069000	0.6000000000	0.0100000000	0.0010000000	100	100	0	0.955984
2070000	0.6000000000	0.0100000000	0.0010000000	100	100	0	0.955980
2071000	0.6000000000	0.0100000000	0.0010000000	100	100	0	0.955559
2072000	0.6000000000	0.0100000000	0.0010000000	100	100	0	0.955583
2073000	0.6000000000	0.0100000000	0.0010000000	100	100	0	0.955571
2074000	0.6000000000	0.0100000000	0.0010000000	100	100	0	0.955980
2075000	0.6000000000	0.0100000000	0.0010000000	100	100	0	0.955980
2076000	0.6000000000	0.0100000000	0.0010000000	100	100	0	0.955575
2077000	0.6000000000	0.0100000000	0.0010000000	100	100	0	0.955238
2078000	0.6000000000	0.0100000000	0.0010000000	100	100	0	0.954816
2079000	0.6000000000	0.0100000000	0.0010000000	100	100	0	0.955191
2080000	0.6000000000	0.0100000000	0.0010000000	100	100	0	0.955191
2081000	0.6000000000	0.0100000000	0.0010000000	100	100	0	0.955191
2082000	0.6000000000	0.0100000000	0.0010000000	100	100	0	0.955191
2083000	0.6000000000	0.0100000000	0.0010000000	100	100	0	0.955164
2084000	0.6000000000	0.0100000000	0.0010000000	100	100	0	0.955308
2085000	0.6000000000	0.0100000000	0.0010000000	100	100	0	0.955583
2086000	0.6000000000	0.0100000000	0.0010000000	100	100	0	0.955187
2087000	0.6000000000	0.0100000000	0.0010000000	100	100	0	0.955171
2088000	0.6000000000	0.0100000000	0.0010000000	100	100	0	0.954971
2089000	0.6000000000	0.0100000000	0.0010000000	100	100	0	0.954804
2090000	0.6000000000	0.0100000000	0.0010000000	100	100	0	0.954446
2091000	0.6000000000	0.0100000000	0.0010000000	100	100	0	0.955199
2092000	0.6000000000	0.0100000000	0.0010000000	100	100	0	0.954804
2093000	0.6000000000	0.0100000000	0.0010000000	100	100	0	0.954804
2094000	0.6000000000	0.0100000000	0.0010000000	100	100	0	0.954804
2095000	0.6000000000	0.0100000000	0.0010000000	100	100	0	0.955168
2096000	0.6000000000	0.0100000000	0.0010000000	100	100	0	0.955489
2097000	0.6000000000	0.0100000000	0.0010000000	100	100	0	0.955348
2098000	0.6000000000	0.0100000000	0.0010000000	100	100	0	0.955187
2099000	0.6000000000	0.0100000000	0.0010000000	100	100	0	0.955210
2100000	0.6000000000	0.0100000000	0.0010000000	100	100	0	0.955544
2101000	0.6000000000	0.0100000000	0.0010000000	100	100	0	0.955583
2102000	0.6000000000	0.0100000000	0.0010000000	100	100	0	0.955623
2103000	0.6000000000	0.0100000000	0.0010000000	100	100	0	0.955191
2104000	0.6000000000	0.0100000000	0.0010000000	100	100	0	0.955192
2105000	0.6000000000	0.0100000000	0.0010000000	100	100	0	0.955106
2106000	0.6000000000	0.0100000000	0.0010000000	100	100	0	0.955603
2107000	0.6000000000	0.0100000000	0.0010000000	100	100	0	0.954564
2108000	0.6000000000	0.0100000000	0.0010000000	100	100	0	0.955191
2109000	0.6000000000	0.0100000000	0.0010000000	100	100	0	0.955583
2110000	0.6000000000	0.0100000000	0.0010000000	100	100	0	0.955179
2111000	0.6000000000	0.0100000000	0.0010000000	100	100	0	0.955191
2112000	0.6000000000	0.0100000000	0.0010000000	100	100	0	0.955191
2113000	0.6000000000	0.0100000000	0.0010000000	100	100	0	0.955175
2114000	0.6000000000	0.0100000000	0.0010000000	100	100	0	0.954796
2115000	0.6000000000	0.0100000000	0.0010000000	100	100	0	0.954423
2116000	0.6000000000	0.0100000000	0.0010000000	100	100	0	0.954583
2117000	0.6000000000	0.0100000000	0.0010000000	100	100	0	0.954426
2118000	0.6000000000	0.0100000000	0.0010000000	100	100	0	0.954974
2119000	0.6000000000	0.0100000000	0.0010000000	100	100	0	0.954812
2120000	0.6000000000	0.0100000000	0.0010000000	100	100	0	0.955021
2121000	0.6000000000	0.0100000000	0.0010000000	100	100	0	0.954804
2122000	0.6000000000	0.0100000000	0.0010000000	100	100	0	0.954197
2123000	0.6000000000	0.0100000000	0.0010000000	100	100	0	0.954046
2124000	0.6000000000	0.0100000000	0.0010000000	100	100	0	0.954046
2125000	0.6000000000	0.0100000000	0.0010000000	100	100	0	0.954013
2126000	0.6000000000	0.0100000000	0.0010000000	100	100	0	0.954423
2127000	0.6000000000	0.0100000000	0.0010000000	100	100	0	0.954804
2128000	0.6000000000	0.0100000000	0.0010000000	100	100	0	0.954812
2129000	0.6000000000	0.0100000000	0.0010000000	100	100	0	0.955626
2130000	0.6000000000	0.0100000000	0.0010000000	100	100	0	0.955783
2131000	0.6000000000	0.0100000000	0.0010000000	100	100	0	0.956258
2132000	0.6000000000	0.0100000000	0.0010000000	100	100	0	0.955980
2133000	0.6000000000	0.0100000000	0.0010000000	100	100	0	0.955980
2134000	0.6000000000	0.0100000000	0.0010000000	100	100	0	0.955972
2135000	0.6000000000	0.0100000000	0.0010000000	100	100	0	0.955980
2136000	0.6000000000	0.0100000000	0.0010000000	100	100	0	0.956379
2137000	0.6000000000	0.0100000000	0.0010000000	100	100	0	0.956359
2138000	0.6000000000	0.0100000000	0.0010000000	100	100	0	0.955583
2139000	0.6000000000	0.0100000000	0.0010000000	100	100	0	0.955575
2140000	0.6000000000	0.0100000000	0.0010000000	100	100	0	0.955972
2141000	0.6000000000	0.0100000000	0.0010000000	100	100	0	0.956174
2142000	0.6000000000	0.0100000000	0.0010000000	100	100	0	0.955583
2143000	0.6000000000	0.0100000000	0.0010000000	100	100	0	0.955583
2144000	0.6000000000	0.0100000000	0.0010000000	100	100	0	0.955583
2145000	0.6000000000	0.0100000000	0.0010000000	100	100	0	0.955587
2146000	0.6000000000	0.0100000000	0.0010000000	100	100	0	0.955980
2147000	0.6000000000	0.0100000000	0.0010000000	100	100	0	0.955980
2148000	0.6000000000	0.0100000000	0.0010000000	100	100	0	0.956392
2149000	0.6000000000	0.0100000000	0.0010000000	100	100	0	0.956383
2150000	0.6000000000	0.0100000000	0.0010000000	100	100	0	0.956619
2151000	0.6000000000	0.0100000000	0.0010000000	100	100	0	0.956401
2152000	0.6000000000	0.0100000000	0.0010000000	100	100	0	0.955980
2153000	0.6000000000	0.0100000000	0.0010000000	100	100	0	0.956375
2154000	0.6000000000	0.0100000000	0.0010000000	100	100	0	0.956383
2155000	0.6000000000	0.0100000000	0.0010000000	100	100	0	0.955571
2156000	0.6000000000	0.0100000000	0.0010000000	100	100	0	0.955984
2157000	0.6000000000	0.0100000000	0.0010000000	100	100	0	0.956383
2158000	0.6000000000	0.0100000000	0.0010000000	100	100	0	0.956226
2159000	0.6000000000	0.0100000000	0.0010000000	100	100	0	0.956420
2160000	0.6000000000	0.0100000000	0.0010000000	100	100	0	0.955579
2161000	0.6000000000	0.0100000000	0.0010000000	100	100	0	0.955980
2162000	0.6000000000	0.0100000000	0.0010000000	100	100	0	0.955980
2163000	0.6000000000	0.0100000000	0.0010000000	100	100	0	0.956388
2164000	0.6000000000	0.0100000000	0.0010000000	100	100	0	0.955980
2165000	0.6000000000	0.0100000000	0.0010000000	100	100	0	0.955976
2166000	0.6000000000	0.0100000000	0.0010000000	100	100	0	0.955980
2167000	0.6000000000	0.0100000000	0.0010000000	100	100	0	0.956715
2168000	0.6000000000	0.0100000000	0.0010000000	100	100	0	0.956383
2169000	0.6000000000	0.0100000000	0.0010000000	100	100	0	0.956818
2170000	0.6000000000	0.0100000000	0.0010000000	100	100	0	0.956943
2171000	0.6000000000	0.0100000000	0.0010000000	100	100	0	0.957771
2172000	0.6000000000	0.0100000000	0.0010000000	100	100	0	0.957630
2173000	0.6000000000	0.0100000000	0.0010000000	100	100	0	0.957660
2174000	0.6000000000	0.0100000000	0.0010000000	100	100	0	0.957660
2175000	0.6000000000	0.0100000000	0.0010000000	100	100	0	0.958059
2176000	0.6000000000	0.0100000000	0.0010000000	100	100	0	0.958063
2177000	0.6000000000	0.0100000000	0.0010000000	100	100	0	0.958089
2178000	0.6000000000	0.0100000000	0.0010000000	100	100	0	0.957643
2179000	0.6000000000	0.0100000000	0.0010000000	100	100	0	0.958059
2180000	0.6000000000	0.0100000000	0.0010000000	100	100	0	0.957579
2181000	0.6000000000	0.0100000000	0.0010000000	100	100	0	0.957601
2182000	0.6000000000	0.0100000000	0.0010000000	100	100	0	0.957630
2183000	0.6000000000	0.0100000000	0.0010000000	100	100	0	0.957622
2184000	0.6000000000	0.0100000000	0.0010000000	100	100	0	0.957630
2185000	0.6000000000	0.0100000000	0.0010000000	100	100	0	0.957630
2186000	0.6000000000	0.0100000000	0.0010000000	100	100	0	0.957626
2187000	0.6000000000	0.0100000000	0.0010000000	100	100	0	0.957079
2188000	0.6000000000	0.0100000000	0.0010000000	100	100	0	0.956988
2189000	0.6000000000	0.0100000000	0.0010000000	100	100	0	0.956383
2190000	0.6000000000	0.0100000000	0.0010000000	100	100	0	0.956379
2191000	0.6000000000	0.0100000000	0.0010000000	100	100	0	0.955889
2192000	0.6000000000	0.0100000000	0.0010000000	100	100	0	0.955583
2193000	0.6000000000	0.0100000000	0.0010000000	100	100	0	0.955164
2194000	0.6000000000	0.0100000000	0.0010000000	100	100	0	0.955037
2195000	0.6000000000	0.0100000000	0.0010000000	100	100	0	0.955091
2196000	0.6000000000	0.0100000000	0.0010000000	100	100	0	0.955148
2197000	0.6000000000	0.0100000000	0.0010000000	100	100	0	0.955583
2198000	0.6000000000	0.0100000000	0.0010000000	100	100	0	0.956008
2199000	0.6000000000	0.0100000000	0.0010000000	100	100	0	0.956793
2200000	0.6000000000	0.0100000000	0.0010000000	100	100	0	0.956404
2201000	0.6000000000	0.0100000000	0.0010000000	100	100	0	0.956113
2202000	0.6000000000	0.0100000000	0.0010000000	100	100	0	0.955611
2203000	0.6000000000	0.0100000000	0.0010000000	100	100	0	0.955512
2204000	0.6000000000	0.0100000000	0.0010000000	100	100	0	0.955179
2205000	0.6000000000	0.0100000000	0.0010000000	100	100	0	0.955191
2206000	0.6000000000	0.0100000000	0.0010000000	100	100	0	0.955191
2207000	0.6000000000	0.0100000000	0.0010000000	100	100	0	0.955195
2208000	0.6000000000	0.0100000000	0.0010000000	100	100	0	0.955129
2209000	0.6000000000	0.0100000000	0.0010000000	100	100	0	0.955524
2210000	0.6000000000	0.0100000000	0.0010000000	100	100	0	0.954800
2211000	0.6000000000	0.0100000000	0.0010000000	100	100	0	0.955308
2212000	0.6000000000	0.0100000000	0.0010000000	100	100	0	0.955583
2213000	0.6000000000	0.0100000000	0.0010000000	100	100	0	0.955587
2214000	0.6000000000	0.0100000000	0.0010000000	100	100	0	0.955191
2215000	0.6000000000	0.0100000000	0.0010000000	100	100	0	0.955191
2216000	0.6000000000	0.0100000000	0.0010000000	100	100	0	0.955168
2217000	0.6000000000	0.0100000000	0.0010000000	100	100	0	0.955583
2218000	0.6000000000	0.0100000000	0.0010000000	100	100	0	0.955583
2219000	0.6000000000	0.0100000000	0.0010000000	100	100	0	0.955449
2220000	0.6000000000	0.0100000000	0.0010000000	100	100	0	0.955536
2221000	0.6000000000	0.0100000000	0.0010000000	100	100	0	0.955191
2222000	0.6000000000	0.0100000000	0.0010000000	100	100	0	0.955195
2223000	0.6000000000	0.0100000000	0.0010000000	100	100	0	0.955512
2224000	0.6000000000	0.0100000000	0.0010000000	100	100	0	0.954674
2225000	0.6000000000	0.0100000000	0.0010000000	100	100	0	0.954355
2226000	0.6000000000	0.0100000000	0.0010000000	100	100	0	0.954423
2227000	0.6000000000	0.0100000000	0.0010000000	100	100	0	0.954804
2228000	0.6000000000	0.0100000000	0.0010000000	100	100	0	0.954804
2229000	0.6000000000	0.0100000000	0.0010000000	100	100	0	0.955171
2230000	0.6000000000	0.0100000000	0.0010000000	100	100	0	0.955179
2231000	0.6000000000	0.0100000000	0.0010000000	100	100	0	0.954381
2232000	0.6000000000	0.0100000000	0.0010000000	100	100	0	0.954758
2233000	0.6000000000	0.0100000000	0.0010000000	100	100	0	0.954878
2234000	0.6000000000	0.0100000000	0.0010000000	100	100	0	0.954800
2235000	0.6000000000	0.0100000000	0.0010000000	100	100	0	0.954804
2236000	0.6000000000	0.0100000000	0.0010000000	100	100	0	0.954446
2237000	0.6000000000	0.0100000000	0.0010000000	100	100	0	0.954423
2238000	0.6000000000	0.0100000000	0.0010000000	100	100	0	0.955191
2239000	0.6000000000	0.0100000000	0.0010000000	100	100	0	0.955508
2240000	0.6000000000	0.0100000000	0.0010000000	100	100	0	0.955191
2241000	0.6000000000	0.0100000000	0.0010000000	100	100	0	0.954804
2242000	0.6000000000	0.0100000000	0.0010000000	100	100	0	0.955106
2243000	0.6000000000	0.0100000000	0.0010000000	100	100	0	0.955152
2244000	0.6000000000	0.0100000000	0.0010000000	100	100	0	0.954843
2245000	0.6000000000	0.0100000000	0.0010000000	100	100	0	0.954716
2246000	0.6000000000	0.0100000000	0.0010000000	100	100	0	0.954423
2247000	0.6000000000	0.0100000000	0.0010000000	100	100	0	0.954110
2248000	0.6000000000	0.0100000000	0.0010000000	100	100	0	0.953300
2249000	0.6000000000	0.0100000000	0.0010000000	100	100	0	0.953532
2250000	0.6000000000	0.0100000000	0.0010000000	100	100	0	0.954122
2251000	0.6000000000	0.0100000000	0.0010000000	100	100	0	0.954046
2252000	0.6000000000	0.0100000000	0.0010000000	100	100	0	0.953938
2253000	0.6000000000	0.0100000000	0.0010000000	100	100	0	0.954043
2254000	0.6000000000	0.0100000000	0.0010000000	100	100	0	0.954039
2255000	0.6000000000	0.0100000000	0.0010000000	100	100	0	0.953857
2256000	0.6000000000	0.0100000000	0.0010000000	100	100	0	0.954419
2257000	0.6000000000	0.0100000000	0.0010000000	100	100	0	0.954423
2258000	0.6000000000	0.0100000000	0.0010000000	100	100	0	0.954663
2259000	0.6000000000	0.0100000000	0.0010000000	100	100	0	0.954718
2260000	0.6000000000	0.0100000000	0.0010000000	100	100	0	0.954423
2261000	0.6000000000	0.0100000000	0.0010000000	100	100	0	0.954426
2262000	0.6000000000	0.0100000000	0.0010000000	100	100	0	0.954549
2263000	0.6000000000	0.0100000000	0.0010000000	100	100	0	0.955171
2264000	0.6000000000	0.0100000000	0.0010000000	100	100	0	0.955579
2265000	0.6000000000	0.0100000000	0.0010000000	100	100	0	0.954847
2266000	0.6000000000	0.0100000000	0.0010000000	100	100	0	0.955191
2267000	0.6000000000	0.0100000000	0.0010000000	100	100	0	0.954800
2268000	0.6000000000	0.0100000000	0.0010000000	100	100	0	0.954423
2269000	0.6000000000	0.0100000000	0.0010000000	100	100	0	0.954804
2270000	0.6000000000	0.0100000000	0.0010000000	100	100	0	0.954804
2271000	0.6000000000	0.0100000000	0.0010000000	100	100	0	0.954499
2272000	0.6000000000	0.0100000000	0.0010000000	100	100	0	0.954978
2273000	0.6000000000	0.0100000000	0.0010000000	100	100	0	0.954758
2274000	0.6000000000	0.0100000000	0.0010000000	100	100	0	0.954423
2275000	0.6000000000	0.0100000000	0.0010000000	100	100	0	0.954728
2276000	0.6000000000	0.0100000000	0.0010000000	100	100	0	0.953520
2277000	0.6000000000	0.0100000000	0.0010000000	100	100	0	0.953689
2278000	0.6000000000	0.0100000000	0.0010000000	100	100	0	0.953326
2279000	0.6000000000	0.0100000000	0.0010000000	100	100	0	0.952945
2280000	0.6000000000	0.0100000000	0.0010000000	100	100	0	0.953675
2281000	0.6000000000	0.0100000000	0.0010000000	100	100	0	0.953678
2282000	0.6000000000	0.0100000000	0.0010000000	100	100	0	0.953319
2283000	0.6000000000	0.0100000000	0.0010000000	100	100	0	0.952945
2284000	0.6000000000	0.0100000000	0.0010000000	100	100	0	0.952587
2285000	0.6000000000	0.0100000000	0.0010000000	100	100	0	0.952371
2286000	0.6000000000	0.0100000000	0.0010000000	100	100	0	0.953308
2287000	0.6000000000	0.0100000000	0.0010000000	100	100	0	0.952602
2288000	0.6000000000	0.0100000000	0.0010000000	100	100	0	0.953985
2289000	0.6000000000	0.0100000000	0.0010000000	100	100	0	0.954046
2290000	0.6000000000	0.0100000000	0.0010000000	100	100	0	0.954046
2291000	0.6000000000	0.0100000000	0.0010000000	100	100	0	0.954419
2292000	0.6000000000	0.0100000000	0.0010000000	100	100	0	0.954088
2293000	0.6000000000	0.0100000000	0.0010000000	100	100	0	0.954043
2294000	0.6000000000	0.0100000000	0.0010000000	100	100	0	0.954061
2295000	0.6000000000	0.0100000000	0.0010000000	100	100	0	0.954046
2296000	0.6000000000	0.0100000000	0.0010000000	100	100	0	0.953664
2297000	0.6000000000	0.0100000000	0.0010000000	100	100	0	0.953590
2298000	0.6000000000	0.0100000000	0.0010000000	100	100	0	0.953675
2299000	0.6000000000	0.0100000000	0.0010000000	100	100	0	0.953308
2300000	0.6000000000	0.0100000000	0.0010000000	100	100	0	0.953308
2301000	0.6000000000	0.0100000000	0.0010000000	100	100	0	0.953304
2302000	0.6000000000	0.0100000000	0.0010000000	100	100	0	0.953032
2303000	0.6000000000	0.0100000000	0.0010000000	100	100	0	0.953308
2304000	0.6000000000	0.0100000000	0.0010000000	100	100	0	0.953675
2305000	0.6000000000	0.0100000000	0.0010000000	100	100	0	0.953045
2306000	0.6000000000	0.0100000000	0.0010000000	100	100	0	0.952492
2307000	0.6000000000	0.0100000000	0.0010000000	100	100	0	0.952630
2308000	0.6000000000	0.0100000000	0.0010000000	100	100	0	0.952906
2309000	0.6000000000	0.0100000000	0.0010000000	100	100	0	0.953210
2310000	0.6000000000	0.0100000000	0.0010000000	100	100	0	0.952989
2311000	0.6000000000	0.0100000000	0.0010000000	100	100	0	0.952945
2312000	0.6000000000	0.0100000000	0.0010000000	100	100	0	0.952945
2313000	0.6000000000	0.0100000000	0.0010000000	100	100	0	0.953308
2314000	0.6000000000	0.0100000000	0.0010000000	100	100	0	0.952945
2315000	0.6000000000	0.0100000000	0.0010000000	100	100	0	0.953396
2316000	0.6000000000	0.0100000000	0.0010000000	100	100	0	0.952938
2317000	0.6000000000	0.0100000000	0.0010000000	100	100	0	0.952967
2318000	0.6000000000	0.0100000000	0.0010000000	100	100	0	0.952945
2319000	0.6000000000	0.0100000000	0.0010000000	100	100	0	0.952945
2320000	0.6000000000	0.0100000000	0.0010000000	100	100	0	0.951856
2321000	0.6000000000	0.0100000000	0.0010000000	100	100	0	0.951583
2322000	0.6000000000	0.0100000000	0.0010000000	100	100	0	0.951538
2323000	0.6000000000	0.0100000000	0.0010000000	100	100	0	0.951538
2324000	0.6000000000	0.0100000000	0.0010000000	100	100	0	0.951538
2325000	0.6000000000	0.0100000000	0.0010000000	100	100	0	0.951880
2326000	0.6000000000	0.0100000000	0.0010000000	100	100	0	0.951884
2327000	0.6000000000	0.0100000000	0.0010000000	100	100	0	0.951541
2328000	0.6000000000	0.0100000000	0.0010000000	100	100	0	0.951541
2329000	0.6000000000	0.0100000000	0.0010000000	100	100	0	0.951538
2330000	0.6000000000	0.0100000000	0.0010000000	100	100	0	0.951538
2331000	0.6000000000	0.0100000000	0.0010000000	100	100	0	0.951579
2332000	0.6000000000	0.0100000000	0.0010000000	100	100	0	0.951891
2333000	0.6000000000	0.0100000000	0.0010000000	100	100	0	0.951697
2334000	0.6000000000	0.0100000000	0.0010000000	100	100	0	0.951548
2335000	0.6000000000	0.0100000000	0.0010000000	100	100	0	0.951538
2336000	0.6000000000	0.0100000000	0.0010000000	100	100	0	0.952233
2337000	0.6000000000	0.0100000000	0.0010000000	100	100	0	0.952587
2338000	0.6000000000	0.0100000000	0.0010000000	100	100	0	0.952577
2339000	0.6000000000	0.0100000000	0.0010000000	100	100	0	0.953090
2340000	0.6000000000	0.0100000000	0.0010000000	100	100	0	0.953257
2341000	0.6000000000	0.0100000000	0.0010000000	100	100	0	0.953308
2342000	0.6000000000	0.0100000000	0.0010000000	100	100	0	0.953675
2343000	0.6000000000	0.0100000000	0.0010000000	100	100	0	0.953675
2344000	0.6000000000	0.0100000000	0.0010000000	100	100	0	0.953462
2345000	0.6000000000	0.0100000000	0.0010000000	100	100	0	0.953300
2346000	0.6000000000	0.0100000000	0.0010000000	100	100	0	0.954043
2347000	0.6000000000	0.0100000000	0.0010000000	100	100	0	0.954035
2348000	0.6000000000	0.0100000000	0.0010000000	100	100	0	0.954054
2349000	0.6000000000	0.0100000000	0.0010000000	100	100	0	0.954796
2350000	0.6000000000	0.0100000000	0.0010000000	100	100	0	0.954598
2351000	0.6000000000	0.0100000000	0.0010000000	100	100	0	0.954804
2352000	0.6000000000	0.0100000000	0.0010000000	100	100	0	0.954476
2353000	0.6000000000	0.0100000000	0.0010000000	100	100	0	0.954423
2354000	0.6000000000	0.0100000000	0.0010000000	100	100	0	0.954804
2355000	0.6000000000	0.0100000000	0.0010000000	100	100	0	0.954629
2356000	0.6000000000	0.0100000000	0.0010000000	100	100	0	0.955583
2357000	0.6000000000	0.0100000000	0.0010000000	100	100	0	0.955988
2358000	0.6000000000	0.0100000000	0.0010000000	100	100	0	0.956016
2359000	0.6000000000	0.0100000000	0.0010000000	100	100	0	0.956287
2360000	0.6000000000	0.0100000000	0.0010000000	100	100	0	0.955583
2361000	0.6000000000	0.0100000000	0.0010000000	100	100	0	0.955952
2362000	0.6000000000	0.0100000000	0.0010000000	100	100	0	0.955666
2363000	0.6000000000	0.0100000000	0.0010000000	100	100	0	0.955980
2364000	0.6000000000	0.0100000000	0.0010000000	100	100	0	0.956388
2365000	0.6000000000	0.0100000000	0.0010000000	100	100	0	0.955469
2366000	0.6000000000	0.0100000000	0.0010000000	100	100	0	0.954858
2367000	0.6000000000	0.0100000000	0.0010000000	100	100	0	0.955086
2368000	0.6000000000	0.0100000000	0.0010000000	100	100	0	0.955168
2369000	0.6000000000	0.0100000000	0.0010000000	100	100	0	0.955583
2370000	0.6000000000	0.0100000000	0.0010000000	100	100	0	0.955937
2371000	0.6000000000	0.0100000000	0.0010000000	100	100	0	0.955984
2372000	0.6000000000	0.0100000000	0.0010000000	100	100	0	0.955980
2373000	0.6000000000	0.0100000000	0.0010000000	100	100	0	0.955583
2374000	0.6000000000	0.0100000000	0.0010000000	100	100	0	0.955785
2375000	0.6000000000	0.0100000000	0.0010000000	100	100	0	0.955972
2376000	0.6000000000	0.0100000000	0.0010000000	100	100	0	0.955698
2377000	0.6000000000	0.0100000000	0.0010000000	100	100	0	0.955980
2378000	0.6000000000	0.0100000000	0.0010000000	100	100	0	0.955398
2379000	0.6000000000	0.0100000000	0.0010000000	100	100	0	0.955230
2380000	0.6000000000	0.0100000000	0.0010000000	100	100	0	0.954697
2381000	0.6000000000	0.0100000000	0.0010000000	100	100	0	0.954804
2382000	0.6000000000	0.0100000000	0.0010000000	100	100	0	0.955298
2383000	0.6000000000	0.0100000000	0.0010000000	100	100	0	0.955626
2384000	0.6000000000	0.0100000000	0.0010000000	100	100	0	0.955547
2385000	0.6000000000	0.0100000000	0.0010000000	100	100	0	0.955980
2386000	0.6000000000	0.0100000000	0.0010000000	100	100	0	0.956428
2387000	0.6000000000	0.0100000000	0.0010000000	100	100	0	0.955583
2388000	0.6000000000	0.0100000000	0.0010000000	100	100	0	0.955344
2389000	0.6000000000	0.0100000000	0.0010000000	100	100	0	0.954800
2390000	0.6000000000	0.0100000000	0.0010000000	100	100	0	0.955045
2391000	0.6000000000	0.0100000000	0.0010000000	100	100	0	0.955583
2392000	0.6000000000	0.0100000000	0.0010000000	100	100	0	0.955191
2393000	0.6000000000	0.0100000000	0.0010000000	100	100	0	0.955363
2394000	0.6000000000	0.0100000000	0.0010000000	100	100	0	0.955191
2395000	0.6000000000	0.0100000000	0.0010000000	100	100	0	0.954800
2396000	0.6000000000	0.0100000000	0.0010000000	100	100	0	0.954629
2397000	0.6000000000	0.0100000000	0.0010000000	100	100	0	0.954182
2398000	0.6000000000	0.0100000000	0.0010000000	100	100	0	0.954446
2399000	0.6000000000	0.0100000000	0.0010000000	100	100	0	0.954408
2400000	0.6000000000	0.0100000000	0.0010000000	100	100	0	0.954423
2401000	0.6000000000	0.0100000000	0.0010000000	100	100	0	0.954039
2402000	0.6000000000	0.0100000000	0.0010000000	100	100	0	0.954046
2403000	0.6000000000	0.0100000000	0.0010000000	100	100	0	0.953898
2404000	0.6000000000	0.0100000000	0.0010000000	100	100	0	0.954058
2405000	0.6000000000	0.0100000000	0.0010000000	100	100	0	0.954073
2406000	0.6000000000	0.0100000000	0.0010000000	100	100	0	0.953760
2407000	0.6000000000	0.0100000000	0.0010000000	100	100	0	0.953638
2408000	0.6000000000	0.0100000000	0.0010000000	100	100	0	0.954046
2409000	0.6000000000	0.0100000000	0.0010000000	100	100	0	0.953480
2410000	0.6000000000	0.0100000000	0.0010000000	100	100	0	0.952899
2411000	0.6000000000	0.0100000000	0.0010000000	100	100	0	0.952605
2412000	0.6000000000	0.0100000000	0.0010000000	100	100	0	0.953072
2413000	0.6000000000	0.0100000000	0.0010000000	100	100	0	0.952945
2414000	0.6000000000	0.0100000000	0.0010000000	100	100	0	0.953300
2415000	0.6000000000	0.0100000000	0.0010000000	100	100	0	0.953432
2416000	0.6000000000	0.0100000000	0.0010000000	100	100	0	0.954046
2417000	0.6000000000	0.0100000000	0.0010000000	100	100	0	0.953983
2418000	0.6000000000	0.0100000000	0.0010000000	100	100	0	0.954088
2419000	0.6000000000	0.0100000000	0.0010000000	100	100	0	0.953675
2420000	0.6000000000	0.0100000000	0.0010000000	100	100	0	0.953675
2421000	0.6000000000	0.0100000000	0.0010000000	100	100	0	0.953675
2422000	0.6000000000	0.0100000000	0.0010000000	100	100	0	0.953308
2423000	0.6000000000	0.0100000000	0.0010000000	100	100	0	0.953501
2424000	0.6000000000	0.0100000000	0.0010000000	100	100	0	0.953341
2425000	0.6000000000	0.0100000000	0.0010000000	100	100	0	0.953671
2426000	0.6000000000	0.0100000000	0.0010000000	100	100	0	0.953957
2427000	0.6000000000	0.0100000000	0.0010000000	100	100	0	0.953693
2428000	0.6000000000	0.0100000000	0.0010000000	100	100	0	0.953686
2429000	0.6000000000	0.0100000000	0.0010000000	100	100	0	0.954804
2430000	0.6000000000	0.0100000000	0.0010000000	100	100	0	0.954999
2431000	0.6000000000	0.0100000000	0.0010000000	100	100	0	0.955583
2432000	0.6000000000	0.0100000000	0.0010000000	100	100	0	0.955972
2433000	0.6000000000	0.0100000000	0.0010000000	100	100	0	0.956312
2434000	0.6000000000	0.0100000000	0.0010000000	100	100	0	0.956424
2435000	0.6000000000	0.0100000000	0.0010000000	100	100	0	0.955976
2436000	0.6000000000	0.0100000000	0.0010000000	100	100	0	0.956371
2437000	0.6000000000	0.0100000000	0.0010000000	100	100	0	0.956793
2438000	0.6000000000	0.0100000000	0.0010000000	100	100	0	0.957167
2439000	0.6000000000	0.0100000000	0.0010000000	100	100	0	0.957204
2440000	0.6000000000	0.0100000000	0.0010000000	100	100	0	0.957217
2441000	0.6000000000	0.0100000000	0.0010000000	100	100	0	0.957208
2442000	0.6000000000	0.0100000000	0.0010000000	100	100	0	0.957208
2443000	0.6000000000	0.0100000000	0.0010000000	100	100	0	0.956901
2444000	0.6000000000	0.0100000000	0.0010000000	100	100	0	0.956768
2445000	0.6000000000	0.0100000000	0.0010000000	100	100	0	0.957171
2446000	0.6000000000	0.0100000000	0.0010000000	100	100	0	0.955980
2447000	0.6000000000	0.0100000000	0.0010000000	100	100	0	0.955191
2448000	0.6000000000	0.0100000000	0.0010000000	100	100	0	0.954804
2449000	0.6000000000	0.0100000000	0.0010000000	100	100	0	0.954974
2450000	0.6000000000	0.0100000000	0.0010000000	100	100	0	0.955603
2451000	0.6000000000	0.0100000000	0.0010000000	100	100	0	0.955777
2452000	0.6000000000	0.0100000000	0.0010000000	100	100	0	0.955980
2453000	0.6000000000	0.0100000000	0.0010000000	100	100	0	0.955865
2454000	0.6000000000	0.0100000000	0.0010000000	100	100	0	0.955191
2455000	0.6000000000	0.0100000000	0.0010000000	100	100	0	0.955191
2456000	0.6000000000	0.0100000000	0.0010000000	100	100	0	0.955583
2457000	0.6000000000	0.0100000000	0.0010000000	100	100	0	0.955583
2458000	0.6000000000	0.0100000000	0.0010000000	100	100	0	0.955191
2459000	0.6000000000	0.0100000000	0.0010000000	100	100	0	0.955168
2460000	0.6000000000	0.0100000000	0.0010000000	100	100	0	0.955191
2461000	0.6000000000	0.0100000000	0.0010000000	100	100	0	0.955206
2462000	0.6000000000	0.0100000000	0.0010000000	100	100	0	0.955183
2463000	0.6000000000	0.0100000000	0.0010000000	100	100	0	0.955183
2464000	0.6000000000	0.0100000000	0.0010000000	100	100	0	0.955191
2465000	0.6000000000	0.0100000000	0.0010000000	100	100	0	0.955098
2466000	0.6000000000	0.0100000000	0.0010000000	100	100	0	0.954434
2467000	0.6000000000	0.0100000000	0.0010000000	100	100	0	0.953890
2468000	0.6000000000	0.0100000000	0.0010000000	100	100	0	0.954043
2469000	0.6000000000	0.0100000000	0.0010000000	100	100	0	0.954043
2470000	0.6000000000	0.0100000000	0.0010000000	100	100	0	0.954374
2471000	0.6000000000	0.0100000000	0.0010000000	100	100	0	0.954009
2472000	0.6000000000	0.0100000000	0.0010000000	100	100	0	0.953253
2473000	0.6000000000	0.0100000000	0.0010000000	100	100	0	0.954005
2474000	0.6000000000	0.0100000000	0.0010000000	100	100	0	0.953972
2475000	0.6000000000	0.0100000000	0.0010000000	100	100	0	0.954137
2476000	0.6000000000	0.0100000000	0.0010000000	100	100	0	0.954404
2477000	0.6000000000	0.0100000000	0.0010000000	100	100	0	0.954046
2478000	0.6000000000	0.0100000000	0.0010000000	100	100	0	0.954800
2479000	0.6000000000	0.0100000000	0.0010000000	100	100	0	0.954796
2480000	0.6000000000	0.0100000000	0.0010000000	100	100	0	0.955481
2481000	0.6000000000	0.0100000000	0.0010000000	100	100	0	0.955984
2482000	0.6000000000	0.0100000000	0.0010000000	100	100	0	0.955583
2483000	0.6000000000	0.0100000000	0.0010000000	100	100	0	0.955980
2484000	0.6000000000	0.0100000000	0.0010000000	100	100	0	0.955583
2485000	0.6000000000	0.0100000000	0.0010000000	100	100	0	0.955575
2486000	0.6000000000	0.0100000000	0.0010000000	100	100	0	0.954770
2487000	0.6000000000	0.0100000000	0.0010000000	100	100	0	0.955113
2488000	0.6000000000	0.0100000000	0.0010000000	100	100	0	0.955210
2489000	0.6000000000	0.0100000000	0.0010000000	100	100	0	0.954808
2490000	0.6000000000	0.0100000000	0.0010000000	100	100	0	0.954728
2491000	0.6000000000	0.0100000000	0.0010000000	100	100	0	0.954936
2492000	0.6000000000	0.0100000000	0.0010000000	100	100	0	0.954804
2493000	0.6000000000	0.0100000000	0.0010000000	100	100	0	0.955269
2494000	0.6000000000	0.0100000000	0.0010000000	100	100	0	0.955980
2495000	0.6000000000	0.0100000000	0.0010000000	100	100	0	0.955583
2496000	0.6000000000	0.0100000000	0.0010000000	100	100	0	0.955191
2497000	0.6000000000	0.0100000000	0.0010000000	100	100	0	0.955426
2498000	0.6000000000	0.0100000000	0.0010000000	100	100	0	0.955583
2499000	0.6000000000	0.0100000000	0.0010000000	100	100	0	0.955583
2500000	0.6000000000	0.0100000000	0.0010000000	100	100	0	0.955650
