time	epistasis_coef	sel_coef	mu_prob	Ne	L	k_start	mean_fitness
1500000	0.6000000000	0.0001000000	0.0100000000	100	100	0	0.999537
1501000	0.6000000000	0.0001000000	0.0100000000	100	100	0	0.999545
1502000	0.6000000000	0.0001000000	0.0100000000	100	100	0	0.999553
1503000	0.6000000000	0.0001000000	0.0100000000	100	100	0	0.999546
1504000	0.6000000000	0.0001000000	0.0100000000	100	100	0	0.999570
1505000	0.6000000000	0.0001000000	0.0100000000	100	100	0	0.999559
1506000	0.6000000000	0.0001000000	0.0100000000	100	100	0	0.999552
1507000	0.6000000000	0.0001000000	0.0100000000	100	100	0	0.999549
1508000	0.6000000000	0.0001000000	0.0100000000	100	100	0	0.999559
1509000	0.6000000000	0.0001000000	0.0100000000	100	100	0	0.999554
1510000	0.6000000000	0.0001000000	0.0100000000	100	100	0	0.999545
1511000	0.6000000000	0.0001000000	0.0100000000	100	100	0	0.999544
1512000	0.6000000000	0.0001000000	0.0100000000	100	100	0	0.999544
1513000	0.6000000000	0.0001000000	0.0100000000	100	100	0	0.999556
1514000	0.6000000000	0.0001000000	0.0100000000	100	100	0	0.999550
1515000	0.6000000000	0.0001000000	0.0100000000	100	100	0	0.999554
1516000	0.6000000000	0.0001000000	0.0100000000	100	100	0	0.999546
1517000	0.6000000000	0.0001000000	0.0100000000	100	100	0	0.999552
1518000	0.6000000000	0.0001000000	0.0100000000	100	100	0	0.999550
1519000	0.6000000000	0.0001000000	0.0100000000	100	100	0	0.999541
1520000	0.6000000000	0.0001000000	0.0100000000	100	100	0	0.999537
1521000	0.6000000000	0.0001000000	0.0100000000	100	100	0	0.999533
1522000	0.6000000000	0.0001000000	0.0100000000	100	100	0	0.999543
1523000	0.6000000000	0.0001000000	0.0100000000	100	100	0	0.999533
1524000	0.6000000000	0.0001000000	0.0100000000	100	100	0	0.999528
1525000	0.6000000000	0.0001000000	0.0100000000	100	100	0	0.999527
1526000	0.6000000000	0.0001000000	0.0100000000	100	100	0	0.999516
1527000	0.6000000000	0.0001000000	0.0100000000	100	100	0	0.999531
1528000	0.6000000000	0.0001000000	0.0100000000	100	100	0	0.999526
1529000	0.6000000000	0.0001000000	0.0100000000	100	100	0	0.999506
1530000	0.6000000000	0.0001000000	0.0100000000	100	100	0	0.999509
1531000	0.6000000000	0.0001000000	0.0100000000	100	100	0	0.999523
1532000	0.6000000000	0.0001000000	0.0100000000	100	100	0	0.999525
1533000	0.6000000000	0.0001000000	0.0100000000	100	100	0	0.999510
1534000	0.6000000000	0.0001000000	0.0100000000	100	100	0	0.999500
1535000	0.6000000000	0.0001000000	0.0100000000	100	100	0	0.999505
1536000	0.6000000000	0.0001000000	0.0100000000	100	100	0	0.999516
1537000	0.6000000000	0.0001000000	0.0100000000	100	100	0	0.999527
1538000	0.6000000000	0.0001000000	0.0100000000	100	100	0	0.999508
1539000	0.6000000000	0.0001000000	0.0100000000	100	100	0	0.999509
1540000	0.6000000000	0.0001000000	0.0100000000	100	100	0	0.999535
1541000	0.6000000000	0.0001000000	0.0100000000	100	100	0	0.999523
1542000	0.6000000000	0.0001000000	0.0100000000	100	100	0	0.999501
1543000	0.6000000000	0.0001000000	0.0100000000	100	100	0	0.999513
1544000	0.6000000000	0.0001000000	0.0100000000	100	100	0	0.999529
1545000	0.6000000000	0.0001000000	0.0100000000	100	100	0	0.999532
1546000	0.6000000000	0.0001000000	0.0100000000	100	100	0	0.999546
1547000	0.6000000000	0.0001000000	0.0100000000	100	100	0	0.999537
1548000	0.6000000000	0.0001000000	0.0100000000	100	100	0	0.999547
1549000	0.6000000000	0.0001000000	0.0100000000	100	100	0	0.999560
1550000	0.6000000000	0.0001000000	0.0100000000	100	100	0	0.999530
1551000	0.6000000000	0.0001000000	0.0100000000	100	100	0	0.999526
1552000	0.6000000000	0.0001000000	0.0100000000	100	100	0	0.999523
1553000	0.6000000000	0.0001000000	0.0100000000	100	100	0	0.999512
1554000	0.6000000000	0.0001000000	0.0100000000	100	100	0	0.999508
1555000	0.6000000000	0.0001000000	0.0100000000	100	100	0	0.999508
1556000	0.6000000000	0.0001000000	0.0100000000	100	100	0	0.999505
1557000	0.6000000000	0.0001000000	0.0100000000	100	100	0	0.999516
1558000	0.6000000000	0.0001000000	0.0100000000	100	100	0	0.999520
1559000	0.6000000000	0.0001000000	0.0100000000	100	100	0	0.999531
1560000	0.6000000000	0.0001000000	0.0100000000	100	100	0	0.999515
1561000	0.6000000000	0.0001000000	0.0100000000	100	100	0	0.999511
1562000	0.6000000000	0.0001000000	0.0100000000	100	100	0	0.999504
1563000	0.6000000000	0.0001000000	0.0100000000	100	100	0	0.999520
1564000	0.6000000000	0.0001000000	0.0100000000	100	100	0	0.999531
1565000	0.6000000000	0.0001000000	0.0100000000	100	100	0	0.999516
1566000	0.6000000000	0.0001000000	0.0100000000	100	100	0	0.999531
1567000	0.6000000000	0.0001000000	0.0100000000	100	100	0	0.999546
1568000	0.6000000000	0.0001000000	0.0100000000	100	100	0	0.999538
1569000	0.6000000000	0.0001000000	0.0100000000	100	100	0	0.999533
1570000	0.6000000000	0.0001000000	0.0100000000	100	100	0	0.999530
1571000	0.6000000000	0.0001000000	0.0100000000	100	100	0	0.999506
1572000	0.6000000000	0.0001000000	0.0100000000	100	100	0	0.999514
1573000	0.6000000000	0.0001000000	0.0100000000	100	100	0	0.999485
1574000	0.6000000000	0.0001000000	0.0100000000	100	100	0	0.999489
1575000	0.6000000000	0.0001000000	0.0100000000	100	100	0	0.999484
1576000	0.6000000000	0.0001000000	0.0100000000	100	100	0	0.999487
1577000	0.6000000000	0.0001000000	0.0100000000	100	100	0	0.999479
1578000	0.6000000000	0.0001000000	0.0100000000	100	100	0	0.999485
1579000	0.6000000000	0.0001000000	0.0100000000	100	100	0	0.999489
1580000	0.6000000000	0.0001000000	0.0100000000	100	100	0	0.999492
1581000	0.6000000000	0.0001000000	0.0100000000	100	100	0	0.999507
1582000	0.6000000000	0.0001000000	0.0100000000	100	100	0	0.999507
1583000	0.6000000000	0.0001000000	0.0100000000	100	100	0	0.999496
1584000	0.6000000000	0.0001000000	0.0100000000	100	100	0	0.999484
1585000	0.6000000000	0.0001000000	0.0100000000	100	100	0	0.999485
1586000	0.6000000000	0.0001000000	0.0100000000	100	100	0	0.999484
1587000	0.6000000000	0.0001000000	0.0100000000	100	100	0	0.999484
1588000	0.6000000000	0.0001000000	0.0100000000	100	100	0	0.999501
1589000	0.6000000000	0.0001000000	0.0100000000	100	100	0	0.999496
1590000	0.6000000000	0.0001000000	0.0100000000	100	100	0	0.999513
1591000	0.6000000000	0.0001000000	0.0100000000	100	100	0	0.999514
1592000	0.6000000000	0.0001000000	0.0100000000	100	100	0	0.999511
1593000	0.6000000000	0.0001000000	0.0100000000	100	100	0	0.999524
1594000	0.6000000000	0.0001000000	0.0100000000	100	100	0	0.999539
1595000	0.6000000000	0.0001000000	0.0100000000	100	100	0	0.999549
1596000	0.6000000000	0.0001000000	0.0100000000	100	100	0	0.999522
1597000	0.6000000000	0.0001000000	0.0100000000	100	100	0	0.999534
1598000	0.6000000000	0.0001000000	0.0100000000	100	100	0	0.999533
1599000	0.6000000000	0.0001000000	0.0100000000	100	100	0	0.999541
1600000	0.6000000000	0.0001000000	0.0100000000	100	100	0	0.999510
1601000	0.6000000000	0.0001000000	0.0100000000	100	100	0	0.999514
1602000	0.6000000000	0.0001000000	0.0100000000	100	100	0	0.999529
1603000	0.6000000000	0.0001000000	0.0100000000	100	100	0	0.999530
1604000	0.6000000000	0.0001000000	0.0100000000	100	100	0	0.999541
1605000	0.6000000000	0.0001000000	0.0100000000	100	100	0	0.999539
1606000	0.6000000000	0.0001000000	0.0100000000	100	100	0	0.999537
1607000	0.6000000000	0.0001000000	0.0100000000	100	100	0	0.999538
1608000	0.6000000000	0.0001000000	0.0100000000	100	100	0	0.999522
1609000	0.6000000000	0.0001000000	0.0100000000	100	100	0	0.999516
1610000	0.6000000000	0.0001000000	0.0100000000	100	100	0	0.999511
1611000	0.6000000000	0.0001000000	0.0100000000	100	100	0	0.999511
1612000	0.6000000000	0.0001000000	0.0100000000	100	100	0	0.999509
1613000	0.6000000000	0.0001000000	0.0100000000	100	100	0	0.999500
1614000	0.6000000000	0.0001000000	0.0100000000	100	100	0	0.999504
1615000	0.6000000000	0.0001000000	0.0100000000	100	100	0	0.999534
1616000	0.6000000000	0.0001000000	0.0100000000	100	100	0	0.999528
1617000	0.6000000000	0.0001000000	0.0100000000	100	100	0	0.999522
1618000	0.6000000000	0.0001000000	0.0100000000	100	100	0	0.999504
1619000	0.6000000000	0.0001000000	0.0100000000	100	100	0	0.999503
1620000	0.6000000000	0.0001000000	0.0100000000	100	100	0	0.999505
1621000	0.6000000000	0.0001000000	0.0100000000	100	100	0	0.999534
1622000	0.6000000000	0.0001000000	0.0100000000	100	100	0	0.999518
1623000	0.6000000000	0.0001000000	0.0100000000	100	100	0	0.999507
1624000	0.6000000000	0.0001000000	0.0100000000	100	100	0	0.999494
1625000	0.6000000000	0.0001000000	0.0100000000	100	100	0	0.999500
1626000	0.6000000000	0.0001000000	0.0100000000	100	100	0	0.999502
1627000	0.6000000000	0.0001000000	0.0100000000	100	100	0	0.999501
1628000	0.6000000000	0.0001000000	0.0100000000	100	100	0	0.999521
1629000	0.6000000000	0.0001000000	0.0100000000	100	100	0	0.999530
1630000	0.6000000000	0.0001000000	0.0100000000	100	100	0	0.999530
1631000	0.6000000000	0.0001000000	0.0100000000	100	100	0	0.999540
1632000	0.6000000000	0.0001000000	0.0100000000	100	100	0	0.999524
1633000	0.6000000000	0.0001000000	0.0100000000	100	100	0	0.999523
1634000	0.6000000000	0.0001000000	0.0100000000	100	100	0	0.999512
1635000	0.6000000000	0.0001000000	0.0100000000	100	100	0	0.999517
1636000	0.6000000000	0.0001000000	0.0100000000	100	100	0	0.999514
1637000	0.6000000000	0.0001000000	0.0100000000	100	100	0	0.999531
1638000	0.6000000000	0.0001000000	0.0100000000	100	100	0	0.999548
1639000	0.6000000000	0.0001000000	0.0100000000	100	100	0	0.999558
1640000	0.6000000000	0.0001000000	0.0100000000	100	100	0	0.999564
1641000	0.6000000000	0.0001000000	0.0100000000	100	100	0	0.999552
1642000	0.6000000000	0.0001000000	0.0100000000	100	100	0	0.999534
1643000	0.6000000000	0.0001000000	0.0100000000	100	100	0	0.999520
1644000	0.6000000000	0.0001000000	0.0100000000	100	100	0	0.999543
1645000	0.6000000000	0.0001000000	0.0100000000	100	100	0	0.999537
1646000	0.6000000000	0.0001000000	0.0100000000	100	100	0	0.999529
1647000	0.6000000000	0.0001000000	0.0100000000	100	100	0	0.999517
1648000	0.6000000000	0.0001000000	0.0100000000	100	100	0	0.999502
1649000	0.6000000000	0.0001000000	0.0100000000	100	100	0	0.999506
1650000	0.6000000000	0.0001000000	0.0100000000	100	100	0	0.999512
1651000	0.6000000000	0.0001000000	0.0100000000	100	100	0	0.999529
1652000	0.6000000000	0.0001000000	0.0100000000	100	100	0	0.999535
1653000	0.6000000000	0.0001000000	0.0100000000	100	100	0	0.999509
1654000	0.6000000000	0.0001000000	0.0100000000	100	100	0	0.999508
1655000	0.6000000000	0.0001000000	0.0100000000	100	100	0	0.999501
1656000	0.6000000000	0.0001000000	0.0100000000	100	100	0	0.999518
1657000	0.6000000000	0.0001000000	0.0100000000	100	100	0	0.999504
1658000	0.6000000000	0.0001000000	0.0100000000	100	100	0	0.999503
1659000	0.6000000000	0.0001000000	0.0100000000	100	100	0	0.999488
1660000	0.6000000000	0.0001000000	0.0100000000	100	100	0	0.999503
1661000	0.6000000000	0.0001000000	0.0100000000	100	100	0	0.999518
1662000	0.6000000000	0.0001000000	0.0100000000	100	100	0	0.999519
1663000	0.6000000000	0.0001000000	0.0100000000	100	100	0	0.999539
1664000	0.6000000000	0.0001000000	0.0100000000	100	100	0	0.999536
1665000	0.6000000000	0.0001000000	0.0100000000	100	100	0	0.999544
1666000	0.6000000000	0.0001000000	0.0100000000	100	100	0	0.999527
1667000	0.6000000000	0.0001000000	0.0100000000	100	100	0	0.999539
1668000	0.6000000000	0.0001000000	0.0100000000	100	100	0	0.999530
1669000	0.6000000000	0.0001000000	0.0100000000	100	100	0	0.999551
1670000	0.6000000000	0.0001000000	0.0100000000	100	100	0	0.999570
1671000	0.6000000000	0.0001000000	0.0100000000	100	100	0	0.999558
1672000	0.6000000000	0.0001000000	0.0100000000	100	100	0	0.999548
1673000	0.6000000000	0.0001000000	0.0100000000	100	100	0	0.999525
1674000	0.6000000000	0.0001000000	0.0100000000	100	100	0	0.999524
1675000	0.6000000000	0.0001000000	0.0100000000	100	100	0	0.999529
1676000	0.6000000000	0.0001000000	0.0100000000	100	100	0	0.999528
1677000	0.6000000000	0.0001000000	0.0100000000	100	100	0	0.999516
1678000	0.6000000000	0.0001000000	0.0100000000	100	100	0	0.999508
1679000	0.6000000000	0.0001000000	0.0100000000	100	100	0	0.999503
1680000	0.6000000000	0.0001000000	0.0100000000	100	100	0	0.999503
1681000	0.6000000000	0.0001000000	0.0100000000	100	100	0	0.999518
1682000	0.6000000000	0.0001000000	0.0100000000	100	100	0	0.999533
1683000	0.6000000000	0.0001000000	0.0100000000	100	100	0	0.999535
1684000	0.6000000000	0.0001000000	0.0100000000	100	100	0	0.999518
1685000	0.6000000000	0.0001000000	0.0100000000	100	100	0	0.999520
1686000	0.6000000000	0.0001000000	0.0100000000	100	100	0	0.999524
1687000	0.6000000000	0.0001000000	0.0100000000	100	100	0	0.999526
1688000	0.6000000000	0.0001000000	0.0100000000	100	100	0	0.999534
1689000	0.6000000000	0.0001000000	0.0100000000	100	100	0	0.999527
1690000	0.6000000000	0.0001000000	0.0100000000	100	100	0	0.999507
1691000	0.6000000000	0.0001000000	0.0100000000	100	100	0	0.999519
1692000	0.6000000000	0.0001000000	0.0100000000	100	100	0	0.999523
1693000	0.6000000000	0.0001000000	0.0100000000	100	100	0	0.999514
1694000	0.6000000000	0.0001000000	0.0100000000	100	100	0	0.999503
1695000	0.6000000000	0.0001000000	0.0100000000	100	100	0	0.999509
1696000	0.6000000000	0.0001000000	0.0100000000	100	100	0	0.999520
1697000	0.6000000000	0.0001000000	0.0100000000	100	100	0	0.999536
1698000	0.6000000000	0.0001000000	0.0100000000	100	100	0	0.999511
1699000	0.6000000000	0.0001000000	0.0100000000	100	100	0	0.999538
1700000	0.6000000000	0.0001000000	0.0100000000	100	100	0	0.999546
1701000	0.6000000000	0.0001000000	0.0100000000	100	100	0	0.999536
1702000	0.6000000000	0.0001000000	0.0100000000	100	100	0	0.999512
1703000	0.6000000000	0.0001000000	0.0100000000	100	100	0	0.999515
1704000	0.6000000000	0.0001000000	0.0100000000	100	100	0	0.999509
1705000	0.6000000000	0.0001000000	0.0100000000	100	100	0	0.999515
1706000	0.6000000000	0.0001000000	0.0100000000	100	100	0	0.999520
1707000	0.6000000000	0.0001000000	0.0100000000	100	100	0	0.999508
1708000	0.6000000000	0.0001000000	0.0100000000	100	100	0	0.999511
1709000	0.6000000000	0.0001000000	0.0100000000	100	100	0	0.999507
1710000	0.6000000000	0.0001000000	0.0100000000	100	100	0	0.999514
1711000	0.6000000000	0.0001000000	0.0100000000	100	100	0	0.999501
1712000	0.6000000000	0.0001000000	0.0100000000	100	100	0	0.999507
1713000	0.6000000000	0.0001000000	0.0100000000	100	100	0	0.999490
1714000	0.6000000000	0.0001000000	0.0100000000	100	100	0	0.999506
1715000	0.6000000000	0.0001000000	0.0100000000	100	100	0	0.999522
1716000	0.6000000000	0.0001000000	0.0100000000	100	100	0	0.999515
1717000	0.6000000000	0.0001000000	0.0100000000	100	100	0	0.999497
1718000	0.6000000000	0.0001000000	0.0100000000	100	100	0	0.999494
1719000	0.6000000000	0.0001000000	0.0100000000	100	100	0	0.999508
1720000	0.6000000000	0.0001000000	0.0100000000	100	100	0	0.999495
1721000	0.6000000000	0.0001000000	0.0100000000	100	100	0	0.999503
1722000	0.6000000000	0.0001000000	0.0100000000	100	100	0	0.999497
1723000	0.6000000000	0.0001000000	0.0100000000	100	100	0	0.999514
1724000	0.6000000000	0.0001000000	0.0100000000	100	100	0	0.999513
1725000	0.6000000000	0.0001000000	0.0100000000	100	100	0	0.999511
1726000	0.6000000000	0.0001000000	0.0100000000	100	100	0	0.999514
1727000	0.6000000000	0.0001000000	0.0100000000	100	100	0	0.999504
1728000	0.6000000000	0.0001000000	0.0100000000	100	100	0	0.999523
1729000	0.6000000000	0.0001000000	0.0100000000	100	100	0	0.999528
1730000	0.6000000000	0.0001000000	0.0100000000	100	100	0	0.999531
1731000	0.6000000000	0.0001000000	0.0100000000	100	100	0	0.999545
1732000	0.6000000000	0.0001000000	0.0100000000	100	100	0	0.999532
1733000	0.6000000000	0.0001000000	0.0100000000	100	100	0	0.999540
1734000	0.6000000000	0.0001000000	0.0100000000	100	100	0	0.999543
1735000	0.6000000000	0.0001000000	0.0100000000	100	100	0	0.999541
1736000	0.6000000000	0.0001000000	0.0100000000	100	100	0	0.999553
1737000	0.6000000000	0.0001000000	0.0100000000	100	100	0	0.999551
1738000	0.6000000000	0.0001000000	0.0100000000	100	100	0	0.999535
1739000	0.6000000000	0.0001000000	0.0100000000	100	100	0	0.999522
1740000	0.6000000000	0.0001000000	0.0100000000	100	100	0	0.999510
1741000	0.6000000000	0.0001000000	0.0100000000	100	100	0	0.999507
1742000	0.6000000000	0.0001000000	0.0100000000	100	100	0	0.999523
1743000	0.6000000000	0.0001000000	0.0100000000	100	100	0	0.999510
1744000	0.6000000000	0.0001000000	0.0100000000	100	100	0	0.999509
1745000	0.6000000000	0.0001000000	0.0100000000	100	100	0	0.999498
1746000	0.6000000000	0.0001000000	0.0100000000	100	100	0	0.999505
1747000	0.6000000000	0.0001000000	0.0100000000	100	100	0	0.999519
1748000	0.6000000000	0.0001000000	0.0100000000	100	100	0	0.999524
1749000	0.6000000000	0.0001000000	0.0100000000	100	100	0	0.999511
1750000	0.6000000000	0.0001000000	0.0100000000	100	100	0	0.999514
1751000	0.6000000000	0.0001000000	0.0100000000	100	100	0	0.999520
1752000	0.6000000000	0.0001000000	0.0100000000	100	100	0	0.999500
1753000	0.6000000000	0.0001000000	0.0100000000	100	100	0	0.999516
1754000	0.6000000000	0.0001000000	0.0100000000	100	100	0	0.999507
1755000	0.6000000000	0.0001000000	0.0100000000	100	100	0	0.999503
1756000	0.6000000000	0.0001000000	0.0100000000	100	100	0	0.999503
1757000	0.6000000000	0.0001000000	0.0100000000	100	100	0	0.999504
1758000	0.6000000000	0.0001000000	0.0100000000	100	100	0	0.999500
1759000	0.6000000000	0.0001000000	0.0100000000	100	100	0	0.999490
1760000	0.6000000000	0.0001000000	0.0100000000	100	100	0	0.999490
1761000	0.6000000000	0.0001000000	0.0100000000	100	100	0	0.999504
1762000	0.6000000000	0.0001000000	0.0100000000	100	100	0	0.999518
1763000	0.6000000000	0.0001000000	0.0100000000	100	100	0	0.999518
1764000	0.6000000000	0.0001000000	0.0100000000	100	100	0	0.999539
1765000	0.6000000000	0.0001000000	0.0100000000	100	100	0	0.999521
1766000	0.6000000000	0.0001000000	0.0100000000	100	100	0	0.999541
1767000	0.6000000000	0.0001000000	0.0100000000	100	100	0	0.999522
1768000	0.6000000000	0.0001000000	0.0100000000	100	100	0	0.999512
1769000	0.6000000000	0.0001000000	0.0100000000	100	100	0	0.999508
1770000	0.6000000000	0.0001000000	0.0100000000	100	100	0	0.999508
1771000	0.6000000000	0.0001000000	0.0100000000	100	100	0	0.999521
1772000	0.6000000000	0.0001000000	0.0100000000	100	100	0	0.999525
1773000	0.6000000000	0.0001000000	0.0100000000	100	100	0	0.999527
1774000	0.6000000000	0.0001000000	0.0100000000	100	100	0	0.999523
1775000	0.6000000000	0.0001000000	0.0100000000	100	100	0	0.999519
1776000	0.6000000000	0.0001000000	0.0100000000	100	100	0	0.999512
1777000	0.6000000000	0.0001000000	0.0100000000	100	100	0	0.999526
1778000	0.6000000000	0.0001000000	0.0100000000	100	100	0	0.999540
1779000	0.6000000000	0.0001000000	0.0100000000	100	100	0	0.999526
1780000	0.6000000000	0.0001000000	0.0100000000	100	100	0	0.999527
1781000	0.6000000000	0.0001000000	0.0100000000	100	100	0	0.999534
1782000	0.6000000000	0.0001000000	0.0100000000	100	100	0	0.999537
1783000	0.6000000000	0.0001000000	0.0100000000	100	100	0	0.999540
1784000	0.6000000000	0.0001000000	0.0100000000	100	100	0	0.999547
1785000	0.6000000000	0.0001000000	0.0100000000	100	100	0	0.999530
1786000	0.6000000000	0.0001000000	0.0100000000	100	100	0	0.999540
1787000	0.6000000000	0.0001000000	0.0100000000	100	100	0	0.999563
1788000	0.6000000000	0.0001000000	0.0100000000	100	100	0	0.999569
1789000	0.6000000000	0.0001000000	0.0100000000	100	100	0	0.999568
1790000	0.6000000000	0.0001000000	0.0100000000	100	100	0	0.999563
1791000	0.6000000000	0.0001000000	0.0100000000	100	100	0	0.999551
1792000	0.6000000000	0.0001000000	0.0100000000	100	100	0	0.999552
1793000	0.6000000000	0.0001000000	0.0100000000	100	100	0	0.999523
1794000	0.6000000000	0.0001000000	0.0100000000	100	100	0	0.999533
1795000	0.6000000000	0.0001000000	0.0100000000	100	100	0	0.999519
1796000	0.6000000000	0.0001000000	0.0100000000	100	100	0	0.999518
1797000	0.6000000000	0.0001000000	0.0100000000	100	100	0	0.999528
1798000	0.6000000000	0.0001000000	0.0100000000	100	100	0	0.999538
1799000	0.6000000000	0.0001000000	0.0100000000	100	100	0	0.999533
1800000	0.6000000000	0.0001000000	0.0100000000	100	100	0	0.999535
1801000	0.6000000000	0.0001000000	0.0100000000	100	100	0	0.999514
1802000	0.6000000000	0.0001000000	0.0100000000	100	100	0	0.999528
1803000	0.6000000000	0.0001000000	0.0100000000	100	100	0	0.999512
1804000	0.6000000000	0.0001000000	0.0100000000	100	100	0	0.999513
1805000	0.6000000000	0.0001000000	0.0100000000	100	100	0	0.999507
1806000	0.6000000000	0.0001000000	0.0100000000	100	100	0	0.999512
1807000	0.6000000000	0.0001000000	0.0100000000	100	100	0	0.999485
1808000	0.6000000000	0.0001000000	0.0100000000	100	100	0	0.999501
1809000	0.6000000000	0.0001000000	0.0100000000	100	100	0	0.999506
1810000	0.6000000000	0.0001000000	0.0100000000	100	100	0	0.999504
1811000	0.6000000000	0.0001000000	0.0100000000	100	100	0	0.999509
1812000	0.6000000000	0.0001000000	0.0100000000	100	100	0	0.999493
1813000	0.6000000000	0.0001000000	0.0100000000	100	100	0	0.999490
1814000	0.6000000000	0.0001000000	0.0100000000	100	100	0	0.999504
1815000	0.6000000000	0.0001000000	0.0100000000	100	100	0	0.999514
1816000	0.6000000000	0.0001000000	0.0100000000	100	100	0	0.999498
1817000	0.6000000000	0.0001000000	0.0100000000	100	100	0	0.999506
1818000	0.6000000000	0.0001000000	0.0100000000	100	100	0	0.999528
1819000	0.6000000000	0.0001000000	0.0100000000	100	100	0	0.999502
1820000	0.6000000000	0.0001000000	0.0100000000	100	100	0	0.999506
1821000	0.6000000000	0.0001000000	0.0100000000	100	100	0	0.999507
1822000	0.6000000000	0.0001000000	0.0100000000	100	100	0	0.999521
1823000	0.6000000000	0.0001000000	0.0100000000	100	100	0	0.999531
1824000	0.6000000000	0.0001000000	0.0100000000	100	100	0	0.999531
1825000	0.6000000000	0.0001000000	0.0100000000	100	100	0	0.999536
1826000	0.6000000000	0.0001000000	0.0100000000	100	100	0	0.999525
1827000	0.6000000000	0.0001000000	0.0100000000	100	100	0	0.999532
1828000	0.6000000000	0.0001000000	0.0100000000	100	100	0	0.999522
1829000	0.6000000000	0.0001000000	0.0100000000	100	100	0	0.999511
1830000	0.6000000000	0.0001000000	0.0100000000	100	100	0	0.999507
1831000	0.6000000000	0.0001000000	0.0100000000	100	100	0	0.999503
1832000	0.6000000000	0.0001000000	0.0100000000	100	100	0	0.999504
1833000	0.6000000000	0.0001000000	0.0100000000	100	100	0	0.999500
1834000	0.6000000000	0.0001000000	0.0100000000	100	100	0	0.999517
1835000	0.6000000000	0.0001000000	0.0100000000	100	100	0	0.999519
1836000	0.6000000000	0.0001000000	0.0100000000	100	100	0	0.999526
1837000	0.6000000000	0.0001000000	0.0100000000	100	100	0	0.999524
1838000	0.6000000000	0.0001000000	0.0100000000	100	100	0	0.999509
1839000	0.6000000000	0.0001000000	0.0100000000	100	100	0	0.999504
1840000	0.6000000000	0.0001000000	0.0100000000	100	100	0	0.999498
1841000	0.6000000000	0.0001000000	0.0100000000	100	100	0	0.999509
1842000	0.6000000000	0.0001000000	0.0100000000	100	100	0	0.999510
1843000	0.6000000000	0.0001000000	0.0100000000	100	100	0	0.999534
1844000	0.6000000000	0.0001000000	0.0100000000	100	100	0	0.999514
1845000	0.6000000000	0.0001000000	0.0100000000	100	100	0	0.999504
1846000	0.6000000000	0.0001000000	0.0100000000	100	100	0	0.999497
1847000	0.6000000000	0.0001000000	0.0100000000	100	100	0	0.999498
1848000	0.6000000000	0.0001000000	0.0100000000	100	100	0	0.999510
1849000	0.6000000000	0.0001000000	0.0100000000	100	100	0	0.999491
1850000	0.6000000000	0.0001000000	0.0100000000	100	100	0	0.999497
1851000	0.6000000000	0.0001000000	0.0100000000	100	100	0	0.999497
1852000	0.6000000000	0.0001000000	0.0100000000	100	100	0	0.999512
1853000	0.6000000000	0.0001000000	0.0100000000	100	100	0	0.999521
1854000	0.6000000000	0.0001000000	0.0100000000	100	100	0	0.999516
1855000	0.6000000000	0.0001000000	0.0100000000	100	100	0	0.999494
1856000	0.6000000000	0.0001000000	0.0100000000	100	100	0	0.999487
1857000	0.6000000000	0.0001000000	0.0100000000	100	100	0	0.999497
1858000	0.6000000000	0.0001000000	0.0100000000	100	100	0	0.999505
1859000	0.6000000000	0.0001000000	0.0100000000	100	100	0	0.999497
1860000	0.6000000000	0.0001000000	0.0100000000	100	100	0	0.999494
1861000	0.6000000000	0.0001000000	0.0100000000	100	100	0	0.999513
1862000	0.6000000000	0.0001000000	0.0100000000	100	100	0	0.999518
1863000	0.6000000000	0.0001000000	0.0100000000	100	100	0	0.999529
1864000	0.6000000000	0.0001000000	0.0100000000	100	100	0	0.999528
1865000	0.6000000000	0.0001000000	0.0100000000	100	100	0	0.999540
1866000	0.6000000000	0.0001000000	0.0100000000	100	100	0	0.999546
1867000	0.6000000000	0.0001000000	0.0100000000	100	100	0	0.999542
1868000	0.6000000000	0.0001000000	0.0100000000	100	100	0	0.999552
1869000	0.6000000000	0.0001000000	0.0100000000	100	100	0	0.999526
1870000	0.6000000000	0.0001000000	0.0100000000	100	100	0	0.999527
1871000	0.6000000000	0.0001000000	0.0100000000	100	100	0	0.999538
1872000	0.6000000000	0.0001000000	0.0100000000	100	100	0	0.999548
1873000	0.6000000000	0.0001000000	0.0100000000	100	100	0	0.999541
1874000	0.6000000000	0.0001000000	0.0100000000	100	100	0	0.999531
1875000	0.6000000000	0.0001000000	0.0100000000	100	100	0	0.999525
1876000	0.6000000000	0.0001000000	0.0100000000	100	100	0	0.999540
1877000	0.6000000000	0.0001000000	0.0100000000	100	100	0	0.999518
1878000	0.6000000000	0.0001000000	0.0100000000	100	100	0	0.999515
1879000	0.6000000000	0.0001000000	0.0100000000	100	100	0	0.999495
1880000	0.6000000000	0.0001000000	0.0100000000	100	100	0	0.999490
1881000	0.6000000000	0.0001000000	0.0100000000	100	100	0	0.999498
1882000	0.6000000000	0.0001000000	0.0100000000	100	100	0	0.999503
1883000	0.6000000000	0.0001000000	0.0100000000	100	100	0	0.999515
1884000	0.6000000000	0.0001000000	0.0100000000	100	100	0	0.999517
1885000	0.6000000000	0.0001000000	0.0100000000	100	100	0	0.999536
1886000	0.6000000000	0.0001000000	0.0100000000	100	100	0	0.999528
1887000	0.6000000000	0.0001000000	0.0100000000	100	100	0	0.999531
1888000	0.6000000000	0.0001000000	0.0100000000	100	100	0	0.999516
1889000	0.6000000000	0.0001000000	0.0100000000	100	100	0	0.999515
1890000	0.6000000000	0.0001000000	0.0100000000	100	100	0	0.999510
1891000	0.6000000000	0.0001000000	0.0100000000	100	100	0	0.999514
1892000	0.6000000000	0.0001000000	0.0100000000	100	100	0	0.999531
1893000	0.6000000000	0.0001000000	0.0100000000	100	100	0	0.999528
1894000	0.6000000000	0.0001000000	0.0100000000	100	100	0	0.999521
1895000	0.6000000000	0.0001000000	0.0100000000	100	100	0	0.999520
1896000	0.6000000000	0.0001000000	0.0100000000	100	100	0	0.999516
1897000	0.6000000000	0.0001000000	0.0100000000	100	100	0	0.999517
1898000	0.6000000000	0.0001000000	0.0100000000	100	100	0	0.999523
1899000	0.6000000000	0.0001000000	0.0100000000	100	100	0	0.999522
1900000	0.6000000000	0.0001000000	0.0100000000	100	100	0	0.999518
1901000	0.6000000000	0.0001000000	0.0100000000	100	100	0	0.999522
1902000	0.6000000000	0.0001000000	0.0100000000	100	100	0	0.999517
1903000	0.6000000000	0.0001000000	0.0100000000	100	100	0	0.999520
1904000	0.6000000000	0.0001000000	0.0100000000	100	100	0	0.999529
1905000	0.6000000000	0.0001000000	0.0100000000	100	100	0	0.999525
1906000	0.6000000000	0.0001000000	0.0100000000	100	100	0	0.999527
1907000	0.6000000000	0.0001000000	0.0100000000	100	100	0	0.999539
1908000	0.6000000000	0.0001000000	0.0100000000	100	100	0	0.999534
1909000	0.6000000000	0.0001000000	0.0100000000	100	100	0	0.999536
1910000	0.6000000000	0.0001000000	0.0100000000	100	100	0	0.999528
1911000	0.6000000000	0.0001000000	0.0100000000	100	100	0	0.999532
1912000	0.6000000000	0.0001000000	0.0100000000	100	100	0	0.999514
1913000	0.6000000000	0.0001000000	0.0100000000	100	100	0	0.999532
1914000	0.6000000000	0.0001000000	0.0100000000	100	100	0	0.999526
1915000	0.6000000000	0.0001000000	0.0100000000	100	100	0	0.999548
1916000	0.6000000000	0.0001000000	0.0100000000	100	100	0	0.999530
1917000	0.6000000000	0.0001000000	0.0100000000	100	100	0	0.999537
1918000	0.6000000000	0.0001000000	0.0100000000	100	100	0	0.999523
1919000	0.6000000000	0.0001000000	0.0100000000	100	100	0	0.999516
1920000	0.6000000000	0.0001000000	0.0100000000	100	100	0	0.999519
1921000	0.6000000000	0.0001000000	0.0100000000	100	100	0	0.999505
1922000	0.6000000000	0.0001000000	0.0100000000	100	100	0	0.999503
1923000	0.6000000000	0.0001000000	0.0100000000	100	100	0	0.999516
1924000	0.6000000000	0.0001000000	0.0100000000	100	100	0	0.999509
1925000	0.6000000000	0.0001000000	0.0100000000	100	100	0	0.999516
1926000	0.6000000000	0.0001000000	0.0100000000	100	100	0	0.999522
1927000	0.6000000000	0.0001000000	0.0100000000	100	100	0	0.999517
1928000	0.6000000000	0.0001000000	0.0100000000	100	100	0	0.999510
1929000	0.6000000000	0.0001000000	0.0100000000	100	100	0	0.999503
1930000	0.6000000000	0.0001000000	0.0100000000	100	100	0	0.999523
1931000	0.6000000000	0.0001000000	0.0100000000	100	100	0	0.999524
1932000	0.6000000000	0.0001000000	0.0100000000	100	100	0	0.999514
1933000	0.6000000000	0.0001000000	0.0100000000	100	100	0	0.999500
1934000	0.6000000000	0.0001000000	0.0100000000	100	100	0	0.999489
1935000	0.6000000000	0.0001000000	0.0100000000	100	100	0	0.999501
1936000	0.6000000000	0.0001000000	0.0100000000	100	100	0	0.999512
1937000	0.6000000000	0.0001000000	0.0100000000	100	100	0	0.999513
1938000	0.6000000000	0.0001000000	0.0100000000	100	100	0	0.999529
1939000	0.6000000000	0.0001000000	0.0100000000	100	100	0	0.999525
1940000	0.6000000000	0.0001000000	0.0100000000	100	100	0	0.999515
1941000	0.6000000000	0.0001000000	0.0100000000	100	100	0	0.999537
1942000	0.6000000000	0.0001000000	0.0100000000	100	100	0	0.999532
1943000	0.6000000000	0.0001000000	0.0100000000	100	100	0	0.999536
1944000	0.6000000000	0.0001000000	0.0100000000	100	100	0	0.999529
1945000	0.6000000000	0.0001000000	0.0100000000	100	100	0	0.999530
1946000	0.6000000000	0.0001000000	0.0100000000	100	100	0	0.999514
1947000	0.6000000000	0.0001000000	0.0100000000	100	100	0	0.999526
1948000	0.6000000000	0.0001000000	0.0100000000	100	100	0	0.999527
1949000	0.6000000000	0.0001000000	0.0100000000	100	100	0	0.999523
1950000	0.6000000000	0.0001000000	0.0100000000	100	100	0	0.999535
1951000	0.6000000000	0.0001000000	0.0100000000	100	100	0	0.999555
1952000	0.6000000000	0.0001000000	0.0100000000	100	100	0	0.999538
1953000	0.6000000000	0.0001000000	0.0100000000	100	100	0	0.999538
1954000	0.6000000000	0.0001000000	0.0100000000	100	100	0	0.999520
1955000	0.6000000000	0.0001000000	0.0100000000	100	100	0	0.999517
1956000	0.6000000000	0.0001000000	0.0100000000	100	100	0	0.999503
1957000	0.6000000000	0.0001000000	0.0100000000	100	100	0	0.999509
1958000	0.6000000000	0.0001000000	0.0100000000	100	100	0	0.999509
1959000	0.6000000000	0.0001000000	0.0100000000	100	100	0	0.999498
1960000	0.6000000000	0.0001000000	0.0100000000	100	100	0	0.999505
1961000	0.6000000000	0.0001000000	0.0100000000	100	100	0	0.999514
1962000	0.6000000000	0.0001000000	0.0100000000	100	100	0	0.999526
1963000	0.6000000000	0.0001000000	0.0100000000	100	100	0	0.999529
1964000	0.6000000000	0.0001000000	0.0100000000	100	100	0	0.999529
1965000	0.6000000000	0.0001000000	0.0100000000	100	100	0	0.999515
1966000	0.6000000000	0.0001000000	0.0100000000	100	100	0	0.999496
1967000	0.6000000000	0.0001000000	0.0100000000	100	100	0	0.999491
1968000	0.6000000000	0.0001000000	0.0100000000	100	100	0	0.999514
1969000	0.6000000000	0.0001000000	0.0100000000	100	100	0	0.999516
1970000	0.6000000000	0.0001000000	0.0100000000	100	100	0	0.999513
1971000	0.6000000000	0.0001000000	0.0100000000	100	100	0	0.999511
1972000	0.6000000000	0.0001000000	0.0100000000	100	100	0	0.999513
1973000	0.6000000000	0.0001000000	0.0100000000	100	100	0	0.999510
1974000	0.6000000000	0.0001000000	0.0100000000	100	100	0	0.999506
1975000	0.6000000000	0.0001000000	0.0100000000	100	100	0	0.999509
1976000	0.6000000000	0.0001000000	0.0100000000	100	100	0	0.999506
1977000	0.6000000000	0.0001000000	0.0100000000	100	100	0	0.999492
1978000	0.6000000000	0.0001000000	0.0100000000	100	100	0	0.999501
1979000	0.6000000000	0.0001000000	0.0100000000	100	100	0	0.999515
1980000	0.6000000000	0.0001000000	0.0100000000	100	100	0	0.999489
1981000	0.6000000000	0.0001000000	0.0100000000	100	100	0	0.999487
1982000	0.6000000000	0.0001000000	0.0100000000	100	100	0	0.999483
1983000	0.6000000000	0.0001000000	0.0100000000	100	100	0	0.999507
1984000	0.6000000000	0.0001000000	0.0100000000	100	100	0	0.999506
1985000	0.6000000000	0.0001000000	0.0100000000	100	100	0	0.999514
1986000	0.6000000000	0.0001000000	0.0100000000	100	100	0	0.999520
1987000	0.6000000000	0.0001000000	0.0100000000	100	100	0	0.999519
1988000	0.6000000000	0.0001000000	0.0100000000	100	100	0	0.999536
1989000	0.6000000000	0.0001000000	0.0100000000	100	100	0	0.999528
1990000	0.6000000000	0.0001000000	0.0100000000	100	100	0	0.999529
1991000	0.6000000000	0.0001000000	0.0100000000	100	100	0	0.999516
1992000	0.6000000000	0.0001000000	0.0100000000	100	100	0	0.999516
1993000	0.6000000000	0.0001000000	0.0100000000	100	100	0	0.999539
1994000	0.6000000000	0.0001000000	0.0100000000	100	100	0	0.999532
1995000	0.6000000000	0.0001000000	0.0100000000	100	100	0	0.999506
1996000	0.6000000000	0.0001000000	0.0100000000	100	100	0	0.999501
1997000	0.6000000000	0.0001000000	0.0100000000	100	100	0	0.999500
1998000	0.6000000000	0.0001000000	0.0100000000	100	100	0	0.999507
1999000	0.6000000000	0.0001000000	0.0100000000	100	100	0	0.999501
2000000	0.6000000000	0.0001000000	0.0100000000	100	100	0	0.999502
2001000	0.6000000000	0.0001000000	0.0100000000	100	100	0	0.999520
2002000	0.6000000000	0.0001000000	0.0100000000	100	100	0	0.999504
2003000	0.6000000000	0.0001000000	0.0100000000	100	100	0	0.999500
2004000	0.6000000000	0.0001000000	0.0100000000	100	100	0	0.999509
2005000	0.6000000000	0.0001000000	0.0100000000	100	100	0	0.999518
2006000	0.6000000000	0.0001000000	0.0100000000	100	100	0	0.999536
2007000	0.6000000000	0.0001000000	0.0100000000	100	100	0	0.999516
2008000	0.6000000000	0.0001000000	0.0100000000	100	100	0	0.999511
2009000	0.6000000000	0.0001000000	0.0100000000	100	100	0	0.999512
2010000	0.6000000000	0.0001000000	0.0100000000	100	100	0	0.999504
2011000	0.6000000000	0.0001000000	0.0100000000	100	100	0	0.999500
2012000	0.6000000000	0.0001000000	0.0100000000	100	100	0	0.999494
2013000	0.6000000000	0.0001000000	0.0100000000	100	100	0	0.999500
2014000	0.6000000000	0.0001000000	0.0100000000	100	100	0	0.999484
2015000	0.6000000000	0.0001000000	0.0100000000	100	100	0	0.999484
2016000	0.6000000000	0.0001000000	0.0100000000	100	100	0	0.999495
2017000	0.6000000000	0.0001000000	0.0100000000	100	100	0	0.999490
2018000	0.6000000000	0.0001000000	0.0100000000	100	100	0	0.999498
2019000	0.6000000000	0.0001000000	0.0100000000	100	100	0	0.999482
2020000	0.6000000000	0.0001000000	0.0100000000	100	100	0	0.999503
2021000	0.6000000000	0.0001000000	0.0100000000	100	100	0	0.999504
2022000	0.6000000000	0.0001000000	0.0100000000	100	100	0	0.999504
2023000	0.6000000000	0.0001000000	0.0100000000	100	100	0	0.999486
2024000	0.6000000000	0.0001000000	0.0100000000	100	100	0	0.999497
2025000	0.6000000000	0.0001000000	0.0100000000	100	100	0	0.999484
2026000	0.6000000000	0.0001000000	0.0100000000	100	100	0	0.999507
2027000	0.6000000000	0.0001000000	0.0100000000	100	100	0	0.999516
2028000	0.6000000000	0.0001000000	0.0100000000	100	100	0	0.999536
2029000	0.6000000000	0.0001000000	0.0100000000	100	100	0	0.999528
2030000	0.6000000000	0.0001000000	0.0100000000	100	100	0	0.999519
2031000	0.6000000000	0.0001000000	0.0100000000	100	100	0	0.999532
2032000	0.6000000000	0.0001000000	0.0100000000	100	100	0	0.999534
2033000	0.6000000000	0.0001000000	0.0100000000	100	100	0	0.999553
2034000	0.6000000000	0.0001000000	0.0100000000	100	100	0	0.999533
2035000	0.6000000000	0.0001000000	0.0100000000	100	100	0	0.999509
2036000	0.6000000000	0.0001000000	0.0100000000	100	100	0	0.999521
2037000	0.6000000000	0.0001000000	0.0100000000	100	100	0	0.999532
2038000	0.6000000000	0.0001000000	0.0100000000	100	100	0	0.999542
2039000	0.6000000000	0.0001000000	0.0100000000	100	100	0	0.999530
2040000	0.6000000000	0.0001000000	0.0100000000	100	100	0	0.999528
2041000	0.6000000000	0.0001000000	0.0100000000	100	100	0	0.999516
2042000	0.6000000000	0.0001000000	0.0100000000	100	100	0	0.999511
2043000	0.6000000000	0.0001000000	0.0100000000	100	100	0	0.999513
2044000	0.6000000000	0.0001000000	0.0100000000	100	100	0	0.999504
2045000	0.6000000000	0.0001000000	0.0100000000	100	100	0	0.999496
2046000	0.6000000000	0.0001000000	0.0100000000	100	100	0	0.999512
2047000	0.6000000000	0.0001000000	0.0100000000	100	100	0	0.999511
2048000	0.6000000000	0.0001000000	0.0100000000	100	100	0	0.999520
2049000	0.6000000000	0.0001000000	0.0100000000	100	100	0	0.999527
2050000	0.6000000000	0.0001000000	0.0100000000	100	100	0	0.999504
2051000	0.6000000000	0.0001000000	0.0100000000	100	100	0	0.999503
2052000	0.6000000000	0.0001000000	0.0100000000	100	100	0	0.999510
2053000	0.6000000000	0.0001000000	0.0100000000	100	100	0	0.999505
2054000	0.6000000000	0.0001000000	0.0100000000	100	100	0	0.999509
2055000	0.6000000000	0.0001000000	0.0100000000	100	100	0	0.999498
2056000	0.6000000000	0.0001000000	0.0100000000	100	100	0	0.999512
2057000	0.6000000000	0.0001000000	0.0100000000	100	100	0	0.999515
2058000	0.6000000000	0.0001000000	0.0100000000	100	100	0	0.999520
2059000	0.6000000000	0.0001000000	0.0100000000	100	100	0	0.999517
2060000	0.6000000000	0.0001000000	0.0100000000	100	100	0	0.999500
2061000	0.6000000000	0.0001000000	0.0100000000	100	100	0	0.999518
2062000	0.6000000000	0.0001000000	0.0100000000	100	100	0	0.999530
2063000	0.6000000000	0.0001000000	0.0100000000	100	100	0	0.999536
2064000	0.6000000000	0.0001000000	0.0100000000	100	100	0	0.999509
2065000	0.6000000000	0.0001000000	0.0100000000	100	100	0	0.999507
2066000	0.6000000000	0.0001000000	0.0100000000	100	100	0	0.999495
2067000	0.6000000000	0.0001000000	0.0100000000	100	100	0	0.999494
2068000	0.6000000000	0.0001000000	0.0100000000	100	100	0	0.999488
2069000	0.6000000000	0.0001000000	0.0100000000	100	100	0	0.999486
2070000	0.6000000000	0.0001000000	0.0100000000	100	100	0	0.999507
2071000	0.6000000000	0.0001000000	0.0100000000	100	100	0	0.999511
2072000	0.6000000000	0.0001000000	0.0100000000	100	100	0	0.999523
2073000	0.6000000000	0.0001000000	0.0100000000	100	100	0	0.999505
2074000	0.6000000000	0.0001000000	0.0100000000	100	100	0	0.999522
2075000	0.6000000000	0.0001000000	0.0100000000	100	100	0	0.999510
2076000	0.6000000000	0.0001000000	0.0100000000	100	100	0	0.999512
2077000	0.6000000000	0.0001000000	0.0100000000	100	100	0	0.999513
2078000	0.6000000000	0.0001000000	0.0100000000	100	100	0	0.999510
2079000	0.6000000000	0.0001000000	0.0100000000	100	100	0	0.999492
2080000	0.6000000000	0.0001000000	0.0100000000	100	100	0	0.999493
2081000	0.6000000000	0.0001000000	0.0100000000	100	100	0	0.999489
2082000	0.6000000000	0.0001000000	0.0100000000	100	100	0	0.999500
2083000	0.6000000000	0.0001000000	0.0100000000	100	100	0	0.999493
2084000	0.6000000000	0.0001000000	0.0100000000	100	100	0	0.999483
2085000	0.6000000000	0.0001000000	0.0100000000	100	100	0	0.999500
2086000	0.6000000000	0.0001000000	0.0100000000	100	100	0	0.999490
2087000	0.6000000000	0.0001000000	0.0100000000	100	100	0	0.999507
2088000	0.6000000000	0.0001000000	0.0100000000	100	100	0	0.999514
2089000	0.6000000000	0.0001000000	0.0100000000	100	100	0	0.999524
2090000	0.6000000000	0.0001000000	0.0100000000	100	100	0	0.999520
2091000	0.6000000000	0.0001000000	0.0100000000	100	100	0	0.999514
2092000	0.6000000000	0.0001000000	0.0100000000	100	100	0	0.999520
2093000	0.6000000000	0.0001000000	0.0100000000	100	100	0	0.999529
2094000	0.6000000000	0.0001000000	0.0100000000	100	100	0	0.999519
2095000	0.6000000000	0.0001000000	0.0100000000	100	100	0	0.999520
2096000	0.6000000000	0.0001000000	0.0100000000	100	100	0	0.999509
2097000	0.6000000000	0.0001000000	0.0100000000	100	100	0	0.999499
2098000	0.6000000000	0.0001000000	0.0100000000	100	100	0	0.999501
2099000	0.6000000000	0.0001000000	0.0100000000	100	100	0	0.999501
2100000	0.6000000000	0.0001000000	0.0100000000	100	100	0	0.999484
2101000	0.6000000000	0.0001000000	0.0100000000	100	100	0	0.999478
2102000	0.6000000000	0.0001000000	0.0100000000	100	100	0	0.999485
2103000	0.6000000000	0.0001000000	0.0100000000	100	100	0	0.999501
2104000	0.6000000000	0.0001000000	0.0100000000	100	100	0	0.999488
2105000	0.6000000000	0.0001000000	0.0100000000	100	100	0	0.999482
2106000	0.6000000000	0.0001000000	0.0100000000	100	100	0	0.999488
2107000	0.6000000000	0.0001000000	0.0100000000	100	100	0	0.999491
2108000	0.6000000000	0.0001000000	0.0100000000	100	100	0	0.999511
2109000	0.6000000000	0.0001000000	0.0100000000	100	100	0	0.999508
2110000	0.6000000000	0.0001000000	0.0100000000	100	100	0	0.999496
2111000	0.6000000000	0.0001000000	0.0100000000	100	100	0	0.999509
2112000	0.6000000000	0.0001000000	0.0100000000	100	100	0	0.999531
2113000	0.6000000000	0.0001000000	0.0100000000	100	100	0	0.999524
2114000	0.6000000000	0.0001000000	0.0100000000	100	100	0	0.999545
2115000	0.6000000000	0.0001000000	0.0100000000	100	100	0	0.999526
2116000	0.6000000000	0.0001000000	0.0100000000	100	100	0	0.999529
2117000	0.6000000000	0.0001000000	0.0100000000	100	100	0	0.999506
2118000	0.6000000000	0.0001000000	0.0100000000	100	100	0	0.999508
2119000	0.6000000000	0.0001000000	0.0100000000	100	100	0	0.999504
2120000	0.6000000000	0.0001000000	0.0100000000	100	100	0	0.999497
2121000	0.6000000000	0.0001000000	0.0100000000	100	100	0	0.999505
2122000	0.6000000000	0.0001000000	0.0100000000	100	100	0	0.999511
2123000	0.6000000000	0.0001000000	0.0100000000	100	100	0	0.999500
2124000	0.6000000000	0.0001000000	0.0100000000	100	100	0	0.999505
2125000	0.6000000000	0.0001000000	0.0100000000	100	100	0	0.999509
2126000	0.6000000000	0.0001000000	0.0100000000	100	100	0	0.999517
2127000	0.6000000000	0.0001000000	0.0100000000	100	100	0	0.999509
2128000	0.6000000000	0.0001000000	0.0100000000	100	100	0	0.999521
2129000	0.6000000000	0.0001000000	0.0100000000	100	100	0	0.999522
2130000	0.6000000000	0.0001000000	0.0100000000	100	100	0	0.999525
2131000	0.6000000000	0.0001000000	0.0100000000	100	100	0	0.999538
2132000	0.6000000000	0.0001000000	0.0100000000	100	100	0	0.999527
2133000	0.6000000000	0.0001000000	0.0100000000	100	100	0	0.999544
2134000	0.6000000000	0.0001000000	0.0100000000	100	100	0	0.999540
2135000	0.6000000000	0.0001000000	0.0100000000	100	100	0	0.999541
2136000	0.6000000000	0.0001000000	0.0100000000	100	100	0	0.999546
2137000	0.6000000000	0.0001000000	0.0100000000	100	100	0	0.999537
2138000	0.6000000000	0.0001000000	0.0100000000	100	100	0	0.999512
2139000	0.6000000000	0.0001000000	0.0100000000	100	100	0	0.999507
2140000	0.6000000000	0.0001000000	0.0100000000	100	100	0	0.999515
2141000	0.6000000000	0.0001000000	0.0100000000	100	100	0	0.999532
2142000	0.6000000000	0.0001000000	0.0100000000	100	100	0	0.999545
2143000	0.6000000000	0.0001000000	0.0100000000	100	100	0	0.999521
2144000	0.6000000000	0.0001000000	0.0100000000	100	100	0	0.999538
2145000	0.6000000000	0.0001000000	0.0100000000	100	100	0	0.999525
2146000	0.6000000000	0.0001000000	0.0100000000	100	100	0	0.999517
2147000	0.6000000000	0.0001000000	0.0100000000	100	100	0	0.999507
2148000	0.6000000000	0.0001000000	0.0100000000	100	100	0	0.999499
2149000	0.6000000000	0.0001000000	0.0100000000	100	100	0	0.999510
2150000	0.6000000000	0.0001000000	0.0100000000	100	100	0	0.999496
2151000	0.6000000000	0.0001000000	0.0100000000	100	100	0	0.999507
2152000	0.6000000000	0.0001000000	0.0100000000	100	100	0	0.999504
2153000	0.6000000000	0.0001000000	0.0100000000	100	100	0	0.999499
2154000	0.6000000000	0.0001000000	0.0100000000	100	100	0	0.999496
2155000	0.6000000000	0.0001000000	0.0100000000	100	100	0	0.999494
2156000	0.6000000000	0.0001000000	0.0100000000	100	100	0	0.999494
2157000	0.6000000000	0.0001000000	0.0100000000	100	100	0	0.999501
2158000	0.6000000000	0.0001000000	0.0100000000	100	100	0	0.999494
2159000	0.6000000000	0.0001000000	0.0100000000	100	100	0	0.999498
2160000	0.6000000000	0.0001000000	0.0100000000	100	100	0	0.999510
2161000	0.6000000000	0.0001000000	0.0100000000	100	100	0	0.999514
2162000	0.6000000000	0.0001000000	0.0100000000	100	100	0	0.999531
2163000	0.6000000000	0.0001000000	0.0100000000	100	100	0	0.999534
2164000	0.6000000000	0.0001000000	0.0100000000	100	100	0	0.999559
2165000	0.6000000000	0.0001000000	0.0100000000	100	100	0	0.999560
2166000	0.6000000000	0.0001000000	0.0100000000	100	100	0	0.999548
2167000	0.6000000000	0.0001000000	0.0100000000	100	100	0	0.999551
2168000	0.6000000000	0.0001000000	0.0100000000	100	100	0	0.999551
2169000	0.6000000000	0.0001000000	0.0100000000	100	100	0	0.999558
2170000	0.6000000000	0.0001000000	0.0100000000	100	100	0	0.999550
2171000	0.6000000000	0.0001000000	0.0100000000	100	100	0	0.999554
2172000	0.6000000000	0.0001000000	0.0100000000	100	100	0	0.999555
2173000	0.6000000000	0.0001000000	0.0100000000	100	100	0	0.999558
2174000	0.6000000000	0.0001000000	0.0100000000	100	100	0	0.999552
2175000	0.6000000000	0.0001000000	0.0100000000	100	100	0	0.999555
2176000	0.6000000000	0.0001000000	0.0100000000	100	100	0	0.999548
2177000	0.6000000000	0.0001000000	0.0100000000	100	100	0	0.999548
2178000	0.6000000000	0.0001000000	0.0100000000	100	100	0	0.999536
2179000	0.6000000000	0.0001000000	0.0100000000	100	100	0	0.999520
2180000	0.6000000000	0.0001000000	0.0100000000	100	100	0	0.999514
2181000	0.6000000000	0.0001000000	0.0100000000	100	100	0	0.999521
2182000	0.6000000000	0.0001000000	0.0100000000	100	100	0	0.999525
2183000	0.6000000000	0.0001000000	0.0100000000	100	100	0	0.999523
2184000	0.6000000000	0.0001000000	0.0100000000	100	100	0	0.999525
2185000	0.6000000000	0.0001000000	0.0100000000	100	100	0	0.999517
2186000	0.6000000000	0.0001000000	0.0100000000	100	100	0	0.999515
2187000	0.6000000000	0.0001000000	0.0100000000	100	100	0	0.999523
2188000	0.6000000000	0.0001000000	0.0100000000	100	100	0	0.999524
2189000	0.6000000000	0.0001000000	0.0100000000	100	100	0	0.999534
2190000	0.6000000000	0.0001000000	0.0100000000	100	100	0	0.999528
2191000	0.6000000000	0.0001000000	0.0100000000	100	100	0	0.999539
2192000	0.6000000000	0.0001000000	0.0100000000	100	100	0	0.999518
2193000	0.6000000000	0.0001000000	0.0100000000	100	100	0	0.999512
2194000	0.6000000000	0.0001000000	0.0100000000	100	100	0	0.999521
2195000	0.6000000000	0.0001000000	0.0100000000	100	100	0	0.999518
2196000	0.6000000000	0.0001000000	0.0100000000	100	100	0	0.999523
2197000	0.6000000000	0.0001000000	0.0100000000	100	100	0	0.999514
2198000	0.6000000000	0.0001000000	0.0100000000	100	100	0	0.999523
2199000	0.6000000000	0.0001000000	0.0100000000	100	100	0	0.999525
2200000	0.6000000000	0.0001000000	0.0100000000	100	100	0	0.999517
2201000	0.6000000000	0.0001000000	0.0100000000	100	100	0	0.999526
2202000	0.6000000000	0.0001000000	0.0100000000	100	100	0	0.999523
2203000	0.6000000000	0.0001000000	0.0100000000	100	100	0	0.999526
2204000	0.6000000000	0.0001000000	0.0100000000	100	100	0	0.999525
2205000	0.6000000000	0.0001000000	0.0100000000	100	100	0	0.999534
2206000	0.6000000000	0.0001000000	0.0100000000	100	100	0	0.999522
2207000	0.6000000000	0.0001000000	0.0100000000	100	100	0	0.999515
2208000	0.6000000000	0.0001000000	0.0100000000	100	100	0	0.999509
2209000	0.6000000000	0.0001000000	0.0100000000	100	100	0	0.999524
2210000	0.6000000000	0.0001000000	0.0100000000	100	100	0	0.999520
2211000	0.6000000000	0.0001000000	0.0100000000	100	100	0	0.999512
2212000	0.6000000000	0.0001000000	0.0100000000	100	100	0	0.999509
2213000	0.6000000000	0.0001000000	0.0100000000	100	100	0	0.999507
2214000	0.6000000000	0.0001000000	0.0100000000	100	100	0	0.999508
2215000	0.6000000000	0.0001000000	0.0100000000	100	100	0	0.999511
2216000	0.6000000000	0.0001000000	0.0100000000	100	100	0	0.999532
2217000	0.6000000000	0.0001000000	0.0100000000	100	100	0	0.999517
2218000	0.6000000000	0.0001000000	0.0100000000	100	100	0	0.999507
2219000	0.6000000000	0.0001000000	0.0100000000	100	100	0	0.999514
2220000	0.6000000000	0.0001000000	0.0100000000	100	100	0	0.999538
2221000	0.6000000000	0.0001000000	0.0100000000	100	100	0	0.999546
2222000	0.6000000000	0.0001000000	0.0100000000	100	100	0	0.999548
2223000	0.6000000000	0.0001000000	0.0100000000	100	100	0	0.999528
2224000	0.6000000000	0.0001000000	0.0100000000	100	100	0	0.999529
2225000	0.6000000000	0.0001000000	0.0100000000	100	100	0	0.999529
2226000	0.6000000000	0.0001000000	0.0100000000	100	100	0	0.999534
2227000	0.6000000000	0.0001000000	0.0100000000	100	100	0	0.999545
2228000	0.6000000000	0.0001000000	0.0100000000	100	100	0	0.999554
2229000	0.6000000000	0.0001000000	0.0100000000	100	100	0	0.999547
2230000	0.6000000000	0.0001000000	0.0100000000	100	100	0	0.999549
2231000	0.6000000000	0.0001000000	0.0100000000	100	100	0	0.999536
2232000	0.6000000000	0.0001000000	0.0100000000	100	100	0	0.999531
2233000	0.6000000000	0.0001000000	0.0100000000	100	100	0	0.999534
2234000	0.6000000000	0.0001000000	0.0100000000	100	100	0	0.999534
2235000	0.6000000000	0.0001000000	0.0100000000	100	100	0	0.999538
2236000	0.6000000000	0.0001000000	0.0100000000	100	100	0	0.999542
2237000	0.6000000000	0.0001000000	0.0100000000	100	100	0	0.999547
2238000	0.6000000000	0.0001000000	0.0100000000	100	100	0	0.999544
2239000	0.6000000000	0.0001000000	0.0100000000	100	100	0	0.999541
2240000	0.6000000000	0.0001000000	0.0100000000	100	100	0	0.999525
2241000	0.6000000000	0.0001000000	0.0100000000	100	100	0	0.999533
2242000	0.6000000000	0.0001000000	0.0100000000	100	100	0	0.999537
2243000	0.6000000000	0.0001000000	0.0100000000	100	100	0	0.999539
2244000	0.6000000000	0.0001000000	0.0100000000	100	100	0	0.999534
2245000	0.6000000000	0.0001000000	0.0100000000	100	100	0	0.999519
2246000	0.6000000000	0.0001000000	0.0100000000	100	100	0	0.999531
2247000	0.6000000000	0.0001000000	0.0100000000	100	100	0	0.999523
2248000	0.6000000000	0.0001000000	0.0100000000	100	100	0	0.999523
2249000	0.6000000000	0.0001000000	0.0100000000	100	100	0	0.999532
2250000	0.6000000000	0.0001000000	0.0100000000	100	100	0	0.999531
2251000	0.6000000000	0.0001000000	0.0100000000	100	100	0	0.999535
2252000	0.6000000000	0.0001000000	0.0100000000	100	100	0	0.999531
2253000	0.6000000000	0.0001000000	0.0100000000	100	100	0	0.999542
2254000	0.6000000000	0.0001000000	0.0100000000	100	100	0	0.999544
2255000	0.6000000000	0.0001000000	0.0100000000	100	100	0	0.999513
2256000	0.6000000000	0.0001000000	0.0100000000	100	100	0	0.999515
2257000	0.6000000000	0.0001000000	0.0100000000	100	100	0	0.999519
2258000	0.6000000000	0.0001000000	0.0100000000	100	100	0	0.999516
2259000	0.6000000000	0.0001000000	0.0100000000	100	100	0	0.999518
2260000	0.6000000000	0.0001000000	0.0100000000	100	100	0	0.999516
2261000	0.6000000000	0.0001000000	0.0100000000	100	100	0	0.999521
2262000	0.6000000000	0.0001000000	0.0100000000	100	100	0	0.999510
2263000	0.6000000000	0.0001000000	0.0100000000	100	100	0	0.999513
2264000	0.6000000000	0.0001000000	0.0100000000	100	100	0	0.999518
2265000	0.6000000000	0.0001000000	0.0100000000	100	100	0	0.999521
2266000	0.6000000000	0.0001000000	0.0100000000	100	100	0	0.999506
2267000	0.6000000000	0.0001000000	0.0100000000	100	100	0	0.999525
2268000	0.6000000000	0.0001000000	0.0100000000	100	100	0	0.999530
2269000	0.6000000000	0.0001000000	0.0100000000	100	100	0	0.999537
2270000	0.6000000000	0.0001000000	0.0100000000	100	100	0	0.999531
2271000	0.6000000000	0.0001000000	0.0100000000	100	100	0	0.999516
2272000	0.6000000000	0.0001000000	0.0100000000	100	100	0	0.999535
2273000	0.6000000000	0.0001000000	0.0100000000	100	100	0	0.999526
2274000	0.6000000000	0.0001000000	0.0100000000	100	100	0	0.999516
2275000	0.6000000000	0.0001000000	0.0100000000	100	100	0	0.999508
2276000	0.6000000000	0.0001000000	0.0100000000	100	100	0	0.999510
2277000	0.6000000000	0.0001000000	0.0100000000	100	100	0	0.999514
2278000	0.6000000000	0.0001000000	0.0100000000	100	100	0	0.999532
2279000	0.6000000000	0.0001000000	0.0100000000	100	100	0	0.999536
2280000	0.6000000000	0.0001000000	0.0100000000	100	100	0	0.999523
2281000	0.6000000000	0.0001000000	0.0100000000	100	100	0	0.999525
2282000	0.6000000000	0.0001000000	0.0100000000	100	100	0	0.999518
2283000	0.6000000000	0.0001000000	0.0100000000	100	100	0	0.999541
2284000	0.6000000000	0.0001000000	0.0100000000	100	100	0	0.999543
2285000	0.6000000000	0.0001000000	0.0100000000	100	100	0	0.999554
2286000	0.6000000000	0.0001000000	0.0100000000	100	100	0	0.999540
2287000	0.6000000000	0.0001000000	0.0100000000	100	100	0	0.999512
2288000	0.6000000000	0.0001000000	0.0100000000	100	100	0	0.999537
2289000	0.6000000000	0.0001000000	0.0100000000	100	100	0	0.999524
2290000	0.6000000000	0.0001000000	0.0100000000	100	100	0	0.999542
2291000	0.6000000000	0.0001000000	0.0100000000	100	100	0	0.999550
2292000	0.6000000000	0.0001000000	0.0100000000	100	100	0	0.999558
2293000	0.6000000000	0.0001000000	0.0100000000	100	100	0	0.999547
2294000	0.6000000000	0.0001000000	0.0100000000	100	100	0	0.999566
2295000	0.6000000000	0.0001000000	0.0100000000	100	100	0	0.999551
2296000	0.6000000000	0.0001000000	0.0100000000	100	100	0	0.999526
2297000	0.6000000000	0.0001000000	0.0100000000	100	100	0	0.999511
2298000	0.6000000000	0.0001000000	0.0100000000	100	100	0	0.999522
2299000	0.6000000000	0.0001000000	0.0100000000	100	100	0	0.999529
2300000	0.6000000000	0.0001000000	0.0100000000	100	100	0	0.999543
2301000	0.6000000000	0.0001000000	0.0100000000	100	100	0	0.999557
2302000	0.6000000000	0.0001000000	0.0100000000	100	100	0	0.999550
2303000	0.6000000000	0.0001000000	0.0100000000	100	100	0	0.999560
2304000	0.6000000000	0.0001000000	0.0100000000	100	100	0	0.999554
2305000	0.6000000000	0.0001000000	0.0100000000	100	100	0	0.999558
2306000	0.6000000000	0.0001000000	0.0100000000	100	100	0	0.999546
2307000	0.6000000000	0.0001000000	0.0100000000	100	100	0	0.999538
2308000	0.6000000000	0.0001000000	0.0100000000	100	100	0	0.999547
2309000	0.6000000000	0.0001000000	0.0100000000	100	100	0	0.999526
2310000	0.6000000000	0.0001000000	0.0100000000	100	100	0	0.999533
2311000	0.6000000000	0.0001000000	0.0100000000	100	100	0	0.999531
2312000	0.6000000000	0.0001000000	0.0100000000	100	100	0	0.999520
2313000	0.6000000000	0.0001000000	0.0100000000	100	100	0	0.999531
2314000	0.6000000000	0.0001000000	0.0100000000	100	100	0	0.999511
2315000	0.6000000000	0.0001000000	0.0100000000	100	100	0	0.999515
2316000	0.6000000000	0.0001000000	0.0100000000	100	100	0	0.999530
2317000	0.6000000000	0.0001000000	0.0100000000	100	100	0	0.999537
2318000	0.6000000000	0.0001000000	0.0100000000	100	100	0	0.999543
2319000	0.6000000000	0.0001000000	0.0100000000	100	100	0	0.999542
2320000	0.6000000000	0.0001000000	0.0100000000	100	100	0	0.999536
2321000	0.6000000000	0.0001000000	0.0100000000	100	100	0	0.999534
2322000	0.6000000000	0.0001000000	0.0100000000	100	100	0	0.999523
2323000	0.6000000000	0.0001000000	0.0100000000	100	100	0	0.999532
2324000	0.6000000000	0.0001000000	0.0100000000	100	100	0	0.999519
2325000	0.6000000000	0.0001000000	0.0100000000	100	100	0	0.999518
2326000	0.6000000000	0.0001000000	0.0100000000	100	100	0	0.999522
2327000	0.6000000000	0.0001000000	0.0100000000	100	100	0	0.999534
2328000	0.6000000000	0.0001000000	0.0100000000	100	100	0	0.999530
2329000	0.6000000000	0.0001000000	0.0100000000	100	100	0	0.999542
2330000	0.6000000000	0.0001000000	0.0100000000	100	100	0	0.999547
2331000	0.6000000000	0.0001000000	0.0100000000	100	100	0	0.999541
2332000	0.6000000000	0.0001000000	0.0100000000	100	100	0	0.999538
2333000	0.6000000000	0.0001000000	0.0100000000	100	100	0	0.999526
2334000	0.6000000000	0.0001000000	0.0100000000	100	100	0	0.999531
2335000	0.6000000000	0.0001000000	0.0100000000	100	100	0	0.999527
2336000	0.6000000000	0.0001000000	0.0100000000	100	100	0	0.999516
2337000	0.6000000000	0.0001000000	0.0100000000	100	100	0	0.999517
2338000	0.6000000000	0.0001000000	0.0100000000	100	100	0	0.999514
2339000	0.6000000000	0.0001000000	0.0100000000	100	100	0	0.999507
2340000	0.6000000000	0.0001000000	0.0100000000	100	100	0	0.999511
2341000	0.6000000000	0.0001000000	0.0100000000	100	100	0	0.999529
2342000	0.6000000000	0.0001000000	0.0100000000	100	100	0	0.999525
2343000	0.6000000000	0.0001000000	0.0100000000	100	100	0	0.999515
2344000	0.6000000000	0.0001000000	0.0100000000	100	100	0	0.999511
2345000	0.6000000000	0.0001000000	0.0100000000	100	100	0	0.999527
2346000	0.6000000000	0.0001000000	0.0100000000	100	100	0	0.999538
2347000	0.6000000000	0.0001000000	0.0100000000	100	100	0	0.999519
2348000	0.6000000000	0.0001000000	0.0100000000	100	100	0	0.999513
2349000	0.6000000000	0.0001000000	0.0100000000	100	100	0	0.999509
2350000	0.6000000000	0.0001000000	0.0100000000	100	100	0	0.999512
2351000	0.6000000000	0.0001000000	0.0100000000	100	100	0	0.999512
2352000	0.6000000000	0.0001000000	0.0100000000	100	100	0	0.999523
2353000	0.6000000000	0.0001000000	0.0100000000	100	100	0	0.999506
2354000	0.6000000000	0.0001000000	0.0100000000	100	100	0	0.999497
2355000	0.6000000000	0.0001000000	0.0100000000	100	100	0	0.999522
2356000	0.6000000000	0.0001000000	0.0100000000	100	100	0	0.999530
2357000	0.6000000000	0.0001000000	0.0100000000	100	100	0	0.999545
2358000	0.6000000000	0.0001000000	0.0100000000	100	100	0	0.999540
2359000	0.6000000000	0.0001000000	0.0100000000	100	100	0	0.999536
2360000	0.6000000000	0.0001000000	0.0100000000	100	100	0	0.999533
2361000	0.6000000000	0.0001000000	0.0100000000	100	100	0	0.999514
2362000	0.6000000000	0.0001000000	0.0100000000	100	100	0	0.999513
2363000	0.6000000000	0.0001000000	0.0100000000	100	100	0	0.999530
2364000	0.6000000000	0.0001000000	0.0100000000	100	100	0	0.999529
2365000	0.6000000000	0.0001000000	0.0100000000	100	100	0	0.999504
2366000	0.6000000000	0.0001000000	0.0100000000	100	100	0	0.999504
2367000	0.6000000000	0.0001000000	0.0100000000	100	100	0	0.999508
2368000	0.6000000000	0.0001000000	0.0100000000	100	100	0	0.999507
2369000	0.6000000000	0.0001000000	0.0100000000	100	100	0	0.999504
2370000	0.6000000000	0.0001000000	0.0100000000	100	100	0	0.999513
2371000	0.6000000000	0.0001000000	0.0100000000	100	100	0	0.999492
2372000	0.6000000000	0.0001000000	0.0100000000	100	100	0	0.999476
2373000	0.6000000000	0.0001000000	0.0100000000	100	100	0	0.999490
2374000	0.6000000000	0.0001000000	0.0100000000	100	100	0	0.999488
2375000	0.6000000000	0.0001000000	0.0100000000	100	100	0	0.999494
2376000	0.6000000000	0.0001000000	0.0100000000	100	100	0	0.999506
2377000	0.6000000000	0.0001000000	0.0100000000	100	100	0	0.999499
2378000	0.6000000000	0.0001000000	0.0100000000	100	100	0	0.999497
2379000	0.6000000000	0.0001000000	0.0100000000	100	100	0	0.999512
2380000	0.6000000000	0.0001000000	0.0100000000	100	100	0	0.999511
2381000	0.6000000000	0.0001000000	0.0100000000	100	100	0	0.999518
2382000	0.6000000000	0.0001000000	0.0100000000	100	100	0	0.999508
2383000	0.6000000000	0.0001000000	0.0100000000	100	100	0	0.999495
2384000	0.6000000000	0.0001000000	0.0100000000	100	100	0	0.999485
2385000	0.6000000000	0.0001000000	0.0100000000	100	100	0	0.999498
2386000	0.6000000000	0.0001000000	0.0100000000	100	100	0	0.999511
2387000	0.6000000000	0.0001000000	0.0100000000	100	100	0	0.999512
2388000	0.6000000000	0.0001000000	0.0100000000	100	100	0	0.999508
2389000	0.6000000000	0.0001000000	0.0100000000	100	100	0	0.999530
2390000	0.6000000000	0.0001000000	0.0100000000	100	100	0	0.999544
2391000	0.6000000000	0.0001000000	0.0100000000	100	100	0	0.999551
2392000	0.6000000000	0.0001000000	0.0100000000	100	100	0	0.999547
2393000	0.6000000000	0.0001000000	0.0100000000	100	100	0	0.999533
2394000	0.6000000000	0.0001000000	0.0100000000	100	100	0	0.999543
2395000	0.6000000000	0.0001000000	0.0100000000	100	100	0	0.999549
2396000	0.6000000000	0.0001000000	0.0100000000	100	100	0	0.999526
2397000	0.6000000000	0.0001000000	0.0100000000	100	100	0	0.999538
2398000	0.6000000000	0.0001000000	0.0100000000	100	100	0	0.999535
2399000	0.6000000000	0.0001000000	0.0100000000	100	100	0	0.999533
2400000	0.6000000000	0.0001000000	0.0100000000	100	100	0	0.999543
2401000	0.6000000000	0.0001000000	0.0100000000	100	100	0	0.999538
2402000	0.6000000000	0.0001000000	0.0100000000	100	100	0	0.999526
2403000	0.6000000000	0.0001000000	0.0100000000	100	100	0	0.999538
2404000	0.6000000000	0.0001000000	0.0100000000	100	100	0	0.999545
2405000	0.6000000000	0.0001000000	0.0100000000	100	100	0	0.999564
2406000	0.6000000000	0.0001000000	0.0100000000	100	100	0	0.999563
2407000	0.6000000000	0.0001000000	0.0100000000	100	100	0	0.999564
2408000	0.6000000000	0.0001000000	0.0100000000	100	100	0	0.999573
2409000	0.6000000000	0.0001000000	0.0100000000	100	100	0	0.999567
2410000	0.6000000000	0.0001000000	0.0100000000	100	100	0	0.999575
2411000	0.6000000000	0.0001000000	0.0100000000	100	100	0	0.999571
2412000	0.6000000000	0.0001000000	0.0100000000	100	100	0	0.999579
2413000	0.6000000000	0.0001000000	0.0100000000	100	100	0	0.999565
2414000	0.6000000000	0.0001000000	0.0100000000	100	100	0	0.999543
2415000	0.6000000000	0.0001000000	0.0100000000	100	100	0	0.999535
2416000	0.6000000000	0.0001000000	0.0100000000	100	100	0	0.999544
2417000	0.6000000000	0.0001000000	0.0100000000	100	100	0	0.999543
2418000	0.6000000000	0.0001000000	0.0100000000	100	100	0	0.999548
2419000	0.6000000000	0.0001000000	0.0100000000	100	100	0	0.999543
2420000	0.6000000000	0.0001000000	0.0100000000	100	100	0	0.999530
2421000	0.6000000000	0.0001000000	0.0100000000	100	100	0	0.999543
2422000	0.6000000000	0.0001000000	0.0100000000	100	100	0	0.999530
2423000	0.6000000000	0.0001000000	0.0100000000	100	100	0	0.999527
2424000	0.6000000000	0.0001000000	0.0100000000	100	100	0	0.999543
2425000	0.6000000000	0.0001000000	0.0100000000	100	100	0	0.999533
2426000	0.6000000000	0.0001000000	0.0100000000	100	100	0	0.999517
2427000	0.6000000000	0.0001000000	0.0100000000	100	100	0	0.999529
2428000	0.6000000000	0.0001000000	0.0100000000	100	100	0	0.999509
2429000	0.6000000000	0.0001000000	0.0100000000	100	100	0	0.999517
2430000	0.6000000000	0.0001000000	0.0100000000	100	100	0	0.999533
2431000	0.6000000000	0.0001000000	0.0100000000	100	100	0	0.999535
2432000	0.6000000000	0.0001000000	0.0100000000	100	100	0	0.999542
2433000	0.6000000000	0.0001000000	0.0100000000	100	100	0	0.999534
2434000	0.6000000000	0.0001000000	0.0100000000	100	100	0	0.999515
2435000	0.6000000000	0.0001000000	0.0100000000	100	100	0	0.999511
2436000	0.6000000000	0.0001000000	0.0100000000	100	100	0	0.999505
2437000	0.6000000000	0.0001000000	0.0100000000	100	100	0	0.999517
2438000	0.6000000000	0.0001000000	0.0100000000	100	100	0	0.999538
2439000	0.6000000000	0.0001000000	0.0100000000	100	100	0	0.999521
2440000	0.6000000000	0.0001000000	0.0100000000	100	100	0	0.999539
2441000	0.6000000000	0.0001000000	0.0100000000	100	100	0	0.999527
2442000	0.6000000000	0.0001000000	0.0100000000	100	100	0	0.999527
2443000	0.6000000000	0.0001000000	0.0100000000	100	100	0	0.999534
2444000	0.6000000000	0.0001000000	0.0100000000	100	100	0	0.999522
2445000	0.6000000000	0.0001000000	0.0100000000	100	100	0	0.999528
2446000	0.6000000000	0.0001000000	0.0100000000	100	100	0	0.999527
2447000	0.6000000000	0.0001000000	0.0100000000	100	100	0	0.999528
2448000	0.6000000000	0.0001000000	0.0100000000	100	100	0	0.999532
2449000	0.6000000000	0.0001000000	0.0100000000	100	100	0	0.999537
2450000	0.6000000000	0.0001000000	0.0100000000	100	100	0	0.999530
2451000	0.6000000000	0.0001000000	0.0100000000	100	100	0	0.999526
2452000	0.6000000000	0.0001000000	0.0100000000	100	100	0	0.999521
2453000	0.6000000000	0.0001000000	0.0100000000	100	100	0	0.999539
2454000	0.6000000000	0.0001000000	0.0100000000	100	100	0	0.999529
2455000	0.6000000000	0.0001000000	0.0100000000	100	100	0	0.999530
2456000	0.6000000000	0.0001000000	0.0100000000	100	100	0	0.999521
2457000	0.6000000000	0.0001000000	0.0100000000	100	100	0	0.999540
2458000	0.6000000000	0.0001000000	0.0100000000	100	100	0	0.999551
2459000	0.6000000000	0.0001000000	0.0100000000	100	100	0	0.999538
2460000	0.6000000000	0.0001000000	0.0100000000	100	100	0	0.999529
2461000	0.6000000000	0.0001000000	0.0100000000	100	100	0	0.999530
2462000	0.6000000000	0.0001000000	0.0100000000	100	100	0	0.999531
2463000	0.6000000000	0.0001000000	0.0100000000	100	100	0	0.999550
2464000	0.6000000000	0.0001000000	0.0100000000	100	100	0	0.999544
2465000	0.6000000000	0.0001000000	0.0100000000	100	100	0	0.999540
2466000	0.6000000000	0.0001000000	0.0100000000	100	100	0	0.999551
2467000	0.6000000000	0.0001000000	0.0100000000	100	100	0	0.999543
2468000	0.6000000000	0.0001000000	0.0100000000	100	100	0	0.999552
2469000	0.6000000000	0.0001000000	0.0100000000	100	100	0	0.999560
2470000	0.6000000000	0.0001000000	0.0100000000	100	100	0	0.999567
2471000	0.6000000000	0.0001000000	0.0100000000	100	100	0	0.999555
2472000	0.6000000000	0.0001000000	0.0100000000	100	100	0	0.999538
2473000	0.6000000000	0.0001000000	0.0100000000	100	100	0	0.999547
2474000	0.6000000000	0.0001000000	0.0100000000	100	100	0	0.999530
2475000	0.6000000000	0.0001000000	0.0100000000	100	100	0	0.999532
2476000	0.6000000000	0.0001000000	0.0100000000	100	100	0	0.999511
2477000	0.6000000000	0.0001000000	0.0100000000	100	100	0	0.999504
2478000	0.6000000000	0.0001000000	0.0100000000	100	100	0	0.999533
2479000	0.6000000000	0.0001000000	0.0100000000	100	100	0	0.999524
2480000	0.6000000000	0.0001000000	0.0100000000	100	100	0	0.999519
2481000	0.6000000000	0.0001000000	0.0100000000	100	100	0	0.999522
2482000	0.6000000000	0.0001000000	0.0100000000	100	100	0	0.999529
2483000	0.6000000000	0.0001000000	0.0100000000	100	100	0	0.999562
2484000	0.6000000000	0.0001000000	0.0100000000	100	100	0	0.999539
2485000	0.6000000000	0.0001000000	0.0100000000	100	100	0	0.999549
2486000	0.6000000000	0.0001000000	0.0100000000	100	100	0	0.999522
2487000	0.6000000000	0.0001000000	0.0100000000	100	100	0	0.999528
2488000	0.6000000000	0.0001000000	0.0100000000	100	100	0	0.999524
2489000	0.6000000000	0.0001000000	0.0100000000	100	100	0	0.999511
2490000	0.6000000000	0.0001000000	0.0100000000	100	100	0	0.999497
2491000	0.6000000000	0.0001000000	0.0100000000	100	100	0	0.999504
2492000	0.6000000000	0.0001000000	0.0100000000	100	100	0	0.999504
2493000	0.6000000000	0.0001000000	0.0100000000	100	100	0	0.999504
2494000	0.6000000000	0.0001000000	0.0100000000	100	100	0	0.999507
2495000	0.6000000000	0.0001000000	0.0100000000	100	100	0	0.999527
2496000	0.6000000000	0.0001000000	0.0100000000	100	100	0	0.999535
2497000	0.6000000000	0.0001000000	0.0100000000	100	100	0	0.999541
2498000	0.6000000000	0.0001000000	0.0100000000	100	100	0	0.999534
2499000	0.6000000000	0.0001000000	0.0100000000	100	100	0	0.999532
2500000	0.6000000000	0.0001000000	0.0100000000	100	100	0	0.999534
