time	epistasis_coef	sel_coef	mu_prob	Ne	L	k_start	mean_fitness
1500000	-0.2000000000	0.0010000000	0.1000000000	100	100	0	0.908717
1501000	-0.2000000000	0.0010000000	0.1000000000	100	100	0	0.928193
1502000	-0.2000000000	0.0010000000	0.1000000000	100	100	0	0.919696
1503000	-0.2000000000	0.0010000000	0.1000000000	100	100	0	0.911847
1504000	-0.2000000000	0.0010000000	0.1000000000	100	100	0	0.913072
1505000	-0.2000000000	0.0010000000	0.1000000000	100	100	0	0.923915
1506000	-0.2000000000	0.0010000000	0.1000000000	100	100	0	0.897440
1507000	-0.2000000000	0.0010000000	0.1000000000	100	100	0	0.911105
1508000	-0.2000000000	0.0010000000	0.1000000000	100	100	0	0.904811
1509000	-0.2000000000	0.0010000000	0.1000000000	100	100	0	0.917661
1510000	-0.2000000000	0.0010000000	0.1000000000	100	100	0	0.912996
1511000	-0.2000000000	0.0010000000	0.1000000000	100	100	0	0.917713
1512000	-0.2000000000	0.0010000000	0.1000000000	100	100	0	0.899246
1513000	-0.2000000000	0.0010000000	0.1000000000	100	100	0	0.926036
1514000	-0.2000000000	0.0010000000	0.1000000000	100	100	0	0.922721
1515000	-0.2000000000	0.0010000000	0.1000000000	100	100	0	0.922410
1516000	-0.2000000000	0.0010000000	0.1000000000	100	100	0	0.913515
1517000	-0.2000000000	0.0010000000	0.1000000000	100	100	0	0.928055
1518000	-0.2000000000	0.0010000000	0.1000000000	100	100	0	0.924407
1519000	-0.2000000000	0.0010000000	0.1000000000	100	100	0	0.914592
1520000	-0.2000000000	0.0010000000	0.1000000000	100	100	0	0.933880
1521000	-0.2000000000	0.0010000000	0.1000000000	100	100	0	0.927851
1522000	-0.2000000000	0.0010000000	0.1000000000	100	100	0	0.913307
1523000	-0.2000000000	0.0010000000	0.1000000000	100	100	0	0.914671
1524000	-0.2000000000	0.0010000000	0.1000000000	100	100	0	0.921513
1525000	-0.2000000000	0.0010000000	0.1000000000	100	100	0	0.915316
1526000	-0.2000000000	0.0010000000	0.1000000000	100	100	0	0.917522
1527000	-0.2000000000	0.0010000000	0.1000000000	100	100	0	0.931425
1528000	-0.2000000000	0.0010000000	0.1000000000	100	100	0	0.912829
1529000	-0.2000000000	0.0010000000	0.1000000000	100	100	0	0.911283
1530000	-0.2000000000	0.0010000000	0.1000000000	100	100	0	0.927981
1531000	-0.2000000000	0.0010000000	0.1000000000	100	100	0	0.912000
1532000	-0.2000000000	0.0010000000	0.1000000000	100	100	0	0.908860
1533000	-0.2000000000	0.0010000000	0.1000000000	100	100	0	0.922734
1534000	-0.2000000000	0.0010000000	0.1000000000	100	100	0	0.898350
1535000	-0.2000000000	0.0010000000	0.1000000000	100	100	0	0.916795
1536000	-0.2000000000	0.0010000000	0.1000000000	100	100	0	0.915139
1537000	-0.2000000000	0.0010000000	0.1000000000	100	100	0	0.913704
1538000	-0.2000000000	0.0010000000	0.1000000000	100	100	0	0.909119
1539000	-0.2000000000	0.0010000000	0.1000000000	100	100	0	0.920317
1540000	-0.2000000000	0.0010000000	0.1000000000	100	100	0	0.924570
1541000	-0.2000000000	0.0010000000	0.1000000000	100	100	0	0.924043
1542000	-0.2000000000	0.0010000000	0.1000000000	100	100	0	0.921099
1543000	-0.2000000000	0.0010000000	0.1000000000	100	100	0	0.924016
1544000	-0.2000000000	0.0010000000	0.1000000000	100	100	0	0.914086
1545000	-0.2000000000	0.0010000000	0.1000000000	100	100	0	0.895694
1546000	-0.2000000000	0.0010000000	0.1000000000	100	100	0	0.910183
1547000	-0.2000000000	0.0010000000	0.1000000000	100	100	0	0.910965
1548000	-0.2000000000	0.0010000000	0.1000000000	100	100	0	0.907709
1549000	-0.2000000000	0.0010000000	0.1000000000	100	100	0	0.907744
1550000	-0.2000000000	0.0010000000	0.1000000000	100	100	0	0.912311
1551000	-0.2000000000	0.0010000000	0.1000000000	100	100	0	0.923746
1552000	-0.2000000000	0.0010000000	0.1000000000	100	100	0	0.915119
1553000	-0.2000000000	0.0010000000	0.1000000000	100	100	0	0.916859
1554000	-0.2000000000	0.0010000000	0.1000000000	100	100	0	0.911209
1555000	-0.2000000000	0.0010000000	0.1000000000	100	100	0	0.914604
1556000	-0.2000000000	0.0010000000	0.1000000000	100	100	0	0.917135
1557000	-0.2000000000	0.0010000000	0.1000000000	100	100	0	0.899479
1558000	-0.2000000000	0.0010000000	0.1000000000	100	100	0	0.917643
1559000	-0.2000000000	0.0010000000	0.1000000000	100	100	0	0.906199
1560000	-0.2000000000	0.0010000000	0.1000000000	100	100	0	0.920246
1561000	-0.2000000000	0.0010000000	0.1000000000	100	100	0	0.920020
1562000	-0.2000000000	0.0010000000	0.1000000000	100	100	0	0.925631
1563000	-0.2000000000	0.0010000000	0.1000000000	100	100	0	0.914111
1564000	-0.2000000000	0.0010000000	0.1000000000	100	100	0	0.918949
1565000	-0.2000000000	0.0010000000	0.1000000000	100	100	0	0.920619
1566000	-0.2000000000	0.0010000000	0.1000000000	100	100	0	0.901263
1567000	-0.2000000000	0.0010000000	0.1000000000	100	100	0	0.913899
1568000	-0.2000000000	0.0010000000	0.1000000000	100	100	0	0.903318
1569000	-0.2000000000	0.0010000000	0.1000000000	100	100	0	0.914533
1570000	-0.2000000000	0.0010000000	0.1000000000	100	100	0	0.910422
1571000	-0.2000000000	0.0010000000	0.1000000000	100	100	0	0.916423
1572000	-0.2000000000	0.0010000000	0.1000000000	100	100	0	0.895318
1573000	-0.2000000000	0.0010000000	0.1000000000	100	100	0	0.909956
1574000	-0.2000000000	0.0010000000	0.1000000000	100	100	0	0.913877
1575000	-0.2000000000	0.0010000000	0.1000000000	100	100	0	0.908909
1576000	-0.2000000000	0.0010000000	0.1000000000	100	100	0	0.894683
1577000	-0.2000000000	0.0010000000	0.1000000000	100	100	0	0.906456
1578000	-0.2000000000	0.0010000000	0.1000000000	100	100	0	0.909712
1579000	-0.2000000000	0.0010000000	0.1000000000	100	100	0	0.912922
1580000	-0.2000000000	0.0010000000	0.1000000000	100	100	0	0.907438
1581000	-0.2000000000	0.0010000000	0.1000000000	100	100	0	0.910117
1582000	-0.2000000000	0.0010000000	0.1000000000	100	100	0	0.913303
1583000	-0.2000000000	0.0010000000	0.1000000000	100	100	0	0.929860
1584000	-0.2000000000	0.0010000000	0.1000000000	100	100	0	0.906355
1585000	-0.2000000000	0.0010000000	0.1000000000	100	100	0	0.928485
1586000	-0.2000000000	0.0010000000	0.1000000000	100	100	0	0.902213
1587000	-0.2000000000	0.0010000000	0.1000000000	100	100	0	0.910185
1588000	-0.2000000000	0.0010000000	0.1000000000	100	100	0	0.903907
1589000	-0.2000000000	0.0010000000	0.1000000000	100	100	0	0.914661
1590000	-0.2000000000	0.0010000000	0.1000000000	100	100	0	0.911606
1591000	-0.2000000000	0.0010000000	0.1000000000	100	100	0	0.909260
1592000	-0.2000000000	0.0010000000	0.1000000000	100	100	0	0.923812
1593000	-0.2000000000	0.0010000000	0.1000000000	100	100	0	0.923222
1594000	-0.2000000000	0.0010000000	0.1000000000	100	100	0	0.902176
1595000	-0.2000000000	0.0010000000	0.1000000000	100	100	0	0.925391
1596000	-0.2000000000	0.0010000000	0.1000000000	100	100	0	0.925223
1597000	-0.2000000000	0.0010000000	0.1000000000	100	100	0	0.927625
1598000	-0.2000000000	0.0010000000	0.1000000000	100	100	0	0.929087
1599000	-0.2000000000	0.0010000000	0.1000000000	100	100	0	0.921771
1600000	-0.2000000000	0.0010000000	0.1000000000	100	100	0	0.918361
1601000	-0.2000000000	0.0010000000	0.1000000000	100	100	0	0.898870
1602000	-0.2000000000	0.0010000000	0.1000000000	100	100	0	0.909621
1603000	-0.2000000000	0.0010000000	0.1000000000	100	100	0	0.905034
1604000	-0.2000000000	0.0010000000	0.1000000000	100	100	0	0.914244
1605000	-0.2000000000	0.0010000000	0.1000000000	100	100	0	0.900215
1606000	-0.2000000000	0.0010000000	0.1000000000	100	100	0	0.909121
1607000	-0.2000000000	0.0010000000	0.1000000000	100	100	0	0.897834
1608000	-0.2000000000	0.0010000000	0.1000000000	100	100	0	0.913913
1609000	-0.2000000000	0.0010000000	0.1000000000	100	100	0	0.911706
1610000	-0.2000000000	0.0010000000	0.1000000000	100	100	0	0.938059
1611000	-0.2000000000	0.0010000000	0.1000000000	100	100	0	0.927142
1612000	-0.2000000000	0.0010000000	0.1000000000	100	100	0	0.921219
1613000	-0.2000000000	0.0010000000	0.1000000000	100	100	0	0.905102
1614000	-0.2000000000	0.0010000000	0.1000000000	100	100	0	0.912844
1615000	-0.2000000000	0.0010000000	0.1000000000	100	100	0	0.908945
1616000	-0.2000000000	0.0010000000	0.1000000000	100	100	0	0.912496
1617000	-0.2000000000	0.0010000000	0.1000000000	100	100	0	0.915692
1618000	-0.2000000000	0.0010000000	0.1000000000	100	100	0	0.904372
1619000	-0.2000000000	0.0010000000	0.1000000000	100	100	0	0.914433
1620000	-0.2000000000	0.0010000000	0.1000000000	100	100	0	0.919073
1621000	-0.2000000000	0.0010000000	0.1000000000	100	100	0	0.915901
1622000	-0.2000000000	0.0010000000	0.1000000000	100	100	0	0.894920
1623000	-0.2000000000	0.0010000000	0.1000000000	100	100	0	0.917092
1624000	-0.2000000000	0.0010000000	0.1000000000	100	100	0	0.927617
1625000	-0.2000000000	0.0010000000	0.1000000000	100	100	0	0.908609
1626000	-0.2000000000	0.0010000000	0.1000000000	100	100	0	0.912561
1627000	-0.2000000000	0.0010000000	0.1000000000	100	100	0	0.915298
1628000	-0.2000000000	0.0010000000	0.1000000000	100	100	0	0.903023
1629000	-0.2000000000	0.0010000000	0.1000000000	100	100	0	0.910428
1630000	-0.2000000000	0.0010000000	0.1000000000	100	100	0	0.912631
1631000	-0.2000000000	0.0010000000	0.1000000000	100	100	0	0.922326
1632000	-0.2000000000	0.0010000000	0.1000000000	100	100	0	0.923310
1633000	-0.2000000000	0.0010000000	0.1000000000	100	100	0	0.927461
1634000	-0.2000000000	0.0010000000	0.1000000000	100	100	0	0.920954
1635000	-0.2000000000	0.0010000000	0.1000000000	100	100	0	0.925380
1636000	-0.2000000000	0.0010000000	0.1000000000	100	100	0	0.925721
1637000	-0.2000000000	0.0010000000	0.1000000000	100	100	0	0.920596
1638000	-0.2000000000	0.0010000000	0.1000000000	100	100	0	0.920960
1639000	-0.2000000000	0.0010000000	0.1000000000	100	100	0	0.926920
1640000	-0.2000000000	0.0010000000	0.1000000000	100	100	0	0.905597
1641000	-0.2000000000	0.0010000000	0.1000000000	100	100	0	0.909236
1642000	-0.2000000000	0.0010000000	0.1000000000	100	100	0	0.929316
1643000	-0.2000000000	0.0010000000	0.1000000000	100	100	0	0.900577
1644000	-0.2000000000	0.0010000000	0.1000000000	100	100	0	0.880665
1645000	-0.2000000000	0.0010000000	0.1000000000	100	100	0	0.920927
1646000	-0.2000000000	0.0010000000	0.1000000000	100	100	0	0.900528
1647000	-0.2000000000	0.0010000000	0.1000000000	100	100	0	0.920480
1648000	-0.2000000000	0.0010000000	0.1000000000	100	100	0	0.907047
1649000	-0.2000000000	0.0010000000	0.1000000000	100	100	0	0.927691
1650000	-0.2000000000	0.0010000000	0.1000000000	100	100	0	0.918960
1651000	-0.2000000000	0.0010000000	0.1000000000	100	100	0	0.921426
1652000	-0.2000000000	0.0010000000	0.1000000000	100	100	0	0.908774
1653000	-0.2000000000	0.0010000000	0.1000000000	100	100	0	0.901789
1654000	-0.2000000000	0.0010000000	0.1000000000	100	100	0	0.918722
1655000	-0.2000000000	0.0010000000	0.1000000000	100	100	0	0.918247
1656000	-0.2000000000	0.0010000000	0.1000000000	100	100	0	0.898369
1657000	-0.2000000000	0.0010000000	0.1000000000	100	100	0	0.920637
1658000	-0.2000000000	0.0010000000	0.1000000000	100	100	0	0.917215
1659000	-0.2000000000	0.0010000000	0.1000000000	100	100	0	0.902125
1660000	-0.2000000000	0.0010000000	0.1000000000	100	100	0	0.890697
1661000	-0.2000000000	0.0010000000	0.1000000000	100	100	0	0.908632
1662000	-0.2000000000	0.0010000000	0.1000000000	100	100	0	0.934243
1663000	-0.2000000000	0.0010000000	0.1000000000	100	100	0	0.914719
1664000	-0.2000000000	0.0010000000	0.1000000000	100	100	0	0.904422
1665000	-0.2000000000	0.0010000000	0.1000000000	100	100	0	0.936884
1666000	-0.2000000000	0.0010000000	0.1000000000	100	100	0	0.916433
1667000	-0.2000000000	0.0010000000	0.1000000000	100	100	0	0.902831
1668000	-0.2000000000	0.0010000000	0.1000000000	100	100	0	0.911554
1669000	-0.2000000000	0.0010000000	0.1000000000	100	100	0	0.899780
1670000	-0.2000000000	0.0010000000	0.1000000000	100	100	0	0.924075
1671000	-0.2000000000	0.0010000000	0.1000000000	100	100	0	0.908761
1672000	-0.2000000000	0.0010000000	0.1000000000	100	100	0	0.902100
1673000	-0.2000000000	0.0010000000	0.1000000000	100	100	0	0.903693
1674000	-0.2000000000	0.0010000000	0.1000000000	100	100	0	0.914578
1675000	-0.2000000000	0.0010000000	0.1000000000	100	100	0	0.903557
1676000	-0.2000000000	0.0010000000	0.1000000000	100	100	0	0.905220
1677000	-0.2000000000	0.0010000000	0.1000000000	100	100	0	0.901591
1678000	-0.2000000000	0.0010000000	0.1000000000	100	100	0	0.914988
1679000	-0.2000000000	0.0010000000	0.1000000000	100	100	0	0.920195
1680000	-0.2000000000	0.0010000000	0.1000000000	100	100	0	0.902166
1681000	-0.2000000000	0.0010000000	0.1000000000	100	100	0	0.916821
1682000	-0.2000000000	0.0010000000	0.1000000000	100	100	0	0.910295
1683000	-0.2000000000	0.0010000000	0.1000000000	100	100	0	0.905723
1684000	-0.2000000000	0.0010000000	0.1000000000	100	100	0	0.904752
1685000	-0.2000000000	0.0010000000	0.1000000000	100	100	0	0.913773
1686000	-0.2000000000	0.0010000000	0.1000000000	100	100	0	0.927324
1687000	-0.2000000000	0.0010000000	0.1000000000	100	100	0	0.915307
1688000	-0.2000000000	0.0010000000	0.1000000000	100	100	0	0.902747
1689000	-0.2000000000	0.0010000000	0.1000000000	100	100	0	0.904801
1690000	-0.2000000000	0.0010000000	0.1000000000	100	100	0	0.910374
1691000	-0.2000000000	0.0010000000	0.1000000000	100	100	0	0.903043
1692000	-0.2000000000	0.0010000000	0.1000000000	100	100	0	0.912453
1693000	-0.2000000000	0.0010000000	0.1000000000	100	100	0	0.931973
1694000	-0.2000000000	0.0010000000	0.1000000000	100	100	0	0.923933
1695000	-0.2000000000	0.0010000000	0.1000000000	100	100	0	0.913619
1696000	-0.2000000000	0.0010000000	0.1000000000	100	100	0	0.925734
1697000	-0.2000000000	0.0010000000	0.1000000000	100	100	0	0.925271
1698000	-0.2000000000	0.0010000000	0.1000000000	100	100	0	0.915655
1699000	-0.2000000000	0.0010000000	0.1000000000	100	100	0	0.929193
1700000	-0.2000000000	0.0010000000	0.1000000000	100	100	0	0.926040
1701000	-0.2000000000	0.0010000000	0.1000000000	100	100	0	0.913010
1702000	-0.2000000000	0.0010000000	0.1000000000	100	100	0	0.915881
1703000	-0.2000000000	0.0010000000	0.1000000000	100	100	0	0.918103
1704000	-0.2000000000	0.0010000000	0.1000000000	100	100	0	0.922946
1705000	-0.2000000000	0.0010000000	0.1000000000	100	100	0	0.913164
1706000	-0.2000000000	0.0010000000	0.1000000000	100	100	0	0.915210
1707000	-0.2000000000	0.0010000000	0.1000000000	100	100	0	0.907079
1708000	-0.2000000000	0.0010000000	0.1000000000	100	100	0	0.910913
1709000	-0.2000000000	0.0010000000	0.1000000000	100	100	0	0.922208
1710000	-0.2000000000	0.0010000000	0.1000000000	100	100	0	0.911210
1711000	-0.2000000000	0.0010000000	0.1000000000	100	100	0	0.911352
1712000	-0.2000000000	0.0010000000	0.1000000000	100	100	0	0.915185
1713000	-0.2000000000	0.0010000000	0.1000000000	100	100	0	0.911705
1714000	-0.2000000000	0.0010000000	0.1000000000	100	100	0	0.922214
1715000	-0.2000000000	0.0010000000	0.1000000000	100	100	0	0.925855
1716000	-0.2000000000	0.0010000000	0.1000000000	100	100	0	0.917797
1717000	-0.2000000000	0.0010000000	0.1000000000	100	100	0	0.920274
1718000	-0.2000000000	0.0010000000	0.1000000000	100	100	0	0.927282
1719000	-0.2000000000	0.0010000000	0.1000000000	100	100	0	0.920394
1720000	-0.2000000000	0.0010000000	0.1000000000	100	100	0	0.908716
1721000	-0.2000000000	0.0010000000	0.1000000000	100	100	0	0.911934
1722000	-0.2000000000	0.0010000000	0.1000000000	100	100	0	0.916619
1723000	-0.2000000000	0.0010000000	0.1000000000	100	100	0	0.930589
1724000	-0.2000000000	0.0010000000	0.1000000000	100	100	0	0.899733
1725000	-0.2000000000	0.0010000000	0.1000000000	100	100	0	0.918618
1726000	-0.2000000000	0.0010000000	0.1000000000	100	100	0	0.898982
1727000	-0.2000000000	0.0010000000	0.1000000000	100	100	0	0.909618
1728000	-0.2000000000	0.0010000000	0.1000000000	100	100	0	0.910929
1729000	-0.2000000000	0.0010000000	0.1000000000	100	100	0	0.914646
1730000	-0.2000000000	0.0010000000	0.1000000000	100	100	0	0.911746
1731000	-0.2000000000	0.0010000000	0.1000000000	100	100	0	0.918891
1732000	-0.2000000000	0.0010000000	0.1000000000	100	100	0	0.921655
1733000	-0.2000000000	0.0010000000	0.1000000000	100	100	0	0.921378
1734000	-0.2000000000	0.0010000000	0.1000000000	100	100	0	0.926544
1735000	-0.2000000000	0.0010000000	0.1000000000	100	100	0	0.914940
1736000	-0.2000000000	0.0010000000	0.1000000000	100	100	0	0.910167
1737000	-0.2000000000	0.0010000000	0.1000000000	100	100	0	0.927634
1738000	-0.2000000000	0.0010000000	0.1000000000	100	100	0	0.909670
1739000	-0.2000000000	0.0010000000	0.1000000000	100	100	0	0.924949
1740000	-0.2000000000	0.0010000000	0.1000000000	100	100	0	0.909615
1741000	-0.2000000000	0.0010000000	0.1000000000	100	100	0	0.914843
1742000	-0.2000000000	0.0010000000	0.1000000000	100	100	0	0.919380
1743000	-0.2000000000	0.0010000000	0.1000000000	100	100	0	0.926681
1744000	-0.2000000000	0.0010000000	0.1000000000	100	100	0	0.902239
1745000	-0.2000000000	0.0010000000	0.1000000000	100	100	0	0.915424
1746000	-0.2000000000	0.0010000000	0.1000000000	100	100	0	0.916723
1747000	-0.2000000000	0.0010000000	0.1000000000	100	100	0	0.938502
1748000	-0.2000000000	0.0010000000	0.1000000000	100	100	0	0.906318
1749000	-0.2000000000	0.0010000000	0.1000000000	100	100	0	0.909419
1750000	-0.2000000000	0.0010000000	0.1000000000	100	100	0	0.926518
1751000	-0.2000000000	0.0010000000	0.1000000000	100	100	0	0.920155
1752000	-0.2000000000	0.0010000000	0.1000000000	100	100	0	0.924556
1753000	-0.2000000000	0.0010000000	0.1000000000	100	100	0	0.922248
1754000	-0.2000000000	0.0010000000	0.1000000000	100	100	0	0.906740
1755000	-0.2000000000	0.0010000000	0.1000000000	100	100	0	0.907703
1756000	-0.2000000000	0.0010000000	0.1000000000	100	100	0	0.897639
1757000	-0.2000000000	0.0010000000	0.1000000000	100	100	0	0.897575
1758000	-0.2000000000	0.0010000000	0.1000000000	100	100	0	0.920180
1759000	-0.2000000000	0.0010000000	0.1000000000	100	100	0	0.916687
1760000	-0.2000000000	0.0010000000	0.1000000000	100	100	0	0.931464
1761000	-0.2000000000	0.0010000000	0.1000000000	100	100	0	0.911308
1762000	-0.2000000000	0.0010000000	0.1000000000	100	100	0	0.928826
1763000	-0.2000000000	0.0010000000	0.1000000000	100	100	0	0.909950
1764000	-0.2000000000	0.0010000000	0.1000000000	100	100	0	0.934059
1765000	-0.2000000000	0.0010000000	0.1000000000	100	100	0	0.932432
1766000	-0.2000000000	0.0010000000	0.1000000000	100	100	0	0.924761
1767000	-0.2000000000	0.0010000000	0.1000000000	100	100	0	0.915933
1768000	-0.2000000000	0.0010000000	0.1000000000	100	100	0	0.896909
1769000	-0.2000000000	0.0010000000	0.1000000000	100	100	0	0.912011
1770000	-0.2000000000	0.0010000000	0.1000000000	100	100	0	0.909639
1771000	-0.2000000000	0.0010000000	0.1000000000	100	100	0	0.928919
1772000	-0.2000000000	0.0010000000	0.1000000000	100	100	0	0.918359
1773000	-0.2000000000	0.0010000000	0.1000000000	100	100	0	0.932500
1774000	-0.2000000000	0.0010000000	0.1000000000	100	100	0	0.906635
1775000	-0.2000000000	0.0010000000	0.1000000000	100	100	0	0.924853
1776000	-0.2000000000	0.0010000000	0.1000000000	100	100	0	0.907645
1777000	-0.2000000000	0.0010000000	0.1000000000	100	100	0	0.929469
1778000	-0.2000000000	0.0010000000	0.1000000000	100	100	0	0.925781
1779000	-0.2000000000	0.0010000000	0.1000000000	100	100	0	0.913882
1780000	-0.2000000000	0.0010000000	0.1000000000	100	100	0	0.912673
1781000	-0.2000000000	0.0010000000	0.1000000000	100	100	0	0.904680
1782000	-0.2000000000	0.0010000000	0.1000000000	100	100	0	0.919883
1783000	-0.2000000000	0.0010000000	0.1000000000	100	100	0	0.915807
1784000	-0.2000000000	0.0010000000	0.1000000000	100	100	0	0.924235
1785000	-0.2000000000	0.0010000000	0.1000000000	100	100	0	0.903885
1786000	-0.2000000000	0.0010000000	0.1000000000	100	100	0	0.913560
1787000	-0.2000000000	0.0010000000	0.1000000000	100	100	0	0.908966
1788000	-0.2000000000	0.0010000000	0.1000000000	100	100	0	0.903161
1789000	-0.2000000000	0.0010000000	0.1000000000	100	100	0	0.927226
1790000	-0.2000000000	0.0010000000	0.1000000000	100	100	0	0.914648
1791000	-0.2000000000	0.0010000000	0.1000000000	100	100	0	0.912948
1792000	-0.2000000000	0.0010000000	0.1000000000	100	100	0	0.931799
1793000	-0.2000000000	0.0010000000	0.1000000000	100	100	0	0.926389
1794000	-0.2000000000	0.0010000000	0.1000000000	100	100	0	0.907949
1795000	-0.2000000000	0.0010000000	0.1000000000	100	100	0	0.906927
1796000	-0.2000000000	0.0010000000	0.1000000000	100	100	0	0.911907
1797000	-0.2000000000	0.0010000000	0.1000000000	100	100	0	0.910753
1798000	-0.2000000000	0.0010000000	0.1000000000	100	100	0	0.919455
1799000	-0.2000000000	0.0010000000	0.1000000000	100	100	0	0.916758
1800000	-0.2000000000	0.0010000000	0.1000000000	100	100	0	0.906498
1801000	-0.2000000000	0.0010000000	0.1000000000	100	100	0	0.913886
1802000	-0.2000000000	0.0010000000	0.1000000000	100	100	0	0.918187
1803000	-0.2000000000	0.0010000000	0.1000000000	100	100	0	0.912260
1804000	-0.2000000000	0.0010000000	0.1000000000	100	100	0	0.901200
1805000	-0.2000000000	0.0010000000	0.1000000000	100	100	0	0.905105
1806000	-0.2000000000	0.0010000000	0.1000000000	100	100	0	0.903737
1807000	-0.2000000000	0.0010000000	0.1000000000	100	100	0	0.898111
1808000	-0.2000000000	0.0010000000	0.1000000000	100	100	0	0.916291
1809000	-0.2000000000	0.0010000000	0.1000000000	100	100	0	0.905040
1810000	-0.2000000000	0.0010000000	0.1000000000	100	100	0	0.916431
1811000	-0.2000000000	0.0010000000	0.1000000000	100	100	0	0.912470
1812000	-0.2000000000	0.0010000000	0.1000000000	100	100	0	0.913605
1813000	-0.2000000000	0.0010000000	0.1000000000	100	100	0	0.902551
1814000	-0.2000000000	0.0010000000	0.1000000000	100	100	0	0.912441
1815000	-0.2000000000	0.0010000000	0.1000000000	100	100	0	0.922187
1816000	-0.2000000000	0.0010000000	0.1000000000	100	100	0	0.897448
1817000	-0.2000000000	0.0010000000	0.1000000000	100	100	0	0.920351
1818000	-0.2000000000	0.0010000000	0.1000000000	100	100	0	0.912319
1819000	-0.2000000000	0.0010000000	0.1000000000	100	100	0	0.910365
1820000	-0.2000000000	0.0010000000	0.1000000000	100	100	0	0.917629
1821000	-0.2000000000	0.0010000000	0.1000000000	100	100	0	0.927530
1822000	-0.2000000000	0.0010000000	0.1000000000	100	100	0	0.913402
1823000	-0.2000000000	0.0010000000	0.1000000000	100	100	0	0.924211
1824000	-0.2000000000	0.0010000000	0.1000000000	100	100	0	0.928924
1825000	-0.2000000000	0.0010000000	0.1000000000	100	100	0	0.899783
1826000	-0.2000000000	0.0010000000	0.1000000000	100	100	0	0.906866
1827000	-0.2000000000	0.0010000000	0.1000000000	100	100	0	0.910467
1828000	-0.2000000000	0.0010000000	0.1000000000	100	100	0	0.910956
1829000	-0.2000000000	0.0010000000	0.1000000000	100	100	0	0.915137
1830000	-0.2000000000	0.0010000000	0.1000000000	100	100	0	0.898359
1831000	-0.2000000000	0.0010000000	0.1000000000	100	100	0	0.931357
1832000	-0.2000000000	0.0010000000	0.1000000000	100	100	0	0.913994
1833000	-0.2000000000	0.0010000000	0.1000000000	100	100	0	0.917399
1834000	-0.2000000000	0.0010000000	0.1000000000	100	100	0	0.924613
1835000	-0.2000000000	0.0010000000	0.1000000000	100	100	0	0.915082
1836000	-0.2000000000	0.0010000000	0.1000000000	100	100	0	0.923263
1837000	-0.2000000000	0.0010000000	0.1000000000	100	100	0	0.906340
1838000	-0.2000000000	0.0010000000	0.1000000000	100	100	0	0.922647
1839000	-0.2000000000	0.0010000000	0.1000000000	100	100	0	0.921261
1840000	-0.2000000000	0.0010000000	0.1000000000	100	100	0	0.919025
1841000	-0.2000000000	0.0010000000	0.1000000000	100	100	0	0.925302
1842000	-0.2000000000	0.0010000000	0.1000000000	100	100	0	0.882758
1843000	-0.2000000000	0.0010000000	0.1000000000	100	100	0	0.910649
1844000	-0.2000000000	0.0010000000	0.1000000000	100	100	0	0.910300
1845000	-0.2000000000	0.0010000000	0.1000000000	100	100	0	0.912446
1846000	-0.2000000000	0.0010000000	0.1000000000	100	100	0	0.912973
1847000	-0.2000000000	0.0010000000	0.1000000000	100	100	0	0.915597
1848000	-0.2000000000	0.0010000000	0.1000000000	100	100	0	0.926709
1849000	-0.2000000000	0.0010000000	0.1000000000	100	100	0	0.923258
1850000	-0.2000000000	0.0010000000	0.1000000000	100	100	0	0.933790
1851000	-0.2000000000	0.0010000000	0.1000000000	100	100	0	0.921768
1852000	-0.2000000000	0.0010000000	0.1000000000	100	100	0	0.924798
1853000	-0.2000000000	0.0010000000	0.1000000000	100	100	0	0.928144
1854000	-0.2000000000	0.0010000000	0.1000000000	100	100	0	0.890277
1855000	-0.2000000000	0.0010000000	0.1000000000	100	100	0	0.901022
1856000	-0.2000000000	0.0010000000	0.1000000000	100	100	0	0.900508
1857000	-0.2000000000	0.0010000000	0.1000000000	100	100	0	0.907482
1858000	-0.2000000000	0.0010000000	0.1000000000	100	100	0	0.910369
1859000	-0.2000000000	0.0010000000	0.1000000000	100	100	0	0.910703
1860000	-0.2000000000	0.0010000000	0.1000000000	100	100	0	0.931631
1861000	-0.2000000000	0.0010000000	0.1000000000	100	100	0	0.906222
1862000	-0.2000000000	0.0010000000	0.1000000000	100	100	0	0.930351
1863000	-0.2000000000	0.0010000000	0.1000000000	100	100	0	0.908211
1864000	-0.2000000000	0.0010000000	0.1000000000	100	100	0	0.906482
1865000	-0.2000000000	0.0010000000	0.1000000000	100	100	0	0.900434
1866000	-0.2000000000	0.0010000000	0.1000000000	100	100	0	0.912790
1867000	-0.2000000000	0.0010000000	0.1000000000	100	100	0	0.912214
1868000	-0.2000000000	0.0010000000	0.1000000000	100	100	0	0.910677
1869000	-0.2000000000	0.0010000000	0.1000000000	100	100	0	0.914062
1870000	-0.2000000000	0.0010000000	0.1000000000	100	100	0	0.901765
1871000	-0.2000000000	0.0010000000	0.1000000000	100	100	0	0.917563
1872000	-0.2000000000	0.0010000000	0.1000000000	100	100	0	0.907273
1873000	-0.2000000000	0.0010000000	0.1000000000	100	100	0	0.905207
1874000	-0.2000000000	0.0010000000	0.1000000000	100	100	0	0.909822
1875000	-0.2000000000	0.0010000000	0.1000000000	100	100	0	0.914297
1876000	-0.2000000000	0.0010000000	0.1000000000	100	100	0	0.917562
1877000	-0.2000000000	0.0010000000	0.1000000000	100	100	0	0.913357
1878000	-0.2000000000	0.0010000000	0.1000000000	100	100	0	0.909397
1879000	-0.2000000000	0.0010000000	0.1000000000	100	100	0	0.917634
1880000	-0.2000000000	0.0010000000	0.1000000000	100	100	0	0.913327
1881000	-0.2000000000	0.0010000000	0.1000000000	100	100	0	0.905959
1882000	-0.2000000000	0.0010000000	0.1000000000	100	100	0	0.926568
1883000	-0.2000000000	0.0010000000	0.1000000000	100	100	0	0.923287
1884000	-0.2000000000	0.0010000000	0.1000000000	100	100	0	0.921287
1885000	-0.2000000000	0.0010000000	0.1000000000	100	100	0	0.925806
1886000	-0.2000000000	0.0010000000	0.1000000000	100	100	0	0.935350
1887000	-0.2000000000	0.0010000000	0.1000000000	100	100	0	0.927428
1888000	-0.2000000000	0.0010000000	0.1000000000	100	100	0	0.912733
1889000	-0.2000000000	0.0010000000	0.1000000000	100	100	0	0.913260
1890000	-0.2000000000	0.0010000000	0.1000000000	100	100	0	0.912062
1891000	-0.2000000000	0.0010000000	0.1000000000	100	100	0	0.917412
1892000	-0.2000000000	0.0010000000	0.1000000000	100	100	0	0.911284
1893000	-0.2000000000	0.0010000000	0.1000000000	100	100	0	0.904011
1894000	-0.2000000000	0.0010000000	0.1000000000	100	100	0	0.905640
1895000	-0.2000000000	0.0010000000	0.1000000000	100	100	0	0.907928
1896000	-0.2000000000	0.0010000000	0.1000000000	100	100	0	0.905313
1897000	-0.2000000000	0.0010000000	0.1000000000	100	100	0	0.892139
1898000	-0.2000000000	0.0010000000	0.1000000000	100	100	0	0.907736
1899000	-0.2000000000	0.0010000000	0.1000000000	100	100	0	0.915729
1900000	-0.2000000000	0.0010000000	0.1000000000	100	100	0	0.907321
1901000	-0.2000000000	0.0010000000	0.1000000000	100	100	0	0.924256
1902000	-0.2000000000	0.0010000000	0.1000000000	100	100	0	0.898556
1903000	-0.2000000000	0.0010000000	0.1000000000	100	100	0	0.915308
1904000	-0.2000000000	0.0010000000	0.1000000000	100	100	0	0.923470
1905000	-0.2000000000	0.0010000000	0.1000000000	100	100	0	0.920798
1906000	-0.2000000000	0.0010000000	0.1000000000	100	100	0	0.927326
1907000	-0.2000000000	0.0010000000	0.1000000000	100	100	0	0.901918
1908000	-0.2000000000	0.0010000000	0.1000000000	100	100	0	0.906166
1909000	-0.2000000000	0.0010000000	0.1000000000	100	100	0	0.907346
1910000	-0.2000000000	0.0010000000	0.1000000000	100	100	0	0.931268
1911000	-0.2000000000	0.0010000000	0.1000000000	100	100	0	0.926115
1912000	-0.2000000000	0.0010000000	0.1000000000	100	100	0	0.907713
1913000	-0.2000000000	0.0010000000	0.1000000000	100	100	0	0.903981
1914000	-0.2000000000	0.0010000000	0.1000000000	100	100	0	0.896537
1915000	-0.2000000000	0.0010000000	0.1000000000	100	100	0	0.922001
1916000	-0.2000000000	0.0010000000	0.1000000000	100	100	0	0.925684
1917000	-0.2000000000	0.0010000000	0.1000000000	100	100	0	0.914651
1918000	-0.2000000000	0.0010000000	0.1000000000	100	100	0	0.916072
1919000	-0.2000000000	0.0010000000	0.1000000000	100	100	0	0.911571
1920000	-0.2000000000	0.0010000000	0.1000000000	100	100	0	0.922578
1921000	-0.2000000000	0.0010000000	0.1000000000	100	100	0	0.917850
1922000	-0.2000000000	0.0010000000	0.1000000000	100	100	0	0.916645
1923000	-0.2000000000	0.0010000000	0.1000000000	100	100	0	0.908603
1924000	-0.2000000000	0.0010000000	0.1000000000	100	100	0	0.930881
1925000	-0.2000000000	0.0010000000	0.1000000000	100	100	0	0.916968
1926000	-0.2000000000	0.0010000000	0.1000000000	100	100	0	0.910121
1927000	-0.2000000000	0.0010000000	0.1000000000	100	100	0	0.917736
1928000	-0.2000000000	0.0010000000	0.1000000000	100	100	0	0.918205
1929000	-0.2000000000	0.0010000000	0.1000000000	100	100	0	0.921112
1930000	-0.2000000000	0.0010000000	0.1000000000	100	100	0	0.925997
1931000	-0.2000000000	0.0010000000	0.1000000000	100	100	0	0.919998
1932000	-0.2000000000	0.0010000000	0.1000000000	100	100	0	0.915539
1933000	-0.2000000000	0.0010000000	0.1000000000	100	100	0	0.922615
1934000	-0.2000000000	0.0010000000	0.1000000000	100	100	0	0.919606
1935000	-0.2000000000	0.0010000000	0.1000000000	100	100	0	0.918543
1936000	-0.2000000000	0.0010000000	0.1000000000	100	100	0	0.924214
1937000	-0.2000000000	0.0010000000	0.1000000000	100	100	0	0.923487
1938000	-0.2000000000	0.0010000000	0.1000000000	100	100	0	0.916034
1939000	-0.2000000000	0.0010000000	0.1000000000	100	100	0	0.912479
1940000	-0.2000000000	0.0010000000	0.1000000000	100	100	0	0.917738
1941000	-0.2000000000	0.0010000000	0.1000000000	100	100	0	0.914692
1942000	-0.2000000000	0.0010000000	0.1000000000	100	100	0	0.918753
1943000	-0.2000000000	0.0010000000	0.1000000000	100	100	0	0.909210
1944000	-0.2000000000	0.0010000000	0.1000000000	100	100	0	0.907696
1945000	-0.2000000000	0.0010000000	0.1000000000	100	100	0	0.903185
1946000	-0.2000000000	0.0010000000	0.1000000000	100	100	0	0.924654
1947000	-0.2000000000	0.0010000000	0.1000000000	100	100	0	0.913290
1948000	-0.2000000000	0.0010000000	0.1000000000	100	100	0	0.921293
1949000	-0.2000000000	0.0010000000	0.1000000000	100	100	0	0.928048
1950000	-0.2000000000	0.0010000000	0.1000000000	100	100	0	0.923169
1951000	-0.2000000000	0.0010000000	0.1000000000	100	100	0	0.930205
1952000	-0.2000000000	0.0010000000	0.1000000000	100	100	0	0.918045
1953000	-0.2000000000	0.0010000000	0.1000000000	100	100	0	0.902974
1954000	-0.2000000000	0.0010000000	0.1000000000	100	100	0	0.925929
1955000	-0.2000000000	0.0010000000	0.1000000000	100	100	0	0.914085
1956000	-0.2000000000	0.0010000000	0.1000000000	100	100	0	0.901567
1957000	-0.2000000000	0.0010000000	0.1000000000	100	100	0	0.927760
1958000	-0.2000000000	0.0010000000	0.1000000000	100	100	0	0.911979
1959000	-0.2000000000	0.0010000000	0.1000000000	100	100	0	0.920618
1960000	-0.2000000000	0.0010000000	0.1000000000	100	100	0	0.928488
1961000	-0.2000000000	0.0010000000	0.1000000000	100	100	0	0.923594
1962000	-0.2000000000	0.0010000000	0.1000000000	100	100	0	0.926234
1963000	-0.2000000000	0.0010000000	0.1000000000	100	100	0	0.918144
1964000	-0.2000000000	0.0010000000	0.1000000000	100	100	0	0.917851
1965000	-0.2000000000	0.0010000000	0.1000000000	100	100	0	0.906890
1966000	-0.2000000000	0.0010000000	0.1000000000	100	100	0	0.905172
1967000	-0.2000000000	0.0010000000	0.1000000000	100	100	0	0.915047
1968000	-0.2000000000	0.0010000000	0.1000000000	100	100	0	0.924329
1969000	-0.2000000000	0.0010000000	0.1000000000	100	100	0	0.932803
1970000	-0.2000000000	0.0010000000	0.1000000000	100	100	0	0.911538
1971000	-0.2000000000	0.0010000000	0.1000000000	100	100	0	0.916957
1972000	-0.2000000000	0.0010000000	0.1000000000	100	100	0	0.918044
1973000	-0.2000000000	0.0010000000	0.1000000000	100	100	0	0.925300
1974000	-0.2000000000	0.0010000000	0.1000000000	100	100	0	0.899079
1975000	-0.2000000000	0.0010000000	0.1000000000	100	100	0	0.915427
1976000	-0.2000000000	0.0010000000	0.1000000000	100	100	0	0.918774
1977000	-0.2000000000	0.0010000000	0.1000000000	100	100	0	0.911234
1978000	-0.2000000000	0.0010000000	0.1000000000	100	100	0	0.932668
1979000	-0.2000000000	0.0010000000	0.1000000000	100	100	0	0.905731
1980000	-0.2000000000	0.0010000000	0.1000000000	100	100	0	0.919927
1981000	-0.2000000000	0.0010000000	0.1000000000	100	100	0	0.885643
1982000	-0.2000000000	0.0010000000	0.1000000000	100	100	0	0.915886
1983000	-0.2000000000	0.0010000000	0.1000000000	100	100	0	0.912956
1984000	-0.2000000000	0.0010000000	0.1000000000	100	100	0	0.920986
1985000	-0.2000000000	0.0010000000	0.1000000000	100	100	0	0.918217
1986000	-0.2000000000	0.0010000000	0.1000000000	100	100	0	0.914859
1987000	-0.2000000000	0.0010000000	0.1000000000	100	100	0	0.911738
1988000	-0.2000000000	0.0010000000	0.1000000000	100	100	0	0.897503
1989000	-0.2000000000	0.0010000000	0.1000000000	100	100	0	0.916441
1990000	-0.2000000000	0.0010000000	0.1000000000	100	100	0	0.910943
1991000	-0.2000000000	0.0010000000	0.1000000000	100	100	0	0.911507
1992000	-0.2000000000	0.0010000000	0.1000000000	100	100	0	0.909076
1993000	-0.2000000000	0.0010000000	0.1000000000	100	100	0	0.909050
1994000	-0.2000000000	0.0010000000	0.1000000000	100	100	0	0.913830
1995000	-0.2000000000	0.0010000000	0.1000000000	100	100	0	0.919176
1996000	-0.2000000000	0.0010000000	0.1000000000	100	100	0	0.919921
1997000	-0.2000000000	0.0010000000	0.1000000000	100	100	0	0.918548
1998000	-0.2000000000	0.0010000000	0.1000000000	100	100	0	0.911444
1999000	-0.2000000000	0.0010000000	0.1000000000	100	100	0	0.917930
2000000	-0.2000000000	0.0010000000	0.1000000000	100	100	0	0.910983
2001000	-0.2000000000	0.0010000000	0.1000000000	100	100	0	0.925059
2002000	-0.2000000000	0.0010000000	0.1000000000	100	100	0	0.909269
2003000	-0.2000000000	0.0010000000	0.1000000000	100	100	0	0.917361
2004000	-0.2000000000	0.0010000000	0.1000000000	100	100	0	0.925170
2005000	-0.2000000000	0.0010000000	0.1000000000	100	100	0	0.912843
2006000	-0.2000000000	0.0010000000	0.1000000000	100	100	0	0.913721
2007000	-0.2000000000	0.0010000000	0.1000000000	100	100	0	0.919441
2008000	-0.2000000000	0.0010000000	0.1000000000	100	100	0	0.917386
2009000	-0.2000000000	0.0010000000	0.1000000000	100	100	0	0.911629
2010000	-0.2000000000	0.0010000000	0.1000000000	100	100	0	0.906171
2011000	-0.2000000000	0.0010000000	0.1000000000	100	100	0	0.915090
2012000	-0.2000000000	0.0010000000	0.1000000000	100	100	0	0.925862
2013000	-0.2000000000	0.0010000000	0.1000000000	100	100	0	0.914861
2014000	-0.2000000000	0.0010000000	0.1000000000	100	100	0	0.932989
2015000	-0.2000000000	0.0010000000	0.1000000000	100	100	0	0.908322
2016000	-0.2000000000	0.0010000000	0.1000000000	100	100	0	0.911484
2017000	-0.2000000000	0.0010000000	0.1000000000	100	100	0	0.913134
2018000	-0.2000000000	0.0010000000	0.1000000000	100	100	0	0.915153
2019000	-0.2000000000	0.0010000000	0.1000000000	100	100	0	0.912011
2020000	-0.2000000000	0.0010000000	0.1000000000	100	100	0	0.901215
2021000	-0.2000000000	0.0010000000	0.1000000000	100	100	0	0.912062
2022000	-0.2000000000	0.0010000000	0.1000000000	100	100	0	0.921238
2023000	-0.2000000000	0.0010000000	0.1000000000	100	100	0	0.912281
2024000	-0.2000000000	0.0010000000	0.1000000000	100	100	0	0.918905
2025000	-0.2000000000	0.0010000000	0.1000000000	100	100	0	0.915676
2026000	-0.2000000000	0.0010000000	0.1000000000	100	100	0	0.921980
2027000	-0.2000000000	0.0010000000	0.1000000000	100	100	0	0.930265
2028000	-0.2000000000	0.0010000000	0.1000000000	100	100	0	0.931016
2029000	-0.2000000000	0.0010000000	0.1000000000	100	100	0	0.920688
2030000	-0.2000000000	0.0010000000	0.1000000000	100	100	0	0.932084
2031000	-0.2000000000	0.0010000000	0.1000000000	100	100	0	0.923707
2032000	-0.2000000000	0.0010000000	0.1000000000	100	100	0	0.922487
2033000	-0.2000000000	0.0010000000	0.1000000000	100	100	0	0.911272
2034000	-0.2000000000	0.0010000000	0.1000000000	100	100	0	0.928227
2035000	-0.2000000000	0.0010000000	0.1000000000	100	100	0	0.916614
2036000	-0.2000000000	0.0010000000	0.1000000000	100	100	0	0.919400
2037000	-0.2000000000	0.0010000000	0.1000000000	100	100	0	0.910069
2038000	-0.2000000000	0.0010000000	0.1000000000	100	100	0	0.910695
2039000	-0.2000000000	0.0010000000	0.1000000000	100	100	0	0.916192
2040000	-0.2000000000	0.0010000000	0.1000000000	100	100	0	0.915578
2041000	-0.2000000000	0.0010000000	0.1000000000	100	100	0	0.904402
2042000	-0.2000000000	0.0010000000	0.1000000000	100	100	0	0.935290
2043000	-0.2000000000	0.0010000000	0.1000000000	100	100	0	0.917033
2044000	-0.2000000000	0.0010000000	0.1000000000	100	100	0	0.915533
2045000	-0.2000000000	0.0010000000	0.1000000000	100	100	0	0.909609
2046000	-0.2000000000	0.0010000000	0.1000000000	100	100	0	0.929342
2047000	-0.2000000000	0.0010000000	0.1000000000	100	100	0	0.922486
2048000	-0.2000000000	0.0010000000	0.1000000000	100	100	0	0.914261
2049000	-0.2000000000	0.0010000000	0.1000000000	100	100	0	0.912372
2050000	-0.2000000000	0.0010000000	0.1000000000	100	100	0	0.909783
2051000	-0.2000000000	0.0010000000	0.1000000000	100	100	0	0.917292
2052000	-0.2000000000	0.0010000000	0.1000000000	100	100	0	0.924912
2053000	-0.2000000000	0.0010000000	0.1000000000	100	100	0	0.923257
2054000	-0.2000000000	0.0010000000	0.1000000000	100	100	0	0.913258
2055000	-0.2000000000	0.0010000000	0.1000000000	100	100	0	0.919699
2056000	-0.2000000000	0.0010000000	0.1000000000	100	100	0	0.919898
2057000	-0.2000000000	0.0010000000	0.1000000000	100	100	0	0.895877
2058000	-0.2000000000	0.0010000000	0.1000000000	100	100	0	0.914522
2059000	-0.2000000000	0.0010000000	0.1000000000	100	100	0	0.909196
2060000	-0.2000000000	0.0010000000	0.1000000000	100	100	0	0.930782
2061000	-0.2000000000	0.0010000000	0.1000000000	100	100	0	0.913752
2062000	-0.2000000000	0.0010000000	0.1000000000	100	100	0	0.910993
2063000	-0.2000000000	0.0010000000	0.1000000000	100	100	0	0.924856
2064000	-0.2000000000	0.0010000000	0.1000000000	100	100	0	0.923178
2065000	-0.2000000000	0.0010000000	0.1000000000	100	100	0	0.926062
2066000	-0.2000000000	0.0010000000	0.1000000000	100	100	0	0.918533
2067000	-0.2000000000	0.0010000000	0.1000000000	100	100	0	0.913441
2068000	-0.2000000000	0.0010000000	0.1000000000	100	100	0	0.906081
2069000	-0.2000000000	0.0010000000	0.1000000000	100	100	0	0.918303
2070000	-0.2000000000	0.0010000000	0.1000000000	100	100	0	0.910445
2071000	-0.2000000000	0.0010000000	0.1000000000	100	100	0	0.918374
2072000	-0.2000000000	0.0010000000	0.1000000000	100	100	0	0.921354
2073000	-0.2000000000	0.0010000000	0.1000000000	100	100	0	0.914936
2074000	-0.2000000000	0.0010000000	0.1000000000	100	100	0	0.914584
2075000	-0.2000000000	0.0010000000	0.1000000000	100	100	0	0.903087
2076000	-0.2000000000	0.0010000000	0.1000000000	100	100	0	0.917154
2077000	-0.2000000000	0.0010000000	0.1000000000	100	100	0	0.905512
2078000	-0.2000000000	0.0010000000	0.1000000000	100	100	0	0.919354
2079000	-0.2000000000	0.0010000000	0.1000000000	100	100	0	0.906833
2080000	-0.2000000000	0.0010000000	0.1000000000	100	100	0	0.894582
2081000	-0.2000000000	0.0010000000	0.1000000000	100	100	0	0.908977
2082000	-0.2000000000	0.0010000000	0.1000000000	100	100	0	0.909282
2083000	-0.2000000000	0.0010000000	0.1000000000	100	100	0	0.904366
2084000	-0.2000000000	0.0010000000	0.1000000000	100	100	0	0.907105
2085000	-0.2000000000	0.0010000000	0.1000000000	100	100	0	0.902953
2086000	-0.2000000000	0.0010000000	0.1000000000	100	100	0	0.909044
2087000	-0.2000000000	0.0010000000	0.1000000000	100	100	0	0.921498
2088000	-0.2000000000	0.0010000000	0.1000000000	100	100	0	0.918199
2089000	-0.2000000000	0.0010000000	0.1000000000	100	100	0	0.918369
2090000	-0.2000000000	0.0010000000	0.1000000000	100	100	0	0.927904
2091000	-0.2000000000	0.0010000000	0.1000000000	100	100	0	0.917756
2092000	-0.2000000000	0.0010000000	0.1000000000	100	100	0	0.910994
2093000	-0.2000000000	0.0010000000	0.1000000000	100	100	0	0.920080
2094000	-0.2000000000	0.0010000000	0.1000000000	100	100	0	0.914566
2095000	-0.2000000000	0.0010000000	0.1000000000	100	100	0	0.904310
2096000	-0.2000000000	0.0010000000	0.1000000000	100	100	0	0.914358
2097000	-0.2000000000	0.0010000000	0.1000000000	100	100	0	0.925853
2098000	-0.2000000000	0.0010000000	0.1000000000	100	100	0	0.919112
2099000	-0.2000000000	0.0010000000	0.1000000000	100	100	0	0.922230
2100000	-0.2000000000	0.0010000000	0.1000000000	100	100	0	0.901419
2101000	-0.2000000000	0.0010000000	0.1000000000	100	100	0	0.913033
2102000	-0.2000000000	0.0010000000	0.1000000000	100	100	0	0.904935
2103000	-0.2000000000	0.0010000000	0.1000000000	100	100	0	0.916847
2104000	-0.2000000000	0.0010000000	0.1000000000	100	100	0	0.916039
2105000	-0.2000000000	0.0010000000	0.1000000000	100	100	0	0.922368
2106000	-0.2000000000	0.0010000000	0.1000000000	100	100	0	0.917081
2107000	-0.2000000000	0.0010000000	0.1000000000	100	100	0	0.913611
2108000	-0.2000000000	0.0010000000	0.1000000000	100	100	0	0.922529
2109000	-0.2000000000	0.0010000000	0.1000000000	100	100	0	0.929703
2110000	-0.2000000000	0.0010000000	0.1000000000	100	100	0	0.909729
2111000	-0.2000000000	0.0010000000	0.1000000000	100	100	0	0.905374
2112000	-0.2000000000	0.0010000000	0.1000000000	100	100	0	0.911981
2113000	-0.2000000000	0.0010000000	0.1000000000	100	100	0	0.913817
2114000	-0.2000000000	0.0010000000	0.1000000000	100	100	0	0.914097
2115000	-0.2000000000	0.0010000000	0.1000000000	100	100	0	0.925112
2116000	-0.2000000000	0.0010000000	0.1000000000	100	100	0	0.919761
2117000	-0.2000000000	0.0010000000	0.1000000000	100	100	0	0.910423
2118000	-0.2000000000	0.0010000000	0.1000000000	100	100	0	0.907147
2119000	-0.2000000000	0.0010000000	0.1000000000	100	100	0	0.930563
2120000	-0.2000000000	0.0010000000	0.1000000000	100	100	0	0.907343
2121000	-0.2000000000	0.0010000000	0.1000000000	100	100	0	0.918890
2122000	-0.2000000000	0.0010000000	0.1000000000	100	100	0	0.907976
2123000	-0.2000000000	0.0010000000	0.1000000000	100	100	0	0.912812
2124000	-0.2000000000	0.0010000000	0.1000000000	100	100	0	0.900862
2125000	-0.2000000000	0.0010000000	0.1000000000	100	100	0	0.907177
2126000	-0.2000000000	0.0010000000	0.1000000000	100	100	0	0.903311
2127000	-0.2000000000	0.0010000000	0.1000000000	100	100	0	0.913790
2128000	-0.2000000000	0.0010000000	0.1000000000	100	100	0	0.912601
2129000	-0.2000000000	0.0010000000	0.1000000000	100	100	0	0.923079
2130000	-0.2000000000	0.0010000000	0.1000000000	100	100	0	0.921840
2131000	-0.2000000000	0.0010000000	0.1000000000	100	100	0	0.917431
2132000	-0.2000000000	0.0010000000	0.1000000000	100	100	0	0.903111
2133000	-0.2000000000	0.0010000000	0.1000000000	100	100	0	0.912218
2134000	-0.2000000000	0.0010000000	0.1000000000	100	100	0	0.912079
2135000	-0.2000000000	0.0010000000	0.1000000000	100	100	0	0.910724
2136000	-0.2000000000	0.0010000000	0.1000000000	100	100	0	0.918430
2137000	-0.2000000000	0.0010000000	0.1000000000	100	100	0	0.915899
2138000	-0.2000000000	0.0010000000	0.1000000000	100	100	0	0.915094
2139000	-0.2000000000	0.0010000000	0.1000000000	100	100	0	0.911256
2140000	-0.2000000000	0.0010000000	0.1000000000	100	100	0	0.913237
2141000	-0.2000000000	0.0010000000	0.1000000000	100	100	0	0.911940
2142000	-0.2000000000	0.0010000000	0.1000000000	100	100	0	0.907175
2143000	-0.2000000000	0.0010000000	0.1000000000	100	100	0	0.912950
2144000	-0.2000000000	0.0010000000	0.1000000000	100	100	0	0.929369
2145000	-0.2000000000	0.0010000000	0.1000000000	100	100	0	0.914619
2146000	-0.2000000000	0.0010000000	0.1000000000	100	100	0	0.929321
2147000	-0.2000000000	0.0010000000	0.1000000000	100	100	0	0.921571
2148000	-0.2000000000	0.0010000000	0.1000000000	100	100	0	0.915374
2149000	-0.2000000000	0.0010000000	0.1000000000	100	100	0	0.907419
2150000	-0.2000000000	0.0010000000	0.1000000000	100	100	0	0.905244
2151000	-0.2000000000	0.0010000000	0.1000000000	100	100	0	0.910654
2152000	-0.2000000000	0.0010000000	0.1000000000	100	100	0	0.921977
2153000	-0.2000000000	0.0010000000	0.1000000000	100	100	0	0.919239
2154000	-0.2000000000	0.0010000000	0.1000000000	100	100	0	0.924672
2155000	-0.2000000000	0.0010000000	0.1000000000	100	100	0	0.916598
2156000	-0.2000000000	0.0010000000	0.1000000000	100	100	0	0.916880
2157000	-0.2000000000	0.0010000000	0.1000000000	100	100	0	0.915167
2158000	-0.2000000000	0.0010000000	0.1000000000	100	100	0	0.918958
2159000	-0.2000000000	0.0010000000	0.1000000000	100	100	0	0.913404
2160000	-0.2000000000	0.0010000000	0.1000000000	100	100	0	0.918473
2161000	-0.2000000000	0.0010000000	0.1000000000	100	100	0	0.913976
2162000	-0.2000000000	0.0010000000	0.1000000000	100	100	0	0.903927
2163000	-0.2000000000	0.0010000000	0.1000000000	100	100	0	0.917778
2164000	-0.2000000000	0.0010000000	0.1000000000	100	100	0	0.925396
2165000	-0.2000000000	0.0010000000	0.1000000000	100	100	0	0.910113
2166000	-0.2000000000	0.0010000000	0.1000000000	100	100	0	0.910697
2167000	-0.2000000000	0.0010000000	0.1000000000	100	100	0	0.928763
2168000	-0.2000000000	0.0010000000	0.1000000000	100	100	0	0.907431
2169000	-0.2000000000	0.0010000000	0.1000000000	100	100	0	0.900479
2170000	-0.2000000000	0.0010000000	0.1000000000	100	100	0	0.927833
2171000	-0.2000000000	0.0010000000	0.1000000000	100	100	0	0.938936
2172000	-0.2000000000	0.0010000000	0.1000000000	100	100	0	0.909468
2173000	-0.2000000000	0.0010000000	0.1000000000	100	100	0	0.915475
2174000	-0.2000000000	0.0010000000	0.1000000000	100	100	0	0.911684
2175000	-0.2000000000	0.0010000000	0.1000000000	100	100	0	0.899475
2176000	-0.2000000000	0.0010000000	0.1000000000	100	100	0	0.916275
2177000	-0.2000000000	0.0010000000	0.1000000000	100	100	0	0.923249
2178000	-0.2000000000	0.0010000000	0.1000000000	100	100	0	0.921868
2179000	-0.2000000000	0.0010000000	0.1000000000	100	100	0	0.911398
2180000	-0.2000000000	0.0010000000	0.1000000000	100	100	0	0.924165
2181000	-0.2000000000	0.0010000000	0.1000000000	100	100	0	0.924224
2182000	-0.2000000000	0.0010000000	0.1000000000	100	100	0	0.903476
2183000	-0.2000000000	0.0010000000	0.1000000000	100	100	0	0.931864
2184000	-0.2000000000	0.0010000000	0.1000000000	100	100	0	0.914827
2185000	-0.2000000000	0.0010000000	0.1000000000	100	100	0	0.918197
2186000	-0.2000000000	0.0010000000	0.1000000000	100	100	0	0.917963
2187000	-0.2000000000	0.0010000000	0.1000000000	100	100	0	0.904048
2188000	-0.2000000000	0.0010000000	0.1000000000	100	100	0	0.905716
2189000	-0.2000000000	0.0010000000	0.1000000000	100	100	0	0.893363
2190000	-0.2000000000	0.0010000000	0.1000000000	100	100	0	0.923607
2191000	-0.2000000000	0.0010000000	0.1000000000	100	100	0	0.917913
2192000	-0.2000000000	0.0010000000	0.1000000000	100	100	0	0.920325
2193000	-0.2000000000	0.0010000000	0.1000000000	100	100	0	0.917477
2194000	-0.2000000000	0.0010000000	0.1000000000	100	100	0	0.909447
2195000	-0.2000000000	0.0010000000	0.1000000000	100	100	0	0.906033
2196000	-0.2000000000	0.0010000000	0.1000000000	100	100	0	0.913385
2197000	-0.2000000000	0.0010000000	0.1000000000	100	100	0	0.928695
2198000	-0.2000000000	0.0010000000	0.1000000000	100	100	0	0.929943
2199000	-0.2000000000	0.0010000000	0.1000000000	100	100	0	0.923794
2200000	-0.2000000000	0.0010000000	0.1000000000	100	100	0	0.916716
2201000	-0.2000000000	0.0010000000	0.1000000000	100	100	0	0.914579
2202000	-0.2000000000	0.0010000000	0.1000000000	100	100	0	0.909910
2203000	-0.2000000000	0.0010000000	0.1000000000	100	100	0	0.913019
2204000	-0.2000000000	0.0010000000	0.1000000000	100	100	0	0.914623
2205000	-0.2000000000	0.0010000000	0.1000000000	100	100	0	0.914383
2206000	-0.2000000000	0.0010000000	0.1000000000	100	100	0	0.928139
2207000	-0.2000000000	0.0010000000	0.1000000000	100	100	0	0.902446
2208000	-0.2000000000	0.0010000000	0.1000000000	100	100	0	0.892536
2209000	-0.2000000000	0.0010000000	0.1000000000	100	100	0	0.913417
2210000	-0.2000000000	0.0010000000	0.1000000000	100	100	0	0.913634
2211000	-0.2000000000	0.0010000000	0.1000000000	100	100	0	0.920029
2212000	-0.2000000000	0.0010000000	0.1000000000	100	100	0	0.915400
2213000	-0.2000000000	0.0010000000	0.1000000000	100	100	0	0.917086
2214000	-0.2000000000	0.0010000000	0.1000000000	100	100	0	0.927656
2215000	-0.2000000000	0.0010000000	0.1000000000	100	100	0	0.911980
2216000	-0.2000000000	0.0010000000	0.1000000000	100	100	0	0.921433
2217000	-0.2000000000	0.0010000000	0.1000000000	100	100	0	0.926055
2218000	-0.2000000000	0.0010000000	0.1000000000	100	100	0	0.925337
2219000	-0.2000000000	0.0010000000	0.1000000000	100	100	0	0.913350
2220000	-0.2000000000	0.0010000000	0.1000000000	100	100	0	0.913458
2221000	-0.2000000000	0.0010000000	0.1000000000	100	100	0	0.922336
2222000	-0.2000000000	0.0010000000	0.1000000000	100	100	0	0.913008
2223000	-0.2000000000	0.0010000000	0.1000000000	100	100	0	0.904835
2224000	-0.2000000000	0.0010000000	0.1000000000	100	100	0	0.919363
2225000	-0.2000000000	0.0010000000	0.1000000000	100	100	0	0.912730
2226000	-0.2000000000	0.0010000000	0.1000000000	100	100	0	0.922021
2227000	-0.2000000000	0.0010000000	0.1000000000	100	100	0	0.913563
2228000	-0.2000000000	0.0010000000	0.1000000000	100	100	0	0.920961
2229000	-0.2000000000	0.0010000000	0.1000000000	100	100	0	0.923614
2230000	-0.2000000000	0.0010000000	0.1000000000	100	100	0	0.921028
2231000	-0.2000000000	0.0010000000	0.1000000000	100	100	0	0.918013
2232000	-0.2000000000	0.0010000000	0.1000000000	100	100	0	0.911502
2233000	-0.2000000000	0.0010000000	0.1000000000	100	100	0	0.921494
2234000	-0.2000000000	0.0010000000	0.1000000000	100	100	0	0.918772
2235000	-0.2000000000	0.0010000000	0.1000000000	100	100	0	0.912212
2236000	-0.2000000000	0.0010000000	0.1000000000	100	100	0	0.913998
2237000	-0.2000000000	0.0010000000	0.1000000000	100	100	0	0.919768
2238000	-0.2000000000	0.0010000000	0.1000000000	100	100	0	0.927646
2239000	-0.2000000000	0.0010000000	0.1000000000	100	100	0	0.934720
2240000	-0.2000000000	0.0010000000	0.1000000000	100	100	0	0.916925
2241000	-0.2000000000	0.0010000000	0.1000000000	100	100	0	0.920666
2242000	-0.2000000000	0.0010000000	0.1000000000	100	100	0	0.918935
2243000	-0.2000000000	0.0010000000	0.1000000000	100	100	0	0.908650
2244000	-0.2000000000	0.0010000000	0.1000000000	100	100	0	0.915672
2245000	-0.2000000000	0.0010000000	0.1000000000	100	100	0	0.924970
2246000	-0.2000000000	0.0010000000	0.1000000000	100	100	0	0.899266
2247000	-0.2000000000	0.0010000000	0.1000000000	100	100	0	0.914904
2248000	-0.2000000000	0.0010000000	0.1000000000	100	100	0	0.935370
2249000	-0.2000000000	0.0010000000	0.1000000000	100	100	0	0.927710
2250000	-0.2000000000	0.0010000000	0.1000000000	100	100	0	0.916557
2251000	-0.2000000000	0.0010000000	0.1000000000	100	100	0	0.915339
2252000	-0.2000000000	0.0010000000	0.1000000000	100	100	0	0.927417
2253000	-0.2000000000	0.0010000000	0.1000000000	100	100	0	0.902261
2254000	-0.2000000000	0.0010000000	0.1000000000	100	100	0	0.921982
2255000	-0.2000000000	0.0010000000	0.1000000000	100	100	0	0.893384
2256000	-0.2000000000	0.0010000000	0.1000000000	100	100	0	0.907070
2257000	-0.2000000000	0.0010000000	0.1000000000	100	100	0	0.927968
2258000	-0.2000000000	0.0010000000	0.1000000000	100	100	0	0.927346
2259000	-0.2000000000	0.0010000000	0.1000000000	100	100	0	0.915672
2260000	-0.2000000000	0.0010000000	0.1000000000	100	100	0	0.908875
2261000	-0.2000000000	0.0010000000	0.1000000000	100	100	0	0.926650
2262000	-0.2000000000	0.0010000000	0.1000000000	100	100	0	0.915245
2263000	-0.2000000000	0.0010000000	0.1000000000	100	100	0	0.896800
2264000	-0.2000000000	0.0010000000	0.1000000000	100	100	0	0.925606
2265000	-0.2000000000	0.0010000000	0.1000000000	100	100	0	0.903465
2266000	-0.2000000000	0.0010000000	0.1000000000	100	100	0	0.916899
2267000	-0.2000000000	0.0010000000	0.1000000000	100	100	0	0.921161
2268000	-0.2000000000	0.0010000000	0.1000000000	100	100	0	0.906287
2269000	-0.2000000000	0.0010000000	0.1000000000	100	100	0	0.920296
2270000	-0.2000000000	0.0010000000	0.1000000000	100	100	0	0.938773
2271000	-0.2000000000	0.0010000000	0.1000000000	100	100	0	0.901795
2272000	-0.2000000000	0.0010000000	0.1000000000	100	100	0	0.902502
2273000	-0.2000000000	0.0010000000	0.1000000000	100	100	0	0.914420
2274000	-0.2000000000	0.0010000000	0.1000000000	100	100	0	0.920338
2275000	-0.2000000000	0.0010000000	0.1000000000	100	100	0	0.909594
2276000	-0.2000000000	0.0010000000	0.1000000000	100	100	0	0.912992
2277000	-0.2000000000	0.0010000000	0.1000000000	100	100	0	0.910212
2278000	-0.2000000000	0.0010000000	0.1000000000	100	100	0	0.913904
2279000	-0.2000000000	0.0010000000	0.1000000000	100	100	0	0.911598
2280000	-0.2000000000	0.0010000000	0.1000000000	100	100	0	0.909844
2281000	-0.2000000000	0.0010000000	0.1000000000	100	100	0	0.917096
2282000	-0.2000000000	0.0010000000	0.1000000000	100	100	0	0.907531
2283000	-0.2000000000	0.0010000000	0.1000000000	100	100	0	0.906569
2284000	-0.2000000000	0.0010000000	0.1000000000	100	100	0	0.923410
2285000	-0.2000000000	0.0010000000	0.1000000000	100	100	0	0.916483
2286000	-0.2000000000	0.0010000000	0.1000000000	100	100	0	0.908247
2287000	-0.2000000000	0.0010000000	0.1000000000	100	100	0	0.917921
2288000	-0.2000000000	0.0010000000	0.1000000000	100	100	0	0.925990
2289000	-0.2000000000	0.0010000000	0.1000000000	100	100	0	0.918795
2290000	-0.2000000000	0.0010000000	0.1000000000	100	100	0	0.919186
2291000	-0.2000000000	0.0010000000	0.1000000000	100	100	0	0.914573
2292000	-0.2000000000	0.0010000000	0.1000000000	100	100	0	0.910123
2293000	-0.2000000000	0.0010000000	0.1000000000	100	100	0	0.913658
2294000	-0.2000000000	0.0010000000	0.1000000000	100	100	0	0.915669
2295000	-0.2000000000	0.0010000000	0.1000000000	100	100	0	0.918638
2296000	-0.2000000000	0.0010000000	0.1000000000	100	100	0	0.920184
2297000	-0.2000000000	0.0010000000	0.1000000000	100	100	0	0.910576
2298000	-0.2000000000	0.0010000000	0.1000000000	100	100	0	0.919795
2299000	-0.2000000000	0.0010000000	0.1000000000	100	100	0	0.902123
2300000	-0.2000000000	0.0010000000	0.1000000000	100	100	0	0.912294
2301000	-0.2000000000	0.0010000000	0.1000000000	100	100	0	0.920618
2302000	-0.2000000000	0.0010000000	0.1000000000	100	100	0	0.914676
2303000	-0.2000000000	0.0010000000	0.1000000000	100	100	0	0.918850
2304000	-0.2000000000	0.0010000000	0.1000000000	100	100	0	0.909588
2305000	-0.2000000000	0.0010000000	0.1000000000	100	100	0	0.898419
2306000	-0.2000000000	0.0010000000	0.1000000000	100	100	0	0.921364
2307000	-0.2000000000	0.0010000000	0.1000000000	100	100	0	0.914339
2308000	-0.2000000000	0.0010000000	0.1000000000	100	100	0	0.920966
2309000	-0.2000000000	0.0010000000	0.1000000000	100	100	0	0.904797
2310000	-0.2000000000	0.0010000000	0.1000000000	100	100	0	0.936011
2311000	-0.2000000000	0.0010000000	0.1000000000	100	100	0	0.907580
2312000	-0.2000000000	0.0010000000	0.1000000000	100	100	0	0.898398
2313000	-0.2000000000	0.0010000000	0.1000000000	100	100	0	0.912076
2314000	-0.2000000000	0.0010000000	0.1000000000	100	100	0	0.909429
2315000	-0.2000000000	0.0010000000	0.1000000000	100	100	0	0.935868
2316000	-0.2000000000	0.0010000000	0.1000000000	100	100	0	0.910837
2317000	-0.2000000000	0.0010000000	0.1000000000	100	100	0	0.917177
2318000	-0.2000000000	0.0010000000	0.1000000000	100	100	0	0.909790
2319000	-0.2000000000	0.0010000000	0.1000000000	100	100	0	0.913646
2320000	-0.2000000000	0.0010000000	0.1000000000	100	100	0	0.907601
2321000	-0.2000000000	0.0010000000	0.1000000000	100	100	0	0.921797
2322000	-0.2000000000	0.0010000000	0.1000000000	100	100	0	0.906498
2323000	-0.2000000000	0.0010000000	0.1000000000	100	100	0	0.911307
2324000	-0.2000000000	0.0010000000	0.1000000000	100	100	0	0.916460
2325000	-0.2000000000	0.0010000000	0.1000000000	100	100	0	0.914373
2326000	-0.2000000000	0.0010000000	0.1000000000	100	100	0	0.911308
2327000	-0.2000000000	0.0010000000	0.1000000000	100	100	0	0.917011
2328000	-0.2000000000	0.0010000000	0.1000000000	100	100	0	0.932344
2329000	-0.2000000000	0.0010000000	0.1000000000	100	100	0	0.907588
2330000	-0.2000000000	0.0010000000	0.1000000000	100	100	0	0.910298
2331000	-0.2000000000	0.0010000000	0.1000000000	100	100	0	0.908881
2332000	-0.2000000000	0.0010000000	0.1000000000	100	100	0	0.904774
2333000	-0.2000000000	0.0010000000	0.1000000000	100	100	0	0.906826
2334000	-0.2000000000	0.0010000000	0.1000000000	100	100	0	0.910925
2335000	-0.2000000000	0.0010000000	0.1000000000	100	100	0	0.906856
2336000	-0.2000000000	0.0010000000	0.1000000000	100	100	0	0.909260
2337000	-0.2000000000	0.0010000000	0.1000000000	100	100	0	0.908769
2338000	-0.2000000000	0.0010000000	0.1000000000	100	100	0	0.928989
2339000	-0.2000000000	0.0010000000	0.1000000000	100	100	0	0.928602
2340000	-0.2000000000	0.0010000000	0.1000000000	100	100	0	0.905518
2341000	-0.2000000000	0.0010000000	0.1000000000	100	100	0	0.907509
2342000	-0.2000000000	0.0010000000	0.1000000000	100	100	0	0.904119
2343000	-0.2000000000	0.0010000000	0.1000000000	100	100	0	0.910147
2344000	-0.2000000000	0.0010000000	0.1000000000	100	100	0	0.901264
2345000	-0.2000000000	0.0010000000	0.1000000000	100	100	0	0.915991
2346000	-0.2000000000	0.0010000000	0.1000000000	100	100	0	0.910484
2347000	-0.2000000000	0.0010000000	0.1000000000	100	100	0	0.914704
2348000	-0.2000000000	0.0010000000	0.1000000000	100	100	0	0.899268
2349000	-0.2000000000	0.0010000000	0.1000000000	100	100	0	0.902221
2350000	-0.2000000000	0.0010000000	0.1000000000	100	100	0	0.930289
2351000	-0.2000000000	0.0010000000	0.1000000000	100	100	0	0.899129
2352000	-0.2000000000	0.0010000000	0.1000000000	100	100	0	0.898540
2353000	-0.2000000000	0.0010000000	0.1000000000	100	100	0	0.916788
2354000	-0.2000000000	0.0010000000	0.1000000000	100	100	0	0.932256
2355000	-0.2000000000	0.0010000000	0.1000000000	100	100	0	0.929862
2356000	-0.2000000000	0.0010000000	0.1000000000	100	100	0	0.916147
2357000	-0.2000000000	0.0010000000	0.1000000000	100	100	0	0.911972
2358000	-0.2000000000	0.0010000000	0.1000000000	100	100	0	0.907161
2359000	-0.2000000000	0.0010000000	0.1000000000	100	100	0	0.910287
2360000	-0.2000000000	0.0010000000	0.1000000000	100	100	0	0.906763
2361000	-0.2000000000	0.0010000000	0.1000000000	100	100	0	0.912611
2362000	-0.2000000000	0.0010000000	0.1000000000	100	100	0	0.919900
2363000	-0.2000000000	0.0010000000	0.1000000000	100	100	0	0.923386
2364000	-0.2000000000	0.0010000000	0.1000000000	100	100	0	0.916945
2365000	-0.2000000000	0.0010000000	0.1000000000	100	100	0	0.926300
2366000	-0.2000000000	0.0010000000	0.1000000000	100	100	0	0.932092
2367000	-0.2000000000	0.0010000000	0.1000000000	100	100	0	0.915682
2368000	-0.2000000000	0.0010000000	0.1000000000	100	100	0	0.913950
2369000	-0.2000000000	0.0010000000	0.1000000000	100	100	0	0.899737
2370000	-0.2000000000	0.0010000000	0.1000000000	100	100	0	0.894068
2371000	-0.2000000000	0.0010000000	0.1000000000	100	100	0	0.903869
2372000	-0.2000000000	0.0010000000	0.1000000000	100	100	0	0.908488
2373000	-0.2000000000	0.0010000000	0.1000000000	100	100	0	0.901045
2374000	-0.2000000000	0.0010000000	0.1000000000	100	100	0	0.905430
2375000	-0.2000000000	0.0010000000	0.1000000000	100	100	0	0.911192
2376000	-0.2000000000	0.0010000000	0.1000000000	100	100	0	0.928768
2377000	-0.2000000000	0.0010000000	0.1000000000	100	100	0	0.917699
2378000	-0.2000000000	0.0010000000	0.1000000000	100	100	0	0.913845
2379000	-0.2000000000	0.0010000000	0.1000000000	100	100	0	0.918198
2380000	-0.2000000000	0.0010000000	0.1000000000	100	100	0	0.905435
2381000	-0.2000000000	0.0010000000	0.1000000000	100	100	0	0.922656
2382000	-0.2000000000	0.0010000000	0.1000000000	100	100	0	0.919043
2383000	-0.2000000000	0.0010000000	0.1000000000	100	100	0	0.934274
2384000	-0.2000000000	0.0010000000	0.1000000000	100	100	0	0.914754
2385000	-0.2000000000	0.0010000000	0.1000000000	100	100	0	0.930307
2386000	-0.2000000000	0.0010000000	0.1000000000	100	100	0	0.937905
2387000	-0.2000000000	0.0010000000	0.1000000000	100	100	0	0.932657
2388000	-0.2000000000	0.0010000000	0.1000000000	100	100	0	0.904964
2389000	-0.2000000000	0.0010000000	0.1000000000	100	100	0	0.920134
2390000	-0.2000000000	0.0010000000	0.1000000000	100	100	0	0.901776
2391000	-0.2000000000	0.0010000000	0.1000000000	100	100	0	0.916325
2392000	-0.2000000000	0.0010000000	0.1000000000	100	100	0	0.897459
2393000	-0.2000000000	0.0010000000	0.1000000000	100	100	0	0.907358
2394000	-0.2000000000	0.0010000000	0.1000000000	100	100	0	0.919588
2395000	-0.2000000000	0.0010000000	0.1000000000	100	100	0	0.916703
2396000	-0.2000000000	0.0010000000	0.1000000000	100	100	0	0.925154
2397000	-0.2000000000	0.0010000000	0.1000000000	100	100	0	0.925969
2398000	-0.2000000000	0.0010000000	0.1000000000	100	100	0	0.935991
2399000	-0.2000000000	0.0010000000	0.1000000000	100	100	0	0.916039
2400000	-0.2000000000	0.0010000000	0.1000000000	100	100	0	0.920706
2401000	-0.2000000000	0.0010000000	0.1000000000	100	100	0	0.912065
2402000	-0.2000000000	0.0010000000	0.1000000000	100	100	0	0.898039
2403000	-0.2000000000	0.0010000000	0.1000000000	100	100	0	0.909341
2404000	-0.2000000000	0.0010000000	0.1000000000	100	100	0	0.927073
2405000	-0.2000000000	0.0010000000	0.1000000000	100	100	0	0.904703
2406000	-0.2000000000	0.0010000000	0.1000000000	100	100	0	0.918424
2407000	-0.2000000000	0.0010000000	0.1000000000	100	100	0	0.924236
2408000	-0.2000000000	0.0010000000	0.1000000000	100	100	0	0.911016
2409000	-0.2000000000	0.0010000000	0.1000000000	100	100	0	0.928755
2410000	-0.2000000000	0.0010000000	0.1000000000	100	100	0	0.907975
2411000	-0.2000000000	0.0010000000	0.1000000000	100	100	0	0.911890
2412000	-0.2000000000	0.0010000000	0.1000000000	100	100	0	0.925657
2413000	-0.2000000000	0.0010000000	0.1000000000	100	100	0	0.915990
2414000	-0.2000000000	0.0010000000	0.1000000000	100	100	0	0.920040
2415000	-0.2000000000	0.0010000000	0.1000000000	100	100	0	0.912449
2416000	-0.2000000000	0.0010000000	0.1000000000	100	100	0	0.928374
2417000	-0.2000000000	0.0010000000	0.1000000000	100	100	0	0.915668
2418000	-0.2000000000	0.0010000000	0.1000000000	100	100	0	0.907395
2419000	-0.2000000000	0.0010000000	0.1000000000	100	100	0	0.903460
2420000	-0.2000000000	0.0010000000	0.1000000000	100	100	0	0.917063
2421000	-0.2000000000	0.0010000000	0.1000000000	100	100	0	0.918928
2422000	-0.2000000000	0.0010000000	0.1000000000	100	100	0	0.922270
2423000	-0.2000000000	0.0010000000	0.1000000000	100	100	0	0.915366
2424000	-0.2000000000	0.0010000000	0.1000000000	100	100	0	0.913396
2425000	-0.2000000000	0.0010000000	0.1000000000	100	100	0	0.921587
2426000	-0.2000000000	0.0010000000	0.1000000000	100	100	0	0.911331
2427000	-0.2000000000	0.0010000000	0.1000000000	100	100	0	0.912534
2428000	-0.2000000000	0.0010000000	0.1000000000	100	100	0	0.926439
2429000	-0.2000000000	0.0010000000	0.1000000000	100	100	0	0.901734
2430000	-0.2000000000	0.0010000000	0.1000000000	100	100	0	0.926225
2431000	-0.2000000000	0.0010000000	0.1000000000	100	100	0	0.916770
2432000	-0.2000000000	0.0010000000	0.1000000000	100	100	0	0.917619
2433000	-0.2000000000	0.0010000000	0.1000000000	100	100	0	0.913639
2434000	-0.2000000000	0.0010000000	0.1000000000	100	100	0	0.918274
2435000	-0.2000000000	0.0010000000	0.1000000000	100	100	0	0.907820
2436000	-0.2000000000	0.0010000000	0.1000000000	100	100	0	0.920593
2437000	-0.2000000000	0.0010000000	0.1000000000	100	100	0	0.901771
2438000	-0.2000000000	0.0010000000	0.1000000000	100	100	0	0.923929
2439000	-0.2000000000	0.0010000000	0.1000000000	100	100	0	0.923221
2440000	-0.2000000000	0.0010000000	0.1000000000	100	100	0	0.903423
2441000	-0.2000000000	0.0010000000	0.1000000000	100	100	0	0.901212
2442000	-0.2000000000	0.0010000000	0.1000000000	100	100	0	0.909419
2443000	-0.2000000000	0.0010000000	0.1000000000	100	100	0	0.909743
2444000	-0.2000000000	0.0010000000	0.1000000000	100	100	0	0.926501
2445000	-0.2000000000	0.0010000000	0.1000000000	100	100	0	0.901773
2446000	-0.2000000000	0.0010000000	0.1000000000	100	100	0	0.917701
2447000	-0.2000000000	0.0010000000	0.1000000000	100	100	0	0.906893
2448000	-0.2000000000	0.0010000000	0.1000000000	100	100	0	0.927412
2449000	-0.2000000000	0.0010000000	0.1000000000	100	100	0	0.904205
2450000	-0.2000000000	0.0010000000	0.1000000000	100	100	0	0.925315
2451000	-0.2000000000	0.0010000000	0.1000000000	100	100	0	0.921176
2452000	-0.2000000000	0.0010000000	0.1000000000	100	100	0	0.914950
2453000	-0.2000000000	0.0010000000	0.1000000000	100	100	0	0.909997
2454000	-0.2000000000	0.0010000000	0.1000000000	100	100	0	0.907657
2455000	-0.2000000000	0.0010000000	0.1000000000	100	100	0	0.921629
2456000	-0.2000000000	0.0010000000	0.1000000000	100	100	0	0.916194
2457000	-0.2000000000	0.0010000000	0.1000000000	100	100	0	0.932590
2458000	-0.2000000000	0.0010000000	0.1000000000	100	100	0	0.930154
2459000	-0.2000000000	0.0010000000	0.1000000000	100	100	0	0.898566
2460000	-0.2000000000	0.0010000000	0.1000000000	100	100	0	0.920832
2461000	-0.2000000000	0.0010000000	0.1000000000	100	100	0	0.913492
2462000	-0.2000000000	0.0010000000	0.1000000000	100	100	0	0.904405
2463000	-0.2000000000	0.0010000000	0.1000000000	100	100	0	0.933265
2464000	-0.2000000000	0.0010000000	0.1000000000	100	100	0	0.910631
2465000	-0.2000000000	0.0010000000	0.1000000000	100	100	0	0.915740
2466000	-0.2000000000	0.0010000000	0.1000000000	100	100	0	0.903792
2467000	-0.2000000000	0.0010000000	0.1000000000	100	100	0	0.903105
2468000	-0.2000000000	0.0010000000	0.1000000000	100	100	0	0.911752
2469000	-0.2000000000	0.0010000000	0.1000000000	100	100	0	0.898394
2470000	-0.2000000000	0.0010000000	0.1000000000	100	100	0	0.925096
2471000	-0.2000000000	0.0010000000	0.1000000000	100	100	0	0.914559
2472000	-0.2000000000	0.0010000000	0.1000000000	100	100	0	0.929124
2473000	-0.2000000000	0.0010000000	0.1000000000	100	100	0	0.907439
2474000	-0.2000000000	0.0010000000	0.1000000000	100	100	0	0.909984
2475000	-0.2000000000	0.0010000000	0.1000000000	100	100	0	0.915670
2476000	-0.2000000000	0.0010000000	0.1000000000	100	100	0	0.922096
2477000	-0.2000000000	0.0010000000	0.1000000000	100	100	0	0.913534
2478000	-0.2000000000	0.0010000000	0.1000000000	100	100	0	0.910346
2479000	-0.2000000000	0.0010000000	0.1000000000	100	100	0	0.909375
2480000	-0.2000000000	0.0010000000	0.1000000000	100	100	0	0.907344
2481000	-0.2000000000	0.0010000000	0.1000000000	100	100	0	0.901864
2482000	-0.2000000000	0.0010000000	0.1000000000	100	100	0	0.899386
2483000	-0.2000000000	0.0010000000	0.1000000000	100	100	0	0.917847
2484000	-0.2000000000	0.0010000000	0.1000000000	100	100	0	0.907113
2485000	-0.2000000000	0.0010000000	0.1000000000	100	100	0	0.922212
2486000	-0.2000000000	0.0010000000	0.1000000000	100	100	0	0.916775
2487000	-0.2000000000	0.0010000000	0.1000000000	100	100	0	0.901083
2488000	-0.2000000000	0.0010000000	0.1000000000	100	100	0	0.913235
2489000	-0.2000000000	0.0010000000	0.1000000000	100	100	0	0.910331
2490000	-0.2000000000	0.0010000000	0.1000000000	100	100	0	0.915209
2491000	-0.2000000000	0.0010000000	0.1000000000	100	100	0	0.906594
2492000	-0.2000000000	0.0010000000	0.1000000000	100	100	0	0.917782
2493000	-0.2000000000	0.0010000000	0.1000000000	100	100	0	0.916528
2494000	-0.2000000000	0.0010000000	0.1000000000	100	100	0	0.917809
2495000	-0.2000000000	0.0010000000	0.1000000000	100	100	0	0.918584
2496000	-0.2000000000	0.0010000000	0.1000000000	100	100	0	0.927296
2497000	-0.2000000000	0.0010000000	0.1000000000	100	100	0	0.907113
2498000	-0.2000000000	0.0010000000	0.1000000000	100	100	0	0.929488
2499000	-0.2000000000	0.0010000000	0.1000000000	100	100	0	0.930107
2500000	-0.2000000000	0.0010000000	0.1000000000	100	100	0	0.916709
