time	epistasis_coef	sel_coef	mu_prob	Ne	L	k_start	mean_fitness
1500000	-0.4000000000	0.0010000000	0.0001000000	100	100	0	0.884763
1501000	-0.4000000000	0.0010000000	0.0001000000	100	100	0	0.884763
1502000	-0.4000000000	0.0010000000	0.0001000000	100	100	0	0.884763
1503000	-0.4000000000	0.0010000000	0.0001000000	100	100	0	0.884763
1504000	-0.4000000000	0.0010000000	0.0001000000	100	100	0	0.884763
1505000	-0.4000000000	0.0010000000	0.0001000000	100	100	0	0.884763
1506000	-0.4000000000	0.0010000000	0.0001000000	100	100	0	0.884763
1507000	-0.4000000000	0.0010000000	0.0001000000	100	100	0	0.884763
1508000	-0.4000000000	0.0010000000	0.0001000000	100	100	0	0.884763
1509000	-0.4000000000	0.0010000000	0.0001000000	100	100	0	0.884763
1510000	-0.4000000000	0.0010000000	0.0001000000	100	100	0	0.884763
1511000	-0.4000000000	0.0010000000	0.0001000000	100	100	0	0.884763
1512000	-0.4000000000	0.0010000000	0.0001000000	100	100	0	0.884763
1513000	-0.4000000000	0.0010000000	0.0001000000	100	100	0	0.884763
1514000	-0.4000000000	0.0010000000	0.0001000000	100	100	0	0.884763
1515000	-0.4000000000	0.0010000000	0.0001000000	100	100	0	0.884763
1516000	-0.4000000000	0.0010000000	0.0001000000	100	100	0	0.884763
1517000	-0.4000000000	0.0010000000	0.0001000000	100	100	0	0.884763
1518000	-0.4000000000	0.0010000000	0.0001000000	100	100	0	0.884763
1519000	-0.4000000000	0.0010000000	0.0001000000	100	100	0	0.884763
1520000	-0.4000000000	0.0010000000	0.0001000000	100	100	0	0.884763
1521000	-0.4000000000	0.0010000000	0.0001000000	100	100	0	0.884763
1522000	-0.4000000000	0.0010000000	0.0001000000	100	100	0	0.884763
1523000	-0.4000000000	0.0010000000	0.0001000000	100	100	0	0.884763
1524000	-0.4000000000	0.0010000000	0.0001000000	100	100	0	0.884763
1525000	-0.4000000000	0.0010000000	0.0001000000	100	100	0	0.884763
1526000	-0.4000000000	0.0010000000	0.0001000000	100	100	0	0.884763
1527000	-0.4000000000	0.0010000000	0.0001000000	100	100	0	0.884763
1528000	-0.4000000000	0.0010000000	0.0001000000	100	100	0	0.884763
1529000	-0.4000000000	0.0010000000	0.0001000000	100	100	0	0.884763
1530000	-0.4000000000	0.0010000000	0.0001000000	100	100	0	0.887541
1531000	-0.4000000000	0.0010000000	0.0001000000	100	100	0	0.889442
1532000	-0.4000000000	0.0010000000	0.0001000000	100	100	0	0.889637
1533000	-0.4000000000	0.0010000000	0.0001000000	100	100	0	0.894472
1534000	-0.4000000000	0.0010000000	0.0001000000	100	100	0	0.894472
1535000	-0.4000000000	0.0010000000	0.0001000000	100	100	0	0.894472
1536000	-0.4000000000	0.0010000000	0.0001000000	100	100	0	0.894472
1537000	-0.4000000000	0.0010000000	0.0001000000	100	100	0	0.894472
1538000	-0.4000000000	0.0010000000	0.0001000000	100	100	0	0.894472
1539000	-0.4000000000	0.0010000000	0.0001000000	100	100	0	0.894472
1540000	-0.4000000000	0.0010000000	0.0001000000	100	100	0	0.894472
1541000	-0.4000000000	0.0010000000	0.0001000000	100	100	0	0.899267
1542000	-0.4000000000	0.0010000000	0.0001000000	100	100	0	0.899267
1543000	-0.4000000000	0.0010000000	0.0001000000	100	100	0	0.899124
1544000	-0.4000000000	0.0010000000	0.0001000000	100	100	0	0.899267
1545000	-0.4000000000	0.0010000000	0.0001000000	100	100	0	0.899267
1546000	-0.4000000000	0.0010000000	0.0001000000	100	100	0	0.899267
1547000	-0.4000000000	0.0010000000	0.0001000000	100	100	0	0.904020
1548000	-0.4000000000	0.0010000000	0.0001000000	100	100	0	0.904020
1549000	-0.4000000000	0.0010000000	0.0001000000	100	100	0	0.904020
1550000	-0.4000000000	0.0010000000	0.0001000000	100	100	0	0.904020
1551000	-0.4000000000	0.0010000000	0.0001000000	100	100	0	0.904020
1552000	-0.4000000000	0.0010000000	0.0001000000	100	100	0	0.904020
1553000	-0.4000000000	0.0010000000	0.0001000000	100	100	0	0.904020
1554000	-0.4000000000	0.0010000000	0.0001000000	100	100	0	0.904020
1555000	-0.4000000000	0.0010000000	0.0001000000	100	100	0	0.902214
1556000	-0.4000000000	0.0010000000	0.0001000000	100	100	0	0.904020
1557000	-0.4000000000	0.0010000000	0.0001000000	100	100	0	0.904020
1558000	-0.4000000000	0.0010000000	0.0001000000	100	100	0	0.904020
1559000	-0.4000000000	0.0010000000	0.0001000000	100	100	0	0.904020
1560000	-0.4000000000	0.0010000000	0.0001000000	100	100	0	0.903925
1561000	-0.4000000000	0.0010000000	0.0001000000	100	100	0	0.904020
1562000	-0.4000000000	0.0010000000	0.0001000000	100	100	0	0.904020
1563000	-0.4000000000	0.0010000000	0.0001000000	100	100	0	0.904020
1564000	-0.4000000000	0.0010000000	0.0001000000	100	100	0	0.904020
1565000	-0.4000000000	0.0010000000	0.0001000000	100	100	0	0.904020
1566000	-0.4000000000	0.0010000000	0.0001000000	100	100	0	0.904020
1567000	-0.4000000000	0.0010000000	0.0001000000	100	100	0	0.904020
1568000	-0.4000000000	0.0010000000	0.0001000000	100	100	0	0.904020
1569000	-0.4000000000	0.0010000000	0.0001000000	100	100	0	0.904020
1570000	-0.4000000000	0.0010000000	0.0001000000	100	100	0	0.904020
1571000	-0.4000000000	0.0010000000	0.0001000000	100	100	0	0.904020
1572000	-0.4000000000	0.0010000000	0.0001000000	100	100	0	0.903402
1573000	-0.4000000000	0.0010000000	0.0001000000	100	100	0	0.904020
1574000	-0.4000000000	0.0010000000	0.0001000000	100	100	0	0.902499
1575000	-0.4000000000	0.0010000000	0.0001000000	100	100	0	0.904067
1576000	-0.4000000000	0.0010000000	0.0001000000	100	100	0	0.904020
1577000	-0.4000000000	0.0010000000	0.0001000000	100	100	0	0.904020
1578000	-0.4000000000	0.0010000000	0.0001000000	100	100	0	0.904020
1579000	-0.4000000000	0.0010000000	0.0001000000	100	100	0	0.904020
1580000	-0.4000000000	0.0010000000	0.0001000000	100	100	0	0.904020
1581000	-0.4000000000	0.0010000000	0.0001000000	100	100	0	0.903449
1582000	-0.4000000000	0.0010000000	0.0001000000	100	100	0	0.904020
1583000	-0.4000000000	0.0010000000	0.0001000000	100	100	0	0.904020
1584000	-0.4000000000	0.0010000000	0.0001000000	100	100	0	0.904020
1585000	-0.4000000000	0.0010000000	0.0001000000	100	100	0	0.904020
1586000	-0.4000000000	0.0010000000	0.0001000000	100	100	0	0.904020
1587000	-0.4000000000	0.0010000000	0.0001000000	100	100	0	0.904020
1588000	-0.4000000000	0.0010000000	0.0001000000	100	100	0	0.904020
1589000	-0.4000000000	0.0010000000	0.0001000000	100	100	0	0.904020
1590000	-0.4000000000	0.0010000000	0.0001000000	100	100	0	0.904020
1591000	-0.4000000000	0.0010000000	0.0001000000	100	100	0	0.904020
1592000	-0.4000000000	0.0010000000	0.0001000000	100	100	0	0.904726
1593000	-0.4000000000	0.0010000000	0.0001000000	100	100	0	0.904020
1594000	-0.4000000000	0.0010000000	0.0001000000	100	100	0	0.904020
1595000	-0.4000000000	0.0010000000	0.0001000000	100	100	0	0.899267
1596000	-0.4000000000	0.0010000000	0.0001000000	100	100	0	0.899172
1597000	-0.4000000000	0.0010000000	0.0001000000	100	100	0	0.899267
1598000	-0.4000000000	0.0010000000	0.0001000000	100	100	0	0.899267
1599000	-0.4000000000	0.0010000000	0.0001000000	100	100	0	0.899267
1600000	-0.4000000000	0.0010000000	0.0001000000	100	100	0	0.899267
1601000	-0.4000000000	0.0010000000	0.0001000000	100	100	0	0.899267
1602000	-0.4000000000	0.0010000000	0.0001000000	100	100	0	0.899267
1603000	-0.4000000000	0.0010000000	0.0001000000	100	100	0	0.899267
1604000	-0.4000000000	0.0010000000	0.0001000000	100	100	0	0.899267
1605000	-0.4000000000	0.0010000000	0.0001000000	100	100	0	0.899267
1606000	-0.4000000000	0.0010000000	0.0001000000	100	100	0	0.899267
1607000	-0.4000000000	0.0010000000	0.0001000000	100	100	0	0.899267
1608000	-0.4000000000	0.0010000000	0.0001000000	100	100	0	0.899267
1609000	-0.4000000000	0.0010000000	0.0001000000	100	100	0	0.899267
1610000	-0.4000000000	0.0010000000	0.0001000000	100	100	0	0.899267
1611000	-0.4000000000	0.0010000000	0.0001000000	100	100	0	0.899267
1612000	-0.4000000000	0.0010000000	0.0001000000	100	100	0	0.894472
1613000	-0.4000000000	0.0010000000	0.0001000000	100	100	0	0.894472
1614000	-0.4000000000	0.0010000000	0.0001000000	100	100	0	0.894472
1615000	-0.4000000000	0.0010000000	0.0001000000	100	100	0	0.884763
1616000	-0.4000000000	0.0010000000	0.0001000000	100	100	0	0.884812
1617000	-0.4000000000	0.0010000000	0.0001000000	100	100	0	0.889637
1618000	-0.4000000000	0.0010000000	0.0001000000	100	100	0	0.894472
1619000	-0.4000000000	0.0010000000	0.0001000000	100	100	0	0.894472
1620000	-0.4000000000	0.0010000000	0.0001000000	100	100	0	0.894472
1621000	-0.4000000000	0.0010000000	0.0001000000	100	100	0	0.894472
1622000	-0.4000000000	0.0010000000	0.0001000000	100	100	0	0.894472
1623000	-0.4000000000	0.0010000000	0.0001000000	100	100	0	0.894472
1624000	-0.4000000000	0.0010000000	0.0001000000	100	100	0	0.894472
1625000	-0.4000000000	0.0010000000	0.0001000000	100	100	0	0.894472
1626000	-0.4000000000	0.0010000000	0.0001000000	100	100	0	0.894472
1627000	-0.4000000000	0.0010000000	0.0001000000	100	100	0	0.894472
1628000	-0.4000000000	0.0010000000	0.0001000000	100	100	0	0.892973
1629000	-0.4000000000	0.0010000000	0.0001000000	100	100	0	0.894472
1630000	-0.4000000000	0.0010000000	0.0001000000	100	100	0	0.889637
1631000	-0.4000000000	0.0010000000	0.0001000000	100	100	0	0.889637
1632000	-0.4000000000	0.0010000000	0.0001000000	100	100	0	0.889637
1633000	-0.4000000000	0.0010000000	0.0001000000	100	100	0	0.889637
1634000	-0.4000000000	0.0010000000	0.0001000000	100	100	0	0.889637
1635000	-0.4000000000	0.0010000000	0.0001000000	100	100	0	0.899267
1636000	-0.4000000000	0.0010000000	0.0001000000	100	100	0	0.899267
1637000	-0.4000000000	0.0010000000	0.0001000000	100	100	0	0.899267
1638000	-0.4000000000	0.0010000000	0.0001000000	100	100	0	0.899267
1639000	-0.4000000000	0.0010000000	0.0001000000	100	100	0	0.899267
1640000	-0.4000000000	0.0010000000	0.0001000000	100	100	0	0.899267
1641000	-0.4000000000	0.0010000000	0.0001000000	100	100	0	0.899267
1642000	-0.4000000000	0.0010000000	0.0001000000	100	100	0	0.904020
1643000	-0.4000000000	0.0010000000	0.0001000000	100	100	0	0.904020
1644000	-0.4000000000	0.0010000000	0.0001000000	100	100	0	0.904020
1645000	-0.4000000000	0.0010000000	0.0001000000	100	100	0	0.904020
1646000	-0.4000000000	0.0010000000	0.0001000000	100	100	0	0.904020
1647000	-0.4000000000	0.0010000000	0.0001000000	100	100	0	0.904020
1648000	-0.4000000000	0.0010000000	0.0001000000	100	100	0	0.904020
1649000	-0.4000000000	0.0010000000	0.0001000000	100	100	0	0.904020
1650000	-0.4000000000	0.0010000000	0.0001000000	100	100	0	0.904020
1651000	-0.4000000000	0.0010000000	0.0001000000	100	100	0	0.904020
1652000	-0.4000000000	0.0010000000	0.0001000000	100	100	0	0.904020
1653000	-0.4000000000	0.0010000000	0.0001000000	100	100	0	0.904020
1654000	-0.4000000000	0.0010000000	0.0001000000	100	100	0	0.904020
1655000	-0.4000000000	0.0010000000	0.0001000000	100	100	0	0.904020
1656000	-0.4000000000	0.0010000000	0.0001000000	100	100	0	0.904020
1657000	-0.4000000000	0.0010000000	0.0001000000	100	100	0	0.904020
1658000	-0.4000000000	0.0010000000	0.0001000000	100	100	0	0.904020
1659000	-0.4000000000	0.0010000000	0.0001000000	100	100	0	0.904020
1660000	-0.4000000000	0.0010000000	0.0001000000	100	100	0	0.904020
1661000	-0.4000000000	0.0010000000	0.0001000000	100	100	0	0.904020
1662000	-0.4000000000	0.0010000000	0.0001000000	100	100	0	0.904020
1663000	-0.4000000000	0.0010000000	0.0001000000	100	100	0	0.899076
1664000	-0.4000000000	0.0010000000	0.0001000000	100	100	0	0.899267
1665000	-0.4000000000	0.0010000000	0.0001000000	100	100	0	0.899267
1666000	-0.4000000000	0.0010000000	0.0001000000	100	100	0	0.899267
1667000	-0.4000000000	0.0010000000	0.0001000000	100	100	0	0.899028
1668000	-0.4000000000	0.0010000000	0.0001000000	100	100	0	0.899267
1669000	-0.4000000000	0.0010000000	0.0001000000	100	100	0	0.899267
1670000	-0.4000000000	0.0010000000	0.0001000000	100	100	0	0.899267
1671000	-0.4000000000	0.0010000000	0.0001000000	100	100	0	0.899267
1672000	-0.4000000000	0.0010000000	0.0001000000	100	100	0	0.899172
1673000	-0.4000000000	0.0010000000	0.0001000000	100	100	0	0.899267
1674000	-0.4000000000	0.0010000000	0.0001000000	100	100	0	0.899267
1675000	-0.4000000000	0.0010000000	0.0001000000	100	100	0	0.899267
1676000	-0.4000000000	0.0010000000	0.0001000000	100	100	0	0.899267
1677000	-0.4000000000	0.0010000000	0.0001000000	100	100	0	0.899267
1678000	-0.4000000000	0.0010000000	0.0001000000	100	100	0	0.899267
1679000	-0.4000000000	0.0010000000	0.0001000000	100	100	0	0.899267
1680000	-0.4000000000	0.0010000000	0.0001000000	100	100	0	0.899267
1681000	-0.4000000000	0.0010000000	0.0001000000	100	100	0	0.899933
1682000	-0.4000000000	0.0010000000	0.0001000000	100	100	0	0.904020
1683000	-0.4000000000	0.0010000000	0.0001000000	100	100	0	0.904020
1684000	-0.4000000000	0.0010000000	0.0001000000	100	100	0	0.904020
1685000	-0.4000000000	0.0010000000	0.0001000000	100	100	0	0.908397
1686000	-0.4000000000	0.0010000000	0.0001000000	100	100	0	0.908726
1687000	-0.4000000000	0.0010000000	0.0001000000	100	100	0	0.908726
1688000	-0.4000000000	0.0010000000	0.0001000000	100	100	0	0.908726
1689000	-0.4000000000	0.0010000000	0.0001000000	100	100	0	0.908726
1690000	-0.4000000000	0.0010000000	0.0001000000	100	100	0	0.908726
1691000	-0.4000000000	0.0010000000	0.0001000000	100	100	0	0.908726
1692000	-0.4000000000	0.0010000000	0.0001000000	100	100	0	0.908726
1693000	-0.4000000000	0.0010000000	0.0001000000	100	100	0	0.908726
1694000	-0.4000000000	0.0010000000	0.0001000000	100	100	0	0.908726
1695000	-0.4000000000	0.0010000000	0.0001000000	100	100	0	0.908726
1696000	-0.4000000000	0.0010000000	0.0001000000	100	100	0	0.908726
1697000	-0.4000000000	0.0010000000	0.0001000000	100	100	0	0.908726
1698000	-0.4000000000	0.0010000000	0.0001000000	100	100	0	0.908726
1699000	-0.4000000000	0.0010000000	0.0001000000	100	100	0	0.908726
1700000	-0.4000000000	0.0010000000	0.0001000000	100	100	0	0.913385
1701000	-0.4000000000	0.0010000000	0.0001000000	100	100	0	0.913385
1702000	-0.4000000000	0.0010000000	0.0001000000	100	100	0	0.913385
1703000	-0.4000000000	0.0010000000	0.0001000000	100	100	0	0.913385
1704000	-0.4000000000	0.0010000000	0.0001000000	100	100	0	0.913385
1705000	-0.4000000000	0.0010000000	0.0001000000	100	100	0	0.912034
1706000	-0.4000000000	0.0010000000	0.0001000000	100	100	0	0.913385
1707000	-0.4000000000	0.0010000000	0.0001000000	100	100	0	0.913385
1708000	-0.4000000000	0.0010000000	0.0001000000	100	100	0	0.913385
1709000	-0.4000000000	0.0010000000	0.0001000000	100	100	0	0.913385
1710000	-0.4000000000	0.0010000000	0.0001000000	100	100	0	0.913385
1711000	-0.4000000000	0.0010000000	0.0001000000	100	100	0	0.913385
1712000	-0.4000000000	0.0010000000	0.0001000000	100	100	0	0.913385
1713000	-0.4000000000	0.0010000000	0.0001000000	100	100	0	0.913385
1714000	-0.4000000000	0.0010000000	0.0001000000	100	100	0	0.913385
1715000	-0.4000000000	0.0010000000	0.0001000000	100	100	0	0.913385
1716000	-0.4000000000	0.0010000000	0.0001000000	100	100	0	0.913385
1717000	-0.4000000000	0.0010000000	0.0001000000	100	100	0	0.908726
1718000	-0.4000000000	0.0010000000	0.0001000000	100	100	0	0.904020
1719000	-0.4000000000	0.0010000000	0.0001000000	100	100	0	0.904020
1720000	-0.4000000000	0.0010000000	0.0001000000	100	100	0	0.904020
1721000	-0.4000000000	0.0010000000	0.0001000000	100	100	0	0.904020
1722000	-0.4000000000	0.0010000000	0.0001000000	100	100	0	0.903925
1723000	-0.4000000000	0.0010000000	0.0001000000	100	100	0	0.904020
1724000	-0.4000000000	0.0010000000	0.0001000000	100	100	0	0.903972
1725000	-0.4000000000	0.0010000000	0.0001000000	100	100	0	0.904020
1726000	-0.4000000000	0.0010000000	0.0001000000	100	100	0	0.904020
1727000	-0.4000000000	0.0010000000	0.0001000000	100	100	0	0.904020
1728000	-0.4000000000	0.0010000000	0.0001000000	100	100	0	0.904020
1729000	-0.4000000000	0.0010000000	0.0001000000	100	100	0	0.899790
1730000	-0.4000000000	0.0010000000	0.0001000000	100	100	0	0.906373
1731000	-0.4000000000	0.0010000000	0.0001000000	100	100	0	0.908726
1732000	-0.4000000000	0.0010000000	0.0001000000	100	100	0	0.908726
1733000	-0.4000000000	0.0010000000	0.0001000000	100	100	0	0.908726
1734000	-0.4000000000	0.0010000000	0.0001000000	100	100	0	0.908726
1735000	-0.4000000000	0.0010000000	0.0001000000	100	100	0	0.908726
1736000	-0.4000000000	0.0010000000	0.0001000000	100	100	0	0.908726
1737000	-0.4000000000	0.0010000000	0.0001000000	100	100	0	0.908726
1738000	-0.4000000000	0.0010000000	0.0001000000	100	100	0	0.908726
1739000	-0.4000000000	0.0010000000	0.0001000000	100	100	0	0.908726
1740000	-0.4000000000	0.0010000000	0.0001000000	100	100	0	0.913059
1741000	-0.4000000000	0.0010000000	0.0001000000	100	100	0	0.917994
1742000	-0.4000000000	0.0010000000	0.0001000000	100	100	0	0.913385
1743000	-0.4000000000	0.0010000000	0.0001000000	100	100	0	0.913385
1744000	-0.4000000000	0.0010000000	0.0001000000	100	100	0	0.913385
1745000	-0.4000000000	0.0010000000	0.0001000000	100	100	0	0.913385
1746000	-0.4000000000	0.0010000000	0.0001000000	100	100	0	0.913385
1747000	-0.4000000000	0.0010000000	0.0001000000	100	100	0	0.908726
1748000	-0.4000000000	0.0010000000	0.0001000000	100	100	0	0.908726
1749000	-0.4000000000	0.0010000000	0.0001000000	100	100	0	0.908726
1750000	-0.4000000000	0.0010000000	0.0001000000	100	100	0	0.908726
1751000	-0.4000000000	0.0010000000	0.0001000000	100	100	0	0.908726
1752000	-0.4000000000	0.0010000000	0.0001000000	100	100	0	0.908726
1753000	-0.4000000000	0.0010000000	0.0001000000	100	100	0	0.908726
1754000	-0.4000000000	0.0010000000	0.0001000000	100	100	0	0.908726
1755000	-0.4000000000	0.0010000000	0.0001000000	100	100	0	0.908726
1756000	-0.4000000000	0.0010000000	0.0001000000	100	100	0	0.908726
1757000	-0.4000000000	0.0010000000	0.0001000000	100	100	0	0.908726
1758000	-0.4000000000	0.0010000000	0.0001000000	100	100	0	0.908726
1759000	-0.4000000000	0.0010000000	0.0001000000	100	100	0	0.908726
1760000	-0.4000000000	0.0010000000	0.0001000000	100	100	0	0.908726
1761000	-0.4000000000	0.0010000000	0.0001000000	100	100	0	0.908726
1762000	-0.4000000000	0.0010000000	0.0001000000	100	100	0	0.908726
1763000	-0.4000000000	0.0010000000	0.0001000000	100	100	0	0.908726
1764000	-0.4000000000	0.0010000000	0.0001000000	100	100	0	0.908726
1765000	-0.4000000000	0.0010000000	0.0001000000	100	100	0	0.908726
1766000	-0.4000000000	0.0010000000	0.0001000000	100	100	0	0.908726
1767000	-0.4000000000	0.0010000000	0.0001000000	100	100	0	0.908726
1768000	-0.4000000000	0.0010000000	0.0001000000	100	100	0	0.908726
1769000	-0.4000000000	0.0010000000	0.0001000000	100	100	0	0.908726
1770000	-0.4000000000	0.0010000000	0.0001000000	100	100	0	0.908726
1771000	-0.4000000000	0.0010000000	0.0001000000	100	100	0	0.908726
1772000	-0.4000000000	0.0010000000	0.0001000000	100	100	0	0.908726
1773000	-0.4000000000	0.0010000000	0.0001000000	100	100	0	0.908726
1774000	-0.4000000000	0.0010000000	0.0001000000	100	100	0	0.908679
1775000	-0.4000000000	0.0010000000	0.0001000000	100	100	0	0.908726
1776000	-0.4000000000	0.0010000000	0.0001000000	100	100	0	0.908726
1777000	-0.4000000000	0.0010000000	0.0001000000	100	100	0	0.908726
1778000	-0.4000000000	0.0010000000	0.0001000000	100	100	0	0.908726
1779000	-0.4000000000	0.0010000000	0.0001000000	100	100	0	0.908726
1780000	-0.4000000000	0.0010000000	0.0001000000	100	100	0	0.908726
1781000	-0.4000000000	0.0010000000	0.0001000000	100	100	0	0.908726
1782000	-0.4000000000	0.0010000000	0.0001000000	100	100	0	0.908726
1783000	-0.4000000000	0.0010000000	0.0001000000	100	100	0	0.907079
1784000	-0.4000000000	0.0010000000	0.0001000000	100	100	0	0.904020
1785000	-0.4000000000	0.0010000000	0.0001000000	100	100	0	0.904020
1786000	-0.4000000000	0.0010000000	0.0001000000	100	100	0	0.904020
1787000	-0.4000000000	0.0010000000	0.0001000000	100	100	0	0.904020
1788000	-0.4000000000	0.0010000000	0.0001000000	100	100	0	0.904020
1789000	-0.4000000000	0.0010000000	0.0001000000	100	100	0	0.904020
1790000	-0.4000000000	0.0010000000	0.0001000000	100	100	0	0.904020
1791000	-0.4000000000	0.0010000000	0.0001000000	100	100	0	0.904020
1792000	-0.4000000000	0.0010000000	0.0001000000	100	100	0	0.904020
1793000	-0.4000000000	0.0010000000	0.0001000000	100	100	0	0.904020
1794000	-0.4000000000	0.0010000000	0.0001000000	100	100	0	0.904067
1795000	-0.4000000000	0.0010000000	0.0001000000	100	100	0	0.903639
1796000	-0.4000000000	0.0010000000	0.0001000000	100	100	0	0.904020
1797000	-0.4000000000	0.0010000000	0.0001000000	100	100	0	0.904020
1798000	-0.4000000000	0.0010000000	0.0001000000	100	100	0	0.904020
1799000	-0.4000000000	0.0010000000	0.0001000000	100	100	0	0.904020
1800000	-0.4000000000	0.0010000000	0.0001000000	100	100	0	0.899267
1801000	-0.4000000000	0.0010000000	0.0001000000	100	100	0	0.899267
1802000	-0.4000000000	0.0010000000	0.0001000000	100	100	0	0.899267
1803000	-0.4000000000	0.0010000000	0.0001000000	100	100	0	0.904020
1804000	-0.4000000000	0.0010000000	0.0001000000	100	100	0	0.904020
1805000	-0.4000000000	0.0010000000	0.0001000000	100	100	0	0.904584
1806000	-0.4000000000	0.0010000000	0.0001000000	100	100	0	0.904020
1807000	-0.4000000000	0.0010000000	0.0001000000	100	100	0	0.904020
1808000	-0.4000000000	0.0010000000	0.0001000000	100	100	0	0.908726
1809000	-0.4000000000	0.0010000000	0.0001000000	100	100	0	0.908726
1810000	-0.4000000000	0.0010000000	0.0001000000	100	100	0	0.908679
1811000	-0.4000000000	0.0010000000	0.0001000000	100	100	0	0.911149
1812000	-0.4000000000	0.0010000000	0.0001000000	100	100	0	0.913385
1813000	-0.4000000000	0.0010000000	0.0001000000	100	100	0	0.913385
1814000	-0.4000000000	0.0010000000	0.0001000000	100	100	0	0.913385
1815000	-0.4000000000	0.0010000000	0.0001000000	100	100	0	0.916058
1816000	-0.4000000000	0.0010000000	0.0001000000	100	100	0	0.913385
1817000	-0.4000000000	0.0010000000	0.0001000000	100	100	0	0.913385
1818000	-0.4000000000	0.0010000000	0.0001000000	100	100	0	0.913385
1819000	-0.4000000000	0.0010000000	0.0001000000	100	100	0	0.913385
1820000	-0.4000000000	0.0010000000	0.0001000000	100	100	0	0.913385
1821000	-0.4000000000	0.0010000000	0.0001000000	100	100	0	0.913385
1822000	-0.4000000000	0.0010000000	0.0001000000	100	100	0	0.913385
1823000	-0.4000000000	0.0010000000	0.0001000000	100	100	0	0.913385
1824000	-0.4000000000	0.0010000000	0.0001000000	100	100	0	0.913385
1825000	-0.4000000000	0.0010000000	0.0001000000	100	100	0	0.913385
1826000	-0.4000000000	0.0010000000	0.0001000000	100	100	0	0.913385
1827000	-0.4000000000	0.0010000000	0.0001000000	100	100	0	0.913385
1828000	-0.4000000000	0.0010000000	0.0001000000	100	100	0	0.913385
1829000	-0.4000000000	0.0010000000	0.0001000000	100	100	0	0.913385
1830000	-0.4000000000	0.0010000000	0.0001000000	100	100	0	0.913385
1831000	-0.4000000000	0.0010000000	0.0001000000	100	100	0	0.913385
1832000	-0.4000000000	0.0010000000	0.0001000000	100	100	0	0.913385
1833000	-0.4000000000	0.0010000000	0.0001000000	100	100	0	0.913385
1834000	-0.4000000000	0.0010000000	0.0001000000	100	100	0	0.913385
1835000	-0.4000000000	0.0010000000	0.0001000000	100	100	0	0.913385
1836000	-0.4000000000	0.0010000000	0.0001000000	100	100	0	0.908726
1837000	-0.4000000000	0.0010000000	0.0001000000	100	100	0	0.908726
1838000	-0.4000000000	0.0010000000	0.0001000000	100	100	0	0.908726
1839000	-0.4000000000	0.0010000000	0.0001000000	100	100	0	0.908726
1840000	-0.4000000000	0.0010000000	0.0001000000	100	100	0	0.913616
1841000	-0.4000000000	0.0010000000	0.0001000000	100	100	0	0.913385
1842000	-0.4000000000	0.0010000000	0.0001000000	100	100	0	0.908726
1843000	-0.4000000000	0.0010000000	0.0001000000	100	100	0	0.908726
1844000	-0.4000000000	0.0010000000	0.0001000000	100	100	0	0.908726
1845000	-0.4000000000	0.0010000000	0.0001000000	100	100	0	0.908726
1846000	-0.4000000000	0.0010000000	0.0001000000	100	100	0	0.908726
1847000	-0.4000000000	0.0010000000	0.0001000000	100	100	0	0.908726
1848000	-0.4000000000	0.0010000000	0.0001000000	100	100	0	0.908726
1849000	-0.4000000000	0.0010000000	0.0001000000	100	100	0	0.904020
1850000	-0.4000000000	0.0010000000	0.0001000000	100	100	0	0.904020
1851000	-0.4000000000	0.0010000000	0.0001000000	100	100	0	0.908726
1852000	-0.4000000000	0.0010000000	0.0001000000	100	100	0	0.908726
1853000	-0.4000000000	0.0010000000	0.0001000000	100	100	0	0.908726
1854000	-0.4000000000	0.0010000000	0.0001000000	100	100	0	0.908726
1855000	-0.4000000000	0.0010000000	0.0001000000	100	100	0	0.908726
1856000	-0.4000000000	0.0010000000	0.0001000000	100	100	0	0.913385
1857000	-0.4000000000	0.0010000000	0.0001000000	100	100	0	0.913385
1858000	-0.4000000000	0.0010000000	0.0001000000	100	100	0	0.913385
1859000	-0.4000000000	0.0010000000	0.0001000000	100	100	0	0.910217
1860000	-0.4000000000	0.0010000000	0.0001000000	100	100	0	0.913385
1861000	-0.4000000000	0.0010000000	0.0001000000	100	100	0	0.913385
1862000	-0.4000000000	0.0010000000	0.0001000000	100	100	0	0.913385
1863000	-0.4000000000	0.0010000000	0.0001000000	100	100	0	0.913385
1864000	-0.4000000000	0.0010000000	0.0001000000	100	100	0	0.913246
1865000	-0.4000000000	0.0010000000	0.0001000000	100	100	0	0.913385
1866000	-0.4000000000	0.0010000000	0.0001000000	100	100	0	0.913385
1867000	-0.4000000000	0.0010000000	0.0001000000	100	100	0	0.913339
1868000	-0.4000000000	0.0010000000	0.0001000000	100	100	0	0.913385
1869000	-0.4000000000	0.0010000000	0.0001000000	100	100	0	0.913385
1870000	-0.4000000000	0.0010000000	0.0001000000	100	100	0	0.913385
1871000	-0.4000000000	0.0010000000	0.0001000000	100	100	0	0.913385
1872000	-0.4000000000	0.0010000000	0.0001000000	100	100	0	0.913339
1873000	-0.4000000000	0.0010000000	0.0001000000	100	100	0	0.908726
1874000	-0.4000000000	0.0010000000	0.0001000000	100	100	0	0.908726
1875000	-0.4000000000	0.0010000000	0.0001000000	100	100	0	0.908726
1876000	-0.4000000000	0.0010000000	0.0001000000	100	100	0	0.908726
1877000	-0.4000000000	0.0010000000	0.0001000000	100	100	0	0.908726
1878000	-0.4000000000	0.0010000000	0.0001000000	100	100	0	0.908726
1879000	-0.4000000000	0.0010000000	0.0001000000	100	100	0	0.908726
1880000	-0.4000000000	0.0010000000	0.0001000000	100	100	0	0.908726
1881000	-0.4000000000	0.0010000000	0.0001000000	100	100	0	0.908726
1882000	-0.4000000000	0.0010000000	0.0001000000	100	100	0	0.908726
1883000	-0.4000000000	0.0010000000	0.0001000000	100	100	0	0.908726
1884000	-0.4000000000	0.0010000000	0.0001000000	100	100	0	0.908726
1885000	-0.4000000000	0.0010000000	0.0001000000	100	100	0	0.908726
1886000	-0.4000000000	0.0010000000	0.0001000000	100	100	0	0.908866
1887000	-0.4000000000	0.0010000000	0.0001000000	100	100	0	0.908726
1888000	-0.4000000000	0.0010000000	0.0001000000	100	100	0	0.905243
1889000	-0.4000000000	0.0010000000	0.0001000000	100	100	0	0.909006
1890000	-0.4000000000	0.0010000000	0.0001000000	100	100	0	0.908726
1891000	-0.4000000000	0.0010000000	0.0001000000	100	100	0	0.908726
1892000	-0.4000000000	0.0010000000	0.0001000000	100	100	0	0.908679
1893000	-0.4000000000	0.0010000000	0.0001000000	100	100	0	0.908726
1894000	-0.4000000000	0.0010000000	0.0001000000	100	100	0	0.908726
1895000	-0.4000000000	0.0010000000	0.0001000000	100	100	0	0.908726
1896000	-0.4000000000	0.0010000000	0.0001000000	100	100	0	0.908726
1897000	-0.4000000000	0.0010000000	0.0001000000	100	100	0	0.908726
1898000	-0.4000000000	0.0010000000	0.0001000000	100	100	0	0.908726
1899000	-0.4000000000	0.0010000000	0.0001000000	100	100	0	0.908726
1900000	-0.4000000000	0.0010000000	0.0001000000	100	100	0	0.908726
1901000	-0.4000000000	0.0010000000	0.0001000000	100	100	0	0.908773
1902000	-0.4000000000	0.0010000000	0.0001000000	100	100	0	0.908726
1903000	-0.4000000000	0.0010000000	0.0001000000	100	100	0	0.908726
1904000	-0.4000000000	0.0010000000	0.0001000000	100	100	0	0.908726
1905000	-0.4000000000	0.0010000000	0.0001000000	100	100	0	0.904020
1906000	-0.4000000000	0.0010000000	0.0001000000	100	100	0	0.904020
1907000	-0.4000000000	0.0010000000	0.0001000000	100	100	0	0.904020
1908000	-0.4000000000	0.0010000000	0.0001000000	100	100	0	0.904020
1909000	-0.4000000000	0.0010000000	0.0001000000	100	100	0	0.904020
1910000	-0.4000000000	0.0010000000	0.0001000000	100	100	0	0.904020
1911000	-0.4000000000	0.0010000000	0.0001000000	100	100	0	0.903972
1912000	-0.4000000000	0.0010000000	0.0001000000	100	100	0	0.904020
1913000	-0.4000000000	0.0010000000	0.0001000000	100	100	0	0.904020
1914000	-0.4000000000	0.0010000000	0.0001000000	100	100	0	0.904020
1915000	-0.4000000000	0.0010000000	0.0001000000	100	100	0	0.908726
1916000	-0.4000000000	0.0010000000	0.0001000000	100	100	0	0.908726
1917000	-0.4000000000	0.0010000000	0.0001000000	100	100	0	0.908726
1918000	-0.4000000000	0.0010000000	0.0001000000	100	100	0	0.908726
1919000	-0.4000000000	0.0010000000	0.0001000000	100	100	0	0.908726
1920000	-0.4000000000	0.0010000000	0.0001000000	100	100	0	0.908726
1921000	-0.4000000000	0.0010000000	0.0001000000	100	100	0	0.908726
1922000	-0.4000000000	0.0010000000	0.0001000000	100	100	0	0.908726
1923000	-0.4000000000	0.0010000000	0.0001000000	100	100	0	0.908913
1924000	-0.4000000000	0.0010000000	0.0001000000	100	100	0	0.908726
1925000	-0.4000000000	0.0010000000	0.0001000000	100	100	0	0.908726
1926000	-0.4000000000	0.0010000000	0.0001000000	100	100	0	0.908726
1927000	-0.4000000000	0.0010000000	0.0001000000	100	100	0	0.908726
1928000	-0.4000000000	0.0010000000	0.0001000000	100	100	0	0.908726
1929000	-0.4000000000	0.0010000000	0.0001000000	100	100	0	0.908726
1930000	-0.4000000000	0.0010000000	0.0001000000	100	100	0	0.908726
1931000	-0.4000000000	0.0010000000	0.0001000000	100	100	0	0.908726
1932000	-0.4000000000	0.0010000000	0.0001000000	100	100	0	0.908773
1933000	-0.4000000000	0.0010000000	0.0001000000	100	100	0	0.908726
1934000	-0.4000000000	0.0010000000	0.0001000000	100	100	0	0.908726
1935000	-0.4000000000	0.0010000000	0.0001000000	100	100	0	0.908726
1936000	-0.4000000000	0.0010000000	0.0001000000	100	100	0	0.908726
1937000	-0.4000000000	0.0010000000	0.0001000000	100	100	0	0.908726
1938000	-0.4000000000	0.0010000000	0.0001000000	100	100	0	0.908726
1939000	-0.4000000000	0.0010000000	0.0001000000	100	100	0	0.908632
1940000	-0.4000000000	0.0010000000	0.0001000000	100	100	0	0.908726
1941000	-0.4000000000	0.0010000000	0.0001000000	100	100	0	0.908679
1942000	-0.4000000000	0.0010000000	0.0001000000	100	100	0	0.908726
1943000	-0.4000000000	0.0010000000	0.0001000000	100	100	0	0.908726
1944000	-0.4000000000	0.0010000000	0.0001000000	100	100	0	0.908726
1945000	-0.4000000000	0.0010000000	0.0001000000	100	100	0	0.908726
1946000	-0.4000000000	0.0010000000	0.0001000000	100	100	0	0.908726
1947000	-0.4000000000	0.0010000000	0.0001000000	100	100	0	0.908726
1948000	-0.4000000000	0.0010000000	0.0001000000	100	100	0	0.908726
1949000	-0.4000000000	0.0010000000	0.0001000000	100	100	0	0.908726
1950000	-0.4000000000	0.0010000000	0.0001000000	100	100	0	0.908726
1951000	-0.4000000000	0.0010000000	0.0001000000	100	100	0	0.908726
1952000	-0.4000000000	0.0010000000	0.0001000000	100	100	0	0.908726
1953000	-0.4000000000	0.0010000000	0.0001000000	100	100	0	0.904020
1954000	-0.4000000000	0.0010000000	0.0001000000	100	100	0	0.904020
1955000	-0.4000000000	0.0010000000	0.0001000000	100	100	0	0.904020
1956000	-0.4000000000	0.0010000000	0.0001000000	100	100	0	0.904020
1957000	-0.4000000000	0.0010000000	0.0001000000	100	100	0	0.908726
1958000	-0.4000000000	0.0010000000	0.0001000000	100	100	0	0.908726
1959000	-0.4000000000	0.0010000000	0.0001000000	100	100	0	0.908585
1960000	-0.4000000000	0.0010000000	0.0001000000	100	100	0	0.908726
1961000	-0.4000000000	0.0010000000	0.0001000000	100	100	0	0.908726
1962000	-0.4000000000	0.0010000000	0.0001000000	100	100	0	0.908726
1963000	-0.4000000000	0.0010000000	0.0001000000	100	100	0	0.908726
1964000	-0.4000000000	0.0010000000	0.0001000000	100	100	0	0.908726
1965000	-0.4000000000	0.0010000000	0.0001000000	100	100	0	0.904020
1966000	-0.4000000000	0.0010000000	0.0001000000	100	100	0	0.899267
1967000	-0.4000000000	0.0010000000	0.0001000000	100	100	0	0.899267
1968000	-0.4000000000	0.0010000000	0.0001000000	100	100	0	0.904020
1969000	-0.4000000000	0.0010000000	0.0001000000	100	100	0	0.904020
1970000	-0.4000000000	0.0010000000	0.0001000000	100	100	0	0.904020
1971000	-0.4000000000	0.0010000000	0.0001000000	100	100	0	0.904020
1972000	-0.4000000000	0.0010000000	0.0001000000	100	100	0	0.904020
1973000	-0.4000000000	0.0010000000	0.0001000000	100	100	0	0.904020
1974000	-0.4000000000	0.0010000000	0.0001000000	100	100	0	0.904020
1975000	-0.4000000000	0.0010000000	0.0001000000	100	100	0	0.908726
1976000	-0.4000000000	0.0010000000	0.0001000000	100	100	0	0.908726
1977000	-0.4000000000	0.0010000000	0.0001000000	100	100	0	0.908726
1978000	-0.4000000000	0.0010000000	0.0001000000	100	100	0	0.908726
1979000	-0.4000000000	0.0010000000	0.0001000000	100	100	0	0.908726
1980000	-0.4000000000	0.0010000000	0.0001000000	100	100	0	0.908303
1981000	-0.4000000000	0.0010000000	0.0001000000	100	100	0	0.908726
1982000	-0.4000000000	0.0010000000	0.0001000000	100	100	0	0.908726
1983000	-0.4000000000	0.0010000000	0.0001000000	100	100	0	0.908726
1984000	-0.4000000000	0.0010000000	0.0001000000	100	100	0	0.908726
1985000	-0.4000000000	0.0010000000	0.0001000000	100	100	0	0.908726
1986000	-0.4000000000	0.0010000000	0.0001000000	100	100	0	0.908726
1987000	-0.4000000000	0.0010000000	0.0001000000	100	100	0	0.908726
1988000	-0.4000000000	0.0010000000	0.0001000000	100	100	0	0.908726
1989000	-0.4000000000	0.0010000000	0.0001000000	100	100	0	0.908726
1990000	-0.4000000000	0.0010000000	0.0001000000	100	100	0	0.908726
1991000	-0.4000000000	0.0010000000	0.0001000000	100	100	0	0.908726
1992000	-0.4000000000	0.0010000000	0.0001000000	100	100	0	0.908726
1993000	-0.4000000000	0.0010000000	0.0001000000	100	100	0	0.908726
1994000	-0.4000000000	0.0010000000	0.0001000000	100	100	0	0.908726
1995000	-0.4000000000	0.0010000000	0.0001000000	100	100	0	0.908679
1996000	-0.4000000000	0.0010000000	0.0001000000	100	100	0	0.908726
1997000	-0.4000000000	0.0010000000	0.0001000000	100	100	0	0.908726
1998000	-0.4000000000	0.0010000000	0.0001000000	100	100	0	0.908773
1999000	-0.4000000000	0.0010000000	0.0001000000	100	100	0	0.908726
2000000	-0.4000000000	0.0010000000	0.0001000000	100	100	0	0.908726
2001000	-0.4000000000	0.0010000000	0.0001000000	100	100	0	0.908726
2002000	-0.4000000000	0.0010000000	0.0001000000	100	100	0	0.908726
2003000	-0.4000000000	0.0010000000	0.0001000000	100	100	0	0.908726
2004000	-0.4000000000	0.0010000000	0.0001000000	100	100	0	0.908726
2005000	-0.4000000000	0.0010000000	0.0001000000	100	100	0	0.908726
2006000	-0.4000000000	0.0010000000	0.0001000000	100	100	0	0.908726
2007000	-0.4000000000	0.0010000000	0.0001000000	100	100	0	0.908726
2008000	-0.4000000000	0.0010000000	0.0001000000	100	100	0	0.907644
2009000	-0.4000000000	0.0010000000	0.0001000000	100	100	0	0.908726
2010000	-0.4000000000	0.0010000000	0.0001000000	100	100	0	0.908726
2011000	-0.4000000000	0.0010000000	0.0001000000	100	100	0	0.908726
2012000	-0.4000000000	0.0010000000	0.0001000000	100	100	0	0.908726
2013000	-0.4000000000	0.0010000000	0.0001000000	100	100	0	0.908726
2014000	-0.4000000000	0.0010000000	0.0001000000	100	100	0	0.908726
2015000	-0.4000000000	0.0010000000	0.0001000000	100	100	0	0.908726
2016000	-0.4000000000	0.0010000000	0.0001000000	100	100	0	0.908726
2017000	-0.4000000000	0.0010000000	0.0001000000	100	100	0	0.908726
2018000	-0.4000000000	0.0010000000	0.0001000000	100	100	0	0.908726
2019000	-0.4000000000	0.0010000000	0.0001000000	100	100	0	0.908726
2020000	-0.4000000000	0.0010000000	0.0001000000	100	100	0	0.908726
2021000	-0.4000000000	0.0010000000	0.0001000000	100	100	0	0.908726
2022000	-0.4000000000	0.0010000000	0.0001000000	100	100	0	0.908726
2023000	-0.4000000000	0.0010000000	0.0001000000	100	100	0	0.908726
2024000	-0.4000000000	0.0010000000	0.0001000000	100	100	0	0.908726
2025000	-0.4000000000	0.0010000000	0.0001000000	100	100	0	0.908726
2026000	-0.4000000000	0.0010000000	0.0001000000	100	100	0	0.908726
2027000	-0.4000000000	0.0010000000	0.0001000000	100	100	0	0.911056
2028000	-0.4000000000	0.0010000000	0.0001000000	100	100	0	0.913385
2029000	-0.4000000000	0.0010000000	0.0001000000	100	100	0	0.917994
2030000	-0.4000000000	0.0010000000	0.0001000000	100	100	0	0.917994
2031000	-0.4000000000	0.0010000000	0.0001000000	100	100	0	0.917994
2032000	-0.4000000000	0.0010000000	0.0001000000	100	100	0	0.917994
2033000	-0.4000000000	0.0010000000	0.0001000000	100	100	0	0.917994
2034000	-0.4000000000	0.0010000000	0.0001000000	100	100	0	0.917994
2035000	-0.4000000000	0.0010000000	0.0001000000	100	100	0	0.917994
2036000	-0.4000000000	0.0010000000	0.0001000000	100	100	0	0.917994
2037000	-0.4000000000	0.0010000000	0.0001000000	100	100	0	0.917994
2038000	-0.4000000000	0.0010000000	0.0001000000	100	100	0	0.917994
2039000	-0.4000000000	0.0010000000	0.0001000000	100	100	0	0.915459
2040000	-0.4000000000	0.0010000000	0.0001000000	100	100	0	0.917994
2041000	-0.4000000000	0.0010000000	0.0001000000	100	100	0	0.917994
2042000	-0.4000000000	0.0010000000	0.0001000000	100	100	0	0.917855
2043000	-0.4000000000	0.0010000000	0.0001000000	100	100	0	0.917994
2044000	-0.4000000000	0.0010000000	0.0001000000	100	100	0	0.917994
2045000	-0.4000000000	0.0010000000	0.0001000000	100	100	0	0.917994
2046000	-0.4000000000	0.0010000000	0.0001000000	100	100	0	0.917994
2047000	-0.4000000000	0.0010000000	0.0001000000	100	100	0	0.917994
2048000	-0.4000000000	0.0010000000	0.0001000000	100	100	0	0.914860
2049000	-0.4000000000	0.0010000000	0.0001000000	100	100	0	0.913385
2050000	-0.4000000000	0.0010000000	0.0001000000	100	100	0	0.913385
2051000	-0.4000000000	0.0010000000	0.0001000000	100	100	0	0.913246
2052000	-0.4000000000	0.0010000000	0.0001000000	100	100	0	0.913385
2053000	-0.4000000000	0.0010000000	0.0001000000	100	100	0	0.913385
2054000	-0.4000000000	0.0010000000	0.0001000000	100	100	0	0.913385
2055000	-0.4000000000	0.0010000000	0.0001000000	100	100	0	0.917072
2056000	-0.4000000000	0.0010000000	0.0001000000	100	100	0	0.917994
2057000	-0.4000000000	0.0010000000	0.0001000000	100	100	0	0.917994
2058000	-0.4000000000	0.0010000000	0.0001000000	100	100	0	0.917994
2059000	-0.4000000000	0.0010000000	0.0001000000	100	100	0	0.917625
2060000	-0.4000000000	0.0010000000	0.0001000000	100	100	0	0.917994
2061000	-0.4000000000	0.0010000000	0.0001000000	100	100	0	0.918403
2062000	-0.4000000000	0.0010000000	0.0001000000	100	100	0	0.917994
2063000	-0.4000000000	0.0010000000	0.0001000000	100	100	0	0.917994
2064000	-0.4000000000	0.0010000000	0.0001000000	100	100	0	0.917994
2065000	-0.4000000000	0.0010000000	0.0001000000	100	100	0	0.917994
2066000	-0.4000000000	0.0010000000	0.0001000000	100	100	0	0.917994
2067000	-0.4000000000	0.0010000000	0.0001000000	100	100	0	0.917994
2068000	-0.4000000000	0.0010000000	0.0001000000	100	100	0	0.917994
2069000	-0.4000000000	0.0010000000	0.0001000000	100	100	0	0.917994
2070000	-0.4000000000	0.0010000000	0.0001000000	100	100	0	0.917994
2071000	-0.4000000000	0.0010000000	0.0001000000	100	100	0	0.917994
2072000	-0.4000000000	0.0010000000	0.0001000000	100	100	0	0.917994
2073000	-0.4000000000	0.0010000000	0.0001000000	100	100	0	0.917994
2074000	-0.4000000000	0.0010000000	0.0001000000	100	100	0	0.917994
2075000	-0.4000000000	0.0010000000	0.0001000000	100	100	0	0.917994
2076000	-0.4000000000	0.0010000000	0.0001000000	100	100	0	0.917625
2077000	-0.4000000000	0.0010000000	0.0001000000	100	100	0	0.917994
2078000	-0.4000000000	0.0010000000	0.0001000000	100	100	0	0.918267
2079000	-0.4000000000	0.0010000000	0.0001000000	100	100	0	0.917994
2080000	-0.4000000000	0.0010000000	0.0001000000	100	100	0	0.917994
2081000	-0.4000000000	0.0010000000	0.0001000000	100	100	0	0.917994
2082000	-0.4000000000	0.0010000000	0.0001000000	100	100	0	0.917994
2083000	-0.4000000000	0.0010000000	0.0001000000	100	100	0	0.917994
2084000	-0.4000000000	0.0010000000	0.0001000000	100	100	0	0.917994
2085000	-0.4000000000	0.0010000000	0.0001000000	100	100	0	0.913385
2086000	-0.4000000000	0.0010000000	0.0001000000	100	100	0	0.913385
2087000	-0.4000000000	0.0010000000	0.0001000000	100	100	0	0.913385
2088000	-0.4000000000	0.0010000000	0.0001000000	100	100	0	0.913385
2089000	-0.4000000000	0.0010000000	0.0001000000	100	100	0	0.913385
2090000	-0.4000000000	0.0010000000	0.0001000000	100	100	0	0.913385
2091000	-0.4000000000	0.0010000000	0.0001000000	100	100	0	0.913385
2092000	-0.4000000000	0.0010000000	0.0001000000	100	100	0	0.913385
2093000	-0.4000000000	0.0010000000	0.0001000000	100	100	0	0.913339
2094000	-0.4000000000	0.0010000000	0.0001000000	100	100	0	0.913385
2095000	-0.4000000000	0.0010000000	0.0001000000	100	100	0	0.913385
2096000	-0.4000000000	0.0010000000	0.0001000000	100	100	0	0.913385
2097000	-0.4000000000	0.0010000000	0.0001000000	100	100	0	0.913385
2098000	-0.4000000000	0.0010000000	0.0001000000	100	100	0	0.913385
2099000	-0.4000000000	0.0010000000	0.0001000000	100	100	0	0.913385
2100000	-0.4000000000	0.0010000000	0.0001000000	100	100	0	0.913385
2101000	-0.4000000000	0.0010000000	0.0001000000	100	100	0	0.913385
2102000	-0.4000000000	0.0010000000	0.0001000000	100	100	0	0.913385
2103000	-0.4000000000	0.0010000000	0.0001000000	100	100	0	0.909006
2104000	-0.4000000000	0.0010000000	0.0001000000	100	100	0	0.913385
2105000	-0.4000000000	0.0010000000	0.0001000000	100	100	0	0.913385
2106000	-0.4000000000	0.0010000000	0.0001000000	100	100	0	0.913385
2107000	-0.4000000000	0.0010000000	0.0001000000	100	100	0	0.913385
2108000	-0.4000000000	0.0010000000	0.0001000000	100	100	0	0.913385
2109000	-0.4000000000	0.0010000000	0.0001000000	100	100	0	0.913385
2110000	-0.4000000000	0.0010000000	0.0001000000	100	100	0	0.913385
2111000	-0.4000000000	0.0010000000	0.0001000000	100	100	0	0.913385
2112000	-0.4000000000	0.0010000000	0.0001000000	100	100	0	0.913385
2113000	-0.4000000000	0.0010000000	0.0001000000	100	100	0	0.913385
2114000	-0.4000000000	0.0010000000	0.0001000000	100	100	0	0.913385
2115000	-0.4000000000	0.0010000000	0.0001000000	100	100	0	0.913385
2116000	-0.4000000000	0.0010000000	0.0001000000	100	100	0	0.913385
2117000	-0.4000000000	0.0010000000	0.0001000000	100	100	0	0.913385
2118000	-0.4000000000	0.0010000000	0.0001000000	100	100	0	0.913385
2119000	-0.4000000000	0.0010000000	0.0001000000	100	100	0	0.913385
2120000	-0.4000000000	0.0010000000	0.0001000000	100	100	0	0.913385
2121000	-0.4000000000	0.0010000000	0.0001000000	100	100	0	0.913385
2122000	-0.4000000000	0.0010000000	0.0001000000	100	100	0	0.913385
2123000	-0.4000000000	0.0010000000	0.0001000000	100	100	0	0.913385
2124000	-0.4000000000	0.0010000000	0.0001000000	100	100	0	0.913385
2125000	-0.4000000000	0.0010000000	0.0001000000	100	100	0	0.913385
2126000	-0.4000000000	0.0010000000	0.0001000000	100	100	0	0.913385
2127000	-0.4000000000	0.0010000000	0.0001000000	100	100	0	0.913385
2128000	-0.4000000000	0.0010000000	0.0001000000	100	100	0	0.913385
2129000	-0.4000000000	0.0010000000	0.0001000000	100	100	0	0.913385
2130000	-0.4000000000	0.0010000000	0.0001000000	100	100	0	0.913385
2131000	-0.4000000000	0.0010000000	0.0001000000	100	100	0	0.913385
2132000	-0.4000000000	0.0010000000	0.0001000000	100	100	0	0.913385
2133000	-0.4000000000	0.0010000000	0.0001000000	100	100	0	0.913385
2134000	-0.4000000000	0.0010000000	0.0001000000	100	100	0	0.913385
2135000	-0.4000000000	0.0010000000	0.0001000000	100	100	0	0.913662
2136000	-0.4000000000	0.0010000000	0.0001000000	100	100	0	0.913385
2137000	-0.4000000000	0.0010000000	0.0001000000	100	100	0	0.913385
2138000	-0.4000000000	0.0010000000	0.0001000000	100	100	0	0.913385
2139000	-0.4000000000	0.0010000000	0.0001000000	100	100	0	0.913385
2140000	-0.4000000000	0.0010000000	0.0001000000	100	100	0	0.913385
2141000	-0.4000000000	0.0010000000	0.0001000000	100	100	0	0.913385
2142000	-0.4000000000	0.0010000000	0.0001000000	100	100	0	0.913385
2143000	-0.4000000000	0.0010000000	0.0001000000	100	100	0	0.913385
2144000	-0.4000000000	0.0010000000	0.0001000000	100	100	0	0.913385
2145000	-0.4000000000	0.0010000000	0.0001000000	100	100	0	0.913385
2146000	-0.4000000000	0.0010000000	0.0001000000	100	100	0	0.913385
2147000	-0.4000000000	0.0010000000	0.0001000000	100	100	0	0.913013
2148000	-0.4000000000	0.0010000000	0.0001000000	100	100	0	0.913385
2149000	-0.4000000000	0.0010000000	0.0001000000	100	100	0	0.913385
2150000	-0.4000000000	0.0010000000	0.0001000000	100	100	0	0.913385
2151000	-0.4000000000	0.0010000000	0.0001000000	100	100	0	0.913385
2152000	-0.4000000000	0.0010000000	0.0001000000	100	100	0	0.913385
2153000	-0.4000000000	0.0010000000	0.0001000000	100	100	0	0.913385
2154000	-0.4000000000	0.0010000000	0.0001000000	100	100	0	0.913385
2155000	-0.4000000000	0.0010000000	0.0001000000	100	100	0	0.913385
2156000	-0.4000000000	0.0010000000	0.0001000000	100	100	0	0.913385
2157000	-0.4000000000	0.0010000000	0.0001000000	100	100	0	0.913385
2158000	-0.4000000000	0.0010000000	0.0001000000	100	100	0	0.917994
2159000	-0.4000000000	0.0010000000	0.0001000000	100	100	0	0.917994
2160000	-0.4000000000	0.0010000000	0.0001000000	100	100	0	0.917994
2161000	-0.4000000000	0.0010000000	0.0001000000	100	100	0	0.917994
2162000	-0.4000000000	0.0010000000	0.0001000000	100	100	0	0.917994
2163000	-0.4000000000	0.0010000000	0.0001000000	100	100	0	0.917994
2164000	-0.4000000000	0.0010000000	0.0001000000	100	100	0	0.917994
2165000	-0.4000000000	0.0010000000	0.0001000000	100	100	0	0.917994
2166000	-0.4000000000	0.0010000000	0.0001000000	100	100	0	0.917994
2167000	-0.4000000000	0.0010000000	0.0001000000	100	100	0	0.917994
2168000	-0.4000000000	0.0010000000	0.0001000000	100	100	0	0.917994
2169000	-0.4000000000	0.0010000000	0.0001000000	100	100	0	0.913385
2170000	-0.4000000000	0.0010000000	0.0001000000	100	100	0	0.913385
2171000	-0.4000000000	0.0010000000	0.0001000000	100	100	0	0.917994
2172000	-0.4000000000	0.0010000000	0.0001000000	100	100	0	0.917994
2173000	-0.4000000000	0.0010000000	0.0001000000	100	100	0	0.917994
2174000	-0.4000000000	0.0010000000	0.0001000000	100	100	0	0.917994
2175000	-0.4000000000	0.0010000000	0.0001000000	100	100	0	0.917994
2176000	-0.4000000000	0.0010000000	0.0001000000	100	100	0	0.917994
2177000	-0.4000000000	0.0010000000	0.0001000000	100	100	0	0.917994
2178000	-0.4000000000	0.0010000000	0.0001000000	100	100	0	0.917994
2179000	-0.4000000000	0.0010000000	0.0001000000	100	100	0	0.917994
2180000	-0.4000000000	0.0010000000	0.0001000000	100	100	0	0.917994
2181000	-0.4000000000	0.0010000000	0.0001000000	100	100	0	0.917994
2182000	-0.4000000000	0.0010000000	0.0001000000	100	100	0	0.917994
2183000	-0.4000000000	0.0010000000	0.0001000000	100	100	0	0.917994
2184000	-0.4000000000	0.0010000000	0.0001000000	100	100	0	0.917994
2185000	-0.4000000000	0.0010000000	0.0001000000	100	100	0	0.917994
2186000	-0.4000000000	0.0010000000	0.0001000000	100	100	0	0.917994
2187000	-0.4000000000	0.0010000000	0.0001000000	100	100	0	0.917994
2188000	-0.4000000000	0.0010000000	0.0001000000	100	100	0	0.917994
2189000	-0.4000000000	0.0010000000	0.0001000000	100	100	0	0.917994
2190000	-0.4000000000	0.0010000000	0.0001000000	100	100	0	0.917994
2191000	-0.4000000000	0.0010000000	0.0001000000	100	100	0	0.917994
2192000	-0.4000000000	0.0010000000	0.0001000000	100	100	0	0.917994
2193000	-0.4000000000	0.0010000000	0.0001000000	100	100	0	0.917994
2194000	-0.4000000000	0.0010000000	0.0001000000	100	100	0	0.917994
2195000	-0.4000000000	0.0010000000	0.0001000000	100	100	0	0.917994
2196000	-0.4000000000	0.0010000000	0.0001000000	100	100	0	0.917994
2197000	-0.4000000000	0.0010000000	0.0001000000	100	100	0	0.917994
2198000	-0.4000000000	0.0010000000	0.0001000000	100	100	0	0.917994
2199000	-0.4000000000	0.0010000000	0.0001000000	100	100	0	0.917994
2200000	-0.4000000000	0.0010000000	0.0001000000	100	100	0	0.917994
2201000	-0.4000000000	0.0010000000	0.0001000000	100	100	0	0.917994
2202000	-0.4000000000	0.0010000000	0.0001000000	100	100	0	0.917994
2203000	-0.4000000000	0.0010000000	0.0001000000	100	100	0	0.917994
2204000	-0.4000000000	0.0010000000	0.0001000000	100	100	0	0.918358
2205000	-0.4000000000	0.0010000000	0.0001000000	100	100	0	0.917994
2206000	-0.4000000000	0.0010000000	0.0001000000	100	100	0	0.917994
2207000	-0.4000000000	0.0010000000	0.0001000000	100	100	0	0.912221
2208000	-0.4000000000	0.0010000000	0.0001000000	100	100	0	0.913385
2209000	-0.4000000000	0.0010000000	0.0001000000	100	100	0	0.913385
2210000	-0.4000000000	0.0010000000	0.0001000000	100	100	0	0.913385
2211000	-0.4000000000	0.0010000000	0.0001000000	100	100	0	0.913385
2212000	-0.4000000000	0.0010000000	0.0001000000	100	100	0	0.913385
2213000	-0.4000000000	0.0010000000	0.0001000000	100	100	0	0.913385
2214000	-0.4000000000	0.0010000000	0.0001000000	100	100	0	0.913385
2215000	-0.4000000000	0.0010000000	0.0001000000	100	100	0	0.913385
2216000	-0.4000000000	0.0010000000	0.0001000000	100	100	0	0.913385
2217000	-0.4000000000	0.0010000000	0.0001000000	100	100	0	0.908726
2218000	-0.4000000000	0.0010000000	0.0001000000	100	100	0	0.908726
2219000	-0.4000000000	0.0010000000	0.0001000000	100	100	0	0.908726
2220000	-0.4000000000	0.0010000000	0.0001000000	100	100	0	0.908726
2221000	-0.4000000000	0.0010000000	0.0001000000	100	100	0	0.908726
2222000	-0.4000000000	0.0010000000	0.0001000000	100	100	0	0.908726
2223000	-0.4000000000	0.0010000000	0.0001000000	100	100	0	0.908726
2224000	-0.4000000000	0.0010000000	0.0001000000	100	100	0	0.908726
2225000	-0.4000000000	0.0010000000	0.0001000000	100	100	0	0.908726
2226000	-0.4000000000	0.0010000000	0.0001000000	100	100	0	0.904020
2227000	-0.4000000000	0.0010000000	0.0001000000	100	100	0	0.904020
2228000	-0.4000000000	0.0010000000	0.0001000000	100	100	0	0.904020
2229000	-0.4000000000	0.0010000000	0.0001000000	100	100	0	0.904020
2230000	-0.4000000000	0.0010000000	0.0001000000	100	100	0	0.904020
2231000	-0.4000000000	0.0010000000	0.0001000000	100	100	0	0.903925
2232000	-0.4000000000	0.0010000000	0.0001000000	100	100	0	0.904020
2233000	-0.4000000000	0.0010000000	0.0001000000	100	100	0	0.904020
2234000	-0.4000000000	0.0010000000	0.0001000000	100	100	0	0.904020
2235000	-0.4000000000	0.0010000000	0.0001000000	100	100	0	0.903972
2236000	-0.4000000000	0.0010000000	0.0001000000	100	100	0	0.904020
2237000	-0.4000000000	0.0010000000	0.0001000000	100	100	0	0.904020
2238000	-0.4000000000	0.0010000000	0.0001000000	100	100	0	0.904020
2239000	-0.4000000000	0.0010000000	0.0001000000	100	100	0	0.904020
2240000	-0.4000000000	0.0010000000	0.0001000000	100	100	0	0.904020
2241000	-0.4000000000	0.0010000000	0.0001000000	100	100	0	0.904020
2242000	-0.4000000000	0.0010000000	0.0001000000	100	100	0	0.904020
2243000	-0.4000000000	0.0010000000	0.0001000000	100	100	0	0.904020
2244000	-0.4000000000	0.0010000000	0.0001000000	100	100	0	0.904020
2245000	-0.4000000000	0.0010000000	0.0001000000	100	100	0	0.904020
2246000	-0.4000000000	0.0010000000	0.0001000000	100	100	0	0.904020
2247000	-0.4000000000	0.0010000000	0.0001000000	100	100	0	0.904020
2248000	-0.4000000000	0.0010000000	0.0001000000	100	100	0	0.904020
2249000	-0.4000000000	0.0010000000	0.0001000000	100	100	0	0.904020
2250000	-0.4000000000	0.0010000000	0.0001000000	100	100	0	0.904020
2251000	-0.4000000000	0.0010000000	0.0001000000	100	100	0	0.904020
2252000	-0.4000000000	0.0010000000	0.0001000000	100	100	0	0.899267
2253000	-0.4000000000	0.0010000000	0.0001000000	100	100	0	0.894472
2254000	-0.4000000000	0.0010000000	0.0001000000	100	100	0	0.894472
2255000	-0.4000000000	0.0010000000	0.0001000000	100	100	0	0.894472
2256000	-0.4000000000	0.0010000000	0.0001000000	100	100	0	0.894472
2257000	-0.4000000000	0.0010000000	0.0001000000	100	100	0	0.894472
2258000	-0.4000000000	0.0010000000	0.0001000000	100	100	0	0.894472
2259000	-0.4000000000	0.0010000000	0.0001000000	100	100	0	0.894472
2260000	-0.4000000000	0.0010000000	0.0001000000	100	100	0	0.894472
2261000	-0.4000000000	0.0010000000	0.0001000000	100	100	0	0.894472
2262000	-0.4000000000	0.0010000000	0.0001000000	100	100	0	0.894472
2263000	-0.4000000000	0.0010000000	0.0001000000	100	100	0	0.894472
2264000	-0.4000000000	0.0010000000	0.0001000000	100	100	0	0.894472
2265000	-0.4000000000	0.0010000000	0.0001000000	100	100	0	0.894424
2266000	-0.4000000000	0.0010000000	0.0001000000	100	100	0	0.894472
2267000	-0.4000000000	0.0010000000	0.0001000000	100	100	0	0.894472
2268000	-0.4000000000	0.0010000000	0.0001000000	100	100	0	0.894472
2269000	-0.4000000000	0.0010000000	0.0001000000	100	100	0	0.894472
2270000	-0.4000000000	0.0010000000	0.0001000000	100	100	0	0.889637
2271000	-0.4000000000	0.0010000000	0.0001000000	100	100	0	0.889637
2272000	-0.4000000000	0.0010000000	0.0001000000	100	100	0	0.889637
2273000	-0.4000000000	0.0010000000	0.0001000000	100	100	0	0.889637
2274000	-0.4000000000	0.0010000000	0.0001000000	100	100	0	0.889637
2275000	-0.4000000000	0.0010000000	0.0001000000	100	100	0	0.889637
2276000	-0.4000000000	0.0010000000	0.0001000000	100	100	0	0.889637
2277000	-0.4000000000	0.0010000000	0.0001000000	100	100	0	0.889637
2278000	-0.4000000000	0.0010000000	0.0001000000	100	100	0	0.889637
2279000	-0.4000000000	0.0010000000	0.0001000000	100	100	0	0.889637
2280000	-0.4000000000	0.0010000000	0.0001000000	100	100	0	0.889637
2281000	-0.4000000000	0.0010000000	0.0001000000	100	100	0	0.889637
2282000	-0.4000000000	0.0010000000	0.0001000000	100	100	0	0.889637
2283000	-0.4000000000	0.0010000000	0.0001000000	100	100	0	0.889637
2284000	-0.4000000000	0.0010000000	0.0001000000	100	100	0	0.889637
2285000	-0.4000000000	0.0010000000	0.0001000000	100	100	0	0.889637
2286000	-0.4000000000	0.0010000000	0.0001000000	100	100	0	0.889637
2287000	-0.4000000000	0.0010000000	0.0001000000	100	100	0	0.884763
2288000	-0.4000000000	0.0010000000	0.0001000000	100	100	0	0.884763
2289000	-0.4000000000	0.0010000000	0.0001000000	100	100	0	0.884763
2290000	-0.4000000000	0.0010000000	0.0001000000	100	100	0	0.888516
2291000	-0.4000000000	0.0010000000	0.0001000000	100	100	0	0.889637
2292000	-0.4000000000	0.0010000000	0.0001000000	100	100	0	0.889637
2293000	-0.4000000000	0.0010000000	0.0001000000	100	100	0	0.889637
2294000	-0.4000000000	0.0010000000	0.0001000000	100	100	0	0.889637
2295000	-0.4000000000	0.0010000000	0.0001000000	100	100	0	0.889637
2296000	-0.4000000000	0.0010000000	0.0001000000	100	100	0	0.894520
2297000	-0.4000000000	0.0010000000	0.0001000000	100	100	0	0.894472
2298000	-0.4000000000	0.0010000000	0.0001000000	100	100	0	0.894472
2299000	-0.4000000000	0.0010000000	0.0001000000	100	100	0	0.894472
2300000	-0.4000000000	0.0010000000	0.0001000000	100	100	0	0.894472
2301000	-0.4000000000	0.0010000000	0.0001000000	100	100	0	0.894472
2302000	-0.4000000000	0.0010000000	0.0001000000	100	100	0	0.894472
2303000	-0.4000000000	0.0010000000	0.0001000000	100	100	0	0.894472
2304000	-0.4000000000	0.0010000000	0.0001000000	100	100	0	0.894472
2305000	-0.4000000000	0.0010000000	0.0001000000	100	100	0	0.894472
2306000	-0.4000000000	0.0010000000	0.0001000000	100	100	0	0.894472
2307000	-0.4000000000	0.0010000000	0.0001000000	100	100	0	0.894472
2308000	-0.4000000000	0.0010000000	0.0001000000	100	100	0	0.894472
2309000	-0.4000000000	0.0010000000	0.0001000000	100	100	0	0.894472
2310000	-0.4000000000	0.0010000000	0.0001000000	100	100	0	0.894472
2311000	-0.4000000000	0.0010000000	0.0001000000	100	100	0	0.894472
2312000	-0.4000000000	0.0010000000	0.0001000000	100	100	0	0.894472
2313000	-0.4000000000	0.0010000000	0.0001000000	100	100	0	0.894376
2314000	-0.4000000000	0.0010000000	0.0001000000	100	100	0	0.894472
2315000	-0.4000000000	0.0010000000	0.0001000000	100	100	0	0.894472
2316000	-0.4000000000	0.0010000000	0.0001000000	100	100	0	0.894472
2317000	-0.4000000000	0.0010000000	0.0001000000	100	100	0	0.894472
2318000	-0.4000000000	0.0010000000	0.0001000000	100	100	0	0.899267
2319000	-0.4000000000	0.0010000000	0.0001000000	100	100	0	0.899267
2320000	-0.4000000000	0.0010000000	0.0001000000	100	100	0	0.899267
2321000	-0.4000000000	0.0010000000	0.0001000000	100	100	0	0.899267
2322000	-0.4000000000	0.0010000000	0.0001000000	100	100	0	0.899267
2323000	-0.4000000000	0.0010000000	0.0001000000	100	100	0	0.899267
2324000	-0.4000000000	0.0010000000	0.0001000000	100	100	0	0.899267
2325000	-0.4000000000	0.0010000000	0.0001000000	100	100	0	0.899267
2326000	-0.4000000000	0.0010000000	0.0001000000	100	100	0	0.904020
2327000	-0.4000000000	0.0010000000	0.0001000000	100	100	0	0.904020
2328000	-0.4000000000	0.0010000000	0.0001000000	100	100	0	0.904020
2329000	-0.4000000000	0.0010000000	0.0001000000	100	100	0	0.904020
2330000	-0.4000000000	0.0010000000	0.0001000000	100	100	0	0.904020
2331000	-0.4000000000	0.0010000000	0.0001000000	100	100	0	0.904020
2332000	-0.4000000000	0.0010000000	0.0001000000	100	100	0	0.904020
2333000	-0.4000000000	0.0010000000	0.0001000000	100	100	0	0.904020
2334000	-0.4000000000	0.0010000000	0.0001000000	100	100	0	0.904020
2335000	-0.4000000000	0.0010000000	0.0001000000	100	100	0	0.904020
2336000	-0.4000000000	0.0010000000	0.0001000000	100	100	0	0.904020
2337000	-0.4000000000	0.0010000000	0.0001000000	100	100	0	0.904020
2338000	-0.4000000000	0.0010000000	0.0001000000	100	100	0	0.904020
2339000	-0.4000000000	0.0010000000	0.0001000000	100	100	0	0.904020
2340000	-0.4000000000	0.0010000000	0.0001000000	100	100	0	0.904020
2341000	-0.4000000000	0.0010000000	0.0001000000	100	100	0	0.904020
2342000	-0.4000000000	0.0010000000	0.0001000000	100	100	0	0.904020
2343000	-0.4000000000	0.0010000000	0.0001000000	100	100	0	0.904020
2344000	-0.4000000000	0.0010000000	0.0001000000	100	100	0	0.904020
2345000	-0.4000000000	0.0010000000	0.0001000000	100	100	0	0.904020
2346000	-0.4000000000	0.0010000000	0.0001000000	100	100	0	0.904020
2347000	-0.4000000000	0.0010000000	0.0001000000	100	100	0	0.904020
2348000	-0.4000000000	0.0010000000	0.0001000000	100	100	0	0.904020
2349000	-0.4000000000	0.0010000000	0.0001000000	100	100	0	0.904020
2350000	-0.4000000000	0.0010000000	0.0001000000	100	100	0	0.904020
2351000	-0.4000000000	0.0010000000	0.0001000000	100	100	0	0.904020
2352000	-0.4000000000	0.0010000000	0.0001000000	100	100	0	0.904020
2353000	-0.4000000000	0.0010000000	0.0001000000	100	100	0	0.904349
2354000	-0.4000000000	0.0010000000	0.0001000000	100	100	0	0.904020
2355000	-0.4000000000	0.0010000000	0.0001000000	100	100	0	0.904020
2356000	-0.4000000000	0.0010000000	0.0001000000	100	100	0	0.904020
2357000	-0.4000000000	0.0010000000	0.0001000000	100	100	0	0.904020
2358000	-0.4000000000	0.0010000000	0.0001000000	100	100	0	0.904020
2359000	-0.4000000000	0.0010000000	0.0001000000	100	100	0	0.904020
2360000	-0.4000000000	0.0010000000	0.0001000000	100	100	0	0.904020
2361000	-0.4000000000	0.0010000000	0.0001000000	100	100	0	0.904020
2362000	-0.4000000000	0.0010000000	0.0001000000	100	100	0	0.904020
2363000	-0.4000000000	0.0010000000	0.0001000000	100	100	0	0.904020
2364000	-0.4000000000	0.0010000000	0.0001000000	100	100	0	0.909612
2365000	-0.4000000000	0.0010000000	0.0001000000	100	100	0	0.908726
2366000	-0.4000000000	0.0010000000	0.0001000000	100	100	0	0.908726
2367000	-0.4000000000	0.0010000000	0.0001000000	100	100	0	0.908726
2368000	-0.4000000000	0.0010000000	0.0001000000	100	100	0	0.908726
2369000	-0.4000000000	0.0010000000	0.0001000000	100	100	0	0.908726
2370000	-0.4000000000	0.0010000000	0.0001000000	100	100	0	0.908726
2371000	-0.4000000000	0.0010000000	0.0001000000	100	100	0	0.908726
2372000	-0.4000000000	0.0010000000	0.0001000000	100	100	0	0.908726
2373000	-0.4000000000	0.0010000000	0.0001000000	100	100	0	0.908726
2374000	-0.4000000000	0.0010000000	0.0001000000	100	100	0	0.908726
2375000	-0.4000000000	0.0010000000	0.0001000000	100	100	0	0.908726
2376000	-0.4000000000	0.0010000000	0.0001000000	100	100	0	0.908726
2377000	-0.4000000000	0.0010000000	0.0001000000	100	100	0	0.908726
2378000	-0.4000000000	0.0010000000	0.0001000000	100	100	0	0.908726
2379000	-0.4000000000	0.0010000000	0.0001000000	100	100	0	0.908726
2380000	-0.4000000000	0.0010000000	0.0001000000	100	100	0	0.908726
2381000	-0.4000000000	0.0010000000	0.0001000000	100	100	0	0.908726
2382000	-0.4000000000	0.0010000000	0.0001000000	100	100	0	0.908726
2383000	-0.4000000000	0.0010000000	0.0001000000	100	100	0	0.913385
2384000	-0.4000000000	0.0010000000	0.0001000000	100	100	0	0.913385
2385000	-0.4000000000	0.0010000000	0.0001000000	100	100	0	0.913385
2386000	-0.4000000000	0.0010000000	0.0001000000	100	100	0	0.913385
2387000	-0.4000000000	0.0010000000	0.0001000000	100	100	0	0.913385
2388000	-0.4000000000	0.0010000000	0.0001000000	100	100	0	0.908726
2389000	-0.4000000000	0.0010000000	0.0001000000	100	100	0	0.908726
2390000	-0.4000000000	0.0010000000	0.0001000000	100	100	0	0.908726
2391000	-0.4000000000	0.0010000000	0.0001000000	100	100	0	0.904020
2392000	-0.4000000000	0.0010000000	0.0001000000	100	100	0	0.904020
2393000	-0.4000000000	0.0010000000	0.0001000000	100	100	0	0.904020
2394000	-0.4000000000	0.0010000000	0.0001000000	100	100	0	0.899267
2395000	-0.4000000000	0.0010000000	0.0001000000	100	100	0	0.899267
2396000	-0.4000000000	0.0010000000	0.0001000000	100	100	0	0.899267
2397000	-0.4000000000	0.0010000000	0.0001000000	100	100	0	0.899267
2398000	-0.4000000000	0.0010000000	0.0001000000	100	100	0	0.899267
2399000	-0.4000000000	0.0010000000	0.0001000000	100	100	0	0.899267
2400000	-0.4000000000	0.0010000000	0.0001000000	100	100	0	0.899267
2401000	-0.4000000000	0.0010000000	0.0001000000	100	100	0	0.899267
2402000	-0.4000000000	0.0010000000	0.0001000000	100	100	0	0.899267
2403000	-0.4000000000	0.0010000000	0.0001000000	100	100	0	0.899267
2404000	-0.4000000000	0.0010000000	0.0001000000	100	100	0	0.899267
2405000	-0.4000000000	0.0010000000	0.0001000000	100	100	0	0.899267
2406000	-0.4000000000	0.0010000000	0.0001000000	100	100	0	0.899267
2407000	-0.4000000000	0.0010000000	0.0001000000	100	100	0	0.899267
2408000	-0.4000000000	0.0010000000	0.0001000000	100	100	0	0.899267
2409000	-0.4000000000	0.0010000000	0.0001000000	100	100	0	0.899267
2410000	-0.4000000000	0.0010000000	0.0001000000	100	100	0	0.899267
2411000	-0.4000000000	0.0010000000	0.0001000000	100	100	0	0.899267
2412000	-0.4000000000	0.0010000000	0.0001000000	100	100	0	0.899648
2413000	-0.4000000000	0.0010000000	0.0001000000	100	100	0	0.894472
2414000	-0.4000000000	0.0010000000	0.0001000000	100	100	0	0.894472
2415000	-0.4000000000	0.0010000000	0.0001000000	100	100	0	0.894472
2416000	-0.4000000000	0.0010000000	0.0001000000	100	100	0	0.894472
2417000	-0.4000000000	0.0010000000	0.0001000000	100	100	0	0.894472
2418000	-0.4000000000	0.0010000000	0.0001000000	100	100	0	0.894472
2419000	-0.4000000000	0.0010000000	0.0001000000	100	100	0	0.894472
2420000	-0.4000000000	0.0010000000	0.0001000000	100	100	0	0.889637
2421000	-0.4000000000	0.0010000000	0.0001000000	100	100	0	0.889637
2422000	-0.4000000000	0.0010000000	0.0001000000	100	100	0	0.889637
2423000	-0.4000000000	0.0010000000	0.0001000000	100	100	0	0.889637
2424000	-0.4000000000	0.0010000000	0.0001000000	100	100	0	0.889637
2425000	-0.4000000000	0.0010000000	0.0001000000	100	100	0	0.889637
2426000	-0.4000000000	0.0010000000	0.0001000000	100	100	0	0.889637
2427000	-0.4000000000	0.0010000000	0.0001000000	100	100	0	0.889637
2428000	-0.4000000000	0.0010000000	0.0001000000	100	100	0	0.884763
2429000	-0.4000000000	0.0010000000	0.0001000000	100	100	0	0.884812
2430000	-0.4000000000	0.0010000000	0.0001000000	100	100	0	0.880099
2431000	-0.4000000000	0.0010000000	0.0001000000	100	100	0	0.879804
2432000	-0.4000000000	0.0010000000	0.0001000000	100	100	0	0.879853
2433000	-0.4000000000	0.0010000000	0.0001000000	100	100	0	0.879853
2434000	-0.4000000000	0.0010000000	0.0001000000	100	100	0	0.879853
2435000	-0.4000000000	0.0010000000	0.0001000000	100	100	0	0.879853
2436000	-0.4000000000	0.0010000000	0.0001000000	100	100	0	0.879853
2437000	-0.4000000000	0.0010000000	0.0001000000	100	100	0	0.879853
2438000	-0.4000000000	0.0010000000	0.0001000000	100	100	0	0.879853
2439000	-0.4000000000	0.0010000000	0.0001000000	100	100	0	0.879853
2440000	-0.4000000000	0.0010000000	0.0001000000	100	100	0	0.876492
2441000	-0.4000000000	0.0010000000	0.0001000000	100	100	0	0.874910
2442000	-0.4000000000	0.0010000000	0.0001000000	100	100	0	0.874910
2443000	-0.4000000000	0.0010000000	0.0001000000	100	100	0	0.874910
2444000	-0.4000000000	0.0010000000	0.0001000000	100	100	0	0.874910
2445000	-0.4000000000	0.0010000000	0.0001000000	100	100	0	0.874910
2446000	-0.4000000000	0.0010000000	0.0001000000	100	100	0	0.874910
2447000	-0.4000000000	0.0010000000	0.0001000000	100	100	0	0.874910
2448000	-0.4000000000	0.0010000000	0.0001000000	100	100	0	0.874910
2449000	-0.4000000000	0.0010000000	0.0001000000	100	100	0	0.874910
2450000	-0.4000000000	0.0010000000	0.0001000000	100	100	0	0.874910
2451000	-0.4000000000	0.0010000000	0.0001000000	100	100	0	0.874910
2452000	-0.4000000000	0.0010000000	0.0001000000	100	100	0	0.874910
2453000	-0.4000000000	0.0010000000	0.0001000000	100	100	0	0.874910
2454000	-0.4000000000	0.0010000000	0.0001000000	100	100	0	0.874910
2455000	-0.4000000000	0.0010000000	0.0001000000	100	100	0	0.874910
2456000	-0.4000000000	0.0010000000	0.0001000000	100	100	0	0.879853
2457000	-0.4000000000	0.0010000000	0.0001000000	100	100	0	0.879853
2458000	-0.4000000000	0.0010000000	0.0001000000	100	100	0	0.879853
2459000	-0.4000000000	0.0010000000	0.0001000000	100	100	0	0.879853
2460000	-0.4000000000	0.0010000000	0.0001000000	100	100	0	0.879853
2461000	-0.4000000000	0.0010000000	0.0001000000	100	100	0	0.879853
2462000	-0.4000000000	0.0010000000	0.0001000000	100	100	0	0.879853
2463000	-0.4000000000	0.0010000000	0.0001000000	100	100	0	0.879853
2464000	-0.4000000000	0.0010000000	0.0001000000	100	100	0	0.879853
2465000	-0.4000000000	0.0010000000	0.0001000000	100	100	0	0.879853
2466000	-0.4000000000	0.0010000000	0.0001000000	100	100	0	0.879853
2467000	-0.4000000000	0.0010000000	0.0001000000	100	100	0	0.879853
2468000	-0.4000000000	0.0010000000	0.0001000000	100	100	0	0.879853
2469000	-0.4000000000	0.0010000000	0.0001000000	100	100	0	0.879853
2470000	-0.4000000000	0.0010000000	0.0001000000	100	100	0	0.879507
2471000	-0.4000000000	0.0010000000	0.0001000000	100	100	0	0.874910
2472000	-0.4000000000	0.0010000000	0.0001000000	100	100	0	0.874910
2473000	-0.4000000000	0.0010000000	0.0001000000	100	100	0	0.874910
2474000	-0.4000000000	0.0010000000	0.0001000000	100	100	0	0.874910
2475000	-0.4000000000	0.0010000000	0.0001000000	100	100	0	0.874910
2476000	-0.4000000000	0.0010000000	0.0001000000	100	100	0	0.874910
2477000	-0.4000000000	0.0010000000	0.0001000000	100	100	0	0.879853
2478000	-0.4000000000	0.0010000000	0.0001000000	100	100	0	0.884763
2479000	-0.4000000000	0.0010000000	0.0001000000	100	100	0	0.884763
2480000	-0.4000000000	0.0010000000	0.0001000000	100	100	0	0.884763
2481000	-0.4000000000	0.0010000000	0.0001000000	100	100	0	0.884763
2482000	-0.4000000000	0.0010000000	0.0001000000	100	100	0	0.879853
2483000	-0.4000000000	0.0010000000	0.0001000000	100	100	0	0.879952
2484000	-0.4000000000	0.0010000000	0.0001000000	100	100	0	0.884763
2485000	-0.4000000000	0.0010000000	0.0001000000	100	100	0	0.884763
2486000	-0.4000000000	0.0010000000	0.0001000000	100	100	0	0.884763
2487000	-0.4000000000	0.0010000000	0.0001000000	100	100	0	0.884763
2488000	-0.4000000000	0.0010000000	0.0001000000	100	100	0	0.889637
2489000	-0.4000000000	0.0010000000	0.0001000000	100	100	0	0.889637
2490000	-0.4000000000	0.0010000000	0.0001000000	100	100	0	0.889637
2491000	-0.4000000000	0.0010000000	0.0001000000	100	100	0	0.889637
2492000	-0.4000000000	0.0010000000	0.0001000000	100	100	0	0.894472
2493000	-0.4000000000	0.0010000000	0.0001000000	100	100	0	0.894472
2494000	-0.4000000000	0.0010000000	0.0001000000	100	100	0	0.894472
2495000	-0.4000000000	0.0010000000	0.0001000000	100	100	0	0.894472
2496000	-0.4000000000	0.0010000000	0.0001000000	100	100	0	0.894472
2497000	-0.4000000000	0.0010000000	0.0001000000	100	100	0	0.894472
2498000	-0.4000000000	0.0010000000	0.0001000000	100	100	0	0.894472
2499000	-0.4000000000	0.0010000000	0.0001000000	100	100	0	0.894472
2500000	-0.4000000000	0.0010000000	0.0001000000	100	100	0	0.894472
