time	epistasis_coef	sel_coef	mu_prob	Ne	L	k_start	mean_fitness
1500000	-1.0000000000	0.0010000000	0.0100000000	100	100	0	0.970010
1501000	-1.0000000000	0.0010000000	0.0100000000	100	100	0	0.958359
1502000	-1.0000000000	0.0010000000	0.0100000000	100	100	0	0.950950
1503000	-1.0000000000	0.0010000000	0.0100000000	100	100	0	0.913139
1504000	-1.0000000000	0.0010000000	0.0100000000	100	100	0	0.969903
1505000	-1.0000000000	0.0010000000	0.0100000000	100	100	0	0.952231
1506000	-1.0000000000	0.0010000000	0.0100000000	100	100	0	0.967485
1507000	-1.0000000000	0.0010000000	0.0100000000	100	100	0	0.936563
1508000	-1.0000000000	0.0010000000	0.0100000000	100	100	0	0.948445
1509000	-1.0000000000	0.0010000000	0.0100000000	100	100	0	0.936845
1510000	-1.0000000000	0.0010000000	0.0100000000	100	100	0	0.924315
1511000	-1.0000000000	0.0010000000	0.0100000000	100	100	0	0.934210
1512000	-1.0000000000	0.0010000000	0.0100000000	100	100	0	0.931430
1513000	-1.0000000000	0.0010000000	0.0100000000	100	100	0	0.948637
1514000	-1.0000000000	0.0010000000	0.0100000000	100	100	0	0.933072
1515000	-1.0000000000	0.0010000000	0.0100000000	100	100	0	0.911650
1516000	-1.0000000000	0.0010000000	0.0100000000	100	100	0	0.918028
1517000	-1.0000000000	0.0010000000	0.0100000000	100	100	0	0.895175
1518000	-1.0000000000	0.0010000000	0.0100000000	100	100	0	0.919513
1519000	-1.0000000000	0.0010000000	0.0100000000	100	100	0	0.913798
1520000	-1.0000000000	0.0010000000	0.0100000000	100	100	0	0.942813
1521000	-1.0000000000	0.0010000000	0.0100000000	100	100	0	0.948393
1522000	-1.0000000000	0.0010000000	0.0100000000	100	100	0	0.961010
1523000	-1.0000000000	0.0010000000	0.0100000000	100	100	0	0.948697
1524000	-1.0000000000	0.0010000000	0.0100000000	100	100	0	0.934071
1525000	-1.0000000000	0.0010000000	0.0100000000	100	100	0	0.898632
1526000	-1.0000000000	0.0010000000	0.0100000000	100	100	0	0.943649
1527000	-1.0000000000	0.0010000000	0.0100000000	100	100	0	0.919937
1528000	-1.0000000000	0.0010000000	0.0100000000	100	100	0	0.951047
1529000	-1.0000000000	0.0010000000	0.0100000000	100	100	0	0.910623
1530000	-1.0000000000	0.0010000000	0.0100000000	100	100	0	0.865730
1531000	-1.0000000000	0.0010000000	0.0100000000	100	100	0	0.910582
1532000	-1.0000000000	0.0010000000	0.0100000000	100	100	0	0.914311
1533000	-1.0000000000	0.0010000000	0.0100000000	100	100	0	0.945240
1534000	-1.0000000000	0.0010000000	0.0100000000	100	100	0	0.944244
1535000	-1.0000000000	0.0010000000	0.0100000000	100	100	0	0.958523
1536000	-1.0000000000	0.0010000000	0.0100000000	100	100	0	0.960833
1537000	-1.0000000000	0.0010000000	0.0100000000	100	100	0	0.914195
1538000	-1.0000000000	0.0010000000	0.0100000000	100	100	0	0.897907
1539000	-1.0000000000	0.0010000000	0.0100000000	100	100	0	0.891084
1540000	-1.0000000000	0.0010000000	0.0100000000	100	100	0	0.915826
1541000	-1.0000000000	0.0010000000	0.0100000000	100	100	0	0.916466
1542000	-1.0000000000	0.0010000000	0.0100000000	100	100	0	0.885228
1543000	-1.0000000000	0.0010000000	0.0100000000	100	100	0	0.912633
1544000	-1.0000000000	0.0010000000	0.0100000000	100	100	0	0.940099
1545000	-1.0000000000	0.0010000000	0.0100000000	100	100	0	0.892073
1546000	-1.0000000000	0.0010000000	0.0100000000	100	100	0	0.941626
1547000	-1.0000000000	0.0010000000	0.0100000000	100	100	0	0.948070
1548000	-1.0000000000	0.0010000000	0.0100000000	100	100	0	0.968356
1549000	-1.0000000000	0.0010000000	0.0100000000	100	100	0	0.919070
1550000	-1.0000000000	0.0010000000	0.0100000000	100	100	0	0.915495
1551000	-1.0000000000	0.0010000000	0.0100000000	100	100	0	0.915222
1552000	-1.0000000000	0.0010000000	0.0100000000	100	100	0	0.920486
1553000	-1.0000000000	0.0010000000	0.0100000000	100	100	0	0.899341
1554000	-1.0000000000	0.0010000000	0.0100000000	100	100	0	0.951720
1555000	-1.0000000000	0.0010000000	0.0100000000	100	100	0	0.966237
1556000	-1.0000000000	0.0010000000	0.0100000000	100	100	0	0.937281
1557000	-1.0000000000	0.0010000000	0.0100000000	100	100	0	0.945238
1558000	-1.0000000000	0.0010000000	0.0100000000	100	100	0	0.950714
1559000	-1.0000000000	0.0010000000	0.0100000000	100	100	0	0.933736
1560000	-1.0000000000	0.0010000000	0.0100000000	100	100	0	0.953672
1561000	-1.0000000000	0.0010000000	0.0100000000	100	100	0	0.969031
1562000	-1.0000000000	0.0010000000	0.0100000000	100	100	0	0.979957
1563000	-1.0000000000	0.0010000000	0.0100000000	100	100	0	0.965527
1564000	-1.0000000000	0.0010000000	0.0100000000	100	100	0	0.956181
1565000	-1.0000000000	0.0010000000	0.0100000000	100	100	0	0.934571
1566000	-1.0000000000	0.0010000000	0.0100000000	100	100	0	0.952216
1567000	-1.0000000000	0.0010000000	0.0100000000	100	100	0	0.939860
1568000	-1.0000000000	0.0010000000	0.0100000000	100	100	0	0.947441
1569000	-1.0000000000	0.0010000000	0.0100000000	100	100	0	0.920018
1570000	-1.0000000000	0.0010000000	0.0100000000	100	100	0	0.942770
1571000	-1.0000000000	0.0010000000	0.0100000000	100	100	0	0.958579
1572000	-1.0000000000	0.0010000000	0.0100000000	100	100	0	0.935348
1573000	-1.0000000000	0.0010000000	0.0100000000	100	100	0	0.941630
1574000	-1.0000000000	0.0010000000	0.0100000000	100	100	0	0.958374
1575000	-1.0000000000	0.0010000000	0.0100000000	100	100	0	0.917234
1576000	-1.0000000000	0.0010000000	0.0100000000	100	100	0	0.913847
1577000	-1.0000000000	0.0010000000	0.0100000000	100	100	0	0.913790
1578000	-1.0000000000	0.0010000000	0.0100000000	100	100	0	0.948706
1579000	-1.0000000000	0.0010000000	0.0100000000	100	100	0	0.949406
1580000	-1.0000000000	0.0010000000	0.0100000000	100	100	0	0.946587
1581000	-1.0000000000	0.0010000000	0.0100000000	100	100	0	0.948037
1582000	-1.0000000000	0.0010000000	0.0100000000	100	100	0	0.930705
1583000	-1.0000000000	0.0010000000	0.0100000000	100	100	0	0.920231
1584000	-1.0000000000	0.0010000000	0.0100000000	100	100	0	0.911751
1585000	-1.0000000000	0.0010000000	0.0100000000	100	100	0	0.903941
1586000	-1.0000000000	0.0010000000	0.0100000000	100	100	0	0.901050
1587000	-1.0000000000	0.0010000000	0.0100000000	100	100	0	0.870423
1588000	-1.0000000000	0.0010000000	0.0100000000	100	100	0	0.908063
1589000	-1.0000000000	0.0010000000	0.0100000000	100	100	0	0.878165
1590000	-1.0000000000	0.0010000000	0.0100000000	100	100	0	0.878330
1591000	-1.0000000000	0.0010000000	0.0100000000	100	100	0	0.920917
1592000	-1.0000000000	0.0010000000	0.0100000000	100	100	0	0.915497
1593000	-1.0000000000	0.0010000000	0.0100000000	100	100	0	0.933196
1594000	-1.0000000000	0.0010000000	0.0100000000	100	100	0	0.950291
1595000	-1.0000000000	0.0010000000	0.0100000000	100	100	0	0.898040
1596000	-1.0000000000	0.0010000000	0.0100000000	100	100	0	0.924049
1597000	-1.0000000000	0.0010000000	0.0100000000	100	100	0	0.913949
1598000	-1.0000000000	0.0010000000	0.0100000000	100	100	0	0.913108
1599000	-1.0000000000	0.0010000000	0.0100000000	100	100	0	0.933026
1600000	-1.0000000000	0.0010000000	0.0100000000	100	100	0	0.926567
1601000	-1.0000000000	0.0010000000	0.0100000000	100	100	0	0.957912
1602000	-1.0000000000	0.0010000000	0.0100000000	100	100	0	0.904360
1603000	-1.0000000000	0.0010000000	0.0100000000	100	100	0	0.881479
1604000	-1.0000000000	0.0010000000	0.0100000000	100	100	0	0.895087
1605000	-1.0000000000	0.0010000000	0.0100000000	100	100	0	0.914412
1606000	-1.0000000000	0.0010000000	0.0100000000	100	100	0	0.915497
1607000	-1.0000000000	0.0010000000	0.0100000000	100	100	0	0.899344
1608000	-1.0000000000	0.0010000000	0.0100000000	100	100	0	0.896376
1609000	-1.0000000000	0.0010000000	0.0100000000	100	100	0	0.905488
1610000	-1.0000000000	0.0010000000	0.0100000000	100	100	0	0.902552
1611000	-1.0000000000	0.0010000000	0.0100000000	100	100	0	0.859688
1612000	-1.0000000000	0.0010000000	0.0100000000	100	100	0	0.899375
1613000	-1.0000000000	0.0010000000	0.0100000000	100	100	0	0.947645
1614000	-1.0000000000	0.0010000000	0.0100000000	100	100	0	0.925101
1615000	-1.0000000000	0.0010000000	0.0100000000	100	100	0	0.932313
1616000	-1.0000000000	0.0010000000	0.0100000000	100	100	0	0.919243
1617000	-1.0000000000	0.0010000000	0.0100000000	100	100	0	0.957968
1618000	-1.0000000000	0.0010000000	0.0100000000	100	100	0	0.931919
1619000	-1.0000000000	0.0010000000	0.0100000000	100	100	0	0.933989
1620000	-1.0000000000	0.0010000000	0.0100000000	100	100	0	0.913977
1621000	-1.0000000000	0.0010000000	0.0100000000	100	100	0	0.894751
1622000	-1.0000000000	0.0010000000	0.0100000000	100	100	0	0.922139
1623000	-1.0000000000	0.0010000000	0.0100000000	100	100	0	0.935470
1624000	-1.0000000000	0.0010000000	0.0100000000	100	100	0	0.940317
1625000	-1.0000000000	0.0010000000	0.0100000000	100	100	0	0.917332
1626000	-1.0000000000	0.0010000000	0.0100000000	100	100	0	0.971984
1627000	-1.0000000000	0.0010000000	0.0100000000	100	100	0	0.929052
1628000	-1.0000000000	0.0010000000	0.0100000000	100	100	0	0.933801
1629000	-1.0000000000	0.0010000000	0.0100000000	100	100	0	0.966736
1630000	-1.0000000000	0.0010000000	0.0100000000	100	100	0	0.951991
1631000	-1.0000000000	0.0010000000	0.0100000000	100	100	0	0.961526
1632000	-1.0000000000	0.0010000000	0.0100000000	100	100	0	0.938065
1633000	-1.0000000000	0.0010000000	0.0100000000	100	100	0	0.952578
1634000	-1.0000000000	0.0010000000	0.0100000000	100	100	0	0.962124
1635000	-1.0000000000	0.0010000000	0.0100000000	100	100	0	0.944177
1636000	-1.0000000000	0.0010000000	0.0100000000	100	100	0	0.860201
1637000	-1.0000000000	0.0010000000	0.0100000000	100	100	0	0.896189
1638000	-1.0000000000	0.0010000000	0.0100000000	100	100	0	0.914007
1639000	-1.0000000000	0.0010000000	0.0100000000	100	100	0	0.913342
1640000	-1.0000000000	0.0010000000	0.0100000000	100	100	0	0.919456
1641000	-1.0000000000	0.0010000000	0.0100000000	100	100	0	0.947024
1642000	-1.0000000000	0.0010000000	0.0100000000	100	100	0	0.939587
1643000	-1.0000000000	0.0010000000	0.0100000000	100	100	0	0.892427
1644000	-1.0000000000	0.0010000000	0.0100000000	100	100	0	0.925881
1645000	-1.0000000000	0.0010000000	0.0100000000	100	100	0	0.915545
1646000	-1.0000000000	0.0010000000	0.0100000000	100	100	0	0.934939
1647000	-1.0000000000	0.0010000000	0.0100000000	100	100	0	0.951869
1648000	-1.0000000000	0.0010000000	0.0100000000	100	100	0	0.959571
1649000	-1.0000000000	0.0010000000	0.0100000000	100	100	0	0.941657
1650000	-1.0000000000	0.0010000000	0.0100000000	100	100	0	0.947138
1651000	-1.0000000000	0.0010000000	0.0100000000	100	100	0	0.936629
1652000	-1.0000000000	0.0010000000	0.0100000000	100	100	0	0.928969
1653000	-1.0000000000	0.0010000000	0.0100000000	100	100	0	0.925787
1654000	-1.0000000000	0.0010000000	0.0100000000	100	100	0	0.932890
1655000	-1.0000000000	0.0010000000	0.0100000000	100	100	0	0.940660
1656000	-1.0000000000	0.0010000000	0.0100000000	100	100	0	0.943210
1657000	-1.0000000000	0.0010000000	0.0100000000	100	100	0	0.898981
1658000	-1.0000000000	0.0010000000	0.0100000000	100	100	0	0.884544
1659000	-1.0000000000	0.0010000000	0.0100000000	100	100	0	0.882005
1660000	-1.0000000000	0.0010000000	0.0100000000	100	100	0	0.908440
1661000	-1.0000000000	0.0010000000	0.0100000000	100	100	0	0.910189
1662000	-1.0000000000	0.0010000000	0.0100000000	100	100	0	0.892102
1663000	-1.0000000000	0.0010000000	0.0100000000	100	100	0	0.923404
1664000	-1.0000000000	0.0010000000	0.0100000000	100	100	0	0.908077
1665000	-1.0000000000	0.0010000000	0.0100000000	100	100	0	0.906632
1666000	-1.0000000000	0.0010000000	0.0100000000	100	100	0	0.901829
1667000	-1.0000000000	0.0010000000	0.0100000000	100	100	0	0.932306
1668000	-1.0000000000	0.0010000000	0.0100000000	100	100	0	0.944880
1669000	-1.0000000000	0.0010000000	0.0100000000	100	100	0	0.944354
1670000	-1.0000000000	0.0010000000	0.0100000000	100	100	0	0.965912
1671000	-1.0000000000	0.0010000000	0.0100000000	100	100	0	0.921268
1672000	-1.0000000000	0.0010000000	0.0100000000	100	100	0	0.954218
1673000	-1.0000000000	0.0010000000	0.0100000000	100	100	0	0.961952
1674000	-1.0000000000	0.0010000000	0.0100000000	100	100	0	0.955193
1675000	-1.0000000000	0.0010000000	0.0100000000	100	100	0	0.951709
1676000	-1.0000000000	0.0010000000	0.0100000000	100	100	0	0.926789
1677000	-1.0000000000	0.0010000000	0.0100000000	100	100	0	0.931507
1678000	-1.0000000000	0.0010000000	0.0100000000	100	100	0	0.925402
1679000	-1.0000000000	0.0010000000	0.0100000000	100	100	0	0.936139
1680000	-1.0000000000	0.0010000000	0.0100000000	100	100	0	0.893817
1681000	-1.0000000000	0.0010000000	0.0100000000	100	100	0	0.890896
1682000	-1.0000000000	0.0010000000	0.0100000000	100	100	0	0.904509
1683000	-1.0000000000	0.0010000000	0.0100000000	100	100	0	0.915584
1684000	-1.0000000000	0.0010000000	0.0100000000	100	100	0	0.934619
1685000	-1.0000000000	0.0010000000	0.0100000000	100	100	0	0.923402
1686000	-1.0000000000	0.0010000000	0.0100000000	100	100	0	0.912419
1687000	-1.0000000000	0.0010000000	0.0100000000	100	100	0	0.934607
1688000	-1.0000000000	0.0010000000	0.0100000000	100	100	0	0.932629
1689000	-1.0000000000	0.0010000000	0.0100000000	100	100	0	0.948337
1690000	-1.0000000000	0.0010000000	0.0100000000	100	100	0	0.939424
1691000	-1.0000000000	0.0010000000	0.0100000000	100	100	0	0.929426
1692000	-1.0000000000	0.0010000000	0.0100000000	100	100	0	0.922942
1693000	-1.0000000000	0.0010000000	0.0100000000	100	100	0	0.932586
1694000	-1.0000000000	0.0010000000	0.0100000000	100	100	0	0.957073
1695000	-1.0000000000	0.0010000000	0.0100000000	100	100	0	0.902178
1696000	-1.0000000000	0.0010000000	0.0100000000	100	100	0	0.919214
1697000	-1.0000000000	0.0010000000	0.0100000000	100	100	0	0.917416
1698000	-1.0000000000	0.0010000000	0.0100000000	100	100	0	0.899949
1699000	-1.0000000000	0.0010000000	0.0100000000	100	100	0	0.907976
1700000	-1.0000000000	0.0010000000	0.0100000000	100	100	0	0.889204
1701000	-1.0000000000	0.0010000000	0.0100000000	100	100	0	0.887014
1702000	-1.0000000000	0.0010000000	0.0100000000	100	100	0	0.942299
1703000	-1.0000000000	0.0010000000	0.0100000000	100	100	0	0.949514
1704000	-1.0000000000	0.0010000000	0.0100000000	100	100	0	0.934685
1705000	-1.0000000000	0.0010000000	0.0100000000	100	100	0	0.926739
1706000	-1.0000000000	0.0010000000	0.0100000000	100	100	0	0.916297
1707000	-1.0000000000	0.0010000000	0.0100000000	100	100	0	0.949355
1708000	-1.0000000000	0.0010000000	0.0100000000	100	100	0	0.945259
1709000	-1.0000000000	0.0010000000	0.0100000000	100	100	0	0.935572
1710000	-1.0000000000	0.0010000000	0.0100000000	100	100	0	0.914926
1711000	-1.0000000000	0.0010000000	0.0100000000	100	100	0	0.905314
1712000	-1.0000000000	0.0010000000	0.0100000000	100	100	0	0.945340
1713000	-1.0000000000	0.0010000000	0.0100000000	100	100	0	0.929740
1714000	-1.0000000000	0.0010000000	0.0100000000	100	100	0	0.945137
1715000	-1.0000000000	0.0010000000	0.0100000000	100	100	0	0.943098
1716000	-1.0000000000	0.0010000000	0.0100000000	100	100	0	0.938663
1717000	-1.0000000000	0.0010000000	0.0100000000	100	100	0	0.916224
1718000	-1.0000000000	0.0010000000	0.0100000000	100	100	0	0.898925
1719000	-1.0000000000	0.0010000000	0.0100000000	100	100	0	0.898228
1720000	-1.0000000000	0.0010000000	0.0100000000	100	100	0	0.960636
1721000	-1.0000000000	0.0010000000	0.0100000000	100	100	0	0.938632
1722000	-1.0000000000	0.0010000000	0.0100000000	100	100	0	0.930098
1723000	-1.0000000000	0.0010000000	0.0100000000	100	100	0	0.893985
1724000	-1.0000000000	0.0010000000	0.0100000000	100	100	0	0.914464
1725000	-1.0000000000	0.0010000000	0.0100000000	100	100	0	0.932205
1726000	-1.0000000000	0.0010000000	0.0100000000	100	100	0	0.948478
1727000	-1.0000000000	0.0010000000	0.0100000000	100	100	0	0.917507
1728000	-1.0000000000	0.0010000000	0.0100000000	100	100	0	0.956959
1729000	-1.0000000000	0.0010000000	0.0100000000	100	100	0	0.960121
1730000	-1.0000000000	0.0010000000	0.0100000000	100	100	0	0.963893
1731000	-1.0000000000	0.0010000000	0.0100000000	100	100	0	0.950055
1732000	-1.0000000000	0.0010000000	0.0100000000	100	100	0	0.917580
1733000	-1.0000000000	0.0010000000	0.0100000000	100	100	0	0.935301
1734000	-1.0000000000	0.0010000000	0.0100000000	100	100	0	0.927685
1735000	-1.0000000000	0.0010000000	0.0100000000	100	100	0	0.919417
1736000	-1.0000000000	0.0010000000	0.0100000000	100	100	0	0.930859
1737000	-1.0000000000	0.0010000000	0.0100000000	100	100	0	0.917088
1738000	-1.0000000000	0.0010000000	0.0100000000	100	100	0	0.970242
1739000	-1.0000000000	0.0010000000	0.0100000000	100	100	0	0.949346
1740000	-1.0000000000	0.0010000000	0.0100000000	100	100	0	0.927521
1741000	-1.0000000000	0.0010000000	0.0100000000	100	100	0	0.918014
1742000	-1.0000000000	0.0010000000	0.0100000000	100	100	0	0.909654
1743000	-1.0000000000	0.0010000000	0.0100000000	100	100	0	0.897047
1744000	-1.0000000000	0.0010000000	0.0100000000	100	100	0	0.932347
1745000	-1.0000000000	0.0010000000	0.0100000000	100	100	0	0.912648
1746000	-1.0000000000	0.0010000000	0.0100000000	100	100	0	0.934446
1747000	-1.0000000000	0.0010000000	0.0100000000	100	100	0	0.937214
1748000	-1.0000000000	0.0010000000	0.0100000000	100	100	0	0.886625
1749000	-1.0000000000	0.0010000000	0.0100000000	100	100	0	0.913168
1750000	-1.0000000000	0.0010000000	0.0100000000	100	100	0	0.898981
1751000	-1.0000000000	0.0010000000	0.0100000000	100	100	0	0.881119
1752000	-1.0000000000	0.0010000000	0.0100000000	100	100	0	0.947203
1753000	-1.0000000000	0.0010000000	0.0100000000	100	100	0	0.938516
1754000	-1.0000000000	0.0010000000	0.0100000000	100	100	0	0.917117
1755000	-1.0000000000	0.0010000000	0.0100000000	100	100	0	0.935302
1756000	-1.0000000000	0.0010000000	0.0100000000	100	100	0	0.948670
1757000	-1.0000000000	0.0010000000	0.0100000000	100	100	0	0.938900
1758000	-1.0000000000	0.0010000000	0.0100000000	100	100	0	0.957474
1759000	-1.0000000000	0.0010000000	0.0100000000	100	100	0	0.931972
1760000	-1.0000000000	0.0010000000	0.0100000000	100	100	0	0.950760
1761000	-1.0000000000	0.0010000000	0.0100000000	100	100	0	0.918549
1762000	-1.0000000000	0.0010000000	0.0100000000	100	100	0	0.901629
1763000	-1.0000000000	0.0010000000	0.0100000000	100	100	0	0.933773
1764000	-1.0000000000	0.0010000000	0.0100000000	100	100	0	0.932469
1765000	-1.0000000000	0.0010000000	0.0100000000	100	100	0	0.895326
1766000	-1.0000000000	0.0010000000	0.0100000000	100	100	0	0.920160
1767000	-1.0000000000	0.0010000000	0.0100000000	100	100	0	0.919229
1768000	-1.0000000000	0.0010000000	0.0100000000	100	100	0	0.921310
1769000	-1.0000000000	0.0010000000	0.0100000000	100	100	0	0.912127
1770000	-1.0000000000	0.0010000000	0.0100000000	100	100	0	0.901829
1771000	-1.0000000000	0.0010000000	0.0100000000	100	100	0	0.934685
1772000	-1.0000000000	0.0010000000	0.0100000000	100	100	0	0.951455
1773000	-1.0000000000	0.0010000000	0.0100000000	100	100	0	0.918775
1774000	-1.0000000000	0.0010000000	0.0100000000	100	100	0	0.935426
1775000	-1.0000000000	0.0010000000	0.0100000000	100	100	0	0.917293
1776000	-1.0000000000	0.0010000000	0.0100000000	100	100	0	0.931522
1777000	-1.0000000000	0.0010000000	0.0100000000	100	100	0	0.936333
1778000	-1.0000000000	0.0010000000	0.0100000000	100	100	0	0.927554
1779000	-1.0000000000	0.0010000000	0.0100000000	100	100	0	0.937246
1780000	-1.0000000000	0.0010000000	0.0100000000	100	100	0	0.982077
1781000	-1.0000000000	0.0010000000	0.0100000000	100	100	0	0.931160
1782000	-1.0000000000	0.0010000000	0.0100000000	100	100	0	0.930022
1783000	-1.0000000000	0.0010000000	0.0100000000	100	100	0	0.911987
1784000	-1.0000000000	0.0010000000	0.0100000000	100	100	0	0.935302
1785000	-1.0000000000	0.0010000000	0.0100000000	100	100	0	0.934843
1786000	-1.0000000000	0.0010000000	0.0100000000	100	100	0	0.933389
1787000	-1.0000000000	0.0010000000	0.0100000000	100	100	0	0.945518
1788000	-1.0000000000	0.0010000000	0.0100000000	100	100	0	0.905653
1789000	-1.0000000000	0.0010000000	0.0100000000	100	100	0	0.913934
1790000	-1.0000000000	0.0010000000	0.0100000000	100	100	0	0.915381
1791000	-1.0000000000	0.0010000000	0.0100000000	100	100	0	0.886237
1792000	-1.0000000000	0.0010000000	0.0100000000	100	100	0	0.887413
1793000	-1.0000000000	0.0010000000	0.0100000000	100	100	0	0.960482
1794000	-1.0000000000	0.0010000000	0.0100000000	100	100	0	0.935475
1795000	-1.0000000000	0.0010000000	0.0100000000	100	100	0	0.928026
1796000	-1.0000000000	0.0010000000	0.0100000000	100	100	0	0.877842
1797000	-1.0000000000	0.0010000000	0.0100000000	100	100	0	0.904259
1798000	-1.0000000000	0.0010000000	0.0100000000	100	100	0	0.900835
1799000	-1.0000000000	0.0010000000	0.0100000000	100	100	0	0.904462
1800000	-1.0000000000	0.0010000000	0.0100000000	100	100	0	0.883502
1801000	-1.0000000000	0.0010000000	0.0100000000	100	100	0	0.941075
1802000	-1.0000000000	0.0010000000	0.0100000000	100	100	0	0.911411
1803000	-1.0000000000	0.0010000000	0.0100000000	100	100	0	0.919937
1804000	-1.0000000000	0.0010000000	0.0100000000	100	100	0	0.933736
1805000	-1.0000000000	0.0010000000	0.0100000000	100	100	0	0.922629
1806000	-1.0000000000	0.0010000000	0.0100000000	100	100	0	0.950747
1807000	-1.0000000000	0.0010000000	0.0100000000	100	100	0	0.924511
1808000	-1.0000000000	0.0010000000	0.0100000000	100	100	0	0.946620
1809000	-1.0000000000	0.0010000000	0.0100000000	100	100	0	0.888054
1810000	-1.0000000000	0.0010000000	0.0100000000	100	100	0	0.905696
1811000	-1.0000000000	0.0010000000	0.0100000000	100	100	0	0.961650
1812000	-1.0000000000	0.0010000000	0.0100000000	100	100	0	0.922904
1813000	-1.0000000000	0.0010000000	0.0100000000	100	100	0	0.890293
1814000	-1.0000000000	0.0010000000	0.0100000000	100	100	0	0.916727
1815000	-1.0000000000	0.0010000000	0.0100000000	100	100	0	0.904548
1816000	-1.0000000000	0.0010000000	0.0100000000	100	100	0	0.933858
1817000	-1.0000000000	0.0010000000	0.0100000000	100	100	0	0.943877
1818000	-1.0000000000	0.0010000000	0.0100000000	100	100	0	0.910623
1819000	-1.0000000000	0.0010000000	0.0100000000	100	100	0	0.919055
1820000	-1.0000000000	0.0010000000	0.0100000000	100	100	0	0.915180
1821000	-1.0000000000	0.0010000000	0.0100000000	100	100	0	0.957158
1822000	-1.0000000000	0.0010000000	0.0100000000	100	100	0	0.935900
1823000	-1.0000000000	0.0010000000	0.0100000000	100	100	0	0.896826
1824000	-1.0000000000	0.0010000000	0.0100000000	100	100	0	0.973660
1825000	-1.0000000000	0.0010000000	0.0100000000	100	100	0	0.961775
1826000	-1.0000000000	0.0010000000	0.0100000000	100	100	0	0.942712
1827000	-1.0000000000	0.0010000000	0.0100000000	100	100	0	0.929783
1828000	-1.0000000000	0.0010000000	0.0100000000	100	100	0	0.957080
1829000	-1.0000000000	0.0010000000	0.0100000000	100	100	0	0.923447
1830000	-1.0000000000	0.0010000000	0.0100000000	100	100	0	0.922116
1831000	-1.0000000000	0.0010000000	0.0100000000	100	100	0	0.931287
1832000	-1.0000000000	0.0010000000	0.0100000000	100	100	0	0.929598
1833000	-1.0000000000	0.0010000000	0.0100000000	100	100	0	0.925950
1834000	-1.0000000000	0.0010000000	0.0100000000	100	100	0	0.934426
1835000	-1.0000000000	0.0010000000	0.0100000000	100	100	0	0.916233
1836000	-1.0000000000	0.0010000000	0.0100000000	100	100	0	0.872732
1837000	-1.0000000000	0.0010000000	0.0100000000	100	100	0	0.910290
1838000	-1.0000000000	0.0010000000	0.0100000000	100	100	0	0.902438
1839000	-1.0000000000	0.0010000000	0.0100000000	100	100	0	0.893541
1840000	-1.0000000000	0.0010000000	0.0100000000	100	100	0	0.918832
1841000	-1.0000000000	0.0010000000	0.0100000000	100	100	0	0.949613
1842000	-1.0000000000	0.0010000000	0.0100000000	100	100	0	0.934707
1843000	-1.0000000000	0.0010000000	0.0100000000	100	100	0	0.947628
1844000	-1.0000000000	0.0010000000	0.0100000000	100	100	0	0.946589
1845000	-1.0000000000	0.0010000000	0.0100000000	100	100	0	0.943799
1846000	-1.0000000000	0.0010000000	0.0100000000	100	100	0	0.945502
1847000	-1.0000000000	0.0010000000	0.0100000000	100	100	0	0.980345
1848000	-1.0000000000	0.0010000000	0.0100000000	100	100	0	0.911359
1849000	-1.0000000000	0.0010000000	0.0100000000	100	100	0	0.913730
1850000	-1.0000000000	0.0010000000	0.0100000000	100	100	0	0.926864
1851000	-1.0000000000	0.0010000000	0.0100000000	100	100	0	0.936088
1852000	-1.0000000000	0.0010000000	0.0100000000	100	100	0	0.954643
1853000	-1.0000000000	0.0010000000	0.0100000000	100	100	0	0.957157
1854000	-1.0000000000	0.0010000000	0.0100000000	100	100	0	0.931919
1855000	-1.0000000000	0.0010000000	0.0100000000	100	100	0	0.912243
1856000	-1.0000000000	0.0010000000	0.0100000000	100	100	0	0.899694
1857000	-1.0000000000	0.0010000000	0.0100000000	100	100	0	0.921550
1858000	-1.0000000000	0.0010000000	0.0100000000	100	100	0	0.895193
1859000	-1.0000000000	0.0010000000	0.0100000000	100	100	0	0.930022
1860000	-1.0000000000	0.0010000000	0.0100000000	100	100	0	0.948588
1861000	-1.0000000000	0.0010000000	0.0100000000	100	100	0	0.935950
1862000	-1.0000000000	0.0010000000	0.0100000000	100	100	0	0.881565
1863000	-1.0000000000	0.0010000000	0.0100000000	100	100	0	0.911577
1864000	-1.0000000000	0.0010000000	0.0100000000	100	100	0	0.916264
1865000	-1.0000000000	0.0010000000	0.0100000000	100	100	0	0.908526
1866000	-1.0000000000	0.0010000000	0.0100000000	100	100	0	0.919590
1867000	-1.0000000000	0.0010000000	0.0100000000	100	100	0	0.961298
1868000	-1.0000000000	0.0010000000	0.0100000000	100	100	0	0.972968
1869000	-1.0000000000	0.0010000000	0.0100000000	100	100	0	0.962222
1870000	-1.0000000000	0.0010000000	0.0100000000	100	100	0	0.933861
1871000	-1.0000000000	0.0010000000	0.0100000000	100	100	0	0.926891
1872000	-1.0000000000	0.0010000000	0.0100000000	100	100	0	0.933052
1873000	-1.0000000000	0.0010000000	0.0100000000	100	100	0	0.920080
1874000	-1.0000000000	0.0010000000	0.0100000000	100	100	0	0.930558
1875000	-1.0000000000	0.0010000000	0.0100000000	100	100	0	0.953166
1876000	-1.0000000000	0.0010000000	0.0100000000	100	100	0	0.897895
1877000	-1.0000000000	0.0010000000	0.0100000000	100	100	0	0.887998
1878000	-1.0000000000	0.0010000000	0.0100000000	100	100	0	0.916104
1879000	-1.0000000000	0.0010000000	0.0100000000	100	100	0	0.915078
1880000	-1.0000000000	0.0010000000	0.0100000000	100	100	0	0.957912
1881000	-1.0000000000	0.0010000000	0.0100000000	100	100	0	0.889779
1882000	-1.0000000000	0.0010000000	0.0100000000	100	100	0	0.903028
1883000	-1.0000000000	0.0010000000	0.0100000000	100	100	0	0.944722
1884000	-1.0000000000	0.0010000000	0.0100000000	100	100	0	0.937993
1885000	-1.0000000000	0.0010000000	0.0100000000	100	100	0	0.931473
1886000	-1.0000000000	0.0010000000	0.0100000000	100	100	0	0.907869
1887000	-1.0000000000	0.0010000000	0.0100000000	100	100	0	0.922147
1888000	-1.0000000000	0.0010000000	0.0100000000	100	100	0	0.906516
1889000	-1.0000000000	0.0010000000	0.0100000000	100	100	0	0.940202
1890000	-1.0000000000	0.0010000000	0.0100000000	100	100	0	0.913805
1891000	-1.0000000000	0.0010000000	0.0100000000	100	100	0	0.891460
1892000	-1.0000000000	0.0010000000	0.0100000000	100	100	0	0.874135
1893000	-1.0000000000	0.0010000000	0.0100000000	100	100	0	0.909668
1894000	-1.0000000000	0.0010000000	0.0100000000	100	100	0	0.945295
1895000	-1.0000000000	0.0010000000	0.0100000000	100	100	0	0.919748
1896000	-1.0000000000	0.0010000000	0.0100000000	100	100	0	0.937700
1897000	-1.0000000000	0.0010000000	0.0100000000	100	100	0	0.904996
1898000	-1.0000000000	0.0010000000	0.0100000000	100	100	0	0.949848
1899000	-1.0000000000	0.0010000000	0.0100000000	100	100	0	0.949880
1900000	-1.0000000000	0.0010000000	0.0100000000	100	100	0	0.925980
1901000	-1.0000000000	0.0010000000	0.0100000000	100	100	0	0.901965
1902000	-1.0000000000	0.0010000000	0.0100000000	100	100	0	0.920458
1903000	-1.0000000000	0.0010000000	0.0100000000	100	100	0	0.932930
1904000	-1.0000000000	0.0010000000	0.0100000000	100	100	0	0.927438
1905000	-1.0000000000	0.0010000000	0.0100000000	100	100	0	0.923392
1906000	-1.0000000000	0.0010000000	0.0100000000	100	100	0	0.902552
1907000	-1.0000000000	0.0010000000	0.0100000000	100	100	0	0.950622
1908000	-1.0000000000	0.0010000000	0.0100000000	100	100	0	0.959407
1909000	-1.0000000000	0.0010000000	0.0100000000	100	100	0	0.930916
1910000	-1.0000000000	0.0010000000	0.0100000000	100	100	0	0.931676
1911000	-1.0000000000	0.0010000000	0.0100000000	100	100	0	0.910284
1912000	-1.0000000000	0.0010000000	0.0100000000	100	100	0	0.859820
1913000	-1.0000000000	0.0010000000	0.0100000000	100	100	0	0.855840
1914000	-1.0000000000	0.0010000000	0.0100000000	100	100	0	0.874518
1915000	-1.0000000000	0.0010000000	0.0100000000	100	100	0	0.830372
1916000	-1.0000000000	0.0010000000	0.0100000000	100	100	0	0.896399
1917000	-1.0000000000	0.0010000000	0.0100000000	100	100	0	0.909335
1918000	-1.0000000000	0.0010000000	0.0100000000	100	100	0	0.898324
1919000	-1.0000000000	0.0010000000	0.0100000000	100	100	0	0.899760
1920000	-1.0000000000	0.0010000000	0.0100000000	100	100	0	0.891151
1921000	-1.0000000000	0.0010000000	0.0100000000	100	100	0	0.871042
1922000	-1.0000000000	0.0010000000	0.0100000000	100	100	0	0.884849
1923000	-1.0000000000	0.0010000000	0.0100000000	100	100	0	0.910102
1924000	-1.0000000000	0.0010000000	0.0100000000	100	100	0	0.944466
1925000	-1.0000000000	0.0010000000	0.0100000000	100	100	0	0.927204
1926000	-1.0000000000	0.0010000000	0.0100000000	100	100	0	0.918375
1927000	-1.0000000000	0.0010000000	0.0100000000	100	100	0	0.904131
1928000	-1.0000000000	0.0010000000	0.0100000000	100	100	0	0.935950
1929000	-1.0000000000	0.0010000000	0.0100000000	100	100	0	0.959730
1930000	-1.0000000000	0.0010000000	0.0100000000	100	100	0	0.954804
1931000	-1.0000000000	0.0010000000	0.0100000000	100	100	0	0.948855
1932000	-1.0000000000	0.0010000000	0.0100000000	100	100	0	0.941392
1933000	-1.0000000000	0.0010000000	0.0100000000	100	100	0	0.951412
1934000	-1.0000000000	0.0010000000	0.0100000000	100	100	0	0.960979
1935000	-1.0000000000	0.0010000000	0.0100000000	100	100	0	0.947874
1936000	-1.0000000000	0.0010000000	0.0100000000	100	100	0	0.929471
1937000	-1.0000000000	0.0010000000	0.0100000000	100	100	0	0.914744
1938000	-1.0000000000	0.0010000000	0.0100000000	100	100	0	0.935159
1939000	-1.0000000000	0.0010000000	0.0100000000	100	100	0	0.916105
1940000	-1.0000000000	0.0010000000	0.0100000000	100	100	0	0.897200
1941000	-1.0000000000	0.0010000000	0.0100000000	100	100	0	0.935791
1942000	-1.0000000000	0.0010000000	0.0100000000	100	100	0	0.917493
1943000	-1.0000000000	0.0010000000	0.0100000000	100	100	0	0.902292
1944000	-1.0000000000	0.0010000000	0.0100000000	100	100	0	0.897684
1945000	-1.0000000000	0.0010000000	0.0100000000	100	100	0	0.929608
1946000	-1.0000000000	0.0010000000	0.0100000000	100	100	0	0.913076
1947000	-1.0000000000	0.0010000000	0.0100000000	100	100	0	0.928377
1948000	-1.0000000000	0.0010000000	0.0100000000	100	100	0	0.921326
1949000	-1.0000000000	0.0010000000	0.0100000000	100	100	0	0.904259
1950000	-1.0000000000	0.0010000000	0.0100000000	100	100	0	0.918708
1951000	-1.0000000000	0.0010000000	0.0100000000	100	100	0	0.835920
1952000	-1.0000000000	0.0010000000	0.0100000000	100	100	0	0.901562
1953000	-1.0000000000	0.0010000000	0.0100000000	100	100	0	0.893666
1954000	-1.0000000000	0.0010000000	0.0100000000	100	100	0	0.917855
1955000	-1.0000000000	0.0010000000	0.0100000000	100	100	0	0.915736
1956000	-1.0000000000	0.0010000000	0.0100000000	100	100	0	0.959446
1957000	-1.0000000000	0.0010000000	0.0100000000	100	100	0	0.907007
1958000	-1.0000000000	0.0010000000	0.0100000000	100	100	0	0.920285
1959000	-1.0000000000	0.0010000000	0.0100000000	100	100	0	0.863474
1960000	-1.0000000000	0.0010000000	0.0100000000	100	100	0	0.906734
1961000	-1.0000000000	0.0010000000	0.0100000000	100	100	0	0.904922
1962000	-1.0000000000	0.0010000000	0.0100000000	100	100	0	0.888250
1963000	-1.0000000000	0.0010000000	0.0100000000	100	100	0	0.933292
1964000	-1.0000000000	0.0010000000	0.0100000000	100	100	0	0.923874
1965000	-1.0000000000	0.0010000000	0.0100000000	100	100	0	0.971938
1966000	-1.0000000000	0.0010000000	0.0100000000	100	100	0	0.934006
1967000	-1.0000000000	0.0010000000	0.0100000000	100	100	0	0.917187
1968000	-1.0000000000	0.0010000000	0.0100000000	100	100	0	0.930829
1969000	-1.0000000000	0.0010000000	0.0100000000	100	100	0	0.963094
1970000	-1.0000000000	0.0010000000	0.0100000000	100	100	0	0.973709
1971000	-1.0000000000	0.0010000000	0.0100000000	100	100	0	0.981287
1972000	-1.0000000000	0.0010000000	0.0100000000	100	100	0	0.965901
1973000	-1.0000000000	0.0010000000	0.0100000000	100	100	0	0.955734
1974000	-1.0000000000	0.0010000000	0.0100000000	100	100	0	0.951472
1975000	-1.0000000000	0.0010000000	0.0100000000	100	100	0	0.957238
1976000	-1.0000000000	0.0010000000	0.0100000000	100	100	0	0.982717
1977000	-1.0000000000	0.0010000000	0.0100000000	100	100	0	0.963978
1978000	-1.0000000000	0.0010000000	0.0100000000	100	100	0	0.938817
1979000	-1.0000000000	0.0010000000	0.0100000000	100	100	0	0.927288
1980000	-1.0000000000	0.0010000000	0.0100000000	100	100	0	0.917464
1981000	-1.0000000000	0.0010000000	0.0100000000	100	100	0	0.899183
1982000	-1.0000000000	0.0010000000	0.0100000000	100	100	0	0.880639
1983000	-1.0000000000	0.0010000000	0.0100000000	100	100	0	0.933088
1984000	-1.0000000000	0.0010000000	0.0100000000	100	100	0	0.961561
1985000	-1.0000000000	0.0010000000	0.0100000000	100	100	0	0.948534
1986000	-1.0000000000	0.0010000000	0.0100000000	100	100	0	0.923782
1987000	-1.0000000000	0.0010000000	0.0100000000	100	100	0	0.918707
1988000	-1.0000000000	0.0010000000	0.0100000000	100	100	0	0.907904
1989000	-1.0000000000	0.0010000000	0.0100000000	100	100	0	0.931790
1990000	-1.0000000000	0.0010000000	0.0100000000	100	100	0	0.950321
1991000	-1.0000000000	0.0010000000	0.0100000000	100	100	0	0.966131
1992000	-1.0000000000	0.0010000000	0.0100000000	100	100	0	0.950375
1993000	-1.0000000000	0.0010000000	0.0100000000	100	100	0	0.965739
1994000	-1.0000000000	0.0010000000	0.0100000000	100	100	0	0.970722
1995000	-1.0000000000	0.0010000000	0.0100000000	100	100	0	0.955373
1996000	-1.0000000000	0.0010000000	0.0100000000	100	100	0	0.936266
1997000	-1.0000000000	0.0010000000	0.0100000000	100	100	0	0.898202
1998000	-1.0000000000	0.0010000000	0.0100000000	100	100	0	0.935254
1999000	-1.0000000000	0.0010000000	0.0100000000	100	100	0	0.936091
2000000	-1.0000000000	0.0010000000	0.0100000000	100	100	0	0.926435
2001000	-1.0000000000	0.0010000000	0.0100000000	100	100	0	0.940333
2002000	-1.0000000000	0.0010000000	0.0100000000	100	100	0	0.918716
2003000	-1.0000000000	0.0010000000	0.0100000000	100	100	0	0.917304
2004000	-1.0000000000	0.0010000000	0.0100000000	100	100	0	0.926085
2005000	-1.0000000000	0.0010000000	0.0100000000	100	100	0	0.895225
2006000	-1.0000000000	0.0010000000	0.0100000000	100	100	0	0.960529
2007000	-1.0000000000	0.0010000000	0.0100000000	100	100	0	0.943664
2008000	-1.0000000000	0.0010000000	0.0100000000	100	100	0	0.915815
2009000	-1.0000000000	0.0010000000	0.0100000000	100	100	0	0.899895
2010000	-1.0000000000	0.0010000000	0.0100000000	100	100	0	0.908731
2011000	-1.0000000000	0.0010000000	0.0100000000	100	100	0	0.901641
2012000	-1.0000000000	0.0010000000	0.0100000000	100	100	0	0.866833
2013000	-1.0000000000	0.0010000000	0.0100000000	100	100	0	0.948921
2014000	-1.0000000000	0.0010000000	0.0100000000	100	100	0	0.923448
2015000	-1.0000000000	0.0010000000	0.0100000000	100	100	0	0.914347
2016000	-1.0000000000	0.0010000000	0.0100000000	100	100	0	0.915366
2017000	-1.0000000000	0.0010000000	0.0100000000	100	100	0	0.932554
2018000	-1.0000000000	0.0010000000	0.0100000000	100	100	0	0.930454
2019000	-1.0000000000	0.0010000000	0.0100000000	100	100	0	0.927809
2020000	-1.0000000000	0.0010000000	0.0100000000	100	100	0	0.936909
2021000	-1.0000000000	0.0010000000	0.0100000000	100	100	0	0.956931
2022000	-1.0000000000	0.0010000000	0.0100000000	100	100	0	0.963768
2023000	-1.0000000000	0.0010000000	0.0100000000	100	100	0	0.958784
2024000	-1.0000000000	0.0010000000	0.0100000000	100	100	0	0.921673
2025000	-1.0000000000	0.0010000000	0.0100000000	100	100	0	0.943179
2026000	-1.0000000000	0.0010000000	0.0100000000	100	100	0	0.939034
2027000	-1.0000000000	0.0010000000	0.0100000000	100	100	0	0.939446
2028000	-1.0000000000	0.0010000000	0.0100000000	100	100	0	0.950610
2029000	-1.0000000000	0.0010000000	0.0100000000	100	100	0	0.974313
2030000	-1.0000000000	0.0010000000	0.0100000000	100	100	0	0.948070
2031000	-1.0000000000	0.0010000000	0.0100000000	100	100	0	0.933723
2032000	-1.0000000000	0.0010000000	0.0100000000	100	100	0	0.919197
2033000	-1.0000000000	0.0010000000	0.0100000000	100	100	0	0.901729
2034000	-1.0000000000	0.0010000000	0.0100000000	100	100	0	0.909438
2035000	-1.0000000000	0.0010000000	0.0100000000	100	100	0	0.944691
2036000	-1.0000000000	0.0010000000	0.0100000000	100	100	0	0.967520
2037000	-1.0000000000	0.0010000000	0.0100000000	100	100	0	0.956783
2038000	-1.0000000000	0.0010000000	0.0100000000	100	100	0	0.937097
2039000	-1.0000000000	0.0010000000	0.0100000000	100	100	0	0.948464
2040000	-1.0000000000	0.0010000000	0.0100000000	100	100	0	0.961475
2041000	-1.0000000000	0.0010000000	0.0100000000	100	100	0	0.970223
2042000	-1.0000000000	0.0010000000	0.0100000000	100	100	0	0.952667
2043000	-1.0000000000	0.0010000000	0.0100000000	100	100	0	0.927287
2044000	-1.0000000000	0.0010000000	0.0100000000	100	100	0	0.890471
2045000	-1.0000000000	0.0010000000	0.0100000000	100	100	0	0.909784
2046000	-1.0000000000	0.0010000000	0.0100000000	100	100	0	0.904867
2047000	-1.0000000000	0.0010000000	0.0100000000	100	100	0	0.914803
2048000	-1.0000000000	0.0010000000	0.0100000000	100	100	0	0.923507
2049000	-1.0000000000	0.0010000000	0.0100000000	100	100	0	0.910941
2050000	-1.0000000000	0.0010000000	0.0100000000	100	100	0	0.941307
2051000	-1.0000000000	0.0010000000	0.0100000000	100	100	0	0.929629
2052000	-1.0000000000	0.0010000000	0.0100000000	100	100	0	0.945328
2053000	-1.0000000000	0.0010000000	0.0100000000	100	100	0	0.963003
2054000	-1.0000000000	0.0010000000	0.0100000000	100	100	0	0.983055
2055000	-1.0000000000	0.0010000000	0.0100000000	100	100	0	0.959588
2056000	-1.0000000000	0.0010000000	0.0100000000	100	100	0	0.937531
2057000	-1.0000000000	0.0010000000	0.0100000000	100	100	0	0.914195
2058000	-1.0000000000	0.0010000000	0.0100000000	100	100	0	0.930594
2059000	-1.0000000000	0.0010000000	0.0100000000	100	100	0	0.903854
2060000	-1.0000000000	0.0010000000	0.0100000000	100	100	0	0.941501
2061000	-1.0000000000	0.0010000000	0.0100000000	100	100	0	0.933257
2062000	-1.0000000000	0.0010000000	0.0100000000	100	100	0	0.916235
2063000	-1.0000000000	0.0010000000	0.0100000000	100	100	0	0.926747
2064000	-1.0000000000	0.0010000000	0.0100000000	100	100	0	0.920458
2065000	-1.0000000000	0.0010000000	0.0100000000	100	100	0	0.907701
2066000	-1.0000000000	0.0010000000	0.0100000000	100	100	0	0.930713
2067000	-1.0000000000	0.0010000000	0.0100000000	100	100	0	0.927951
2068000	-1.0000000000	0.0010000000	0.0100000000	100	100	0	0.929139
2069000	-1.0000000000	0.0010000000	0.0100000000	100	100	0	0.901413
2070000	-1.0000000000	0.0010000000	0.0100000000	100	100	0	0.959322
2071000	-1.0000000000	0.0010000000	0.0100000000	100	100	0	0.973643
2072000	-1.0000000000	0.0010000000	0.0100000000	100	100	0	0.937165
2073000	-1.0000000000	0.0010000000	0.0100000000	100	100	0	0.950447
2074000	-1.0000000000	0.0010000000	0.0100000000	100	100	0	0.943896
2075000	-1.0000000000	0.0010000000	0.0100000000	100	100	0	0.979673
2076000	-1.0000000000	0.0010000000	0.0100000000	100	100	0	0.973900
2077000	-1.0000000000	0.0010000000	0.0100000000	100	100	0	0.988047
2078000	-1.0000000000	0.0010000000	0.0100000000	100	100	0	0.982386
2079000	-1.0000000000	0.0010000000	0.0100000000	100	100	0	0.956490
2080000	-1.0000000000	0.0010000000	0.0100000000	100	100	0	0.915945
2081000	-1.0000000000	0.0010000000	0.0100000000	100	100	0	0.928209
2082000	-1.0000000000	0.0010000000	0.0100000000	100	100	0	0.916215
2083000	-1.0000000000	0.0010000000	0.0100000000	100	100	0	0.923983
2084000	-1.0000000000	0.0010000000	0.0100000000	100	100	0	0.939432
2085000	-1.0000000000	0.0010000000	0.0100000000	100	100	0	0.930122
2086000	-1.0000000000	0.0010000000	0.0100000000	100	100	0	0.942901
2087000	-1.0000000000	0.0010000000	0.0100000000	100	100	0	0.948696
2088000	-1.0000000000	0.0010000000	0.0100000000	100	100	0	0.935950
2089000	-1.0000000000	0.0010000000	0.0100000000	100	100	0	0.961616
2090000	-1.0000000000	0.0010000000	0.0100000000	100	100	0	0.918992
2091000	-1.0000000000	0.0010000000	0.0100000000	100	100	0	0.934037
2092000	-1.0000000000	0.0010000000	0.0100000000	100	100	0	0.939532
2093000	-1.0000000000	0.0010000000	0.0100000000	100	100	0	0.909842
2094000	-1.0000000000	0.0010000000	0.0100000000	100	100	0	0.958484
2095000	-1.0000000000	0.0010000000	0.0100000000	100	100	0	0.956370
2096000	-1.0000000000	0.0010000000	0.0100000000	100	100	0	0.969959
2097000	-1.0000000000	0.0010000000	0.0100000000	100	100	0	0.959107
2098000	-1.0000000000	0.0010000000	0.0100000000	100	100	0	0.989312
2099000	-1.0000000000	0.0010000000	0.0100000000	100	100	0	0.940152
2100000	-1.0000000000	0.0010000000	0.0100000000	100	100	0	0.952254
2101000	-1.0000000000	0.0010000000	0.0100000000	100	100	0	0.921221
2102000	-1.0000000000	0.0010000000	0.0100000000	100	100	0	0.909069
2103000	-1.0000000000	0.0010000000	0.0100000000	100	100	0	0.856410
2104000	-1.0000000000	0.0010000000	0.0100000000	100	100	0	0.929467
2105000	-1.0000000000	0.0010000000	0.0100000000	100	100	0	0.947078
2106000	-1.0000000000	0.0010000000	0.0100000000	100	100	0	0.939870
2107000	-1.0000000000	0.0010000000	0.0100000000	100	100	0	0.955718
2108000	-1.0000000000	0.0010000000	0.0100000000	100	100	0	0.913906
2109000	-1.0000000000	0.0010000000	0.0100000000	100	100	0	0.947732
2110000	-1.0000000000	0.0010000000	0.0100000000	100	100	0	0.903102
2111000	-1.0000000000	0.0010000000	0.0100000000	100	100	0	0.894066
2112000	-1.0000000000	0.0010000000	0.0100000000	100	100	0	0.888184
2113000	-1.0000000000	0.0010000000	0.0100000000	100	100	0	0.916942
2114000	-1.0000000000	0.0010000000	0.0100000000	100	100	0	0.929541
2115000	-1.0000000000	0.0010000000	0.0100000000	100	100	0	0.885968
2116000	-1.0000000000	0.0010000000	0.0100000000	100	100	0	0.882194
2117000	-1.0000000000	0.0010000000	0.0100000000	100	100	0	0.926578
2118000	-1.0000000000	0.0010000000	0.0100000000	100	100	0	0.934527
2119000	-1.0000000000	0.0010000000	0.0100000000	100	100	0	0.900325
2120000	-1.0000000000	0.0010000000	0.0100000000	100	100	0	0.908164
2121000	-1.0000000000	0.0010000000	0.0100000000	100	100	0	0.903406
2122000	-1.0000000000	0.0010000000	0.0100000000	100	100	0	0.948555
2123000	-1.0000000000	0.0010000000	0.0100000000	100	100	0	0.950764
2124000	-1.0000000000	0.0010000000	0.0100000000	100	100	0	0.930847
2125000	-1.0000000000	0.0010000000	0.0100000000	100	100	0	0.902017
2126000	-1.0000000000	0.0010000000	0.0100000000	100	100	0	0.932456
2127000	-1.0000000000	0.0010000000	0.0100000000	100	100	0	0.936549
2128000	-1.0000000000	0.0010000000	0.0100000000	100	100	0	0.931599
2129000	-1.0000000000	0.0010000000	0.0100000000	100	100	0	0.882193
2130000	-1.0000000000	0.0010000000	0.0100000000	100	100	0	0.884632
2131000	-1.0000000000	0.0010000000	0.0100000000	100	100	0	0.926559
2132000	-1.0000000000	0.0010000000	0.0100000000	100	100	0	0.949629
2133000	-1.0000000000	0.0010000000	0.0100000000	100	100	0	0.956349
2134000	-1.0000000000	0.0010000000	0.0100000000	100	100	0	0.931631
2135000	-1.0000000000	0.0010000000	0.0100000000	100	100	0	0.941696
2136000	-1.0000000000	0.0010000000	0.0100000000	100	100	0	0.937274
2137000	-1.0000000000	0.0010000000	0.0100000000	100	100	0	0.969173
2138000	-1.0000000000	0.0010000000	0.0100000000	100	100	0	0.965928
2139000	-1.0000000000	0.0010000000	0.0100000000	100	100	0	0.946778
2140000	-1.0000000000	0.0010000000	0.0100000000	100	100	0	0.927989
2141000	-1.0000000000	0.0010000000	0.0100000000	100	100	0	0.910174
2142000	-1.0000000000	0.0010000000	0.0100000000	100	100	0	0.885000
2143000	-1.0000000000	0.0010000000	0.0100000000	100	100	0	0.917291
2144000	-1.0000000000	0.0010000000	0.0100000000	100	100	0	0.902604
2145000	-1.0000000000	0.0010000000	0.0100000000	100	100	0	0.917443
2146000	-1.0000000000	0.0010000000	0.0100000000	100	100	0	0.936424
2147000	-1.0000000000	0.0010000000	0.0100000000	100	100	0	0.949879
2148000	-1.0000000000	0.0010000000	0.0100000000	100	100	0	0.935255
2149000	-1.0000000000	0.0010000000	0.0100000000	100	100	0	0.953552
2150000	-1.0000000000	0.0010000000	0.0100000000	100	100	0	0.921601
2151000	-1.0000000000	0.0010000000	0.0100000000	100	100	0	0.934728
2152000	-1.0000000000	0.0010000000	0.0100000000	100	100	0	0.923547
2153000	-1.0000000000	0.0010000000	0.0100000000	100	100	0	0.928889
2154000	-1.0000000000	0.0010000000	0.0100000000	100	100	0	0.947662
2155000	-1.0000000000	0.0010000000	0.0100000000	100	100	0	0.943458
2156000	-1.0000000000	0.0010000000	0.0100000000	100	100	0	0.947155
2157000	-1.0000000000	0.0010000000	0.0100000000	100	100	0	0.947143
2158000	-1.0000000000	0.0010000000	0.0100000000	100	100	0	0.906761
2159000	-1.0000000000	0.0010000000	0.0100000000	100	100	0	0.912445
2160000	-1.0000000000	0.0010000000	0.0100000000	100	100	0	0.927613
2161000	-1.0000000000	0.0010000000	0.0100000000	100	100	0	0.932422
2162000	-1.0000000000	0.0010000000	0.0100000000	100	100	0	0.949356
2163000	-1.0000000000	0.0010000000	0.0100000000	100	100	0	0.962630
2164000	-1.0000000000	0.0010000000	0.0100000000	100	100	0	0.937661
2165000	-1.0000000000	0.0010000000	0.0100000000	100	100	0	0.945524
2166000	-1.0000000000	0.0010000000	0.0100000000	100	100	0	0.950107
2167000	-1.0000000000	0.0010000000	0.0100000000	100	100	0	0.920825
2168000	-1.0000000000	0.0010000000	0.0100000000	100	100	0	0.902190
2169000	-1.0000000000	0.0010000000	0.0100000000	100	100	0	0.946298
2170000	-1.0000000000	0.0010000000	0.0100000000	100	100	0	0.934768
2171000	-1.0000000000	0.0010000000	0.0100000000	100	100	0	0.946457
2172000	-1.0000000000	0.0010000000	0.0100000000	100	100	0	0.937534
2173000	-1.0000000000	0.0010000000	0.0100000000	100	100	0	0.964836
2174000	-1.0000000000	0.0010000000	0.0100000000	100	100	0	0.929934
2175000	-1.0000000000	0.0010000000	0.0100000000	100	100	0	0.947263
2176000	-1.0000000000	0.0010000000	0.0100000000	100	100	0	0.943238
2177000	-1.0000000000	0.0010000000	0.0100000000	100	100	0	0.942509
2178000	-1.0000000000	0.0010000000	0.0100000000	100	100	0	0.918896
2179000	-1.0000000000	0.0010000000	0.0100000000	100	100	0	0.887690
2180000	-1.0000000000	0.0010000000	0.0100000000	100	100	0	0.878481
2181000	-1.0000000000	0.0010000000	0.0100000000	100	100	0	0.907033
2182000	-1.0000000000	0.0010000000	0.0100000000	100	100	0	0.936235
2183000	-1.0000000000	0.0010000000	0.0100000000	100	100	0	0.974012
2184000	-1.0000000000	0.0010000000	0.0100000000	100	100	0	0.949232
2185000	-1.0000000000	0.0010000000	0.0100000000	100	100	0	0.928456
2186000	-1.0000000000	0.0010000000	0.0100000000	100	100	0	0.950687
2187000	-1.0000000000	0.0010000000	0.0100000000	100	100	0	0.946302
2188000	-1.0000000000	0.0010000000	0.0100000000	100	100	0	0.910376
2189000	-1.0000000000	0.0010000000	0.0100000000	100	100	0	0.902957
2190000	-1.0000000000	0.0010000000	0.0100000000	100	100	0	0.894041
2191000	-1.0000000000	0.0010000000	0.0100000000	100	100	0	0.913328
2192000	-1.0000000000	0.0010000000	0.0100000000	100	100	0	0.910306
2193000	-1.0000000000	0.0010000000	0.0100000000	100	100	0	0.950446
2194000	-1.0000000000	0.0010000000	0.0100000000	100	100	0	0.915063
2195000	-1.0000000000	0.0010000000	0.0100000000	100	100	0	0.959009
2196000	-1.0000000000	0.0010000000	0.0100000000	100	100	0	0.969742
2197000	-1.0000000000	0.0010000000	0.0100000000	100	100	0	0.948715
2198000	-1.0000000000	0.0010000000	0.0100000000	100	100	0	0.946976
2199000	-1.0000000000	0.0010000000	0.0100000000	100	100	0	0.903218
2200000	-1.0000000000	0.0010000000	0.0100000000	100	100	0	0.917160
2201000	-1.0000000000	0.0010000000	0.0100000000	100	100	0	0.875341
2202000	-1.0000000000	0.0010000000	0.0100000000	100	100	0	0.917984
2203000	-1.0000000000	0.0010000000	0.0100000000	100	100	0	0.912084
2204000	-1.0000000000	0.0010000000	0.0100000000	100	100	0	0.928019
2205000	-1.0000000000	0.0010000000	0.0100000000	100	100	0	0.895531
2206000	-1.0000000000	0.0010000000	0.0100000000	100	100	0	0.952918
2207000	-1.0000000000	0.0010000000	0.0100000000	100	100	0	0.946254
2208000	-1.0000000000	0.0010000000	0.0100000000	100	100	0	0.938201
2209000	-1.0000000000	0.0010000000	0.0100000000	100	100	0	0.929154
2210000	-1.0000000000	0.0010000000	0.0100000000	100	100	0	0.934274
2211000	-1.0000000000	0.0010000000	0.0100000000	100	100	0	0.953187
2212000	-1.0000000000	0.0010000000	0.0100000000	100	100	0	0.934527
2213000	-1.0000000000	0.0010000000	0.0100000000	100	100	0	0.967559
2214000	-1.0000000000	0.0010000000	0.0100000000	100	100	0	0.936151
2215000	-1.0000000000	0.0010000000	0.0100000000	100	100	0	0.850847
2216000	-1.0000000000	0.0010000000	0.0100000000	100	100	0	0.869881
2217000	-1.0000000000	0.0010000000	0.0100000000	100	100	0	0.920111
2218000	-1.0000000000	0.0010000000	0.0100000000	100	100	0	0.909192
2219000	-1.0000000000	0.0010000000	0.0100000000	100	100	0	0.896655
2220000	-1.0000000000	0.0010000000	0.0100000000	100	100	0	0.934955
2221000	-1.0000000000	0.0010000000	0.0100000000	100	100	0	0.955391
2222000	-1.0000000000	0.0010000000	0.0100000000	100	100	0	0.956241
2223000	-1.0000000000	0.0010000000	0.0100000000	100	100	0	0.944117
2224000	-1.0000000000	0.0010000000	0.0100000000	100	100	0	0.979224
2225000	-1.0000000000	0.0010000000	0.0100000000	100	100	0	0.960227
2226000	-1.0000000000	0.0010000000	0.0100000000	100	100	0	0.957504
2227000	-1.0000000000	0.0010000000	0.0100000000	100	100	0	0.948337
2228000	-1.0000000000	0.0010000000	0.0100000000	100	100	0	0.942968
2229000	-1.0000000000	0.0010000000	0.0100000000	100	100	0	0.951756
2230000	-1.0000000000	0.0010000000	0.0100000000	100	100	0	0.953981
2231000	-1.0000000000	0.0010000000	0.0100000000	100	100	0	0.915584
2232000	-1.0000000000	0.0010000000	0.0100000000	100	100	0	0.938186
2233000	-1.0000000000	0.0010000000	0.0100000000	100	100	0	0.948930
2234000	-1.0000000000	0.0010000000	0.0100000000	100	100	0	0.907267
2235000	-1.0000000000	0.0010000000	0.0100000000	100	100	0	0.905362
2236000	-1.0000000000	0.0010000000	0.0100000000	100	100	0	0.907820
2237000	-1.0000000000	0.0010000000	0.0100000000	100	100	0	0.956761
2238000	-1.0000000000	0.0010000000	0.0100000000	100	100	0	0.971361
2239000	-1.0000000000	0.0010000000	0.0100000000	100	100	0	0.944074
2240000	-1.0000000000	0.0010000000	0.0100000000	100	100	0	0.937531
2241000	-1.0000000000	0.0010000000	0.0100000000	100	100	0	0.937942
2242000	-1.0000000000	0.0010000000	0.0100000000	100	100	0	0.945736
2243000	-1.0000000000	0.0010000000	0.0100000000	100	100	0	0.934893
2244000	-1.0000000000	0.0010000000	0.0100000000	100	100	0	0.951296
2245000	-1.0000000000	0.0010000000	0.0100000000	100	100	0	0.951451
2246000	-1.0000000000	0.0010000000	0.0100000000	100	100	0	0.921512
2247000	-1.0000000000	0.0010000000	0.0100000000	100	100	0	0.958466
2248000	-1.0000000000	0.0010000000	0.0100000000	100	100	0	0.950446
2249000	-1.0000000000	0.0010000000	0.0100000000	100	100	0	0.937689
2250000	-1.0000000000	0.0010000000	0.0100000000	100	100	0	0.873739
2251000	-1.0000000000	0.0010000000	0.0100000000	100	100	0	0.858776
2252000	-1.0000000000	0.0010000000	0.0100000000	100	100	0	0.911837
2253000	-1.0000000000	0.0010000000	0.0100000000	100	100	0	0.960211
2254000	-1.0000000000	0.0010000000	0.0100000000	100	100	0	0.934463
2255000	-1.0000000000	0.0010000000	0.0100000000	100	100	0	0.930181
2256000	-1.0000000000	0.0010000000	0.0100000000	100	100	0	0.890639
2257000	-1.0000000000	0.0010000000	0.0100000000	100	100	0	0.901858
2258000	-1.0000000000	0.0010000000	0.0100000000	100	100	0	0.960374
2259000	-1.0000000000	0.0010000000	0.0100000000	100	100	0	0.960974
2260000	-1.0000000000	0.0010000000	0.0100000000	100	100	0	0.934969
2261000	-1.0000000000	0.0010000000	0.0100000000	100	100	0	0.922925
2262000	-1.0000000000	0.0010000000	0.0100000000	100	100	0	0.913660
2263000	-1.0000000000	0.0010000000	0.0100000000	100	100	0	0.951886
2264000	-1.0000000000	0.0010000000	0.0100000000	100	100	0	0.908829
2265000	-1.0000000000	0.0010000000	0.0100000000	100	100	0	0.948286
2266000	-1.0000000000	0.0010000000	0.0100000000	100	100	0	0.939701
2267000	-1.0000000000	0.0010000000	0.0100000000	100	100	0	0.928425
2268000	-1.0000000000	0.0010000000	0.0100000000	100	100	0	0.932549
2269000	-1.0000000000	0.0010000000	0.0100000000	100	100	0	0.900108
2270000	-1.0000000000	0.0010000000	0.0100000000	100	100	0	0.905238
2271000	-1.0000000000	0.0010000000	0.0100000000	100	100	0	0.915251
2272000	-1.0000000000	0.0010000000	0.0100000000	100	100	0	0.944319
2273000	-1.0000000000	0.0010000000	0.0100000000	100	100	0	0.949960
2274000	-1.0000000000	0.0010000000	0.0100000000	100	100	0	0.938354
2275000	-1.0000000000	0.0010000000	0.0100000000	100	100	0	0.930545
2276000	-1.0000000000	0.0010000000	0.0100000000	100	100	0	0.919547
2277000	-1.0000000000	0.0010000000	0.0100000000	100	100	0	0.918853
2278000	-1.0000000000	0.0010000000	0.0100000000	100	100	0	0.912821
2279000	-1.0000000000	0.0010000000	0.0100000000	100	100	0	0.950415
2280000	-1.0000000000	0.0010000000	0.0100000000	100	100	0	0.934511
2281000	-1.0000000000	0.0010000000	0.0100000000	100	100	0	0.922830
2282000	-1.0000000000	0.0010000000	0.0100000000	100	100	0	0.929362
2283000	-1.0000000000	0.0010000000	0.0100000000	100	100	0	0.856639
2284000	-1.0000000000	0.0010000000	0.0100000000	100	100	0	0.907556
2285000	-1.0000000000	0.0010000000	0.0100000000	100	100	0	0.912445
2286000	-1.0000000000	0.0010000000	0.0100000000	100	100	0	0.916813
2287000	-1.0000000000	0.0010000000	0.0100000000	100	100	0	0.916249
2288000	-1.0000000000	0.0010000000	0.0100000000	100	100	0	0.929721
2289000	-1.0000000000	0.0010000000	0.0100000000	100	100	0	0.952796
2290000	-1.0000000000	0.0010000000	0.0100000000	100	100	0	0.929945
2291000	-1.0000000000	0.0010000000	0.0100000000	100	100	0	0.931950
2292000	-1.0000000000	0.0010000000	0.0100000000	100	100	0	0.933720
2293000	-1.0000000000	0.0010000000	0.0100000000	100	100	0	0.943489
2294000	-1.0000000000	0.0010000000	0.0100000000	100	100	0	0.930897
2295000	-1.0000000000	0.0010000000	0.0100000000	100	100	0	0.949188
2296000	-1.0000000000	0.0010000000	0.0100000000	100	100	0	0.872845
2297000	-1.0000000000	0.0010000000	0.0100000000	100	100	0	0.873658
2298000	-1.0000000000	0.0010000000	0.0100000000	100	100	0	0.899037
2299000	-1.0000000000	0.0010000000	0.0100000000	100	100	0	0.914600
2300000	-1.0000000000	0.0010000000	0.0100000000	100	100	0	0.902017
2301000	-1.0000000000	0.0010000000	0.0100000000	100	100	0	0.911761
2302000	-1.0000000000	0.0010000000	0.0100000000	100	100	0	0.901829
2303000	-1.0000000000	0.0010000000	0.0100000000	100	100	0	0.913229
2304000	-1.0000000000	0.0010000000	0.0100000000	100	100	0	0.921261
2305000	-1.0000000000	0.0010000000	0.0100000000	100	100	0	0.942509
2306000	-1.0000000000	0.0010000000	0.0100000000	100	100	0	0.944526
2307000	-1.0000000000	0.0010000000	0.0100000000	100	100	0	0.950764
2308000	-1.0000000000	0.0010000000	0.0100000000	100	100	0	0.945132
2309000	-1.0000000000	0.0010000000	0.0100000000	100	100	0	0.969630
2310000	-1.0000000000	0.0010000000	0.0100000000	100	100	0	0.939524
2311000	-1.0000000000	0.0010000000	0.0100000000	100	100	0	0.937531
2312000	-1.0000000000	0.0010000000	0.0100000000	100	100	0	0.920006
2313000	-1.0000000000	0.0010000000	0.0100000000	100	100	0	0.928028
2314000	-1.0000000000	0.0010000000	0.0100000000	100	100	0	0.947296
2315000	-1.0000000000	0.0010000000	0.0100000000	100	100	0	0.923689
2316000	-1.0000000000	0.0010000000	0.0100000000	100	100	0	0.949209
2317000	-1.0000000000	0.0010000000	0.0100000000	100	100	0	0.938201
2318000	-1.0000000000	0.0010000000	0.0100000000	100	100	0	0.910319
2319000	-1.0000000000	0.0010000000	0.0100000000	100	100	0	0.959801
2320000	-1.0000000000	0.0010000000	0.0100000000	100	100	0	0.956048
2321000	-1.0000000000	0.0010000000	0.0100000000	100	100	0	0.935307
2322000	-1.0000000000	0.0010000000	0.0100000000	100	100	0	0.928078
2323000	-1.0000000000	0.0010000000	0.0100000000	100	100	0	0.933817
2324000	-1.0000000000	0.0010000000	0.0100000000	100	100	0	0.952291
2325000	-1.0000000000	0.0010000000	0.0100000000	100	100	0	0.946125
2326000	-1.0000000000	0.0010000000	0.0100000000	100	100	0	0.961276
2327000	-1.0000000000	0.0010000000	0.0100000000	100	100	0	0.930786
2328000	-1.0000000000	0.0010000000	0.0100000000	100	100	0	0.923358
2329000	-1.0000000000	0.0010000000	0.0100000000	100	100	0	0.918172
2330000	-1.0000000000	0.0010000000	0.0100000000	100	100	0	0.937891
2331000	-1.0000000000	0.0010000000	0.0100000000	100	100	0	0.957526
2332000	-1.0000000000	0.0010000000	0.0100000000	100	100	0	0.946391
2333000	-1.0000000000	0.0010000000	0.0100000000	100	100	0	0.955617
2334000	-1.0000000000	0.0010000000	0.0100000000	100	100	0	0.968108
2335000	-1.0000000000	0.0010000000	0.0100000000	100	100	0	0.959887
2336000	-1.0000000000	0.0010000000	0.0100000000	100	100	0	0.979326
2337000	-1.0000000000	0.0010000000	0.0100000000	100	100	0	0.941512
2338000	-1.0000000000	0.0010000000	0.0100000000	100	100	0	0.973366
2339000	-1.0000000000	0.0010000000	0.0100000000	100	100	0	0.950338
2340000	-1.0000000000	0.0010000000	0.0100000000	100	100	0	0.959356
2341000	-1.0000000000	0.0010000000	0.0100000000	100	100	0	0.884825
2342000	-1.0000000000	0.0010000000	0.0100000000	100	100	0	0.900109
2343000	-1.0000000000	0.0010000000	0.0100000000	100	100	0	0.902364
2344000	-1.0000000000	0.0010000000	0.0100000000	100	100	0	0.919575
2345000	-1.0000000000	0.0010000000	0.0100000000	100	100	0	0.907760
2346000	-1.0000000000	0.0010000000	0.0100000000	100	100	0	0.947312
2347000	-1.0000000000	0.0010000000	0.0100000000	100	100	0	0.932837
2348000	-1.0000000000	0.0010000000	0.0100000000	100	100	0	0.915004
2349000	-1.0000000000	0.0010000000	0.0100000000	100	100	0	0.880084
2350000	-1.0000000000	0.0010000000	0.0100000000	100	100	0	0.899718
2351000	-1.0000000000	0.0010000000	0.0100000000	100	100	0	0.909350
2352000	-1.0000000000	0.0010000000	0.0100000000	100	100	0	0.952207
2353000	-1.0000000000	0.0010000000	0.0100000000	100	100	0	0.936402
2354000	-1.0000000000	0.0010000000	0.0100000000	100	100	0	0.915510
2355000	-1.0000000000	0.0010000000	0.0100000000	100	100	0	0.906530
2356000	-1.0000000000	0.0010000000	0.0100000000	100	100	0	0.947013
2357000	-1.0000000000	0.0010000000	0.0100000000	100	100	0	0.969297
2358000	-1.0000000000	0.0010000000	0.0100000000	100	100	0	0.971413
2359000	-1.0000000000	0.0010000000	0.0100000000	100	100	0	0.945137
2360000	-1.0000000000	0.0010000000	0.0100000000	100	100	0	0.965228
2361000	-1.0000000000	0.0010000000	0.0100000000	100	100	0	0.971462
2362000	-1.0000000000	0.0010000000	0.0100000000	100	100	0	0.967556
2363000	-1.0000000000	0.0010000000	0.0100000000	100	100	0	0.904302
2364000	-1.0000000000	0.0010000000	0.0100000000	100	100	0	0.946636
2365000	-1.0000000000	0.0010000000	0.0100000000	100	100	0	0.902421
2366000	-1.0000000000	0.0010000000	0.0100000000	100	100	0	0.905982
2367000	-1.0000000000	0.0010000000	0.0100000000	100	100	0	0.900816
2368000	-1.0000000000	0.0010000000	0.0100000000	100	100	0	0.932344
2369000	-1.0000000000	0.0010000000	0.0100000000	100	100	0	0.894657
2370000	-1.0000000000	0.0010000000	0.0100000000	100	100	0	0.908569
2371000	-1.0000000000	0.0010000000	0.0100000000	100	100	0	0.908854
2372000	-1.0000000000	0.0010000000	0.0100000000	100	100	0	0.933516
2373000	-1.0000000000	0.0010000000	0.0100000000	100	100	0	0.923655
2374000	-1.0000000000	0.0010000000	0.0100000000	100	100	0	0.901026
2375000	-1.0000000000	0.0010000000	0.0100000000	100	100	0	0.935633
2376000	-1.0000000000	0.0010000000	0.0100000000	100	100	0	0.957243
2377000	-1.0000000000	0.0010000000	0.0100000000	100	100	0	0.896134
2378000	-1.0000000000	0.0010000000	0.0100000000	100	100	0	0.945809
2379000	-1.0000000000	0.0010000000	0.0100000000	100	100	0	0.945784
2380000	-1.0000000000	0.0010000000	0.0100000000	100	100	0	0.946761
2381000	-1.0000000000	0.0010000000	0.0100000000	100	100	0	0.893437
2382000	-1.0000000000	0.0010000000	0.0100000000	100	100	0	0.944582
2383000	-1.0000000000	0.0010000000	0.0100000000	100	100	0	0.934449
2384000	-1.0000000000	0.0010000000	0.0100000000	100	100	0	0.932583
2385000	-1.0000000000	0.0010000000	0.0100000000	100	100	0	0.950135
2386000	-1.0000000000	0.0010000000	0.0100000000	100	100	0	0.914875
2387000	-1.0000000000	0.0010000000	0.0100000000	100	100	0	0.950631
2388000	-1.0000000000	0.0010000000	0.0100000000	100	100	0	0.919425
2389000	-1.0000000000	0.0010000000	0.0100000000	100	100	0	0.920458
2390000	-1.0000000000	0.0010000000	0.0100000000	100	100	0	0.928962
2391000	-1.0000000000	0.0010000000	0.0100000000	100	100	0	0.922667
2392000	-1.0000000000	0.0010000000	0.0100000000	100	100	0	0.917997
2393000	-1.0000000000	0.0010000000	0.0100000000	100	100	0	0.945486
2394000	-1.0000000000	0.0010000000	0.0100000000	100	100	0	0.911986
2395000	-1.0000000000	0.0010000000	0.0100000000	100	100	0	0.894872
2396000	-1.0000000000	0.0010000000	0.0100000000	100	100	0	0.919094
2397000	-1.0000000000	0.0010000000	0.0100000000	100	100	0	0.910854
2398000	-1.0000000000	0.0010000000	0.0100000000	100	100	0	0.923591
2399000	-1.0000000000	0.0010000000	0.0100000000	100	100	0	0.930099
2400000	-1.0000000000	0.0010000000	0.0100000000	100	100	0	0.901453
2401000	-1.0000000000	0.0010000000	0.0100000000	100	100	0	0.914492
2402000	-1.0000000000	0.0010000000	0.0100000000	100	100	0	0.909003
2403000	-1.0000000000	0.0010000000	0.0100000000	100	100	0	0.934176
2404000	-1.0000000000	0.0010000000	0.0100000000	100	100	0	0.948871
2405000	-1.0000000000	0.0010000000	0.0100000000	100	100	0	0.950480
2406000	-1.0000000000	0.0010000000	0.0100000000	100	100	0	0.932313
2407000	-1.0000000000	0.0010000000	0.0100000000	100	100	0	0.914557
2408000	-1.0000000000	0.0010000000	0.0100000000	100	100	0	0.924573
2409000	-1.0000000000	0.0010000000	0.0100000000	100	100	0	0.934527
2410000	-1.0000000000	0.0010000000	0.0100000000	100	100	0	0.932031
2411000	-1.0000000000	0.0010000000	0.0100000000	100	100	0	0.936549
2412000	-1.0000000000	0.0010000000	0.0100000000	100	100	0	0.904027
2413000	-1.0000000000	0.0010000000	0.0100000000	100	100	0	0.882999
2414000	-1.0000000000	0.0010000000	0.0100000000	100	100	0	0.890977
2415000	-1.0000000000	0.0010000000	0.0100000000	100	100	0	0.931221
2416000	-1.0000000000	0.0010000000	0.0100000000	100	100	0	0.913848
2417000	-1.0000000000	0.0010000000	0.0100000000	100	100	0	0.886625
2418000	-1.0000000000	0.0010000000	0.0100000000	100	100	0	0.899841
2419000	-1.0000000000	0.0010000000	0.0100000000	100	100	0	0.948037
2420000	-1.0000000000	0.0010000000	0.0100000000	100	100	0	0.946494
2421000	-1.0000000000	0.0010000000	0.0100000000	100	100	0	0.947766
2422000	-1.0000000000	0.0010000000	0.0100000000	100	100	0	0.947219
2423000	-1.0000000000	0.0010000000	0.0100000000	100	100	0	0.940884
2424000	-1.0000000000	0.0010000000	0.0100000000	100	100	0	0.928460
2425000	-1.0000000000	0.0010000000	0.0100000000	100	100	0	0.926582
2426000	-1.0000000000	0.0010000000	0.0100000000	100	100	0	0.962706
2427000	-1.0000000000	0.0010000000	0.0100000000	100	100	0	0.950730
2428000	-1.0000000000	0.0010000000	0.0100000000	100	100	0	0.951031
2429000	-1.0000000000	0.0010000000	0.0100000000	100	100	0	0.938583
2430000	-1.0000000000	0.0010000000	0.0100000000	100	100	0	0.927667
2431000	-1.0000000000	0.0010000000	0.0100000000	100	100	0	0.935408
2432000	-1.0000000000	0.0010000000	0.0100000000	100	100	0	0.930249
2433000	-1.0000000000	0.0010000000	0.0100000000	100	100	0	0.929120
2434000	-1.0000000000	0.0010000000	0.0100000000	100	100	0	0.924002
2435000	-1.0000000000	0.0010000000	0.0100000000	100	100	0	0.956418
2436000	-1.0000000000	0.0010000000	0.0100000000	100	100	0	0.944286
2437000	-1.0000000000	0.0010000000	0.0100000000	100	100	0	0.920979
2438000	-1.0000000000	0.0010000000	0.0100000000	100	100	0	0.936023
2439000	-1.0000000000	0.0010000000	0.0100000000	100	100	0	0.917479
2440000	-1.0000000000	0.0010000000	0.0100000000	100	100	0	0.931877
2441000	-1.0000000000	0.0010000000	0.0100000000	100	100	0	0.886732
2442000	-1.0000000000	0.0010000000	0.0100000000	100	100	0	0.891190
2443000	-1.0000000000	0.0010000000	0.0100000000	100	100	0	0.844898
2444000	-1.0000000000	0.0010000000	0.0100000000	100	100	0	0.930716
2445000	-1.0000000000	0.0010000000	0.0100000000	100	100	0	0.950840
2446000	-1.0000000000	0.0010000000	0.0100000000	100	100	0	0.945627
2447000	-1.0000000000	0.0010000000	0.0100000000	100	100	0	0.931731
2448000	-1.0000000000	0.0010000000	0.0100000000	100	100	0	0.936278
2449000	-1.0000000000	0.0010000000	0.0100000000	100	100	0	0.923211
2450000	-1.0000000000	0.0010000000	0.0100000000	100	100	0	0.939432
2451000	-1.0000000000	0.0010000000	0.0100000000	100	100	0	0.963145
2452000	-1.0000000000	0.0010000000	0.0100000000	100	100	0	0.891243
2453000	-1.0000000000	0.0010000000	0.0100000000	100	100	0	0.960761
2454000	-1.0000000000	0.0010000000	0.0100000000	100	100	0	0.919860
2455000	-1.0000000000	0.0010000000	0.0100000000	100	100	0	0.973229
2456000	-1.0000000000	0.0010000000	0.0100000000	100	100	0	0.944514
2457000	-1.0000000000	0.0010000000	0.0100000000	100	100	0	0.917681
2458000	-1.0000000000	0.0010000000	0.0100000000	100	100	0	0.936582
2459000	-1.0000000000	0.0010000000	0.0100000000	100	100	0	0.906576
2460000	-1.0000000000	0.0010000000	0.0100000000	100	100	0	0.913132
2461000	-1.0000000000	0.0010000000	0.0100000000	100	100	0	0.962148
2462000	-1.0000000000	0.0010000000	0.0100000000	100	100	0	0.927496
2463000	-1.0000000000	0.0010000000	0.0100000000	100	100	0	0.920270
2464000	-1.0000000000	0.0010000000	0.0100000000	100	100	0	0.923775
2465000	-1.0000000000	0.0010000000	0.0100000000	100	100	0	0.919239
2466000	-1.0000000000	0.0010000000	0.0100000000	100	100	0	0.914007
2467000	-1.0000000000	0.0010000000	0.0100000000	100	100	0	0.934353
2468000	-1.0000000000	0.0010000000	0.0100000000	100	100	0	0.903507
2469000	-1.0000000000	0.0010000000	0.0100000000	100	100	0	0.896121
2470000	-1.0000000000	0.0010000000	0.0100000000	100	100	0	0.936158
2471000	-1.0000000000	0.0010000000	0.0100000000	100	100	0	0.960923
2472000	-1.0000000000	0.0010000000	0.0100000000	100	100	0	0.930732
2473000	-1.0000000000	0.0010000000	0.0100000000	100	100	0	0.908822
2474000	-1.0000000000	0.0010000000	0.0100000000	100	100	0	0.884019
2475000	-1.0000000000	0.0010000000	0.0100000000	100	100	0	0.886934
2476000	-1.0000000000	0.0010000000	0.0100000000	100	100	0	0.902393
2477000	-1.0000000000	0.0010000000	0.0100000000	100	100	0	0.907744
2478000	-1.0000000000	0.0010000000	0.0100000000	100	100	0	0.946287
2479000	-1.0000000000	0.0010000000	0.0100000000	100	100	0	0.953238
2480000	-1.0000000000	0.0010000000	0.0100000000	100	100	0	0.947770
2481000	-1.0000000000	0.0010000000	0.0100000000	100	100	0	0.958394
2482000	-1.0000000000	0.0010000000	0.0100000000	100	100	0	0.971611
2483000	-1.0000000000	0.0010000000	0.0100000000	100	100	0	0.927962
2484000	-1.0000000000	0.0010000000	0.0100000000	100	100	0	0.927018
2485000	-1.0000000000	0.0010000000	0.0100000000	100	100	0	0.934685
2486000	-1.0000000000	0.0010000000	0.0100000000	100	100	0	0.911709
2487000	-1.0000000000	0.0010000000	0.0100000000	100	100	0	0.913761
2488000	-1.0000000000	0.0010000000	0.0100000000	100	100	0	0.859395
2489000	-1.0000000000	0.0010000000	0.0100000000	100	100	0	0.921721
2490000	-1.0000000000	0.0010000000	0.0100000000	100	100	0	0.898608
2491000	-1.0000000000	0.0010000000	0.0100000000	100	100	0	0.933215
2492000	-1.0000000000	0.0010000000	0.0100000000	100	100	0	0.963145
2493000	-1.0000000000	0.0010000000	0.0100000000	100	100	0	0.922706
2494000	-1.0000000000	0.0010000000	0.0100000000	100	100	0	0.947770
2495000	-1.0000000000	0.0010000000	0.0100000000	100	100	0	0.936488
2496000	-1.0000000000	0.0010000000	0.0100000000	100	100	0	0.939091
2497000	-1.0000000000	0.0010000000	0.0100000000	100	100	0	0.909272
2498000	-1.0000000000	0.0010000000	0.0100000000	100	100	0	0.951898
2499000	-1.0000000000	0.0010000000	0.0100000000	100	100	0	0.963626
2500000	-1.0000000000	0.0010000000	0.0100000000	100	100	0	0.936898
