time	epistasis_coef	sel_coef	mu_prob	Ne	L	k_start	mean_fitness
1500000	-1.0000000000	0.1000000000	0.0010000000	100	100	0	0.999048
1501000	-1.0000000000	0.1000000000	0.0010000000	100	100	0	1.000000
1502000	-1.0000000000	0.1000000000	0.0010000000	100	100	0	0.998097
1503000	-1.0000000000	0.1000000000	0.0010000000	100	100	0	1.000000
1504000	-1.0000000000	0.1000000000	0.0010000000	100	100	0	1.000000
1505000	-1.0000000000	0.1000000000	0.0010000000	100	100	0	1.000000
1506000	-1.0000000000	0.1000000000	0.0010000000	100	100	0	0.998097
1507000	-1.0000000000	0.1000000000	0.0010000000	100	100	0	0.998097
1508000	-1.0000000000	0.1000000000	0.0010000000	100	100	0	1.000000
1509000	-1.0000000000	0.1000000000	0.0010000000	100	100	0	1.000000
1510000	-1.0000000000	0.1000000000	0.0010000000	100	100	0	0.999048
1511000	-1.0000000000	0.1000000000	0.0010000000	100	100	0	1.000000
1512000	-1.0000000000	0.1000000000	0.0010000000	100	100	0	0.998097
1513000	-1.0000000000	0.1000000000	0.0010000000	100	100	0	1.000000
1514000	-1.0000000000	0.1000000000	0.0010000000	100	100	0	1.000000
1515000	-1.0000000000	0.1000000000	0.0010000000	100	100	0	1.000000
1516000	-1.0000000000	0.1000000000	0.0010000000	100	100	0	0.999048
1517000	-1.0000000000	0.1000000000	0.0010000000	100	100	0	0.993339
1518000	-1.0000000000	0.1000000000	0.0010000000	100	100	0	1.000000
1519000	-1.0000000000	0.1000000000	0.0010000000	100	100	0	1.000000
1520000	-1.0000000000	0.1000000000	0.0010000000	100	100	0	1.000000
1521000	-1.0000000000	0.1000000000	0.0010000000	100	100	0	0.996193
1522000	-1.0000000000	0.1000000000	0.0010000000	100	100	0	0.995242
1523000	-1.0000000000	0.1000000000	0.0010000000	100	100	0	0.999048
1524000	-1.0000000000	0.1000000000	0.0010000000	100	100	0	1.000000
1525000	-1.0000000000	0.1000000000	0.0010000000	100	100	0	1.000000
1526000	-1.0000000000	0.1000000000	0.0010000000	100	100	0	1.000000
1527000	-1.0000000000	0.1000000000	0.0010000000	100	100	0	1.000000
1528000	-1.0000000000	0.1000000000	0.0010000000	100	100	0	0.998097
1529000	-1.0000000000	0.1000000000	0.0010000000	100	100	0	1.000000
1530000	-1.0000000000	0.1000000000	0.0010000000	100	100	0	1.000000
1531000	-1.0000000000	0.1000000000	0.0010000000	100	100	0	0.999048
1532000	-1.0000000000	0.1000000000	0.0010000000	100	100	0	1.000000
1533000	-1.0000000000	0.1000000000	0.0010000000	100	100	0	1.000000
1534000	-1.0000000000	0.1000000000	0.0010000000	100	100	0	1.000000
1535000	-1.0000000000	0.1000000000	0.0010000000	100	100	0	0.997145
1536000	-1.0000000000	0.1000000000	0.0010000000	100	100	0	1.000000
1537000	-1.0000000000	0.1000000000	0.0010000000	100	100	0	0.995242
1538000	-1.0000000000	0.1000000000	0.0010000000	100	100	0	1.000000
1539000	-1.0000000000	0.1000000000	0.0010000000	100	100	0	1.000000
1540000	-1.0000000000	0.1000000000	0.0010000000	100	100	0	1.000000
1541000	-1.0000000000	0.1000000000	0.0010000000	100	100	0	1.000000
1542000	-1.0000000000	0.1000000000	0.0010000000	100	100	0	0.999048
1543000	-1.0000000000	0.1000000000	0.0010000000	100	100	0	1.000000
1544000	-1.0000000000	0.1000000000	0.0010000000	100	100	0	1.000000
1545000	-1.0000000000	0.1000000000	0.0010000000	100	100	0	0.998097
1546000	-1.0000000000	0.1000000000	0.0010000000	100	100	0	0.996193
1547000	-1.0000000000	0.1000000000	0.0010000000	100	100	0	0.996193
1548000	-1.0000000000	0.1000000000	0.0010000000	100	100	0	1.000000
1549000	-1.0000000000	0.1000000000	0.0010000000	100	100	0	0.996193
1550000	-1.0000000000	0.1000000000	0.0010000000	100	100	0	1.000000
1551000	-1.0000000000	0.1000000000	0.0010000000	100	100	0	0.997145
1552000	-1.0000000000	0.1000000000	0.0010000000	100	100	0	1.000000
1553000	-1.0000000000	0.1000000000	0.0010000000	100	100	0	1.000000
1554000	-1.0000000000	0.1000000000	0.0010000000	100	100	0	1.000000
1555000	-1.0000000000	0.1000000000	0.0010000000	100	100	0	0.999048
1556000	-1.0000000000	0.1000000000	0.0010000000	100	100	0	1.000000
1557000	-1.0000000000	0.1000000000	0.0010000000	100	100	0	1.000000
1558000	-1.0000000000	0.1000000000	0.0010000000	100	100	0	1.000000
1559000	-1.0000000000	0.1000000000	0.0010000000	100	100	0	1.000000
1560000	-1.0000000000	0.1000000000	0.0010000000	100	100	0	1.000000
1561000	-1.0000000000	0.1000000000	0.0010000000	100	100	0	1.000000
1562000	-1.0000000000	0.1000000000	0.0010000000	100	100	0	0.999048
1563000	-1.0000000000	0.1000000000	0.0010000000	100	100	0	1.000000
1564000	-1.0000000000	0.1000000000	0.0010000000	100	100	0	1.000000
1565000	-1.0000000000	0.1000000000	0.0010000000	100	100	0	1.000000
1566000	-1.0000000000	0.1000000000	0.0010000000	100	100	0	0.995242
1567000	-1.0000000000	0.1000000000	0.0010000000	100	100	0	1.000000
1568000	-1.0000000000	0.1000000000	0.0010000000	100	100	0	1.000000
1569000	-1.0000000000	0.1000000000	0.0010000000	100	100	0	1.000000
1570000	-1.0000000000	0.1000000000	0.0010000000	100	100	0	1.000000
1571000	-1.0000000000	0.1000000000	0.0010000000	100	100	0	0.991435
1572000	-1.0000000000	0.1000000000	0.0010000000	100	100	0	0.992387
1573000	-1.0000000000	0.1000000000	0.0010000000	100	100	0	1.000000
1574000	-1.0000000000	0.1000000000	0.0010000000	100	100	0	0.996193
1575000	-1.0000000000	0.1000000000	0.0010000000	100	100	0	0.999048
1576000	-1.0000000000	0.1000000000	0.0010000000	100	100	0	1.000000
1577000	-1.0000000000	0.1000000000	0.0010000000	100	100	0	1.000000
1578000	-1.0000000000	0.1000000000	0.0010000000	100	100	0	0.995242
1579000	-1.0000000000	0.1000000000	0.0010000000	100	100	0	0.999048
1580000	-1.0000000000	0.1000000000	0.0010000000	100	100	0	0.996193
1581000	-1.0000000000	0.1000000000	0.0010000000	100	100	0	1.000000
1582000	-1.0000000000	0.1000000000	0.0010000000	100	100	0	1.000000
1583000	-1.0000000000	0.1000000000	0.0010000000	100	100	0	1.000000
1584000	-1.0000000000	0.1000000000	0.0010000000	100	100	0	0.999048
1585000	-1.0000000000	0.1000000000	0.0010000000	100	100	0	1.000000
1586000	-1.0000000000	0.1000000000	0.0010000000	100	100	0	1.000000
1587000	-1.0000000000	0.1000000000	0.0010000000	100	100	0	1.000000
1588000	-1.0000000000	0.1000000000	0.0010000000	100	100	0	0.997145
1589000	-1.0000000000	0.1000000000	0.0010000000	100	100	0	1.000000
1590000	-1.0000000000	0.1000000000	0.0010000000	100	100	0	0.993339
1591000	-1.0000000000	0.1000000000	0.0010000000	100	100	0	0.998097
1592000	-1.0000000000	0.1000000000	0.0010000000	100	100	0	1.000000
1593000	-1.0000000000	0.1000000000	0.0010000000	100	100	0	1.000000
1594000	-1.0000000000	0.1000000000	0.0010000000	100	100	0	1.000000
1595000	-1.0000000000	0.1000000000	0.0010000000	100	100	0	1.000000
1596000	-1.0000000000	0.1000000000	0.0010000000	100	100	0	1.000000
1597000	-1.0000000000	0.1000000000	0.0010000000	100	100	0	0.999048
1598000	-1.0000000000	0.1000000000	0.0010000000	100	100	0	1.000000
1599000	-1.0000000000	0.1000000000	0.0010000000	100	100	0	1.000000
1600000	-1.0000000000	0.1000000000	0.0010000000	100	100	0	1.000000
1601000	-1.0000000000	0.1000000000	0.0010000000	100	100	0	1.000000
1602000	-1.0000000000	0.1000000000	0.0010000000	100	100	0	0.999048
1603000	-1.0000000000	0.1000000000	0.0010000000	100	100	0	1.000000
1604000	-1.0000000000	0.1000000000	0.0010000000	100	100	0	1.000000
1605000	-1.0000000000	0.1000000000	0.0010000000	100	100	0	1.000000
1606000	-1.0000000000	0.1000000000	0.0010000000	100	100	0	1.000000
1607000	-1.0000000000	0.1000000000	0.0010000000	100	100	0	1.000000
1608000	-1.0000000000	0.1000000000	0.0010000000	100	100	0	0.999048
1609000	-1.0000000000	0.1000000000	0.0010000000	100	100	0	1.000000
1610000	-1.0000000000	0.1000000000	0.0010000000	100	100	0	1.000000
1611000	-1.0000000000	0.1000000000	0.0010000000	100	100	0	1.000000
1612000	-1.0000000000	0.1000000000	0.0010000000	100	100	0	0.998097
1613000	-1.0000000000	0.1000000000	0.0010000000	100	100	0	1.000000
1614000	-1.0000000000	0.1000000000	0.0010000000	100	100	0	1.000000
1615000	-1.0000000000	0.1000000000	0.0010000000	100	100	0	1.000000
1616000	-1.0000000000	0.1000000000	0.0010000000	100	100	0	1.000000
1617000	-1.0000000000	0.1000000000	0.0010000000	100	100	0	0.998097
1618000	-1.0000000000	0.1000000000	0.0010000000	100	100	0	1.000000
1619000	-1.0000000000	0.1000000000	0.0010000000	100	100	0	1.000000
1620000	-1.0000000000	0.1000000000	0.0010000000	100	100	0	1.000000
1621000	-1.0000000000	0.1000000000	0.0010000000	100	100	0	1.000000
1622000	-1.0000000000	0.1000000000	0.0010000000	100	100	0	0.996193
1623000	-1.0000000000	0.1000000000	0.0010000000	100	100	0	0.999048
1624000	-1.0000000000	0.1000000000	0.0010000000	100	100	0	1.000000
1625000	-1.0000000000	0.1000000000	0.0010000000	100	100	0	0.999048
1626000	-1.0000000000	0.1000000000	0.0010000000	100	100	0	1.000000
1627000	-1.0000000000	0.1000000000	0.0010000000	100	100	0	0.998097
1628000	-1.0000000000	0.1000000000	0.0010000000	100	100	0	1.000000
1629000	-1.0000000000	0.1000000000	0.0010000000	100	100	0	1.000000
1630000	-1.0000000000	0.1000000000	0.0010000000	100	100	0	1.000000
1631000	-1.0000000000	0.1000000000	0.0010000000	100	100	0	0.997145
1632000	-1.0000000000	0.1000000000	0.0010000000	100	100	0	0.998097
1633000	-1.0000000000	0.1000000000	0.0010000000	100	100	0	1.000000
1634000	-1.0000000000	0.1000000000	0.0010000000	100	100	0	1.000000
1635000	-1.0000000000	0.1000000000	0.0010000000	100	100	0	1.000000
1636000	-1.0000000000	0.1000000000	0.0010000000	100	100	0	1.000000
1637000	-1.0000000000	0.1000000000	0.0010000000	100	100	0	1.000000
1638000	-1.0000000000	0.1000000000	0.0010000000	100	100	0	0.999048
1639000	-1.0000000000	0.1000000000	0.0010000000	100	100	0	1.000000
1640000	-1.0000000000	0.1000000000	0.0010000000	100	100	0	1.000000
1641000	-1.0000000000	0.1000000000	0.0010000000	100	100	0	0.996193
1642000	-1.0000000000	0.1000000000	0.0010000000	100	100	0	0.998097
1643000	-1.0000000000	0.1000000000	0.0010000000	100	100	0	0.998097
1644000	-1.0000000000	0.1000000000	0.0010000000	100	100	0	1.000000
1645000	-1.0000000000	0.1000000000	0.0010000000	100	100	0	1.000000
1646000	-1.0000000000	0.1000000000	0.0010000000	100	100	0	1.000000
1647000	-1.0000000000	0.1000000000	0.0010000000	100	100	0	0.999048
1648000	-1.0000000000	0.1000000000	0.0010000000	100	100	0	1.000000
1649000	-1.0000000000	0.1000000000	0.0010000000	100	100	0	0.982871
1650000	-1.0000000000	0.1000000000	0.0010000000	100	100	0	1.000000
1651000	-1.0000000000	0.1000000000	0.0010000000	100	100	0	0.999048
1652000	-1.0000000000	0.1000000000	0.0010000000	100	100	0	1.000000
1653000	-1.0000000000	0.1000000000	0.0010000000	100	100	0	1.000000
1654000	-1.0000000000	0.1000000000	0.0010000000	100	100	0	1.000000
1655000	-1.0000000000	0.1000000000	0.0010000000	100	100	0	0.999048
1656000	-1.0000000000	0.1000000000	0.0010000000	100	100	0	1.000000
1657000	-1.0000000000	0.1000000000	0.0010000000	100	100	0	1.000000
1658000	-1.0000000000	0.1000000000	0.0010000000	100	100	0	1.000000
1659000	-1.0000000000	0.1000000000	0.0010000000	100	100	0	0.999048
1660000	-1.0000000000	0.1000000000	0.0010000000	100	100	0	0.998097
1661000	-1.0000000000	0.1000000000	0.0010000000	100	100	0	0.998097
1662000	-1.0000000000	0.1000000000	0.0010000000	100	100	0	0.999048
1663000	-1.0000000000	0.1000000000	0.0010000000	100	100	0	1.000000
1664000	-1.0000000000	0.1000000000	0.0010000000	100	100	0	0.998097
1665000	-1.0000000000	0.1000000000	0.0010000000	100	100	0	0.994290
1666000	-1.0000000000	0.1000000000	0.0010000000	100	100	0	1.000000
1667000	-1.0000000000	0.1000000000	0.0010000000	100	100	0	0.998097
1668000	-1.0000000000	0.1000000000	0.0010000000	100	100	0	0.999048
1669000	-1.0000000000	0.1000000000	0.0010000000	100	100	0	0.997145
1670000	-1.0000000000	0.1000000000	0.0010000000	100	100	0	1.000000
1671000	-1.0000000000	0.1000000000	0.0010000000	100	100	0	1.000000
1672000	-1.0000000000	0.1000000000	0.0010000000	100	100	0	0.999048
1673000	-1.0000000000	0.1000000000	0.0010000000	100	100	0	1.000000
1674000	-1.0000000000	0.1000000000	0.0010000000	100	100	0	1.000000
1675000	-1.0000000000	0.1000000000	0.0010000000	100	100	0	0.997145
1676000	-1.0000000000	0.1000000000	0.0010000000	100	100	0	0.999048
1677000	-1.0000000000	0.1000000000	0.0010000000	100	100	0	1.000000
1678000	-1.0000000000	0.1000000000	0.0010000000	100	100	0	1.000000
1679000	-1.0000000000	0.1000000000	0.0010000000	100	100	0	0.998097
1680000	-1.0000000000	0.1000000000	0.0010000000	100	100	0	1.000000
1681000	-1.0000000000	0.1000000000	0.0010000000	100	100	0	1.000000
1682000	-1.0000000000	0.1000000000	0.0010000000	100	100	0	0.999048
1683000	-1.0000000000	0.1000000000	0.0010000000	100	100	0	1.000000
1684000	-1.0000000000	0.1000000000	0.0010000000	100	100	0	0.998097
1685000	-1.0000000000	0.1000000000	0.0010000000	100	100	0	0.987629
1686000	-1.0000000000	0.1000000000	0.0010000000	100	100	0	1.000000
1687000	-1.0000000000	0.1000000000	0.0010000000	100	100	0	1.000000
1688000	-1.0000000000	0.1000000000	0.0010000000	100	100	0	0.999048
1689000	-1.0000000000	0.1000000000	0.0010000000	100	100	0	1.000000
1690000	-1.0000000000	0.1000000000	0.0010000000	100	100	0	1.000000
1691000	-1.0000000000	0.1000000000	0.0010000000	100	100	0	1.000000
1692000	-1.0000000000	0.1000000000	0.0010000000	100	100	0	1.000000
1693000	-1.0000000000	0.1000000000	0.0010000000	100	100	0	1.000000
1694000	-1.0000000000	0.1000000000	0.0010000000	100	100	0	1.000000
1695000	-1.0000000000	0.1000000000	0.0010000000	100	100	0	1.000000
1696000	-1.0000000000	0.1000000000	0.0010000000	100	100	0	1.000000
1697000	-1.0000000000	0.1000000000	0.0010000000	100	100	0	0.997145
1698000	-1.0000000000	0.1000000000	0.0010000000	100	100	0	1.000000
1699000	-1.0000000000	0.1000000000	0.0010000000	100	100	0	0.992387
1700000	-1.0000000000	0.1000000000	0.0010000000	100	100	0	0.994290
1701000	-1.0000000000	0.1000000000	0.0010000000	100	100	0	1.000000
1702000	-1.0000000000	0.1000000000	0.0010000000	100	100	0	1.000000
1703000	-1.0000000000	0.1000000000	0.0010000000	100	100	0	1.000000
1704000	-1.0000000000	0.1000000000	0.0010000000	100	100	0	1.000000
1705000	-1.0000000000	0.1000000000	0.0010000000	100	100	0	1.000000
1706000	-1.0000000000	0.1000000000	0.0010000000	100	100	0	0.999048
1707000	-1.0000000000	0.1000000000	0.0010000000	100	100	0	0.995242
1708000	-1.0000000000	0.1000000000	0.0010000000	100	100	0	0.999048
1709000	-1.0000000000	0.1000000000	0.0010000000	100	100	0	1.000000
1710000	-1.0000000000	0.1000000000	0.0010000000	100	100	0	0.999048
1711000	-1.0000000000	0.1000000000	0.0010000000	100	100	0	1.000000
1712000	-1.0000000000	0.1000000000	0.0010000000	100	100	0	0.997145
1713000	-1.0000000000	0.1000000000	0.0010000000	100	100	0	1.000000
1714000	-1.0000000000	0.1000000000	0.0010000000	100	100	0	1.000000
1715000	-1.0000000000	0.1000000000	0.0010000000	100	100	0	1.000000
1716000	-1.0000000000	0.1000000000	0.0010000000	100	100	0	1.000000
1717000	-1.0000000000	0.1000000000	0.0010000000	100	100	0	1.000000
1718000	-1.0000000000	0.1000000000	0.0010000000	100	100	0	1.000000
1719000	-1.0000000000	0.1000000000	0.0010000000	100	100	0	0.998097
1720000	-1.0000000000	0.1000000000	0.0010000000	100	100	0	1.000000
1721000	-1.0000000000	0.1000000000	0.0010000000	100	100	0	1.000000
1722000	-1.0000000000	0.1000000000	0.0010000000	100	100	0	1.000000
1723000	-1.0000000000	0.1000000000	0.0010000000	100	100	0	1.000000
1724000	-1.0000000000	0.1000000000	0.0010000000	100	100	0	0.994290
1725000	-1.0000000000	0.1000000000	0.0010000000	100	100	0	0.994290
1726000	-1.0000000000	0.1000000000	0.0010000000	100	100	0	1.000000
1727000	-1.0000000000	0.1000000000	0.0010000000	100	100	0	1.000000
1728000	-1.0000000000	0.1000000000	0.0010000000	100	100	0	1.000000
1729000	-1.0000000000	0.1000000000	0.0010000000	100	100	0	1.000000
1730000	-1.0000000000	0.1000000000	0.0010000000	100	100	0	1.000000
1731000	-1.0000000000	0.1000000000	0.0010000000	100	100	0	1.000000
1732000	-1.0000000000	0.1000000000	0.0010000000	100	100	0	1.000000
1733000	-1.0000000000	0.1000000000	0.0010000000	100	100	0	1.000000
1734000	-1.0000000000	0.1000000000	0.0010000000	100	100	0	0.999048
1735000	-1.0000000000	0.1000000000	0.0010000000	100	100	0	1.000000
1736000	-1.0000000000	0.1000000000	0.0010000000	100	100	0	0.999048
1737000	-1.0000000000	0.1000000000	0.0010000000	100	100	0	0.996193
1738000	-1.0000000000	0.1000000000	0.0010000000	100	100	0	0.999048
1739000	-1.0000000000	0.1000000000	0.0010000000	100	100	0	1.000000
1740000	-1.0000000000	0.1000000000	0.0010000000	100	100	0	0.999048
1741000	-1.0000000000	0.1000000000	0.0010000000	100	100	0	0.999048
1742000	-1.0000000000	0.1000000000	0.0010000000	100	100	0	1.000000
1743000	-1.0000000000	0.1000000000	0.0010000000	100	100	0	1.000000
1744000	-1.0000000000	0.1000000000	0.0010000000	100	100	0	0.998097
1745000	-1.0000000000	0.1000000000	0.0010000000	100	100	0	1.000000
1746000	-1.0000000000	0.1000000000	0.0010000000	100	100	0	0.997145
1747000	-1.0000000000	0.1000000000	0.0010000000	100	100	0	1.000000
1748000	-1.0000000000	0.1000000000	0.0010000000	100	100	0	0.991435
1749000	-1.0000000000	0.1000000000	0.0010000000	100	100	0	0.995242
1750000	-1.0000000000	0.1000000000	0.0010000000	100	100	0	1.000000
1751000	-1.0000000000	0.1000000000	0.0010000000	100	100	0	1.000000
1752000	-1.0000000000	0.1000000000	0.0010000000	100	100	0	0.996193
1753000	-1.0000000000	0.1000000000	0.0010000000	100	100	0	1.000000
1754000	-1.0000000000	0.1000000000	0.0010000000	100	100	0	1.000000
1755000	-1.0000000000	0.1000000000	0.0010000000	100	100	0	1.000000
1756000	-1.0000000000	0.1000000000	0.0010000000	100	100	0	1.000000
1757000	-1.0000000000	0.1000000000	0.0010000000	100	100	0	1.000000
1758000	-1.0000000000	0.1000000000	0.0010000000	100	100	0	0.997145
1759000	-1.0000000000	0.1000000000	0.0010000000	100	100	0	1.000000
1760000	-1.0000000000	0.1000000000	0.0010000000	100	100	0	1.000000
1761000	-1.0000000000	0.1000000000	0.0010000000	100	100	0	1.000000
1762000	-1.0000000000	0.1000000000	0.0010000000	100	100	0	1.000000
1763000	-1.0000000000	0.1000000000	0.0010000000	100	100	0	1.000000
1764000	-1.0000000000	0.1000000000	0.0010000000	100	100	0	0.999048
1765000	-1.0000000000	0.1000000000	0.0010000000	100	100	0	1.000000
1766000	-1.0000000000	0.1000000000	0.0010000000	100	100	0	1.000000
1767000	-1.0000000000	0.1000000000	0.0010000000	100	100	0	1.000000
1768000	-1.0000000000	0.1000000000	0.0010000000	100	100	0	1.000000
1769000	-1.0000000000	0.1000000000	0.0010000000	100	100	0	0.999048
1770000	-1.0000000000	0.1000000000	0.0010000000	100	100	0	0.998097
1771000	-1.0000000000	0.1000000000	0.0010000000	100	100	0	1.000000
1772000	-1.0000000000	0.1000000000	0.0010000000	100	100	0	1.000000
1773000	-1.0000000000	0.1000000000	0.0010000000	100	100	0	0.998097
1774000	-1.0000000000	0.1000000000	0.0010000000	100	100	0	1.000000
1775000	-1.0000000000	0.1000000000	0.0010000000	100	100	0	1.000000
1776000	-1.0000000000	0.1000000000	0.0010000000	100	100	0	1.000000
1777000	-1.0000000000	0.1000000000	0.0010000000	100	100	0	0.996193
1778000	-1.0000000000	0.1000000000	0.0010000000	100	100	0	1.000000
1779000	-1.0000000000	0.1000000000	0.0010000000	100	100	0	1.000000
1780000	-1.0000000000	0.1000000000	0.0010000000	100	100	0	0.999048
1781000	-1.0000000000	0.1000000000	0.0010000000	100	100	0	1.000000
1782000	-1.0000000000	0.1000000000	0.0010000000	100	100	0	1.000000
1783000	-1.0000000000	0.1000000000	0.0010000000	100	100	0	1.000000
1784000	-1.0000000000	0.1000000000	0.0010000000	100	100	0	1.000000
1785000	-1.0000000000	0.1000000000	0.0010000000	100	100	0	0.999048
1786000	-1.0000000000	0.1000000000	0.0010000000	100	100	0	0.999048
1787000	-1.0000000000	0.1000000000	0.0010000000	100	100	0	0.997145
1788000	-1.0000000000	0.1000000000	0.0010000000	100	100	0	0.999048
1789000	-1.0000000000	0.1000000000	0.0010000000	100	100	0	1.000000
1790000	-1.0000000000	0.1000000000	0.0010000000	100	100	0	1.000000
1791000	-1.0000000000	0.1000000000	0.0010000000	100	100	0	1.000000
1792000	-1.0000000000	0.1000000000	0.0010000000	100	100	0	1.000000
1793000	-1.0000000000	0.1000000000	0.0010000000	100	100	0	1.000000
1794000	-1.0000000000	0.1000000000	0.0010000000	100	100	0	0.995242
1795000	-1.0000000000	0.1000000000	0.0010000000	100	100	0	1.000000
1796000	-1.0000000000	0.1000000000	0.0010000000	100	100	0	1.000000
1797000	-1.0000000000	0.1000000000	0.0010000000	100	100	0	1.000000
1798000	-1.0000000000	0.1000000000	0.0010000000	100	100	0	0.991435
1799000	-1.0000000000	0.1000000000	0.0010000000	100	100	0	1.000000
1800000	-1.0000000000	0.1000000000	0.0010000000	100	100	0	0.997145
1801000	-1.0000000000	0.1000000000	0.0010000000	100	100	0	0.996193
1802000	-1.0000000000	0.1000000000	0.0010000000	100	100	0	1.000000
1803000	-1.0000000000	0.1000000000	0.0010000000	100	100	0	0.994290
1804000	-1.0000000000	0.1000000000	0.0010000000	100	100	0	1.000000
1805000	-1.0000000000	0.1000000000	0.0010000000	100	100	0	0.999048
1806000	-1.0000000000	0.1000000000	0.0010000000	100	100	0	0.994290
1807000	-1.0000000000	0.1000000000	0.0010000000	100	100	0	1.000000
1808000	-1.0000000000	0.1000000000	0.0010000000	100	100	0	1.000000
1809000	-1.0000000000	0.1000000000	0.0010000000	100	100	0	0.999048
1810000	-1.0000000000	0.1000000000	0.0010000000	100	100	0	1.000000
1811000	-1.0000000000	0.1000000000	0.0010000000	100	100	0	0.999048
1812000	-1.0000000000	0.1000000000	0.0010000000	100	100	0	1.000000
1813000	-1.0000000000	0.1000000000	0.0010000000	100	100	0	1.000000
1814000	-1.0000000000	0.1000000000	0.0010000000	100	100	0	1.000000
1815000	-1.0000000000	0.1000000000	0.0010000000	100	100	0	1.000000
1816000	-1.0000000000	0.1000000000	0.0010000000	100	100	0	0.998097
1817000	-1.0000000000	0.1000000000	0.0010000000	100	100	0	0.981919
1818000	-1.0000000000	0.1000000000	0.0010000000	100	100	0	0.998097
1819000	-1.0000000000	0.1000000000	0.0010000000	100	100	0	0.999048
1820000	-1.0000000000	0.1000000000	0.0010000000	100	100	0	0.997145
1821000	-1.0000000000	0.1000000000	0.0010000000	100	100	0	1.000000
1822000	-1.0000000000	0.1000000000	0.0010000000	100	100	0	1.000000
1823000	-1.0000000000	0.1000000000	0.0010000000	100	100	0	0.999048
1824000	-1.0000000000	0.1000000000	0.0010000000	100	100	0	1.000000
1825000	-1.0000000000	0.1000000000	0.0010000000	100	100	0	1.000000
1826000	-1.0000000000	0.1000000000	0.0010000000	100	100	0	1.000000
1827000	-1.0000000000	0.1000000000	0.0010000000	100	100	0	1.000000
1828000	-1.0000000000	0.1000000000	0.0010000000	100	100	0	1.000000
1829000	-1.0000000000	0.1000000000	0.0010000000	100	100	0	1.000000
1830000	-1.0000000000	0.1000000000	0.0010000000	100	100	0	0.996193
1831000	-1.0000000000	0.1000000000	0.0010000000	100	100	0	1.000000
1832000	-1.0000000000	0.1000000000	0.0010000000	100	100	0	1.000000
1833000	-1.0000000000	0.1000000000	0.0010000000	100	100	0	0.991435
1834000	-1.0000000000	0.1000000000	0.0010000000	100	100	0	0.995242
1835000	-1.0000000000	0.1000000000	0.0010000000	100	100	0	1.000000
1836000	-1.0000000000	0.1000000000	0.0010000000	100	100	0	1.000000
1837000	-1.0000000000	0.1000000000	0.0010000000	100	100	0	0.995242
1838000	-1.0000000000	0.1000000000	0.0010000000	100	100	0	1.000000
1839000	-1.0000000000	0.1000000000	0.0010000000	100	100	0	0.994290
1840000	-1.0000000000	0.1000000000	0.0010000000	100	100	0	0.991435
1841000	-1.0000000000	0.1000000000	0.0010000000	100	100	0	0.993339
1842000	-1.0000000000	0.1000000000	0.0010000000	100	100	0	1.000000
1843000	-1.0000000000	0.1000000000	0.0010000000	100	100	0	0.999048
1844000	-1.0000000000	0.1000000000	0.0010000000	100	100	0	0.991435
1845000	-1.0000000000	0.1000000000	0.0010000000	100	100	0	1.000000
1846000	-1.0000000000	0.1000000000	0.0010000000	100	100	0	0.999048
1847000	-1.0000000000	0.1000000000	0.0010000000	100	100	0	1.000000
1848000	-1.0000000000	0.1000000000	0.0010000000	100	100	0	1.000000
1849000	-1.0000000000	0.1000000000	0.0010000000	100	100	0	0.998097
1850000	-1.0000000000	0.1000000000	0.0010000000	100	100	0	1.000000
1851000	-1.0000000000	0.1000000000	0.0010000000	100	100	0	0.999048
1852000	-1.0000000000	0.1000000000	0.0010000000	100	100	0	1.000000
1853000	-1.0000000000	0.1000000000	0.0010000000	100	100	0	1.000000
1854000	-1.0000000000	0.1000000000	0.0010000000	100	100	0	1.000000
1855000	-1.0000000000	0.1000000000	0.0010000000	100	100	0	0.999048
1856000	-1.0000000000	0.1000000000	0.0010000000	100	100	0	1.000000
1857000	-1.0000000000	0.1000000000	0.0010000000	100	100	0	1.000000
1858000	-1.0000000000	0.1000000000	0.0010000000	100	100	0	1.000000
1859000	-1.0000000000	0.1000000000	0.0010000000	100	100	0	0.999048
1860000	-1.0000000000	0.1000000000	0.0010000000	100	100	0	0.995242
1861000	-1.0000000000	0.1000000000	0.0010000000	100	100	0	1.000000
1862000	-1.0000000000	0.1000000000	0.0010000000	100	100	0	1.000000
1863000	-1.0000000000	0.1000000000	0.0010000000	100	100	0	1.000000
1864000	-1.0000000000	0.1000000000	0.0010000000	100	100	0	1.000000
1865000	-1.0000000000	0.1000000000	0.0010000000	100	100	0	1.000000
1866000	-1.0000000000	0.1000000000	0.0010000000	100	100	0	1.000000
1867000	-1.0000000000	0.1000000000	0.0010000000	100	100	0	1.000000
1868000	-1.0000000000	0.1000000000	0.0010000000	100	100	0	1.000000
1869000	-1.0000000000	0.1000000000	0.0010000000	100	100	0	0.997145
1870000	-1.0000000000	0.1000000000	0.0010000000	100	100	0	1.000000
1871000	-1.0000000000	0.1000000000	0.0010000000	100	100	0	1.000000
1872000	-1.0000000000	0.1000000000	0.0010000000	100	100	0	1.000000
1873000	-1.0000000000	0.1000000000	0.0010000000	100	100	0	1.000000
1874000	-1.0000000000	0.1000000000	0.0010000000	100	100	0	0.999048
1875000	-1.0000000000	0.1000000000	0.0010000000	100	100	0	0.998097
1876000	-1.0000000000	0.1000000000	0.0010000000	100	100	0	1.000000
1877000	-1.0000000000	0.1000000000	0.0010000000	100	100	0	1.000000
1878000	-1.0000000000	0.1000000000	0.0010000000	100	100	0	1.000000
1879000	-1.0000000000	0.1000000000	0.0010000000	100	100	0	1.000000
1880000	-1.0000000000	0.1000000000	0.0010000000	100	100	0	1.000000
1881000	-1.0000000000	0.1000000000	0.0010000000	100	100	0	1.000000
1882000	-1.0000000000	0.1000000000	0.0010000000	100	100	0	1.000000
1883000	-1.0000000000	0.1000000000	0.0010000000	100	100	0	0.998097
1884000	-1.0000000000	0.1000000000	0.0010000000	100	100	0	1.000000
1885000	-1.0000000000	0.1000000000	0.0010000000	100	100	0	1.000000
1886000	-1.0000000000	0.1000000000	0.0010000000	100	100	0	1.000000
1887000	-1.0000000000	0.1000000000	0.0010000000	100	100	0	1.000000
1888000	-1.0000000000	0.1000000000	0.0010000000	100	100	0	0.994800
1889000	-1.0000000000	0.1000000000	0.0010000000	100	100	0	1.000000
1890000	-1.0000000000	0.1000000000	0.0010000000	100	100	0	1.000000
1891000	-1.0000000000	0.1000000000	0.0010000000	100	100	0	1.000000
1892000	-1.0000000000	0.1000000000	0.0010000000	100	100	0	1.000000
1893000	-1.0000000000	0.1000000000	0.0010000000	100	100	0	1.000000
1894000	-1.0000000000	0.1000000000	0.0010000000	100	100	0	1.000000
1895000	-1.0000000000	0.1000000000	0.0010000000	100	100	0	1.000000
1896000	-1.0000000000	0.1000000000	0.0010000000	100	100	0	1.000000
1897000	-1.0000000000	0.1000000000	0.0010000000	100	100	0	1.000000
1898000	-1.0000000000	0.1000000000	0.0010000000	100	100	0	1.000000
1899000	-1.0000000000	0.1000000000	0.0010000000	100	100	0	1.000000
1900000	-1.0000000000	0.1000000000	0.0010000000	100	100	0	0.999048
1901000	-1.0000000000	0.1000000000	0.0010000000	100	100	0	1.000000
1902000	-1.0000000000	0.1000000000	0.0010000000	100	100	0	1.000000
1903000	-1.0000000000	0.1000000000	0.0010000000	100	100	0	1.000000
1904000	-1.0000000000	0.1000000000	0.0010000000	100	100	0	0.994290
1905000	-1.0000000000	0.1000000000	0.0010000000	100	100	0	0.999048
1906000	-1.0000000000	0.1000000000	0.0010000000	100	100	0	1.000000
1907000	-1.0000000000	0.1000000000	0.0010000000	100	100	0	1.000000
1908000	-1.0000000000	0.1000000000	0.0010000000	100	100	0	0.999048
1909000	-1.0000000000	0.1000000000	0.0010000000	100	100	0	0.999048
1910000	-1.0000000000	0.1000000000	0.0010000000	100	100	0	1.000000
1911000	-1.0000000000	0.1000000000	0.0010000000	100	100	0	0.999048
1912000	-1.0000000000	0.1000000000	0.0010000000	100	100	0	1.000000
1913000	-1.0000000000	0.1000000000	0.0010000000	100	100	0	1.000000
1914000	-1.0000000000	0.1000000000	0.0010000000	100	100	0	0.989532
1915000	-1.0000000000	0.1000000000	0.0010000000	100	100	0	1.000000
1916000	-1.0000000000	0.1000000000	0.0010000000	100	100	0	1.000000
1917000	-1.0000000000	0.1000000000	0.0010000000	100	100	0	0.996193
1918000	-1.0000000000	0.1000000000	0.0010000000	100	100	0	1.000000
1919000	-1.0000000000	0.1000000000	0.0010000000	100	100	0	1.000000
1920000	-1.0000000000	0.1000000000	0.0010000000	100	100	0	1.000000
1921000	-1.0000000000	0.1000000000	0.0010000000	100	100	0	0.998097
1922000	-1.0000000000	0.1000000000	0.0010000000	100	100	0	0.999048
1923000	-1.0000000000	0.1000000000	0.0010000000	100	100	0	0.999048
1924000	-1.0000000000	0.1000000000	0.0010000000	100	100	0	0.998097
1925000	-1.0000000000	0.1000000000	0.0010000000	100	100	0	1.000000
1926000	-1.0000000000	0.1000000000	0.0010000000	100	100	0	1.000000
1927000	-1.0000000000	0.1000000000	0.0010000000	100	100	0	1.000000
1928000	-1.0000000000	0.1000000000	0.0010000000	100	100	0	0.994290
1929000	-1.0000000000	0.1000000000	0.0010000000	100	100	0	1.000000
1930000	-1.0000000000	0.1000000000	0.0010000000	100	100	0	1.000000
1931000	-1.0000000000	0.1000000000	0.0010000000	100	100	0	1.000000
1932000	-1.0000000000	0.1000000000	0.0010000000	100	100	0	1.000000
1933000	-1.0000000000	0.1000000000	0.0010000000	100	100	0	0.997145
1934000	-1.0000000000	0.1000000000	0.0010000000	100	100	0	1.000000
1935000	-1.0000000000	0.1000000000	0.0010000000	100	100	0	0.999048
1936000	-1.0000000000	0.1000000000	0.0010000000	100	100	0	1.000000
1937000	-1.0000000000	0.1000000000	0.0010000000	100	100	0	0.999048
1938000	-1.0000000000	0.1000000000	0.0010000000	100	100	0	1.000000
1939000	-1.0000000000	0.1000000000	0.0010000000	100	100	0	0.997145
1940000	-1.0000000000	0.1000000000	0.0010000000	100	100	0	1.000000
1941000	-1.0000000000	0.1000000000	0.0010000000	100	100	0	1.000000
1942000	-1.0000000000	0.1000000000	0.0010000000	100	100	0	0.996193
1943000	-1.0000000000	0.1000000000	0.0010000000	100	100	0	1.000000
1944000	-1.0000000000	0.1000000000	0.0010000000	100	100	0	1.000000
1945000	-1.0000000000	0.1000000000	0.0010000000	100	100	0	0.986677
1946000	-1.0000000000	0.1000000000	0.0010000000	100	100	0	1.000000
1947000	-1.0000000000	0.1000000000	0.0010000000	100	100	0	1.000000
1948000	-1.0000000000	0.1000000000	0.0010000000	100	100	0	1.000000
1949000	-1.0000000000	0.1000000000	0.0010000000	100	100	0	1.000000
1950000	-1.0000000000	0.1000000000	0.0010000000	100	100	0	1.000000
1951000	-1.0000000000	0.1000000000	0.0010000000	100	100	0	0.999048
1952000	-1.0000000000	0.1000000000	0.0010000000	100	100	0	1.000000
1953000	-1.0000000000	0.1000000000	0.0010000000	100	100	0	0.999048
1954000	-1.0000000000	0.1000000000	0.0010000000	100	100	0	1.000000
1955000	-1.0000000000	0.1000000000	0.0010000000	100	100	0	1.000000
1956000	-1.0000000000	0.1000000000	0.0010000000	100	100	0	1.000000
1957000	-1.0000000000	0.1000000000	0.0010000000	100	100	0	1.000000
1958000	-1.0000000000	0.1000000000	0.0010000000	100	100	0	0.997145
1959000	-1.0000000000	0.1000000000	0.0010000000	100	100	0	1.000000
1960000	-1.0000000000	0.1000000000	0.0010000000	100	100	0	1.000000
1961000	-1.0000000000	0.1000000000	0.0010000000	100	100	0	0.995242
1962000	-1.0000000000	0.1000000000	0.0010000000	100	100	0	0.987629
1963000	-1.0000000000	0.1000000000	0.0010000000	100	100	0	0.992387
1964000	-1.0000000000	0.1000000000	0.0010000000	100	100	0	1.000000
1965000	-1.0000000000	0.1000000000	0.0010000000	100	100	0	0.999048
1966000	-1.0000000000	0.1000000000	0.0010000000	100	100	0	0.997145
1967000	-1.0000000000	0.1000000000	0.0010000000	100	100	0	0.998097
1968000	-1.0000000000	0.1000000000	0.0010000000	100	100	0	1.000000
1969000	-1.0000000000	0.1000000000	0.0010000000	100	100	0	1.000000
1970000	-1.0000000000	0.1000000000	0.0010000000	100	100	0	0.999048
1971000	-1.0000000000	0.1000000000	0.0010000000	100	100	0	1.000000
1972000	-1.0000000000	0.1000000000	0.0010000000	100	100	0	1.000000
1973000	-1.0000000000	0.1000000000	0.0010000000	100	100	0	1.000000
1974000	-1.0000000000	0.1000000000	0.0010000000	100	100	0	0.998097
1975000	-1.0000000000	0.1000000000	0.0010000000	100	100	0	0.999048
1976000	-1.0000000000	0.1000000000	0.0010000000	100	100	0	1.000000
1977000	-1.0000000000	0.1000000000	0.0010000000	100	100	0	1.000000
1978000	-1.0000000000	0.1000000000	0.0010000000	100	100	0	0.997145
1979000	-1.0000000000	0.1000000000	0.0010000000	100	100	0	1.000000
1980000	-1.0000000000	0.1000000000	0.0010000000	100	100	0	0.994290
1981000	-1.0000000000	0.1000000000	0.0010000000	100	100	0	0.998097
1982000	-1.0000000000	0.1000000000	0.0010000000	100	100	0	1.000000
1983000	-1.0000000000	0.1000000000	0.0010000000	100	100	0	1.000000
1984000	-1.0000000000	0.1000000000	0.0010000000	100	100	0	0.998097
1985000	-1.0000000000	0.1000000000	0.0010000000	100	100	0	1.000000
1986000	-1.0000000000	0.1000000000	0.0010000000	100	100	0	1.000000
1987000	-1.0000000000	0.1000000000	0.0010000000	100	100	0	1.000000
1988000	-1.0000000000	0.1000000000	0.0010000000	100	100	0	1.000000
1989000	-1.0000000000	0.1000000000	0.0010000000	100	100	0	0.999048
1990000	-1.0000000000	0.1000000000	0.0010000000	100	100	0	1.000000
1991000	-1.0000000000	0.1000000000	0.0010000000	100	100	0	0.999048
1992000	-1.0000000000	0.1000000000	0.0010000000	100	100	0	0.991435
1993000	-1.0000000000	0.1000000000	0.0010000000	100	100	0	1.000000
1994000	-1.0000000000	0.1000000000	0.0010000000	100	100	0	1.000000
1995000	-1.0000000000	0.1000000000	0.0010000000	100	100	0	1.000000
1996000	-1.0000000000	0.1000000000	0.0010000000	100	100	0	0.999048
1997000	-1.0000000000	0.1000000000	0.0010000000	100	100	0	1.000000
1998000	-1.0000000000	0.1000000000	0.0010000000	100	100	0	1.000000
1999000	-1.0000000000	0.1000000000	0.0010000000	100	100	0	0.993339
2000000	-1.0000000000	0.1000000000	0.0010000000	100	100	0	1.000000
2001000	-1.0000000000	0.1000000000	0.0010000000	100	100	0	1.000000
2002000	-1.0000000000	0.1000000000	0.0010000000	100	100	0	0.999048
2003000	-1.0000000000	0.1000000000	0.0010000000	100	100	0	1.000000
2004000	-1.0000000000	0.1000000000	0.0010000000	100	100	0	1.000000
2005000	-1.0000000000	0.1000000000	0.0010000000	100	100	0	1.000000
2006000	-1.0000000000	0.1000000000	0.0010000000	100	100	0	1.000000
2007000	-1.0000000000	0.1000000000	0.0010000000	100	100	0	1.000000
2008000	-1.0000000000	0.1000000000	0.0010000000	100	100	0	1.000000
2009000	-1.0000000000	0.1000000000	0.0010000000	100	100	0	0.980016
2010000	-1.0000000000	0.1000000000	0.0010000000	100	100	0	1.000000
2011000	-1.0000000000	0.1000000000	0.0010000000	100	100	0	1.000000
2012000	-1.0000000000	0.1000000000	0.0010000000	100	100	0	0.999048
2013000	-1.0000000000	0.1000000000	0.0010000000	100	100	0	0.999048
2014000	-1.0000000000	0.1000000000	0.0010000000	100	100	0	0.999048
2015000	-1.0000000000	0.1000000000	0.0010000000	100	100	0	1.000000
2016000	-1.0000000000	0.1000000000	0.0010000000	100	100	0	0.990484
2017000	-1.0000000000	0.1000000000	0.0010000000	100	100	0	0.998097
2018000	-1.0000000000	0.1000000000	0.0010000000	100	100	0	1.000000
2019000	-1.0000000000	0.1000000000	0.0010000000	100	100	0	0.999048
2020000	-1.0000000000	0.1000000000	0.0010000000	100	100	0	1.000000
2021000	-1.0000000000	0.1000000000	0.0010000000	100	100	0	0.986677
2022000	-1.0000000000	0.1000000000	0.0010000000	100	100	0	0.982871
2023000	-1.0000000000	0.1000000000	0.0010000000	100	100	0	0.993339
2024000	-1.0000000000	0.1000000000	0.0010000000	100	100	0	0.999048
2025000	-1.0000000000	0.1000000000	0.0010000000	100	100	0	1.000000
2026000	-1.0000000000	0.1000000000	0.0010000000	100	100	0	0.997145
2027000	-1.0000000000	0.1000000000	0.0010000000	100	100	0	1.000000
2028000	-1.0000000000	0.1000000000	0.0010000000	100	100	0	1.000000
2029000	-1.0000000000	0.1000000000	0.0010000000	100	100	0	1.000000
2030000	-1.0000000000	0.1000000000	0.0010000000	100	100	0	1.000000
2031000	-1.0000000000	0.1000000000	0.0010000000	100	100	0	1.000000
2032000	-1.0000000000	0.1000000000	0.0010000000	100	100	0	1.000000
2033000	-1.0000000000	0.1000000000	0.0010000000	100	100	0	1.000000
2034000	-1.0000000000	0.1000000000	0.0010000000	100	100	0	1.000000
2035000	-1.0000000000	0.1000000000	0.0010000000	100	100	0	0.995242
2036000	-1.0000000000	0.1000000000	0.0010000000	100	100	0	1.000000
2037000	-1.0000000000	0.1000000000	0.0010000000	100	100	0	0.999048
2038000	-1.0000000000	0.1000000000	0.0010000000	100	100	0	0.998097
2039000	-1.0000000000	0.1000000000	0.0010000000	100	100	0	0.997145
2040000	-1.0000000000	0.1000000000	0.0010000000	100	100	0	0.999048
2041000	-1.0000000000	0.1000000000	0.0010000000	100	100	0	0.999048
2042000	-1.0000000000	0.1000000000	0.0010000000	100	100	0	1.000000
2043000	-1.0000000000	0.1000000000	0.0010000000	100	100	0	1.000000
2044000	-1.0000000000	0.1000000000	0.0010000000	100	100	0	1.000000
2045000	-1.0000000000	0.1000000000	0.0010000000	100	100	0	1.000000
2046000	-1.0000000000	0.1000000000	0.0010000000	100	100	0	0.998097
2047000	-1.0000000000	0.1000000000	0.0010000000	100	100	0	1.000000
2048000	-1.0000000000	0.1000000000	0.0010000000	100	100	0	1.000000
2049000	-1.0000000000	0.1000000000	0.0010000000	100	100	0	0.999048
2050000	-1.0000000000	0.1000000000	0.0010000000	100	100	0	0.996703
2051000	-1.0000000000	0.1000000000	0.0010000000	100	100	0	1.000000
2052000	-1.0000000000	0.1000000000	0.0010000000	100	100	0	1.000000
2053000	-1.0000000000	0.1000000000	0.0010000000	100	100	0	0.998097
2054000	-1.0000000000	0.1000000000	0.0010000000	100	100	0	1.000000
2055000	-1.0000000000	0.1000000000	0.0010000000	100	100	0	0.995242
2056000	-1.0000000000	0.1000000000	0.0010000000	100	100	0	1.000000
2057000	-1.0000000000	0.1000000000	0.0010000000	100	100	0	0.994290
2058000	-1.0000000000	0.1000000000	0.0010000000	100	100	0	0.997145
2059000	-1.0000000000	0.1000000000	0.0010000000	100	100	0	1.000000
2060000	-1.0000000000	0.1000000000	0.0010000000	100	100	0	0.990484
2061000	-1.0000000000	0.1000000000	0.0010000000	100	100	0	0.998097
2062000	-1.0000000000	0.1000000000	0.0010000000	100	100	0	1.000000
2063000	-1.0000000000	0.1000000000	0.0010000000	100	100	0	0.999048
2064000	-1.0000000000	0.1000000000	0.0010000000	100	100	0	1.000000
2065000	-1.0000000000	0.1000000000	0.0010000000	100	100	0	0.999048
2066000	-1.0000000000	0.1000000000	0.0010000000	100	100	0	1.000000
2067000	-1.0000000000	0.1000000000	0.0010000000	100	100	0	1.000000
2068000	-1.0000000000	0.1000000000	0.0010000000	100	100	0	0.999048
2069000	-1.0000000000	0.1000000000	0.0010000000	100	100	0	0.999048
2070000	-1.0000000000	0.1000000000	0.0010000000	100	100	0	1.000000
2071000	-1.0000000000	0.1000000000	0.0010000000	100	100	0	0.998097
2072000	-1.0000000000	0.1000000000	0.0010000000	100	100	0	1.000000
2073000	-1.0000000000	0.1000000000	0.0010000000	100	100	0	1.000000
2074000	-1.0000000000	0.1000000000	0.0010000000	100	100	0	1.000000
2075000	-1.0000000000	0.1000000000	0.0010000000	100	100	0	1.000000
2076000	-1.0000000000	0.1000000000	0.0010000000	100	100	0	1.000000
2077000	-1.0000000000	0.1000000000	0.0010000000	100	100	0	0.997145
2078000	-1.0000000000	0.1000000000	0.0010000000	100	100	0	0.996193
2079000	-1.0000000000	0.1000000000	0.0010000000	100	100	0	0.984774
2080000	-1.0000000000	0.1000000000	0.0010000000	100	100	0	1.000000
2081000	-1.0000000000	0.1000000000	0.0010000000	100	100	0	1.000000
2082000	-1.0000000000	0.1000000000	0.0010000000	100	100	0	1.000000
2083000	-1.0000000000	0.1000000000	0.0010000000	100	100	0	0.993339
2084000	-1.0000000000	0.1000000000	0.0010000000	100	100	0	1.000000
2085000	-1.0000000000	0.1000000000	0.0010000000	100	100	0	1.000000
2086000	-1.0000000000	0.1000000000	0.0010000000	100	100	0	1.000000
2087000	-1.0000000000	0.1000000000	0.0010000000	100	100	0	0.989532
2088000	-1.0000000000	0.1000000000	0.0010000000	100	100	0	1.000000
2089000	-1.0000000000	0.1000000000	0.0010000000	100	100	0	1.000000
2090000	-1.0000000000	0.1000000000	0.0010000000	100	100	0	1.000000
2091000	-1.0000000000	0.1000000000	0.0010000000	100	100	0	1.000000
2092000	-1.0000000000	0.1000000000	0.0010000000	100	100	0	1.000000
2093000	-1.0000000000	0.1000000000	0.0010000000	100	100	0	0.996193
2094000	-1.0000000000	0.1000000000	0.0010000000	100	100	0	1.000000
2095000	-1.0000000000	0.1000000000	0.0010000000	100	100	0	0.999048
2096000	-1.0000000000	0.1000000000	0.0010000000	100	100	0	1.000000
2097000	-1.0000000000	0.1000000000	0.0010000000	100	100	0	1.000000
2098000	-1.0000000000	0.1000000000	0.0010000000	100	100	0	1.000000
2099000	-1.0000000000	0.1000000000	0.0010000000	100	100	0	1.000000
2100000	-1.0000000000	0.1000000000	0.0010000000	100	100	0	1.000000
2101000	-1.0000000000	0.1000000000	0.0010000000	100	100	0	1.000000
2102000	-1.0000000000	0.1000000000	0.0010000000	100	100	0	1.000000
2103000	-1.0000000000	0.1000000000	0.0010000000	100	100	0	1.000000
2104000	-1.0000000000	0.1000000000	0.0010000000	100	100	0	0.999048
2105000	-1.0000000000	0.1000000000	0.0010000000	100	100	0	1.000000
2106000	-1.0000000000	0.1000000000	0.0010000000	100	100	0	1.000000
2107000	-1.0000000000	0.1000000000	0.0010000000	100	100	0	1.000000
2108000	-1.0000000000	0.1000000000	0.0010000000	100	100	0	1.000000
2109000	-1.0000000000	0.1000000000	0.0010000000	100	100	0	0.999048
2110000	-1.0000000000	0.1000000000	0.0010000000	100	100	0	1.000000
2111000	-1.0000000000	0.1000000000	0.0010000000	100	100	0	1.000000
2112000	-1.0000000000	0.1000000000	0.0010000000	100	100	0	1.000000
2113000	-1.0000000000	0.1000000000	0.0010000000	100	100	0	1.000000
2114000	-1.0000000000	0.1000000000	0.0010000000	100	100	0	0.999048
2115000	-1.0000000000	0.1000000000	0.0010000000	100	100	0	1.000000
2116000	-1.0000000000	0.1000000000	0.0010000000	100	100	0	1.000000
2117000	-1.0000000000	0.1000000000	0.0010000000	100	100	0	0.993339
2118000	-1.0000000000	0.1000000000	0.0010000000	100	100	0	1.000000
2119000	-1.0000000000	0.1000000000	0.0010000000	100	100	0	1.000000
2120000	-1.0000000000	0.1000000000	0.0010000000	100	100	0	1.000000
2121000	-1.0000000000	0.1000000000	0.0010000000	100	100	0	1.000000
2122000	-1.0000000000	0.1000000000	0.0010000000	100	100	0	0.990484
2123000	-1.0000000000	0.1000000000	0.0010000000	100	100	0	1.000000
2124000	-1.0000000000	0.1000000000	0.0010000000	100	100	0	1.000000
2125000	-1.0000000000	0.1000000000	0.0010000000	100	100	0	1.000000
2126000	-1.0000000000	0.1000000000	0.0010000000	100	100	0	1.000000
2127000	-1.0000000000	0.1000000000	0.0010000000	100	100	0	0.999048
2128000	-1.0000000000	0.1000000000	0.0010000000	100	100	0	1.000000
2129000	-1.0000000000	0.1000000000	0.0010000000	100	100	0	1.000000
2130000	-1.0000000000	0.1000000000	0.0010000000	100	100	0	0.997145
2131000	-1.0000000000	0.1000000000	0.0010000000	100	100	0	1.000000
2132000	-1.0000000000	0.1000000000	0.0010000000	100	100	0	1.000000
2133000	-1.0000000000	0.1000000000	0.0010000000	100	100	0	1.000000
2134000	-1.0000000000	0.1000000000	0.0010000000	100	100	0	0.998097
2135000	-1.0000000000	0.1000000000	0.0010000000	100	100	0	1.000000
2136000	-1.0000000000	0.1000000000	0.0010000000	100	100	0	1.000000
2137000	-1.0000000000	0.1000000000	0.0010000000	100	100	0	1.000000
2138000	-1.0000000000	0.1000000000	0.0010000000	100	100	0	1.000000
2139000	-1.0000000000	0.1000000000	0.0010000000	100	100	0	1.000000
2140000	-1.0000000000	0.1000000000	0.0010000000	100	100	0	1.000000
2141000	-1.0000000000	0.1000000000	0.0010000000	100	100	0	1.000000
2142000	-1.0000000000	0.1000000000	0.0010000000	100	100	0	1.000000
2143000	-1.0000000000	0.1000000000	0.0010000000	100	100	0	0.998097
2144000	-1.0000000000	0.1000000000	0.0010000000	100	100	0	0.995242
2145000	-1.0000000000	0.1000000000	0.0010000000	100	100	0	1.000000
2146000	-1.0000000000	0.1000000000	0.0010000000	100	100	0	0.994290
2147000	-1.0000000000	0.1000000000	0.0010000000	100	100	0	1.000000
2148000	-1.0000000000	0.1000000000	0.0010000000	100	100	0	1.000000
2149000	-1.0000000000	0.1000000000	0.0010000000	100	100	0	0.998097
2150000	-1.0000000000	0.1000000000	0.0010000000	100	100	0	0.989090
2151000	-1.0000000000	0.1000000000	0.0010000000	100	100	0	1.000000
2152000	-1.0000000000	0.1000000000	0.0010000000	100	100	0	1.000000
2153000	-1.0000000000	0.1000000000	0.0010000000	100	100	0	1.000000
2154000	-1.0000000000	0.1000000000	0.0010000000	100	100	0	1.000000
2155000	-1.0000000000	0.1000000000	0.0010000000	100	100	0	1.000000
2156000	-1.0000000000	0.1000000000	0.0010000000	100	100	0	0.998097
2157000	-1.0000000000	0.1000000000	0.0010000000	100	100	0	0.999048
2158000	-1.0000000000	0.1000000000	0.0010000000	100	100	0	1.000000
2159000	-1.0000000000	0.1000000000	0.0010000000	100	100	0	1.000000
2160000	-1.0000000000	0.1000000000	0.0010000000	100	100	0	1.000000
2161000	-1.0000000000	0.1000000000	0.0010000000	100	100	0	0.993339
2162000	-1.0000000000	0.1000000000	0.0010000000	100	100	0	0.996193
2163000	-1.0000000000	0.1000000000	0.0010000000	100	100	0	1.000000
2164000	-1.0000000000	0.1000000000	0.0010000000	100	100	0	1.000000
2165000	-1.0000000000	0.1000000000	0.0010000000	100	100	0	1.000000
2166000	-1.0000000000	0.1000000000	0.0010000000	100	100	0	0.999048
2167000	-1.0000000000	0.1000000000	0.0010000000	100	100	0	1.000000
2168000	-1.0000000000	0.1000000000	0.0010000000	100	100	0	0.997145
2169000	-1.0000000000	0.1000000000	0.0010000000	100	100	0	0.998097
2170000	-1.0000000000	0.1000000000	0.0010000000	100	100	0	0.998097
2171000	-1.0000000000	0.1000000000	0.0010000000	100	100	0	1.000000
2172000	-1.0000000000	0.1000000000	0.0010000000	100	100	0	1.000000
2173000	-1.0000000000	0.1000000000	0.0010000000	100	100	0	1.000000
2174000	-1.0000000000	0.1000000000	0.0010000000	100	100	0	0.999048
2175000	-1.0000000000	0.1000000000	0.0010000000	100	100	0	1.000000
2176000	-1.0000000000	0.1000000000	0.0010000000	100	100	0	1.000000
2177000	-1.0000000000	0.1000000000	0.0010000000	100	100	0	1.000000
2178000	-1.0000000000	0.1000000000	0.0010000000	100	100	0	1.000000
2179000	-1.0000000000	0.1000000000	0.0010000000	100	100	0	0.987629
2180000	-1.0000000000	0.1000000000	0.0010000000	100	100	0	1.000000
2181000	-1.0000000000	0.1000000000	0.0010000000	100	100	0	1.000000
2182000	-1.0000000000	0.1000000000	0.0010000000	100	100	0	1.000000
2183000	-1.0000000000	0.1000000000	0.0010000000	100	100	0	0.999048
2184000	-1.0000000000	0.1000000000	0.0010000000	100	100	0	1.000000
2185000	-1.0000000000	0.1000000000	0.0010000000	100	100	0	0.999048
2186000	-1.0000000000	0.1000000000	0.0010000000	100	100	0	0.999048
2187000	-1.0000000000	0.1000000000	0.0010000000	100	100	0	0.999048
2188000	-1.0000000000	0.1000000000	0.0010000000	100	100	0	1.000000
2189000	-1.0000000000	0.1000000000	0.0010000000	100	100	0	1.000000
2190000	-1.0000000000	0.1000000000	0.0010000000	100	100	0	1.000000
2191000	-1.0000000000	0.1000000000	0.0010000000	100	100	0	0.999048
2192000	-1.0000000000	0.1000000000	0.0010000000	100	100	0	1.000000
2193000	-1.0000000000	0.1000000000	0.0010000000	100	100	0	0.999048
2194000	-1.0000000000	0.1000000000	0.0010000000	100	100	0	1.000000
2195000	-1.0000000000	0.1000000000	0.0010000000	100	100	0	0.996193
2196000	-1.0000000000	0.1000000000	0.0010000000	100	100	0	1.000000
2197000	-1.0000000000	0.1000000000	0.0010000000	100	100	0	1.000000
2198000	-1.0000000000	0.1000000000	0.0010000000	100	100	0	1.000000
2199000	-1.0000000000	0.1000000000	0.0010000000	100	100	0	0.999048
2200000	-1.0000000000	0.1000000000	0.0010000000	100	100	0	1.000000
2201000	-1.0000000000	0.1000000000	0.0010000000	100	100	0	1.000000
2202000	-1.0000000000	0.1000000000	0.0010000000	100	100	0	1.000000
2203000	-1.0000000000	0.1000000000	0.0010000000	100	100	0	1.000000
2204000	-1.0000000000	0.1000000000	0.0010000000	100	100	0	1.000000
2205000	-1.0000000000	0.1000000000	0.0010000000	100	100	0	1.000000
2206000	-1.0000000000	0.1000000000	0.0010000000	100	100	0	1.000000
2207000	-1.0000000000	0.1000000000	0.0010000000	100	100	0	0.997145
2208000	-1.0000000000	0.1000000000	0.0010000000	100	100	0	0.996193
2209000	-1.0000000000	0.1000000000	0.0010000000	100	100	0	1.000000
2210000	-1.0000000000	0.1000000000	0.0010000000	100	100	0	0.997145
2211000	-1.0000000000	0.1000000000	0.0010000000	100	100	0	1.000000
2212000	-1.0000000000	0.1000000000	0.0010000000	100	100	0	1.000000
2213000	-1.0000000000	0.1000000000	0.0010000000	100	100	0	1.000000
2214000	-1.0000000000	0.1000000000	0.0010000000	100	100	0	1.000000
2215000	-1.0000000000	0.1000000000	0.0010000000	100	100	0	1.000000
2216000	-1.0000000000	0.1000000000	0.0010000000	100	100	0	1.000000
2217000	-1.0000000000	0.1000000000	0.0010000000	100	100	0	1.000000
2218000	-1.0000000000	0.1000000000	0.0010000000	100	100	0	1.000000
2219000	-1.0000000000	0.1000000000	0.0010000000	100	100	0	1.000000
2220000	-1.0000000000	0.1000000000	0.0010000000	100	100	0	1.000000
2221000	-1.0000000000	0.1000000000	0.0010000000	100	100	0	1.000000
2222000	-1.0000000000	0.1000000000	0.0010000000	100	100	0	0.999048
2223000	-1.0000000000	0.1000000000	0.0010000000	100	100	0	1.000000
2224000	-1.0000000000	0.1000000000	0.0010000000	100	100	0	1.000000
2225000	-1.0000000000	0.1000000000	0.0010000000	100	100	0	0.988580
2226000	-1.0000000000	0.1000000000	0.0010000000	100	100	0	1.000000
2227000	-1.0000000000	0.1000000000	0.0010000000	100	100	0	1.000000
2228000	-1.0000000000	0.1000000000	0.0010000000	100	100	0	1.000000
2229000	-1.0000000000	0.1000000000	0.0010000000	100	100	0	0.996193
2230000	-1.0000000000	0.1000000000	0.0010000000	100	100	0	1.000000
2231000	-1.0000000000	0.1000000000	0.0010000000	100	100	0	1.000000
2232000	-1.0000000000	0.1000000000	0.0010000000	100	100	0	1.000000
2233000	-1.0000000000	0.1000000000	0.0010000000	100	100	0	1.000000
2234000	-1.0000000000	0.1000000000	0.0010000000	100	100	0	0.998097
2235000	-1.0000000000	0.1000000000	0.0010000000	100	100	0	1.000000
2236000	-1.0000000000	0.1000000000	0.0010000000	100	100	0	0.999048
2237000	-1.0000000000	0.1000000000	0.0010000000	100	100	0	1.000000
2238000	-1.0000000000	0.1000000000	0.0010000000	100	100	0	1.000000
2239000	-1.0000000000	0.1000000000	0.0010000000	100	100	0	1.000000
2240000	-1.0000000000	0.1000000000	0.0010000000	100	100	0	1.000000
2241000	-1.0000000000	0.1000000000	0.0010000000	100	100	0	0.998097
2242000	-1.0000000000	0.1000000000	0.0010000000	100	100	0	1.000000
2243000	-1.0000000000	0.1000000000	0.0010000000	100	100	0	1.000000
2244000	-1.0000000000	0.1000000000	0.0010000000	100	100	0	1.000000
2245000	-1.0000000000	0.1000000000	0.0010000000	100	100	0	1.000000
2246000	-1.0000000000	0.1000000000	0.0010000000	100	100	0	1.000000
2247000	-1.0000000000	0.1000000000	0.0010000000	100	100	0	1.000000
2248000	-1.0000000000	0.1000000000	0.0010000000	100	100	0	1.000000
2249000	-1.0000000000	0.1000000000	0.0010000000	100	100	0	0.999048
2250000	-1.0000000000	0.1000000000	0.0010000000	100	100	0	0.999048
2251000	-1.0000000000	0.1000000000	0.0010000000	100	100	0	1.000000
2252000	-1.0000000000	0.1000000000	0.0010000000	100	100	0	0.998097
2253000	-1.0000000000	0.1000000000	0.0010000000	100	100	0	0.999048
2254000	-1.0000000000	0.1000000000	0.0010000000	100	100	0	1.000000
2255000	-1.0000000000	0.1000000000	0.0010000000	100	100	0	1.000000
2256000	-1.0000000000	0.1000000000	0.0010000000	100	100	0	0.999048
2257000	-1.0000000000	0.1000000000	0.0010000000	100	100	0	0.999048
2258000	-1.0000000000	0.1000000000	0.0010000000	100	100	0	1.000000
2259000	-1.0000000000	0.1000000000	0.0010000000	100	100	0	1.000000
2260000	-1.0000000000	0.1000000000	0.0010000000	100	100	0	1.000000
2261000	-1.0000000000	0.1000000000	0.0010000000	100	100	0	1.000000
2262000	-1.0000000000	0.1000000000	0.0010000000	100	100	0	0.998097
2263000	-1.0000000000	0.1000000000	0.0010000000	100	100	0	0.998097
2264000	-1.0000000000	0.1000000000	0.0010000000	100	100	0	1.000000
2265000	-1.0000000000	0.1000000000	0.0010000000	100	100	0	0.999048
2266000	-1.0000000000	0.1000000000	0.0010000000	100	100	0	1.000000
2267000	-1.0000000000	0.1000000000	0.0010000000	100	100	0	0.999048
2268000	-1.0000000000	0.1000000000	0.0010000000	100	100	0	1.000000
2269000	-1.0000000000	0.1000000000	0.0010000000	100	100	0	0.999048
2270000	-1.0000000000	0.1000000000	0.0010000000	100	100	0	0.998097
2271000	-1.0000000000	0.1000000000	0.0010000000	100	100	0	1.000000
2272000	-1.0000000000	0.1000000000	0.0010000000	100	100	0	1.000000
2273000	-1.0000000000	0.1000000000	0.0010000000	100	100	0	1.000000
2274000	-1.0000000000	0.1000000000	0.0010000000	100	100	0	0.995242
2275000	-1.0000000000	0.1000000000	0.0010000000	100	100	0	1.000000
2276000	-1.0000000000	0.1000000000	0.0010000000	100	100	0	0.992387
2277000	-1.0000000000	0.1000000000	0.0010000000	100	100	0	0.999048
2278000	-1.0000000000	0.1000000000	0.0010000000	100	100	0	0.998097
2279000	-1.0000000000	0.1000000000	0.0010000000	100	100	0	0.998097
2280000	-1.0000000000	0.1000000000	0.0010000000	100	100	0	1.000000
2281000	-1.0000000000	0.1000000000	0.0010000000	100	100	0	1.000000
2282000	-1.0000000000	0.1000000000	0.0010000000	100	100	0	0.998097
2283000	-1.0000000000	0.1000000000	0.0010000000	100	100	0	0.999048
2284000	-1.0000000000	0.1000000000	0.0010000000	100	100	0	0.999048
2285000	-1.0000000000	0.1000000000	0.0010000000	100	100	0	1.000000
2286000	-1.0000000000	0.1000000000	0.0010000000	100	100	0	1.000000
2287000	-1.0000000000	0.1000000000	0.0010000000	100	100	0	1.000000
2288000	-1.0000000000	0.1000000000	0.0010000000	100	100	0	0.997145
2289000	-1.0000000000	0.1000000000	0.0010000000	100	100	0	0.997145
2290000	-1.0000000000	0.1000000000	0.0010000000	100	100	0	1.000000
2291000	-1.0000000000	0.1000000000	0.0010000000	100	100	0	0.999048
2292000	-1.0000000000	0.1000000000	0.0010000000	100	100	0	0.991435
2293000	-1.0000000000	0.1000000000	0.0010000000	100	100	0	1.000000
2294000	-1.0000000000	0.1000000000	0.0010000000	100	100	0	1.000000
2295000	-1.0000000000	0.1000000000	0.0010000000	100	100	0	0.999048
2296000	-1.0000000000	0.1000000000	0.0010000000	100	100	0	0.996193
2297000	-1.0000000000	0.1000000000	0.0010000000	100	100	0	0.991435
2298000	-1.0000000000	0.1000000000	0.0010000000	100	100	0	0.996193
2299000	-1.0000000000	0.1000000000	0.0010000000	100	100	0	1.000000
2300000	-1.0000000000	0.1000000000	0.0010000000	100	100	0	1.000000
2301000	-1.0000000000	0.1000000000	0.0010000000	100	100	0	1.000000
2302000	-1.0000000000	0.1000000000	0.0010000000	100	100	0	1.000000
2303000	-1.0000000000	0.1000000000	0.0010000000	100	100	0	1.000000
2304000	-1.0000000000	0.1000000000	0.0010000000	100	100	0	1.000000
2305000	-1.0000000000	0.1000000000	0.0010000000	100	100	0	1.000000
2306000	-1.0000000000	0.1000000000	0.0010000000	100	100	0	1.000000
2307000	-1.0000000000	0.1000000000	0.0010000000	100	100	0	1.000000
2308000	-1.0000000000	0.1000000000	0.0010000000	100	100	0	0.995242
2309000	-1.0000000000	0.1000000000	0.0010000000	100	100	0	1.000000
2310000	-1.0000000000	0.1000000000	0.0010000000	100	100	0	1.000000
2311000	-1.0000000000	0.1000000000	0.0010000000	100	100	0	0.999048
2312000	-1.0000000000	0.1000000000	0.0010000000	100	100	0	1.000000
2313000	-1.0000000000	0.1000000000	0.0010000000	100	100	0	1.000000
2314000	-1.0000000000	0.1000000000	0.0010000000	100	100	0	1.000000
2315000	-1.0000000000	0.1000000000	0.0010000000	100	100	0	0.998097
2316000	-1.0000000000	0.1000000000	0.0010000000	100	100	0	1.000000
2317000	-1.0000000000	0.1000000000	0.0010000000	100	100	0	1.000000
2318000	-1.0000000000	0.1000000000	0.0010000000	100	100	0	1.000000
2319000	-1.0000000000	0.1000000000	0.0010000000	100	100	0	1.000000
2320000	-1.0000000000	0.1000000000	0.0010000000	100	100	0	1.000000
2321000	-1.0000000000	0.1000000000	0.0010000000	100	100	0	1.000000
2322000	-1.0000000000	0.1000000000	0.0010000000	100	100	0	1.000000
2323000	-1.0000000000	0.1000000000	0.0010000000	100	100	0	1.000000
2324000	-1.0000000000	0.1000000000	0.0010000000	100	100	0	1.000000
2325000	-1.0000000000	0.1000000000	0.0010000000	100	100	0	1.000000
2326000	-1.0000000000	0.1000000000	0.0010000000	100	100	0	1.000000
2327000	-1.0000000000	0.1000000000	0.0010000000	100	100	0	1.000000
2328000	-1.0000000000	0.1000000000	0.0010000000	100	100	0	0.998097
2329000	-1.0000000000	0.1000000000	0.0010000000	100	100	0	0.999048
2330000	-1.0000000000	0.1000000000	0.0010000000	100	100	0	1.000000
2331000	-1.0000000000	0.1000000000	0.0010000000	100	100	0	1.000000
2332000	-1.0000000000	0.1000000000	0.0010000000	100	100	0	1.000000
2333000	-1.0000000000	0.1000000000	0.0010000000	100	100	0	1.000000
2334000	-1.0000000000	0.1000000000	0.0010000000	100	100	0	0.999048
2335000	-1.0000000000	0.1000000000	0.0010000000	100	100	0	1.000000
2336000	-1.0000000000	0.1000000000	0.0010000000	100	100	0	1.000000
2337000	-1.0000000000	0.1000000000	0.0010000000	100	100	0	0.996193
2338000	-1.0000000000	0.1000000000	0.0010000000	100	100	0	1.000000
2339000	-1.0000000000	0.1000000000	0.0010000000	100	100	0	1.000000
2340000	-1.0000000000	0.1000000000	0.0010000000	100	100	0	1.000000
2341000	-1.0000000000	0.1000000000	0.0010000000	100	100	0	0.999048
2342000	-1.0000000000	0.1000000000	0.0010000000	100	100	0	1.000000
2343000	-1.0000000000	0.1000000000	0.0010000000	100	100	0	0.992387
2344000	-1.0000000000	0.1000000000	0.0010000000	100	100	0	0.998097
2345000	-1.0000000000	0.1000000000	0.0010000000	100	100	0	1.000000
2346000	-1.0000000000	0.1000000000	0.0010000000	100	100	0	1.000000
2347000	-1.0000000000	0.1000000000	0.0010000000	100	100	0	1.000000
2348000	-1.0000000000	0.1000000000	0.0010000000	100	100	0	0.999048
2349000	-1.0000000000	0.1000000000	0.0010000000	100	100	0	1.000000
2350000	-1.0000000000	0.1000000000	0.0010000000	100	100	0	1.000000
2351000	-1.0000000000	0.1000000000	0.0010000000	100	100	0	0.999048
2352000	-1.0000000000	0.1000000000	0.0010000000	100	100	0	1.000000
2353000	-1.0000000000	0.1000000000	0.0010000000	100	100	0	1.000000
2354000	-1.0000000000	0.1000000000	0.0010000000	100	100	0	1.000000
2355000	-1.0000000000	0.1000000000	0.0010000000	100	100	0	1.000000
2356000	-1.0000000000	0.1000000000	0.0010000000	100	100	0	0.999048
2357000	-1.0000000000	0.1000000000	0.0010000000	100	100	0	0.997145
2358000	-1.0000000000	0.1000000000	0.0010000000	100	100	0	1.000000
2359000	-1.0000000000	0.1000000000	0.0010000000	100	100	0	1.000000
2360000	-1.0000000000	0.1000000000	0.0010000000	100	100	0	1.000000
2361000	-1.0000000000	0.1000000000	0.0010000000	100	100	0	0.998097
2362000	-1.0000000000	0.1000000000	0.0010000000	100	100	0	0.999048
2363000	-1.0000000000	0.1000000000	0.0010000000	100	100	0	1.000000
2364000	-1.0000000000	0.1000000000	0.0010000000	100	100	0	0.996193
2365000	-1.0000000000	0.1000000000	0.0010000000	100	100	0	1.000000
2366000	-1.0000000000	0.1000000000	0.0010000000	100	100	0	1.000000
2367000	-1.0000000000	0.1000000000	0.0010000000	100	100	0	0.997145
2368000	-1.0000000000	0.1000000000	0.0010000000	100	100	0	1.000000
2369000	-1.0000000000	0.1000000000	0.0010000000	100	100	0	1.000000
2370000	-1.0000000000	0.1000000000	0.0010000000	100	100	0	1.000000
2371000	-1.0000000000	0.1000000000	0.0010000000	100	100	0	1.000000
2372000	-1.0000000000	0.1000000000	0.0010000000	100	100	0	0.999048
2373000	-1.0000000000	0.1000000000	0.0010000000	100	100	0	1.000000
2374000	-1.0000000000	0.1000000000	0.0010000000	100	100	0	1.000000
2375000	-1.0000000000	0.1000000000	0.0010000000	100	100	0	1.000000
2376000	-1.0000000000	0.1000000000	0.0010000000	100	100	0	1.000000
2377000	-1.0000000000	0.1000000000	0.0010000000	100	100	0	0.997145
2378000	-1.0000000000	0.1000000000	0.0010000000	100	100	0	0.999048
2379000	-1.0000000000	0.1000000000	0.0010000000	100	100	0	1.000000
2380000	-1.0000000000	0.1000000000	0.0010000000	100	100	0	1.000000
2381000	-1.0000000000	0.1000000000	0.0010000000	100	100	0	0.999048
2382000	-1.0000000000	0.1000000000	0.0010000000	100	100	0	1.000000
2383000	-1.0000000000	0.1000000000	0.0010000000	100	100	0	1.000000
2384000	-1.0000000000	0.1000000000	0.0010000000	100	100	0	1.000000
2385000	-1.0000000000	0.1000000000	0.0010000000	100	100	0	0.999048
2386000	-1.0000000000	0.1000000000	0.0010000000	100	100	0	1.000000
2387000	-1.0000000000	0.1000000000	0.0010000000	100	100	0	1.000000
2388000	-1.0000000000	0.1000000000	0.0010000000	100	100	0	0.999048
2389000	-1.0000000000	0.1000000000	0.0010000000	100	100	0	1.000000
2390000	-1.0000000000	0.1000000000	0.0010000000	100	100	0	0.996193
2391000	-1.0000000000	0.1000000000	0.0010000000	100	100	0	1.000000
2392000	-1.0000000000	0.1000000000	0.0010000000	100	100	0	1.000000
2393000	-1.0000000000	0.1000000000	0.0010000000	100	100	0	0.999048
2394000	-1.0000000000	0.1000000000	0.0010000000	100	100	0	1.000000
2395000	-1.0000000000	0.1000000000	0.0010000000	100	100	0	1.000000
2396000	-1.0000000000	0.1000000000	0.0010000000	100	100	0	1.000000
2397000	-1.0000000000	0.1000000000	0.0010000000	100	100	0	1.000000
2398000	-1.0000000000	0.1000000000	0.0010000000	100	100	0	0.991435
2399000	-1.0000000000	0.1000000000	0.0010000000	100	100	0	1.000000
2400000	-1.0000000000	0.1000000000	0.0010000000	100	100	0	0.989532
2401000	-1.0000000000	0.1000000000	0.0010000000	100	100	0	1.000000
2402000	-1.0000000000	0.1000000000	0.0010000000	100	100	0	1.000000
2403000	-1.0000000000	0.1000000000	0.0010000000	100	100	0	1.000000
2404000	-1.0000000000	0.1000000000	0.0010000000	100	100	0	1.000000
2405000	-1.0000000000	0.1000000000	0.0010000000	100	100	0	1.000000
2406000	-1.0000000000	0.1000000000	0.0010000000	100	100	0	1.000000
2407000	-1.0000000000	0.1000000000	0.0010000000	100	100	0	1.000000
2408000	-1.0000000000	0.1000000000	0.0010000000	100	100	0	1.000000
2409000	-1.0000000000	0.1000000000	0.0010000000	100	100	0	1.000000
2410000	-1.0000000000	0.1000000000	0.0010000000	100	100	0	1.000000
2411000	-1.0000000000	0.1000000000	0.0010000000	100	100	0	1.000000
2412000	-1.0000000000	0.1000000000	0.0010000000	100	100	0	1.000000
2413000	-1.0000000000	0.1000000000	0.0010000000	100	100	0	0.997145
2414000	-1.0000000000	0.1000000000	0.0010000000	100	100	0	1.000000
2415000	-1.0000000000	0.1000000000	0.0010000000	100	100	0	1.000000
2416000	-1.0000000000	0.1000000000	0.0010000000	100	100	0	0.997145
2417000	-1.0000000000	0.1000000000	0.0010000000	100	100	0	0.998097
2418000	-1.0000000000	0.1000000000	0.0010000000	100	100	0	0.993339
2419000	-1.0000000000	0.1000000000	0.0010000000	100	100	0	0.997145
2420000	-1.0000000000	0.1000000000	0.0010000000	100	100	0	1.000000
2421000	-1.0000000000	0.1000000000	0.0010000000	100	100	0	1.000000
2422000	-1.0000000000	0.1000000000	0.0010000000	100	100	0	1.000000
2423000	-1.0000000000	0.1000000000	0.0010000000	100	100	0	0.999048
2424000	-1.0000000000	0.1000000000	0.0010000000	100	100	0	0.992387
2425000	-1.0000000000	0.1000000000	0.0010000000	100	100	0	1.000000
2426000	-1.0000000000	0.1000000000	0.0010000000	100	100	0	0.999048
2427000	-1.0000000000	0.1000000000	0.0010000000	100	100	0	0.993339
2428000	-1.0000000000	0.1000000000	0.0010000000	100	100	0	1.000000
2429000	-1.0000000000	0.1000000000	0.0010000000	100	100	0	1.000000
2430000	-1.0000000000	0.1000000000	0.0010000000	100	100	0	0.999048
2431000	-1.0000000000	0.1000000000	0.0010000000	100	100	0	0.999048
2432000	-1.0000000000	0.1000000000	0.0010000000	100	100	0	1.000000
2433000	-1.0000000000	0.1000000000	0.0010000000	100	100	0	1.000000
2434000	-1.0000000000	0.1000000000	0.0010000000	100	100	0	1.000000
2435000	-1.0000000000	0.1000000000	0.0010000000	100	100	0	0.999048
2436000	-1.0000000000	0.1000000000	0.0010000000	100	100	0	1.000000
2437000	-1.0000000000	0.1000000000	0.0010000000	100	100	0	1.000000
2438000	-1.0000000000	0.1000000000	0.0010000000	100	100	0	1.000000
2439000	-1.0000000000	0.1000000000	0.0010000000	100	100	0	1.000000
2440000	-1.0000000000	0.1000000000	0.0010000000	100	100	0	1.000000
2441000	-1.0000000000	0.1000000000	0.0010000000	100	100	0	1.000000
2442000	-1.0000000000	0.1000000000	0.0010000000	100	100	0	1.000000
2443000	-1.0000000000	0.1000000000	0.0010000000	100	100	0	0.991435
2444000	-1.0000000000	0.1000000000	0.0010000000	100	100	0	1.000000
2445000	-1.0000000000	0.1000000000	0.0010000000	100	100	0	1.000000
2446000	-1.0000000000	0.1000000000	0.0010000000	100	100	0	1.000000
2447000	-1.0000000000	0.1000000000	0.0010000000	100	100	0	1.000000
2448000	-1.0000000000	0.1000000000	0.0010000000	100	100	0	1.000000
2449000	-1.0000000000	0.1000000000	0.0010000000	100	100	0	1.000000
2450000	-1.0000000000	0.1000000000	0.0010000000	100	100	0	0.999048
2451000	-1.0000000000	0.1000000000	0.0010000000	100	100	0	1.000000
2452000	-1.0000000000	0.1000000000	0.0010000000	100	100	0	1.000000
2453000	-1.0000000000	0.1000000000	0.0010000000	100	100	0	1.000000
2454000	-1.0000000000	0.1000000000	0.0010000000	100	100	0	1.000000
2455000	-1.0000000000	0.1000000000	0.0010000000	100	100	0	0.999048
2456000	-1.0000000000	0.1000000000	0.0010000000	100	100	0	0.998097
2457000	-1.0000000000	0.1000000000	0.0010000000	100	100	0	1.000000
2458000	-1.0000000000	0.1000000000	0.0010000000	100	100	0	1.000000
2459000	-1.0000000000	0.1000000000	0.0010000000	100	100	0	0.999048
2460000	-1.0000000000	0.1000000000	0.0010000000	100	100	0	0.999048
2461000	-1.0000000000	0.1000000000	0.0010000000	100	100	0	1.000000
2462000	-1.0000000000	0.1000000000	0.0010000000	100	100	0	1.000000
2463000	-1.0000000000	0.1000000000	0.0010000000	100	100	0	1.000000
2464000	-1.0000000000	0.1000000000	0.0010000000	100	100	0	1.000000
2465000	-1.0000000000	0.1000000000	0.0010000000	100	100	0	0.995242
2466000	-1.0000000000	0.1000000000	0.0010000000	100	100	0	0.992387
2467000	-1.0000000000	0.1000000000	0.0010000000	100	100	0	1.000000
2468000	-1.0000000000	0.1000000000	0.0010000000	100	100	0	1.000000
2469000	-1.0000000000	0.1000000000	0.0010000000	100	100	0	1.000000
2470000	-1.0000000000	0.1000000000	0.0010000000	100	100	0	1.000000
2471000	-1.0000000000	0.1000000000	0.0010000000	100	100	0	1.000000
2472000	-1.0000000000	0.1000000000	0.0010000000	100	100	0	0.999048
2473000	-1.0000000000	0.1000000000	0.0010000000	100	100	0	1.000000
2474000	-1.0000000000	0.1000000000	0.0010000000	100	100	0	1.000000
2475000	-1.0000000000	0.1000000000	0.0010000000	100	100	0	1.000000
2476000	-1.0000000000	0.1000000000	0.0010000000	100	100	0	1.000000
2477000	-1.0000000000	0.1000000000	0.0010000000	100	100	0	0.995242
2478000	-1.0000000000	0.1000000000	0.0010000000	100	100	0	1.000000
2479000	-1.0000000000	0.1000000000	0.0010000000	100	100	0	1.000000
2480000	-1.0000000000	0.1000000000	0.0010000000	100	100	0	1.000000
2481000	-1.0000000000	0.1000000000	0.0010000000	100	100	0	0.994290
2482000	-1.0000000000	0.1000000000	0.0010000000	100	100	0	1.000000
2483000	-1.0000000000	0.1000000000	0.0010000000	100	100	0	1.000000
2484000	-1.0000000000	0.1000000000	0.0010000000	100	100	0	0.995242
2485000	-1.0000000000	0.1000000000	0.0010000000	100	100	0	1.000000
2486000	-1.0000000000	0.1000000000	0.0010000000	100	100	0	1.000000
2487000	-1.0000000000	0.1000000000	0.0010000000	100	100	0	1.000000
2488000	-1.0000000000	0.1000000000	0.0010000000	100	100	0	1.000000
2489000	-1.0000000000	0.1000000000	0.0010000000	100	100	0	1.000000
2490000	-1.0000000000	0.1000000000	0.0010000000	100	100	0	1.000000
2491000	-1.0000000000	0.1000000000	0.0010000000	100	100	0	1.000000
2492000	-1.0000000000	0.1000000000	0.0010000000	100	100	0	1.000000
2493000	-1.0000000000	0.1000000000	0.0010000000	100	100	0	1.000000
2494000	-1.0000000000	0.1000000000	0.0010000000	100	100	0	1.000000
2495000	-1.0000000000	0.1000000000	0.0010000000	100	100	0	1.000000
2496000	-1.0000000000	0.1000000000	0.0010000000	100	100	0	1.000000
2497000	-1.0000000000	0.1000000000	0.0010000000	100	100	0	1.000000
2498000	-1.0000000000	0.1000000000	0.0010000000	100	100	0	1.000000
2499000	-1.0000000000	0.1000000000	0.0010000000	100	100	0	0.998097
2500000	-1.0000000000	0.1000000000	0.0010000000	100	100	0	1.000000
