time	epistasis_coef	sel_coef	mu_prob	Ne	L	k_start	mean_fitness
1500000	-0.6000000000	0.0100000000	0.1000000000	100	100	0	0.725690
1501000	-0.6000000000	0.0100000000	0.1000000000	100	100	0	0.822988
1502000	-0.6000000000	0.0100000000	0.1000000000	100	100	0	0.776824
1503000	-0.6000000000	0.0100000000	0.1000000000	100	100	0	0.820460
1504000	-0.6000000000	0.0100000000	0.1000000000	100	100	0	0.802203
1505000	-0.6000000000	0.0100000000	0.1000000000	100	100	0	0.745565
1506000	-0.6000000000	0.0100000000	0.1000000000	100	100	0	0.804782
1507000	-0.6000000000	0.0100000000	0.1000000000	100	100	0	0.859799
1508000	-0.6000000000	0.0100000000	0.1000000000	100	100	0	0.802216
1509000	-0.6000000000	0.0100000000	0.1000000000	100	100	0	0.857160
1510000	-0.6000000000	0.0100000000	0.1000000000	100	100	0	0.899858
1511000	-0.6000000000	0.0100000000	0.1000000000	100	100	0	0.832235
1512000	-0.6000000000	0.0100000000	0.1000000000	100	100	0	0.791288
1513000	-0.6000000000	0.0100000000	0.1000000000	100	100	0	0.857115
1514000	-0.6000000000	0.0100000000	0.1000000000	100	100	0	0.771182
1515000	-0.6000000000	0.0100000000	0.1000000000	100	100	0	0.848624
1516000	-0.6000000000	0.0100000000	0.1000000000	100	100	0	0.783546
1517000	-0.6000000000	0.0100000000	0.1000000000	100	100	0	0.796053
1518000	-0.6000000000	0.0100000000	0.1000000000	100	100	0	0.859363
1519000	-0.6000000000	0.0100000000	0.1000000000	100	100	0	0.738348
1520000	-0.6000000000	0.0100000000	0.1000000000	100	100	0	0.890357
1521000	-0.6000000000	0.0100000000	0.1000000000	100	100	0	0.796438
1522000	-0.6000000000	0.0100000000	0.1000000000	100	100	0	0.833217
1523000	-0.6000000000	0.0100000000	0.1000000000	100	100	0	0.905532
1524000	-0.6000000000	0.0100000000	0.1000000000	100	100	0	0.877826
1525000	-0.6000000000	0.0100000000	0.1000000000	100	100	0	0.800908
1526000	-0.6000000000	0.0100000000	0.1000000000	100	100	0	0.752035
1527000	-0.6000000000	0.0100000000	0.1000000000	100	100	0	0.797385
1528000	-0.6000000000	0.0100000000	0.1000000000	100	100	0	0.860407
1529000	-0.6000000000	0.0100000000	0.1000000000	100	100	0	0.715947
1530000	-0.6000000000	0.0100000000	0.1000000000	100	100	0	0.794654
1531000	-0.6000000000	0.0100000000	0.1000000000	100	100	0	0.762096
1532000	-0.6000000000	0.0100000000	0.1000000000	100	100	0	0.743910
1533000	-0.6000000000	0.0100000000	0.1000000000	100	100	0	0.743299
1534000	-0.6000000000	0.0100000000	0.1000000000	100	100	0	0.776635
1535000	-0.6000000000	0.0100000000	0.1000000000	100	100	0	0.803906
1536000	-0.6000000000	0.0100000000	0.1000000000	100	100	0	0.757995
1537000	-0.6000000000	0.0100000000	0.1000000000	100	100	0	0.828055
1538000	-0.6000000000	0.0100000000	0.1000000000	100	100	0	0.750638
1539000	-0.6000000000	0.0100000000	0.1000000000	100	100	0	0.778253
1540000	-0.6000000000	0.0100000000	0.1000000000	100	100	0	0.816044
1541000	-0.6000000000	0.0100000000	0.1000000000	100	100	0	0.797150
1542000	-0.6000000000	0.0100000000	0.1000000000	100	100	0	0.844029
1543000	-0.6000000000	0.0100000000	0.1000000000	100	100	0	0.846811
1544000	-0.6000000000	0.0100000000	0.1000000000	100	100	0	0.750931
1545000	-0.6000000000	0.0100000000	0.1000000000	100	100	0	0.866528
1546000	-0.6000000000	0.0100000000	0.1000000000	100	100	0	0.771516
1547000	-0.6000000000	0.0100000000	0.1000000000	100	100	0	0.697190
1548000	-0.6000000000	0.0100000000	0.1000000000	100	100	0	0.762701
1549000	-0.6000000000	0.0100000000	0.1000000000	100	100	0	0.792803
1550000	-0.6000000000	0.0100000000	0.1000000000	100	100	0	0.830770
1551000	-0.6000000000	0.0100000000	0.1000000000	100	100	0	0.788227
1552000	-0.6000000000	0.0100000000	0.1000000000	100	100	0	0.744374
1553000	-0.6000000000	0.0100000000	0.1000000000	100	100	0	0.805295
1554000	-0.6000000000	0.0100000000	0.1000000000	100	100	0	0.765907
1555000	-0.6000000000	0.0100000000	0.1000000000	100	100	0	0.737954
1556000	-0.6000000000	0.0100000000	0.1000000000	100	100	0	0.815547
1557000	-0.6000000000	0.0100000000	0.1000000000	100	100	0	0.811487
1558000	-0.6000000000	0.0100000000	0.1000000000	100	100	0	0.775425
1559000	-0.6000000000	0.0100000000	0.1000000000	100	100	0	0.828058
1560000	-0.6000000000	0.0100000000	0.1000000000	100	100	0	0.813035
1561000	-0.6000000000	0.0100000000	0.1000000000	100	100	0	0.814428
1562000	-0.6000000000	0.0100000000	0.1000000000	100	100	0	0.871530
1563000	-0.6000000000	0.0100000000	0.1000000000	100	100	0	0.788807
1564000	-0.6000000000	0.0100000000	0.1000000000	100	100	0	0.821366
1565000	-0.6000000000	0.0100000000	0.1000000000	100	100	0	0.754879
1566000	-0.6000000000	0.0100000000	0.1000000000	100	100	0	0.835617
1567000	-0.6000000000	0.0100000000	0.1000000000	100	100	0	0.827888
1568000	-0.6000000000	0.0100000000	0.1000000000	100	100	0	0.834237
1569000	-0.6000000000	0.0100000000	0.1000000000	100	100	0	0.800151
1570000	-0.6000000000	0.0100000000	0.1000000000	100	100	0	0.732026
1571000	-0.6000000000	0.0100000000	0.1000000000	100	100	0	0.857491
1572000	-0.6000000000	0.0100000000	0.1000000000	100	100	0	0.758283
1573000	-0.6000000000	0.0100000000	0.1000000000	100	100	0	0.760354
1574000	-0.6000000000	0.0100000000	0.1000000000	100	100	0	0.803391
1575000	-0.6000000000	0.0100000000	0.1000000000	100	100	0	0.753113
1576000	-0.6000000000	0.0100000000	0.1000000000	100	100	0	0.809427
1577000	-0.6000000000	0.0100000000	0.1000000000	100	100	0	0.786884
1578000	-0.6000000000	0.0100000000	0.1000000000	100	100	0	0.769827
1579000	-0.6000000000	0.0100000000	0.1000000000	100	100	0	0.743017
1580000	-0.6000000000	0.0100000000	0.1000000000	100	100	0	0.773900
1581000	-0.6000000000	0.0100000000	0.1000000000	100	100	0	0.768634
1582000	-0.6000000000	0.0100000000	0.1000000000	100	100	0	0.848205
1583000	-0.6000000000	0.0100000000	0.1000000000	100	100	0	0.849334
1584000	-0.6000000000	0.0100000000	0.1000000000	100	100	0	0.790830
1585000	-0.6000000000	0.0100000000	0.1000000000	100	100	0	0.774752
1586000	-0.6000000000	0.0100000000	0.1000000000	100	100	0	0.740098
1587000	-0.6000000000	0.0100000000	0.1000000000	100	100	0	0.823404
1588000	-0.6000000000	0.0100000000	0.1000000000	100	100	0	0.833405
1589000	-0.6000000000	0.0100000000	0.1000000000	100	100	0	0.788184
1590000	-0.6000000000	0.0100000000	0.1000000000	100	100	0	0.854226
1591000	-0.6000000000	0.0100000000	0.1000000000	100	100	0	0.894697
1592000	-0.6000000000	0.0100000000	0.1000000000	100	100	0	0.842605
1593000	-0.6000000000	0.0100000000	0.1000000000	100	100	0	0.810502
1594000	-0.6000000000	0.0100000000	0.1000000000	100	100	0	0.711731
1595000	-0.6000000000	0.0100000000	0.1000000000	100	100	0	0.817079
1596000	-0.6000000000	0.0100000000	0.1000000000	100	100	0	0.744023
1597000	-0.6000000000	0.0100000000	0.1000000000	100	100	0	0.739899
1598000	-0.6000000000	0.0100000000	0.1000000000	100	100	0	0.771395
1599000	-0.6000000000	0.0100000000	0.1000000000	100	100	0	0.892039
1600000	-0.6000000000	0.0100000000	0.1000000000	100	100	0	0.885496
1601000	-0.6000000000	0.0100000000	0.1000000000	100	100	0	0.749483
1602000	-0.6000000000	0.0100000000	0.1000000000	100	100	0	0.746775
1603000	-0.6000000000	0.0100000000	0.1000000000	100	100	0	0.788889
1604000	-0.6000000000	0.0100000000	0.1000000000	100	100	0	0.796481
1605000	-0.6000000000	0.0100000000	0.1000000000	100	100	0	0.761934
1606000	-0.6000000000	0.0100000000	0.1000000000	100	100	0	0.805101
1607000	-0.6000000000	0.0100000000	0.1000000000	100	100	0	0.798571
1608000	-0.6000000000	0.0100000000	0.1000000000	100	100	0	0.772886
1609000	-0.6000000000	0.0100000000	0.1000000000	100	100	0	0.785484
1610000	-0.6000000000	0.0100000000	0.1000000000	100	100	0	0.788875
1611000	-0.6000000000	0.0100000000	0.1000000000	100	100	0	0.795259
1612000	-0.6000000000	0.0100000000	0.1000000000	100	100	0	0.773423
1613000	-0.6000000000	0.0100000000	0.1000000000	100	100	0	0.789003
1614000	-0.6000000000	0.0100000000	0.1000000000	100	100	0	0.817316
1615000	-0.6000000000	0.0100000000	0.1000000000	100	100	0	0.853068
1616000	-0.6000000000	0.0100000000	0.1000000000	100	100	0	0.728610
1617000	-0.6000000000	0.0100000000	0.1000000000	100	100	0	0.824080
1618000	-0.6000000000	0.0100000000	0.1000000000	100	100	0	0.811798
1619000	-0.6000000000	0.0100000000	0.1000000000	100	100	0	0.748017
1620000	-0.6000000000	0.0100000000	0.1000000000	100	100	0	0.759474
1621000	-0.6000000000	0.0100000000	0.1000000000	100	100	0	0.797736
1622000	-0.6000000000	0.0100000000	0.1000000000	100	100	0	0.778758
1623000	-0.6000000000	0.0100000000	0.1000000000	100	100	0	0.812391
1624000	-0.6000000000	0.0100000000	0.1000000000	100	100	0	0.783080
1625000	-0.6000000000	0.0100000000	0.1000000000	100	100	0	0.766736
1626000	-0.6000000000	0.0100000000	0.1000000000	100	100	0	0.794135
1627000	-0.6000000000	0.0100000000	0.1000000000	100	100	0	0.785172
1628000	-0.6000000000	0.0100000000	0.1000000000	100	100	0	0.828522
1629000	-0.6000000000	0.0100000000	0.1000000000	100	100	0	0.805733
1630000	-0.6000000000	0.0100000000	0.1000000000	100	100	0	0.778978
1631000	-0.6000000000	0.0100000000	0.1000000000	100	100	0	0.824859
1632000	-0.6000000000	0.0100000000	0.1000000000	100	100	0	0.806973
1633000	-0.6000000000	0.0100000000	0.1000000000	100	100	0	0.792138
1634000	-0.6000000000	0.0100000000	0.1000000000	100	100	0	0.871876
1635000	-0.6000000000	0.0100000000	0.1000000000	100	100	0	0.726644
1636000	-0.6000000000	0.0100000000	0.1000000000	100	100	0	0.781479
1637000	-0.6000000000	0.0100000000	0.1000000000	100	100	0	0.850870
1638000	-0.6000000000	0.0100000000	0.1000000000	100	100	0	0.750441
1639000	-0.6000000000	0.0100000000	0.1000000000	100	100	0	0.877261
1640000	-0.6000000000	0.0100000000	0.1000000000	100	100	0	0.762140
1641000	-0.6000000000	0.0100000000	0.1000000000	100	100	0	0.806821
1642000	-0.6000000000	0.0100000000	0.1000000000	100	100	0	0.788782
1643000	-0.6000000000	0.0100000000	0.1000000000	100	100	0	0.790351
1644000	-0.6000000000	0.0100000000	0.1000000000	100	100	0	0.775420
1645000	-0.6000000000	0.0100000000	0.1000000000	100	100	0	0.774906
1646000	-0.6000000000	0.0100000000	0.1000000000	100	100	0	0.753243
1647000	-0.6000000000	0.0100000000	0.1000000000	100	100	0	0.833409
1648000	-0.6000000000	0.0100000000	0.1000000000	100	100	0	0.802312
1649000	-0.6000000000	0.0100000000	0.1000000000	100	100	0	0.835805
1650000	-0.6000000000	0.0100000000	0.1000000000	100	100	0	0.757734
1651000	-0.6000000000	0.0100000000	0.1000000000	100	100	0	0.791173
1652000	-0.6000000000	0.0100000000	0.1000000000	100	100	0	0.819749
1653000	-0.6000000000	0.0100000000	0.1000000000	100	100	0	0.826945
1654000	-0.6000000000	0.0100000000	0.1000000000	100	100	0	0.885031
1655000	-0.6000000000	0.0100000000	0.1000000000	100	100	0	0.845936
1656000	-0.6000000000	0.0100000000	0.1000000000	100	100	0	0.785319
1657000	-0.6000000000	0.0100000000	0.1000000000	100	100	0	0.798722
1658000	-0.6000000000	0.0100000000	0.1000000000	100	100	0	0.774280
1659000	-0.6000000000	0.0100000000	0.1000000000	100	100	0	0.848572
1660000	-0.6000000000	0.0100000000	0.1000000000	100	100	0	0.790168
1661000	-0.6000000000	0.0100000000	0.1000000000	100	100	0	0.808662
1662000	-0.6000000000	0.0100000000	0.1000000000	100	100	0	0.772242
1663000	-0.6000000000	0.0100000000	0.1000000000	100	100	0	0.798220
1664000	-0.6000000000	0.0100000000	0.1000000000	100	100	0	0.788959
1665000	-0.6000000000	0.0100000000	0.1000000000	100	100	0	0.763672
1666000	-0.6000000000	0.0100000000	0.1000000000	100	100	0	0.836985
1667000	-0.6000000000	0.0100000000	0.1000000000	100	100	0	0.767846
1668000	-0.6000000000	0.0100000000	0.1000000000	100	100	0	0.776597
1669000	-0.6000000000	0.0100000000	0.1000000000	100	100	0	0.807686
1670000	-0.6000000000	0.0100000000	0.1000000000	100	100	0	0.783999
1671000	-0.6000000000	0.0100000000	0.1000000000	100	100	0	0.742818
1672000	-0.6000000000	0.0100000000	0.1000000000	100	100	0	0.798722
1673000	-0.6000000000	0.0100000000	0.1000000000	100	100	0	0.835024
1674000	-0.6000000000	0.0100000000	0.1000000000	100	100	0	0.788420
1675000	-0.6000000000	0.0100000000	0.1000000000	100	100	0	0.765831
1676000	-0.6000000000	0.0100000000	0.1000000000	100	100	0	0.770175
1677000	-0.6000000000	0.0100000000	0.1000000000	100	100	0	0.859788
1678000	-0.6000000000	0.0100000000	0.1000000000	100	100	0	0.834311
1679000	-0.6000000000	0.0100000000	0.1000000000	100	100	0	0.793644
1680000	-0.6000000000	0.0100000000	0.1000000000	100	100	0	0.802858
1681000	-0.6000000000	0.0100000000	0.1000000000	100	100	0	0.862515
1682000	-0.6000000000	0.0100000000	0.1000000000	100	100	0	0.809265
1683000	-0.6000000000	0.0100000000	0.1000000000	100	100	0	0.819478
1684000	-0.6000000000	0.0100000000	0.1000000000	100	100	0	0.798319
1685000	-0.6000000000	0.0100000000	0.1000000000	100	100	0	0.736682
1686000	-0.6000000000	0.0100000000	0.1000000000	100	100	0	0.729553
1687000	-0.6000000000	0.0100000000	0.1000000000	100	100	0	0.782922
1688000	-0.6000000000	0.0100000000	0.1000000000	100	100	0	0.773532
1689000	-0.6000000000	0.0100000000	0.1000000000	100	100	0	0.720241
1690000	-0.6000000000	0.0100000000	0.1000000000	100	100	0	0.734447
1691000	-0.6000000000	0.0100000000	0.1000000000	100	100	0	0.872533
1692000	-0.6000000000	0.0100000000	0.1000000000	100	100	0	0.806454
1693000	-0.6000000000	0.0100000000	0.1000000000	100	100	0	0.883386
1694000	-0.6000000000	0.0100000000	0.1000000000	100	100	0	0.741745
1695000	-0.6000000000	0.0100000000	0.1000000000	100	100	0	0.787853
1696000	-0.6000000000	0.0100000000	0.1000000000	100	100	0	0.745587
1697000	-0.6000000000	0.0100000000	0.1000000000	100	100	0	0.757008
1698000	-0.6000000000	0.0100000000	0.1000000000	100	100	0	0.780756
1699000	-0.6000000000	0.0100000000	0.1000000000	100	100	0	0.780191
1700000	-0.6000000000	0.0100000000	0.1000000000	100	100	0	0.820328
1701000	-0.6000000000	0.0100000000	0.1000000000	100	100	0	0.829302
1702000	-0.6000000000	0.0100000000	0.1000000000	100	100	0	0.843810
1703000	-0.6000000000	0.0100000000	0.1000000000	100	100	0	0.843064
1704000	-0.6000000000	0.0100000000	0.1000000000	100	100	0	0.736659
1705000	-0.6000000000	0.0100000000	0.1000000000	100	100	0	0.803043
1706000	-0.6000000000	0.0100000000	0.1000000000	100	100	0	0.738948
1707000	-0.6000000000	0.0100000000	0.1000000000	100	100	0	0.795414
1708000	-0.6000000000	0.0100000000	0.1000000000	100	100	0	0.709473
1709000	-0.6000000000	0.0100000000	0.1000000000	100	100	0	0.795899
1710000	-0.6000000000	0.0100000000	0.1000000000	100	100	0	0.855328
1711000	-0.6000000000	0.0100000000	0.1000000000	100	100	0	0.785655
1712000	-0.6000000000	0.0100000000	0.1000000000	100	100	0	0.734099
1713000	-0.6000000000	0.0100000000	0.1000000000	100	100	0	0.771773
1714000	-0.6000000000	0.0100000000	0.1000000000	100	100	0	0.681485
1715000	-0.6000000000	0.0100000000	0.1000000000	100	100	0	0.790619
1716000	-0.6000000000	0.0100000000	0.1000000000	100	100	0	0.808166
1717000	-0.6000000000	0.0100000000	0.1000000000	100	100	0	0.747614
1718000	-0.6000000000	0.0100000000	0.1000000000	100	100	0	0.726165
1719000	-0.6000000000	0.0100000000	0.1000000000	100	100	0	0.715081
1720000	-0.6000000000	0.0100000000	0.1000000000	100	100	0	0.811422
1721000	-0.6000000000	0.0100000000	0.1000000000	100	100	0	0.824579
1722000	-0.6000000000	0.0100000000	0.1000000000	100	100	0	0.823702
1723000	-0.6000000000	0.0100000000	0.1000000000	100	100	0	0.796411
1724000	-0.6000000000	0.0100000000	0.1000000000	100	100	0	0.770505
1725000	-0.6000000000	0.0100000000	0.1000000000	100	100	0	0.788969
1726000	-0.6000000000	0.0100000000	0.1000000000	100	100	0	0.893730
1727000	-0.6000000000	0.0100000000	0.1000000000	100	100	0	0.841140
1728000	-0.6000000000	0.0100000000	0.1000000000	100	100	0	0.836169
1729000	-0.6000000000	0.0100000000	0.1000000000	100	100	0	0.799000
1730000	-0.6000000000	0.0100000000	0.1000000000	100	100	0	0.830251
1731000	-0.6000000000	0.0100000000	0.1000000000	100	100	0	0.774479
1732000	-0.6000000000	0.0100000000	0.1000000000	100	100	0	0.837103
1733000	-0.6000000000	0.0100000000	0.1000000000	100	100	0	0.875386
1734000	-0.6000000000	0.0100000000	0.1000000000	100	100	0	0.770855
1735000	-0.6000000000	0.0100000000	0.1000000000	100	100	0	0.804316
1736000	-0.6000000000	0.0100000000	0.1000000000	100	100	0	0.856816
1737000	-0.6000000000	0.0100000000	0.1000000000	100	100	0	0.817661
1738000	-0.6000000000	0.0100000000	0.1000000000	100	100	0	0.867319
1739000	-0.6000000000	0.0100000000	0.1000000000	100	100	0	0.775898
1740000	-0.6000000000	0.0100000000	0.1000000000	100	100	0	0.808905
1741000	-0.6000000000	0.0100000000	0.1000000000	100	100	0	0.767867
1742000	-0.6000000000	0.0100000000	0.1000000000	100	100	0	0.733386
1743000	-0.6000000000	0.0100000000	0.1000000000	100	100	0	0.800452
1744000	-0.6000000000	0.0100000000	0.1000000000	100	100	0	0.765306
1745000	-0.6000000000	0.0100000000	0.1000000000	100	100	0	0.686190
1746000	-0.6000000000	0.0100000000	0.1000000000	100	100	0	0.792895
1747000	-0.6000000000	0.0100000000	0.1000000000	100	100	0	0.861049
1748000	-0.6000000000	0.0100000000	0.1000000000	100	100	0	0.812913
1749000	-0.6000000000	0.0100000000	0.1000000000	100	100	0	0.836536
1750000	-0.6000000000	0.0100000000	0.1000000000	100	100	0	0.734061
1751000	-0.6000000000	0.0100000000	0.1000000000	100	100	0	0.790774
1752000	-0.6000000000	0.0100000000	0.1000000000	100	100	0	0.796188
1753000	-0.6000000000	0.0100000000	0.1000000000	100	100	0	0.713844
1754000	-0.6000000000	0.0100000000	0.1000000000	100	100	0	0.845570
1755000	-0.6000000000	0.0100000000	0.1000000000	100	100	0	0.734474
1756000	-0.6000000000	0.0100000000	0.1000000000	100	100	0	0.707762
1757000	-0.6000000000	0.0100000000	0.1000000000	100	100	0	0.844589
1758000	-0.6000000000	0.0100000000	0.1000000000	100	100	0	0.825297
1759000	-0.6000000000	0.0100000000	0.1000000000	100	100	0	0.828892
1760000	-0.6000000000	0.0100000000	0.1000000000	100	100	0	0.881792
1761000	-0.6000000000	0.0100000000	0.1000000000	100	100	0	0.850037
1762000	-0.6000000000	0.0100000000	0.1000000000	100	100	0	0.742527
1763000	-0.6000000000	0.0100000000	0.1000000000	100	100	0	0.784799
1764000	-0.6000000000	0.0100000000	0.1000000000	100	100	0	0.826459
1765000	-0.6000000000	0.0100000000	0.1000000000	100	100	0	0.825831
1766000	-0.6000000000	0.0100000000	0.1000000000	100	100	0	0.790792
1767000	-0.6000000000	0.0100000000	0.1000000000	100	100	0	0.777264
1768000	-0.6000000000	0.0100000000	0.1000000000	100	100	0	0.846984
1769000	-0.6000000000	0.0100000000	0.1000000000	100	100	0	0.763423
1770000	-0.6000000000	0.0100000000	0.1000000000	100	100	0	0.759213
1771000	-0.6000000000	0.0100000000	0.1000000000	100	100	0	0.818618
1772000	-0.6000000000	0.0100000000	0.1000000000	100	100	0	0.784495
1773000	-0.6000000000	0.0100000000	0.1000000000	100	100	0	0.850896
1774000	-0.6000000000	0.0100000000	0.1000000000	100	100	0	0.831537
1775000	-0.6000000000	0.0100000000	0.1000000000	100	100	0	0.755812
1776000	-0.6000000000	0.0100000000	0.1000000000	100	100	0	0.819991
1777000	-0.6000000000	0.0100000000	0.1000000000	100	100	0	0.830919
1778000	-0.6000000000	0.0100000000	0.1000000000	100	100	0	0.796273
1779000	-0.6000000000	0.0100000000	0.1000000000	100	100	0	0.764942
1780000	-0.6000000000	0.0100000000	0.1000000000	100	100	0	0.835996
1781000	-0.6000000000	0.0100000000	0.1000000000	100	100	0	0.760671
1782000	-0.6000000000	0.0100000000	0.1000000000	100	100	0	0.907494
1783000	-0.6000000000	0.0100000000	0.1000000000	100	100	0	0.744601
1784000	-0.6000000000	0.0100000000	0.1000000000	100	100	0	0.806482
1785000	-0.6000000000	0.0100000000	0.1000000000	100	100	0	0.802395
1786000	-0.6000000000	0.0100000000	0.1000000000	100	100	0	0.722701
1787000	-0.6000000000	0.0100000000	0.1000000000	100	100	0	0.868600
1788000	-0.6000000000	0.0100000000	0.1000000000	100	100	0	0.718429
1789000	-0.6000000000	0.0100000000	0.1000000000	100	100	0	0.813368
1790000	-0.6000000000	0.0100000000	0.1000000000	100	100	0	0.788995
1791000	-0.6000000000	0.0100000000	0.1000000000	100	100	0	0.876489
1792000	-0.6000000000	0.0100000000	0.1000000000	100	100	0	0.764986
1793000	-0.6000000000	0.0100000000	0.1000000000	100	100	0	0.701012
1794000	-0.6000000000	0.0100000000	0.1000000000	100	100	0	0.762435
1795000	-0.6000000000	0.0100000000	0.1000000000	100	100	0	0.807388
1796000	-0.6000000000	0.0100000000	0.1000000000	100	100	0	0.768009
1797000	-0.6000000000	0.0100000000	0.1000000000	100	100	0	0.747069
1798000	-0.6000000000	0.0100000000	0.1000000000	100	100	0	0.764230
1799000	-0.6000000000	0.0100000000	0.1000000000	100	100	0	0.811631
1800000	-0.6000000000	0.0100000000	0.1000000000	100	100	0	0.842152
1801000	-0.6000000000	0.0100000000	0.1000000000	100	100	0	0.875365
1802000	-0.6000000000	0.0100000000	0.1000000000	100	100	0	0.805588
1803000	-0.6000000000	0.0100000000	0.1000000000	100	100	0	0.762713
1804000	-0.6000000000	0.0100000000	0.1000000000	100	100	0	0.687490
1805000	-0.6000000000	0.0100000000	0.1000000000	100	100	0	0.910301
1806000	-0.6000000000	0.0100000000	0.1000000000	100	100	0	0.864378
1807000	-0.6000000000	0.0100000000	0.1000000000	100	100	0	0.751866
1808000	-0.6000000000	0.0100000000	0.1000000000	100	100	0	0.677684
1809000	-0.6000000000	0.0100000000	0.1000000000	100	100	0	0.745081
1810000	-0.6000000000	0.0100000000	0.1000000000	100	100	0	0.812827
1811000	-0.6000000000	0.0100000000	0.1000000000	100	100	0	0.879712
1812000	-0.6000000000	0.0100000000	0.1000000000	100	100	0	0.735818
1813000	-0.6000000000	0.0100000000	0.1000000000	100	100	0	0.778778
1814000	-0.6000000000	0.0100000000	0.1000000000	100	100	0	0.850778
1815000	-0.6000000000	0.0100000000	0.1000000000	100	100	0	0.796170
1816000	-0.6000000000	0.0100000000	0.1000000000	100	100	0	0.799014
1817000	-0.6000000000	0.0100000000	0.1000000000	100	100	0	0.791812
1818000	-0.6000000000	0.0100000000	0.1000000000	100	100	0	0.774643
1819000	-0.6000000000	0.0100000000	0.1000000000	100	100	0	0.727778
1820000	-0.6000000000	0.0100000000	0.1000000000	100	100	0	0.776472
1821000	-0.6000000000	0.0100000000	0.1000000000	100	100	0	0.782936
1822000	-0.6000000000	0.0100000000	0.1000000000	100	100	0	0.873870
1823000	-0.6000000000	0.0100000000	0.1000000000	100	100	0	0.783329
1824000	-0.6000000000	0.0100000000	0.1000000000	100	100	0	0.818048
1825000	-0.6000000000	0.0100000000	0.1000000000	100	100	0	0.744187
1826000	-0.6000000000	0.0100000000	0.1000000000	100	100	0	0.744787
1827000	-0.6000000000	0.0100000000	0.1000000000	100	100	0	0.815075
1828000	-0.6000000000	0.0100000000	0.1000000000	100	100	0	0.748920
1829000	-0.6000000000	0.0100000000	0.1000000000	100	100	0	0.832138
1830000	-0.6000000000	0.0100000000	0.1000000000	100	100	0	0.845046
1831000	-0.6000000000	0.0100000000	0.1000000000	100	100	0	0.792362
1832000	-0.6000000000	0.0100000000	0.1000000000	100	100	0	0.752286
1833000	-0.6000000000	0.0100000000	0.1000000000	100	100	0	0.771732
1834000	-0.6000000000	0.0100000000	0.1000000000	100	100	0	0.772524
1835000	-0.6000000000	0.0100000000	0.1000000000	100	100	0	0.885765
1836000	-0.6000000000	0.0100000000	0.1000000000	100	100	0	0.823492
1837000	-0.6000000000	0.0100000000	0.1000000000	100	100	0	0.780369
1838000	-0.6000000000	0.0100000000	0.1000000000	100	100	0	0.746590
1839000	-0.6000000000	0.0100000000	0.1000000000	100	100	0	0.807304
1840000	-0.6000000000	0.0100000000	0.1000000000	100	100	0	0.743261
1841000	-0.6000000000	0.0100000000	0.1000000000	100	100	0	0.784972
1842000	-0.6000000000	0.0100000000	0.1000000000	100	100	0	0.748240
1843000	-0.6000000000	0.0100000000	0.1000000000	100	100	0	0.837050
1844000	-0.6000000000	0.0100000000	0.1000000000	100	100	0	0.805719
1845000	-0.6000000000	0.0100000000	0.1000000000	100	100	0	0.838233
1846000	-0.6000000000	0.0100000000	0.1000000000	100	100	0	0.803725
1847000	-0.6000000000	0.0100000000	0.1000000000	100	100	0	0.846336
1848000	-0.6000000000	0.0100000000	0.1000000000	100	100	0	0.770119
1849000	-0.6000000000	0.0100000000	0.1000000000	100	100	0	0.812127
1850000	-0.6000000000	0.0100000000	0.1000000000	100	100	0	0.756077
1851000	-0.6000000000	0.0100000000	0.1000000000	100	100	0	0.811768
1852000	-0.6000000000	0.0100000000	0.1000000000	100	100	0	0.798609
1853000	-0.6000000000	0.0100000000	0.1000000000	100	100	0	0.792964
1854000	-0.6000000000	0.0100000000	0.1000000000	100	100	0	0.863139
1855000	-0.6000000000	0.0100000000	0.1000000000	100	100	0	0.742684
1856000	-0.6000000000	0.0100000000	0.1000000000	100	100	0	0.855569
1857000	-0.6000000000	0.0100000000	0.1000000000	100	100	0	0.788829
1858000	-0.6000000000	0.0100000000	0.1000000000	100	100	0	0.758114
1859000	-0.6000000000	0.0100000000	0.1000000000	100	100	0	0.733176
1860000	-0.6000000000	0.0100000000	0.1000000000	100	100	0	0.778999
1861000	-0.6000000000	0.0100000000	0.1000000000	100	100	0	0.743765
1862000	-0.6000000000	0.0100000000	0.1000000000	100	100	0	0.792281
1863000	-0.6000000000	0.0100000000	0.1000000000	100	100	0	0.829433
1864000	-0.6000000000	0.0100000000	0.1000000000	100	100	0	0.767664
1865000	-0.6000000000	0.0100000000	0.1000000000	100	100	0	0.810347
1866000	-0.6000000000	0.0100000000	0.1000000000	100	100	0	0.814141
1867000	-0.6000000000	0.0100000000	0.1000000000	100	100	0	0.838581
1868000	-0.6000000000	0.0100000000	0.1000000000	100	100	0	0.771348
1869000	-0.6000000000	0.0100000000	0.1000000000	100	100	0	0.876994
1870000	-0.6000000000	0.0100000000	0.1000000000	100	100	0	0.797399
1871000	-0.6000000000	0.0100000000	0.1000000000	100	100	0	0.796361
1872000	-0.6000000000	0.0100000000	0.1000000000	100	100	0	0.759134
1873000	-0.6000000000	0.0100000000	0.1000000000	100	100	0	0.800349
1874000	-0.6000000000	0.0100000000	0.1000000000	100	100	0	0.786948
1875000	-0.6000000000	0.0100000000	0.1000000000	100	100	0	0.852779
1876000	-0.6000000000	0.0100000000	0.1000000000	100	100	0	0.794205
1877000	-0.6000000000	0.0100000000	0.1000000000	100	100	0	0.718547
1878000	-0.6000000000	0.0100000000	0.1000000000	100	100	0	0.820246
1879000	-0.6000000000	0.0100000000	0.1000000000	100	100	0	0.733646
1880000	-0.6000000000	0.0100000000	0.1000000000	100	100	0	0.840530
1881000	-0.6000000000	0.0100000000	0.1000000000	100	100	0	0.817485
1882000	-0.6000000000	0.0100000000	0.1000000000	100	100	0	0.786157
1883000	-0.6000000000	0.0100000000	0.1000000000	100	100	0	0.783250
1884000	-0.6000000000	0.0100000000	0.1000000000	100	100	0	0.810793
1885000	-0.6000000000	0.0100000000	0.1000000000	100	100	0	0.730817
1886000	-0.6000000000	0.0100000000	0.1000000000	100	100	0	0.757938
1887000	-0.6000000000	0.0100000000	0.1000000000	100	100	0	0.774648
1888000	-0.6000000000	0.0100000000	0.1000000000	100	100	0	0.775935
1889000	-0.6000000000	0.0100000000	0.1000000000	100	100	0	0.826511
1890000	-0.6000000000	0.0100000000	0.1000000000	100	100	0	0.818110
1891000	-0.6000000000	0.0100000000	0.1000000000	100	100	0	0.717810
1892000	-0.6000000000	0.0100000000	0.1000000000	100	100	0	0.756931
1893000	-0.6000000000	0.0100000000	0.1000000000	100	100	0	0.862810
1894000	-0.6000000000	0.0100000000	0.1000000000	100	100	0	0.734629
1895000	-0.6000000000	0.0100000000	0.1000000000	100	100	0	0.817647
1896000	-0.6000000000	0.0100000000	0.1000000000	100	100	0	0.794044
1897000	-0.6000000000	0.0100000000	0.1000000000	100	100	0	0.827277
1898000	-0.6000000000	0.0100000000	0.1000000000	100	100	0	0.834929
1899000	-0.6000000000	0.0100000000	0.1000000000	100	100	0	0.821528
1900000	-0.6000000000	0.0100000000	0.1000000000	100	100	0	0.738304
1901000	-0.6000000000	0.0100000000	0.1000000000	100	100	0	0.778837
1902000	-0.6000000000	0.0100000000	0.1000000000	100	100	0	0.862427
1903000	-0.6000000000	0.0100000000	0.1000000000	100	100	0	0.843529
1904000	-0.6000000000	0.0100000000	0.1000000000	100	100	0	0.788607
1905000	-0.6000000000	0.0100000000	0.1000000000	100	100	0	0.758033
1906000	-0.6000000000	0.0100000000	0.1000000000	100	100	0	0.760178
1907000	-0.6000000000	0.0100000000	0.1000000000	100	100	0	0.821002
1908000	-0.6000000000	0.0100000000	0.1000000000	100	100	0	0.687028
1909000	-0.6000000000	0.0100000000	0.1000000000	100	100	0	0.822481
1910000	-0.6000000000	0.0100000000	0.1000000000	100	100	0	0.813802
1911000	-0.6000000000	0.0100000000	0.1000000000	100	100	0	0.726148
1912000	-0.6000000000	0.0100000000	0.1000000000	100	100	0	0.785695
1913000	-0.6000000000	0.0100000000	0.1000000000	100	100	0	0.749264
1914000	-0.6000000000	0.0100000000	0.1000000000	100	100	0	0.775113
1915000	-0.6000000000	0.0100000000	0.1000000000	100	100	0	0.898244
1916000	-0.6000000000	0.0100000000	0.1000000000	100	100	0	0.823980
1917000	-0.6000000000	0.0100000000	0.1000000000	100	100	0	0.804714
1918000	-0.6000000000	0.0100000000	0.1000000000	100	100	0	0.872416
1919000	-0.6000000000	0.0100000000	0.1000000000	100	100	0	0.805995
1920000	-0.6000000000	0.0100000000	0.1000000000	100	100	0	0.784261
1921000	-0.6000000000	0.0100000000	0.1000000000	100	100	0	0.864772
1922000	-0.6000000000	0.0100000000	0.1000000000	100	100	0	0.829650
1923000	-0.6000000000	0.0100000000	0.1000000000	100	100	0	0.855382
1924000	-0.6000000000	0.0100000000	0.1000000000	100	100	0	0.760107
1925000	-0.6000000000	0.0100000000	0.1000000000	100	100	0	0.875527
1926000	-0.6000000000	0.0100000000	0.1000000000	100	100	0	0.827092
1927000	-0.6000000000	0.0100000000	0.1000000000	100	100	0	0.796507
1928000	-0.6000000000	0.0100000000	0.1000000000	100	100	0	0.807518
1929000	-0.6000000000	0.0100000000	0.1000000000	100	100	0	0.777506
1930000	-0.6000000000	0.0100000000	0.1000000000	100	100	0	0.823473
1931000	-0.6000000000	0.0100000000	0.1000000000	100	100	0	0.871719
1932000	-0.6000000000	0.0100000000	0.1000000000	100	100	0	0.784331
1933000	-0.6000000000	0.0100000000	0.1000000000	100	100	0	0.832793
1934000	-0.6000000000	0.0100000000	0.1000000000	100	100	0	0.764339
1935000	-0.6000000000	0.0100000000	0.1000000000	100	100	0	0.712797
1936000	-0.6000000000	0.0100000000	0.1000000000	100	100	0	0.769900
1937000	-0.6000000000	0.0100000000	0.1000000000	100	100	0	0.851627
1938000	-0.6000000000	0.0100000000	0.1000000000	100	100	0	0.720553
1939000	-0.6000000000	0.0100000000	0.1000000000	100	100	0	0.697590
1940000	-0.6000000000	0.0100000000	0.1000000000	100	100	0	0.791122
1941000	-0.6000000000	0.0100000000	0.1000000000	100	100	0	0.814459
1942000	-0.6000000000	0.0100000000	0.1000000000	100	100	0	0.809977
1943000	-0.6000000000	0.0100000000	0.1000000000	100	100	0	0.793229
1944000	-0.6000000000	0.0100000000	0.1000000000	100	100	0	0.742590
1945000	-0.6000000000	0.0100000000	0.1000000000	100	100	0	0.799065
1946000	-0.6000000000	0.0100000000	0.1000000000	100	100	0	0.816565
1947000	-0.6000000000	0.0100000000	0.1000000000	100	100	0	0.739462
1948000	-0.6000000000	0.0100000000	0.1000000000	100	100	0	0.880729
1949000	-0.6000000000	0.0100000000	0.1000000000	100	100	0	0.816196
1950000	-0.6000000000	0.0100000000	0.1000000000	100	100	0	0.809536
1951000	-0.6000000000	0.0100000000	0.1000000000	100	100	0	0.820105
1952000	-0.6000000000	0.0100000000	0.1000000000	100	100	0	0.729063
1953000	-0.6000000000	0.0100000000	0.1000000000	100	100	0	0.754758
1954000	-0.6000000000	0.0100000000	0.1000000000	100	100	0	0.742503
1955000	-0.6000000000	0.0100000000	0.1000000000	100	100	0	0.803063
1956000	-0.6000000000	0.0100000000	0.1000000000	100	100	0	0.839615
1957000	-0.6000000000	0.0100000000	0.1000000000	100	100	0	0.732418
1958000	-0.6000000000	0.0100000000	0.1000000000	100	100	0	0.730031
1959000	-0.6000000000	0.0100000000	0.1000000000	100	100	0	0.812576
1960000	-0.6000000000	0.0100000000	0.1000000000	100	100	0	0.720958
1961000	-0.6000000000	0.0100000000	0.1000000000	100	100	0	0.764767
1962000	-0.6000000000	0.0100000000	0.1000000000	100	100	0	0.785798
1963000	-0.6000000000	0.0100000000	0.1000000000	100	100	0	0.762542
1964000	-0.6000000000	0.0100000000	0.1000000000	100	100	0	0.797343
1965000	-0.6000000000	0.0100000000	0.1000000000	100	100	0	0.731946
1966000	-0.6000000000	0.0100000000	0.1000000000	100	100	0	0.826974
1967000	-0.6000000000	0.0100000000	0.1000000000	100	100	0	0.764050
1968000	-0.6000000000	0.0100000000	0.1000000000	100	100	0	0.781767
1969000	-0.6000000000	0.0100000000	0.1000000000	100	100	0	0.751534
1970000	-0.6000000000	0.0100000000	0.1000000000	100	100	0	0.834967
1971000	-0.6000000000	0.0100000000	0.1000000000	100	100	0	0.876597
1972000	-0.6000000000	0.0100000000	0.1000000000	100	100	0	0.729641
1973000	-0.6000000000	0.0100000000	0.1000000000	100	100	0	0.769780
1974000	-0.6000000000	0.0100000000	0.1000000000	100	100	0	0.808357
1975000	-0.6000000000	0.0100000000	0.1000000000	100	100	0	0.736381
1976000	-0.6000000000	0.0100000000	0.1000000000	100	100	0	0.797633
1977000	-0.6000000000	0.0100000000	0.1000000000	100	100	0	0.848071
1978000	-0.6000000000	0.0100000000	0.1000000000	100	100	0	0.875922
1979000	-0.6000000000	0.0100000000	0.1000000000	100	100	0	0.775504
1980000	-0.6000000000	0.0100000000	0.1000000000	100	100	0	0.724761
1981000	-0.6000000000	0.0100000000	0.1000000000	100	100	0	0.776624
1982000	-0.6000000000	0.0100000000	0.1000000000	100	100	0	0.806780
1983000	-0.6000000000	0.0100000000	0.1000000000	100	100	0	0.805209
1984000	-0.6000000000	0.0100000000	0.1000000000	100	100	0	0.838707
1985000	-0.6000000000	0.0100000000	0.1000000000	100	100	0	0.780295
1986000	-0.6000000000	0.0100000000	0.1000000000	100	100	0	0.809448
1987000	-0.6000000000	0.0100000000	0.1000000000	100	100	0	0.836716
1988000	-0.6000000000	0.0100000000	0.1000000000	100	100	0	0.807157
1989000	-0.6000000000	0.0100000000	0.1000000000	100	100	0	0.737033
1990000	-0.6000000000	0.0100000000	0.1000000000	100	100	0	0.767806
1991000	-0.6000000000	0.0100000000	0.1000000000	100	100	0	0.829654
1992000	-0.6000000000	0.0100000000	0.1000000000	100	100	0	0.739294
1993000	-0.6000000000	0.0100000000	0.1000000000	100	100	0	0.749936
1994000	-0.6000000000	0.0100000000	0.1000000000	100	100	0	0.921900
1995000	-0.6000000000	0.0100000000	0.1000000000	100	100	0	0.826214
1996000	-0.6000000000	0.0100000000	0.1000000000	100	100	0	0.871759
1997000	-0.6000000000	0.0100000000	0.1000000000	100	100	0	0.872186
1998000	-0.6000000000	0.0100000000	0.1000000000	100	100	0	0.823837
1999000	-0.6000000000	0.0100000000	0.1000000000	100	100	0	0.791940
2000000	-0.6000000000	0.0100000000	0.1000000000	100	100	0	0.782704
2001000	-0.6000000000	0.0100000000	0.1000000000	100	100	0	0.749787
2002000	-0.6000000000	0.0100000000	0.1000000000	100	100	0	0.694249
2003000	-0.6000000000	0.0100000000	0.1000000000	100	100	0	0.775257
2004000	-0.6000000000	0.0100000000	0.1000000000	100	100	0	0.767944
2005000	-0.6000000000	0.0100000000	0.1000000000	100	100	0	0.761411
2006000	-0.6000000000	0.0100000000	0.1000000000	100	100	0	0.732430
2007000	-0.6000000000	0.0100000000	0.1000000000	100	100	0	0.826238
2008000	-0.6000000000	0.0100000000	0.1000000000	100	100	0	0.820259
2009000	-0.6000000000	0.0100000000	0.1000000000	100	100	0	0.864955
2010000	-0.6000000000	0.0100000000	0.1000000000	100	100	0	0.859067
2011000	-0.6000000000	0.0100000000	0.1000000000	100	100	0	0.794683
2012000	-0.6000000000	0.0100000000	0.1000000000	100	100	0	0.812681
2013000	-0.6000000000	0.0100000000	0.1000000000	100	100	0	0.797486
2014000	-0.6000000000	0.0100000000	0.1000000000	100	100	0	0.869408
2015000	-0.6000000000	0.0100000000	0.1000000000	100	100	0	0.837292
2016000	-0.6000000000	0.0100000000	0.1000000000	100	100	0	0.770242
2017000	-0.6000000000	0.0100000000	0.1000000000	100	100	0	0.840162
2018000	-0.6000000000	0.0100000000	0.1000000000	100	100	0	0.744868
2019000	-0.6000000000	0.0100000000	0.1000000000	100	100	0	0.812489
2020000	-0.6000000000	0.0100000000	0.1000000000	100	100	0	0.818277
2021000	-0.6000000000	0.0100000000	0.1000000000	100	100	0	0.854776
2022000	-0.6000000000	0.0100000000	0.1000000000	100	100	0	0.804120
2023000	-0.6000000000	0.0100000000	0.1000000000	100	100	0	0.744759
2024000	-0.6000000000	0.0100000000	0.1000000000	100	100	0	0.770676
2025000	-0.6000000000	0.0100000000	0.1000000000	100	100	0	0.807162
2026000	-0.6000000000	0.0100000000	0.1000000000	100	100	0	0.834715
2027000	-0.6000000000	0.0100000000	0.1000000000	100	100	0	0.855595
2028000	-0.6000000000	0.0100000000	0.1000000000	100	100	0	0.802971
2029000	-0.6000000000	0.0100000000	0.1000000000	100	100	0	0.822494
2030000	-0.6000000000	0.0100000000	0.1000000000	100	100	0	0.813125
2031000	-0.6000000000	0.0100000000	0.1000000000	100	100	0	0.785988
2032000	-0.6000000000	0.0100000000	0.1000000000	100	100	0	0.834784
2033000	-0.6000000000	0.0100000000	0.1000000000	100	100	0	0.802755
2034000	-0.6000000000	0.0100000000	0.1000000000	100	100	0	0.858058
2035000	-0.6000000000	0.0100000000	0.1000000000	100	100	0	0.773843
2036000	-0.6000000000	0.0100000000	0.1000000000	100	100	0	0.716231
2037000	-0.6000000000	0.0100000000	0.1000000000	100	100	0	0.832970
2038000	-0.6000000000	0.0100000000	0.1000000000	100	100	0	0.722529
2039000	-0.6000000000	0.0100000000	0.1000000000	100	100	0	0.818109
2040000	-0.6000000000	0.0100000000	0.1000000000	100	100	0	0.764839
2041000	-0.6000000000	0.0100000000	0.1000000000	100	100	0	0.855140
2042000	-0.6000000000	0.0100000000	0.1000000000	100	100	0	0.830418
2043000	-0.6000000000	0.0100000000	0.1000000000	100	100	0	0.790696
2044000	-0.6000000000	0.0100000000	0.1000000000	100	100	0	0.849993
2045000	-0.6000000000	0.0100000000	0.1000000000	100	100	0	0.863919
2046000	-0.6000000000	0.0100000000	0.1000000000	100	100	0	0.818265
2047000	-0.6000000000	0.0100000000	0.1000000000	100	100	0	0.800310
2048000	-0.6000000000	0.0100000000	0.1000000000	100	100	0	0.851014
2049000	-0.6000000000	0.0100000000	0.1000000000	100	100	0	0.807223
2050000	-0.6000000000	0.0100000000	0.1000000000	100	100	0	0.761981
2051000	-0.6000000000	0.0100000000	0.1000000000	100	100	0	0.874282
2052000	-0.6000000000	0.0100000000	0.1000000000	100	100	0	0.779694
2053000	-0.6000000000	0.0100000000	0.1000000000	100	100	0	0.790135
2054000	-0.6000000000	0.0100000000	0.1000000000	100	100	0	0.852810
2055000	-0.6000000000	0.0100000000	0.1000000000	100	100	0	0.878348
2056000	-0.6000000000	0.0100000000	0.1000000000	100	100	0	0.854126
2057000	-0.6000000000	0.0100000000	0.1000000000	100	100	0	0.848514
2058000	-0.6000000000	0.0100000000	0.1000000000	100	100	0	0.851645
2059000	-0.6000000000	0.0100000000	0.1000000000	100	100	0	0.768359
2060000	-0.6000000000	0.0100000000	0.1000000000	100	100	0	0.819520
2061000	-0.6000000000	0.0100000000	0.1000000000	100	100	0	0.847274
2062000	-0.6000000000	0.0100000000	0.1000000000	100	100	0	0.738408
2063000	-0.6000000000	0.0100000000	0.1000000000	100	100	0	0.850315
2064000	-0.6000000000	0.0100000000	0.1000000000	100	100	0	0.838571
2065000	-0.6000000000	0.0100000000	0.1000000000	100	100	0	0.695118
2066000	-0.6000000000	0.0100000000	0.1000000000	100	100	0	0.835649
2067000	-0.6000000000	0.0100000000	0.1000000000	100	100	0	0.917446
2068000	-0.6000000000	0.0100000000	0.1000000000	100	100	0	0.724098
2069000	-0.6000000000	0.0100000000	0.1000000000	100	100	0	0.763344
2070000	-0.6000000000	0.0100000000	0.1000000000	100	100	0	0.752176
2071000	-0.6000000000	0.0100000000	0.1000000000	100	100	0	0.815702
2072000	-0.6000000000	0.0100000000	0.1000000000	100	100	0	0.772928
2073000	-0.6000000000	0.0100000000	0.1000000000	100	100	0	0.824682
2074000	-0.6000000000	0.0100000000	0.1000000000	100	100	0	0.789373
2075000	-0.6000000000	0.0100000000	0.1000000000	100	100	0	0.776870
2076000	-0.6000000000	0.0100000000	0.1000000000	100	100	0	0.794003
2077000	-0.6000000000	0.0100000000	0.1000000000	100	100	0	0.815493
2078000	-0.6000000000	0.0100000000	0.1000000000	100	100	0	0.712950
2079000	-0.6000000000	0.0100000000	0.1000000000	100	100	0	0.830928
2080000	-0.6000000000	0.0100000000	0.1000000000	100	100	0	0.835046
2081000	-0.6000000000	0.0100000000	0.1000000000	100	100	0	0.748488
2082000	-0.6000000000	0.0100000000	0.1000000000	100	100	0	0.840713
2083000	-0.6000000000	0.0100000000	0.1000000000	100	100	0	0.800576
2084000	-0.6000000000	0.0100000000	0.1000000000	100	100	0	0.824225
2085000	-0.6000000000	0.0100000000	0.1000000000	100	100	0	0.900252
2086000	-0.6000000000	0.0100000000	0.1000000000	100	100	0	0.807784
2087000	-0.6000000000	0.0100000000	0.1000000000	100	100	0	0.798227
2088000	-0.6000000000	0.0100000000	0.1000000000	100	100	0	0.795750
2089000	-0.6000000000	0.0100000000	0.1000000000	100	100	0	0.767327
2090000	-0.6000000000	0.0100000000	0.1000000000	100	100	0	0.834414
2091000	-0.6000000000	0.0100000000	0.1000000000	100	100	0	0.830561
2092000	-0.6000000000	0.0100000000	0.1000000000	100	100	0	0.823698
2093000	-0.6000000000	0.0100000000	0.1000000000	100	100	0	0.794128
2094000	-0.6000000000	0.0100000000	0.1000000000	100	100	0	0.853337
2095000	-0.6000000000	0.0100000000	0.1000000000	100	100	0	0.813861
2096000	-0.6000000000	0.0100000000	0.1000000000	100	100	0	0.803541
2097000	-0.6000000000	0.0100000000	0.1000000000	100	100	0	0.818904
2098000	-0.6000000000	0.0100000000	0.1000000000	100	100	0	0.858297
2099000	-0.6000000000	0.0100000000	0.1000000000	100	100	0	0.783990
2100000	-0.6000000000	0.0100000000	0.1000000000	100	100	0	0.839171
2101000	-0.6000000000	0.0100000000	0.1000000000	100	100	0	0.758733
2102000	-0.6000000000	0.0100000000	0.1000000000	100	100	0	0.776858
2103000	-0.6000000000	0.0100000000	0.1000000000	100	100	0	0.807346
2104000	-0.6000000000	0.0100000000	0.1000000000	100	100	0	0.817778
2105000	-0.6000000000	0.0100000000	0.1000000000	100	100	0	0.812348
2106000	-0.6000000000	0.0100000000	0.1000000000	100	100	0	0.861790
2107000	-0.6000000000	0.0100000000	0.1000000000	100	100	0	0.769015
2108000	-0.6000000000	0.0100000000	0.1000000000	100	100	0	0.782171
2109000	-0.6000000000	0.0100000000	0.1000000000	100	100	0	0.799859
2110000	-0.6000000000	0.0100000000	0.1000000000	100	100	0	0.807109
2111000	-0.6000000000	0.0100000000	0.1000000000	100	100	0	0.894288
2112000	-0.6000000000	0.0100000000	0.1000000000	100	100	0	0.788475
2113000	-0.6000000000	0.0100000000	0.1000000000	100	100	0	0.799027
2114000	-0.6000000000	0.0100000000	0.1000000000	100	100	0	0.815056
2115000	-0.6000000000	0.0100000000	0.1000000000	100	100	0	0.753277
2116000	-0.6000000000	0.0100000000	0.1000000000	100	100	0	0.804188
2117000	-0.6000000000	0.0100000000	0.1000000000	100	100	0	0.742770
2118000	-0.6000000000	0.0100000000	0.1000000000	100	100	0	0.659932
2119000	-0.6000000000	0.0100000000	0.1000000000	100	100	0	0.778822
2120000	-0.6000000000	0.0100000000	0.1000000000	100	100	0	0.853949
2121000	-0.6000000000	0.0100000000	0.1000000000	100	100	0	0.802568
2122000	-0.6000000000	0.0100000000	0.1000000000	100	100	0	0.868083
2123000	-0.6000000000	0.0100000000	0.1000000000	100	100	0	0.782814
2124000	-0.6000000000	0.0100000000	0.1000000000	100	100	0	0.856171
2125000	-0.6000000000	0.0100000000	0.1000000000	100	100	0	0.814972
2126000	-0.6000000000	0.0100000000	0.1000000000	100	100	0	0.826014
2127000	-0.6000000000	0.0100000000	0.1000000000	100	100	0	0.855326
2128000	-0.6000000000	0.0100000000	0.1000000000	100	100	0	0.797461
2129000	-0.6000000000	0.0100000000	0.1000000000	100	100	0	0.808378
2130000	-0.6000000000	0.0100000000	0.1000000000	100	100	0	0.752375
2131000	-0.6000000000	0.0100000000	0.1000000000	100	100	0	0.878814
2132000	-0.6000000000	0.0100000000	0.1000000000	100	100	0	0.783265
2133000	-0.6000000000	0.0100000000	0.1000000000	100	100	0	0.798892
2134000	-0.6000000000	0.0100000000	0.1000000000	100	100	0	0.854225
2135000	-0.6000000000	0.0100000000	0.1000000000	100	100	0	0.836538
2136000	-0.6000000000	0.0100000000	0.1000000000	100	100	0	0.764035
2137000	-0.6000000000	0.0100000000	0.1000000000	100	100	0	0.763160
2138000	-0.6000000000	0.0100000000	0.1000000000	100	100	0	0.812334
2139000	-0.6000000000	0.0100000000	0.1000000000	100	100	0	0.861759
2140000	-0.6000000000	0.0100000000	0.1000000000	100	100	0	0.825082
2141000	-0.6000000000	0.0100000000	0.1000000000	100	100	0	0.766351
2142000	-0.6000000000	0.0100000000	0.1000000000	100	100	0	0.798816
2143000	-0.6000000000	0.0100000000	0.1000000000	100	100	0	0.735322
2144000	-0.6000000000	0.0100000000	0.1000000000	100	100	0	0.787186
2145000	-0.6000000000	0.0100000000	0.1000000000	100	100	0	0.844856
2146000	-0.6000000000	0.0100000000	0.1000000000	100	100	0	0.804013
2147000	-0.6000000000	0.0100000000	0.1000000000	100	100	0	0.866018
2148000	-0.6000000000	0.0100000000	0.1000000000	100	100	0	0.825900
2149000	-0.6000000000	0.0100000000	0.1000000000	100	100	0	0.828187
2150000	-0.6000000000	0.0100000000	0.1000000000	100	100	0	0.750419
2151000	-0.6000000000	0.0100000000	0.1000000000	100	100	0	0.817269
2152000	-0.6000000000	0.0100000000	0.1000000000	100	100	0	0.829130
2153000	-0.6000000000	0.0100000000	0.1000000000	100	100	0	0.738648
2154000	-0.6000000000	0.0100000000	0.1000000000	100	100	0	0.819690
2155000	-0.6000000000	0.0100000000	0.1000000000	100	100	0	0.766422
2156000	-0.6000000000	0.0100000000	0.1000000000	100	100	0	0.781253
2157000	-0.6000000000	0.0100000000	0.1000000000	100	100	0	0.826657
2158000	-0.6000000000	0.0100000000	0.1000000000	100	100	0	0.769697
2159000	-0.6000000000	0.0100000000	0.1000000000	100	100	0	0.840368
2160000	-0.6000000000	0.0100000000	0.1000000000	100	100	0	0.911972
2161000	-0.6000000000	0.0100000000	0.1000000000	100	100	0	0.844457
2162000	-0.6000000000	0.0100000000	0.1000000000	100	100	0	0.760429
2163000	-0.6000000000	0.0100000000	0.1000000000	100	100	0	0.852448
2164000	-0.6000000000	0.0100000000	0.1000000000	100	100	0	0.817889
2165000	-0.6000000000	0.0100000000	0.1000000000	100	100	0	0.693411
2166000	-0.6000000000	0.0100000000	0.1000000000	100	100	0	0.789174
2167000	-0.6000000000	0.0100000000	0.1000000000	100	100	0	0.853072
2168000	-0.6000000000	0.0100000000	0.1000000000	100	100	0	0.874364
2169000	-0.6000000000	0.0100000000	0.1000000000	100	100	0	0.761199
2170000	-0.6000000000	0.0100000000	0.1000000000	100	100	0	0.856912
2171000	-0.6000000000	0.0100000000	0.1000000000	100	100	0	0.767274
2172000	-0.6000000000	0.0100000000	0.1000000000	100	100	0	0.736060
2173000	-0.6000000000	0.0100000000	0.1000000000	100	100	0	0.767757
2174000	-0.6000000000	0.0100000000	0.1000000000	100	100	0	0.804478
2175000	-0.6000000000	0.0100000000	0.1000000000	100	100	0	0.750410
2176000	-0.6000000000	0.0100000000	0.1000000000	100	100	0	0.780455
2177000	-0.6000000000	0.0100000000	0.1000000000	100	100	0	0.815443
2178000	-0.6000000000	0.0100000000	0.1000000000	100	100	0	0.801607
2179000	-0.6000000000	0.0100000000	0.1000000000	100	100	0	0.739259
2180000	-0.6000000000	0.0100000000	0.1000000000	100	100	0	0.814266
2181000	-0.6000000000	0.0100000000	0.1000000000	100	100	0	0.931601
2182000	-0.6000000000	0.0100000000	0.1000000000	100	100	0	0.782802
2183000	-0.6000000000	0.0100000000	0.1000000000	100	100	0	0.780504
2184000	-0.6000000000	0.0100000000	0.1000000000	100	100	0	0.828984
2185000	-0.6000000000	0.0100000000	0.1000000000	100	100	0	0.845224
2186000	-0.6000000000	0.0100000000	0.1000000000	100	100	0	0.788903
2187000	-0.6000000000	0.0100000000	0.1000000000	100	100	0	0.757159
2188000	-0.6000000000	0.0100000000	0.1000000000	100	100	0	0.803507
2189000	-0.6000000000	0.0100000000	0.1000000000	100	100	0	0.768977
2190000	-0.6000000000	0.0100000000	0.1000000000	100	100	0	0.831622
2191000	-0.6000000000	0.0100000000	0.1000000000	100	100	0	0.782175
2192000	-0.6000000000	0.0100000000	0.1000000000	100	100	0	0.812730
2193000	-0.6000000000	0.0100000000	0.1000000000	100	100	0	0.881731
2194000	-0.6000000000	0.0100000000	0.1000000000	100	100	0	0.769723
2195000	-0.6000000000	0.0100000000	0.1000000000	100	100	0	0.734227
2196000	-0.6000000000	0.0100000000	0.1000000000	100	100	0	0.751059
2197000	-0.6000000000	0.0100000000	0.1000000000	100	100	0	0.821928
2198000	-0.6000000000	0.0100000000	0.1000000000	100	100	0	0.748490
2199000	-0.6000000000	0.0100000000	0.1000000000	100	100	0	0.727144
2200000	-0.6000000000	0.0100000000	0.1000000000	100	100	0	0.862768
2201000	-0.6000000000	0.0100000000	0.1000000000	100	100	0	0.787675
2202000	-0.6000000000	0.0100000000	0.1000000000	100	100	0	0.826036
2203000	-0.6000000000	0.0100000000	0.1000000000	100	100	0	0.767730
2204000	-0.6000000000	0.0100000000	0.1000000000	100	100	0	0.758328
2205000	-0.6000000000	0.0100000000	0.1000000000	100	100	0	0.766949
2206000	-0.6000000000	0.0100000000	0.1000000000	100	100	0	0.708816
2207000	-0.6000000000	0.0100000000	0.1000000000	100	100	0	0.719254
2208000	-0.6000000000	0.0100000000	0.1000000000	100	100	0	0.850974
2209000	-0.6000000000	0.0100000000	0.1000000000	100	100	0	0.859830
2210000	-0.6000000000	0.0100000000	0.1000000000	100	100	0	0.732518
2211000	-0.6000000000	0.0100000000	0.1000000000	100	100	0	0.712171
2212000	-0.6000000000	0.0100000000	0.1000000000	100	100	0	0.759605
2213000	-0.6000000000	0.0100000000	0.1000000000	100	100	0	0.779570
2214000	-0.6000000000	0.0100000000	0.1000000000	100	100	0	0.656923
2215000	-0.6000000000	0.0100000000	0.1000000000	100	100	0	0.832164
2216000	-0.6000000000	0.0100000000	0.1000000000	100	100	0	0.820176
2217000	-0.6000000000	0.0100000000	0.1000000000	100	100	0	0.815903
2218000	-0.6000000000	0.0100000000	0.1000000000	100	100	0	0.890904
2219000	-0.6000000000	0.0100000000	0.1000000000	100	100	0	0.793121
2220000	-0.6000000000	0.0100000000	0.1000000000	100	100	0	0.701897
2221000	-0.6000000000	0.0100000000	0.1000000000	100	100	0	0.795759
2222000	-0.6000000000	0.0100000000	0.1000000000	100	100	0	0.745158
2223000	-0.6000000000	0.0100000000	0.1000000000	100	100	0	0.659842
2224000	-0.6000000000	0.0100000000	0.1000000000	100	100	0	0.820180
2225000	-0.6000000000	0.0100000000	0.1000000000	100	100	0	0.900062
2226000	-0.6000000000	0.0100000000	0.1000000000	100	100	0	0.837987
2227000	-0.6000000000	0.0100000000	0.1000000000	100	100	0	0.710281
2228000	-0.6000000000	0.0100000000	0.1000000000	100	100	0	0.831742
2229000	-0.6000000000	0.0100000000	0.1000000000	100	100	0	0.768395
2230000	-0.6000000000	0.0100000000	0.1000000000	100	100	0	0.850706
2231000	-0.6000000000	0.0100000000	0.1000000000	100	100	0	0.864397
2232000	-0.6000000000	0.0100000000	0.1000000000	100	100	0	0.736615
2233000	-0.6000000000	0.0100000000	0.1000000000	100	100	0	0.825982
2234000	-0.6000000000	0.0100000000	0.1000000000	100	100	0	0.788961
2235000	-0.6000000000	0.0100000000	0.1000000000	100	100	0	0.788468
2236000	-0.6000000000	0.0100000000	0.1000000000	100	100	0	0.839862
2237000	-0.6000000000	0.0100000000	0.1000000000	100	100	0	0.839087
2238000	-0.6000000000	0.0100000000	0.1000000000	100	100	0	0.759247
2239000	-0.6000000000	0.0100000000	0.1000000000	100	100	0	0.794841
2240000	-0.6000000000	0.0100000000	0.1000000000	100	100	0	0.794259
2241000	-0.6000000000	0.0100000000	0.1000000000	100	100	0	0.889169
2242000	-0.6000000000	0.0100000000	0.1000000000	100	100	0	0.737772
2243000	-0.6000000000	0.0100000000	0.1000000000	100	100	0	0.843124
2244000	-0.6000000000	0.0100000000	0.1000000000	100	100	0	0.839891
2245000	-0.6000000000	0.0100000000	0.1000000000	100	100	0	0.861715
2246000	-0.6000000000	0.0100000000	0.1000000000	100	100	0	0.838800
2247000	-0.6000000000	0.0100000000	0.1000000000	100	100	0	0.877930
2248000	-0.6000000000	0.0100000000	0.1000000000	100	100	0	0.861346
2249000	-0.6000000000	0.0100000000	0.1000000000	100	100	0	0.766203
2250000	-0.6000000000	0.0100000000	0.1000000000	100	100	0	0.821692
2251000	-0.6000000000	0.0100000000	0.1000000000	100	100	0	0.846515
2252000	-0.6000000000	0.0100000000	0.1000000000	100	100	0	0.743754
2253000	-0.6000000000	0.0100000000	0.1000000000	100	100	0	0.688292
2254000	-0.6000000000	0.0100000000	0.1000000000	100	100	0	0.900228
2255000	-0.6000000000	0.0100000000	0.1000000000	100	100	0	0.836910
2256000	-0.6000000000	0.0100000000	0.1000000000	100	100	0	0.867753
2257000	-0.6000000000	0.0100000000	0.1000000000	100	100	0	0.801479
2258000	-0.6000000000	0.0100000000	0.1000000000	100	100	0	0.859915
2259000	-0.6000000000	0.0100000000	0.1000000000	100	100	0	0.856991
2260000	-0.6000000000	0.0100000000	0.1000000000	100	100	0	0.758716
2261000	-0.6000000000	0.0100000000	0.1000000000	100	100	0	0.780330
2262000	-0.6000000000	0.0100000000	0.1000000000	100	100	0	0.728650
2263000	-0.6000000000	0.0100000000	0.1000000000	100	100	0	0.753684
2264000	-0.6000000000	0.0100000000	0.1000000000	100	100	0	0.832978
2265000	-0.6000000000	0.0100000000	0.1000000000	100	100	0	0.748238
2266000	-0.6000000000	0.0100000000	0.1000000000	100	100	0	0.815817
2267000	-0.6000000000	0.0100000000	0.1000000000	100	100	0	0.724715
2268000	-0.6000000000	0.0100000000	0.1000000000	100	100	0	0.866927
2269000	-0.6000000000	0.0100000000	0.1000000000	100	100	0	0.801765
2270000	-0.6000000000	0.0100000000	0.1000000000	100	100	0	0.816630
2271000	-0.6000000000	0.0100000000	0.1000000000	100	100	0	0.838214
2272000	-0.6000000000	0.0100000000	0.1000000000	100	100	0	0.801392
2273000	-0.6000000000	0.0100000000	0.1000000000	100	100	0	0.867197
2274000	-0.6000000000	0.0100000000	0.1000000000	100	100	0	0.758408
2275000	-0.6000000000	0.0100000000	0.1000000000	100	100	0	0.776961
2276000	-0.6000000000	0.0100000000	0.1000000000	100	100	0	0.878093
2277000	-0.6000000000	0.0100000000	0.1000000000	100	100	0	0.768752
2278000	-0.6000000000	0.0100000000	0.1000000000	100	100	0	0.815975
2279000	-0.6000000000	0.0100000000	0.1000000000	100	100	0	0.813371
2280000	-0.6000000000	0.0100000000	0.1000000000	100	100	0	0.779243
2281000	-0.6000000000	0.0100000000	0.1000000000	100	100	0	0.758578
2282000	-0.6000000000	0.0100000000	0.1000000000	100	100	0	0.778679
2283000	-0.6000000000	0.0100000000	0.1000000000	100	100	0	0.849602
2284000	-0.6000000000	0.0100000000	0.1000000000	100	100	0	0.829905
2285000	-0.6000000000	0.0100000000	0.1000000000	100	100	0	0.794872
2286000	-0.6000000000	0.0100000000	0.1000000000	100	100	0	0.847678
2287000	-0.6000000000	0.0100000000	0.1000000000	100	100	0	0.712421
2288000	-0.6000000000	0.0100000000	0.1000000000	100	100	0	0.798203
2289000	-0.6000000000	0.0100000000	0.1000000000	100	100	0	0.807404
2290000	-0.6000000000	0.0100000000	0.1000000000	100	100	0	0.817721
2291000	-0.6000000000	0.0100000000	0.1000000000	100	100	0	0.762455
2292000	-0.6000000000	0.0100000000	0.1000000000	100	100	0	0.822757
2293000	-0.6000000000	0.0100000000	0.1000000000	100	100	0	0.774952
2294000	-0.6000000000	0.0100000000	0.1000000000	100	100	0	0.759816
2295000	-0.6000000000	0.0100000000	0.1000000000	100	100	0	0.701047
2296000	-0.6000000000	0.0100000000	0.1000000000	100	100	0	0.805884
2297000	-0.6000000000	0.0100000000	0.1000000000	100	100	0	0.857649
2298000	-0.6000000000	0.0100000000	0.1000000000	100	100	0	0.769493
2299000	-0.6000000000	0.0100000000	0.1000000000	100	100	0	0.847922
2300000	-0.6000000000	0.0100000000	0.1000000000	100	100	0	0.808577
2301000	-0.6000000000	0.0100000000	0.1000000000	100	100	0	0.710372
2302000	-0.6000000000	0.0100000000	0.1000000000	100	100	0	0.855491
2303000	-0.6000000000	0.0100000000	0.1000000000	100	100	0	0.762563
2304000	-0.6000000000	0.0100000000	0.1000000000	100	100	0	0.879143
2305000	-0.6000000000	0.0100000000	0.1000000000	100	100	0	0.894606
2306000	-0.6000000000	0.0100000000	0.1000000000	100	100	0	0.798965
2307000	-0.6000000000	0.0100000000	0.1000000000	100	100	0	0.743729
2308000	-0.6000000000	0.0100000000	0.1000000000	100	100	0	0.714898
2309000	-0.6000000000	0.0100000000	0.1000000000	100	100	0	0.760136
2310000	-0.6000000000	0.0100000000	0.1000000000	100	100	0	0.819747
2311000	-0.6000000000	0.0100000000	0.1000000000	100	100	0	0.611361
2312000	-0.6000000000	0.0100000000	0.1000000000	100	100	0	0.822433
2313000	-0.6000000000	0.0100000000	0.1000000000	100	100	0	0.714523
2314000	-0.6000000000	0.0100000000	0.1000000000	100	100	0	0.827516
2315000	-0.6000000000	0.0100000000	0.1000000000	100	100	0	0.757118
2316000	-0.6000000000	0.0100000000	0.1000000000	100	100	0	0.752681
2317000	-0.6000000000	0.0100000000	0.1000000000	100	100	0	0.774063
2318000	-0.6000000000	0.0100000000	0.1000000000	100	100	0	0.890141
2319000	-0.6000000000	0.0100000000	0.1000000000	100	100	0	0.769113
2320000	-0.6000000000	0.0100000000	0.1000000000	100	100	0	0.806642
2321000	-0.6000000000	0.0100000000	0.1000000000	100	100	0	0.840657
2322000	-0.6000000000	0.0100000000	0.1000000000	100	100	0	0.788055
2323000	-0.6000000000	0.0100000000	0.1000000000	100	100	0	0.845639
2324000	-0.6000000000	0.0100000000	0.1000000000	100	100	0	0.774832
2325000	-0.6000000000	0.0100000000	0.1000000000	100	100	0	0.794894
2326000	-0.6000000000	0.0100000000	0.1000000000	100	100	0	0.806796
2327000	-0.6000000000	0.0100000000	0.1000000000	100	100	0	0.796668
2328000	-0.6000000000	0.0100000000	0.1000000000	100	100	0	0.739618
2329000	-0.6000000000	0.0100000000	0.1000000000	100	100	0	0.850876
2330000	-0.6000000000	0.0100000000	0.1000000000	100	100	0	0.812300
2331000	-0.6000000000	0.0100000000	0.1000000000	100	100	0	0.889497
2332000	-0.6000000000	0.0100000000	0.1000000000	100	100	0	0.783695
2333000	-0.6000000000	0.0100000000	0.1000000000	100	100	0	0.815648
2334000	-0.6000000000	0.0100000000	0.1000000000	100	100	0	0.826075
2335000	-0.6000000000	0.0100000000	0.1000000000	100	100	0	0.772701
2336000	-0.6000000000	0.0100000000	0.1000000000	100	100	0	0.771732
2337000	-0.6000000000	0.0100000000	0.1000000000	100	100	0	0.708758
2338000	-0.6000000000	0.0100000000	0.1000000000	100	100	0	0.716309
2339000	-0.6000000000	0.0100000000	0.1000000000	100	100	0	0.774791
2340000	-0.6000000000	0.0100000000	0.1000000000	100	100	0	0.788671
2341000	-0.6000000000	0.0100000000	0.1000000000	100	100	0	0.825544
2342000	-0.6000000000	0.0100000000	0.1000000000	100	100	0	0.854076
2343000	-0.6000000000	0.0100000000	0.1000000000	100	100	0	0.803775
2344000	-0.6000000000	0.0100000000	0.1000000000	100	100	0	0.821265
2345000	-0.6000000000	0.0100000000	0.1000000000	100	100	0	0.730332
2346000	-0.6000000000	0.0100000000	0.1000000000	100	100	0	0.826874
2347000	-0.6000000000	0.0100000000	0.1000000000	100	100	0	0.790082
2348000	-0.6000000000	0.0100000000	0.1000000000	100	100	0	0.831901
2349000	-0.6000000000	0.0100000000	0.1000000000	100	100	0	0.727160
2350000	-0.6000000000	0.0100000000	0.1000000000	100	100	0	0.816274
2351000	-0.6000000000	0.0100000000	0.1000000000	100	100	0	0.838865
2352000	-0.6000000000	0.0100000000	0.1000000000	100	100	0	0.842662
2353000	-0.6000000000	0.0100000000	0.1000000000	100	100	0	0.874705
2354000	-0.6000000000	0.0100000000	0.1000000000	100	100	0	0.884434
2355000	-0.6000000000	0.0100000000	0.1000000000	100	100	0	0.731545
2356000	-0.6000000000	0.0100000000	0.1000000000	100	100	0	0.857054
2357000	-0.6000000000	0.0100000000	0.1000000000	100	100	0	0.778283
2358000	-0.6000000000	0.0100000000	0.1000000000	100	100	0	0.814088
2359000	-0.6000000000	0.0100000000	0.1000000000	100	100	0	0.682392
2360000	-0.6000000000	0.0100000000	0.1000000000	100	100	0	0.861727
2361000	-0.6000000000	0.0100000000	0.1000000000	100	100	0	0.775206
2362000	-0.6000000000	0.0100000000	0.1000000000	100	100	0	0.877215
2363000	-0.6000000000	0.0100000000	0.1000000000	100	100	0	0.711621
2364000	-0.6000000000	0.0100000000	0.1000000000	100	100	0	0.800319
2365000	-0.6000000000	0.0100000000	0.1000000000	100	100	0	0.729200
2366000	-0.6000000000	0.0100000000	0.1000000000	100	100	0	0.847282
2367000	-0.6000000000	0.0100000000	0.1000000000	100	100	0	0.746447
2368000	-0.6000000000	0.0100000000	0.1000000000	100	100	0	0.837797
2369000	-0.6000000000	0.0100000000	0.1000000000	100	100	0	0.793397
2370000	-0.6000000000	0.0100000000	0.1000000000	100	100	0	0.774659
2371000	-0.6000000000	0.0100000000	0.1000000000	100	100	0	0.726931
2372000	-0.6000000000	0.0100000000	0.1000000000	100	100	0	0.791945
2373000	-0.6000000000	0.0100000000	0.1000000000	100	100	0	0.856895
2374000	-0.6000000000	0.0100000000	0.1000000000	100	100	0	0.829794
2375000	-0.6000000000	0.0100000000	0.1000000000	100	100	0	0.750034
2376000	-0.6000000000	0.0100000000	0.1000000000	100	100	0	0.803627
2377000	-0.6000000000	0.0100000000	0.1000000000	100	100	0	0.861977
2378000	-0.6000000000	0.0100000000	0.1000000000	100	100	0	0.801976
2379000	-0.6000000000	0.0100000000	0.1000000000	100	100	0	0.798618
2380000	-0.6000000000	0.0100000000	0.1000000000	100	100	0	0.808283
2381000	-0.6000000000	0.0100000000	0.1000000000	100	100	0	0.792703
2382000	-0.6000000000	0.0100000000	0.1000000000	100	100	0	0.817793
2383000	-0.6000000000	0.0100000000	0.1000000000	100	100	0	0.844777
2384000	-0.6000000000	0.0100000000	0.1000000000	100	100	0	0.712987
2385000	-0.6000000000	0.0100000000	0.1000000000	100	100	0	0.909170
2386000	-0.6000000000	0.0100000000	0.1000000000	100	100	0	0.787932
2387000	-0.6000000000	0.0100000000	0.1000000000	100	100	0	0.797496
2388000	-0.6000000000	0.0100000000	0.1000000000	100	100	0	0.774361
2389000	-0.6000000000	0.0100000000	0.1000000000	100	100	0	0.790750
2390000	-0.6000000000	0.0100000000	0.1000000000	100	100	0	0.798481
2391000	-0.6000000000	0.0100000000	0.1000000000	100	100	0	0.837883
2392000	-0.6000000000	0.0100000000	0.1000000000	100	100	0	0.857398
2393000	-0.6000000000	0.0100000000	0.1000000000	100	100	0	0.799387
2394000	-0.6000000000	0.0100000000	0.1000000000	100	100	0	0.649815
2395000	-0.6000000000	0.0100000000	0.1000000000	100	100	0	0.851454
2396000	-0.6000000000	0.0100000000	0.1000000000	100	100	0	0.830777
2397000	-0.6000000000	0.0100000000	0.1000000000	100	100	0	0.720966
2398000	-0.6000000000	0.0100000000	0.1000000000	100	100	0	0.764442
2399000	-0.6000000000	0.0100000000	0.1000000000	100	100	0	0.824081
2400000	-0.6000000000	0.0100000000	0.1000000000	100	100	0	0.777825
2401000	-0.6000000000	0.0100000000	0.1000000000	100	100	0	0.793917
2402000	-0.6000000000	0.0100000000	0.1000000000	100	100	0	0.766338
2403000	-0.6000000000	0.0100000000	0.1000000000	100	100	0	0.861845
2404000	-0.6000000000	0.0100000000	0.1000000000	100	100	0	0.815110
2405000	-0.6000000000	0.0100000000	0.1000000000	100	100	0	0.708732
2406000	-0.6000000000	0.0100000000	0.1000000000	100	100	0	0.729854
2407000	-0.6000000000	0.0100000000	0.1000000000	100	100	0	0.841454
2408000	-0.6000000000	0.0100000000	0.1000000000	100	100	0	0.792931
2409000	-0.6000000000	0.0100000000	0.1000000000	100	100	0	0.799176
2410000	-0.6000000000	0.0100000000	0.1000000000	100	100	0	0.815431
2411000	-0.6000000000	0.0100000000	0.1000000000	100	100	0	0.819736
2412000	-0.6000000000	0.0100000000	0.1000000000	100	100	0	0.817150
2413000	-0.6000000000	0.0100000000	0.1000000000	100	100	0	0.780259
2414000	-0.6000000000	0.0100000000	0.1000000000	100	100	0	0.785475
2415000	-0.6000000000	0.0100000000	0.1000000000	100	100	0	0.748461
2416000	-0.6000000000	0.0100000000	0.1000000000	100	100	0	0.888197
2417000	-0.6000000000	0.0100000000	0.1000000000	100	100	0	0.833375
2418000	-0.6000000000	0.0100000000	0.1000000000	100	100	0	0.781477
2419000	-0.6000000000	0.0100000000	0.1000000000	100	100	0	0.767020
2420000	-0.6000000000	0.0100000000	0.1000000000	100	100	0	0.740355
2421000	-0.6000000000	0.0100000000	0.1000000000	100	100	0	0.758746
2422000	-0.6000000000	0.0100000000	0.1000000000	100	100	0	0.736704
2423000	-0.6000000000	0.0100000000	0.1000000000	100	100	0	0.750471
2424000	-0.6000000000	0.0100000000	0.1000000000	100	100	0	0.775849
2425000	-0.6000000000	0.0100000000	0.1000000000	100	100	0	0.725305
2426000	-0.6000000000	0.0100000000	0.1000000000	100	100	0	0.775398
2427000	-0.6000000000	0.0100000000	0.1000000000	100	100	0	0.772463
2428000	-0.6000000000	0.0100000000	0.1000000000	100	100	0	0.826965
2429000	-0.6000000000	0.0100000000	0.1000000000	100	100	0	0.831049
2430000	-0.6000000000	0.0100000000	0.1000000000	100	100	0	0.802639
2431000	-0.6000000000	0.0100000000	0.1000000000	100	100	0	0.793621
2432000	-0.6000000000	0.0100000000	0.1000000000	100	100	0	0.787333
2433000	-0.6000000000	0.0100000000	0.1000000000	100	100	0	0.795588
2434000	-0.6000000000	0.0100000000	0.1000000000	100	100	0	0.788634
2435000	-0.6000000000	0.0100000000	0.1000000000	100	100	0	0.817734
2436000	-0.6000000000	0.0100000000	0.1000000000	100	100	0	0.756891
2437000	-0.6000000000	0.0100000000	0.1000000000	100	100	0	0.774127
2438000	-0.6000000000	0.0100000000	0.1000000000	100	100	0	0.767403
2439000	-0.6000000000	0.0100000000	0.1000000000	100	100	0	0.842910
2440000	-0.6000000000	0.0100000000	0.1000000000	100	100	0	0.778362
2441000	-0.6000000000	0.0100000000	0.1000000000	100	100	0	0.775303
2442000	-0.6000000000	0.0100000000	0.1000000000	100	100	0	0.722338
2443000	-0.6000000000	0.0100000000	0.1000000000	100	100	0	0.797138
2444000	-0.6000000000	0.0100000000	0.1000000000	100	100	0	0.791826
2445000	-0.6000000000	0.0100000000	0.1000000000	100	100	0	0.782964
2446000	-0.6000000000	0.0100000000	0.1000000000	100	100	0	0.823044
2447000	-0.6000000000	0.0100000000	0.1000000000	100	100	0	0.816781
2448000	-0.6000000000	0.0100000000	0.1000000000	100	100	0	0.818747
2449000	-0.6000000000	0.0100000000	0.1000000000	100	100	0	0.793345
2450000	-0.6000000000	0.0100000000	0.1000000000	100	100	0	0.726486
2451000	-0.6000000000	0.0100000000	0.1000000000	100	100	0	0.814615
2452000	-0.6000000000	0.0100000000	0.1000000000	100	100	0	0.753988
2453000	-0.6000000000	0.0100000000	0.1000000000	100	100	0	0.753608
2454000	-0.6000000000	0.0100000000	0.1000000000	100	100	0	0.864854
2455000	-0.6000000000	0.0100000000	0.1000000000	100	100	0	0.811117
2456000	-0.6000000000	0.0100000000	0.1000000000	100	100	0	0.819543
2457000	-0.6000000000	0.0100000000	0.1000000000	100	100	0	0.700412
2458000	-0.6000000000	0.0100000000	0.1000000000	100	100	0	0.807261
2459000	-0.6000000000	0.0100000000	0.1000000000	100	100	0	0.841286
2460000	-0.6000000000	0.0100000000	0.1000000000	100	100	0	0.770924
2461000	-0.6000000000	0.0100000000	0.1000000000	100	100	0	0.807873
2462000	-0.6000000000	0.0100000000	0.1000000000	100	100	0	0.827618
2463000	-0.6000000000	0.0100000000	0.1000000000	100	100	0	0.791647
2464000	-0.6000000000	0.0100000000	0.1000000000	100	100	0	0.707421
2465000	-0.6000000000	0.0100000000	0.1000000000	100	100	0	0.854508
2466000	-0.6000000000	0.0100000000	0.1000000000	100	100	0	0.771857
2467000	-0.6000000000	0.0100000000	0.1000000000	100	100	0	0.805983
2468000	-0.6000000000	0.0100000000	0.1000000000	100	100	0	0.843887
2469000	-0.6000000000	0.0100000000	0.1000000000	100	100	0	0.715874
2470000	-0.6000000000	0.0100000000	0.1000000000	100	100	0	0.805149
2471000	-0.6000000000	0.0100000000	0.1000000000	100	100	0	0.808814
2472000	-0.6000000000	0.0100000000	0.1000000000	100	100	0	0.832959
2473000	-0.6000000000	0.0100000000	0.1000000000	100	100	0	0.848327
2474000	-0.6000000000	0.0100000000	0.1000000000	100	100	0	0.733187
2475000	-0.6000000000	0.0100000000	0.1000000000	100	100	0	0.702343
2476000	-0.6000000000	0.0100000000	0.1000000000	100	100	0	0.837534
2477000	-0.6000000000	0.0100000000	0.1000000000	100	100	0	0.790066
2478000	-0.6000000000	0.0100000000	0.1000000000	100	100	0	0.804646
2479000	-0.6000000000	0.0100000000	0.1000000000	100	100	0	0.767521
2480000	-0.6000000000	0.0100000000	0.1000000000	100	100	0	0.820550
2481000	-0.6000000000	0.0100000000	0.1000000000	100	100	0	0.902444
2482000	-0.6000000000	0.0100000000	0.1000000000	100	100	0	0.746395
2483000	-0.6000000000	0.0100000000	0.1000000000	100	100	0	0.822391
2484000	-0.6000000000	0.0100000000	0.1000000000	100	100	0	0.809499
2485000	-0.6000000000	0.0100000000	0.1000000000	100	100	0	0.703676
2486000	-0.6000000000	0.0100000000	0.1000000000	100	100	0	0.869699
2487000	-0.6000000000	0.0100000000	0.1000000000	100	100	0	0.785043
2488000	-0.6000000000	0.0100000000	0.1000000000	100	100	0	0.850464
2489000	-0.6000000000	0.0100000000	0.1000000000	100	100	0	0.764627
2490000	-0.6000000000	0.0100000000	0.1000000000	100	100	0	0.729905
2491000	-0.6000000000	0.0100000000	0.1000000000	100	100	0	0.835365
2492000	-0.6000000000	0.0100000000	0.1000000000	100	100	0	0.772454
2493000	-0.6000000000	0.0100000000	0.1000000000	100	100	0	0.883283
2494000	-0.6000000000	0.0100000000	0.1000000000	100	100	0	0.833465
2495000	-0.6000000000	0.0100000000	0.1000000000	100	100	0	0.838894
2496000	-0.6000000000	0.0100000000	0.1000000000	100	100	0	0.757611
2497000	-0.6000000000	0.0100000000	0.1000000000	100	100	0	0.785500
2498000	-0.6000000000	0.0100000000	0.1000000000	100	100	0	0.862929
2499000	-0.6000000000	0.0100000000	0.1000000000	100	100	0	0.887474
2500000	-0.6000000000	0.0100000000	0.1000000000	100	100	0	0.772160
