time	epistasis_coef	sel_coef	mu_prob	Ne	L	k_start	mean_fitness
1500000	-0.2000000000	0.0100000000	0.0010000000	100	100	0	0.946606
1501000	-0.2000000000	0.0100000000	0.0010000000	100	100	0	0.947978
1502000	-0.2000000000	0.0100000000	0.0010000000	100	100	0	0.948283
1503000	-0.2000000000	0.0100000000	0.0010000000	100	100	0	0.948436
1504000	-0.2000000000	0.0100000000	0.0010000000	100	100	0	0.948588
1505000	-0.2000000000	0.0100000000	0.0010000000	100	100	0	0.948588
1506000	-0.2000000000	0.0100000000	0.0010000000	100	100	0	0.948588
1507000	-0.2000000000	0.0100000000	0.0010000000	100	100	0	0.932715
1508000	-0.2000000000	0.0100000000	0.0010000000	100	100	0	0.929748
1509000	-0.2000000000	0.0100000000	0.0010000000	100	100	0	0.932715
1510000	-0.2000000000	0.0100000000	0.0010000000	100	100	0	0.932871
1511000	-0.2000000000	0.0100000000	0.0010000000	100	100	0	0.933339
1512000	-0.2000000000	0.0100000000	0.0010000000	100	100	0	0.932090
1513000	-0.2000000000	0.0100000000	0.0010000000	100	100	0	0.933339
1514000	-0.2000000000	0.0100000000	0.0010000000	100	100	0	0.932559
1515000	-0.2000000000	0.0100000000	0.0010000000	100	100	0	0.933183
1516000	-0.2000000000	0.0100000000	0.0010000000	100	100	0	0.928655
1517000	-0.2000000000	0.0100000000	0.0010000000	100	100	0	0.933339
1518000	-0.2000000000	0.0100000000	0.0010000000	100	100	0	0.932715
1519000	-0.2000000000	0.0100000000	0.0010000000	100	100	0	0.933183
1520000	-0.2000000000	0.0100000000	0.0010000000	100	100	0	0.933339
1521000	-0.2000000000	0.0100000000	0.0010000000	100	100	0	0.933339
1522000	-0.2000000000	0.0100000000	0.0010000000	100	100	0	0.930841
1523000	-0.2000000000	0.0100000000	0.0010000000	100	100	0	0.933339
1524000	-0.2000000000	0.0100000000	0.0010000000	100	100	0	0.932559
1525000	-0.2000000000	0.0100000000	0.0010000000	100	100	0	0.933339
1526000	-0.2000000000	0.0100000000	0.0010000000	100	100	0	0.933339
1527000	-0.2000000000	0.0100000000	0.0010000000	100	100	0	0.933183
1528000	-0.2000000000	0.0100000000	0.0010000000	100	100	0	0.933339
1529000	-0.2000000000	0.0100000000	0.0010000000	100	100	0	0.948436
1530000	-0.2000000000	0.0100000000	0.0010000000	100	100	0	0.948588
1531000	-0.2000000000	0.0100000000	0.0010000000	100	100	0	0.948588
1532000	-0.2000000000	0.0100000000	0.0010000000	100	100	0	0.948588
1533000	-0.2000000000	0.0100000000	0.0010000000	100	100	0	0.948283
1534000	-0.2000000000	0.0100000000	0.0010000000	100	100	0	0.948588
1535000	-0.2000000000	0.0100000000	0.0010000000	100	100	0	0.944471
1536000	-0.2000000000	0.0100000000	0.0010000000	100	100	0	0.948588
1537000	-0.2000000000	0.0100000000	0.0010000000	100	100	0	0.948588
1538000	-0.2000000000	0.0100000000	0.0010000000	100	100	0	0.948588
1539000	-0.2000000000	0.0100000000	0.0010000000	100	100	0	0.946758
1540000	-0.2000000000	0.0100000000	0.0010000000	100	100	0	0.948588
1541000	-0.2000000000	0.0100000000	0.0010000000	100	100	0	0.945996
1542000	-0.2000000000	0.0100000000	0.0010000000	100	100	0	0.933339
1543000	-0.2000000000	0.0100000000	0.0010000000	100	100	0	0.948131
1544000	-0.2000000000	0.0100000000	0.0010000000	100	100	0	0.948436
1545000	-0.2000000000	0.0100000000	0.0010000000	100	100	0	0.948588
1546000	-0.2000000000	0.0100000000	0.0010000000	100	100	0	0.963318
1547000	-0.2000000000	0.0100000000	0.0010000000	100	100	0	0.963318
1548000	-0.2000000000	0.0100000000	0.0010000000	100	100	0	0.948436
1549000	-0.2000000000	0.0100000000	0.0010000000	100	100	0	0.946911
1550000	-0.2000000000	0.0100000000	0.0010000000	100	100	0	0.948588
1551000	-0.2000000000	0.0100000000	0.0010000000	100	100	0	0.948436
1552000	-0.2000000000	0.0100000000	0.0010000000	100	100	0	0.948283
1553000	-0.2000000000	0.0100000000	0.0010000000	100	100	0	0.944471
1554000	-0.2000000000	0.0100000000	0.0010000000	100	100	0	0.948588
1555000	-0.2000000000	0.0100000000	0.0010000000	100	100	0	0.944471
1556000	-0.2000000000	0.0100000000	0.0010000000	100	100	0	0.934102
1557000	-0.2000000000	0.0100000000	0.0010000000	100	100	0	0.933339
1558000	-0.2000000000	0.0100000000	0.0010000000	100	100	0	0.917407
1559000	-0.2000000000	0.0100000000	0.0010000000	100	100	0	0.930529
1560000	-0.2000000000	0.0100000000	0.0010000000	100	100	0	0.931622
1561000	-0.2000000000	0.0100000000	0.0010000000	100	100	0	0.933183
1562000	-0.2000000000	0.0100000000	0.0010000000	100	100	0	0.933183
1563000	-0.2000000000	0.0100000000	0.0010000000	100	100	0	0.933789
1564000	-0.2000000000	0.0100000000	0.0010000000	100	100	0	0.933339
1565000	-0.2000000000	0.0100000000	0.0010000000	100	100	0	0.948436
1566000	-0.2000000000	0.0100000000	0.0010000000	100	100	0	0.962876
1567000	-0.2000000000	0.0100000000	0.0010000000	100	100	0	0.962434
1568000	-0.2000000000	0.0100000000	0.0010000000	100	100	0	0.933339
1569000	-0.2000000000	0.0100000000	0.0010000000	100	100	0	0.929748
1570000	-0.2000000000	0.0100000000	0.0010000000	100	100	0	0.932715
1571000	-0.2000000000	0.0100000000	0.0010000000	100	100	0	0.933027
1572000	-0.2000000000	0.0100000000	0.0010000000	100	100	0	0.933644
1573000	-0.2000000000	0.0100000000	0.0010000000	100	100	0	0.933027
1574000	-0.2000000000	0.0100000000	0.0010000000	100	100	0	0.931309
1575000	-0.2000000000	0.0100000000	0.0010000000	100	100	0	0.933339
1576000	-0.2000000000	0.0100000000	0.0010000000	100	100	0	0.948588
1577000	-0.2000000000	0.0100000000	0.0010000000	100	100	0	0.948588
1578000	-0.2000000000	0.0100000000	0.0010000000	100	100	0	0.960666
1579000	-0.2000000000	0.0100000000	0.0010000000	100	100	0	0.961845
1580000	-0.2000000000	0.0100000000	0.0010000000	100	100	0	0.963318
1581000	-0.2000000000	0.0100000000	0.0010000000	100	100	0	0.963318
1582000	-0.2000000000	0.0100000000	0.0010000000	100	100	0	0.963318
1583000	-0.2000000000	0.0100000000	0.0010000000	100	100	0	0.975612
1584000	-0.2000000000	0.0100000000	0.0010000000	100	100	0	0.973237
1585000	-0.2000000000	0.0100000000	0.0010000000	100	100	0	0.963318
1586000	-0.2000000000	0.0100000000	0.0010000000	100	100	0	0.963318
1587000	-0.2000000000	0.0100000000	0.0010000000	100	100	0	0.963170
1588000	-0.2000000000	0.0100000000	0.0010000000	100	100	0	0.946149
1589000	-0.2000000000	0.0100000000	0.0010000000	100	100	0	0.944624
1590000	-0.2000000000	0.0100000000	0.0010000000	100	100	0	0.948283
1591000	-0.2000000000	0.0100000000	0.0010000000	100	100	0	0.931934
1592000	-0.2000000000	0.0100000000	0.0010000000	100	100	0	0.933183
1593000	-0.2000000000	0.0100000000	0.0010000000	100	100	0	0.930216
1594000	-0.2000000000	0.0100000000	0.0010000000	100	100	0	0.930685
1595000	-0.2000000000	0.0100000000	0.0010000000	100	100	0	0.933027
1596000	-0.2000000000	0.0100000000	0.0010000000	100	100	0	0.933339
1597000	-0.2000000000	0.0100000000	0.0010000000	100	100	0	0.963318
1598000	-0.2000000000	0.0100000000	0.0010000000	100	100	0	0.963318
1599000	-0.2000000000	0.0100000000	0.0010000000	100	100	0	0.959046
1600000	-0.2000000000	0.0100000000	0.0010000000	100	100	0	0.977288
1601000	-0.2000000000	0.0100000000	0.0010000000	100	100	0	0.977288
1602000	-0.2000000000	0.0100000000	0.0010000000	100	100	0	0.990050
1603000	-0.2000000000	0.0100000000	0.0010000000	100	100	0	0.990050
1604000	-0.2000000000	0.0100000000	0.0010000000	100	100	0	0.990050
1605000	-0.2000000000	0.0100000000	0.0010000000	100	100	0	0.989795
1606000	-0.2000000000	0.0100000000	0.0010000000	100	100	0	0.961108
1607000	-0.2000000000	0.0100000000	0.0010000000	100	100	0	0.947826
1608000	-0.2000000000	0.0100000000	0.0010000000	100	100	0	0.948588
1609000	-0.2000000000	0.0100000000	0.0010000000	100	100	0	0.948588
1610000	-0.2000000000	0.0100000000	0.0010000000	100	100	0	0.933339
1611000	-0.2000000000	0.0100000000	0.0010000000	100	100	0	0.933339
1612000	-0.2000000000	0.0100000000	0.0010000000	100	100	0	0.933027
1613000	-0.2000000000	0.0100000000	0.0010000000	100	100	0	0.933339
1614000	-0.2000000000	0.0100000000	0.0010000000	100	100	0	0.917724
1615000	-0.2000000000	0.0100000000	0.0010000000	100	100	0	0.916613
1616000	-0.2000000000	0.0100000000	0.0010000000	100	100	0	0.917566
1617000	-0.2000000000	0.0100000000	0.0010000000	100	100	0	0.917724
1618000	-0.2000000000	0.0100000000	0.0010000000	100	100	0	0.917090
1619000	-0.2000000000	0.0100000000	0.0010000000	100	100	0	0.917566
1620000	-0.2000000000	0.0100000000	0.0010000000	100	100	0	0.917724
1621000	-0.2000000000	0.0100000000	0.0010000000	100	100	0	0.926000
1622000	-0.2000000000	0.0100000000	0.0010000000	100	100	0	0.933183
1623000	-0.2000000000	0.0100000000	0.0010000000	100	100	0	0.933027
1624000	-0.2000000000	0.0100000000	0.0010000000	100	100	0	0.948588
1625000	-0.2000000000	0.0100000000	0.0010000000	100	100	0	0.962729
1626000	-0.2000000000	0.0100000000	0.0010000000	100	100	0	0.977288
1627000	-0.2000000000	0.0100000000	0.0010000000	100	100	0	0.977288
1628000	-0.2000000000	0.0100000000	0.0010000000	100	100	0	0.977009
1629000	-0.2000000000	0.0100000000	0.0010000000	100	100	0	0.977288
1630000	-0.2000000000	0.0100000000	0.0010000000	100	100	0	0.975472
1631000	-0.2000000000	0.0100000000	0.0010000000	100	100	0	0.973376
1632000	-0.2000000000	0.0100000000	0.0010000000	100	100	0	0.977288
1633000	-0.2000000000	0.0100000000	0.0010000000	100	100	0	0.977288
1634000	-0.2000000000	0.0100000000	0.0010000000	100	100	0	0.974161
1635000	-0.2000000000	0.0100000000	0.0010000000	100	100	0	0.975891
1636000	-0.2000000000	0.0100000000	0.0010000000	100	100	0	0.977288
1637000	-0.2000000000	0.0100000000	0.0010000000	100	100	0	0.977148
1638000	-0.2000000000	0.0100000000	0.0010000000	100	100	0	0.976450
1639000	-0.2000000000	0.0100000000	0.0010000000	100	100	0	0.975332
1640000	-0.2000000000	0.0100000000	0.0010000000	100	100	0	0.974354
1641000	-0.2000000000	0.0100000000	0.0010000000	100	100	0	0.970707
1642000	-0.2000000000	0.0100000000	0.0010000000	100	100	0	0.977288
1643000	-0.2000000000	0.0100000000	0.0010000000	100	100	0	0.977148
1644000	-0.2000000000	0.0100000000	0.0010000000	100	100	0	0.976729
1645000	-0.2000000000	0.0100000000	0.0010000000	100	100	0	0.963318
1646000	-0.2000000000	0.0100000000	0.0010000000	100	100	0	0.961987
1647000	-0.2000000000	0.0100000000	0.0010000000	100	100	0	0.963318
1648000	-0.2000000000	0.0100000000	0.0010000000	100	100	0	0.961698
1649000	-0.2000000000	0.0100000000	0.0010000000	100	100	0	0.963318
1650000	-0.2000000000	0.0100000000	0.0010000000	100	100	0	0.958015
1651000	-0.2000000000	0.0100000000	0.0010000000	100	100	0	0.944010
1652000	-0.2000000000	0.0100000000	0.0010000000	100	100	0	0.963318
1653000	-0.2000000000	0.0100000000	0.0010000000	100	100	0	0.963318
1654000	-0.2000000000	0.0100000000	0.0010000000	100	100	0	0.963170
1655000	-0.2000000000	0.0100000000	0.0010000000	100	100	0	0.961992
1656000	-0.2000000000	0.0100000000	0.0010000000	100	100	0	0.944776
1657000	-0.2000000000	0.0100000000	0.0010000000	100	100	0	0.933183
1658000	-0.2000000000	0.0100000000	0.0010000000	100	100	0	0.933339
1659000	-0.2000000000	0.0100000000	0.0010000000	100	100	0	0.932715
1660000	-0.2000000000	0.0100000000	0.0010000000	100	100	0	0.933183
1661000	-0.2000000000	0.0100000000	0.0010000000	100	100	0	0.915661
1662000	-0.2000000000	0.0100000000	0.0010000000	100	100	0	0.916772
1663000	-0.2000000000	0.0100000000	0.0010000000	100	100	0	0.917246
1664000	-0.2000000000	0.0100000000	0.0010000000	100	100	0	0.933339
1665000	-0.2000000000	0.0100000000	0.0010000000	100	100	0	0.917724
1666000	-0.2000000000	0.0100000000	0.0010000000	100	100	0	0.917090
1667000	-0.2000000000	0.0100000000	0.0010000000	100	100	0	0.917566
1668000	-0.2000000000	0.0100000000	0.0010000000	100	100	0	0.917724
1669000	-0.2000000000	0.0100000000	0.0010000000	100	100	0	0.931622
1670000	-0.2000000000	0.0100000000	0.0010000000	100	100	0	0.933339
1671000	-0.2000000000	0.0100000000	0.0010000000	100	100	0	0.933949
1672000	-0.2000000000	0.0100000000	0.0010000000	100	100	0	0.948131
1673000	-0.2000000000	0.0100000000	0.0010000000	100	100	0	0.920067
1674000	-0.2000000000	0.0100000000	0.0010000000	100	100	0	0.933339
1675000	-0.2000000000	0.0100000000	0.0010000000	100	100	0	0.948588
1676000	-0.2000000000	0.0100000000	0.0010000000	100	100	0	0.948436
1677000	-0.2000000000	0.0100000000	0.0010000000	100	100	0	0.952371
1678000	-0.2000000000	0.0100000000	0.0010000000	100	100	0	0.949030
1679000	-0.2000000000	0.0100000000	0.0010000000	100	100	0	0.948588
1680000	-0.2000000000	0.0100000000	0.0010000000	100	100	0	0.946758
1681000	-0.2000000000	0.0100000000	0.0010000000	100	100	0	0.963318
1682000	-0.2000000000	0.0100000000	0.0010000000	100	100	0	0.962581
1683000	-0.2000000000	0.0100000000	0.0010000000	100	100	0	0.951682
1684000	-0.2000000000	0.0100000000	0.0010000000	100	100	0	0.948436
1685000	-0.2000000000	0.0100000000	0.0010000000	100	100	0	0.948588
1686000	-0.2000000000	0.0100000000	0.0010000000	100	100	0	0.948588
1687000	-0.2000000000	0.0100000000	0.0010000000	100	100	0	0.942641
1688000	-0.2000000000	0.0100000000	0.0010000000	100	100	0	0.946606
1689000	-0.2000000000	0.0100000000	0.0010000000	100	100	0	0.947368
1690000	-0.2000000000	0.0100000000	0.0010000000	100	100	0	0.948131
1691000	-0.2000000000	0.0100000000	0.0010000000	100	100	0	0.947826
1692000	-0.2000000000	0.0100000000	0.0010000000	100	100	0	0.948588
1693000	-0.2000000000	0.0100000000	0.0010000000	100	100	0	0.948588
1694000	-0.2000000000	0.0100000000	0.0010000000	100	100	0	0.930838
1695000	-0.2000000000	0.0100000000	0.0010000000	100	100	0	0.933339
1696000	-0.2000000000	0.0100000000	0.0010000000	100	100	0	0.933339
1697000	-0.2000000000	0.0100000000	0.0010000000	100	100	0	0.947978
1698000	-0.2000000000	0.0100000000	0.0010000000	100	100	0	0.933492
1699000	-0.2000000000	0.0100000000	0.0010000000	100	100	0	0.933339
1700000	-0.2000000000	0.0100000000	0.0010000000	100	100	0	0.913280
1701000	-0.2000000000	0.0100000000	0.0010000000	100	100	0	0.917724
1702000	-0.2000000000	0.0100000000	0.0010000000	100	100	0	0.917724
1703000	-0.2000000000	0.0100000000	0.0010000000	100	100	0	0.917724
1704000	-0.2000000000	0.0100000000	0.0010000000	100	100	0	0.917724
1705000	-0.2000000000	0.0100000000	0.0010000000	100	100	0	0.917724
1706000	-0.2000000000	0.0100000000	0.0010000000	100	100	0	0.917724
1707000	-0.2000000000	0.0100000000	0.0010000000	100	100	0	0.914074
1708000	-0.2000000000	0.0100000000	0.0010000000	100	100	0	0.917724
1709000	-0.2000000000	0.0100000000	0.0010000000	100	100	0	0.928811
1710000	-0.2000000000	0.0100000000	0.0010000000	100	100	0	0.928967
1711000	-0.2000000000	0.0100000000	0.0010000000	100	100	0	0.933339
1712000	-0.2000000000	0.0100000000	0.0010000000	100	100	0	0.933339
1713000	-0.2000000000	0.0100000000	0.0010000000	100	100	0	0.933339
1714000	-0.2000000000	0.0100000000	0.0010000000	100	100	0	0.931466
1715000	-0.2000000000	0.0100000000	0.0010000000	100	100	0	0.932402
1716000	-0.2000000000	0.0100000000	0.0010000000	100	100	0	0.947826
1717000	-0.2000000000	0.0100000000	0.0010000000	100	100	0	0.961550
1718000	-0.2000000000	0.0100000000	0.0010000000	100	100	0	0.963318
1719000	-0.2000000000	0.0100000000	0.0010000000	100	100	0	0.963318
1720000	-0.2000000000	0.0100000000	0.0010000000	100	100	0	0.948588
1721000	-0.2000000000	0.0100000000	0.0010000000	100	100	0	0.937914
1722000	-0.2000000000	0.0100000000	0.0010000000	100	100	0	0.947978
1723000	-0.2000000000	0.0100000000	0.0010000000	100	100	0	0.948436
1724000	-0.2000000000	0.0100000000	0.0010000000	100	100	0	0.948588
1725000	-0.2000000000	0.0100000000	0.0010000000	100	100	0	0.936694
1726000	-0.2000000000	0.0100000000	0.0010000000	100	100	0	0.945234
1727000	-0.2000000000	0.0100000000	0.0010000000	100	100	0	0.947673
1728000	-0.2000000000	0.0100000000	0.0010000000	100	100	0	0.933339
1729000	-0.2000000000	0.0100000000	0.0010000000	100	100	0	0.944885
1730000	-0.2000000000	0.0100000000	0.0010000000	100	100	0	0.948588
1731000	-0.2000000000	0.0100000000	0.0010000000	100	100	0	0.942184
1732000	-0.2000000000	0.0100000000	0.0010000000	100	100	0	0.963170
1733000	-0.2000000000	0.0100000000	0.0010000000	100	100	0	0.963170
1734000	-0.2000000000	0.0100000000	0.0010000000	100	100	0	0.963318
1735000	-0.2000000000	0.0100000000	0.0010000000	100	100	0	0.963170
1736000	-0.2000000000	0.0100000000	0.0010000000	100	100	0	0.963170
1737000	-0.2000000000	0.0100000000	0.0010000000	100	100	0	0.963318
1738000	-0.2000000000	0.0100000000	0.0010000000	100	100	0	0.960356
1739000	-0.2000000000	0.0100000000	0.0010000000	100	100	0	0.948283
1740000	-0.2000000000	0.0100000000	0.0010000000	100	100	0	0.932559
1741000	-0.2000000000	0.0100000000	0.0010000000	100	100	0	0.957721
1742000	-0.2000000000	0.0100000000	0.0010000000	100	100	0	0.960519
1743000	-0.2000000000	0.0100000000	0.0010000000	100	100	0	0.963318
1744000	-0.2000000000	0.0100000000	0.0010000000	100	100	0	0.955054
1745000	-0.2000000000	0.0100000000	0.0010000000	100	100	0	0.963318
1746000	-0.2000000000	0.0100000000	0.0010000000	100	100	0	0.963318
1747000	-0.2000000000	0.0100000000	0.0010000000	100	100	0	0.962876
1748000	-0.2000000000	0.0100000000	0.0010000000	100	100	0	0.962581
1749000	-0.2000000000	0.0100000000	0.0010000000	100	100	0	0.962139
1750000	-0.2000000000	0.0100000000	0.0010000000	100	100	0	0.960814
1751000	-0.2000000000	0.0100000000	0.0010000000	100	100	0	0.977288
1752000	-0.2000000000	0.0100000000	0.0010000000	100	100	0	0.977288
1753000	-0.2000000000	0.0100000000	0.0010000000	100	100	0	0.977288
1754000	-0.2000000000	0.0100000000	0.0010000000	100	100	0	0.976450
1755000	-0.2000000000	0.0100000000	0.0010000000	100	100	0	0.948588
1756000	-0.2000000000	0.0100000000	0.0010000000	100	100	0	0.947978
1757000	-0.2000000000	0.0100000000	0.0010000000	100	100	0	0.948736
1758000	-0.2000000000	0.0100000000	0.0010000000	100	100	0	0.948588
1759000	-0.2000000000	0.0100000000	0.0010000000	100	100	0	0.943251
1760000	-0.2000000000	0.0100000000	0.0010000000	100	100	0	0.948588
1761000	-0.2000000000	0.0100000000	0.0010000000	100	100	0	0.948436
1762000	-0.2000000000	0.0100000000	0.0010000000	100	100	0	0.948436
1763000	-0.2000000000	0.0100000000	0.0010000000	100	100	0	0.948588
1764000	-0.2000000000	0.0100000000	0.0010000000	100	100	0	0.963318
1765000	-0.2000000000	0.0100000000	0.0010000000	100	100	0	0.963318
1766000	-0.2000000000	0.0100000000	0.0010000000	100	100	0	0.961698
1767000	-0.2000000000	0.0100000000	0.0010000000	100	100	0	0.963170
1768000	-0.2000000000	0.0100000000	0.0010000000	100	100	0	0.963318
1769000	-0.2000000000	0.0100000000	0.0010000000	100	100	0	0.963450
1770000	-0.2000000000	0.0100000000	0.0010000000	100	100	0	0.960519
1771000	-0.2000000000	0.0100000000	0.0010000000	100	100	0	0.963318
1772000	-0.2000000000	0.0100000000	0.0010000000	100	100	0	0.963318
1773000	-0.2000000000	0.0100000000	0.0010000000	100	100	0	0.948588
1774000	-0.2000000000	0.0100000000	0.0010000000	100	100	0	0.948436
1775000	-0.2000000000	0.0100000000	0.0010000000	100	100	0	0.948588
1776000	-0.2000000000	0.0100000000	0.0010000000	100	100	0	0.941421
1777000	-0.2000000000	0.0100000000	0.0010000000	100	100	0	0.948436
1778000	-0.2000000000	0.0100000000	0.0010000000	100	100	0	0.947673
1779000	-0.2000000000	0.0100000000	0.0010000000	100	100	0	0.961108
1780000	-0.2000000000	0.0100000000	0.0010000000	100	100	0	0.963318
1781000	-0.2000000000	0.0100000000	0.0010000000	100	100	0	0.963318
1782000	-0.2000000000	0.0100000000	0.0010000000	100	100	0	0.963318
1783000	-0.2000000000	0.0100000000	0.0010000000	100	100	0	0.962287
1784000	-0.2000000000	0.0100000000	0.0010000000	100	100	0	0.956837
1785000	-0.2000000000	0.0100000000	0.0010000000	100	100	0	0.959635
1786000	-0.2000000000	0.0100000000	0.0010000000	100	100	0	0.961992
1787000	-0.2000000000	0.0100000000	0.0010000000	100	100	0	0.961403
1788000	-0.2000000000	0.0100000000	0.0010000000	100	100	0	0.963318
1789000	-0.2000000000	0.0100000000	0.0010000000	100	100	0	0.963318
1790000	-0.2000000000	0.0100000000	0.0010000000	100	100	0	0.963023
1791000	-0.2000000000	0.0100000000	0.0010000000	100	100	0	0.962876
1792000	-0.2000000000	0.0100000000	0.0010000000	100	100	0	0.963318
1793000	-0.2000000000	0.0100000000	0.0010000000	100	100	0	0.962434
1794000	-0.2000000000	0.0100000000	0.0010000000	100	100	0	0.963318
1795000	-0.2000000000	0.0100000000	0.0010000000	100	100	0	0.962434
1796000	-0.2000000000	0.0100000000	0.0010000000	100	100	0	0.961550
1797000	-0.2000000000	0.0100000000	0.0010000000	100	100	0	0.977148
1798000	-0.2000000000	0.0100000000	0.0010000000	100	100	0	0.977288
1799000	-0.2000000000	0.0100000000	0.0010000000	100	100	0	0.977288
1800000	-0.2000000000	0.0100000000	0.0010000000	100	100	0	0.962729
1801000	-0.2000000000	0.0100000000	0.0010000000	100	100	0	0.948131
1802000	-0.2000000000	0.0100000000	0.0010000000	100	100	0	0.964296
1803000	-0.2000000000	0.0100000000	0.0010000000	100	100	0	0.963318
1804000	-0.2000000000	0.0100000000	0.0010000000	100	100	0	0.957573
1805000	-0.2000000000	0.0100000000	0.0010000000	100	100	0	0.962871
1806000	-0.2000000000	0.0100000000	0.0010000000	100	100	0	0.963170
1807000	-0.2000000000	0.0100000000	0.0010000000	100	100	0	0.948588
1808000	-0.2000000000	0.0100000000	0.0010000000	100	100	0	0.944616
1809000	-0.2000000000	0.0100000000	0.0010000000	100	100	0	0.948588
1810000	-0.2000000000	0.0100000000	0.0010000000	100	100	0	0.933339
1811000	-0.2000000000	0.0100000000	0.0010000000	100	100	0	0.919910
1812000	-0.2000000000	0.0100000000	0.0010000000	100	100	0	0.933183
1813000	-0.2000000000	0.0100000000	0.0010000000	100	100	0	0.933339
1814000	-0.2000000000	0.0100000000	0.0010000000	100	100	0	0.936059
1815000	-0.2000000000	0.0100000000	0.0010000000	100	100	0	0.944577
1816000	-0.2000000000	0.0100000000	0.0010000000	100	100	0	0.961698
1817000	-0.2000000000	0.0100000000	0.0010000000	100	100	0	0.975272
1818000	-0.2000000000	0.0100000000	0.0010000000	100	100	0	0.976869
1819000	-0.2000000000	0.0100000000	0.0010000000	100	100	0	0.977288
1820000	-0.2000000000	0.0100000000	0.0010000000	100	100	0	0.966391
1821000	-0.2000000000	0.0100000000	0.0010000000	100	100	0	0.963170
1822000	-0.2000000000	0.0100000000	0.0010000000	100	100	0	0.948283
1823000	-0.2000000000	0.0100000000	0.0010000000	100	100	0	0.948588
1824000	-0.2000000000	0.0100000000	0.0010000000	100	100	0	0.948283
1825000	-0.2000000000	0.0100000000	0.0010000000	100	100	0	0.948588
1826000	-0.2000000000	0.0100000000	0.0010000000	100	100	0	0.947521
1827000	-0.2000000000	0.0100000000	0.0010000000	100	100	0	0.947978
1828000	-0.2000000000	0.0100000000	0.0010000000	100	100	0	0.944152
1829000	-0.2000000000	0.0100000000	0.0010000000	100	100	0	0.947826
1830000	-0.2000000000	0.0100000000	0.0010000000	100	100	0	0.961550
1831000	-0.2000000000	0.0100000000	0.0010000000	100	100	0	0.963318
1832000	-0.2000000000	0.0100000000	0.0010000000	100	100	0	0.948436
1833000	-0.2000000000	0.0100000000	0.0010000000	100	100	0	0.948588
1834000	-0.2000000000	0.0100000000	0.0010000000	100	100	0	0.945844
1835000	-0.2000000000	0.0100000000	0.0010000000	100	100	0	0.947521
1836000	-0.2000000000	0.0100000000	0.0010000000	100	100	0	0.948588
1837000	-0.2000000000	0.0100000000	0.0010000000	100	100	0	0.963778
1838000	-0.2000000000	0.0100000000	0.0010000000	100	100	0	0.977288
1839000	-0.2000000000	0.0100000000	0.0010000000	100	100	0	0.967641
1840000	-0.2000000000	0.0100000000	0.0010000000	100	100	0	0.963170
1841000	-0.2000000000	0.0100000000	0.0010000000	100	100	0	0.963318
1842000	-0.2000000000	0.0100000000	0.0010000000	100	100	0	0.945382
1843000	-0.2000000000	0.0100000000	0.0010000000	100	100	0	0.948588
1844000	-0.2000000000	0.0100000000	0.0010000000	100	100	0	0.931778
1845000	-0.2000000000	0.0100000000	0.0010000000	100	100	0	0.931930
1846000	-0.2000000000	0.0100000000	0.0010000000	100	100	0	0.933183
1847000	-0.2000000000	0.0100000000	0.0010000000	100	100	0	0.933339
1848000	-0.2000000000	0.0100000000	0.0010000000	100	100	0	0.917724
1849000	-0.2000000000	0.0100000000	0.0010000000	100	100	0	0.916772
1850000	-0.2000000000	0.0100000000	0.0010000000	100	100	0	0.917090
1851000	-0.2000000000	0.0100000000	0.0010000000	100	100	0	0.917724
1852000	-0.2000000000	0.0100000000	0.0010000000	100	100	0	0.901853
1853000	-0.2000000000	0.0100000000	0.0010000000	100	100	0	0.901853
1854000	-0.2000000000	0.0100000000	0.0010000000	100	100	0	0.898959
1855000	-0.2000000000	0.0100000000	0.0010000000	100	100	0	0.901532
1856000	-0.2000000000	0.0100000000	0.0010000000	100	100	0	0.886287
1857000	-0.2000000000	0.0100000000	0.0010000000	100	100	0	0.885321
1858000	-0.2000000000	0.0100000000	0.0010000000	100	100	0	0.885806
1859000	-0.2000000000	0.0100000000	0.0010000000	100	100	0	0.868351
1860000	-0.2000000000	0.0100000000	0.0010000000	100	100	0	0.869162
1861000	-0.2000000000	0.0100000000	0.0010000000	100	100	0	0.869000
1862000	-0.2000000000	0.0100000000	0.0010000000	100	100	0	0.869486
1863000	-0.2000000000	0.0100000000	0.0010000000	100	100	0	0.869162
1864000	-0.2000000000	0.0100000000	0.0010000000	100	100	0	0.869649
1865000	-0.2000000000	0.0100000000	0.0010000000	100	100	0	0.869649
1866000	-0.2000000000	0.0100000000	0.0010000000	100	100	0	0.869162
1867000	-0.2000000000	0.0100000000	0.0010000000	100	100	0	0.852620
1868000	-0.2000000000	0.0100000000	0.0010000000	100	100	0	0.852945
1869000	-0.2000000000	0.0100000000	0.0010000000	100	100	0	0.853432
1870000	-0.2000000000	0.0100000000	0.0010000000	100	100	0	0.866243
1871000	-0.2000000000	0.0100000000	0.0010000000	100	100	0	0.874005
1872000	-0.2000000000	0.0100000000	0.0010000000	100	100	0	0.885321
1873000	-0.2000000000	0.0100000000	0.0010000000	100	100	0	0.914233
1874000	-0.2000000000	0.0100000000	0.0010000000	100	100	0	0.917724
1875000	-0.2000000000	0.0100000000	0.0010000000	100	100	0	0.913598
1876000	-0.2000000000	0.0100000000	0.0010000000	100	100	0	0.917724
1877000	-0.2000000000	0.0100000000	0.0010000000	100	100	0	0.917566
1878000	-0.2000000000	0.0100000000	0.0010000000	100	100	0	0.913756
1879000	-0.2000000000	0.0100000000	0.0010000000	100	100	0	0.928655
1880000	-0.2000000000	0.0100000000	0.0010000000	100	100	0	0.933339
1881000	-0.2000000000	0.0100000000	0.0010000000	100	100	0	0.901525
1882000	-0.2000000000	0.0100000000	0.0010000000	100	100	0	0.917724
1883000	-0.2000000000	0.0100000000	0.0010000000	100	100	0	0.912002
1884000	-0.2000000000	0.0100000000	0.0010000000	100	100	0	0.914233
1885000	-0.2000000000	0.0100000000	0.0010000000	100	100	0	0.901532
1886000	-0.2000000000	0.0100000000	0.0010000000	100	100	0	0.910423
1887000	-0.2000000000	0.0100000000	0.0010000000	100	100	0	0.917724
1888000	-0.2000000000	0.0100000000	0.0010000000	100	100	0	0.915820
1889000	-0.2000000000	0.0100000000	0.0010000000	100	100	0	0.933339
1890000	-0.2000000000	0.0100000000	0.0010000000	100	100	0	0.933339
1891000	-0.2000000000	0.0100000000	0.0010000000	100	100	0	0.933339
1892000	-0.2000000000	0.0100000000	0.0010000000	100	100	0	0.933339
1893000	-0.2000000000	0.0100000000	0.0010000000	100	100	0	0.933339
1894000	-0.2000000000	0.0100000000	0.0010000000	100	100	0	0.933339
1895000	-0.2000000000	0.0100000000	0.0010000000	100	100	0	0.933027
1896000	-0.2000000000	0.0100000000	0.0010000000	100	100	0	0.932559
1897000	-0.2000000000	0.0100000000	0.0010000000	100	100	0	0.933339
1898000	-0.2000000000	0.0100000000	0.0010000000	100	100	0	0.933183
1899000	-0.2000000000	0.0100000000	0.0010000000	100	100	0	0.932871
1900000	-0.2000000000	0.0100000000	0.0010000000	100	100	0	0.925993
1901000	-0.2000000000	0.0100000000	0.0010000000	100	100	0	0.917566
1902000	-0.2000000000	0.0100000000	0.0010000000	100	100	0	0.917724
1903000	-0.2000000000	0.0100000000	0.0010000000	100	100	0	0.924687
1904000	-0.2000000000	0.0100000000	0.0010000000	100	100	0	0.933339
1905000	-0.2000000000	0.0100000000	0.0010000000	100	100	0	0.932715
1906000	-0.2000000000	0.0100000000	0.0010000000	100	100	0	0.933027
1907000	-0.2000000000	0.0100000000	0.0010000000	100	100	0	0.927401
1908000	-0.2000000000	0.0100000000	0.0010000000	100	100	0	0.933339
1909000	-0.2000000000	0.0100000000	0.0010000000	100	100	0	0.933339
1910000	-0.2000000000	0.0100000000	0.0010000000	100	100	0	0.933339
1911000	-0.2000000000	0.0100000000	0.0010000000	100	100	0	0.929592
1912000	-0.2000000000	0.0100000000	0.0010000000	100	100	0	0.917090
1913000	-0.2000000000	0.0100000000	0.0010000000	100	100	0	0.933339
1914000	-0.2000000000	0.0100000000	0.0010000000	100	100	0	0.928967
1915000	-0.2000000000	0.0100000000	0.0010000000	100	100	0	0.917881
1916000	-0.2000000000	0.0100000000	0.0010000000	100	100	0	0.933339
1917000	-0.2000000000	0.0100000000	0.0010000000	100	100	0	0.933339
1918000	-0.2000000000	0.0100000000	0.0010000000	100	100	0	0.933339
1919000	-0.2000000000	0.0100000000	0.0010000000	100	100	0	0.948588
1920000	-0.2000000000	0.0100000000	0.0010000000	100	100	0	0.962139
1921000	-0.2000000000	0.0100000000	0.0010000000	100	100	0	0.961093
1922000	-0.2000000000	0.0100000000	0.0010000000	100	100	0	0.963318
1923000	-0.2000000000	0.0100000000	0.0010000000	100	100	0	0.961698
1924000	-0.2000000000	0.0100000000	0.0010000000	100	100	0	0.941574
1925000	-0.2000000000	0.0100000000	0.0010000000	100	100	0	0.948131
1926000	-0.2000000000	0.0100000000	0.0010000000	100	100	0	0.948588
1927000	-0.2000000000	0.0100000000	0.0010000000	100	100	0	0.948588
1928000	-0.2000000000	0.0100000000	0.0010000000	100	100	0	0.948588
1929000	-0.2000000000	0.0100000000	0.0010000000	100	100	0	0.948588
1930000	-0.2000000000	0.0100000000	0.0010000000	100	100	0	0.948588
1931000	-0.2000000000	0.0100000000	0.0010000000	100	100	0	0.945844
1932000	-0.2000000000	0.0100000000	0.0010000000	100	100	0	0.948588
1933000	-0.2000000000	0.0100000000	0.0010000000	100	100	0	0.946454
1934000	-0.2000000000	0.0100000000	0.0010000000	100	100	0	0.933183
1935000	-0.2000000000	0.0100000000	0.0010000000	100	100	0	0.947673
1936000	-0.2000000000	0.0100000000	0.0010000000	100	100	0	0.948436
1937000	-0.2000000000	0.0100000000	0.0010000000	100	100	0	0.948283
1938000	-0.2000000000	0.0100000000	0.0010000000	100	100	0	0.958015
1939000	-0.2000000000	0.0100000000	0.0010000000	100	100	0	0.948588
1940000	-0.2000000000	0.0100000000	0.0010000000	100	100	0	0.956984
1941000	-0.2000000000	0.0100000000	0.0010000000	100	100	0	0.963318
1942000	-0.2000000000	0.0100000000	0.0010000000	100	100	0	0.963318
1943000	-0.2000000000	0.0100000000	0.0010000000	100	100	0	0.948588
1944000	-0.2000000000	0.0100000000	0.0010000000	100	100	0	0.947368
1945000	-0.2000000000	0.0100000000	0.0010000000	100	100	0	0.948588
1946000	-0.2000000000	0.0100000000	0.0010000000	100	100	0	0.947673
1947000	-0.2000000000	0.0100000000	0.0010000000	100	100	0	0.948588
1948000	-0.2000000000	0.0100000000	0.0010000000	100	100	0	0.948588
1949000	-0.2000000000	0.0100000000	0.0010000000	100	100	0	0.948588
1950000	-0.2000000000	0.0100000000	0.0010000000	100	100	0	0.948131
1951000	-0.2000000000	0.0100000000	0.0010000000	100	100	0	0.948588
1952000	-0.2000000000	0.0100000000	0.0010000000	100	100	0	0.948131
1953000	-0.2000000000	0.0100000000	0.0010000000	100	100	0	0.932402
1954000	-0.2000000000	0.0100000000	0.0010000000	100	100	0	0.948588
1955000	-0.2000000000	0.0100000000	0.0010000000	100	100	0	0.947673
1956000	-0.2000000000	0.0100000000	0.0010000000	100	100	0	0.948588
1957000	-0.2000000000	0.0100000000	0.0010000000	100	100	0	0.963170
1958000	-0.2000000000	0.0100000000	0.0010000000	100	100	0	0.963318
1959000	-0.2000000000	0.0100000000	0.0010000000	100	100	0	0.944771
1960000	-0.2000000000	0.0100000000	0.0010000000	100	100	0	0.946454
1961000	-0.2000000000	0.0100000000	0.0010000000	100	100	0	0.948588
1962000	-0.2000000000	0.0100000000	0.0010000000	100	100	0	0.924738
1963000	-0.2000000000	0.0100000000	0.0010000000	100	100	0	0.924595
1964000	-0.2000000000	0.0100000000	0.0010000000	100	100	0	0.932559
1965000	-0.2000000000	0.0100000000	0.0010000000	100	100	0	0.935017
1966000	-0.2000000000	0.0100000000	0.0010000000	100	100	0	0.933339
1967000	-0.2000000000	0.0100000000	0.0010000000	100	100	0	0.944929
1968000	-0.2000000000	0.0100000000	0.0010000000	100	100	0	0.933339
1969000	-0.2000000000	0.0100000000	0.0010000000	100	100	0	0.933339
1970000	-0.2000000000	0.0100000000	0.0010000000	100	100	0	0.932871
1971000	-0.2000000000	0.0100000000	0.0010000000	100	100	0	0.917724
1972000	-0.2000000000	0.0100000000	0.0010000000	100	100	0	0.917724
1973000	-0.2000000000	0.0100000000	0.0010000000	100	100	0	0.917724
1974000	-0.2000000000	0.0100000000	0.0010000000	100	100	0	0.917724
1975000	-0.2000000000	0.0100000000	0.0010000000	100	100	0	0.917566
1976000	-0.2000000000	0.0100000000	0.0010000000	100	100	0	0.917724
1977000	-0.2000000000	0.0100000000	0.0010000000	100	100	0	0.918326
1978000	-0.2000000000	0.0100000000	0.0010000000	100	100	0	0.914867
1979000	-0.2000000000	0.0100000000	0.0010000000	100	100	0	0.948588
1980000	-0.2000000000	0.0100000000	0.0010000000	100	100	0	0.948588
1981000	-0.2000000000	0.0100000000	0.0010000000	100	100	0	0.947978
1982000	-0.2000000000	0.0100000000	0.0010000000	100	100	0	0.948588
1983000	-0.2000000000	0.0100000000	0.0010000000	100	100	0	0.941726
1984000	-0.2000000000	0.0100000000	0.0010000000	100	100	0	0.948588
1985000	-0.2000000000	0.0100000000	0.0010000000	100	100	0	0.948588
1986000	-0.2000000000	0.0100000000	0.0010000000	100	100	0	0.948131
1987000	-0.2000000000	0.0100000000	0.0010000000	100	100	0	0.948588
1988000	-0.2000000000	0.0100000000	0.0010000000	100	100	0	0.948588
1989000	-0.2000000000	0.0100000000	0.0010000000	100	100	0	0.948588
1990000	-0.2000000000	0.0100000000	0.0010000000	100	100	0	0.948588
1991000	-0.2000000000	0.0100000000	0.0010000000	100	100	0	0.933027
1992000	-0.2000000000	0.0100000000	0.0010000000	100	100	0	0.933183
1993000	-0.2000000000	0.0100000000	0.0010000000	100	100	0	0.947826
1994000	-0.2000000000	0.0100000000	0.0010000000	100	100	0	0.948588
1995000	-0.2000000000	0.0100000000	0.0010000000	100	100	0	0.948588
1996000	-0.2000000000	0.0100000000	0.0010000000	100	100	0	0.941653
1997000	-0.2000000000	0.0100000000	0.0010000000	100	100	0	0.948588
1998000	-0.2000000000	0.0100000000	0.0010000000	100	100	0	0.945844
1999000	-0.2000000000	0.0100000000	0.0010000000	100	100	0	0.947826
2000000	-0.2000000000	0.0100000000	0.0010000000	100	100	0	0.948588
2001000	-0.2000000000	0.0100000000	0.0010000000	100	100	0	0.948588
2002000	-0.2000000000	0.0100000000	0.0010000000	100	100	0	0.948588
2003000	-0.2000000000	0.0100000000	0.0010000000	100	100	0	0.933339
2004000	-0.2000000000	0.0100000000	0.0010000000	100	100	0	0.948588
2005000	-0.2000000000	0.0100000000	0.0010000000	100	100	0	0.946911
2006000	-0.2000000000	0.0100000000	0.0010000000	100	100	0	0.948436
2007000	-0.2000000000	0.0100000000	0.0010000000	100	100	0	0.948588
2008000	-0.2000000000	0.0100000000	0.0010000000	100	100	0	0.948131
2009000	-0.2000000000	0.0100000000	0.0010000000	100	100	0	0.948436
2010000	-0.2000000000	0.0100000000	0.0010000000	100	100	0	0.947978
2011000	-0.2000000000	0.0100000000	0.0010000000	100	100	0	0.948436
2012000	-0.2000000000	0.0100000000	0.0010000000	100	100	0	0.948588
2013000	-0.2000000000	0.0100000000	0.0010000000	100	100	0	0.948283
2014000	-0.2000000000	0.0100000000	0.0010000000	100	100	0	0.948588
2015000	-0.2000000000	0.0100000000	0.0010000000	100	100	0	0.943389
2016000	-0.2000000000	0.0100000000	0.0010000000	100	100	0	0.947826
2017000	-0.2000000000	0.0100000000	0.0010000000	100	100	0	0.948588
2018000	-0.2000000000	0.0100000000	0.0010000000	100	100	0	0.945996
2019000	-0.2000000000	0.0100000000	0.0010000000	100	100	0	0.948588
2020000	-0.2000000000	0.0100000000	0.0010000000	100	100	0	0.942336
2021000	-0.2000000000	0.0100000000	0.0010000000	100	100	0	0.947978
2022000	-0.2000000000	0.0100000000	0.0010000000	100	100	0	0.958431
2023000	-0.2000000000	0.0100000000	0.0010000000	100	100	0	0.963318
2024000	-0.2000000000	0.0100000000	0.0010000000	100	100	0	0.960777
2025000	-0.2000000000	0.0100000000	0.0010000000	100	100	0	0.963170
2026000	-0.2000000000	0.0100000000	0.0010000000	100	100	0	0.957573
2027000	-0.2000000000	0.0100000000	0.0010000000	100	100	0	0.963318
2028000	-0.2000000000	0.0100000000	0.0010000000	100	100	0	0.963023
2029000	-0.2000000000	0.0100000000	0.0010000000	100	100	0	0.963318
2030000	-0.2000000000	0.0100000000	0.0010000000	100	100	0	0.963023
2031000	-0.2000000000	0.0100000000	0.0010000000	100	100	0	0.977288
2032000	-0.2000000000	0.0100000000	0.0010000000	100	100	0	0.976869
2033000	-0.2000000000	0.0100000000	0.0010000000	100	100	0	0.982089
2034000	-0.2000000000	0.0100000000	0.0010000000	100	100	0	0.989412
2035000	-0.2000000000	0.0100000000	0.0010000000	100	100	0	0.989922
2036000	-0.2000000000	0.0100000000	0.0010000000	100	100	0	0.990050
2037000	-0.2000000000	0.0100000000	0.0010000000	100	100	0	0.987880
2038000	-0.2000000000	0.0100000000	0.0010000000	100	100	0	0.990050
2039000	-0.2000000000	0.0100000000	0.0010000000	100	100	0	0.989539
2040000	-0.2000000000	0.0100000000	0.0010000000	100	100	0	0.975751
2041000	-0.2000000000	0.0100000000	0.0010000000	100	100	0	0.963318
2042000	-0.2000000000	0.0100000000	0.0010000000	100	100	0	0.963318
2043000	-0.2000000000	0.0100000000	0.0010000000	100	100	0	0.948588
2044000	-0.2000000000	0.0100000000	0.0010000000	100	100	0	0.933183
2045000	-0.2000000000	0.0100000000	0.0010000000	100	100	0	0.933339
2046000	-0.2000000000	0.0100000000	0.0010000000	100	100	0	0.933339
2047000	-0.2000000000	0.0100000000	0.0010000000	100	100	0	0.932871
2048000	-0.2000000000	0.0100000000	0.0010000000	100	100	0	0.943404
2049000	-0.2000000000	0.0100000000	0.0010000000	100	100	0	0.931622
2050000	-0.2000000000	0.0100000000	0.0010000000	100	100	0	0.932246
2051000	-0.2000000000	0.0100000000	0.0010000000	100	100	0	0.932715
2052000	-0.2000000000	0.0100000000	0.0010000000	100	100	0	0.948588
2053000	-0.2000000000	0.0100000000	0.0010000000	100	100	0	0.942184
2054000	-0.2000000000	0.0100000000	0.0010000000	100	100	0	0.948588
2055000	-0.2000000000	0.0100000000	0.0010000000	100	100	0	0.948283
2056000	-0.2000000000	0.0100000000	0.0010000000	100	100	0	0.948588
2057000	-0.2000000000	0.0100000000	0.0010000000	100	100	0	0.947216
2058000	-0.2000000000	0.0100000000	0.0010000000	100	100	0	0.948588
2059000	-0.2000000000	0.0100000000	0.0010000000	100	100	0	0.942474
2060000	-0.2000000000	0.0100000000	0.0010000000	100	100	0	0.948588
2061000	-0.2000000000	0.0100000000	0.0010000000	100	100	0	0.947368
2062000	-0.2000000000	0.0100000000	0.0010000000	100	100	0	0.931150
2063000	-0.2000000000	0.0100000000	0.0010000000	100	100	0	0.933339
2064000	-0.2000000000	0.0100000000	0.0010000000	100	100	0	0.948588
2065000	-0.2000000000	0.0100000000	0.0010000000	100	100	0	0.947826
2066000	-0.2000000000	0.0100000000	0.0010000000	100	100	0	0.948588
2067000	-0.2000000000	0.0100000000	0.0010000000	100	100	0	0.946149
2068000	-0.2000000000	0.0100000000	0.0010000000	100	100	0	0.948588
2069000	-0.2000000000	0.0100000000	0.0010000000	100	100	0	0.977288
2070000	-0.2000000000	0.0100000000	0.0010000000	100	100	0	0.970023
2071000	-0.2000000000	0.0100000000	0.0010000000	100	100	0	0.977288
2072000	-0.2000000000	0.0100000000	0.0010000000	100	100	0	0.990050
2073000	-0.2000000000	0.0100000000	0.0010000000	100	100	0	0.989922
2074000	-0.2000000000	0.0100000000	0.0010000000	100	100	0	0.989922
2075000	-0.2000000000	0.0100000000	0.0010000000	100	100	0	0.990050
2076000	-0.2000000000	0.0100000000	0.0010000000	100	100	0	0.975192
2077000	-0.2000000000	0.0100000000	0.0010000000	100	100	0	0.974773
2078000	-0.2000000000	0.0100000000	0.0010000000	100	100	0	0.977148
2079000	-0.2000000000	0.0100000000	0.0010000000	100	100	0	0.977288
2080000	-0.2000000000	0.0100000000	0.0010000000	100	100	0	0.977288
2081000	-0.2000000000	0.0100000000	0.0010000000	100	100	0	0.977288
2082000	-0.2000000000	0.0100000000	0.0010000000	100	100	0	0.977288
2083000	-0.2000000000	0.0100000000	0.0010000000	100	100	0	0.977288
2084000	-0.2000000000	0.0100000000	0.0010000000	100	100	0	0.977148
2085000	-0.2000000000	0.0100000000	0.0010000000	100	100	0	0.977288
2086000	-0.2000000000	0.0100000000	0.0010000000	100	100	0	0.977288
2087000	-0.2000000000	0.0100000000	0.0010000000	100	100	0	0.975599
2088000	-0.2000000000	0.0100000000	0.0010000000	100	100	0	0.975751
2089000	-0.2000000000	0.0100000000	0.0010000000	100	100	0	0.976310
2090000	-0.2000000000	0.0100000000	0.0010000000	100	100	0	0.965413
2091000	-0.2000000000	0.0100000000	0.0010000000	100	100	0	0.963869
2092000	-0.2000000000	0.0100000000	0.0010000000	100	100	0	0.963318
2093000	-0.2000000000	0.0100000000	0.0010000000	100	100	0	0.963170
2094000	-0.2000000000	0.0100000000	0.0010000000	100	100	0	0.963318
2095000	-0.2000000000	0.0100000000	0.0010000000	100	100	0	0.962729
2096000	-0.2000000000	0.0100000000	0.0010000000	100	100	0	0.977009
2097000	-0.2000000000	0.0100000000	0.0010000000	100	100	0	0.975332
2098000	-0.2000000000	0.0100000000	0.0010000000	100	100	0	0.977288
2099000	-0.2000000000	0.0100000000	0.0010000000	100	100	0	0.956690
2100000	-0.2000000000	0.0100000000	0.0010000000	100	100	0	0.963318
2101000	-0.2000000000	0.0100000000	0.0010000000	100	100	0	0.942336
2102000	-0.2000000000	0.0100000000	0.0010000000	100	100	0	0.948588
2103000	-0.2000000000	0.0100000000	0.0010000000	100	100	0	0.943251
2104000	-0.2000000000	0.0100000000	0.0010000000	100	100	0	0.944776
2105000	-0.2000000000	0.0100000000	0.0010000000	100	100	0	0.932711
2106000	-0.2000000000	0.0100000000	0.0010000000	100	100	0	0.942031
2107000	-0.2000000000	0.0100000000	0.0010000000	100	100	0	0.948588
2108000	-0.2000000000	0.0100000000	0.0010000000	100	100	0	0.948436
2109000	-0.2000000000	0.0100000000	0.0010000000	100	100	0	0.947063
2110000	-0.2000000000	0.0100000000	0.0010000000	100	100	0	0.933339
2111000	-0.2000000000	0.0100000000	0.0010000000	100	100	0	0.917724
2112000	-0.2000000000	0.0100000000	0.0010000000	100	100	0	0.932559
2113000	-0.2000000000	0.0100000000	0.0010000000	100	100	0	0.946758
2114000	-0.2000000000	0.0100000000	0.0010000000	100	100	0	0.948588
2115000	-0.2000000000	0.0100000000	0.0010000000	100	100	0	0.953929
2116000	-0.2000000000	0.0100000000	0.0010000000	100	100	0	0.963318
2117000	-0.2000000000	0.0100000000	0.0010000000	100	100	0	0.963318
2118000	-0.2000000000	0.0100000000	0.0010000000	100	100	0	0.963318
2119000	-0.2000000000	0.0100000000	0.0010000000	100	100	0	0.962876
2120000	-0.2000000000	0.0100000000	0.0010000000	100	100	0	0.963318
2121000	-0.2000000000	0.0100000000	0.0010000000	100	100	0	0.963318
2122000	-0.2000000000	0.0100000000	0.0010000000	100	100	0	0.962876
2123000	-0.2000000000	0.0100000000	0.0010000000	100	100	0	0.962434
2124000	-0.2000000000	0.0100000000	0.0010000000	100	100	0	0.962139
2125000	-0.2000000000	0.0100000000	0.0010000000	100	100	0	0.960814
2126000	-0.2000000000	0.0100000000	0.0010000000	100	100	0	0.962876
2127000	-0.2000000000	0.0100000000	0.0010000000	100	100	0	0.963318
2128000	-0.2000000000	0.0100000000	0.0010000000	100	100	0	0.947978
2129000	-0.2000000000	0.0100000000	0.0010000000	100	100	0	0.948588
2130000	-0.2000000000	0.0100000000	0.0010000000	100	100	0	0.948588
2131000	-0.2000000000	0.0100000000	0.0010000000	100	100	0	0.948588
2132000	-0.2000000000	0.0100000000	0.0010000000	100	100	0	0.948588
2133000	-0.2000000000	0.0100000000	0.0010000000	100	100	0	0.947978
2134000	-0.2000000000	0.0100000000	0.0010000000	100	100	0	0.948588
2135000	-0.2000000000	0.0100000000	0.0010000000	100	100	0	0.948131
2136000	-0.2000000000	0.0100000000	0.0010000000	100	100	0	0.947978
2137000	-0.2000000000	0.0100000000	0.0010000000	100	100	0	0.977288
2138000	-0.2000000000	0.0100000000	0.0010000000	100	100	0	0.977009
2139000	-0.2000000000	0.0100000000	0.0010000000	100	100	0	0.972957
2140000	-0.2000000000	0.0100000000	0.0010000000	100	100	0	0.977288
2141000	-0.2000000000	0.0100000000	0.0010000000	100	100	0	0.963318
2142000	-0.2000000000	0.0100000000	0.0010000000	100	100	0	0.963318
2143000	-0.2000000000	0.0100000000	0.0010000000	100	100	0	0.963318
2144000	-0.2000000000	0.0100000000	0.0010000000	100	100	0	0.958310
2145000	-0.2000000000	0.0100000000	0.0010000000	100	100	0	0.956395
2146000	-0.2000000000	0.0100000000	0.0010000000	100	100	0	0.963318
2147000	-0.2000000000	0.0100000000	0.0010000000	100	100	0	0.963318
2148000	-0.2000000000	0.0100000000	0.0010000000	100	100	0	0.963318
2149000	-0.2000000000	0.0100000000	0.0010000000	100	100	0	0.962434
2150000	-0.2000000000	0.0100000000	0.0010000000	100	100	0	0.963318
2151000	-0.2000000000	0.0100000000	0.0010000000	100	100	0	0.973097
2152000	-0.2000000000	0.0100000000	0.0010000000	100	100	0	0.977288
2153000	-0.2000000000	0.0100000000	0.0010000000	100	100	0	0.976869
2154000	-0.2000000000	0.0100000000	0.0010000000	100	100	0	0.972817
2155000	-0.2000000000	0.0100000000	0.0010000000	100	100	0	0.977288
2156000	-0.2000000000	0.0100000000	0.0010000000	100	100	0	0.977288
2157000	-0.2000000000	0.0100000000	0.0010000000	100	100	0	0.975192
2158000	-0.2000000000	0.0100000000	0.0010000000	100	100	0	0.977288
2159000	-0.2000000000	0.0100000000	0.0010000000	100	100	0	0.975751
2160000	-0.2000000000	0.0100000000	0.0010000000	100	100	0	0.977288
2161000	-0.2000000000	0.0100000000	0.0010000000	100	100	0	0.945220
2162000	-0.2000000000	0.0100000000	0.0010000000	100	100	0	0.933339
2163000	-0.2000000000	0.0100000000	0.0010000000	100	100	0	0.932402
2164000	-0.2000000000	0.0100000000	0.0010000000	100	100	0	0.933339
2165000	-0.2000000000	0.0100000000	0.0010000000	100	100	0	0.930529
2166000	-0.2000000000	0.0100000000	0.0010000000	100	100	0	0.933339
2167000	-0.2000000000	0.0100000000	0.0010000000	100	100	0	0.933339
2168000	-0.2000000000	0.0100000000	0.0010000000	100	100	0	0.929592
2169000	-0.2000000000	0.0100000000	0.0010000000	100	100	0	0.932402
2170000	-0.2000000000	0.0100000000	0.0010000000	100	100	0	0.933339
2171000	-0.2000000000	0.0100000000	0.0010000000	100	100	0	0.931934
2172000	-0.2000000000	0.0100000000	0.0010000000	100	100	0	0.932559
2173000	-0.2000000000	0.0100000000	0.0010000000	100	100	0	0.931778
2174000	-0.2000000000	0.0100000000	0.0010000000	100	100	0	0.933339
2175000	-0.2000000000	0.0100000000	0.0010000000	100	100	0	0.933339
2176000	-0.2000000000	0.0100000000	0.0010000000	100	100	0	0.913280
2177000	-0.2000000000	0.0100000000	0.0010000000	100	100	0	0.930372
2178000	-0.2000000000	0.0100000000	0.0010000000	100	100	0	0.932090
2179000	-0.2000000000	0.0100000000	0.0010000000	100	100	0	0.931934
2180000	-0.2000000000	0.0100000000	0.0010000000	100	100	0	0.948588
2181000	-0.2000000000	0.0100000000	0.0010000000	100	100	0	0.962876
2182000	-0.2000000000	0.0100000000	0.0010000000	100	100	0	0.963318
2183000	-0.2000000000	0.0100000000	0.0010000000	100	100	0	0.948588
2184000	-0.2000000000	0.0100000000	0.0010000000	100	100	0	0.948588
2185000	-0.2000000000	0.0100000000	0.0010000000	100	100	0	0.947216
2186000	-0.2000000000	0.0100000000	0.0010000000	100	100	0	0.957573
2187000	-0.2000000000	0.0100000000	0.0010000000	100	100	0	0.963318
2188000	-0.2000000000	0.0100000000	0.0010000000	100	100	0	0.963318
2189000	-0.2000000000	0.0100000000	0.0010000000	100	100	0	0.933339
2190000	-0.2000000000	0.0100000000	0.0010000000	100	100	0	0.933339
2191000	-0.2000000000	0.0100000000	0.0010000000	100	100	0	0.927093
2192000	-0.2000000000	0.0100000000	0.0010000000	100	100	0	0.933183
2193000	-0.2000000000	0.0100000000	0.0010000000	100	100	0	0.933339
2194000	-0.2000000000	0.0100000000	0.0010000000	100	100	0	0.933183
2195000	-0.2000000000	0.0100000000	0.0010000000	100	100	0	0.933183
2196000	-0.2000000000	0.0100000000	0.0010000000	100	100	0	0.932871
2197000	-0.2000000000	0.0100000000	0.0010000000	100	100	0	0.933339
2198000	-0.2000000000	0.0100000000	0.0010000000	100	100	0	0.932871
2199000	-0.2000000000	0.0100000000	0.0010000000	100	100	0	0.931153
2200000	-0.2000000000	0.0100000000	0.0010000000	100	100	0	0.933339
2201000	-0.2000000000	0.0100000000	0.0010000000	100	100	0	0.933339
2202000	-0.2000000000	0.0100000000	0.0010000000	100	100	0	0.929592
2203000	-0.2000000000	0.0100000000	0.0010000000	100	100	0	0.933492
2204000	-0.2000000000	0.0100000000	0.0010000000	100	100	0	0.935169
2205000	-0.2000000000	0.0100000000	0.0010000000	100	100	0	0.948588
2206000	-0.2000000000	0.0100000000	0.0010000000	100	100	0	0.943099
2207000	-0.2000000000	0.0100000000	0.0010000000	100	100	0	0.933339
2208000	-0.2000000000	0.0100000000	0.0010000000	100	100	0	0.933339
2209000	-0.2000000000	0.0100000000	0.0010000000	100	100	0	0.933339
2210000	-0.2000000000	0.0100000000	0.0010000000	100	100	0	0.933619
2211000	-0.2000000000	0.0100000000	0.0010000000	100	100	0	0.927718
2212000	-0.2000000000	0.0100000000	0.0010000000	100	100	0	0.933027
2213000	-0.2000000000	0.0100000000	0.0010000000	100	100	0	0.934243
2214000	-0.2000000000	0.0100000000	0.0010000000	100	100	0	0.945836
2215000	-0.2000000000	0.0100000000	0.0010000000	100	100	0	0.929436
2216000	-0.2000000000	0.0100000000	0.0010000000	100	100	0	0.933027
2217000	-0.2000000000	0.0100000000	0.0010000000	100	100	0	0.899407
2218000	-0.2000000000	0.0100000000	0.0010000000	100	100	0	0.915820
2219000	-0.2000000000	0.0100000000	0.0010000000	100	100	0	0.917724
2220000	-0.2000000000	0.0100000000	0.0010000000	100	100	0	0.917090
2221000	-0.2000000000	0.0100000000	0.0010000000	100	100	0	0.917881
2222000	-0.2000000000	0.0100000000	0.0010000000	100	100	0	0.933339
2223000	-0.2000000000	0.0100000000	0.0010000000	100	100	0	0.933339
2224000	-0.2000000000	0.0100000000	0.0010000000	100	100	0	0.933183
2225000	-0.2000000000	0.0100000000	0.0010000000	100	100	0	0.933339
2226000	-0.2000000000	0.0100000000	0.0010000000	100	100	0	0.933027
2227000	-0.2000000000	0.0100000000	0.0010000000	100	100	0	0.929589
2228000	-0.2000000000	0.0100000000	0.0010000000	100	100	0	0.932871
2229000	-0.2000000000	0.0100000000	0.0010000000	100	100	0	0.933339
2230000	-0.2000000000	0.0100000000	0.0010000000	100	100	0	0.933339
2231000	-0.2000000000	0.0100000000	0.0010000000	100	100	0	0.917248
2232000	-0.2000000000	0.0100000000	0.0010000000	100	100	0	0.917090
2233000	-0.2000000000	0.0100000000	0.0010000000	100	100	0	0.901692
2234000	-0.2000000000	0.0100000000	0.0010000000	100	100	0	0.901853
2235000	-0.2000000000	0.0100000000	0.0010000000	100	100	0	0.901853
2236000	-0.2000000000	0.0100000000	0.0010000000	100	100	0	0.901532
2237000	-0.2000000000	0.0100000000	0.0010000000	100	100	0	0.900729
2238000	-0.2000000000	0.0100000000	0.0010000000	100	100	0	0.902011
2239000	-0.2000000000	0.0100000000	0.0010000000	100	100	0	0.901853
2240000	-0.2000000000	0.0100000000	0.0010000000	100	100	0	0.895755
2241000	-0.2000000000	0.0100000000	0.0010000000	100	100	0	0.901853
2242000	-0.2000000000	0.0100000000	0.0010000000	100	100	0	0.903438
2243000	-0.2000000000	0.0100000000	0.0010000000	100	100	0	0.900408
2244000	-0.2000000000	0.0100000000	0.0010000000	100	100	0	0.901853
2245000	-0.2000000000	0.0100000000	0.0010000000	100	100	0	0.901692
2246000	-0.2000000000	0.0100000000	0.0010000000	100	100	0	0.898322
2247000	-0.2000000000	0.0100000000	0.0010000000	100	100	0	0.901853
2248000	-0.2000000000	0.0100000000	0.0010000000	100	100	0	0.901692
2249000	-0.2000000000	0.0100000000	0.0010000000	100	100	0	0.917724
2250000	-0.2000000000	0.0100000000	0.0010000000	100	100	0	0.917724
2251000	-0.2000000000	0.0100000000	0.0010000000	100	100	0	0.914233
2252000	-0.2000000000	0.0100000000	0.0010000000	100	100	0	0.915656
2253000	-0.2000000000	0.0100000000	0.0010000000	100	100	0	0.918817
2254000	-0.2000000000	0.0100000000	0.0010000000	100	100	0	0.916613
2255000	-0.2000000000	0.0100000000	0.0010000000	100	100	0	0.917407
2256000	-0.2000000000	0.0100000000	0.0010000000	100	100	0	0.911058
2257000	-0.2000000000	0.0100000000	0.0010000000	100	100	0	0.917248
2258000	-0.2000000000	0.0100000000	0.0010000000	100	100	0	0.915661
2259000	-0.2000000000	0.0100000000	0.0010000000	100	100	0	0.931309
2260000	-0.2000000000	0.0100000000	0.0010000000	100	100	0	0.933339
2261000	-0.2000000000	0.0100000000	0.0010000000	100	100	0	0.932559
2262000	-0.2000000000	0.0100000000	0.0010000000	100	100	0	0.931153
2263000	-0.2000000000	0.0100000000	0.0010000000	100	100	0	0.930997
2264000	-0.2000000000	0.0100000000	0.0010000000	100	100	0	0.933183
2265000	-0.2000000000	0.0100000000	0.0010000000	100	100	0	0.932559
2266000	-0.2000000000	0.0100000000	0.0010000000	100	100	0	0.917090
2267000	-0.2000000000	0.0100000000	0.0010000000	100	100	0	0.917090
2268000	-0.2000000000	0.0100000000	0.0010000000	100	100	0	0.917724
2269000	-0.2000000000	0.0100000000	0.0010000000	100	100	0	0.948588
2270000	-0.2000000000	0.0100000000	0.0010000000	100	100	0	0.948588
2271000	-0.2000000000	0.0100000000	0.0010000000	100	100	0	0.948588
2272000	-0.2000000000	0.0100000000	0.0010000000	100	100	0	0.947978
2273000	-0.2000000000	0.0100000000	0.0010000000	100	100	0	0.948588
2274000	-0.2000000000	0.0100000000	0.0010000000	100	100	0	0.948588
2275000	-0.2000000000	0.0100000000	0.0010000000	100	100	0	0.946758
2276000	-0.2000000000	0.0100000000	0.0010000000	100	100	0	0.948131
2277000	-0.2000000000	0.0100000000	0.0010000000	100	100	0	0.948588
2278000	-0.2000000000	0.0100000000	0.0010000000	100	100	0	0.963318
2279000	-0.2000000000	0.0100000000	0.0010000000	100	100	0	0.963318
2280000	-0.2000000000	0.0100000000	0.0010000000	100	100	0	0.963318
2281000	-0.2000000000	0.0100000000	0.0010000000	100	100	0	0.963318
2282000	-0.2000000000	0.0100000000	0.0010000000	100	100	0	0.963318
2283000	-0.2000000000	0.0100000000	0.0010000000	100	100	0	0.960961
2284000	-0.2000000000	0.0100000000	0.0010000000	100	100	0	0.963318
2285000	-0.2000000000	0.0100000000	0.0010000000	100	100	0	0.963318
2286000	-0.2000000000	0.0100000000	0.0010000000	100	100	0	0.961698
2287000	-0.2000000000	0.0100000000	0.0010000000	100	100	0	0.963318
2288000	-0.2000000000	0.0100000000	0.0010000000	100	100	0	0.963318
2289000	-0.2000000000	0.0100000000	0.0010000000	100	100	0	0.977288
2290000	-0.2000000000	0.0100000000	0.0010000000	100	100	0	0.977288
2291000	-0.2000000000	0.0100000000	0.0010000000	100	100	0	0.977148
2292000	-0.2000000000	0.0100000000	0.0010000000	100	100	0	0.977288
2293000	-0.2000000000	0.0100000000	0.0010000000	100	100	0	0.963318
2294000	-0.2000000000	0.0100000000	0.0010000000	100	100	0	0.976450
2295000	-0.2000000000	0.0100000000	0.0010000000	100	100	0	0.977288
2296000	-0.2000000000	0.0100000000	0.0010000000	100	100	0	0.977288
2297000	-0.2000000000	0.0100000000	0.0010000000	100	100	0	0.976435
2298000	-0.2000000000	0.0100000000	0.0010000000	100	100	0	0.977288
2299000	-0.2000000000	0.0100000000	0.0010000000	100	100	0	0.977288
2300000	-0.2000000000	0.0100000000	0.0010000000	100	100	0	0.972678
2301000	-0.2000000000	0.0100000000	0.0010000000	100	100	0	0.976589
2302000	-0.2000000000	0.0100000000	0.0010000000	100	100	0	0.977288
2303000	-0.2000000000	0.0100000000	0.0010000000	100	100	0	0.975891
2304000	-0.2000000000	0.0100000000	0.0010000000	100	100	0	0.963318
2305000	-0.2000000000	0.0100000000	0.0010000000	100	100	0	0.963023
2306000	-0.2000000000	0.0100000000	0.0010000000	100	100	0	0.962434
2307000	-0.2000000000	0.0100000000	0.0010000000	100	100	0	0.963318
2308000	-0.2000000000	0.0100000000	0.0010000000	100	100	0	0.963023
2309000	-0.2000000000	0.0100000000	0.0010000000	100	100	0	0.963170
2310000	-0.2000000000	0.0100000000	0.0010000000	100	100	0	0.962729
2311000	-0.2000000000	0.0100000000	0.0010000000	100	100	0	0.948588
2312000	-0.2000000000	0.0100000000	0.0010000000	100	100	0	0.933339
2313000	-0.2000000000	0.0100000000	0.0010000000	100	100	0	0.927874
2314000	-0.2000000000	0.0100000000	0.0010000000	100	100	0	0.933339
2315000	-0.2000000000	0.0100000000	0.0010000000	100	100	0	0.933492
2316000	-0.2000000000	0.0100000000	0.0010000000	100	100	0	0.947978
2317000	-0.2000000000	0.0100000000	0.0010000000	100	100	0	0.944308
2318000	-0.2000000000	0.0100000000	0.0010000000	100	100	0	0.948436
2319000	-0.2000000000	0.0100000000	0.0010000000	100	100	0	0.932871
2320000	-0.2000000000	0.0100000000	0.0010000000	100	100	0	0.931309
2321000	-0.2000000000	0.0100000000	0.0010000000	100	100	0	0.948588
2322000	-0.2000000000	0.0100000000	0.0010000000	100	100	0	0.962287
2323000	-0.2000000000	0.0100000000	0.0010000000	100	100	0	0.963318
2324000	-0.2000000000	0.0100000000	0.0010000000	100	100	0	0.948588
2325000	-0.2000000000	0.0100000000	0.0010000000	100	100	0	0.948436
2326000	-0.2000000000	0.0100000000	0.0010000000	100	100	0	0.948588
2327000	-0.2000000000	0.0100000000	0.0010000000	100	100	0	0.947514
2328000	-0.2000000000	0.0100000000	0.0010000000	100	100	0	0.948131
2329000	-0.2000000000	0.0100000000	0.0010000000	100	100	0	0.948588
2330000	-0.2000000000	0.0100000000	0.0010000000	100	100	0	0.962139
2331000	-0.2000000000	0.0100000000	0.0010000000	100	100	0	0.963318
2332000	-0.2000000000	0.0100000000	0.0010000000	100	100	0	0.956984
2333000	-0.2000000000	0.0100000000	0.0010000000	100	100	0	0.963170
2334000	-0.2000000000	0.0100000000	0.0010000000	100	100	0	0.959930
2335000	-0.2000000000	0.0100000000	0.0010000000	100	100	0	0.963318
2336000	-0.2000000000	0.0100000000	0.0010000000	100	100	0	0.960225
2337000	-0.2000000000	0.0100000000	0.0010000000	100	100	0	0.959783
2338000	-0.2000000000	0.0100000000	0.0010000000	100	100	0	0.948588
2339000	-0.2000000000	0.0100000000	0.0010000000	100	100	0	0.943099
2340000	-0.2000000000	0.0100000000	0.0010000000	100	100	0	0.926313
2341000	-0.2000000000	0.0100000000	0.0010000000	100	100	0	0.947978
2342000	-0.2000000000	0.0100000000	0.0010000000	100	100	0	0.948283
2343000	-0.2000000000	0.0100000000	0.0010000000	100	100	0	0.947521
2344000	-0.2000000000	0.0100000000	0.0010000000	100	100	0	0.944467
2345000	-0.2000000000	0.0100000000	0.0010000000	100	100	0	0.948436
2346000	-0.2000000000	0.0100000000	0.0010000000	100	100	0	0.948588
2347000	-0.2000000000	0.0100000000	0.0010000000	100	100	0	0.948588
2348000	-0.2000000000	0.0100000000	0.0010000000	100	100	0	0.949767
2349000	-0.2000000000	0.0100000000	0.0010000000	100	100	0	0.948283
2350000	-0.2000000000	0.0100000000	0.0010000000	100	100	0	0.948283
2351000	-0.2000000000	0.0100000000	0.0010000000	100	100	0	0.948436
2352000	-0.2000000000	0.0100000000	0.0010000000	100	100	0	0.947673
2353000	-0.2000000000	0.0100000000	0.0010000000	100	100	0	0.948588
2354000	-0.2000000000	0.0100000000	0.0010000000	100	100	0	0.948588
2355000	-0.2000000000	0.0100000000	0.0010000000	100	100	0	0.948588
2356000	-0.2000000000	0.0100000000	0.0010000000	100	100	0	0.948588
2357000	-0.2000000000	0.0100000000	0.0010000000	100	100	0	0.946149
2358000	-0.2000000000	0.0100000000	0.0010000000	100	100	0	0.954764
2359000	-0.2000000000	0.0100000000	0.0010000000	100	100	0	0.954333
2360000	-0.2000000000	0.0100000000	0.0010000000	100	100	0	0.956664
2361000	-0.2000000000	0.0100000000	0.0010000000	100	100	0	0.961550
2362000	-0.2000000000	0.0100000000	0.0010000000	100	100	0	0.948588
2363000	-0.2000000000	0.0100000000	0.0010000000	100	100	0	0.937380
2364000	-0.2000000000	0.0100000000	0.0010000000	100	100	0	0.946454
2365000	-0.2000000000	0.0100000000	0.0010000000	100	100	0	0.953154
2366000	-0.2000000000	0.0100000000	0.0010000000	100	100	0	0.936389
2367000	-0.2000000000	0.0100000000	0.0010000000	100	100	0	0.948588
2368000	-0.2000000000	0.0100000000	0.0010000000	100	100	0	0.948436
2369000	-0.2000000000	0.0100000000	0.0010000000	100	100	0	0.947826
2370000	-0.2000000000	0.0100000000	0.0010000000	100	100	0	0.948588
2371000	-0.2000000000	0.0100000000	0.0010000000	100	100	0	0.963318
2372000	-0.2000000000	0.0100000000	0.0010000000	100	100	0	0.963318
2373000	-0.2000000000	0.0100000000	0.0010000000	100	100	0	0.947978
2374000	-0.2000000000	0.0100000000	0.0010000000	100	100	0	0.947521
2375000	-0.2000000000	0.0100000000	0.0010000000	100	100	0	0.947975
2376000	-0.2000000000	0.0100000000	0.0010000000	100	100	0	0.942641
2377000	-0.2000000000	0.0100000000	0.0010000000	100	100	0	0.925532
2378000	-0.2000000000	0.0100000000	0.0010000000	100	100	0	0.915344
2379000	-0.2000000000	0.0100000000	0.0010000000	100	100	0	0.916135
2380000	-0.2000000000	0.0100000000	0.0010000000	100	100	0	0.917724
2381000	-0.2000000000	0.0100000000	0.0010000000	100	100	0	0.917724
2382000	-0.2000000000	0.0100000000	0.0010000000	100	100	0	0.917724
2383000	-0.2000000000	0.0100000000	0.0010000000	100	100	0	0.917724
2384000	-0.2000000000	0.0100000000	0.0010000000	100	100	0	0.916296
2385000	-0.2000000000	0.0100000000	0.0010000000	100	100	0	0.917566
2386000	-0.2000000000	0.0100000000	0.0010000000	100	100	0	0.901853
2387000	-0.2000000000	0.0100000000	0.0010000000	100	100	0	0.901853
2388000	-0.2000000000	0.0100000000	0.0010000000	100	100	0	0.901692
2389000	-0.2000000000	0.0100000000	0.0010000000	100	100	0	0.900082
2390000	-0.2000000000	0.0100000000	0.0010000000	100	100	0	0.901853
2391000	-0.2000000000	0.0100000000	0.0010000000	100	100	0	0.901853
2392000	-0.2000000000	0.0100000000	0.0010000000	100	100	0	0.901692
2393000	-0.2000000000	0.0100000000	0.0010000000	100	100	0	0.901371
2394000	-0.2000000000	0.0100000000	0.0010000000	100	100	0	0.901050
2395000	-0.2000000000	0.0100000000	0.0010000000	100	100	0	0.917724
2396000	-0.2000000000	0.0100000000	0.0010000000	100	100	0	0.917724
2397000	-0.2000000000	0.0100000000	0.0010000000	100	100	0	0.917407
2398000	-0.2000000000	0.0100000000	0.0010000000	100	100	0	0.917724
2399000	-0.2000000000	0.0100000000	0.0010000000	100	100	0	0.917724
2400000	-0.2000000000	0.0100000000	0.0010000000	100	100	0	0.917724
2401000	-0.2000000000	0.0100000000	0.0010000000	100	100	0	0.917566
2402000	-0.2000000000	0.0100000000	0.0010000000	100	100	0	0.915344
2403000	-0.2000000000	0.0100000000	0.0010000000	100	100	0	0.914855
2404000	-0.2000000000	0.0100000000	0.0010000000	100	100	0	0.910106
2405000	-0.2000000000	0.0100000000	0.0010000000	100	100	0	0.899285
2406000	-0.2000000000	0.0100000000	0.0010000000	100	100	0	0.901853
2407000	-0.2000000000	0.0100000000	0.0010000000	100	100	0	0.885321
2408000	-0.2000000000	0.0100000000	0.0010000000	100	100	0	0.885806
2409000	-0.2000000000	0.0100000000	0.0010000000	100	100	0	0.885321
2410000	-0.2000000000	0.0100000000	0.0010000000	100	100	0	0.885966
2411000	-0.2000000000	0.0100000000	0.0010000000	100	100	0	0.885644
2412000	-0.2000000000	0.0100000000	0.0010000000	100	100	0	0.901853
2413000	-0.2000000000	0.0100000000	0.0010000000	100	100	0	0.901692
2414000	-0.2000000000	0.0100000000	0.0010000000	100	100	0	0.901853
2415000	-0.2000000000	0.0100000000	0.0010000000	100	100	0	0.901853
2416000	-0.2000000000	0.0100000000	0.0010000000	100	100	0	0.914074
2417000	-0.2000000000	0.0100000000	0.0010000000	100	100	0	0.917724
2418000	-0.2000000000	0.0100000000	0.0010000000	100	100	0	0.901853
2419000	-0.2000000000	0.0100000000	0.0010000000	100	100	0	0.900890
2420000	-0.2000000000	0.0100000000	0.0010000000	100	100	0	0.901371
2421000	-0.2000000000	0.0100000000	0.0010000000	100	100	0	0.901692
2422000	-0.2000000000	0.0100000000	0.0010000000	100	100	0	0.901692
2423000	-0.2000000000	0.0100000000	0.0010000000	100	100	0	0.917248
2424000	-0.2000000000	0.0100000000	0.0010000000	100	100	0	0.917724
2425000	-0.2000000000	0.0100000000	0.0010000000	100	100	0	0.924439
2426000	-0.2000000000	0.0100000000	0.0010000000	100	100	0	0.948283
2427000	-0.2000000000	0.0100000000	0.0010000000	100	100	0	0.948588
2428000	-0.2000000000	0.0100000000	0.0010000000	100	100	0	0.930841
2429000	-0.2000000000	0.0100000000	0.0010000000	100	100	0	0.947354
2430000	-0.2000000000	0.0100000000	0.0010000000	100	100	0	0.939439
2431000	-0.2000000000	0.0100000000	0.0010000000	100	100	0	0.945691
2432000	-0.2000000000	0.0100000000	0.0010000000	100	100	0	0.948588
2433000	-0.2000000000	0.0100000000	0.0010000000	100	100	0	0.948588
2434000	-0.2000000000	0.0100000000	0.0010000000	100	100	0	0.946606
2435000	-0.2000000000	0.0100000000	0.0010000000	100	100	0	0.948588
2436000	-0.2000000000	0.0100000000	0.0010000000	100	100	0	0.946606
2437000	-0.2000000000	0.0100000000	0.0010000000	100	100	0	0.948736
2438000	-0.2000000000	0.0100000000	0.0010000000	100	100	0	0.943520
2439000	-0.2000000000	0.0100000000	0.0010000000	100	100	0	0.948436
2440000	-0.2000000000	0.0100000000	0.0010000000	100	100	0	0.948588
2441000	-0.2000000000	0.0100000000	0.0010000000	100	100	0	0.948588
2442000	-0.2000000000	0.0100000000	0.0010000000	100	100	0	0.948588
2443000	-0.2000000000	0.0100000000	0.0010000000	100	100	0	0.945234
2444000	-0.2000000000	0.0100000000	0.0010000000	100	100	0	0.932871
2445000	-0.2000000000	0.0100000000	0.0010000000	100	100	0	0.914709
2446000	-0.2000000000	0.0100000000	0.0010000000	100	100	0	0.917724
2447000	-0.2000000000	0.0100000000	0.0010000000	100	100	0	0.917724
2448000	-0.2000000000	0.0100000000	0.0010000000	100	100	0	0.901853
2449000	-0.2000000000	0.0100000000	0.0010000000	100	100	0	0.901853
2450000	-0.2000000000	0.0100000000	0.0010000000	100	100	0	0.901853
2451000	-0.2000000000	0.0100000000	0.0010000000	100	100	0	0.901692
2452000	-0.2000000000	0.0100000000	0.0010000000	100	100	0	0.899927
2453000	-0.2000000000	0.0100000000	0.0010000000	100	100	0	0.898482
2454000	-0.2000000000	0.0100000000	0.0010000000	100	100	0	0.901853
2455000	-0.2000000000	0.0100000000	0.0010000000	100	100	0	0.914391
2456000	-0.2000000000	0.0100000000	0.0010000000	100	100	0	0.917724
2457000	-0.2000000000	0.0100000000	0.0010000000	100	100	0	0.933339
2458000	-0.2000000000	0.0100000000	0.0010000000	100	100	0	0.933183
2459000	-0.2000000000	0.0100000000	0.0010000000	100	100	0	0.948436
2460000	-0.2000000000	0.0100000000	0.0010000000	100	100	0	0.949472
2461000	-0.2000000000	0.0100000000	0.0010000000	100	100	0	0.947826
2462000	-0.2000000000	0.0100000000	0.0010000000	100	100	0	0.948588
2463000	-0.2000000000	0.0100000000	0.0010000000	100	100	0	0.945386
2464000	-0.2000000000	0.0100000000	0.0010000000	100	100	0	0.933339
2465000	-0.2000000000	0.0100000000	0.0010000000	100	100	0	0.931466
2466000	-0.2000000000	0.0100000000	0.0010000000	100	100	0	0.933339
2467000	-0.2000000000	0.0100000000	0.0010000000	100	100	0	0.948588
2468000	-0.2000000000	0.0100000000	0.0010000000	100	100	0	0.948588
2469000	-0.2000000000	0.0100000000	0.0010000000	100	100	0	0.948588
2470000	-0.2000000000	0.0100000000	0.0010000000	100	100	0	0.948588
2471000	-0.2000000000	0.0100000000	0.0010000000	100	100	0	0.948588
2472000	-0.2000000000	0.0100000000	0.0010000000	100	100	0	0.948436
2473000	-0.2000000000	0.0100000000	0.0010000000	100	100	0	0.963318
2474000	-0.2000000000	0.0100000000	0.0010000000	100	100	0	0.963318
2475000	-0.2000000000	0.0100000000	0.0010000000	100	100	0	0.963318
2476000	-0.2000000000	0.0100000000	0.0010000000	100	100	0	0.963318
2477000	-0.2000000000	0.0100000000	0.0010000000	100	100	0	0.961698
2478000	-0.2000000000	0.0100000000	0.0010000000	100	100	0	0.959904
2479000	-0.2000000000	0.0100000000	0.0010000000	100	100	0	0.963318
2480000	-0.2000000000	0.0100000000	0.0010000000	100	100	0	0.963170
2481000	-0.2000000000	0.0100000000	0.0010000000	100	100	0	0.963318
2482000	-0.2000000000	0.0100000000	0.0010000000	100	100	0	0.963318
2483000	-0.2000000000	0.0100000000	0.0010000000	100	100	0	0.962729
2484000	-0.2000000000	0.0100000000	0.0010000000	100	100	0	0.962876
2485000	-0.2000000000	0.0100000000	0.0010000000	100	100	0	0.948588
2486000	-0.2000000000	0.0100000000	0.0010000000	100	100	0	0.940659
2487000	-0.2000000000	0.0100000000	0.0010000000	100	100	0	0.934559
2488000	-0.2000000000	0.0100000000	0.0010000000	100	100	0	0.933339
2489000	-0.2000000000	0.0100000000	0.0010000000	100	100	0	0.929592
2490000	-0.2000000000	0.0100000000	0.0010000000	100	100	0	0.930372
2491000	-0.2000000000	0.0100000000	0.0010000000	100	100	0	0.930841
2492000	-0.2000000000	0.0100000000	0.0010000000	100	100	0	0.948588
2493000	-0.2000000000	0.0100000000	0.0010000000	100	100	0	0.963318
2494000	-0.2000000000	0.0100000000	0.0010000000	100	100	0	0.972259
2495000	-0.2000000000	0.0100000000	0.0010000000	100	100	0	0.977288
2496000	-0.2000000000	0.0100000000	0.0010000000	100	100	0	0.976729
2497000	-0.2000000000	0.0100000000	0.0010000000	100	100	0	0.977148
2498000	-0.2000000000	0.0100000000	0.0010000000	100	100	0	0.976869
2499000	-0.2000000000	0.0100000000	0.0010000000	100	100	0	0.977288
2500000	-0.2000000000	0.0100000000	0.0010000000	100	100	0	0.976148
