time	epistasis_coef	sel_coef	mu_prob	Ne	L	k_start	mean_fitness
1500000	-0.6000000000	0.0010000000	0.0001000000	100	100	0	0.903064
1501000	-0.6000000000	0.0010000000	0.0001000000	100	100	0	0.903064
1502000	-0.6000000000	0.0010000000	0.0001000000	100	100	0	0.903064
1503000	-0.6000000000	0.0010000000	0.0001000000	100	100	0	0.903064
1504000	-0.6000000000	0.0010000000	0.0001000000	100	100	0	0.903064
1505000	-0.6000000000	0.0010000000	0.0001000000	100	100	0	0.903064
1506000	-0.6000000000	0.0010000000	0.0001000000	100	100	0	0.903064
1507000	-0.6000000000	0.0010000000	0.0001000000	100	100	0	0.903064
1508000	-0.6000000000	0.0010000000	0.0001000000	100	100	0	0.903064
1509000	-0.6000000000	0.0010000000	0.0001000000	100	100	0	0.903064
1510000	-0.6000000000	0.0010000000	0.0001000000	100	100	0	0.903064
1511000	-0.6000000000	0.0010000000	0.0001000000	100	100	0	0.903064
1512000	-0.6000000000	0.0010000000	0.0001000000	100	100	0	0.903064
1513000	-0.6000000000	0.0010000000	0.0001000000	100	100	0	0.903064
1514000	-0.6000000000	0.0010000000	0.0001000000	100	100	0	0.903064
1515000	-0.6000000000	0.0010000000	0.0001000000	100	100	0	0.903064
1516000	-0.6000000000	0.0010000000	0.0001000000	100	100	0	0.902982
1517000	-0.6000000000	0.0010000000	0.0001000000	100	100	0	0.903064
1518000	-0.6000000000	0.0010000000	0.0001000000	100	100	0	0.903064
1519000	-0.6000000000	0.0010000000	0.0001000000	100	100	0	0.911148
1520000	-0.6000000000	0.0010000000	0.0001000000	100	100	0	0.911148
1521000	-0.6000000000	0.0010000000	0.0001000000	100	100	0	0.911148
1522000	-0.6000000000	0.0010000000	0.0001000000	100	100	0	0.911148
1523000	-0.6000000000	0.0010000000	0.0001000000	100	100	0	0.911148
1524000	-0.6000000000	0.0010000000	0.0001000000	100	100	0	0.911148
1525000	-0.6000000000	0.0010000000	0.0001000000	100	100	0	0.919019
1526000	-0.6000000000	0.0010000000	0.0001000000	100	100	0	0.919019
1527000	-0.6000000000	0.0010000000	0.0001000000	100	100	0	0.919019
1528000	-0.6000000000	0.0010000000	0.0001000000	100	100	0	0.919019
1529000	-0.6000000000	0.0010000000	0.0001000000	100	100	0	0.919019
1530000	-0.6000000000	0.0010000000	0.0001000000	100	100	0	0.919019
1531000	-0.6000000000	0.0010000000	0.0001000000	100	100	0	0.919019
1532000	-0.6000000000	0.0010000000	0.0001000000	100	100	0	0.919019
1533000	-0.6000000000	0.0010000000	0.0001000000	100	100	0	0.926512
1534000	-0.6000000000	0.0010000000	0.0001000000	100	100	0	0.926665
1535000	-0.6000000000	0.0010000000	0.0001000000	100	100	0	0.926665
1536000	-0.6000000000	0.0010000000	0.0001000000	100	100	0	0.926665
1537000	-0.6000000000	0.0010000000	0.0001000000	100	100	0	0.926665
1538000	-0.6000000000	0.0010000000	0.0001000000	100	100	0	0.926665
1539000	-0.6000000000	0.0010000000	0.0001000000	100	100	0	0.926665
1540000	-0.6000000000	0.0010000000	0.0001000000	100	100	0	0.919019
1541000	-0.6000000000	0.0010000000	0.0001000000	100	100	0	0.919019
1542000	-0.6000000000	0.0010000000	0.0001000000	100	100	0	0.919019
1543000	-0.6000000000	0.0010000000	0.0001000000	100	100	0	0.919019
1544000	-0.6000000000	0.0010000000	0.0001000000	100	100	0	0.919019
1545000	-0.6000000000	0.0010000000	0.0001000000	100	100	0	0.919019
1546000	-0.6000000000	0.0010000000	0.0001000000	100	100	0	0.919019
1547000	-0.6000000000	0.0010000000	0.0001000000	100	100	0	0.919019
1548000	-0.6000000000	0.0010000000	0.0001000000	100	100	0	0.919019
1549000	-0.6000000000	0.0010000000	0.0001000000	100	100	0	0.915713
1550000	-0.6000000000	0.0010000000	0.0001000000	100	100	0	0.919019
1551000	-0.6000000000	0.0010000000	0.0001000000	100	100	0	0.919019
1552000	-0.6000000000	0.0010000000	0.0001000000	100	100	0	0.919019
1553000	-0.6000000000	0.0010000000	0.0001000000	100	100	0	0.919019
1554000	-0.6000000000	0.0010000000	0.0001000000	100	100	0	0.919019
1555000	-0.6000000000	0.0010000000	0.0001000000	100	100	0	0.919019
1556000	-0.6000000000	0.0010000000	0.0001000000	100	100	0	0.919019
1557000	-0.6000000000	0.0010000000	0.0001000000	100	100	0	0.919019
1558000	-0.6000000000	0.0010000000	0.0001000000	100	100	0	0.919019
1559000	-0.6000000000	0.0010000000	0.0001000000	100	100	0	0.919019
1560000	-0.6000000000	0.0010000000	0.0001000000	100	100	0	0.919019
1561000	-0.6000000000	0.0010000000	0.0001000000	100	100	0	0.919019
1562000	-0.6000000000	0.0010000000	0.0001000000	100	100	0	0.918940
1563000	-0.6000000000	0.0010000000	0.0001000000	100	100	0	0.919019
1564000	-0.6000000000	0.0010000000	0.0001000000	100	100	0	0.919095
1565000	-0.6000000000	0.0010000000	0.0001000000	100	100	0	0.919019
1566000	-0.6000000000	0.0010000000	0.0001000000	100	100	0	0.919019
1567000	-0.6000000000	0.0010000000	0.0001000000	100	100	0	0.919019
1568000	-0.6000000000	0.0010000000	0.0001000000	100	100	0	0.919019
1569000	-0.6000000000	0.0010000000	0.0001000000	100	100	0	0.919019
1570000	-0.6000000000	0.0010000000	0.0001000000	100	100	0	0.919019
1571000	-0.6000000000	0.0010000000	0.0001000000	100	100	0	0.919019
1572000	-0.6000000000	0.0010000000	0.0001000000	100	100	0	0.919019
1573000	-0.6000000000	0.0010000000	0.0001000000	100	100	0	0.926665
1574000	-0.6000000000	0.0010000000	0.0001000000	100	100	0	0.926665
1575000	-0.6000000000	0.0010000000	0.0001000000	100	100	0	0.926665
1576000	-0.6000000000	0.0010000000	0.0001000000	100	100	0	0.926665
1577000	-0.6000000000	0.0010000000	0.0001000000	100	100	0	0.926665
1578000	-0.6000000000	0.0010000000	0.0001000000	100	100	0	0.926665
1579000	-0.6000000000	0.0010000000	0.0001000000	100	100	0	0.926665
1580000	-0.6000000000	0.0010000000	0.0001000000	100	100	0	0.926665
1581000	-0.6000000000	0.0010000000	0.0001000000	100	100	0	0.919019
1582000	-0.6000000000	0.0010000000	0.0001000000	100	100	0	0.919019
1583000	-0.6000000000	0.0010000000	0.0001000000	100	100	0	0.919019
1584000	-0.6000000000	0.0010000000	0.0001000000	100	100	0	0.919019
1585000	-0.6000000000	0.0010000000	0.0001000000	100	100	0	0.919019
1586000	-0.6000000000	0.0010000000	0.0001000000	100	100	0	0.919019
1587000	-0.6000000000	0.0010000000	0.0001000000	100	100	0	0.919019
1588000	-0.6000000000	0.0010000000	0.0001000000	100	100	0	0.926665
1589000	-0.6000000000	0.0010000000	0.0001000000	100	100	0	0.926665
1590000	-0.6000000000	0.0010000000	0.0001000000	100	100	0	0.926665
1591000	-0.6000000000	0.0010000000	0.0001000000	100	100	0	0.926665
1592000	-0.6000000000	0.0010000000	0.0001000000	100	100	0	0.926665
1593000	-0.6000000000	0.0010000000	0.0001000000	100	100	0	0.926665
1594000	-0.6000000000	0.0010000000	0.0001000000	100	100	0	0.926665
1595000	-0.6000000000	0.0010000000	0.0001000000	100	100	0	0.926665
1596000	-0.6000000000	0.0010000000	0.0001000000	100	100	0	0.926665
1597000	-0.6000000000	0.0010000000	0.0001000000	100	100	0	0.926665
1598000	-0.6000000000	0.0010000000	0.0001000000	100	100	0	0.926665
1599000	-0.6000000000	0.0010000000	0.0001000000	100	100	0	0.926665
1600000	-0.6000000000	0.0010000000	0.0001000000	100	100	0	0.926665
1601000	-0.6000000000	0.0010000000	0.0001000000	100	100	0	0.926665
1602000	-0.6000000000	0.0010000000	0.0001000000	100	100	0	0.926665
1603000	-0.6000000000	0.0010000000	0.0001000000	100	100	0	0.926588
1604000	-0.6000000000	0.0010000000	0.0001000000	100	100	0	0.920242
1605000	-0.6000000000	0.0010000000	0.0001000000	100	100	0	0.919019
1606000	-0.6000000000	0.0010000000	0.0001000000	100	100	0	0.919019
1607000	-0.6000000000	0.0010000000	0.0001000000	100	100	0	0.919019
1608000	-0.6000000000	0.0010000000	0.0001000000	100	100	0	0.918940
1609000	-0.6000000000	0.0010000000	0.0001000000	100	100	0	0.926665
1610000	-0.6000000000	0.0010000000	0.0001000000	100	100	0	0.926665
1611000	-0.6000000000	0.0010000000	0.0001000000	100	100	0	0.926665
1612000	-0.6000000000	0.0010000000	0.0001000000	100	100	0	0.934071
1613000	-0.6000000000	0.0010000000	0.0001000000	100	100	0	0.934071
1614000	-0.6000000000	0.0010000000	0.0001000000	100	100	0	0.934071
1615000	-0.6000000000	0.0010000000	0.0001000000	100	100	0	0.933997
1616000	-0.6000000000	0.0010000000	0.0001000000	100	100	0	0.934071
1617000	-0.6000000000	0.0010000000	0.0001000000	100	100	0	0.934071
1618000	-0.6000000000	0.0010000000	0.0001000000	100	100	0	0.934071
1619000	-0.6000000000	0.0010000000	0.0001000000	100	100	0	0.934071
1620000	-0.6000000000	0.0010000000	0.0001000000	100	100	0	0.934071
1621000	-0.6000000000	0.0010000000	0.0001000000	100	100	0	0.933774
1622000	-0.6000000000	0.0010000000	0.0001000000	100	100	0	0.934071
1623000	-0.6000000000	0.0010000000	0.0001000000	100	100	0	0.934071
1624000	-0.6000000000	0.0010000000	0.0001000000	100	100	0	0.934071
1625000	-0.6000000000	0.0010000000	0.0001000000	100	100	0	0.934071
1626000	-0.6000000000	0.0010000000	0.0001000000	100	100	0	0.934071
1627000	-0.6000000000	0.0010000000	0.0001000000	100	100	0	0.932664
1628000	-0.6000000000	0.0010000000	0.0001000000	100	100	0	0.926665
1629000	-0.6000000000	0.0010000000	0.0001000000	100	100	0	0.926665
1630000	-0.6000000000	0.0010000000	0.0001000000	100	100	0	0.926588
1631000	-0.6000000000	0.0010000000	0.0001000000	100	100	0	0.926665
1632000	-0.6000000000	0.0010000000	0.0001000000	100	100	0	0.926665
1633000	-0.6000000000	0.0010000000	0.0001000000	100	100	0	0.926665
1634000	-0.6000000000	0.0010000000	0.0001000000	100	100	0	0.926665
1635000	-0.6000000000	0.0010000000	0.0001000000	100	100	0	0.926665
1636000	-0.6000000000	0.0010000000	0.0001000000	100	100	0	0.926665
1637000	-0.6000000000	0.0010000000	0.0001000000	100	100	0	0.926665
1638000	-0.6000000000	0.0010000000	0.0001000000	100	100	0	0.926665
1639000	-0.6000000000	0.0010000000	0.0001000000	100	100	0	0.926665
1640000	-0.6000000000	0.0010000000	0.0001000000	100	100	0	0.926665
1641000	-0.6000000000	0.0010000000	0.0001000000	100	100	0	0.919019
1642000	-0.6000000000	0.0010000000	0.0001000000	100	100	0	0.918862
1643000	-0.6000000000	0.0010000000	0.0001000000	100	100	0	0.919019
1644000	-0.6000000000	0.0010000000	0.0001000000	100	100	0	0.919019
1645000	-0.6000000000	0.0010000000	0.0001000000	100	100	0	0.919019
1646000	-0.6000000000	0.0010000000	0.0001000000	100	100	0	0.919019
1647000	-0.6000000000	0.0010000000	0.0001000000	100	100	0	0.919019
1648000	-0.6000000000	0.0010000000	0.0001000000	100	100	0	0.919019
1649000	-0.6000000000	0.0010000000	0.0001000000	100	100	0	0.919019
1650000	-0.6000000000	0.0010000000	0.0001000000	100	100	0	0.919019
1651000	-0.6000000000	0.0010000000	0.0001000000	100	100	0	0.919019
1652000	-0.6000000000	0.0010000000	0.0001000000	100	100	0	0.919019
1653000	-0.6000000000	0.0010000000	0.0001000000	100	100	0	0.926665
1654000	-0.6000000000	0.0010000000	0.0001000000	100	100	0	0.926665
1655000	-0.6000000000	0.0010000000	0.0001000000	100	100	0	0.926665
1656000	-0.6000000000	0.0010000000	0.0001000000	100	100	0	0.926665
1657000	-0.6000000000	0.0010000000	0.0001000000	100	100	0	0.926665
1658000	-0.6000000000	0.0010000000	0.0001000000	100	100	0	0.926665
1659000	-0.6000000000	0.0010000000	0.0001000000	100	100	0	0.926665
1660000	-0.6000000000	0.0010000000	0.0001000000	100	100	0	0.926665
1661000	-0.6000000000	0.0010000000	0.0001000000	100	100	0	0.926961
1662000	-0.6000000000	0.0010000000	0.0001000000	100	100	0	0.926665
1663000	-0.6000000000	0.0010000000	0.0001000000	100	100	0	0.926665
1664000	-0.6000000000	0.0010000000	0.0001000000	100	100	0	0.934071
1665000	-0.6000000000	0.0010000000	0.0001000000	100	100	0	0.934071
1666000	-0.6000000000	0.0010000000	0.0001000000	100	100	0	0.934071
1667000	-0.6000000000	0.0010000000	0.0001000000	100	100	0	0.934071
1668000	-0.6000000000	0.0010000000	0.0001000000	100	100	0	0.934071
1669000	-0.6000000000	0.0010000000	0.0001000000	100	100	0	0.926665
1670000	-0.6000000000	0.0010000000	0.0001000000	100	100	0	0.926665
1671000	-0.6000000000	0.0010000000	0.0001000000	100	100	0	0.926665
1672000	-0.6000000000	0.0010000000	0.0001000000	100	100	0	0.926665
1673000	-0.6000000000	0.0010000000	0.0001000000	100	100	0	0.926665
1674000	-0.6000000000	0.0010000000	0.0001000000	100	100	0	0.926665
1675000	-0.6000000000	0.0010000000	0.0001000000	100	100	0	0.926588
1676000	-0.6000000000	0.0010000000	0.0001000000	100	100	0	0.923759
1677000	-0.6000000000	0.0010000000	0.0001000000	100	100	0	0.919019
1678000	-0.6000000000	0.0010000000	0.0001000000	100	100	0	0.926665
1679000	-0.6000000000	0.0010000000	0.0001000000	100	100	0	0.926665
1680000	-0.6000000000	0.0010000000	0.0001000000	100	100	0	0.926665
1681000	-0.6000000000	0.0010000000	0.0001000000	100	100	0	0.919019
1682000	-0.6000000000	0.0010000000	0.0001000000	100	100	0	0.918862
1683000	-0.6000000000	0.0010000000	0.0001000000	100	100	0	0.911148
1684000	-0.6000000000	0.0010000000	0.0001000000	100	100	0	0.911148
1685000	-0.6000000000	0.0010000000	0.0001000000	100	100	0	0.911148
1686000	-0.6000000000	0.0010000000	0.0001000000	100	100	0	0.911148
1687000	-0.6000000000	0.0010000000	0.0001000000	100	100	0	0.919019
1688000	-0.6000000000	0.0010000000	0.0001000000	100	100	0	0.919019
1689000	-0.6000000000	0.0010000000	0.0001000000	100	100	0	0.919019
1690000	-0.6000000000	0.0010000000	0.0001000000	100	100	0	0.918940
1691000	-0.6000000000	0.0010000000	0.0001000000	100	100	0	0.920395
1692000	-0.6000000000	0.0010000000	0.0001000000	100	100	0	0.919019
1693000	-0.6000000000	0.0010000000	0.0001000000	100	100	0	0.919019
1694000	-0.6000000000	0.0010000000	0.0001000000	100	100	0	0.919019
1695000	-0.6000000000	0.0010000000	0.0001000000	100	100	0	0.919019
1696000	-0.6000000000	0.0010000000	0.0001000000	100	100	0	0.919019
1697000	-0.6000000000	0.0010000000	0.0001000000	100	100	0	0.926665
1698000	-0.6000000000	0.0010000000	0.0001000000	100	100	0	0.926665
1699000	-0.6000000000	0.0010000000	0.0001000000	100	100	0	0.926665
1700000	-0.6000000000	0.0010000000	0.0001000000	100	100	0	0.926665
1701000	-0.6000000000	0.0010000000	0.0001000000	100	100	0	0.926665
1702000	-0.6000000000	0.0010000000	0.0001000000	100	100	0	0.926665
1703000	-0.6000000000	0.0010000000	0.0001000000	100	100	0	0.926665
1704000	-0.6000000000	0.0010000000	0.0001000000	100	100	0	0.926665
1705000	-0.6000000000	0.0010000000	0.0001000000	100	100	0	0.926665
1706000	-0.6000000000	0.0010000000	0.0001000000	100	100	0	0.926665
1707000	-0.6000000000	0.0010000000	0.0001000000	100	100	0	0.926665
1708000	-0.6000000000	0.0010000000	0.0001000000	100	100	0	0.926665
1709000	-0.6000000000	0.0010000000	0.0001000000	100	100	0	0.926665
1710000	-0.6000000000	0.0010000000	0.0001000000	100	100	0	0.926665
1711000	-0.6000000000	0.0010000000	0.0001000000	100	100	0	0.926665
1712000	-0.6000000000	0.0010000000	0.0001000000	100	100	0	0.926665
1713000	-0.6000000000	0.0010000000	0.0001000000	100	100	0	0.926665
1714000	-0.6000000000	0.0010000000	0.0001000000	100	100	0	0.926665
1715000	-0.6000000000	0.0010000000	0.0001000000	100	100	0	0.926665
1716000	-0.6000000000	0.0010000000	0.0001000000	100	100	0	0.926665
1717000	-0.6000000000	0.0010000000	0.0001000000	100	100	0	0.919019
1718000	-0.6000000000	0.0010000000	0.0001000000	100	100	0	0.919019
1719000	-0.6000000000	0.0010000000	0.0001000000	100	100	0	0.919019
1720000	-0.6000000000	0.0010000000	0.0001000000	100	100	0	0.919019
1721000	-0.6000000000	0.0010000000	0.0001000000	100	100	0	0.919019
1722000	-0.6000000000	0.0010000000	0.0001000000	100	100	0	0.919019
1723000	-0.6000000000	0.0010000000	0.0001000000	100	100	0	0.919019
1724000	-0.6000000000	0.0010000000	0.0001000000	100	100	0	0.919019
1725000	-0.6000000000	0.0010000000	0.0001000000	100	100	0	0.919019
1726000	-0.6000000000	0.0010000000	0.0001000000	100	100	0	0.919019
1727000	-0.6000000000	0.0010000000	0.0001000000	100	100	0	0.919019
1728000	-0.6000000000	0.0010000000	0.0001000000	100	100	0	0.919019
1729000	-0.6000000000	0.0010000000	0.0001000000	100	100	0	0.919019
1730000	-0.6000000000	0.0010000000	0.0001000000	100	100	0	0.919019
1731000	-0.6000000000	0.0010000000	0.0001000000	100	100	0	0.919019
1732000	-0.6000000000	0.0010000000	0.0001000000	100	100	0	0.919019
1733000	-0.6000000000	0.0010000000	0.0001000000	100	100	0	0.919019
1734000	-0.6000000000	0.0010000000	0.0001000000	100	100	0	0.919019
1735000	-0.6000000000	0.0010000000	0.0001000000	100	100	0	0.919019
1736000	-0.6000000000	0.0010000000	0.0001000000	100	100	0	0.919019
1737000	-0.6000000000	0.0010000000	0.0001000000	100	100	0	0.919019
1738000	-0.6000000000	0.0010000000	0.0001000000	100	100	0	0.919019
1739000	-0.6000000000	0.0010000000	0.0001000000	100	100	0	0.919019
1740000	-0.6000000000	0.0010000000	0.0001000000	100	100	0	0.919019
1741000	-0.6000000000	0.0010000000	0.0001000000	100	100	0	0.911148
1742000	-0.6000000000	0.0010000000	0.0001000000	100	100	0	0.911305
1743000	-0.6000000000	0.0010000000	0.0001000000	100	100	0	0.911148
1744000	-0.6000000000	0.0010000000	0.0001000000	100	100	0	0.911148
1745000	-0.6000000000	0.0010000000	0.0001000000	100	100	0	0.911148
1746000	-0.6000000000	0.0010000000	0.0001000000	100	100	0	0.903064
1747000	-0.6000000000	0.0010000000	0.0001000000	100	100	0	0.903064
1748000	-0.6000000000	0.0010000000	0.0001000000	100	100	0	0.903064
1749000	-0.6000000000	0.0010000000	0.0001000000	100	100	0	0.903064
1750000	-0.6000000000	0.0010000000	0.0001000000	100	100	0	0.903064
1751000	-0.6000000000	0.0010000000	0.0001000000	100	100	0	0.903064
1752000	-0.6000000000	0.0010000000	0.0001000000	100	100	0	0.903064
1753000	-0.6000000000	0.0010000000	0.0001000000	100	100	0	0.894782
1754000	-0.6000000000	0.0010000000	0.0001000000	100	100	0	0.894782
1755000	-0.6000000000	0.0010000000	0.0001000000	100	100	0	0.894782
1756000	-0.6000000000	0.0010000000	0.0001000000	100	100	0	0.894782
1757000	-0.6000000000	0.0010000000	0.0001000000	100	100	0	0.894782
1758000	-0.6000000000	0.0010000000	0.0001000000	100	100	0	0.894782
1759000	-0.6000000000	0.0010000000	0.0001000000	100	100	0	0.894782
1760000	-0.6000000000	0.0010000000	0.0001000000	100	100	0	0.894782
1761000	-0.6000000000	0.0010000000	0.0001000000	100	100	0	0.894782
1762000	-0.6000000000	0.0010000000	0.0001000000	100	100	0	0.886983
1763000	-0.6000000000	0.0010000000	0.0001000000	100	100	0	0.894782
1764000	-0.6000000000	0.0010000000	0.0001000000	100	100	0	0.894782
1765000	-0.6000000000	0.0010000000	0.0001000000	100	100	0	0.894863
1766000	-0.6000000000	0.0010000000	0.0001000000	100	100	0	0.894782
1767000	-0.6000000000	0.0010000000	0.0001000000	100	100	0	0.894782
1768000	-0.6000000000	0.0010000000	0.0001000000	100	100	0	0.894782
1769000	-0.6000000000	0.0010000000	0.0001000000	100	100	0	0.894782
1770000	-0.6000000000	0.0010000000	0.0001000000	100	100	0	0.894782
1771000	-0.6000000000	0.0010000000	0.0001000000	100	100	0	0.894782
1772000	-0.6000000000	0.0010000000	0.0001000000	100	100	0	0.894782
1773000	-0.6000000000	0.0010000000	0.0001000000	100	100	0	0.894782
1774000	-0.6000000000	0.0010000000	0.0001000000	100	100	0	0.899503
1775000	-0.6000000000	0.0010000000	0.0001000000	100	100	0	0.902071
1776000	-0.6000000000	0.0010000000	0.0001000000	100	100	0	0.897350
1777000	-0.6000000000	0.0010000000	0.0001000000	100	100	0	0.894782
1778000	-0.6000000000	0.0010000000	0.0001000000	100	100	0	0.894698
1779000	-0.6000000000	0.0010000000	0.0001000000	100	100	0	0.894782
1780000	-0.6000000000	0.0010000000	0.0001000000	100	100	0	0.894782
1781000	-0.6000000000	0.0010000000	0.0001000000	100	100	0	0.894782
1782000	-0.6000000000	0.0010000000	0.0001000000	100	100	0	0.894782
1783000	-0.6000000000	0.0010000000	0.0001000000	100	100	0	0.894782
1784000	-0.6000000000	0.0010000000	0.0001000000	100	100	0	0.894782
1785000	-0.6000000000	0.0010000000	0.0001000000	100	100	0	0.894782
1786000	-0.6000000000	0.0010000000	0.0001000000	100	100	0	0.894782
1787000	-0.6000000000	0.0010000000	0.0001000000	100	100	0	0.894782
1788000	-0.6000000000	0.0010000000	0.0001000000	100	100	0	0.894782
1789000	-0.6000000000	0.0010000000	0.0001000000	100	100	0	0.894782
1790000	-0.6000000000	0.0010000000	0.0001000000	100	100	0	0.894782
1791000	-0.6000000000	0.0010000000	0.0001000000	100	100	0	0.903064
1792000	-0.6000000000	0.0010000000	0.0001000000	100	100	0	0.903064
1793000	-0.6000000000	0.0010000000	0.0001000000	100	100	0	0.903064
1794000	-0.6000000000	0.0010000000	0.0001000000	100	100	0	0.903064
1795000	-0.6000000000	0.0010000000	0.0001000000	100	100	0	0.903064
1796000	-0.6000000000	0.0010000000	0.0001000000	100	100	0	0.903064
1797000	-0.6000000000	0.0010000000	0.0001000000	100	100	0	0.903064
1798000	-0.6000000000	0.0010000000	0.0001000000	100	100	0	0.903064
1799000	-0.6000000000	0.0010000000	0.0001000000	100	100	0	0.903064
1800000	-0.6000000000	0.0010000000	0.0001000000	100	100	0	0.903064
1801000	-0.6000000000	0.0010000000	0.0001000000	100	100	0	0.903064
1802000	-0.6000000000	0.0010000000	0.0001000000	100	100	0	0.903064
1803000	-0.6000000000	0.0010000000	0.0001000000	100	100	0	0.903307
1804000	-0.6000000000	0.0010000000	0.0001000000	100	100	0	0.903064
1805000	-0.6000000000	0.0010000000	0.0001000000	100	100	0	0.903064
1806000	-0.6000000000	0.0010000000	0.0001000000	100	100	0	0.903064
1807000	-0.6000000000	0.0010000000	0.0001000000	100	100	0	0.903064
1808000	-0.6000000000	0.0010000000	0.0001000000	100	100	0	0.903064
1809000	-0.6000000000	0.0010000000	0.0001000000	100	100	0	0.903064
1810000	-0.6000000000	0.0010000000	0.0001000000	100	100	0	0.900580
1811000	-0.6000000000	0.0010000000	0.0001000000	100	100	0	0.903064
1812000	-0.6000000000	0.0010000000	0.0001000000	100	100	0	0.903064
1813000	-0.6000000000	0.0010000000	0.0001000000	100	100	0	0.903064
1814000	-0.6000000000	0.0010000000	0.0001000000	100	100	0	0.903064
1815000	-0.6000000000	0.0010000000	0.0001000000	100	100	0	0.903064
1816000	-0.6000000000	0.0010000000	0.0001000000	100	100	0	0.903064
1817000	-0.6000000000	0.0010000000	0.0001000000	100	100	0	0.903064
1818000	-0.6000000000	0.0010000000	0.0001000000	100	100	0	0.903064
1819000	-0.6000000000	0.0010000000	0.0001000000	100	100	0	0.903064
1820000	-0.6000000000	0.0010000000	0.0001000000	100	100	0	0.903064
1821000	-0.6000000000	0.0010000000	0.0001000000	100	100	0	0.903064
1822000	-0.6000000000	0.0010000000	0.0001000000	100	100	0	0.903064
1823000	-0.6000000000	0.0010000000	0.0001000000	100	100	0	0.903064
1824000	-0.6000000000	0.0010000000	0.0001000000	100	100	0	0.902071
1825000	-0.6000000000	0.0010000000	0.0001000000	100	100	0	0.903064
1826000	-0.6000000000	0.0010000000	0.0001000000	100	100	0	0.903064
1827000	-0.6000000000	0.0010000000	0.0001000000	100	100	0	0.911148
1828000	-0.6000000000	0.0010000000	0.0001000000	100	100	0	0.911148
1829000	-0.6000000000	0.0010000000	0.0001000000	100	100	0	0.919019
1830000	-0.6000000000	0.0010000000	0.0001000000	100	100	0	0.919019
1831000	-0.6000000000	0.0010000000	0.0001000000	100	100	0	0.919019
1832000	-0.6000000000	0.0010000000	0.0001000000	100	100	0	0.918940
1833000	-0.6000000000	0.0010000000	0.0001000000	100	100	0	0.919019
1834000	-0.6000000000	0.0010000000	0.0001000000	100	100	0	0.919019
1835000	-0.6000000000	0.0010000000	0.0001000000	100	100	0	0.919019
1836000	-0.6000000000	0.0010000000	0.0001000000	100	100	0	0.919019
1837000	-0.6000000000	0.0010000000	0.0001000000	100	100	0	0.919019
1838000	-0.6000000000	0.0010000000	0.0001000000	100	100	0	0.919019
1839000	-0.6000000000	0.0010000000	0.0001000000	100	100	0	0.919019
1840000	-0.6000000000	0.0010000000	0.0001000000	100	100	0	0.919019
1841000	-0.6000000000	0.0010000000	0.0001000000	100	100	0	0.919019
1842000	-0.6000000000	0.0010000000	0.0001000000	100	100	0	0.919019
1843000	-0.6000000000	0.0010000000	0.0001000000	100	100	0	0.919019
1844000	-0.6000000000	0.0010000000	0.0001000000	100	100	0	0.919019
1845000	-0.6000000000	0.0010000000	0.0001000000	100	100	0	0.919019
1846000	-0.6000000000	0.0010000000	0.0001000000	100	100	0	0.919019
1847000	-0.6000000000	0.0010000000	0.0001000000	100	100	0	0.919019
1848000	-0.6000000000	0.0010000000	0.0001000000	100	100	0	0.919019
1849000	-0.6000000000	0.0010000000	0.0001000000	100	100	0	0.919019
1850000	-0.6000000000	0.0010000000	0.0001000000	100	100	0	0.919019
1851000	-0.6000000000	0.0010000000	0.0001000000	100	100	0	0.919019
1852000	-0.6000000000	0.0010000000	0.0001000000	100	100	0	0.919019
1853000	-0.6000000000	0.0010000000	0.0001000000	100	100	0	0.919019
1854000	-0.6000000000	0.0010000000	0.0001000000	100	100	0	0.919019
1855000	-0.6000000000	0.0010000000	0.0001000000	100	100	0	0.919019
1856000	-0.6000000000	0.0010000000	0.0001000000	100	100	0	0.919019
1857000	-0.6000000000	0.0010000000	0.0001000000	100	100	0	0.919019
1858000	-0.6000000000	0.0010000000	0.0001000000	100	100	0	0.917602
1859000	-0.6000000000	0.0010000000	0.0001000000	100	100	0	0.911148
1860000	-0.6000000000	0.0010000000	0.0001000000	100	100	0	0.911148
1861000	-0.6000000000	0.0010000000	0.0001000000	100	100	0	0.911148
1862000	-0.6000000000	0.0010000000	0.0001000000	100	100	0	0.903064
1863000	-0.6000000000	0.0010000000	0.0001000000	100	100	0	0.903064
1864000	-0.6000000000	0.0010000000	0.0001000000	100	100	0	0.903064
1865000	-0.6000000000	0.0010000000	0.0001000000	100	100	0	0.903064
1866000	-0.6000000000	0.0010000000	0.0001000000	100	100	0	0.903064
1867000	-0.6000000000	0.0010000000	0.0001000000	100	100	0	0.903064
1868000	-0.6000000000	0.0010000000	0.0001000000	100	100	0	0.903064
1869000	-0.6000000000	0.0010000000	0.0001000000	100	100	0	0.894782
1870000	-0.6000000000	0.0010000000	0.0001000000	100	100	0	0.894782
1871000	-0.6000000000	0.0010000000	0.0001000000	100	100	0	0.894782
1872000	-0.6000000000	0.0010000000	0.0001000000	100	100	0	0.894782
1873000	-0.6000000000	0.0010000000	0.0001000000	100	100	0	0.894782
1874000	-0.6000000000	0.0010000000	0.0001000000	100	100	0	0.894190
1875000	-0.6000000000	0.0010000000	0.0001000000	100	100	0	0.894782
1876000	-0.6000000000	0.0010000000	0.0001000000	100	100	0	0.894782
1877000	-0.6000000000	0.0010000000	0.0001000000	100	100	0	0.894782
1878000	-0.6000000000	0.0010000000	0.0001000000	100	100	0	0.894274
1879000	-0.6000000000	0.0010000000	0.0001000000	100	100	0	0.886314
1880000	-0.6000000000	0.0010000000	0.0001000000	100	100	0	0.886314
1881000	-0.6000000000	0.0010000000	0.0001000000	100	100	0	0.886314
1882000	-0.6000000000	0.0010000000	0.0001000000	100	100	0	0.886314
1883000	-0.6000000000	0.0010000000	0.0001000000	100	100	0	0.886399
1884000	-0.6000000000	0.0010000000	0.0001000000	100	100	0	0.877672
1885000	-0.6000000000	0.0010000000	0.0001000000	100	100	0	0.877672
1886000	-0.6000000000	0.0010000000	0.0001000000	100	100	0	0.877672
1887000	-0.6000000000	0.0010000000	0.0001000000	100	100	0	0.877672
1888000	-0.6000000000	0.0010000000	0.0001000000	100	100	0	0.877672
1889000	-0.6000000000	0.0010000000	0.0001000000	100	100	0	0.868867
1890000	-0.6000000000	0.0010000000	0.0001000000	100	100	0	0.868867
1891000	-0.6000000000	0.0010000000	0.0001000000	100	100	0	0.868867
1892000	-0.6000000000	0.0010000000	0.0001000000	100	100	0	0.868867
1893000	-0.6000000000	0.0010000000	0.0001000000	100	100	0	0.863852
1894000	-0.6000000000	0.0010000000	0.0001000000	100	100	0	0.868867
1895000	-0.6000000000	0.0010000000	0.0001000000	100	100	0	0.868867
1896000	-0.6000000000	0.0010000000	0.0001000000	100	100	0	0.868867
1897000	-0.6000000000	0.0010000000	0.0001000000	100	100	0	0.868778
1898000	-0.6000000000	0.0010000000	0.0001000000	100	100	0	0.868867
1899000	-0.6000000000	0.0010000000	0.0001000000	100	100	0	0.868867
1900000	-0.6000000000	0.0010000000	0.0001000000	100	100	0	0.868867
1901000	-0.6000000000	0.0010000000	0.0001000000	100	100	0	0.868867
1902000	-0.6000000000	0.0010000000	0.0001000000	100	100	0	0.868867
1903000	-0.6000000000	0.0010000000	0.0001000000	100	100	0	0.868867
1904000	-0.6000000000	0.0010000000	0.0001000000	100	100	0	0.868867
1905000	-0.6000000000	0.0010000000	0.0001000000	100	100	0	0.868867
1906000	-0.6000000000	0.0010000000	0.0001000000	100	100	0	0.868867
1907000	-0.6000000000	0.0010000000	0.0001000000	100	100	0	0.868867
1908000	-0.6000000000	0.0010000000	0.0001000000	100	100	0	0.868867
1909000	-0.6000000000	0.0010000000	0.0001000000	100	100	0	0.868867
1910000	-0.6000000000	0.0010000000	0.0001000000	100	100	0	0.868867
1911000	-0.6000000000	0.0010000000	0.0001000000	100	100	0	0.868867
1912000	-0.6000000000	0.0010000000	0.0001000000	100	100	0	0.868867
1913000	-0.6000000000	0.0010000000	0.0001000000	100	100	0	0.868867
1914000	-0.6000000000	0.0010000000	0.0001000000	100	100	0	0.868867
1915000	-0.6000000000	0.0010000000	0.0001000000	100	100	0	0.868867
1916000	-0.6000000000	0.0010000000	0.0001000000	100	100	0	0.868867
1917000	-0.6000000000	0.0010000000	0.0001000000	100	100	0	0.868867
1918000	-0.6000000000	0.0010000000	0.0001000000	100	100	0	0.868867
1919000	-0.6000000000	0.0010000000	0.0001000000	100	100	0	0.870100
1920000	-0.6000000000	0.0010000000	0.0001000000	100	100	0	0.868867
1921000	-0.6000000000	0.0010000000	0.0001000000	100	100	0	0.868867
1922000	-0.6000000000	0.0010000000	0.0001000000	100	100	0	0.868867
1923000	-0.6000000000	0.0010000000	0.0001000000	100	100	0	0.868867
1924000	-0.6000000000	0.0010000000	0.0001000000	100	100	0	0.868867
1925000	-0.6000000000	0.0010000000	0.0001000000	100	100	0	0.868867
1926000	-0.6000000000	0.0010000000	0.0001000000	100	100	0	0.868867
1927000	-0.6000000000	0.0010000000	0.0001000000	100	100	0	0.868867
1928000	-0.6000000000	0.0010000000	0.0001000000	100	100	0	0.868867
1929000	-0.6000000000	0.0010000000	0.0001000000	100	100	0	0.868778
1930000	-0.6000000000	0.0010000000	0.0001000000	100	100	0	0.868867
1931000	-0.6000000000	0.0010000000	0.0001000000	100	100	0	0.868867
1932000	-0.6000000000	0.0010000000	0.0001000000	100	100	0	0.868867
1933000	-0.6000000000	0.0010000000	0.0001000000	100	100	0	0.868867
1934000	-0.6000000000	0.0010000000	0.0001000000	100	100	0	0.868867
1935000	-0.6000000000	0.0010000000	0.0001000000	100	100	0	0.859911
1936000	-0.6000000000	0.0010000000	0.0001000000	100	100	0	0.859911
1937000	-0.6000000000	0.0010000000	0.0001000000	100	100	0	0.859911
1938000	-0.6000000000	0.0010000000	0.0001000000	100	100	0	0.859911
1939000	-0.6000000000	0.0010000000	0.0001000000	100	100	0	0.859911
1940000	-0.6000000000	0.0010000000	0.0001000000	100	100	0	0.859911
1941000	-0.6000000000	0.0010000000	0.0001000000	100	100	0	0.859911
1942000	-0.6000000000	0.0010000000	0.0001000000	100	100	0	0.868867
1943000	-0.6000000000	0.0010000000	0.0001000000	100	100	0	0.868867
1944000	-0.6000000000	0.0010000000	0.0001000000	100	100	0	0.867524
1945000	-0.6000000000	0.0010000000	0.0001000000	100	100	0	0.877672
1946000	-0.6000000000	0.0010000000	0.0001000000	100	100	0	0.877672
1947000	-0.6000000000	0.0010000000	0.0001000000	100	100	0	0.880611
1948000	-0.6000000000	0.0010000000	0.0001000000	100	100	0	0.877672
1949000	-0.6000000000	0.0010000000	0.0001000000	100	100	0	0.877672
1950000	-0.6000000000	0.0010000000	0.0001000000	100	100	0	0.877672
1951000	-0.6000000000	0.0010000000	0.0001000000	100	100	0	0.868867
1952000	-0.6000000000	0.0010000000	0.0001000000	100	100	0	0.877672
1953000	-0.6000000000	0.0010000000	0.0001000000	100	100	0	0.877672
1954000	-0.6000000000	0.0010000000	0.0001000000	100	100	0	0.877496
1955000	-0.6000000000	0.0010000000	0.0001000000	100	100	0	0.877672
1956000	-0.6000000000	0.0010000000	0.0001000000	100	100	0	0.877672
1957000	-0.6000000000	0.0010000000	0.0001000000	100	100	0	0.877672
1958000	-0.6000000000	0.0010000000	0.0001000000	100	100	0	0.877672
1959000	-0.6000000000	0.0010000000	0.0001000000	100	100	0	0.875119
1960000	-0.6000000000	0.0010000000	0.0001000000	100	100	0	0.877672
1961000	-0.6000000000	0.0010000000	0.0001000000	100	100	0	0.877672
1962000	-0.6000000000	0.0010000000	0.0001000000	100	100	0	0.877672
1963000	-0.6000000000	0.0010000000	0.0001000000	100	100	0	0.877672
1964000	-0.6000000000	0.0010000000	0.0001000000	100	100	0	0.877672
1965000	-0.6000000000	0.0010000000	0.0001000000	100	100	0	0.877672
1966000	-0.6000000000	0.0010000000	0.0001000000	100	100	0	0.877320
1967000	-0.6000000000	0.0010000000	0.0001000000	100	100	0	0.877672
1968000	-0.6000000000	0.0010000000	0.0001000000	100	100	0	0.886314
1969000	-0.6000000000	0.0010000000	0.0001000000	100	100	0	0.884413
1970000	-0.6000000000	0.0010000000	0.0001000000	100	100	0	0.886314
1971000	-0.6000000000	0.0010000000	0.0001000000	100	100	0	0.886314
1972000	-0.6000000000	0.0010000000	0.0001000000	100	100	0	0.886314
1973000	-0.6000000000	0.0010000000	0.0001000000	100	100	0	0.885018
1974000	-0.6000000000	0.0010000000	0.0001000000	100	100	0	0.886314
1975000	-0.6000000000	0.0010000000	0.0001000000	100	100	0	0.886314
1976000	-0.6000000000	0.0010000000	0.0001000000	100	100	0	0.885105
1977000	-0.6000000000	0.0010000000	0.0001000000	100	100	0	0.885709
1978000	-0.6000000000	0.0010000000	0.0001000000	100	100	0	0.877672
1979000	-0.6000000000	0.0010000000	0.0001000000	100	100	0	0.877672
1980000	-0.6000000000	0.0010000000	0.0001000000	100	100	0	0.877672
1981000	-0.6000000000	0.0010000000	0.0001000000	100	100	0	0.877672
1982000	-0.6000000000	0.0010000000	0.0001000000	100	100	0	0.877672
1983000	-0.6000000000	0.0010000000	0.0001000000	100	100	0	0.877672
1984000	-0.6000000000	0.0010000000	0.0001000000	100	100	0	0.877584
1985000	-0.6000000000	0.0010000000	0.0001000000	100	100	0	0.877672
1986000	-0.6000000000	0.0010000000	0.0001000000	100	100	0	0.877672
1987000	-0.6000000000	0.0010000000	0.0001000000	100	100	0	0.877584
1988000	-0.6000000000	0.0010000000	0.0001000000	100	100	0	0.877672
1989000	-0.6000000000	0.0010000000	0.0001000000	100	100	0	0.877672
1990000	-0.6000000000	0.0010000000	0.0001000000	100	100	0	0.877672
1991000	-0.6000000000	0.0010000000	0.0001000000	100	100	0	0.877672
1992000	-0.6000000000	0.0010000000	0.0001000000	100	100	0	0.877408
1993000	-0.6000000000	0.0010000000	0.0001000000	100	100	0	0.877672
1994000	-0.6000000000	0.0010000000	0.0001000000	100	100	0	0.877672
1995000	-0.6000000000	0.0010000000	0.0001000000	100	100	0	0.877672
1996000	-0.6000000000	0.0010000000	0.0001000000	100	100	0	0.877672
1997000	-0.6000000000	0.0010000000	0.0001000000	100	100	0	0.877584
1998000	-0.6000000000	0.0010000000	0.0001000000	100	100	0	0.877672
1999000	-0.6000000000	0.0010000000	0.0001000000	100	100	0	0.877672
2000000	-0.6000000000	0.0010000000	0.0001000000	100	100	0	0.877672
2001000	-0.6000000000	0.0010000000	0.0001000000	100	100	0	0.877672
2002000	-0.6000000000	0.0010000000	0.0001000000	100	100	0	0.886314
2003000	-0.6000000000	0.0010000000	0.0001000000	100	100	0	0.886314
2004000	-0.6000000000	0.0010000000	0.0001000000	100	100	0	0.886314
2005000	-0.6000000000	0.0010000000	0.0001000000	100	100	0	0.886314
2006000	-0.6000000000	0.0010000000	0.0001000000	100	100	0	0.886314
2007000	-0.6000000000	0.0010000000	0.0001000000	100	100	0	0.886228
2008000	-0.6000000000	0.0010000000	0.0001000000	100	100	0	0.886314
2009000	-0.6000000000	0.0010000000	0.0001000000	100	100	0	0.886314
2010000	-0.6000000000	0.0010000000	0.0001000000	100	100	0	0.891903
2011000	-0.6000000000	0.0010000000	0.0001000000	100	100	0	0.903064
2012000	-0.6000000000	0.0010000000	0.0001000000	100	100	0	0.903064
2013000	-0.6000000000	0.0010000000	0.0001000000	100	100	0	0.903064
2014000	-0.6000000000	0.0010000000	0.0001000000	100	100	0	0.903064
2015000	-0.6000000000	0.0010000000	0.0001000000	100	100	0	0.903064
2016000	-0.6000000000	0.0010000000	0.0001000000	100	100	0	0.903064
2017000	-0.6000000000	0.0010000000	0.0001000000	100	100	0	0.903064
2018000	-0.6000000000	0.0010000000	0.0001000000	100	100	0	0.903064
2019000	-0.6000000000	0.0010000000	0.0001000000	100	100	0	0.903064
2020000	-0.6000000000	0.0010000000	0.0001000000	100	100	0	0.903064
2021000	-0.6000000000	0.0010000000	0.0001000000	100	100	0	0.902980
2022000	-0.6000000000	0.0010000000	0.0001000000	100	100	0	0.903064
2023000	-0.6000000000	0.0010000000	0.0001000000	100	100	0	0.903064
2024000	-0.6000000000	0.0010000000	0.0001000000	100	100	0	0.903064
2025000	-0.6000000000	0.0010000000	0.0001000000	100	100	0	0.902899
2026000	-0.6000000000	0.0010000000	0.0001000000	100	100	0	0.903064
2027000	-0.6000000000	0.0010000000	0.0001000000	100	100	0	0.911148
2028000	-0.6000000000	0.0010000000	0.0001000000	100	100	0	0.911148
2029000	-0.6000000000	0.0010000000	0.0001000000	100	100	0	0.911067
2030000	-0.6000000000	0.0010000000	0.0001000000	100	100	0	0.911148
2031000	-0.6000000000	0.0010000000	0.0001000000	100	100	0	0.911148
2032000	-0.6000000000	0.0010000000	0.0001000000	100	100	0	0.911148
2033000	-0.6000000000	0.0010000000	0.0001000000	100	100	0	0.911148
2034000	-0.6000000000	0.0010000000	0.0001000000	100	100	0	0.916264
2035000	-0.6000000000	0.0010000000	0.0001000000	100	100	0	0.919019
2036000	-0.6000000000	0.0010000000	0.0001000000	100	100	0	0.919019
2037000	-0.6000000000	0.0010000000	0.0001000000	100	100	0	0.919019
2038000	-0.6000000000	0.0010000000	0.0001000000	100	100	0	0.919019
2039000	-0.6000000000	0.0010000000	0.0001000000	100	100	0	0.919019
2040000	-0.6000000000	0.0010000000	0.0001000000	100	100	0	0.919019
2041000	-0.6000000000	0.0010000000	0.0001000000	100	100	0	0.919019
2042000	-0.6000000000	0.0010000000	0.0001000000	100	100	0	0.919019
2043000	-0.6000000000	0.0010000000	0.0001000000	100	100	0	0.918940
2044000	-0.6000000000	0.0010000000	0.0001000000	100	100	0	0.918783
2045000	-0.6000000000	0.0010000000	0.0001000000	100	100	0	0.919019
2046000	-0.6000000000	0.0010000000	0.0001000000	100	100	0	0.919019
2047000	-0.6000000000	0.0010000000	0.0001000000	100	100	0	0.919019
2048000	-0.6000000000	0.0010000000	0.0001000000	100	100	0	0.919019
2049000	-0.6000000000	0.0010000000	0.0001000000	100	100	0	0.919019
2050000	-0.6000000000	0.0010000000	0.0001000000	100	100	0	0.919019
2051000	-0.6000000000	0.0010000000	0.0001000000	100	100	0	0.911148
2052000	-0.6000000000	0.0010000000	0.0001000000	100	100	0	0.911148
2053000	-0.6000000000	0.0010000000	0.0001000000	100	100	0	0.911148
2054000	-0.6000000000	0.0010000000	0.0001000000	100	100	0	0.911148
2055000	-0.6000000000	0.0010000000	0.0001000000	100	100	0	0.911148
2056000	-0.6000000000	0.0010000000	0.0001000000	100	100	0	0.911148
2057000	-0.6000000000	0.0010000000	0.0001000000	100	100	0	0.911148
2058000	-0.6000000000	0.0010000000	0.0001000000	100	100	0	0.911148
2059000	-0.6000000000	0.0010000000	0.0001000000	100	100	0	0.911148
2060000	-0.6000000000	0.0010000000	0.0001000000	100	100	0	0.911148
2061000	-0.6000000000	0.0010000000	0.0001000000	100	100	0	0.911148
2062000	-0.6000000000	0.0010000000	0.0001000000	100	100	0	0.911148
2063000	-0.6000000000	0.0010000000	0.0001000000	100	100	0	0.911148
2064000	-0.6000000000	0.0010000000	0.0001000000	100	100	0	0.910986
2065000	-0.6000000000	0.0010000000	0.0001000000	100	100	0	0.911148
2066000	-0.6000000000	0.0010000000	0.0001000000	100	100	0	0.911148
2067000	-0.6000000000	0.0010000000	0.0001000000	100	100	0	0.911148
2068000	-0.6000000000	0.0010000000	0.0001000000	100	100	0	0.919019
2069000	-0.6000000000	0.0010000000	0.0001000000	100	100	0	0.919019
2070000	-0.6000000000	0.0010000000	0.0001000000	100	100	0	0.919019
2071000	-0.6000000000	0.0010000000	0.0001000000	100	100	0	0.919019
2072000	-0.6000000000	0.0010000000	0.0001000000	100	100	0	0.919019
2073000	-0.6000000000	0.0010000000	0.0001000000	100	100	0	0.919019
2074000	-0.6000000000	0.0010000000	0.0001000000	100	100	0	0.926665
2075000	-0.6000000000	0.0010000000	0.0001000000	100	100	0	0.926665
2076000	-0.6000000000	0.0010000000	0.0001000000	100	100	0	0.926665
2077000	-0.6000000000	0.0010000000	0.0001000000	100	100	0	0.926665
2078000	-0.6000000000	0.0010000000	0.0001000000	100	100	0	0.926665
2079000	-0.6000000000	0.0010000000	0.0001000000	100	100	0	0.926665
2080000	-0.6000000000	0.0010000000	0.0001000000	100	100	0	0.926512
2081000	-0.6000000000	0.0010000000	0.0001000000	100	100	0	0.926665
2082000	-0.6000000000	0.0010000000	0.0001000000	100	100	0	0.926512
2083000	-0.6000000000	0.0010000000	0.0001000000	100	100	0	0.926665
2084000	-0.6000000000	0.0010000000	0.0001000000	100	100	0	0.926665
2085000	-0.6000000000	0.0010000000	0.0001000000	100	100	0	0.926665
2086000	-0.6000000000	0.0010000000	0.0001000000	100	100	0	0.926665
2087000	-0.6000000000	0.0010000000	0.0001000000	100	100	0	0.926665
2088000	-0.6000000000	0.0010000000	0.0001000000	100	100	0	0.926665
2089000	-0.6000000000	0.0010000000	0.0001000000	100	100	0	0.926665
2090000	-0.6000000000	0.0010000000	0.0001000000	100	100	0	0.926665
2091000	-0.6000000000	0.0010000000	0.0001000000	100	100	0	0.926665
2092000	-0.6000000000	0.0010000000	0.0001000000	100	100	0	0.926665
2093000	-0.6000000000	0.0010000000	0.0001000000	100	100	0	0.926665
2094000	-0.6000000000	0.0010000000	0.0001000000	100	100	0	0.926665
2095000	-0.6000000000	0.0010000000	0.0001000000	100	100	0	0.926665
2096000	-0.6000000000	0.0010000000	0.0001000000	100	100	0	0.926665
2097000	-0.6000000000	0.0010000000	0.0001000000	100	100	0	0.926665
2098000	-0.6000000000	0.0010000000	0.0001000000	100	100	0	0.926665
2099000	-0.6000000000	0.0010000000	0.0001000000	100	100	0	0.926665
2100000	-0.6000000000	0.0010000000	0.0001000000	100	100	0	0.926665
2101000	-0.6000000000	0.0010000000	0.0001000000	100	100	0	0.926665
2102000	-0.6000000000	0.0010000000	0.0001000000	100	100	0	0.926665
2103000	-0.6000000000	0.0010000000	0.0001000000	100	100	0	0.934071
2104000	-0.6000000000	0.0010000000	0.0001000000	100	100	0	0.934071
2105000	-0.6000000000	0.0010000000	0.0001000000	100	100	0	0.934071
2106000	-0.6000000000	0.0010000000	0.0001000000	100	100	0	0.934071
2107000	-0.6000000000	0.0010000000	0.0001000000	100	100	0	0.934071
2108000	-0.6000000000	0.0010000000	0.0001000000	100	100	0	0.934071
2109000	-0.6000000000	0.0010000000	0.0001000000	100	100	0	0.934071
2110000	-0.6000000000	0.0010000000	0.0001000000	100	100	0	0.934071
2111000	-0.6000000000	0.0010000000	0.0001000000	100	100	0	0.934071
2112000	-0.6000000000	0.0010000000	0.0001000000	100	100	0	0.934071
2113000	-0.6000000000	0.0010000000	0.0001000000	100	100	0	0.934071
2114000	-0.6000000000	0.0010000000	0.0001000000	100	100	0	0.934071
2115000	-0.6000000000	0.0010000000	0.0001000000	100	100	0	0.934071
2116000	-0.6000000000	0.0010000000	0.0001000000	100	100	0	0.934071
2117000	-0.6000000000	0.0010000000	0.0001000000	100	100	0	0.934071
2118000	-0.6000000000	0.0010000000	0.0001000000	100	100	0	0.934071
2119000	-0.6000000000	0.0010000000	0.0001000000	100	100	0	0.934071
2120000	-0.6000000000	0.0010000000	0.0001000000	100	100	0	0.934071
2121000	-0.6000000000	0.0010000000	0.0001000000	100	100	0	0.934071
2122000	-0.6000000000	0.0010000000	0.0001000000	100	100	0	0.933848
2123000	-0.6000000000	0.0010000000	0.0001000000	100	100	0	0.934071
2124000	-0.6000000000	0.0010000000	0.0001000000	100	100	0	0.934071
2125000	-0.6000000000	0.0010000000	0.0001000000	100	100	0	0.934071
2126000	-0.6000000000	0.0010000000	0.0001000000	100	100	0	0.934071
2127000	-0.6000000000	0.0010000000	0.0001000000	100	100	0	0.926665
2128000	-0.6000000000	0.0010000000	0.0001000000	100	100	0	0.926665
2129000	-0.6000000000	0.0010000000	0.0001000000	100	100	0	0.926665
2130000	-0.6000000000	0.0010000000	0.0001000000	100	100	0	0.926665
2131000	-0.6000000000	0.0010000000	0.0001000000	100	100	0	0.926665
2132000	-0.6000000000	0.0010000000	0.0001000000	100	100	0	0.926665
2133000	-0.6000000000	0.0010000000	0.0001000000	100	100	0	0.926435
2134000	-0.6000000000	0.0010000000	0.0001000000	100	100	0	0.926665
2135000	-0.6000000000	0.0010000000	0.0001000000	100	100	0	0.923836
2136000	-0.6000000000	0.0010000000	0.0001000000	100	100	0	0.919019
2137000	-0.6000000000	0.0010000000	0.0001000000	100	100	0	0.919019
2138000	-0.6000000000	0.0010000000	0.0001000000	100	100	0	0.919019
2139000	-0.6000000000	0.0010000000	0.0001000000	100	100	0	0.911148
2140000	-0.6000000000	0.0010000000	0.0001000000	100	100	0	0.911148
2141000	-0.6000000000	0.0010000000	0.0001000000	100	100	0	0.911148
2142000	-0.6000000000	0.0010000000	0.0001000000	100	100	0	0.911148
2143000	-0.6000000000	0.0010000000	0.0001000000	100	100	0	0.911148
2144000	-0.6000000000	0.0010000000	0.0001000000	100	100	0	0.911148
2145000	-0.6000000000	0.0010000000	0.0001000000	100	100	0	0.919019
2146000	-0.6000000000	0.0010000000	0.0001000000	100	100	0	0.919019
2147000	-0.6000000000	0.0010000000	0.0001000000	100	100	0	0.919019
2148000	-0.6000000000	0.0010000000	0.0001000000	100	100	0	0.919019
2149000	-0.6000000000	0.0010000000	0.0001000000	100	100	0	0.919019
2150000	-0.6000000000	0.0010000000	0.0001000000	100	100	0	0.919019
2151000	-0.6000000000	0.0010000000	0.0001000000	100	100	0	0.919019
2152000	-0.6000000000	0.0010000000	0.0001000000	100	100	0	0.919019
2153000	-0.6000000000	0.0010000000	0.0001000000	100	100	0	0.919019
2154000	-0.6000000000	0.0010000000	0.0001000000	100	100	0	0.919019
2155000	-0.6000000000	0.0010000000	0.0001000000	100	100	0	0.919019
2156000	-0.6000000000	0.0010000000	0.0001000000	100	100	0	0.919019
2157000	-0.6000000000	0.0010000000	0.0001000000	100	100	0	0.919019
2158000	-0.6000000000	0.0010000000	0.0001000000	100	100	0	0.919019
2159000	-0.6000000000	0.0010000000	0.0001000000	100	100	0	0.919019
2160000	-0.6000000000	0.0010000000	0.0001000000	100	100	0	0.926665
2161000	-0.6000000000	0.0010000000	0.0001000000	100	100	0	0.926665
2162000	-0.6000000000	0.0010000000	0.0001000000	100	100	0	0.926665
2163000	-0.6000000000	0.0010000000	0.0001000000	100	100	0	0.926665
2164000	-0.6000000000	0.0010000000	0.0001000000	100	100	0	0.926665
2165000	-0.6000000000	0.0010000000	0.0001000000	100	100	0	0.926665
2166000	-0.6000000000	0.0010000000	0.0001000000	100	100	0	0.926665
2167000	-0.6000000000	0.0010000000	0.0001000000	100	100	0	0.926665
2168000	-0.6000000000	0.0010000000	0.0001000000	100	100	0	0.926665
2169000	-0.6000000000	0.0010000000	0.0001000000	100	100	0	0.926665
2170000	-0.6000000000	0.0010000000	0.0001000000	100	100	0	0.926665
2171000	-0.6000000000	0.0010000000	0.0001000000	100	100	0	0.926665
2172000	-0.6000000000	0.0010000000	0.0001000000	100	100	0	0.919019
2173000	-0.6000000000	0.0010000000	0.0001000000	100	100	0	0.919019
2174000	-0.6000000000	0.0010000000	0.0001000000	100	100	0	0.919019
2175000	-0.6000000000	0.0010000000	0.0001000000	100	100	0	0.919019
2176000	-0.6000000000	0.0010000000	0.0001000000	100	100	0	0.919019
2177000	-0.6000000000	0.0010000000	0.0001000000	100	100	0	0.919019
2178000	-0.6000000000	0.0010000000	0.0001000000	100	100	0	0.919019
2179000	-0.6000000000	0.0010000000	0.0001000000	100	100	0	0.919019
2180000	-0.6000000000	0.0010000000	0.0001000000	100	100	0	0.919019
2181000	-0.6000000000	0.0010000000	0.0001000000	100	100	0	0.919019
2182000	-0.6000000000	0.0010000000	0.0001000000	100	100	0	0.919019
2183000	-0.6000000000	0.0010000000	0.0001000000	100	100	0	0.918940
2184000	-0.6000000000	0.0010000000	0.0001000000	100	100	0	0.919019
2185000	-0.6000000000	0.0010000000	0.0001000000	100	100	0	0.919019
2186000	-0.6000000000	0.0010000000	0.0001000000	100	100	0	0.919019
2187000	-0.6000000000	0.0010000000	0.0001000000	100	100	0	0.919019
2188000	-0.6000000000	0.0010000000	0.0001000000	100	100	0	0.919019
2189000	-0.6000000000	0.0010000000	0.0001000000	100	100	0	0.919019
2190000	-0.6000000000	0.0010000000	0.0001000000	100	100	0	0.919019
2191000	-0.6000000000	0.0010000000	0.0001000000	100	100	0	0.911148
2192000	-0.6000000000	0.0010000000	0.0001000000	100	100	0	0.911148
2193000	-0.6000000000	0.0010000000	0.0001000000	100	100	0	0.911148
2194000	-0.6000000000	0.0010000000	0.0001000000	100	100	0	0.911148
2195000	-0.6000000000	0.0010000000	0.0001000000	100	100	0	0.911148
2196000	-0.6000000000	0.0010000000	0.0001000000	100	100	0	0.911148
2197000	-0.6000000000	0.0010000000	0.0001000000	100	100	0	0.911148
2198000	-0.6000000000	0.0010000000	0.0001000000	100	100	0	0.911148
2199000	-0.6000000000	0.0010000000	0.0001000000	100	100	0	0.911148
2200000	-0.6000000000	0.0010000000	0.0001000000	100	100	0	0.911148
2201000	-0.6000000000	0.0010000000	0.0001000000	100	100	0	0.911148
2202000	-0.6000000000	0.0010000000	0.0001000000	100	100	0	0.911148
2203000	-0.6000000000	0.0010000000	0.0001000000	100	100	0	0.911148
2204000	-0.6000000000	0.0010000000	0.0001000000	100	100	0	0.911148
2205000	-0.6000000000	0.0010000000	0.0001000000	100	100	0	0.911067
2206000	-0.6000000000	0.0010000000	0.0001000000	100	100	0	0.911148
2207000	-0.6000000000	0.0010000000	0.0001000000	100	100	0	0.911148
2208000	-0.6000000000	0.0010000000	0.0001000000	100	100	0	0.911148
2209000	-0.6000000000	0.0010000000	0.0001000000	100	100	0	0.911462
2210000	-0.6000000000	0.0010000000	0.0001000000	100	100	0	0.911148
2211000	-0.6000000000	0.0010000000	0.0001000000	100	100	0	0.911148
2212000	-0.6000000000	0.0010000000	0.0001000000	100	100	0	0.911148
2213000	-0.6000000000	0.0010000000	0.0001000000	100	100	0	0.911148
2214000	-0.6000000000	0.0010000000	0.0001000000	100	100	0	0.911148
2215000	-0.6000000000	0.0010000000	0.0001000000	100	100	0	0.911148
2216000	-0.6000000000	0.0010000000	0.0001000000	100	100	0	0.911148
2217000	-0.6000000000	0.0010000000	0.0001000000	100	100	0	0.911148
2218000	-0.6000000000	0.0010000000	0.0001000000	100	100	0	0.911148
2219000	-0.6000000000	0.0010000000	0.0001000000	100	100	0	0.911148
2220000	-0.6000000000	0.0010000000	0.0001000000	100	100	0	0.911148
2221000	-0.6000000000	0.0010000000	0.0001000000	100	100	0	0.911148
2222000	-0.6000000000	0.0010000000	0.0001000000	100	100	0	0.911148
2223000	-0.6000000000	0.0010000000	0.0001000000	100	100	0	0.911148
2224000	-0.6000000000	0.0010000000	0.0001000000	100	100	0	0.911148
2225000	-0.6000000000	0.0010000000	0.0001000000	100	100	0	0.911148
2226000	-0.6000000000	0.0010000000	0.0001000000	100	100	0	0.911148
2227000	-0.6000000000	0.0010000000	0.0001000000	100	100	0	0.911148
2228000	-0.6000000000	0.0010000000	0.0001000000	100	100	0	0.911148
2229000	-0.6000000000	0.0010000000	0.0001000000	100	100	0	0.911148
2230000	-0.6000000000	0.0010000000	0.0001000000	100	100	0	0.911148
2231000	-0.6000000000	0.0010000000	0.0001000000	100	100	0	0.919019
2232000	-0.6000000000	0.0010000000	0.0001000000	100	100	0	0.919019
2233000	-0.6000000000	0.0010000000	0.0001000000	100	100	0	0.919019
2234000	-0.6000000000	0.0010000000	0.0001000000	100	100	0	0.919019
2235000	-0.6000000000	0.0010000000	0.0001000000	100	100	0	0.919019
2236000	-0.6000000000	0.0010000000	0.0001000000	100	100	0	0.919019
2237000	-0.6000000000	0.0010000000	0.0001000000	100	100	0	0.919019
2238000	-0.6000000000	0.0010000000	0.0001000000	100	100	0	0.919019
2239000	-0.6000000000	0.0010000000	0.0001000000	100	100	0	0.919019
2240000	-0.6000000000	0.0010000000	0.0001000000	100	100	0	0.919019
2241000	-0.6000000000	0.0010000000	0.0001000000	100	100	0	0.919019
2242000	-0.6000000000	0.0010000000	0.0001000000	100	100	0	0.919019
2243000	-0.6000000000	0.0010000000	0.0001000000	100	100	0	0.916421
2244000	-0.6000000000	0.0010000000	0.0001000000	100	100	0	0.919019
2245000	-0.6000000000	0.0010000000	0.0001000000	100	100	0	0.918940
2246000	-0.6000000000	0.0010000000	0.0001000000	100	100	0	0.919019
2247000	-0.6000000000	0.0010000000	0.0001000000	100	100	0	0.919019
2248000	-0.6000000000	0.0010000000	0.0001000000	100	100	0	0.919019
2249000	-0.6000000000	0.0010000000	0.0001000000	100	100	0	0.919019
2250000	-0.6000000000	0.0010000000	0.0001000000	100	100	0	0.919019
2251000	-0.6000000000	0.0010000000	0.0001000000	100	100	0	0.919019
2252000	-0.6000000000	0.0010000000	0.0001000000	100	100	0	0.919019
2253000	-0.6000000000	0.0010000000	0.0001000000	100	100	0	0.919019
2254000	-0.6000000000	0.0010000000	0.0001000000	100	100	0	0.919019
2255000	-0.6000000000	0.0010000000	0.0001000000	100	100	0	0.919019
2256000	-0.6000000000	0.0010000000	0.0001000000	100	100	0	0.919019
2257000	-0.6000000000	0.0010000000	0.0001000000	100	100	0	0.919019
2258000	-0.6000000000	0.0010000000	0.0001000000	100	100	0	0.919019
2259000	-0.6000000000	0.0010000000	0.0001000000	100	100	0	0.919019
2260000	-0.6000000000	0.0010000000	0.0001000000	100	100	0	0.919019
2261000	-0.6000000000	0.0010000000	0.0001000000	100	100	0	0.919019
2262000	-0.6000000000	0.0010000000	0.0001000000	100	100	0	0.919019
2263000	-0.6000000000	0.0010000000	0.0001000000	100	100	0	0.919019
2264000	-0.6000000000	0.0010000000	0.0001000000	100	100	0	0.919019
2265000	-0.6000000000	0.0010000000	0.0001000000	100	100	0	0.911148
2266000	-0.6000000000	0.0010000000	0.0001000000	100	100	0	0.919019
2267000	-0.6000000000	0.0010000000	0.0001000000	100	100	0	0.911148
2268000	-0.6000000000	0.0010000000	0.0001000000	100	100	0	0.911148
2269000	-0.6000000000	0.0010000000	0.0001000000	100	100	0	0.911148
2270000	-0.6000000000	0.0010000000	0.0001000000	100	100	0	0.911148
2271000	-0.6000000000	0.0010000000	0.0001000000	100	100	0	0.911148
2272000	-0.6000000000	0.0010000000	0.0001000000	100	100	0	0.911148
2273000	-0.6000000000	0.0010000000	0.0001000000	100	100	0	0.911148
2274000	-0.6000000000	0.0010000000	0.0001000000	100	100	0	0.911148
2275000	-0.6000000000	0.0010000000	0.0001000000	100	100	0	0.911148
2276000	-0.6000000000	0.0010000000	0.0001000000	100	100	0	0.911148
2277000	-0.6000000000	0.0010000000	0.0001000000	100	100	0	0.911148
2278000	-0.6000000000	0.0010000000	0.0001000000	100	100	0	0.911148
2279000	-0.6000000000	0.0010000000	0.0001000000	100	100	0	0.911148
2280000	-0.6000000000	0.0010000000	0.0001000000	100	100	0	0.911148
2281000	-0.6000000000	0.0010000000	0.0001000000	100	100	0	0.911148
2282000	-0.6000000000	0.0010000000	0.0001000000	100	100	0	0.919019
2283000	-0.6000000000	0.0010000000	0.0001000000	100	100	0	0.919019
2284000	-0.6000000000	0.0010000000	0.0001000000	100	100	0	0.919019
2285000	-0.6000000000	0.0010000000	0.0001000000	100	100	0	0.919019
2286000	-0.6000000000	0.0010000000	0.0001000000	100	100	0	0.919019
2287000	-0.6000000000	0.0010000000	0.0001000000	100	100	0	0.919019
2288000	-0.6000000000	0.0010000000	0.0001000000	100	100	0	0.919019
2289000	-0.6000000000	0.0010000000	0.0001000000	100	100	0	0.911148
2290000	-0.6000000000	0.0010000000	0.0001000000	100	100	0	0.911148
2291000	-0.6000000000	0.0010000000	0.0001000000	100	100	0	0.911148
2292000	-0.6000000000	0.0010000000	0.0001000000	100	100	0	0.911148
2293000	-0.6000000000	0.0010000000	0.0001000000	100	100	0	0.911148
2294000	-0.6000000000	0.0010000000	0.0001000000	100	100	0	0.911148
2295000	-0.6000000000	0.0010000000	0.0001000000	100	100	0	0.911148
2296000	-0.6000000000	0.0010000000	0.0001000000	100	100	0	0.911148
2297000	-0.6000000000	0.0010000000	0.0001000000	100	100	0	0.911148
2298000	-0.6000000000	0.0010000000	0.0001000000	100	100	0	0.911148
2299000	-0.6000000000	0.0010000000	0.0001000000	100	100	0	0.911148
2300000	-0.6000000000	0.0010000000	0.0001000000	100	100	0	0.911148
2301000	-0.6000000000	0.0010000000	0.0001000000	100	100	0	0.911148
2302000	-0.6000000000	0.0010000000	0.0001000000	100	100	0	0.911148
2303000	-0.6000000000	0.0010000000	0.0001000000	100	100	0	0.909531
2304000	-0.6000000000	0.0010000000	0.0001000000	100	100	0	0.911148
2305000	-0.6000000000	0.0010000000	0.0001000000	100	100	0	0.915241
2306000	-0.6000000000	0.0010000000	0.0001000000	100	100	0	0.911148
2307000	-0.6000000000	0.0010000000	0.0001000000	100	100	0	0.911148
2308000	-0.6000000000	0.0010000000	0.0001000000	100	100	0	0.911148
2309000	-0.6000000000	0.0010000000	0.0001000000	100	100	0	0.911305
2310000	-0.6000000000	0.0010000000	0.0001000000	100	100	0	0.911148
2311000	-0.6000000000	0.0010000000	0.0001000000	100	100	0	0.906136
2312000	-0.6000000000	0.0010000000	0.0001000000	100	100	0	0.911148
2313000	-0.6000000000	0.0010000000	0.0001000000	100	100	0	0.911148
2314000	-0.6000000000	0.0010000000	0.0001000000	100	100	0	0.911148
2315000	-0.6000000000	0.0010000000	0.0001000000	100	100	0	0.911148
2316000	-0.6000000000	0.0010000000	0.0001000000	100	100	0	0.911148
2317000	-0.6000000000	0.0010000000	0.0001000000	100	100	0	0.911148
2318000	-0.6000000000	0.0010000000	0.0001000000	100	100	0	0.911148
2319000	-0.6000000000	0.0010000000	0.0001000000	100	100	0	0.911148
2320000	-0.6000000000	0.0010000000	0.0001000000	100	100	0	0.911148
2321000	-0.6000000000	0.0010000000	0.0001000000	100	100	0	0.911148
2322000	-0.6000000000	0.0010000000	0.0001000000	100	100	0	0.911148
2323000	-0.6000000000	0.0010000000	0.0001000000	100	100	0	0.903064
2324000	-0.6000000000	0.0010000000	0.0001000000	100	100	0	0.903064
2325000	-0.6000000000	0.0010000000	0.0001000000	100	100	0	0.903064
2326000	-0.6000000000	0.0010000000	0.0001000000	100	100	0	0.903064
2327000	-0.6000000000	0.0010000000	0.0001000000	100	100	0	0.903064
2328000	-0.6000000000	0.0010000000	0.0001000000	100	100	0	0.903064
2329000	-0.6000000000	0.0010000000	0.0001000000	100	100	0	0.903064
2330000	-0.6000000000	0.0010000000	0.0001000000	100	100	0	0.903064
2331000	-0.6000000000	0.0010000000	0.0001000000	100	100	0	0.903064
2332000	-0.6000000000	0.0010000000	0.0001000000	100	100	0	0.903064
2333000	-0.6000000000	0.0010000000	0.0001000000	100	100	0	0.903064
2334000	-0.6000000000	0.0010000000	0.0001000000	100	100	0	0.903064
2335000	-0.6000000000	0.0010000000	0.0001000000	100	100	0	0.907591
2336000	-0.6000000000	0.0010000000	0.0001000000	100	100	0	0.911148
2337000	-0.6000000000	0.0010000000	0.0001000000	100	100	0	0.911148
2338000	-0.6000000000	0.0010000000	0.0001000000	100	100	0	0.911148
2339000	-0.6000000000	0.0010000000	0.0001000000	100	100	0	0.911148
2340000	-0.6000000000	0.0010000000	0.0001000000	100	100	0	0.911148
2341000	-0.6000000000	0.0010000000	0.0001000000	100	100	0	0.911148
2342000	-0.6000000000	0.0010000000	0.0001000000	100	100	0	0.911148
2343000	-0.6000000000	0.0010000000	0.0001000000	100	100	0	0.911148
2344000	-0.6000000000	0.0010000000	0.0001000000	100	100	0	0.911148
2345000	-0.6000000000	0.0010000000	0.0001000000	100	100	0	0.911148
2346000	-0.6000000000	0.0010000000	0.0001000000	100	100	0	0.911148
2347000	-0.6000000000	0.0010000000	0.0001000000	100	100	0	0.911148
2348000	-0.6000000000	0.0010000000	0.0001000000	100	100	0	0.911148
2349000	-0.6000000000	0.0010000000	0.0001000000	100	100	0	0.911148
2350000	-0.6000000000	0.0010000000	0.0001000000	100	100	0	0.911148
2351000	-0.6000000000	0.0010000000	0.0001000000	100	100	0	0.911148
2352000	-0.6000000000	0.0010000000	0.0001000000	100	100	0	0.911148
2353000	-0.6000000000	0.0010000000	0.0001000000	100	100	0	0.911148
2354000	-0.6000000000	0.0010000000	0.0001000000	100	100	0	0.911148
2355000	-0.6000000000	0.0010000000	0.0001000000	100	100	0	0.911148
2356000	-0.6000000000	0.0010000000	0.0001000000	100	100	0	0.911148
2357000	-0.6000000000	0.0010000000	0.0001000000	100	100	0	0.911148
2358000	-0.6000000000	0.0010000000	0.0001000000	100	100	0	0.911148
2359000	-0.6000000000	0.0010000000	0.0001000000	100	100	0	0.919019
2360000	-0.6000000000	0.0010000000	0.0001000000	100	100	0	0.919019
2361000	-0.6000000000	0.0010000000	0.0001000000	100	100	0	0.919019
2362000	-0.6000000000	0.0010000000	0.0001000000	100	100	0	0.919019
2363000	-0.6000000000	0.0010000000	0.0001000000	100	100	0	0.919019
2364000	-0.6000000000	0.0010000000	0.0001000000	100	100	0	0.919019
2365000	-0.6000000000	0.0010000000	0.0001000000	100	100	0	0.926665
2366000	-0.6000000000	0.0010000000	0.0001000000	100	100	0	0.926588
2367000	-0.6000000000	0.0010000000	0.0001000000	100	100	0	0.926665
2368000	-0.6000000000	0.0010000000	0.0001000000	100	100	0	0.926665
2369000	-0.6000000000	0.0010000000	0.0001000000	100	100	0	0.926665
2370000	-0.6000000000	0.0010000000	0.0001000000	100	100	0	0.926739
2371000	-0.6000000000	0.0010000000	0.0001000000	100	100	0	0.926665
2372000	-0.6000000000	0.0010000000	0.0001000000	100	100	0	0.926665
2373000	-0.6000000000	0.0010000000	0.0001000000	100	100	0	0.934071
2374000	-0.6000000000	0.0010000000	0.0001000000	100	100	0	0.934071
2375000	-0.6000000000	0.0010000000	0.0001000000	100	100	0	0.934071
2376000	-0.6000000000	0.0010000000	0.0001000000	100	100	0	0.934071
2377000	-0.6000000000	0.0010000000	0.0001000000	100	100	0	0.934071
2378000	-0.6000000000	0.0010000000	0.0001000000	100	100	0	0.934071
2379000	-0.6000000000	0.0010000000	0.0001000000	100	100	0	0.934071
2380000	-0.6000000000	0.0010000000	0.0001000000	100	100	0	0.934071
2381000	-0.6000000000	0.0010000000	0.0001000000	100	100	0	0.934071
2382000	-0.6000000000	0.0010000000	0.0001000000	100	100	0	0.934071
2383000	-0.6000000000	0.0010000000	0.0001000000	100	100	0	0.934071
2384000	-0.6000000000	0.0010000000	0.0001000000	100	100	0	0.934071
2385000	-0.6000000000	0.0010000000	0.0001000000	100	100	0	0.926588
2386000	-0.6000000000	0.0010000000	0.0001000000	100	100	0	0.926665
2387000	-0.6000000000	0.0010000000	0.0001000000	100	100	0	0.926665
2388000	-0.6000000000	0.0010000000	0.0001000000	100	100	0	0.926665
2389000	-0.6000000000	0.0010000000	0.0001000000	100	100	0	0.926665
2390000	-0.6000000000	0.0010000000	0.0001000000	100	100	0	0.926665
2391000	-0.6000000000	0.0010000000	0.0001000000	100	100	0	0.926665
2392000	-0.6000000000	0.0010000000	0.0001000000	100	100	0	0.926665
2393000	-0.6000000000	0.0010000000	0.0001000000	100	100	0	0.926665
2394000	-0.6000000000	0.0010000000	0.0001000000	100	100	0	0.926665
2395000	-0.6000000000	0.0010000000	0.0001000000	100	100	0	0.926665
2396000	-0.6000000000	0.0010000000	0.0001000000	100	100	0	0.926665
2397000	-0.6000000000	0.0010000000	0.0001000000	100	100	0	0.919019
2398000	-0.6000000000	0.0010000000	0.0001000000	100	100	0	0.919019
2399000	-0.6000000000	0.0010000000	0.0001000000	100	100	0	0.919019
2400000	-0.6000000000	0.0010000000	0.0001000000	100	100	0	0.919019
2401000	-0.6000000000	0.0010000000	0.0001000000	100	100	0	0.919019
2402000	-0.6000000000	0.0010000000	0.0001000000	100	100	0	0.919019
2403000	-0.6000000000	0.0010000000	0.0001000000	100	100	0	0.919019
2404000	-0.6000000000	0.0010000000	0.0001000000	100	100	0	0.919019
2405000	-0.6000000000	0.0010000000	0.0001000000	100	100	0	0.919019
2406000	-0.6000000000	0.0010000000	0.0001000000	100	100	0	0.919019
2407000	-0.6000000000	0.0010000000	0.0001000000	100	100	0	0.919019
2408000	-0.6000000000	0.0010000000	0.0001000000	100	100	0	0.919019
2409000	-0.6000000000	0.0010000000	0.0001000000	100	100	0	0.919019
2410000	-0.6000000000	0.0010000000	0.0001000000	100	100	0	0.919019
2411000	-0.6000000000	0.0010000000	0.0001000000	100	100	0	0.919019
2412000	-0.6000000000	0.0010000000	0.0001000000	100	100	0	0.919019
2413000	-0.6000000000	0.0010000000	0.0001000000	100	100	0	0.919019
2414000	-0.6000000000	0.0010000000	0.0001000000	100	100	0	0.919019
2415000	-0.6000000000	0.0010000000	0.0001000000	100	100	0	0.919019
2416000	-0.6000000000	0.0010000000	0.0001000000	100	100	0	0.919019
2417000	-0.6000000000	0.0010000000	0.0001000000	100	100	0	0.919019
2418000	-0.6000000000	0.0010000000	0.0001000000	100	100	0	0.919019
2419000	-0.6000000000	0.0010000000	0.0001000000	100	100	0	0.919019
2420000	-0.6000000000	0.0010000000	0.0001000000	100	100	0	0.919019
2421000	-0.6000000000	0.0010000000	0.0001000000	100	100	0	0.918940
2422000	-0.6000000000	0.0010000000	0.0001000000	100	100	0	0.919019
2423000	-0.6000000000	0.0010000000	0.0001000000	100	100	0	0.919019
2424000	-0.6000000000	0.0010000000	0.0001000000	100	100	0	0.911148
2425000	-0.6000000000	0.0010000000	0.0001000000	100	100	0	0.914768
2426000	-0.6000000000	0.0010000000	0.0001000000	100	100	0	0.911148
2427000	-0.6000000000	0.0010000000	0.0001000000	100	100	0	0.911148
2428000	-0.6000000000	0.0010000000	0.0001000000	100	100	0	0.911148
2429000	-0.6000000000	0.0010000000	0.0001000000	100	100	0	0.911148
2430000	-0.6000000000	0.0010000000	0.0001000000	100	100	0	0.909773
2431000	-0.6000000000	0.0010000000	0.0001000000	100	100	0	0.911148
2432000	-0.6000000000	0.0010000000	0.0001000000	100	100	0	0.911148
2433000	-0.6000000000	0.0010000000	0.0001000000	100	100	0	0.911148
2434000	-0.6000000000	0.0010000000	0.0001000000	100	100	0	0.911148
2435000	-0.6000000000	0.0010000000	0.0001000000	100	100	0	0.911148
2436000	-0.6000000000	0.0010000000	0.0001000000	100	100	0	0.911148
2437000	-0.6000000000	0.0010000000	0.0001000000	100	100	0	0.911148
2438000	-0.6000000000	0.0010000000	0.0001000000	100	100	0	0.911148
2439000	-0.6000000000	0.0010000000	0.0001000000	100	100	0	0.911148
2440000	-0.6000000000	0.0010000000	0.0001000000	100	100	0	0.911148
2441000	-0.6000000000	0.0010000000	0.0001000000	100	100	0	0.910663
2442000	-0.6000000000	0.0010000000	0.0001000000	100	100	0	0.911148
2443000	-0.6000000000	0.0010000000	0.0001000000	100	100	0	0.911148
2444000	-0.6000000000	0.0010000000	0.0001000000	100	100	0	0.911148
2445000	-0.6000000000	0.0010000000	0.0001000000	100	100	0	0.911148
2446000	-0.6000000000	0.0010000000	0.0001000000	100	100	0	0.911148
2447000	-0.6000000000	0.0010000000	0.0001000000	100	100	0	0.911148
2448000	-0.6000000000	0.0010000000	0.0001000000	100	100	0	0.911148
2449000	-0.6000000000	0.0010000000	0.0001000000	100	100	0	0.911148
2450000	-0.6000000000	0.0010000000	0.0001000000	100	100	0	0.911148
2451000	-0.6000000000	0.0010000000	0.0001000000	100	100	0	0.911148
2452000	-0.6000000000	0.0010000000	0.0001000000	100	100	0	0.911148
2453000	-0.6000000000	0.0010000000	0.0001000000	100	100	0	0.911148
2454000	-0.6000000000	0.0010000000	0.0001000000	100	100	0	0.911148
2455000	-0.6000000000	0.0010000000	0.0001000000	100	100	0	0.911148
2456000	-0.6000000000	0.0010000000	0.0001000000	100	100	0	0.911148
2457000	-0.6000000000	0.0010000000	0.0001000000	100	100	0	0.911148
2458000	-0.6000000000	0.0010000000	0.0001000000	100	100	0	0.911148
2459000	-0.6000000000	0.0010000000	0.0001000000	100	100	0	0.911148
2460000	-0.6000000000	0.0010000000	0.0001000000	100	100	0	0.911148
2461000	-0.6000000000	0.0010000000	0.0001000000	100	100	0	0.911148
2462000	-0.6000000000	0.0010000000	0.0001000000	100	100	0	0.911148
2463000	-0.6000000000	0.0010000000	0.0001000000	100	100	0	0.911148
2464000	-0.6000000000	0.0010000000	0.0001000000	100	100	0	0.911067
2465000	-0.6000000000	0.0010000000	0.0001000000	100	100	0	0.911148
2466000	-0.6000000000	0.0010000000	0.0001000000	100	100	0	0.911148
2467000	-0.6000000000	0.0010000000	0.0001000000	100	100	0	0.911148
2468000	-0.6000000000	0.0010000000	0.0001000000	100	100	0	0.911067
2469000	-0.6000000000	0.0010000000	0.0001000000	100	100	0	0.911148
2470000	-0.6000000000	0.0010000000	0.0001000000	100	100	0	0.911148
2471000	-0.6000000000	0.0010000000	0.0001000000	100	100	0	0.911148
2472000	-0.6000000000	0.0010000000	0.0001000000	100	100	0	0.911148
2473000	-0.6000000000	0.0010000000	0.0001000000	100	100	0	0.911148
2474000	-0.6000000000	0.0010000000	0.0001000000	100	100	0	0.911148
2475000	-0.6000000000	0.0010000000	0.0001000000	100	100	0	0.911148
2476000	-0.6000000000	0.0010000000	0.0001000000	100	100	0	0.911148
2477000	-0.6000000000	0.0010000000	0.0001000000	100	100	0	0.911148
2478000	-0.6000000000	0.0010000000	0.0001000000	100	100	0	0.910986
2479000	-0.6000000000	0.0010000000	0.0001000000	100	100	0	0.911148
2480000	-0.6000000000	0.0010000000	0.0001000000	100	100	0	0.903064
2481000	-0.6000000000	0.0010000000	0.0001000000	100	100	0	0.903064
2482000	-0.6000000000	0.0010000000	0.0001000000	100	100	0	0.903064
2483000	-0.6000000000	0.0010000000	0.0001000000	100	100	0	0.903064
2484000	-0.6000000000	0.0010000000	0.0001000000	100	100	0	0.903064
2485000	-0.6000000000	0.0010000000	0.0001000000	100	100	0	0.903064
2486000	-0.6000000000	0.0010000000	0.0001000000	100	100	0	0.903064
2487000	-0.6000000000	0.0010000000	0.0001000000	100	100	0	0.903064
2488000	-0.6000000000	0.0010000000	0.0001000000	100	100	0	0.903064
2489000	-0.6000000000	0.0010000000	0.0001000000	100	100	0	0.903064
2490000	-0.6000000000	0.0010000000	0.0001000000	100	100	0	0.903064
2491000	-0.6000000000	0.0010000000	0.0001000000	100	100	0	0.903064
2492000	-0.6000000000	0.0010000000	0.0001000000	100	100	0	0.903064
2493000	-0.6000000000	0.0010000000	0.0001000000	100	100	0	0.902733
2494000	-0.6000000000	0.0010000000	0.0001000000	100	100	0	0.903064
2495000	-0.6000000000	0.0010000000	0.0001000000	100	100	0	0.903064
2496000	-0.6000000000	0.0010000000	0.0001000000	100	100	0	0.903064
2497000	-0.6000000000	0.0010000000	0.0001000000	100	100	0	0.903064
2498000	-0.6000000000	0.0010000000	0.0001000000	100	100	0	0.903064
2499000	-0.6000000000	0.0010000000	0.0001000000	100	100	0	0.911148
2500000	-0.6000000000	0.0010000000	0.0001000000	100	100	0	0.911148
