time	epistasis_coef	sel_coef	mu_prob	Ne	L	k_start	mean_fitness
1500000	-0.4000000000	0.0100000000	0.1000000000	100	100	0	0.783167
1501000	-0.4000000000	0.0100000000	0.1000000000	100	100	0	0.716740
1502000	-0.4000000000	0.0100000000	0.1000000000	100	100	0	0.807736
1503000	-0.4000000000	0.0100000000	0.1000000000	100	100	0	0.748855
1504000	-0.4000000000	0.0100000000	0.1000000000	100	100	0	0.784338
1505000	-0.4000000000	0.0100000000	0.1000000000	100	100	0	0.761673
1506000	-0.4000000000	0.0100000000	0.1000000000	100	100	0	0.769720
1507000	-0.4000000000	0.0100000000	0.1000000000	100	100	0	0.698844
1508000	-0.4000000000	0.0100000000	0.1000000000	100	100	0	0.763895
1509000	-0.4000000000	0.0100000000	0.1000000000	100	100	0	0.764946
1510000	-0.4000000000	0.0100000000	0.1000000000	100	100	0	0.740182
1511000	-0.4000000000	0.0100000000	0.1000000000	100	100	0	0.756220
1512000	-0.4000000000	0.0100000000	0.1000000000	100	100	0	0.778090
1513000	-0.4000000000	0.0100000000	0.1000000000	100	100	0	0.742024
1514000	-0.4000000000	0.0100000000	0.1000000000	100	100	0	0.770713
1515000	-0.4000000000	0.0100000000	0.1000000000	100	100	0	0.721578
1516000	-0.4000000000	0.0100000000	0.1000000000	100	100	0	0.785816
1517000	-0.4000000000	0.0100000000	0.1000000000	100	100	0	0.815365
1518000	-0.4000000000	0.0100000000	0.1000000000	100	100	0	0.721821
1519000	-0.4000000000	0.0100000000	0.1000000000	100	100	0	0.734650
1520000	-0.4000000000	0.0100000000	0.1000000000	100	100	0	0.806811
1521000	-0.4000000000	0.0100000000	0.1000000000	100	100	0	0.727564
1522000	-0.4000000000	0.0100000000	0.1000000000	100	100	0	0.804290
1523000	-0.4000000000	0.0100000000	0.1000000000	100	100	0	0.769854
1524000	-0.4000000000	0.0100000000	0.1000000000	100	100	0	0.751621
1525000	-0.4000000000	0.0100000000	0.1000000000	100	100	0	0.702886
1526000	-0.4000000000	0.0100000000	0.1000000000	100	100	0	0.803329
1527000	-0.4000000000	0.0100000000	0.1000000000	100	100	0	0.834713
1528000	-0.4000000000	0.0100000000	0.1000000000	100	100	0	0.811207
1529000	-0.4000000000	0.0100000000	0.1000000000	100	100	0	0.724583
1530000	-0.4000000000	0.0100000000	0.1000000000	100	100	0	0.736876
1531000	-0.4000000000	0.0100000000	0.1000000000	100	100	0	0.734461
1532000	-0.4000000000	0.0100000000	0.1000000000	100	100	0	0.699826
1533000	-0.4000000000	0.0100000000	0.1000000000	100	100	0	0.737078
1534000	-0.4000000000	0.0100000000	0.1000000000	100	100	0	0.786849
1535000	-0.4000000000	0.0100000000	0.1000000000	100	100	0	0.731919
1536000	-0.4000000000	0.0100000000	0.1000000000	100	100	0	0.745631
1537000	-0.4000000000	0.0100000000	0.1000000000	100	100	0	0.745921
1538000	-0.4000000000	0.0100000000	0.1000000000	100	100	0	0.749131
1539000	-0.4000000000	0.0100000000	0.1000000000	100	100	0	0.795175
1540000	-0.4000000000	0.0100000000	0.1000000000	100	100	0	0.805693
1541000	-0.4000000000	0.0100000000	0.1000000000	100	100	0	0.784071
1542000	-0.4000000000	0.0100000000	0.1000000000	100	100	0	0.833557
1543000	-0.4000000000	0.0100000000	0.1000000000	100	100	0	0.755155
1544000	-0.4000000000	0.0100000000	0.1000000000	100	100	0	0.822163
1545000	-0.4000000000	0.0100000000	0.1000000000	100	100	0	0.745303
1546000	-0.4000000000	0.0100000000	0.1000000000	100	100	0	0.669304
1547000	-0.4000000000	0.0100000000	0.1000000000	100	100	0	0.872866
1548000	-0.4000000000	0.0100000000	0.1000000000	100	100	0	0.729318
1549000	-0.4000000000	0.0100000000	0.1000000000	100	100	0	0.684394
1550000	-0.4000000000	0.0100000000	0.1000000000	100	100	0	0.708164
1551000	-0.4000000000	0.0100000000	0.1000000000	100	100	0	0.822210
1552000	-0.4000000000	0.0100000000	0.1000000000	100	100	0	0.757048
1553000	-0.4000000000	0.0100000000	0.1000000000	100	100	0	0.649398
1554000	-0.4000000000	0.0100000000	0.1000000000	100	100	0	0.650565
1555000	-0.4000000000	0.0100000000	0.1000000000	100	100	0	0.823998
1556000	-0.4000000000	0.0100000000	0.1000000000	100	100	0	0.760062
1557000	-0.4000000000	0.0100000000	0.1000000000	100	100	0	0.704112
1558000	-0.4000000000	0.0100000000	0.1000000000	100	100	0	0.849539
1559000	-0.4000000000	0.0100000000	0.1000000000	100	100	0	0.704922
1560000	-0.4000000000	0.0100000000	0.1000000000	100	100	0	0.722629
1561000	-0.4000000000	0.0100000000	0.1000000000	100	100	0	0.734131
1562000	-0.4000000000	0.0100000000	0.1000000000	100	100	0	0.658353
1563000	-0.4000000000	0.0100000000	0.1000000000	100	100	0	0.834730
1564000	-0.4000000000	0.0100000000	0.1000000000	100	100	0	0.776947
1565000	-0.4000000000	0.0100000000	0.1000000000	100	100	0	0.827160
1566000	-0.4000000000	0.0100000000	0.1000000000	100	100	0	0.816013
1567000	-0.4000000000	0.0100000000	0.1000000000	100	100	0	0.716045
1568000	-0.4000000000	0.0100000000	0.1000000000	100	100	0	0.829894
1569000	-0.4000000000	0.0100000000	0.1000000000	100	100	0	0.712436
1570000	-0.4000000000	0.0100000000	0.1000000000	100	100	0	0.753771
1571000	-0.4000000000	0.0100000000	0.1000000000	100	100	0	0.801733
1572000	-0.4000000000	0.0100000000	0.1000000000	100	100	0	0.780149
1573000	-0.4000000000	0.0100000000	0.1000000000	100	100	0	0.764469
1574000	-0.4000000000	0.0100000000	0.1000000000	100	100	0	0.791123
1575000	-0.4000000000	0.0100000000	0.1000000000	100	100	0	0.756209
1576000	-0.4000000000	0.0100000000	0.1000000000	100	100	0	0.719476
1577000	-0.4000000000	0.0100000000	0.1000000000	100	100	0	0.728218
1578000	-0.4000000000	0.0100000000	0.1000000000	100	100	0	0.808277
1579000	-0.4000000000	0.0100000000	0.1000000000	100	100	0	0.731065
1580000	-0.4000000000	0.0100000000	0.1000000000	100	100	0	0.833383
1581000	-0.4000000000	0.0100000000	0.1000000000	100	100	0	0.797504
1582000	-0.4000000000	0.0100000000	0.1000000000	100	100	0	0.705790
1583000	-0.4000000000	0.0100000000	0.1000000000	100	100	0	0.696759
1584000	-0.4000000000	0.0100000000	0.1000000000	100	100	0	0.818806
1585000	-0.4000000000	0.0100000000	0.1000000000	100	100	0	0.747214
1586000	-0.4000000000	0.0100000000	0.1000000000	100	100	0	0.717420
1587000	-0.4000000000	0.0100000000	0.1000000000	100	100	0	0.707684
1588000	-0.4000000000	0.0100000000	0.1000000000	100	100	0	0.694219
1589000	-0.4000000000	0.0100000000	0.1000000000	100	100	0	0.833057
1590000	-0.4000000000	0.0100000000	0.1000000000	100	100	0	0.770698
1591000	-0.4000000000	0.0100000000	0.1000000000	100	100	0	0.685670
1592000	-0.4000000000	0.0100000000	0.1000000000	100	100	0	0.796519
1593000	-0.4000000000	0.0100000000	0.1000000000	100	100	0	0.753217
1594000	-0.4000000000	0.0100000000	0.1000000000	100	100	0	0.848974
1595000	-0.4000000000	0.0100000000	0.1000000000	100	100	0	0.798700
1596000	-0.4000000000	0.0100000000	0.1000000000	100	100	0	0.755676
1597000	-0.4000000000	0.0100000000	0.1000000000	100	100	0	0.799244
1598000	-0.4000000000	0.0100000000	0.1000000000	100	100	0	0.812554
1599000	-0.4000000000	0.0100000000	0.1000000000	100	100	0	0.716010
1600000	-0.4000000000	0.0100000000	0.1000000000	100	100	0	0.782195
1601000	-0.4000000000	0.0100000000	0.1000000000	100	100	0	0.692821
1602000	-0.4000000000	0.0100000000	0.1000000000	100	100	0	0.712548
1603000	-0.4000000000	0.0100000000	0.1000000000	100	100	0	0.718007
1604000	-0.4000000000	0.0100000000	0.1000000000	100	100	0	0.746161
1605000	-0.4000000000	0.0100000000	0.1000000000	100	100	0	0.694346
1606000	-0.4000000000	0.0100000000	0.1000000000	100	100	0	0.663567
1607000	-0.4000000000	0.0100000000	0.1000000000	100	100	0	0.871637
1608000	-0.4000000000	0.0100000000	0.1000000000	100	100	0	0.736371
1609000	-0.4000000000	0.0100000000	0.1000000000	100	100	0	0.769636
1610000	-0.4000000000	0.0100000000	0.1000000000	100	100	0	0.744191
1611000	-0.4000000000	0.0100000000	0.1000000000	100	100	0	0.763069
1612000	-0.4000000000	0.0100000000	0.1000000000	100	100	0	0.707092
1613000	-0.4000000000	0.0100000000	0.1000000000	100	100	0	0.729742
1614000	-0.4000000000	0.0100000000	0.1000000000	100	100	0	0.696753
1615000	-0.4000000000	0.0100000000	0.1000000000	100	100	0	0.685167
1616000	-0.4000000000	0.0100000000	0.1000000000	100	100	0	0.775010
1617000	-0.4000000000	0.0100000000	0.1000000000	100	100	0	0.795315
1618000	-0.4000000000	0.0100000000	0.1000000000	100	100	0	0.834494
1619000	-0.4000000000	0.0100000000	0.1000000000	100	100	0	0.688621
1620000	-0.4000000000	0.0100000000	0.1000000000	100	100	0	0.682896
1621000	-0.4000000000	0.0100000000	0.1000000000	100	100	0	0.846685
1622000	-0.4000000000	0.0100000000	0.1000000000	100	100	0	0.737077
1623000	-0.4000000000	0.0100000000	0.1000000000	100	100	0	0.755409
1624000	-0.4000000000	0.0100000000	0.1000000000	100	100	0	0.759214
1625000	-0.4000000000	0.0100000000	0.1000000000	100	100	0	0.799184
1626000	-0.4000000000	0.0100000000	0.1000000000	100	100	0	0.739842
1627000	-0.4000000000	0.0100000000	0.1000000000	100	100	0	0.735994
1628000	-0.4000000000	0.0100000000	0.1000000000	100	100	0	0.727822
1629000	-0.4000000000	0.0100000000	0.1000000000	100	100	0	0.719066
1630000	-0.4000000000	0.0100000000	0.1000000000	100	100	0	0.779958
1631000	-0.4000000000	0.0100000000	0.1000000000	100	100	0	0.707335
1632000	-0.4000000000	0.0100000000	0.1000000000	100	100	0	0.764740
1633000	-0.4000000000	0.0100000000	0.1000000000	100	100	0	0.718925
1634000	-0.4000000000	0.0100000000	0.1000000000	100	100	0	0.711519
1635000	-0.4000000000	0.0100000000	0.1000000000	100	100	0	0.765017
1636000	-0.4000000000	0.0100000000	0.1000000000	100	100	0	0.675934
1637000	-0.4000000000	0.0100000000	0.1000000000	100	100	0	0.761408
1638000	-0.4000000000	0.0100000000	0.1000000000	100	100	0	0.807709
1639000	-0.4000000000	0.0100000000	0.1000000000	100	100	0	0.786287
1640000	-0.4000000000	0.0100000000	0.1000000000	100	100	0	0.747250
1641000	-0.4000000000	0.0100000000	0.1000000000	100	100	0	0.772023
1642000	-0.4000000000	0.0100000000	0.1000000000	100	100	0	0.787324
1643000	-0.4000000000	0.0100000000	0.1000000000	100	100	0	0.766586
1644000	-0.4000000000	0.0100000000	0.1000000000	100	100	0	0.760040
1645000	-0.4000000000	0.0100000000	0.1000000000	100	100	0	0.800610
1646000	-0.4000000000	0.0100000000	0.1000000000	100	100	0	0.779354
1647000	-0.4000000000	0.0100000000	0.1000000000	100	100	0	0.886442
1648000	-0.4000000000	0.0100000000	0.1000000000	100	100	0	0.767963
1649000	-0.4000000000	0.0100000000	0.1000000000	100	100	0	0.639281
1650000	-0.4000000000	0.0100000000	0.1000000000	100	100	0	0.798180
1651000	-0.4000000000	0.0100000000	0.1000000000	100	100	0	0.756764
1652000	-0.4000000000	0.0100000000	0.1000000000	100	100	0	0.759221
1653000	-0.4000000000	0.0100000000	0.1000000000	100	100	0	0.794594
1654000	-0.4000000000	0.0100000000	0.1000000000	100	100	0	0.736888
1655000	-0.4000000000	0.0100000000	0.1000000000	100	100	0	0.736873
1656000	-0.4000000000	0.0100000000	0.1000000000	100	100	0	0.770698
1657000	-0.4000000000	0.0100000000	0.1000000000	100	100	0	0.804282
1658000	-0.4000000000	0.0100000000	0.1000000000	100	100	0	0.725881
1659000	-0.4000000000	0.0100000000	0.1000000000	100	100	0	0.711228
1660000	-0.4000000000	0.0100000000	0.1000000000	100	100	0	0.872509
1661000	-0.4000000000	0.0100000000	0.1000000000	100	100	0	0.813649
1662000	-0.4000000000	0.0100000000	0.1000000000	100	100	0	0.701613
1663000	-0.4000000000	0.0100000000	0.1000000000	100	100	0	0.707068
1664000	-0.4000000000	0.0100000000	0.1000000000	100	100	0	0.895676
1665000	-0.4000000000	0.0100000000	0.1000000000	100	100	0	0.748302
1666000	-0.4000000000	0.0100000000	0.1000000000	100	100	0	0.756756
1667000	-0.4000000000	0.0100000000	0.1000000000	100	100	0	0.782921
1668000	-0.4000000000	0.0100000000	0.1000000000	100	100	0	0.684784
1669000	-0.4000000000	0.0100000000	0.1000000000	100	100	0	0.774278
1670000	-0.4000000000	0.0100000000	0.1000000000	100	100	0	0.766042
1671000	-0.4000000000	0.0100000000	0.1000000000	100	100	0	0.660397
1672000	-0.4000000000	0.0100000000	0.1000000000	100	100	0	0.764693
1673000	-0.4000000000	0.0100000000	0.1000000000	100	100	0	0.702265
1674000	-0.4000000000	0.0100000000	0.1000000000	100	100	0	0.767167
1675000	-0.4000000000	0.0100000000	0.1000000000	100	100	0	0.739933
1676000	-0.4000000000	0.0100000000	0.1000000000	100	100	0	0.763276
1677000	-0.4000000000	0.0100000000	0.1000000000	100	100	0	0.664379
1678000	-0.4000000000	0.0100000000	0.1000000000	100	100	0	0.722340
1679000	-0.4000000000	0.0100000000	0.1000000000	100	100	0	0.760302
1680000	-0.4000000000	0.0100000000	0.1000000000	100	100	0	0.794700
1681000	-0.4000000000	0.0100000000	0.1000000000	100	100	0	0.749457
1682000	-0.4000000000	0.0100000000	0.1000000000	100	100	0	0.738481
1683000	-0.4000000000	0.0100000000	0.1000000000	100	100	0	0.802158
1684000	-0.4000000000	0.0100000000	0.1000000000	100	100	0	0.656717
1685000	-0.4000000000	0.0100000000	0.1000000000	100	100	0	0.695972
1686000	-0.4000000000	0.0100000000	0.1000000000	100	100	0	0.733524
1687000	-0.4000000000	0.0100000000	0.1000000000	100	100	0	0.739830
1688000	-0.4000000000	0.0100000000	0.1000000000	100	100	0	0.738277
1689000	-0.4000000000	0.0100000000	0.1000000000	100	100	0	0.829987
1690000	-0.4000000000	0.0100000000	0.1000000000	100	100	0	0.737394
1691000	-0.4000000000	0.0100000000	0.1000000000	100	100	0	0.728917
1692000	-0.4000000000	0.0100000000	0.1000000000	100	100	0	0.762489
1693000	-0.4000000000	0.0100000000	0.1000000000	100	100	0	0.732450
1694000	-0.4000000000	0.0100000000	0.1000000000	100	100	0	0.827815
1695000	-0.4000000000	0.0100000000	0.1000000000	100	100	0	0.799925
1696000	-0.4000000000	0.0100000000	0.1000000000	100	100	0	0.736820
1697000	-0.4000000000	0.0100000000	0.1000000000	100	100	0	0.733398
1698000	-0.4000000000	0.0100000000	0.1000000000	100	100	0	0.769354
1699000	-0.4000000000	0.0100000000	0.1000000000	100	100	0	0.740195
1700000	-0.4000000000	0.0100000000	0.1000000000	100	100	0	0.791789
1701000	-0.4000000000	0.0100000000	0.1000000000	100	100	0	0.755583
1702000	-0.4000000000	0.0100000000	0.1000000000	100	100	0	0.767325
1703000	-0.4000000000	0.0100000000	0.1000000000	100	100	0	0.755990
1704000	-0.4000000000	0.0100000000	0.1000000000	100	100	0	0.745819
1705000	-0.4000000000	0.0100000000	0.1000000000	100	100	0	0.751563
1706000	-0.4000000000	0.0100000000	0.1000000000	100	100	0	0.751653
1707000	-0.4000000000	0.0100000000	0.1000000000	100	100	0	0.715946
1708000	-0.4000000000	0.0100000000	0.1000000000	100	100	0	0.717204
1709000	-0.4000000000	0.0100000000	0.1000000000	100	100	0	0.819967
1710000	-0.4000000000	0.0100000000	0.1000000000	100	100	0	0.761964
1711000	-0.4000000000	0.0100000000	0.1000000000	100	100	0	0.696517
1712000	-0.4000000000	0.0100000000	0.1000000000	100	100	0	0.832337
1713000	-0.4000000000	0.0100000000	0.1000000000	100	100	0	0.680228
1714000	-0.4000000000	0.0100000000	0.1000000000	100	100	0	0.806072
1715000	-0.4000000000	0.0100000000	0.1000000000	100	100	0	0.765503
1716000	-0.4000000000	0.0100000000	0.1000000000	100	100	0	0.765436
1717000	-0.4000000000	0.0100000000	0.1000000000	100	100	0	0.749712
1718000	-0.4000000000	0.0100000000	0.1000000000	100	100	0	0.744491
1719000	-0.4000000000	0.0100000000	0.1000000000	100	100	0	0.680026
1720000	-0.4000000000	0.0100000000	0.1000000000	100	100	0	0.702562
1721000	-0.4000000000	0.0100000000	0.1000000000	100	100	0	0.731656
1722000	-0.4000000000	0.0100000000	0.1000000000	100	100	0	0.784791
1723000	-0.4000000000	0.0100000000	0.1000000000	100	100	0	0.750580
1724000	-0.4000000000	0.0100000000	0.1000000000	100	100	0	0.769859
1725000	-0.4000000000	0.0100000000	0.1000000000	100	100	0	0.718390
1726000	-0.4000000000	0.0100000000	0.1000000000	100	100	0	0.729174
1727000	-0.4000000000	0.0100000000	0.1000000000	100	100	0	0.721000
1728000	-0.4000000000	0.0100000000	0.1000000000	100	100	0	0.775127
1729000	-0.4000000000	0.0100000000	0.1000000000	100	100	0	0.814702
1730000	-0.4000000000	0.0100000000	0.1000000000	100	100	0	0.803880
1731000	-0.4000000000	0.0100000000	0.1000000000	100	100	0	0.694415
1732000	-0.4000000000	0.0100000000	0.1000000000	100	100	0	0.760051
1733000	-0.4000000000	0.0100000000	0.1000000000	100	100	0	0.714139
1734000	-0.4000000000	0.0100000000	0.1000000000	100	100	0	0.767422
1735000	-0.4000000000	0.0100000000	0.1000000000	100	100	0	0.826751
1736000	-0.4000000000	0.0100000000	0.1000000000	100	100	0	0.773961
1737000	-0.4000000000	0.0100000000	0.1000000000	100	100	0	0.747527
1738000	-0.4000000000	0.0100000000	0.1000000000	100	100	0	0.723803
1739000	-0.4000000000	0.0100000000	0.1000000000	100	100	0	0.733329
1740000	-0.4000000000	0.0100000000	0.1000000000	100	100	0	0.804413
1741000	-0.4000000000	0.0100000000	0.1000000000	100	100	0	0.746408
1742000	-0.4000000000	0.0100000000	0.1000000000	100	100	0	0.768721
1743000	-0.4000000000	0.0100000000	0.1000000000	100	100	0	0.809411
1744000	-0.4000000000	0.0100000000	0.1000000000	100	100	0	0.827806
1745000	-0.4000000000	0.0100000000	0.1000000000	100	100	0	0.703982
1746000	-0.4000000000	0.0100000000	0.1000000000	100	100	0	0.663912
1747000	-0.4000000000	0.0100000000	0.1000000000	100	100	0	0.802992
1748000	-0.4000000000	0.0100000000	0.1000000000	100	100	0	0.667958
1749000	-0.4000000000	0.0100000000	0.1000000000	100	100	0	0.729974
1750000	-0.4000000000	0.0100000000	0.1000000000	100	100	0	0.746084
1751000	-0.4000000000	0.0100000000	0.1000000000	100	100	0	0.760058
1752000	-0.4000000000	0.0100000000	0.1000000000	100	100	0	0.841403
1753000	-0.4000000000	0.0100000000	0.1000000000	100	100	0	0.803932
1754000	-0.4000000000	0.0100000000	0.1000000000	100	100	0	0.684284
1755000	-0.4000000000	0.0100000000	0.1000000000	100	100	0	0.744485
1756000	-0.4000000000	0.0100000000	0.1000000000	100	100	0	0.788125
1757000	-0.4000000000	0.0100000000	0.1000000000	100	100	0	0.768773
1758000	-0.4000000000	0.0100000000	0.1000000000	100	100	0	0.789119
1759000	-0.4000000000	0.0100000000	0.1000000000	100	100	0	0.821261
1760000	-0.4000000000	0.0100000000	0.1000000000	100	100	0	0.764326
1761000	-0.4000000000	0.0100000000	0.1000000000	100	100	0	0.792241
1762000	-0.4000000000	0.0100000000	0.1000000000	100	100	0	0.808622
1763000	-0.4000000000	0.0100000000	0.1000000000	100	100	0	0.773417
1764000	-0.4000000000	0.0100000000	0.1000000000	100	100	0	0.792992
1765000	-0.4000000000	0.0100000000	0.1000000000	100	100	0	0.778277
1766000	-0.4000000000	0.0100000000	0.1000000000	100	100	0	0.784351
1767000	-0.4000000000	0.0100000000	0.1000000000	100	100	0	0.755869
1768000	-0.4000000000	0.0100000000	0.1000000000	100	100	0	0.801034
1769000	-0.4000000000	0.0100000000	0.1000000000	100	100	0	0.651370
1770000	-0.4000000000	0.0100000000	0.1000000000	100	100	0	0.826329
1771000	-0.4000000000	0.0100000000	0.1000000000	100	100	0	0.724683
1772000	-0.4000000000	0.0100000000	0.1000000000	100	100	0	0.749936
1773000	-0.4000000000	0.0100000000	0.1000000000	100	100	0	0.755973
1774000	-0.4000000000	0.0100000000	0.1000000000	100	100	0	0.781081
1775000	-0.4000000000	0.0100000000	0.1000000000	100	100	0	0.758411
1776000	-0.4000000000	0.0100000000	0.1000000000	100	100	0	0.688090
1777000	-0.4000000000	0.0100000000	0.1000000000	100	100	0	0.856172
1778000	-0.4000000000	0.0100000000	0.1000000000	100	100	0	0.762763
1779000	-0.4000000000	0.0100000000	0.1000000000	100	100	0	0.769008
1780000	-0.4000000000	0.0100000000	0.1000000000	100	100	0	0.829916
1781000	-0.4000000000	0.0100000000	0.1000000000	100	100	0	0.778039
1782000	-0.4000000000	0.0100000000	0.1000000000	100	100	0	0.763893
1783000	-0.4000000000	0.0100000000	0.1000000000	100	100	0	0.757338
1784000	-0.4000000000	0.0100000000	0.1000000000	100	100	0	0.815041
1785000	-0.4000000000	0.0100000000	0.1000000000	100	100	0	0.791404
1786000	-0.4000000000	0.0100000000	0.1000000000	100	100	0	0.720438
1787000	-0.4000000000	0.0100000000	0.1000000000	100	100	0	0.720982
1788000	-0.4000000000	0.0100000000	0.1000000000	100	100	0	0.758401
1789000	-0.4000000000	0.0100000000	0.1000000000	100	100	0	0.698446
1790000	-0.4000000000	0.0100000000	0.1000000000	100	100	0	0.779186
1791000	-0.4000000000	0.0100000000	0.1000000000	100	100	0	0.777677
1792000	-0.4000000000	0.0100000000	0.1000000000	100	100	0	0.800224
1793000	-0.4000000000	0.0100000000	0.1000000000	100	100	0	0.732158
1794000	-0.4000000000	0.0100000000	0.1000000000	100	100	0	0.819607
1795000	-0.4000000000	0.0100000000	0.1000000000	100	100	0	0.703145
1796000	-0.4000000000	0.0100000000	0.1000000000	100	100	0	0.706735
1797000	-0.4000000000	0.0100000000	0.1000000000	100	100	0	0.861107
1798000	-0.4000000000	0.0100000000	0.1000000000	100	100	0	0.728955
1799000	-0.4000000000	0.0100000000	0.1000000000	100	100	0	0.779879
1800000	-0.4000000000	0.0100000000	0.1000000000	100	100	0	0.718345
1801000	-0.4000000000	0.0100000000	0.1000000000	100	100	0	0.763335
1802000	-0.4000000000	0.0100000000	0.1000000000	100	100	0	0.834206
1803000	-0.4000000000	0.0100000000	0.1000000000	100	100	0	0.831685
1804000	-0.4000000000	0.0100000000	0.1000000000	100	100	0	0.782862
1805000	-0.4000000000	0.0100000000	0.1000000000	100	100	0	0.745843
1806000	-0.4000000000	0.0100000000	0.1000000000	100	100	0	0.700884
1807000	-0.4000000000	0.0100000000	0.1000000000	100	100	0	0.795114
1808000	-0.4000000000	0.0100000000	0.1000000000	100	100	0	0.722774
1809000	-0.4000000000	0.0100000000	0.1000000000	100	100	0	0.678957
1810000	-0.4000000000	0.0100000000	0.1000000000	100	100	0	0.691321
1811000	-0.4000000000	0.0100000000	0.1000000000	100	100	0	0.724333
1812000	-0.4000000000	0.0100000000	0.1000000000	100	100	0	0.800068
1813000	-0.4000000000	0.0100000000	0.1000000000	100	100	0	0.768730
1814000	-0.4000000000	0.0100000000	0.1000000000	100	100	0	0.761436
1815000	-0.4000000000	0.0100000000	0.1000000000	100	100	0	0.730348
1816000	-0.4000000000	0.0100000000	0.1000000000	100	100	0	0.757118
1817000	-0.4000000000	0.0100000000	0.1000000000	100	100	0	0.721623
1818000	-0.4000000000	0.0100000000	0.1000000000	100	100	0	0.741767
1819000	-0.4000000000	0.0100000000	0.1000000000	100	100	0	0.758998
1820000	-0.4000000000	0.0100000000	0.1000000000	100	100	0	0.690575
1821000	-0.4000000000	0.0100000000	0.1000000000	100	100	0	0.766002
1822000	-0.4000000000	0.0100000000	0.1000000000	100	100	0	0.715531
1823000	-0.4000000000	0.0100000000	0.1000000000	100	100	0	0.709295
1824000	-0.4000000000	0.0100000000	0.1000000000	100	100	0	0.759782
1825000	-0.4000000000	0.0100000000	0.1000000000	100	100	0	0.742068
1826000	-0.4000000000	0.0100000000	0.1000000000	100	100	0	0.760875
1827000	-0.4000000000	0.0100000000	0.1000000000	100	100	0	0.822984
1828000	-0.4000000000	0.0100000000	0.1000000000	100	100	0	0.808742
1829000	-0.4000000000	0.0100000000	0.1000000000	100	100	0	0.719614
1830000	-0.4000000000	0.0100000000	0.1000000000	100	100	0	0.642205
1831000	-0.4000000000	0.0100000000	0.1000000000	100	100	0	0.780579
1832000	-0.4000000000	0.0100000000	0.1000000000	100	100	0	0.696208
1833000	-0.4000000000	0.0100000000	0.1000000000	100	100	0	0.684790
1834000	-0.4000000000	0.0100000000	0.1000000000	100	100	0	0.736586
1835000	-0.4000000000	0.0100000000	0.1000000000	100	100	0	0.781624
1836000	-0.4000000000	0.0100000000	0.1000000000	100	100	0	0.803441
1837000	-0.4000000000	0.0100000000	0.1000000000	100	100	0	0.747719
1838000	-0.4000000000	0.0100000000	0.1000000000	100	100	0	0.788886
1839000	-0.4000000000	0.0100000000	0.1000000000	100	100	0	0.806300
1840000	-0.4000000000	0.0100000000	0.1000000000	100	100	0	0.729271
1841000	-0.4000000000	0.0100000000	0.1000000000	100	100	0	0.792457
1842000	-0.4000000000	0.0100000000	0.1000000000	100	100	0	0.798790
1843000	-0.4000000000	0.0100000000	0.1000000000	100	100	0	0.822958
1844000	-0.4000000000	0.0100000000	0.1000000000	100	100	0	0.675087
1845000	-0.4000000000	0.0100000000	0.1000000000	100	100	0	0.763582
1846000	-0.4000000000	0.0100000000	0.1000000000	100	100	0	0.656348
1847000	-0.4000000000	0.0100000000	0.1000000000	100	100	0	0.700257
1848000	-0.4000000000	0.0100000000	0.1000000000	100	100	0	0.684243
1849000	-0.4000000000	0.0100000000	0.1000000000	100	100	0	0.822638
1850000	-0.4000000000	0.0100000000	0.1000000000	100	100	0	0.880566
1851000	-0.4000000000	0.0100000000	0.1000000000	100	100	0	0.753774
1852000	-0.4000000000	0.0100000000	0.1000000000	100	100	0	0.683425
1853000	-0.4000000000	0.0100000000	0.1000000000	100	100	0	0.725047
1854000	-0.4000000000	0.0100000000	0.1000000000	100	100	0	0.724643
1855000	-0.4000000000	0.0100000000	0.1000000000	100	100	0	0.737356
1856000	-0.4000000000	0.0100000000	0.1000000000	100	100	0	0.840956
1857000	-0.4000000000	0.0100000000	0.1000000000	100	100	0	0.681850
1858000	-0.4000000000	0.0100000000	0.1000000000	100	100	0	0.705280
1859000	-0.4000000000	0.0100000000	0.1000000000	100	100	0	0.791947
1860000	-0.4000000000	0.0100000000	0.1000000000	100	100	0	0.718292
1861000	-0.4000000000	0.0100000000	0.1000000000	100	100	0	0.728611
1862000	-0.4000000000	0.0100000000	0.1000000000	100	100	0	0.722665
1863000	-0.4000000000	0.0100000000	0.1000000000	100	100	0	0.777202
1864000	-0.4000000000	0.0100000000	0.1000000000	100	100	0	0.705068
1865000	-0.4000000000	0.0100000000	0.1000000000	100	100	0	0.749029
1866000	-0.4000000000	0.0100000000	0.1000000000	100	100	0	0.693726
1867000	-0.4000000000	0.0100000000	0.1000000000	100	100	0	0.824161
1868000	-0.4000000000	0.0100000000	0.1000000000	100	100	0	0.702854
1869000	-0.4000000000	0.0100000000	0.1000000000	100	100	0	0.711474
1870000	-0.4000000000	0.0100000000	0.1000000000	100	100	0	0.782938
1871000	-0.4000000000	0.0100000000	0.1000000000	100	100	0	0.793915
1872000	-0.4000000000	0.0100000000	0.1000000000	100	100	0	0.769772
1873000	-0.4000000000	0.0100000000	0.1000000000	100	100	0	0.744854
1874000	-0.4000000000	0.0100000000	0.1000000000	100	100	0	0.648836
1875000	-0.4000000000	0.0100000000	0.1000000000	100	100	0	0.715255
1876000	-0.4000000000	0.0100000000	0.1000000000	100	100	0	0.882594
1877000	-0.4000000000	0.0100000000	0.1000000000	100	100	0	0.664816
1878000	-0.4000000000	0.0100000000	0.1000000000	100	100	0	0.728695
1879000	-0.4000000000	0.0100000000	0.1000000000	100	100	0	0.714608
1880000	-0.4000000000	0.0100000000	0.1000000000	100	100	0	0.787607
1881000	-0.4000000000	0.0100000000	0.1000000000	100	100	0	0.748874
1882000	-0.4000000000	0.0100000000	0.1000000000	100	100	0	0.806287
1883000	-0.4000000000	0.0100000000	0.1000000000	100	100	0	0.764145
1884000	-0.4000000000	0.0100000000	0.1000000000	100	100	0	0.759510
1885000	-0.4000000000	0.0100000000	0.1000000000	100	100	0	0.718331
1886000	-0.4000000000	0.0100000000	0.1000000000	100	100	0	0.649661
1887000	-0.4000000000	0.0100000000	0.1000000000	100	100	0	0.714065
1888000	-0.4000000000	0.0100000000	0.1000000000	100	100	0	0.713772
1889000	-0.4000000000	0.0100000000	0.1000000000	100	100	0	0.760344
1890000	-0.4000000000	0.0100000000	0.1000000000	100	100	0	0.830500
1891000	-0.4000000000	0.0100000000	0.1000000000	100	100	0	0.686336
1892000	-0.4000000000	0.0100000000	0.1000000000	100	100	0	0.801643
1893000	-0.4000000000	0.0100000000	0.1000000000	100	100	0	0.816349
1894000	-0.4000000000	0.0100000000	0.1000000000	100	100	0	0.885998
1895000	-0.4000000000	0.0100000000	0.1000000000	100	100	0	0.771215
1896000	-0.4000000000	0.0100000000	0.1000000000	100	100	0	0.762790
1897000	-0.4000000000	0.0100000000	0.1000000000	100	100	0	0.791139
1898000	-0.4000000000	0.0100000000	0.1000000000	100	100	0	0.779181
1899000	-0.4000000000	0.0100000000	0.1000000000	100	100	0	0.650134
1900000	-0.4000000000	0.0100000000	0.1000000000	100	100	0	0.717822
1901000	-0.4000000000	0.0100000000	0.1000000000	100	100	0	0.757162
1902000	-0.4000000000	0.0100000000	0.1000000000	100	100	0	0.773133
1903000	-0.4000000000	0.0100000000	0.1000000000	100	100	0	0.760604
1904000	-0.4000000000	0.0100000000	0.1000000000	100	100	0	0.808091
1905000	-0.4000000000	0.0100000000	0.1000000000	100	100	0	0.721392
1906000	-0.4000000000	0.0100000000	0.1000000000	100	100	0	0.661854
1907000	-0.4000000000	0.0100000000	0.1000000000	100	100	0	0.729743
1908000	-0.4000000000	0.0100000000	0.1000000000	100	100	0	0.767638
1909000	-0.4000000000	0.0100000000	0.1000000000	100	100	0	0.735188
1910000	-0.4000000000	0.0100000000	0.1000000000	100	100	0	0.700522
1911000	-0.4000000000	0.0100000000	0.1000000000	100	100	0	0.857397
1912000	-0.4000000000	0.0100000000	0.1000000000	100	100	0	0.775102
1913000	-0.4000000000	0.0100000000	0.1000000000	100	100	0	0.752673
1914000	-0.4000000000	0.0100000000	0.1000000000	100	100	0	0.750775
1915000	-0.4000000000	0.0100000000	0.1000000000	100	100	0	0.758125
1916000	-0.4000000000	0.0100000000	0.1000000000	100	100	0	0.772079
1917000	-0.4000000000	0.0100000000	0.1000000000	100	100	0	0.827030
1918000	-0.4000000000	0.0100000000	0.1000000000	100	100	0	0.825677
1919000	-0.4000000000	0.0100000000	0.1000000000	100	100	0	0.786270
1920000	-0.4000000000	0.0100000000	0.1000000000	100	100	0	0.861164
1921000	-0.4000000000	0.0100000000	0.1000000000	100	100	0	0.742821
1922000	-0.4000000000	0.0100000000	0.1000000000	100	100	0	0.675668
1923000	-0.4000000000	0.0100000000	0.1000000000	100	100	0	0.761430
1924000	-0.4000000000	0.0100000000	0.1000000000	100	100	0	0.795715
1925000	-0.4000000000	0.0100000000	0.1000000000	100	100	0	0.731602
1926000	-0.4000000000	0.0100000000	0.1000000000	100	100	0	0.777505
1927000	-0.4000000000	0.0100000000	0.1000000000	100	100	0	0.692972
1928000	-0.4000000000	0.0100000000	0.1000000000	100	100	0	0.787879
1929000	-0.4000000000	0.0100000000	0.1000000000	100	100	0	0.752212
1930000	-0.4000000000	0.0100000000	0.1000000000	100	100	0	0.728598
1931000	-0.4000000000	0.0100000000	0.1000000000	100	100	0	0.706847
1932000	-0.4000000000	0.0100000000	0.1000000000	100	100	0	0.777240
1933000	-0.4000000000	0.0100000000	0.1000000000	100	100	0	0.770166
1934000	-0.4000000000	0.0100000000	0.1000000000	100	100	0	0.822485
1935000	-0.4000000000	0.0100000000	0.1000000000	100	100	0	0.736589
1936000	-0.4000000000	0.0100000000	0.1000000000	100	100	0	0.730682
1937000	-0.4000000000	0.0100000000	0.1000000000	100	100	0	0.700864
1938000	-0.4000000000	0.0100000000	0.1000000000	100	100	0	0.744751
1939000	-0.4000000000	0.0100000000	0.1000000000	100	100	0	0.750502
1940000	-0.4000000000	0.0100000000	0.1000000000	100	100	0	0.766576
1941000	-0.4000000000	0.0100000000	0.1000000000	100	100	0	0.770423
1942000	-0.4000000000	0.0100000000	0.1000000000	100	100	0	0.708458
1943000	-0.4000000000	0.0100000000	0.1000000000	100	100	0	0.813272
1944000	-0.4000000000	0.0100000000	0.1000000000	100	100	0	0.776559
1945000	-0.4000000000	0.0100000000	0.1000000000	100	100	0	0.711615
1946000	-0.4000000000	0.0100000000	0.1000000000	100	100	0	0.782163
1947000	-0.4000000000	0.0100000000	0.1000000000	100	100	0	0.699064
1948000	-0.4000000000	0.0100000000	0.1000000000	100	100	0	0.775357
1949000	-0.4000000000	0.0100000000	0.1000000000	100	100	0	0.753236
1950000	-0.4000000000	0.0100000000	0.1000000000	100	100	0	0.690393
1951000	-0.4000000000	0.0100000000	0.1000000000	100	100	0	0.721570
1952000	-0.4000000000	0.0100000000	0.1000000000	100	100	0	0.709874
1953000	-0.4000000000	0.0100000000	0.1000000000	100	100	0	0.715230
1954000	-0.4000000000	0.0100000000	0.1000000000	100	100	0	0.768227
1955000	-0.4000000000	0.0100000000	0.1000000000	100	100	0	0.820077
1956000	-0.4000000000	0.0100000000	0.1000000000	100	100	0	0.824024
1957000	-0.4000000000	0.0100000000	0.1000000000	100	100	0	0.722654
1958000	-0.4000000000	0.0100000000	0.1000000000	100	100	0	0.736285
1959000	-0.4000000000	0.0100000000	0.1000000000	100	100	0	0.786308
1960000	-0.4000000000	0.0100000000	0.1000000000	100	100	0	0.781605
1961000	-0.4000000000	0.0100000000	0.1000000000	100	100	0	0.781357
1962000	-0.4000000000	0.0100000000	0.1000000000	100	100	0	0.699782
1963000	-0.4000000000	0.0100000000	0.1000000000	100	100	0	0.741993
1964000	-0.4000000000	0.0100000000	0.1000000000	100	100	0	0.762975
1965000	-0.4000000000	0.0100000000	0.1000000000	100	100	0	0.785653
1966000	-0.4000000000	0.0100000000	0.1000000000	100	100	0	0.768802
1967000	-0.4000000000	0.0100000000	0.1000000000	100	100	0	0.748631
1968000	-0.4000000000	0.0100000000	0.1000000000	100	100	0	0.772597
1969000	-0.4000000000	0.0100000000	0.1000000000	100	100	0	0.745278
1970000	-0.4000000000	0.0100000000	0.1000000000	100	100	0	0.705018
1971000	-0.4000000000	0.0100000000	0.1000000000	100	100	0	0.820849
1972000	-0.4000000000	0.0100000000	0.1000000000	100	100	0	0.785681
1973000	-0.4000000000	0.0100000000	0.1000000000	100	100	0	0.749411
1974000	-0.4000000000	0.0100000000	0.1000000000	100	100	0	0.811562
1975000	-0.4000000000	0.0100000000	0.1000000000	100	100	0	0.720547
1976000	-0.4000000000	0.0100000000	0.1000000000	100	100	0	0.702816
1977000	-0.4000000000	0.0100000000	0.1000000000	100	100	0	0.788149
1978000	-0.4000000000	0.0100000000	0.1000000000	100	100	0	0.746937
1979000	-0.4000000000	0.0100000000	0.1000000000	100	100	0	0.796047
1980000	-0.4000000000	0.0100000000	0.1000000000	100	100	0	0.749669
1981000	-0.4000000000	0.0100000000	0.1000000000	100	100	0	0.788963
1982000	-0.4000000000	0.0100000000	0.1000000000	100	100	0	0.757331
1983000	-0.4000000000	0.0100000000	0.1000000000	100	100	0	0.637032
1984000	-0.4000000000	0.0100000000	0.1000000000	100	100	0	0.843385
1985000	-0.4000000000	0.0100000000	0.1000000000	100	100	0	0.789747
1986000	-0.4000000000	0.0100000000	0.1000000000	100	100	0	0.770978
1987000	-0.4000000000	0.0100000000	0.1000000000	100	100	0	0.736777
1988000	-0.4000000000	0.0100000000	0.1000000000	100	100	0	0.786412
1989000	-0.4000000000	0.0100000000	0.1000000000	100	100	0	0.666991
1990000	-0.4000000000	0.0100000000	0.1000000000	100	100	0	0.723465
1991000	-0.4000000000	0.0100000000	0.1000000000	100	100	0	0.810759
1992000	-0.4000000000	0.0100000000	0.1000000000	100	100	0	0.836171
1993000	-0.4000000000	0.0100000000	0.1000000000	100	100	0	0.765565
1994000	-0.4000000000	0.0100000000	0.1000000000	100	100	0	0.700739
1995000	-0.4000000000	0.0100000000	0.1000000000	100	100	0	0.779545
1996000	-0.4000000000	0.0100000000	0.1000000000	100	100	0	0.739859
1997000	-0.4000000000	0.0100000000	0.1000000000	100	100	0	0.785144
1998000	-0.4000000000	0.0100000000	0.1000000000	100	100	0	0.753220
1999000	-0.4000000000	0.0100000000	0.1000000000	100	100	0	0.766546
2000000	-0.4000000000	0.0100000000	0.1000000000	100	100	0	0.679204
2001000	-0.4000000000	0.0100000000	0.1000000000	100	100	0	0.670234
2002000	-0.4000000000	0.0100000000	0.1000000000	100	100	0	0.773716
2003000	-0.4000000000	0.0100000000	0.1000000000	100	100	0	0.758421
2004000	-0.4000000000	0.0100000000	0.1000000000	100	100	0	0.710118
2005000	-0.4000000000	0.0100000000	0.1000000000	100	100	0	0.787339
2006000	-0.4000000000	0.0100000000	0.1000000000	100	100	0	0.799512
2007000	-0.4000000000	0.0100000000	0.1000000000	100	100	0	0.720708
2008000	-0.4000000000	0.0100000000	0.1000000000	100	100	0	0.690871
2009000	-0.4000000000	0.0100000000	0.1000000000	100	100	0	0.788066
2010000	-0.4000000000	0.0100000000	0.1000000000	100	100	0	0.760059
2011000	-0.4000000000	0.0100000000	0.1000000000	100	100	0	0.829222
2012000	-0.4000000000	0.0100000000	0.1000000000	100	100	0	0.670454
2013000	-0.4000000000	0.0100000000	0.1000000000	100	100	0	0.800117
2014000	-0.4000000000	0.0100000000	0.1000000000	100	100	0	0.753751
2015000	-0.4000000000	0.0100000000	0.1000000000	100	100	0	0.706848
2016000	-0.4000000000	0.0100000000	0.1000000000	100	100	0	0.762281
2017000	-0.4000000000	0.0100000000	0.1000000000	100	100	0	0.729464
2018000	-0.4000000000	0.0100000000	0.1000000000	100	100	0	0.766544
2019000	-0.4000000000	0.0100000000	0.1000000000	100	100	0	0.758949
2020000	-0.4000000000	0.0100000000	0.1000000000	100	100	0	0.726521
2021000	-0.4000000000	0.0100000000	0.1000000000	100	100	0	0.753176
2022000	-0.4000000000	0.0100000000	0.1000000000	100	100	0	0.719599
2023000	-0.4000000000	0.0100000000	0.1000000000	100	100	0	0.732762
2024000	-0.4000000000	0.0100000000	0.1000000000	100	100	0	0.757875
2025000	-0.4000000000	0.0100000000	0.1000000000	100	100	0	0.802210
2026000	-0.4000000000	0.0100000000	0.1000000000	100	100	0	0.821085
2027000	-0.4000000000	0.0100000000	0.1000000000	100	100	0	0.738999
2028000	-0.4000000000	0.0100000000	0.1000000000	100	100	0	0.688626
2029000	-0.4000000000	0.0100000000	0.1000000000	100	100	0	0.796935
2030000	-0.4000000000	0.0100000000	0.1000000000	100	100	0	0.791088
2031000	-0.4000000000	0.0100000000	0.1000000000	100	100	0	0.807398
2032000	-0.4000000000	0.0100000000	0.1000000000	100	100	0	0.843811
2033000	-0.4000000000	0.0100000000	0.1000000000	100	100	0	0.738332
2034000	-0.4000000000	0.0100000000	0.1000000000	100	100	0	0.823810
2035000	-0.4000000000	0.0100000000	0.1000000000	100	100	0	0.712840
2036000	-0.4000000000	0.0100000000	0.1000000000	100	100	0	0.799036
2037000	-0.4000000000	0.0100000000	0.1000000000	100	100	0	0.726552
2038000	-0.4000000000	0.0100000000	0.1000000000	100	100	0	0.651220
2039000	-0.4000000000	0.0100000000	0.1000000000	100	100	0	0.773139
2040000	-0.4000000000	0.0100000000	0.1000000000	100	100	0	0.754081
2041000	-0.4000000000	0.0100000000	0.1000000000	100	100	0	0.740408
2042000	-0.4000000000	0.0100000000	0.1000000000	100	100	0	0.773112
2043000	-0.4000000000	0.0100000000	0.1000000000	100	100	0	0.633204
2044000	-0.4000000000	0.0100000000	0.1000000000	100	100	0	0.753072
2045000	-0.4000000000	0.0100000000	0.1000000000	100	100	0	0.722356
2046000	-0.4000000000	0.0100000000	0.1000000000	100	100	0	0.776124
2047000	-0.4000000000	0.0100000000	0.1000000000	100	100	0	0.743086
2048000	-0.4000000000	0.0100000000	0.1000000000	100	100	0	0.718485
2049000	-0.4000000000	0.0100000000	0.1000000000	100	100	0	0.780816
2050000	-0.4000000000	0.0100000000	0.1000000000	100	100	0	0.801019
2051000	-0.4000000000	0.0100000000	0.1000000000	100	100	0	0.797644
2052000	-0.4000000000	0.0100000000	0.1000000000	100	100	0	0.816359
2053000	-0.4000000000	0.0100000000	0.1000000000	100	100	0	0.846078
2054000	-0.4000000000	0.0100000000	0.1000000000	100	100	0	0.761984
2055000	-0.4000000000	0.0100000000	0.1000000000	100	100	0	0.714305
2056000	-0.4000000000	0.0100000000	0.1000000000	100	100	0	0.864416
2057000	-0.4000000000	0.0100000000	0.1000000000	100	100	0	0.804442
2058000	-0.4000000000	0.0100000000	0.1000000000	100	100	0	0.756038
2059000	-0.4000000000	0.0100000000	0.1000000000	100	100	0	0.825224
2060000	-0.4000000000	0.0100000000	0.1000000000	100	100	0	0.727280
2061000	-0.4000000000	0.0100000000	0.1000000000	100	100	0	0.726245
2062000	-0.4000000000	0.0100000000	0.1000000000	100	100	0	0.776702
2063000	-0.4000000000	0.0100000000	0.1000000000	100	100	0	0.746943
2064000	-0.4000000000	0.0100000000	0.1000000000	100	100	0	0.852339
2065000	-0.4000000000	0.0100000000	0.1000000000	100	100	0	0.668075
2066000	-0.4000000000	0.0100000000	0.1000000000	100	100	0	0.731166
2067000	-0.4000000000	0.0100000000	0.1000000000	100	100	0	0.727830
2068000	-0.4000000000	0.0100000000	0.1000000000	100	100	0	0.756571
2069000	-0.4000000000	0.0100000000	0.1000000000	100	100	0	0.673471
2070000	-0.4000000000	0.0100000000	0.1000000000	100	100	0	0.816265
2071000	-0.4000000000	0.0100000000	0.1000000000	100	100	0	0.749442
2072000	-0.4000000000	0.0100000000	0.1000000000	100	100	0	0.742816
2073000	-0.4000000000	0.0100000000	0.1000000000	100	100	0	0.708356
2074000	-0.4000000000	0.0100000000	0.1000000000	100	100	0	0.772831
2075000	-0.4000000000	0.0100000000	0.1000000000	100	100	0	0.787467
2076000	-0.4000000000	0.0100000000	0.1000000000	100	100	0	0.644427
2077000	-0.4000000000	0.0100000000	0.1000000000	100	100	0	0.736297
2078000	-0.4000000000	0.0100000000	0.1000000000	100	100	0	0.789167
2079000	-0.4000000000	0.0100000000	0.1000000000	100	100	0	0.829402
2080000	-0.4000000000	0.0100000000	0.1000000000	100	100	0	0.730556
2081000	-0.4000000000	0.0100000000	0.1000000000	100	100	0	0.734393
2082000	-0.4000000000	0.0100000000	0.1000000000	100	100	0	0.778051
2083000	-0.4000000000	0.0100000000	0.1000000000	100	100	0	0.798487
2084000	-0.4000000000	0.0100000000	0.1000000000	100	100	0	0.720812
2085000	-0.4000000000	0.0100000000	0.1000000000	100	100	0	0.783184
2086000	-0.4000000000	0.0100000000	0.1000000000	100	100	0	0.707884
2087000	-0.4000000000	0.0100000000	0.1000000000	100	100	0	0.858199
2088000	-0.4000000000	0.0100000000	0.1000000000	100	100	0	0.794035
2089000	-0.4000000000	0.0100000000	0.1000000000	100	100	0	0.723934
2090000	-0.4000000000	0.0100000000	0.1000000000	100	100	0	0.639190
2091000	-0.4000000000	0.0100000000	0.1000000000	100	100	0	0.816409
2092000	-0.4000000000	0.0100000000	0.1000000000	100	100	0	0.739366
2093000	-0.4000000000	0.0100000000	0.1000000000	100	100	0	0.787328
2094000	-0.4000000000	0.0100000000	0.1000000000	100	100	0	0.732766
2095000	-0.4000000000	0.0100000000	0.1000000000	100	100	0	0.636837
2096000	-0.4000000000	0.0100000000	0.1000000000	100	100	0	0.741725
2097000	-0.4000000000	0.0100000000	0.1000000000	100	100	0	0.796576
2098000	-0.4000000000	0.0100000000	0.1000000000	100	100	0	0.777738
2099000	-0.4000000000	0.0100000000	0.1000000000	100	100	0	0.803461
2100000	-0.4000000000	0.0100000000	0.1000000000	100	100	0	0.766375
2101000	-0.4000000000	0.0100000000	0.1000000000	100	100	0	0.680464
2102000	-0.4000000000	0.0100000000	0.1000000000	100	100	0	0.814681
2103000	-0.4000000000	0.0100000000	0.1000000000	100	100	0	0.752134
2104000	-0.4000000000	0.0100000000	0.1000000000	100	100	0	0.722621
2105000	-0.4000000000	0.0100000000	0.1000000000	100	100	0	0.745579
2106000	-0.4000000000	0.0100000000	0.1000000000	100	100	0	0.759849
2107000	-0.4000000000	0.0100000000	0.1000000000	100	100	0	0.773655
2108000	-0.4000000000	0.0100000000	0.1000000000	100	100	0	0.804838
2109000	-0.4000000000	0.0100000000	0.1000000000	100	100	0	0.829067
2110000	-0.4000000000	0.0100000000	0.1000000000	100	100	0	0.720943
2111000	-0.4000000000	0.0100000000	0.1000000000	100	100	0	0.807020
2112000	-0.4000000000	0.0100000000	0.1000000000	100	100	0	0.751079
2113000	-0.4000000000	0.0100000000	0.1000000000	100	100	0	0.766023
2114000	-0.4000000000	0.0100000000	0.1000000000	100	100	0	0.737413
2115000	-0.4000000000	0.0100000000	0.1000000000	100	100	0	0.655763
2116000	-0.4000000000	0.0100000000	0.1000000000	100	100	0	0.749951
2117000	-0.4000000000	0.0100000000	0.1000000000	100	100	0	0.660456
2118000	-0.4000000000	0.0100000000	0.1000000000	100	100	0	0.813319
2119000	-0.4000000000	0.0100000000	0.1000000000	100	100	0	0.768765
2120000	-0.4000000000	0.0100000000	0.1000000000	100	100	0	0.823573
2121000	-0.4000000000	0.0100000000	0.1000000000	100	100	0	0.760876
2122000	-0.4000000000	0.0100000000	0.1000000000	100	100	0	0.781791
2123000	-0.4000000000	0.0100000000	0.1000000000	100	100	0	0.744479
2124000	-0.4000000000	0.0100000000	0.1000000000	100	100	0	0.703742
2125000	-0.4000000000	0.0100000000	0.1000000000	100	100	0	0.785908
2126000	-0.4000000000	0.0100000000	0.1000000000	100	100	0	0.850767
2127000	-0.4000000000	0.0100000000	0.1000000000	100	100	0	0.819900
2128000	-0.4000000000	0.0100000000	0.1000000000	100	100	0	0.669871
2129000	-0.4000000000	0.0100000000	0.1000000000	100	100	0	0.800615
2130000	-0.4000000000	0.0100000000	0.1000000000	100	100	0	0.763869
2131000	-0.4000000000	0.0100000000	0.1000000000	100	100	0	0.775091
2132000	-0.4000000000	0.0100000000	0.1000000000	100	100	0	0.683469
2133000	-0.4000000000	0.0100000000	0.1000000000	100	100	0	0.794364
2134000	-0.4000000000	0.0100000000	0.1000000000	100	100	0	0.791078
2135000	-0.4000000000	0.0100000000	0.1000000000	100	100	0	0.750541
2136000	-0.4000000000	0.0100000000	0.1000000000	100	100	0	0.734733
2137000	-0.4000000000	0.0100000000	0.1000000000	100	100	0	0.808215
2138000	-0.4000000000	0.0100000000	0.1000000000	100	100	0	0.732219
2139000	-0.4000000000	0.0100000000	0.1000000000	100	100	0	0.674828
2140000	-0.4000000000	0.0100000000	0.1000000000	100	100	0	0.768818
2141000	-0.4000000000	0.0100000000	0.1000000000	100	100	0	0.760049
2142000	-0.4000000000	0.0100000000	0.1000000000	100	100	0	0.740414
2143000	-0.4000000000	0.0100000000	0.1000000000	100	100	0	0.817883
2144000	-0.4000000000	0.0100000000	0.1000000000	100	100	0	0.698657
2145000	-0.4000000000	0.0100000000	0.1000000000	100	100	0	0.702199
2146000	-0.4000000000	0.0100000000	0.1000000000	100	100	0	0.679724
2147000	-0.4000000000	0.0100000000	0.1000000000	100	100	0	0.721858
2148000	-0.4000000000	0.0100000000	0.1000000000	100	100	0	0.746408
2149000	-0.4000000000	0.0100000000	0.1000000000	100	100	0	0.752678
2150000	-0.4000000000	0.0100000000	0.1000000000	100	100	0	0.715004
2151000	-0.4000000000	0.0100000000	0.1000000000	100	100	0	0.771795
2152000	-0.4000000000	0.0100000000	0.1000000000	100	100	0	0.682667
2153000	-0.4000000000	0.0100000000	0.1000000000	100	100	0	0.856885
2154000	-0.4000000000	0.0100000000	0.1000000000	100	100	0	0.766439
2155000	-0.4000000000	0.0100000000	0.1000000000	100	100	0	0.718660
2156000	-0.4000000000	0.0100000000	0.1000000000	100	100	0	0.678257
2157000	-0.4000000000	0.0100000000	0.1000000000	100	100	0	0.781600
2158000	-0.4000000000	0.0100000000	0.1000000000	100	100	0	0.737259
2159000	-0.4000000000	0.0100000000	0.1000000000	100	100	0	0.780728
2160000	-0.4000000000	0.0100000000	0.1000000000	100	100	0	0.771442
2161000	-0.4000000000	0.0100000000	0.1000000000	100	100	0	0.741657
2162000	-0.4000000000	0.0100000000	0.1000000000	100	100	0	0.775292
2163000	-0.4000000000	0.0100000000	0.1000000000	100	100	0	0.700718
2164000	-0.4000000000	0.0100000000	0.1000000000	100	100	0	0.829878
2165000	-0.4000000000	0.0100000000	0.1000000000	100	100	0	0.696996
2166000	-0.4000000000	0.0100000000	0.1000000000	100	100	0	0.781719
2167000	-0.4000000000	0.0100000000	0.1000000000	100	100	0	0.787496
2168000	-0.4000000000	0.0100000000	0.1000000000	100	100	0	0.685664
2169000	-0.4000000000	0.0100000000	0.1000000000	100	100	0	0.835818
2170000	-0.4000000000	0.0100000000	0.1000000000	100	100	0	0.710408
2171000	-0.4000000000	0.0100000000	0.1000000000	100	100	0	0.731629
2172000	-0.4000000000	0.0100000000	0.1000000000	100	100	0	0.756565
2173000	-0.4000000000	0.0100000000	0.1000000000	100	100	0	0.746184
2174000	-0.4000000000	0.0100000000	0.1000000000	100	100	0	0.734741
2175000	-0.4000000000	0.0100000000	0.1000000000	100	100	0	0.758749
2176000	-0.4000000000	0.0100000000	0.1000000000	100	100	0	0.742285
2177000	-0.4000000000	0.0100000000	0.1000000000	100	100	0	0.784880
2178000	-0.4000000000	0.0100000000	0.1000000000	100	100	0	0.761166
2179000	-0.4000000000	0.0100000000	0.1000000000	100	100	0	0.855042
2180000	-0.4000000000	0.0100000000	0.1000000000	100	100	0	0.743115
2181000	-0.4000000000	0.0100000000	0.1000000000	100	100	0	0.725947
2182000	-0.4000000000	0.0100000000	0.1000000000	100	100	0	0.775805
2183000	-0.4000000000	0.0100000000	0.1000000000	100	100	0	0.708491
2184000	-0.4000000000	0.0100000000	0.1000000000	100	100	0	0.839789
2185000	-0.4000000000	0.0100000000	0.1000000000	100	100	0	0.754570
2186000	-0.4000000000	0.0100000000	0.1000000000	100	100	0	0.792135
2187000	-0.4000000000	0.0100000000	0.1000000000	100	100	0	0.780517
2188000	-0.4000000000	0.0100000000	0.1000000000	100	100	0	0.758698
2189000	-0.4000000000	0.0100000000	0.1000000000	100	100	0	0.790569
2190000	-0.4000000000	0.0100000000	0.1000000000	100	100	0	0.811353
2191000	-0.4000000000	0.0100000000	0.1000000000	100	100	0	0.745867
2192000	-0.4000000000	0.0100000000	0.1000000000	100	100	0	0.653949
2193000	-0.4000000000	0.0100000000	0.1000000000	100	100	0	0.794390
2194000	-0.4000000000	0.0100000000	0.1000000000	100	100	0	0.777058
2195000	-0.4000000000	0.0100000000	0.1000000000	100	100	0	0.809114
2196000	-0.4000000000	0.0100000000	0.1000000000	100	100	0	0.802600
2197000	-0.4000000000	0.0100000000	0.1000000000	100	100	0	0.728367
2198000	-0.4000000000	0.0100000000	0.1000000000	100	100	0	0.783766
2199000	-0.4000000000	0.0100000000	0.1000000000	100	100	0	0.697291
2200000	-0.4000000000	0.0100000000	0.1000000000	100	100	0	0.708851
2201000	-0.4000000000	0.0100000000	0.1000000000	100	100	0	0.745291
2202000	-0.4000000000	0.0100000000	0.1000000000	100	100	0	0.768493
2203000	-0.4000000000	0.0100000000	0.1000000000	100	100	0	0.794137
2204000	-0.4000000000	0.0100000000	0.1000000000	100	100	0	0.740189
2205000	-0.4000000000	0.0100000000	0.1000000000	100	100	0	0.734887
2206000	-0.4000000000	0.0100000000	0.1000000000	100	100	0	0.724825
2207000	-0.4000000000	0.0100000000	0.1000000000	100	100	0	0.721051
2208000	-0.4000000000	0.0100000000	0.1000000000	100	100	0	0.758703
2209000	-0.4000000000	0.0100000000	0.1000000000	100	100	0	0.766355
2210000	-0.4000000000	0.0100000000	0.1000000000	100	100	0	0.783893
2211000	-0.4000000000	0.0100000000	0.1000000000	100	100	0	0.749125
2212000	-0.4000000000	0.0100000000	0.1000000000	100	100	0	0.775044
2213000	-0.4000000000	0.0100000000	0.1000000000	100	100	0	0.701957
2214000	-0.4000000000	0.0100000000	0.1000000000	100	100	0	0.710062
2215000	-0.4000000000	0.0100000000	0.1000000000	100	100	0	0.828130
2216000	-0.4000000000	0.0100000000	0.1000000000	100	100	0	0.889740
2217000	-0.4000000000	0.0100000000	0.1000000000	100	100	0	0.663522
2218000	-0.4000000000	0.0100000000	0.1000000000	100	100	0	0.802199
2219000	-0.4000000000	0.0100000000	0.1000000000	100	100	0	0.840328
2220000	-0.4000000000	0.0100000000	0.1000000000	100	100	0	0.751115
2221000	-0.4000000000	0.0100000000	0.1000000000	100	100	0	0.703669
2222000	-0.4000000000	0.0100000000	0.1000000000	100	100	0	0.799272
2223000	-0.4000000000	0.0100000000	0.1000000000	100	100	0	0.776667
2224000	-0.4000000000	0.0100000000	0.1000000000	100	100	0	0.716912
2225000	-0.4000000000	0.0100000000	0.1000000000	100	100	0	0.734100
2226000	-0.4000000000	0.0100000000	0.1000000000	100	100	0	0.772000
2227000	-0.4000000000	0.0100000000	0.1000000000	100	100	0	0.734089
2228000	-0.4000000000	0.0100000000	0.1000000000	100	100	0	0.812287
2229000	-0.4000000000	0.0100000000	0.1000000000	100	100	0	0.785475
2230000	-0.4000000000	0.0100000000	0.1000000000	100	100	0	0.760723
2231000	-0.4000000000	0.0100000000	0.1000000000	100	100	0	0.828827
2232000	-0.4000000000	0.0100000000	0.1000000000	100	100	0	0.709300
2233000	-0.4000000000	0.0100000000	0.1000000000	100	100	0	0.752906
2234000	-0.4000000000	0.0100000000	0.1000000000	100	100	0	0.731149
2235000	-0.4000000000	0.0100000000	0.1000000000	100	100	0	0.749383
2236000	-0.4000000000	0.0100000000	0.1000000000	100	100	0	0.774221
2237000	-0.4000000000	0.0100000000	0.1000000000	100	100	0	0.736457
2238000	-0.4000000000	0.0100000000	0.1000000000	100	100	0	0.788454
2239000	-0.4000000000	0.0100000000	0.1000000000	100	100	0	0.717994
2240000	-0.4000000000	0.0100000000	0.1000000000	100	100	0	0.719096
2241000	-0.4000000000	0.0100000000	0.1000000000	100	100	0	0.750511
2242000	-0.4000000000	0.0100000000	0.1000000000	100	100	0	0.732003
2243000	-0.4000000000	0.0100000000	0.1000000000	100	100	0	0.734141
2244000	-0.4000000000	0.0100000000	0.1000000000	100	100	0	0.797921
2245000	-0.4000000000	0.0100000000	0.1000000000	100	100	0	0.836861
2246000	-0.4000000000	0.0100000000	0.1000000000	100	100	0	0.738776
2247000	-0.4000000000	0.0100000000	0.1000000000	100	100	0	0.825123
2248000	-0.4000000000	0.0100000000	0.1000000000	100	100	0	0.792706
2249000	-0.4000000000	0.0100000000	0.1000000000	100	100	0	0.715807
2250000	-0.4000000000	0.0100000000	0.1000000000	100	100	0	0.619549
2251000	-0.4000000000	0.0100000000	0.1000000000	100	100	0	0.777244
2252000	-0.4000000000	0.0100000000	0.1000000000	100	100	0	0.728398
2253000	-0.4000000000	0.0100000000	0.1000000000	100	100	0	0.789420
2254000	-0.4000000000	0.0100000000	0.1000000000	100	100	0	0.785736
2255000	-0.4000000000	0.0100000000	0.1000000000	100	100	0	0.776358
2256000	-0.4000000000	0.0100000000	0.1000000000	100	100	0	0.756764
2257000	-0.4000000000	0.0100000000	0.1000000000	100	100	0	0.741184
2258000	-0.4000000000	0.0100000000	0.1000000000	100	100	0	0.696788
2259000	-0.4000000000	0.0100000000	0.1000000000	100	100	0	0.663813
2260000	-0.4000000000	0.0100000000	0.1000000000	100	100	0	0.781361
2261000	-0.4000000000	0.0100000000	0.1000000000	100	100	0	0.805142
2262000	-0.4000000000	0.0100000000	0.1000000000	100	100	0	0.720464
2263000	-0.4000000000	0.0100000000	0.1000000000	100	100	0	0.830044
2264000	-0.4000000000	0.0100000000	0.1000000000	100	100	0	0.794951
2265000	-0.4000000000	0.0100000000	0.1000000000	100	100	0	0.801342
2266000	-0.4000000000	0.0100000000	0.1000000000	100	100	0	0.824319
2267000	-0.4000000000	0.0100000000	0.1000000000	100	100	0	0.808397
2268000	-0.4000000000	0.0100000000	0.1000000000	100	100	0	0.793145
2269000	-0.4000000000	0.0100000000	0.1000000000	100	100	0	0.842054
2270000	-0.4000000000	0.0100000000	0.1000000000	100	100	0	0.738523
2271000	-0.4000000000	0.0100000000	0.1000000000	100	100	0	0.743087
2272000	-0.4000000000	0.0100000000	0.1000000000	100	100	0	0.717766
2273000	-0.4000000000	0.0100000000	0.1000000000	100	100	0	0.796839
2274000	-0.4000000000	0.0100000000	0.1000000000	100	100	0	0.710044
2275000	-0.4000000000	0.0100000000	0.1000000000	100	100	0	0.732226
2276000	-0.4000000000	0.0100000000	0.1000000000	100	100	0	0.694518
2277000	-0.4000000000	0.0100000000	0.1000000000	100	100	0	0.793546
2278000	-0.4000000000	0.0100000000	0.1000000000	100	100	0	0.850493
2279000	-0.4000000000	0.0100000000	0.1000000000	100	100	0	0.777266
2280000	-0.4000000000	0.0100000000	0.1000000000	100	100	0	0.816870
2281000	-0.4000000000	0.0100000000	0.1000000000	100	100	0	0.739081
2282000	-0.4000000000	0.0100000000	0.1000000000	100	100	0	0.690472
2283000	-0.4000000000	0.0100000000	0.1000000000	100	100	0	0.737363
2284000	-0.4000000000	0.0100000000	0.1000000000	100	100	0	0.793827
2285000	-0.4000000000	0.0100000000	0.1000000000	100	100	0	0.739523
2286000	-0.4000000000	0.0100000000	0.1000000000	100	100	0	0.706024
2287000	-0.4000000000	0.0100000000	0.1000000000	100	100	0	0.815912
2288000	-0.4000000000	0.0100000000	0.1000000000	100	100	0	0.754321
2289000	-0.4000000000	0.0100000000	0.1000000000	100	100	0	0.646885
2290000	-0.4000000000	0.0100000000	0.1000000000	100	100	0	0.710117
2291000	-0.4000000000	0.0100000000	0.1000000000	100	100	0	0.798268
2292000	-0.4000000000	0.0100000000	0.1000000000	100	100	0	0.777795
2293000	-0.4000000000	0.0100000000	0.1000000000	100	100	0	0.674725
2294000	-0.4000000000	0.0100000000	0.1000000000	100	100	0	0.746457
2295000	-0.4000000000	0.0100000000	0.1000000000	100	100	0	0.703433
2296000	-0.4000000000	0.0100000000	0.1000000000	100	100	0	0.672447
2297000	-0.4000000000	0.0100000000	0.1000000000	100	100	0	0.774262
2298000	-0.4000000000	0.0100000000	0.1000000000	100	100	0	0.780472
2299000	-0.4000000000	0.0100000000	0.1000000000	100	100	0	0.715172
2300000	-0.4000000000	0.0100000000	0.1000000000	100	100	0	0.795235
2301000	-0.4000000000	0.0100000000	0.1000000000	100	100	0	0.773948
2302000	-0.4000000000	0.0100000000	0.1000000000	100	100	0	0.809014
2303000	-0.4000000000	0.0100000000	0.1000000000	100	100	0	0.764112
2304000	-0.4000000000	0.0100000000	0.1000000000	100	100	0	0.713136
2305000	-0.4000000000	0.0100000000	0.1000000000	100	100	0	0.850699
2306000	-0.4000000000	0.0100000000	0.1000000000	100	100	0	0.713674
2307000	-0.4000000000	0.0100000000	0.1000000000	100	100	0	0.757077
2308000	-0.4000000000	0.0100000000	0.1000000000	100	100	0	0.736008
2309000	-0.4000000000	0.0100000000	0.1000000000	100	100	0	0.729435
2310000	-0.4000000000	0.0100000000	0.1000000000	100	100	0	0.784246
2311000	-0.4000000000	0.0100000000	0.1000000000	100	100	0	0.798372
2312000	-0.4000000000	0.0100000000	0.1000000000	100	100	0	0.767184
2313000	-0.4000000000	0.0100000000	0.1000000000	100	100	0	0.796466
2314000	-0.4000000000	0.0100000000	0.1000000000	100	100	0	0.733487
2315000	-0.4000000000	0.0100000000	0.1000000000	100	100	0	0.816276
2316000	-0.4000000000	0.0100000000	0.1000000000	100	100	0	0.818432
2317000	-0.4000000000	0.0100000000	0.1000000000	100	100	0	0.707546
2318000	-0.4000000000	0.0100000000	0.1000000000	100	100	0	0.784344
2319000	-0.4000000000	0.0100000000	0.1000000000	100	100	0	0.724982
2320000	-0.4000000000	0.0100000000	0.1000000000	100	100	0	0.764681
2321000	-0.4000000000	0.0100000000	0.1000000000	100	100	0	0.760421
2322000	-0.4000000000	0.0100000000	0.1000000000	100	100	0	0.852590
2323000	-0.4000000000	0.0100000000	0.1000000000	100	100	0	0.808392
2324000	-0.4000000000	0.0100000000	0.1000000000	100	100	0	0.894461
2325000	-0.4000000000	0.0100000000	0.1000000000	100	100	0	0.755414
2326000	-0.4000000000	0.0100000000	0.1000000000	100	100	0	0.745936
2327000	-0.4000000000	0.0100000000	0.1000000000	100	100	0	0.765001
2328000	-0.4000000000	0.0100000000	0.1000000000	100	100	0	0.760330
2329000	-0.4000000000	0.0100000000	0.1000000000	100	100	0	0.821121
2330000	-0.4000000000	0.0100000000	0.1000000000	100	100	0	0.791913
2331000	-0.4000000000	0.0100000000	0.1000000000	100	100	0	0.725577
2332000	-0.4000000000	0.0100000000	0.1000000000	100	100	0	0.774799
2333000	-0.4000000000	0.0100000000	0.1000000000	100	100	0	0.728422
2334000	-0.4000000000	0.0100000000	0.1000000000	100	100	0	0.805764
2335000	-0.4000000000	0.0100000000	0.1000000000	100	100	0	0.755239
2336000	-0.4000000000	0.0100000000	0.1000000000	100	100	0	0.778048
2337000	-0.4000000000	0.0100000000	0.1000000000	100	100	0	0.704690
2338000	-0.4000000000	0.0100000000	0.1000000000	100	100	0	0.799442
2339000	-0.4000000000	0.0100000000	0.1000000000	100	100	0	0.707622
2340000	-0.4000000000	0.0100000000	0.1000000000	100	100	0	0.721855
2341000	-0.4000000000	0.0100000000	0.1000000000	100	100	0	0.714292
2342000	-0.4000000000	0.0100000000	0.1000000000	100	100	0	0.784624
2343000	-0.4000000000	0.0100000000	0.1000000000	100	100	0	0.723171
2344000	-0.4000000000	0.0100000000	0.1000000000	100	100	0	0.797648
2345000	-0.4000000000	0.0100000000	0.1000000000	100	100	0	0.774917
2346000	-0.4000000000	0.0100000000	0.1000000000	100	100	0	0.765277
2347000	-0.4000000000	0.0100000000	0.1000000000	100	100	0	0.805526
2348000	-0.4000000000	0.0100000000	0.1000000000	100	100	0	0.871567
2349000	-0.4000000000	0.0100000000	0.1000000000	100	100	0	0.716878
2350000	-0.4000000000	0.0100000000	0.1000000000	100	100	0	0.702254
2351000	-0.4000000000	0.0100000000	0.1000000000	100	100	0	0.738997
2352000	-0.4000000000	0.0100000000	0.1000000000	100	100	0	0.740401
2353000	-0.4000000000	0.0100000000	0.1000000000	100	100	0	0.820251
2354000	-0.4000000000	0.0100000000	0.1000000000	100	100	0	0.704153
2355000	-0.4000000000	0.0100000000	0.1000000000	100	100	0	0.746384
2356000	-0.4000000000	0.0100000000	0.1000000000	100	100	0	0.783258
2357000	-0.4000000000	0.0100000000	0.1000000000	100	100	0	0.815560
2358000	-0.4000000000	0.0100000000	0.1000000000	100	100	0	0.742612
2359000	-0.4000000000	0.0100000000	0.1000000000	100	100	0	0.773967
2360000	-0.4000000000	0.0100000000	0.1000000000	100	100	0	0.726214
2361000	-0.4000000000	0.0100000000	0.1000000000	100	100	0	0.837015
2362000	-0.4000000000	0.0100000000	0.1000000000	100	100	0	0.821650
2363000	-0.4000000000	0.0100000000	0.1000000000	100	100	0	0.766338
2364000	-0.4000000000	0.0100000000	0.1000000000	100	100	0	0.750751
2365000	-0.4000000000	0.0100000000	0.1000000000	100	100	0	0.676978
2366000	-0.4000000000	0.0100000000	0.1000000000	100	100	0	0.732225
2367000	-0.4000000000	0.0100000000	0.1000000000	100	100	0	0.769928
2368000	-0.4000000000	0.0100000000	0.1000000000	100	100	0	0.821076
2369000	-0.4000000000	0.0100000000	0.1000000000	100	100	0	0.798637
2370000	-0.4000000000	0.0100000000	0.1000000000	100	100	0	0.779467
2371000	-0.4000000000	0.0100000000	0.1000000000	100	100	0	0.713786
2372000	-0.4000000000	0.0100000000	0.1000000000	100	100	0	0.769914
2373000	-0.4000000000	0.0100000000	0.1000000000	100	100	0	0.789554
2374000	-0.4000000000	0.0100000000	0.1000000000	100	100	0	0.750483
2375000	-0.4000000000	0.0100000000	0.1000000000	100	100	0	0.830199
2376000	-0.4000000000	0.0100000000	0.1000000000	100	100	0	0.689758
2377000	-0.4000000000	0.0100000000	0.1000000000	100	100	0	0.766915
2378000	-0.4000000000	0.0100000000	0.1000000000	100	100	0	0.787614
2379000	-0.4000000000	0.0100000000	0.1000000000	100	100	0	0.701939
2380000	-0.4000000000	0.0100000000	0.1000000000	100	100	0	0.704809
2381000	-0.4000000000	0.0100000000	0.1000000000	100	100	0	0.799495
2382000	-0.4000000000	0.0100000000	0.1000000000	100	100	0	0.721397
2383000	-0.4000000000	0.0100000000	0.1000000000	100	100	0	0.813920
2384000	-0.4000000000	0.0100000000	0.1000000000	100	100	0	0.834099
2385000	-0.4000000000	0.0100000000	0.1000000000	100	100	0	0.706594
2386000	-0.4000000000	0.0100000000	0.1000000000	100	100	0	0.758036
2387000	-0.4000000000	0.0100000000	0.1000000000	100	100	0	0.797975
2388000	-0.4000000000	0.0100000000	0.1000000000	100	100	0	0.782710
2389000	-0.4000000000	0.0100000000	0.1000000000	100	100	0	0.761688
2390000	-0.4000000000	0.0100000000	0.1000000000	100	100	0	0.733283
2391000	-0.4000000000	0.0100000000	0.1000000000	100	100	0	0.813058
2392000	-0.4000000000	0.0100000000	0.1000000000	100	100	0	0.738721
2393000	-0.4000000000	0.0100000000	0.1000000000	100	100	0	0.774548
2394000	-0.4000000000	0.0100000000	0.1000000000	100	100	0	0.832090
2395000	-0.4000000000	0.0100000000	0.1000000000	100	100	0	0.763061
2396000	-0.4000000000	0.0100000000	0.1000000000	100	100	0	0.770673
2397000	-0.4000000000	0.0100000000	0.1000000000	100	100	0	0.775913
2398000	-0.4000000000	0.0100000000	0.1000000000	100	100	0	0.757050
2399000	-0.4000000000	0.0100000000	0.1000000000	100	100	0	0.712898
2400000	-0.4000000000	0.0100000000	0.1000000000	100	100	0	0.794973
2401000	-0.4000000000	0.0100000000	0.1000000000	100	100	0	0.696887
2402000	-0.4000000000	0.0100000000	0.1000000000	100	100	0	0.767144
2403000	-0.4000000000	0.0100000000	0.1000000000	100	100	0	0.753524
2404000	-0.4000000000	0.0100000000	0.1000000000	100	100	0	0.783993
2405000	-0.4000000000	0.0100000000	0.1000000000	100	100	0	0.714213
2406000	-0.4000000000	0.0100000000	0.1000000000	100	100	0	0.663358
2407000	-0.4000000000	0.0100000000	0.1000000000	100	100	0	0.833639
2408000	-0.4000000000	0.0100000000	0.1000000000	100	100	0	0.791670
2409000	-0.4000000000	0.0100000000	0.1000000000	100	100	0	0.777137
2410000	-0.4000000000	0.0100000000	0.1000000000	100	100	0	0.758421
2411000	-0.4000000000	0.0100000000	0.1000000000	100	100	0	0.740706
2412000	-0.4000000000	0.0100000000	0.1000000000	100	100	0	0.753137
2413000	-0.4000000000	0.0100000000	0.1000000000	100	100	0	0.759252
2414000	-0.4000000000	0.0100000000	0.1000000000	100	100	0	0.725145
2415000	-0.4000000000	0.0100000000	0.1000000000	100	100	0	0.755642
2416000	-0.4000000000	0.0100000000	0.1000000000	100	100	0	0.747510
2417000	-0.4000000000	0.0100000000	0.1000000000	100	100	0	0.808447
2418000	-0.4000000000	0.0100000000	0.1000000000	100	100	0	0.768479
2419000	-0.4000000000	0.0100000000	0.1000000000	100	100	0	0.688195
2420000	-0.4000000000	0.0100000000	0.1000000000	100	100	0	0.795040
2421000	-0.4000000000	0.0100000000	0.1000000000	100	100	0	0.809975
2422000	-0.4000000000	0.0100000000	0.1000000000	100	100	0	0.706407
2423000	-0.4000000000	0.0100000000	0.1000000000	100	100	0	0.784289
2424000	-0.4000000000	0.0100000000	0.1000000000	100	100	0	0.775030
2425000	-0.4000000000	0.0100000000	0.1000000000	100	100	0	0.863006
2426000	-0.4000000000	0.0100000000	0.1000000000	100	100	0	0.721534
2427000	-0.4000000000	0.0100000000	0.1000000000	100	100	0	0.759788
2428000	-0.4000000000	0.0100000000	0.1000000000	100	100	0	0.760902
2429000	-0.4000000000	0.0100000000	0.1000000000	100	100	0	0.872620
2430000	-0.4000000000	0.0100000000	0.1000000000	100	100	0	0.763604
2431000	-0.4000000000	0.0100000000	0.1000000000	100	100	0	0.729779
2432000	-0.4000000000	0.0100000000	0.1000000000	100	100	0	0.819721
2433000	-0.4000000000	0.0100000000	0.1000000000	100	100	0	0.693744
2434000	-0.4000000000	0.0100000000	0.1000000000	100	100	0	0.613603
2435000	-0.4000000000	0.0100000000	0.1000000000	100	100	0	0.862681
2436000	-0.4000000000	0.0100000000	0.1000000000	100	100	0	0.744750
2437000	-0.4000000000	0.0100000000	0.1000000000	100	100	0	0.665581
2438000	-0.4000000000	0.0100000000	0.1000000000	100	100	0	0.807442
2439000	-0.4000000000	0.0100000000	0.1000000000	100	100	0	0.773430
2440000	-0.4000000000	0.0100000000	0.1000000000	100	100	0	0.798060
2441000	-0.4000000000	0.0100000000	0.1000000000	100	100	0	0.799707
2442000	-0.4000000000	0.0100000000	0.1000000000	100	100	0	0.773924
2443000	-0.4000000000	0.0100000000	0.1000000000	100	100	0	0.796945
2444000	-0.4000000000	0.0100000000	0.1000000000	100	100	0	0.742283
2445000	-0.4000000000	0.0100000000	0.1000000000	100	100	0	0.722275
2446000	-0.4000000000	0.0100000000	0.1000000000	100	100	0	0.801984
2447000	-0.4000000000	0.0100000000	0.1000000000	100	100	0	0.791917
2448000	-0.4000000000	0.0100000000	0.1000000000	100	100	0	0.713151
2449000	-0.4000000000	0.0100000000	0.1000000000	100	100	0	0.785494
2450000	-0.4000000000	0.0100000000	0.1000000000	100	100	0	0.776411
2451000	-0.4000000000	0.0100000000	0.1000000000	100	100	0	0.696085
2452000	-0.4000000000	0.0100000000	0.1000000000	100	100	0	0.745866
2453000	-0.4000000000	0.0100000000	0.1000000000	100	100	0	0.738002
2454000	-0.4000000000	0.0100000000	0.1000000000	100	100	0	0.710962
2455000	-0.4000000000	0.0100000000	0.1000000000	100	100	0	0.698701
2456000	-0.4000000000	0.0100000000	0.1000000000	100	100	0	0.674712
2457000	-0.4000000000	0.0100000000	0.1000000000	100	100	0	0.817608
2458000	-0.4000000000	0.0100000000	0.1000000000	100	100	0	0.852669
2459000	-0.4000000000	0.0100000000	0.1000000000	100	100	0	0.639803
2460000	-0.4000000000	0.0100000000	0.1000000000	100	100	0	0.689410
2461000	-0.4000000000	0.0100000000	0.1000000000	100	100	0	0.722458
2462000	-0.4000000000	0.0100000000	0.1000000000	100	100	0	0.728447
2463000	-0.4000000000	0.0100000000	0.1000000000	100	100	0	0.694958
2464000	-0.4000000000	0.0100000000	0.1000000000	100	100	0	0.750226
2465000	-0.4000000000	0.0100000000	0.1000000000	100	100	0	0.744488
2466000	-0.4000000000	0.0100000000	0.1000000000	100	100	0	0.794875
2467000	-0.4000000000	0.0100000000	0.1000000000	100	100	0	0.817574
2468000	-0.4000000000	0.0100000000	0.1000000000	100	100	0	0.780096
2469000	-0.4000000000	0.0100000000	0.1000000000	100	100	0	0.835623
2470000	-0.4000000000	0.0100000000	0.1000000000	100	100	0	0.761658
2471000	-0.4000000000	0.0100000000	0.1000000000	100	100	0	0.717906
2472000	-0.4000000000	0.0100000000	0.1000000000	100	100	0	0.761072
2473000	-0.4000000000	0.0100000000	0.1000000000	100	100	0	0.782401
2474000	-0.4000000000	0.0100000000	0.1000000000	100	100	0	0.801470
2475000	-0.4000000000	0.0100000000	0.1000000000	100	100	0	0.645092
2476000	-0.4000000000	0.0100000000	0.1000000000	100	100	0	0.768258
2477000	-0.4000000000	0.0100000000	0.1000000000	100	100	0	0.761199
2478000	-0.4000000000	0.0100000000	0.1000000000	100	100	0	0.711212
2479000	-0.4000000000	0.0100000000	0.1000000000	100	100	0	0.706625
2480000	-0.4000000000	0.0100000000	0.1000000000	100	100	0	0.760664
2481000	-0.4000000000	0.0100000000	0.1000000000	100	100	0	0.871096
2482000	-0.4000000000	0.0100000000	0.1000000000	100	100	0	0.768494
2483000	-0.4000000000	0.0100000000	0.1000000000	100	100	0	0.876164
2484000	-0.4000000000	0.0100000000	0.1000000000	100	100	0	0.787596
2485000	-0.4000000000	0.0100000000	0.1000000000	100	100	0	0.733865
2486000	-0.4000000000	0.0100000000	0.1000000000	100	100	0	0.766549
2487000	-0.4000000000	0.0100000000	0.1000000000	100	100	0	0.745588
2488000	-0.4000000000	0.0100000000	0.1000000000	100	100	0	0.778273
2489000	-0.4000000000	0.0100000000	0.1000000000	100	100	0	0.764963
2490000	-0.4000000000	0.0100000000	0.1000000000	100	100	0	0.784251
2491000	-0.4000000000	0.0100000000	0.1000000000	100	100	0	0.751825
2492000	-0.4000000000	0.0100000000	0.1000000000	100	100	0	0.718111
2493000	-0.4000000000	0.0100000000	0.1000000000	100	100	0	0.691487
2494000	-0.4000000000	0.0100000000	0.1000000000	100	100	0	0.676539
2495000	-0.4000000000	0.0100000000	0.1000000000	100	100	0	0.803922
2496000	-0.4000000000	0.0100000000	0.1000000000	100	100	0	0.693430
2497000	-0.4000000000	0.0100000000	0.1000000000	100	100	0	0.737681
2498000	-0.4000000000	0.0100000000	0.1000000000	100	100	0	0.768236
2499000	-0.4000000000	0.0100000000	0.1000000000	100	100	0	0.693198
2500000	-0.4000000000	0.0100000000	0.1000000000	100	100	0	0.748015
