time	epistasis_coef	sel_coef	mu_prob	Ne	L	k_start	mean_fitness
1500000	-0.2000000000	0.0100000000	0.0100000000	100	100	0	0.879501
1501000	-0.2000000000	0.0100000000	0.0100000000	100	100	0	0.888826
1502000	-0.2000000000	0.0100000000	0.0100000000	100	100	0	0.880797
1503000	-0.2000000000	0.0100000000	0.0100000000	100	100	0	0.909996
1504000	-0.2000000000	0.0100000000	0.0100000000	100	100	0	0.869969
1505000	-0.2000000000	0.0100000000	0.0100000000	100	100	0	0.875779
1506000	-0.2000000000	0.0100000000	0.0100000000	100	100	0	0.900248
1507000	-0.2000000000	0.0100000000	0.0100000000	100	100	0	0.899446
1508000	-0.2000000000	0.0100000000	0.0100000000	100	100	0	0.911206
1509000	-0.2000000000	0.0100000000	0.0100000000	100	100	0	0.912632
1510000	-0.2000000000	0.0100000000	0.0100000000	100	100	0	0.932500
1511000	-0.2000000000	0.0100000000	0.0100000000	100	100	0	0.896632
1512000	-0.2000000000	0.0100000000	0.0100000000	100	100	0	0.866080
1513000	-0.2000000000	0.0100000000	0.0100000000	100	100	0	0.861540
1514000	-0.2000000000	0.0100000000	0.0100000000	100	100	0	0.894429
1515000	-0.2000000000	0.0100000000	0.0100000000	100	100	0	0.931153
1516000	-0.2000000000	0.0100000000	0.0100000000	100	100	0	0.897182
1517000	-0.2000000000	0.0100000000	0.0100000000	100	100	0	0.915026
1518000	-0.2000000000	0.0100000000	0.0100000000	100	100	0	0.901976
1519000	-0.2000000000	0.0100000000	0.0100000000	100	100	0	0.913108
1520000	-0.2000000000	0.0100000000	0.0100000000	100	100	0	0.888173
1521000	-0.2000000000	0.0100000000	0.0100000000	100	100	0	0.848725
1522000	-0.2000000000	0.0100000000	0.0100000000	100	100	0	0.837202
1523000	-0.2000000000	0.0100000000	0.0100000000	100	100	0	0.866241
1524000	-0.2000000000	0.0100000000	0.0100000000	100	100	0	0.851809
1525000	-0.2000000000	0.0100000000	0.0100000000	100	100	0	0.852295
1526000	-0.2000000000	0.0100000000	0.0100000000	100	100	0	0.869097
1527000	-0.2000000000	0.0100000000	0.0100000000	100	100	0	0.878207
1528000	-0.2000000000	0.0100000000	0.0100000000	100	100	0	0.836879
1529000	-0.2000000000	0.0100000000	0.0100000000	100	100	0	0.870613
1530000	-0.2000000000	0.0100000000	0.0100000000	100	100	0	0.893341
1531000	-0.2000000000	0.0100000000	0.0100000000	100	100	0	0.882087
1532000	-0.2000000000	0.0100000000	0.0100000000	100	100	0	0.892651
1533000	-0.2000000000	0.0100000000	0.0100000000	100	100	0	0.895041
1534000	-0.2000000000	0.0100000000	0.0100000000	100	100	0	0.875139
1535000	-0.2000000000	0.0100000000	0.0100000000	100	100	0	0.904375
1536000	-0.2000000000	0.0100000000	0.0100000000	100	100	0	0.930836
1537000	-0.2000000000	0.0100000000	0.0100000000	100	100	0	0.880462
1538000	-0.2000000000	0.0100000000	0.0100000000	100	100	0	0.848724
1539000	-0.2000000000	0.0100000000	0.0100000000	100	100	0	0.868504
1540000	-0.2000000000	0.0100000000	0.0100000000	100	100	0	0.921020
1541000	-0.2000000000	0.0100000000	0.0100000000	100	100	0	0.900648
1542000	-0.2000000000	0.0100000000	0.0100000000	100	100	0	0.926287
1543000	-0.2000000000	0.0100000000	0.0100000000	100	100	0	0.911201
1544000	-0.2000000000	0.0100000000	0.0100000000	100	100	0	0.913120
1545000	-0.2000000000	0.0100000000	0.0100000000	100	100	0	0.868642
1546000	-0.2000000000	0.0100000000	0.0100000000	100	100	0	0.898156
1547000	-0.2000000000	0.0100000000	0.0100000000	100	100	0	0.880312
1548000	-0.2000000000	0.0100000000	0.0100000000	100	100	0	0.906730
1549000	-0.2000000000	0.0100000000	0.0100000000	100	100	0	0.884160
1550000	-0.2000000000	0.0100000000	0.0100000000	100	100	0	0.868027
1551000	-0.2000000000	0.0100000000	0.0100000000	100	100	0	0.866240
1552000	-0.2000000000	0.0100000000	0.0100000000	100	100	0	0.924582
1553000	-0.2000000000	0.0100000000	0.0100000000	100	100	0	0.869156
1554000	-0.2000000000	0.0100000000	0.0100000000	100	100	0	0.882413
1555000	-0.2000000000	0.0100000000	0.0100000000	100	100	0	0.923341
1556000	-0.2000000000	0.0100000000	0.0100000000	100	100	0	0.922391
1557000	-0.2000000000	0.0100000000	0.0100000000	100	100	0	0.912956
1558000	-0.2000000000	0.0100000000	0.0100000000	100	100	0	0.889100
1559000	-0.2000000000	0.0100000000	0.0100000000	100	100	0	0.942398
1560000	-0.2000000000	0.0100000000	0.0100000000	100	100	0	0.922166
1561000	-0.2000000000	0.0100000000	0.0100000000	100	100	0	0.881758
1562000	-0.2000000000	0.0100000000	0.0100000000	100	100	0	0.908469
1563000	-0.2000000000	0.0100000000	0.0100000000	100	100	0	0.890444
1564000	-0.2000000000	0.0100000000	0.0100000000	100	100	0	0.901666
1565000	-0.2000000000	0.0100000000	0.0100000000	100	100	0	0.914709
1566000	-0.2000000000	0.0100000000	0.0100000000	100	100	0	0.934080
1567000	-0.2000000000	0.0100000000	0.0100000000	100	100	0	0.870593
1568000	-0.2000000000	0.0100000000	0.0100000000	100	100	0	0.899124
1569000	-0.2000000000	0.0100000000	0.0100000000	100	100	0	0.884148
1570000	-0.2000000000	0.0100000000	0.0100000000	100	100	0	0.857483
1571000	-0.2000000000	0.0100000000	0.0100000000	100	100	0	0.881281
1572000	-0.2000000000	0.0100000000	0.0100000000	100	100	0	0.903405
1573000	-0.2000000000	0.0100000000	0.0100000000	100	100	0	0.898482
1574000	-0.2000000000	0.0100000000	0.0100000000	100	100	0	0.868676
1575000	-0.2000000000	0.0100000000	0.0100000000	100	100	0	0.876111
1576000	-0.2000000000	0.0100000000	0.0100000000	100	100	0	0.908670
1577000	-0.2000000000	0.0100000000	0.0100000000	100	100	0	0.863807
1578000	-0.2000000000	0.0100000000	0.0100000000	100	100	0	0.863645
1579000	-0.2000000000	0.0100000000	0.0100000000	100	100	0	0.852783
1580000	-0.2000000000	0.0100000000	0.0100000000	100	100	0	0.896235
1581000	-0.2000000000	0.0100000000	0.0100000000	100	100	0	0.896076
1582000	-0.2000000000	0.0100000000	0.0100000000	100	100	0	0.929748
1583000	-0.2000000000	0.0100000000	0.0100000000	100	100	0	0.947060
1584000	-0.2000000000	0.0100000000	0.0100000000	100	100	0	0.928494
1585000	-0.2000000000	0.0100000000	0.0100000000	100	100	0	0.934102
1586000	-0.2000000000	0.0100000000	0.0100000000	100	100	0	0.930969
1587000	-0.2000000000	0.0100000000	0.0100000000	100	100	0	0.914360
1588000	-0.2000000000	0.0100000000	0.0100000000	100	100	0	0.876596
1589000	-0.2000000000	0.0100000000	0.0100000000	100	100	0	0.862183
1590000	-0.2000000000	0.0100000000	0.0100000000	100	100	0	0.864778
1591000	-0.2000000000	0.0100000000	0.0100000000	100	100	0	0.849859
1592000	-0.2000000000	0.0100000000	0.0100000000	100	100	0	0.882575
1593000	-0.2000000000	0.0100000000	0.0100000000	100	100	0	0.893829
1594000	-0.2000000000	0.0100000000	0.0100000000	100	100	0	0.867537
1595000	-0.2000000000	0.0100000000	0.0100000000	100	100	0	0.901158
1596000	-0.2000000000	0.0100000000	0.0100000000	100	100	0	0.864945
1597000	-0.2000000000	0.0100000000	0.0100000000	100	100	0	0.832335
1598000	-0.2000000000	0.0100000000	0.0100000000	100	100	0	0.869149
1599000	-0.2000000000	0.0100000000	0.0100000000	100	100	0	0.880469
1600000	-0.2000000000	0.0100000000	0.0100000000	100	100	0	0.884513
1601000	-0.2000000000	0.0100000000	0.0100000000	100	100	0	0.872545
1602000	-0.2000000000	0.0100000000	0.0100000000	100	100	0	0.884351
1603000	-0.2000000000	0.0100000000	0.0100000000	100	100	0	0.874812
1604000	-0.2000000000	0.0100000000	0.0100000000	100	100	0	0.864126
1605000	-0.2000000000	0.0100000000	0.0100000000	100	100	0	0.879487
1606000	-0.2000000000	0.0100000000	0.0100000000	100	100	0	0.878666
1607000	-0.2000000000	0.0100000000	0.0100000000	100	100	0	0.907714
1608000	-0.2000000000	0.0100000000	0.0100000000	100	100	0	0.946454
1609000	-0.2000000000	0.0100000000	0.0100000000	100	100	0	0.920807
1610000	-0.2000000000	0.0100000000	0.0100000000	100	100	0	0.925212
1611000	-0.2000000000	0.0100000000	0.0100000000	100	100	0	0.876266
1612000	-0.2000000000	0.0100000000	0.0100000000	100	100	0	0.910023
1613000	-0.2000000000	0.0100000000	0.0100000000	100	100	0	0.933720
1614000	-0.2000000000	0.0100000000	0.0100000000	100	100	0	0.867703
1615000	-0.2000000000	0.0100000000	0.0100000000	100	100	0	0.844669
1616000	-0.2000000000	0.0100000000	0.0100000000	100	100	0	0.862836
1617000	-0.2000000000	0.0100000000	0.0100000000	100	100	0	0.845315
1618000	-0.2000000000	0.0100000000	0.0100000000	100	100	0	0.858294
1619000	-0.2000000000	0.0100000000	0.0100000000	100	100	0	0.881443
1620000	-0.2000000000	0.0100000000	0.0100000000	100	100	0	0.849861
1621000	-0.2000000000	0.0100000000	0.0100000000	100	100	0	0.859592
1622000	-0.2000000000	0.0100000000	0.0100000000	100	100	0	0.873522
1623000	-0.2000000000	0.0100000000	0.0100000000	100	100	0	0.900316
1624000	-0.2000000000	0.0100000000	0.0100000000	100	100	0	0.927872
1625000	-0.2000000000	0.0100000000	0.0100000000	100	100	0	0.859592
1626000	-0.2000000000	0.0100000000	0.0100000000	100	100	0	0.861215
1627000	-0.2000000000	0.0100000000	0.0100000000	100	100	0	0.851969
1628000	-0.2000000000	0.0100000000	0.0100000000	100	100	0	0.863000
1629000	-0.2000000000	0.0100000000	0.0100000000	100	100	0	0.855539
1630000	-0.2000000000	0.0100000000	0.0100000000	100	100	0	0.870261
1631000	-0.2000000000	0.0100000000	0.0100000000	100	100	0	0.894624
1632000	-0.2000000000	0.0100000000	0.0100000000	100	100	0	0.893187
1633000	-0.2000000000	0.0100000000	0.0100000000	100	100	0	0.948420
1634000	-0.2000000000	0.0100000000	0.0100000000	100	100	0	0.946627
1635000	-0.2000000000	0.0100000000	0.0100000000	100	100	0	0.920948
1636000	-0.2000000000	0.0100000000	0.0100000000	100	100	0	0.916769
1637000	-0.2000000000	0.0100000000	0.0100000000	100	100	0	0.901532
1638000	-0.2000000000	0.0100000000	0.0100000000	100	100	0	0.899606
1639000	-0.2000000000	0.0100000000	0.0100000000	100	100	0	0.862837
1640000	-0.2000000000	0.0100000000	0.0100000000	100	100	0	0.883377
1641000	-0.2000000000	0.0100000000	0.0100000000	100	100	0	0.905798
1642000	-0.2000000000	0.0100000000	0.0100000000	100	100	0	0.899282
1643000	-0.2000000000	0.0100000000	0.0100000000	100	100	0	0.892057
1644000	-0.2000000000	0.0100000000	0.0100000000	100	100	0	0.865756
1645000	-0.2000000000	0.0100000000	0.0100000000	100	100	0	0.898638
1646000	-0.2000000000	0.0100000000	0.0100000000	100	100	0	0.864782
1647000	-0.2000000000	0.0100000000	0.0100000000	100	100	0	0.895267
1648000	-0.2000000000	0.0100000000	0.0100000000	100	100	0	0.903583
1649000	-0.2000000000	0.0100000000	0.0100000000	100	100	0	0.866730
1650000	-0.2000000000	0.0100000000	0.0100000000	100	100	0	0.867214
1651000	-0.2000000000	0.0100000000	0.0100000000	100	100	0	0.849044
1652000	-0.2000000000	0.0100000000	0.0100000000	100	100	0	0.932715
1653000	-0.2000000000	0.0100000000	0.0100000000	100	100	0	0.909628
1654000	-0.2000000000	0.0100000000	0.0100000000	100	100	0	0.896395
1655000	-0.2000000000	0.0100000000	0.0100000000	100	100	0	0.924662
1656000	-0.2000000000	0.0100000000	0.0100000000	100	100	0	0.916727
1657000	-0.2000000000	0.0100000000	0.0100000000	100	100	0	0.897520
1658000	-0.2000000000	0.0100000000	0.0100000000	100	100	0	0.914707
1659000	-0.2000000000	0.0100000000	0.0100000000	100	100	0	0.903842
1660000	-0.2000000000	0.0100000000	0.0100000000	100	100	0	0.930060
1661000	-0.2000000000	0.0100000000	0.0100000000	100	100	0	0.924738
1662000	-0.2000000000	0.0100000000	0.0100000000	100	100	0	0.890915
1663000	-0.2000000000	0.0100000000	0.0100000000	100	100	0	0.861538
1664000	-0.2000000000	0.0100000000	0.0100000000	100	100	0	0.892222
1665000	-0.2000000000	0.0100000000	0.0100000000	100	100	0	0.892543
1666000	-0.2000000000	0.0100000000	0.0100000000	100	100	0	0.888169
1667000	-0.2000000000	0.0100000000	0.0100000000	100	100	0	0.877880
1668000	-0.2000000000	0.0100000000	0.0100000000	100	100	0	0.898481
1669000	-0.2000000000	0.0100000000	0.0100000000	100	100	0	0.918112
1670000	-0.2000000000	0.0100000000	0.0100000000	100	100	0	0.892845
1671000	-0.2000000000	0.0100000000	0.0100000000	100	100	0	0.872707
1672000	-0.2000000000	0.0100000000	0.0100000000	100	100	0	0.893669
1673000	-0.2000000000	0.0100000000	0.0100000000	100	100	0	0.903245
1674000	-0.2000000000	0.0100000000	0.0100000000	100	100	0	0.907848
1675000	-0.2000000000	0.0100000000	0.0100000000	100	100	0	0.909764
1676000	-0.2000000000	0.0100000000	0.0100000000	100	100	0	0.859590
1677000	-0.2000000000	0.0100000000	0.0100000000	100	100	0	0.886108
1678000	-0.2000000000	0.0100000000	0.0100000000	100	100	0	0.941559
1679000	-0.2000000000	0.0100000000	0.0100000000	100	100	0	0.917502
1680000	-0.2000000000	0.0100000000	0.0100000000	100	100	0	0.858944
1681000	-0.2000000000	0.0100000000	0.0100000000	100	100	0	0.900088
1682000	-0.2000000000	0.0100000000	0.0100000000	100	100	0	0.911686
1683000	-0.2000000000	0.0100000000	0.0100000000	100	100	0	0.904198
1684000	-0.2000000000	0.0100000000	0.0100000000	100	100	0	0.939350
1685000	-0.2000000000	0.0100000000	0.0100000000	100	100	0	0.917550
1686000	-0.2000000000	0.0100000000	0.0100000000	100	100	0	0.892172
1687000	-0.2000000000	0.0100000000	0.0100000000	100	100	0	0.867364
1688000	-0.2000000000	0.0100000000	0.0100000000	100	100	0	0.859755
1689000	-0.2000000000	0.0100000000	0.0100000000	100	100	0	0.864787
1690000	-0.2000000000	0.0100000000	0.0100000000	100	100	0	0.880149
1691000	-0.2000000000	0.0100000000	0.0100000000	100	100	0	0.883867
1692000	-0.2000000000	0.0100000000	0.0100000000	100	100	0	0.897520
1693000	-0.2000000000	0.0100000000	0.0100000000	100	100	0	0.913589
1694000	-0.2000000000	0.0100000000	0.0100000000	100	100	0	0.870117
1695000	-0.2000000000	0.0100000000	0.0100000000	100	100	0	0.864946
1696000	-0.2000000000	0.0100000000	0.0100000000	100	100	0	0.851809
1697000	-0.2000000000	0.0100000000	0.0100000000	100	100	0	0.899125
1698000	-0.2000000000	0.0100000000	0.0100000000	100	100	0	0.877714
1699000	-0.2000000000	0.0100000000	0.0100000000	100	100	0	0.882090
1700000	-0.2000000000	0.0100000000	0.0100000000	100	100	0	0.925967
1701000	-0.2000000000	0.0100000000	0.0100000000	100	100	0	0.885160
1702000	-0.2000000000	0.0100000000	0.0100000000	100	100	0	0.900835
1703000	-0.2000000000	0.0100000000	0.0100000000	100	100	0	0.879828
1704000	-0.2000000000	0.0100000000	0.0100000000	100	100	0	0.902595
1705000	-0.2000000000	0.0100000000	0.0100000000	100	100	0	0.917074
1706000	-0.2000000000	0.0100000000	0.0100000000	100	100	0	0.895111
1707000	-0.2000000000	0.0100000000	0.0100000000	100	100	0	0.907391
1708000	-0.2000000000	0.0100000000	0.0100000000	100	100	0	0.879342
1709000	-0.2000000000	0.0100000000	0.0100000000	100	100	0	0.930837
1710000	-0.2000000000	0.0100000000	0.0100000000	100	100	0	0.889875
1711000	-0.2000000000	0.0100000000	0.0100000000	100	100	0	0.915326
1712000	-0.2000000000	0.0100000000	0.0100000000	100	100	0	0.914866
1713000	-0.2000000000	0.0100000000	0.0100000000	100	100	0	0.903412
1714000	-0.2000000000	0.0100000000	0.0100000000	100	100	0	0.895584
1715000	-0.2000000000	0.0100000000	0.0100000000	100	100	0	0.915001
1716000	-0.2000000000	0.0100000000	0.0100000000	100	100	0	0.918369
1717000	-0.2000000000	0.0100000000	0.0100000000	100	100	0	0.914233
1718000	-0.2000000000	0.0100000000	0.0100000000	100	100	0	0.913904
1719000	-0.2000000000	0.0100000000	0.0100000000	100	100	0	0.892211
1720000	-0.2000000000	0.0100000000	0.0100000000	100	100	0	0.912302
1721000	-0.2000000000	0.0100000000	0.0100000000	100	100	0	0.910795
1722000	-0.2000000000	0.0100000000	0.0100000000	100	100	0	0.927249
1723000	-0.2000000000	0.0100000000	0.0100000000	100	100	0	0.914391
1724000	-0.2000000000	0.0100000000	0.0100000000	100	100	0	0.888032
1725000	-0.2000000000	0.0100000000	0.0100000000	100	100	0	0.940627
1726000	-0.2000000000	0.0100000000	0.0100000000	100	100	0	0.932575
1727000	-0.2000000000	0.0100000000	0.0100000000	100	100	0	0.910231
1728000	-0.2000000000	0.0100000000	0.0100000000	100	100	0	0.930370
1729000	-0.2000000000	0.0100000000	0.0100000000	100	100	0	0.924327
1730000	-0.2000000000	0.0100000000	0.0100000000	100	100	0	0.925514
1731000	-0.2000000000	0.0100000000	0.0100000000	100	100	0	0.929904
1732000	-0.2000000000	0.0100000000	0.0100000000	100	100	0	0.908493
1733000	-0.2000000000	0.0100000000	0.0100000000	100	100	0	0.926891
1734000	-0.2000000000	0.0100000000	0.0100000000	100	100	0	0.930753
1735000	-0.2000000000	0.0100000000	0.0100000000	100	100	0	0.930841
1736000	-0.2000000000	0.0100000000	0.0100000000	100	100	0	0.919898
1737000	-0.2000000000	0.0100000000	0.0100000000	100	100	0	0.861216
1738000	-0.2000000000	0.0100000000	0.0100000000	100	100	0	0.882250
1739000	-0.2000000000	0.0100000000	0.0100000000	100	100	0	0.804826
1740000	-0.2000000000	0.0100000000	0.0100000000	100	100	0	0.834605
1741000	-0.2000000000	0.0100000000	0.0100000000	100	100	0	0.887240
1742000	-0.2000000000	0.0100000000	0.0100000000	100	100	0	0.869951
1743000	-0.2000000000	0.0100000000	0.0100000000	100	100	0	0.877332
1744000	-0.2000000000	0.0100000000	0.0100000000	100	100	0	0.901048
1745000	-0.2000000000	0.0100000000	0.0100000000	100	100	0	0.914060
1746000	-0.2000000000	0.0100000000	0.0100000000	100	100	0	0.900569
1747000	-0.2000000000	0.0100000000	0.0100000000	100	100	0	0.893666
1748000	-0.2000000000	0.0100000000	0.0100000000	100	100	0	0.852295
1749000	-0.2000000000	0.0100000000	0.0100000000	100	100	0	0.837042
1750000	-0.2000000000	0.0100000000	0.0100000000	100	100	0	0.914072
1751000	-0.2000000000	0.0100000000	0.0100000000	100	100	0	0.855368
1752000	-0.2000000000	0.0100000000	0.0100000000	100	100	0	0.906263
1753000	-0.2000000000	0.0100000000	0.0100000000	100	100	0	0.875894
1754000	-0.2000000000	0.0100000000	0.0100000000	100	100	0	0.915338
1755000	-0.2000000000	0.0100000000	0.0100000000	100	100	0	0.932871
1756000	-0.2000000000	0.0100000000	0.0100000000	100	100	0	0.914534
1757000	-0.2000000000	0.0100000000	0.0100000000	100	100	0	0.923461
1758000	-0.2000000000	0.0100000000	0.0100000000	100	100	0	0.934765
1759000	-0.2000000000	0.0100000000	0.0100000000	100	100	0	0.908010
1760000	-0.2000000000	0.0100000000	0.0100000000	100	100	0	0.905115
1761000	-0.2000000000	0.0100000000	0.0100000000	100	100	0	0.916772
1762000	-0.2000000000	0.0100000000	0.0100000000	100	100	0	0.900405
1763000	-0.2000000000	0.0100000000	0.0100000000	100	100	0	0.910099
1764000	-0.2000000000	0.0100000000	0.0100000000	100	100	0	0.913280
1765000	-0.2000000000	0.0100000000	0.0100000000	100	100	0	0.857632
1766000	-0.2000000000	0.0100000000	0.0100000000	100	100	0	0.898000
1767000	-0.2000000000	0.0100000000	0.0100000000	100	100	0	0.881912
1768000	-0.2000000000	0.0100000000	0.0100000000	100	100	0	0.858945
1769000	-0.2000000000	0.0100000000	0.0100000000	100	100	0	0.865270
1770000	-0.2000000000	0.0100000000	0.0100000000	100	100	0	0.849860
1771000	-0.2000000000	0.0100000000	0.0100000000	100	100	0	0.827959
1772000	-0.2000000000	0.0100000000	0.0100000000	100	100	0	0.860404
1773000	-0.2000000000	0.0100000000	0.0100000000	100	100	0	0.861214
1774000	-0.2000000000	0.0100000000	0.0100000000	100	100	0	0.881583
1775000	-0.2000000000	0.0100000000	0.0100000000	100	100	0	0.900623
1776000	-0.2000000000	0.0100000000	0.0100000000	100	100	0	0.919538
1777000	-0.2000000000	0.0100000000	0.0100000000	100	100	0	0.924213
1778000	-0.2000000000	0.0100000000	0.0100000000	100	100	0	0.856834
1779000	-0.2000000000	0.0100000000	0.0100000000	100	100	0	0.879502
1780000	-0.2000000000	0.0100000000	0.0100000000	100	100	0	0.908038
1781000	-0.2000000000	0.0100000000	0.0100000000	100	100	0	0.916008
1782000	-0.2000000000	0.0100000000	0.0100000000	100	100	0	0.943556
1783000	-0.2000000000	0.0100000000	0.0100000000	100	100	0	0.959920
1784000	-0.2000000000	0.0100000000	0.0100000000	100	100	0	0.959299
1785000	-0.2000000000	0.0100000000	0.0100000000	100	100	0	0.969633
1786000	-0.2000000000	0.0100000000	0.0100000000	100	100	0	0.929041
1787000	-0.2000000000	0.0100000000	0.0100000000	100	100	0	0.953555
1788000	-0.2000000000	0.0100000000	0.0100000000	100	100	0	0.885047
1789000	-0.2000000000	0.0100000000	0.0100000000	100	100	0	0.909910
1790000	-0.2000000000	0.0100000000	0.0100000000	100	100	0	0.914219
1791000	-0.2000000000	0.0100000000	0.0100000000	100	100	0	0.944442
1792000	-0.2000000000	0.0100000000	0.0100000000	100	100	0	0.911032
1793000	-0.2000000000	0.0100000000	0.0100000000	100	100	0	0.917246
1794000	-0.2000000000	0.0100000000	0.0100000000	100	100	0	0.925353
1795000	-0.2000000000	0.0100000000	0.0100000000	100	100	0	0.951609
1796000	-0.2000000000	0.0100000000	0.0100000000	100	100	0	0.909785
1797000	-0.2000000000	0.0100000000	0.0100000000	100	100	0	0.911045
1798000	-0.2000000000	0.0100000000	0.0100000000	100	100	0	0.897513
1799000	-0.2000000000	0.0100000000	0.0100000000	100	100	0	0.898643
1800000	-0.2000000000	0.0100000000	0.0100000000	100	100	0	0.862987
1801000	-0.2000000000	0.0100000000	0.0100000000	100	100	0	0.853754
1802000	-0.2000000000	0.0100000000	0.0100000000	100	100	0	0.866405
1803000	-0.2000000000	0.0100000000	0.0100000000	100	100	0	0.866867
1804000	-0.2000000000	0.0100000000	0.0100000000	100	100	0	0.860726
1805000	-0.2000000000	0.0100000000	0.0100000000	100	100	0	0.845966
1806000	-0.2000000000	0.0100000000	0.0100000000	100	100	0	0.895260
1807000	-0.2000000000	0.0100000000	0.0100000000	100	100	0	0.884978
1808000	-0.2000000000	0.0100000000	0.0100000000	100	100	0	0.877725
1809000	-0.2000000000	0.0100000000	0.0100000000	100	100	0	0.893986
1810000	-0.2000000000	0.0100000000	0.0100000000	100	100	0	0.851322
1811000	-0.2000000000	0.0100000000	0.0100000000	100	100	0	0.853594
1812000	-0.2000000000	0.0100000000	0.0100000000	100	100	0	0.881601
1813000	-0.2000000000	0.0100000000	0.0100000000	100	100	0	0.849374
1814000	-0.2000000000	0.0100000000	0.0100000000	100	100	0	0.880310
1815000	-0.2000000000	0.0100000000	0.0100000000	100	100	0	0.880149
1816000	-0.2000000000	0.0100000000	0.0100000000	100	100	0	0.905800
1817000	-0.2000000000	0.0100000000	0.0100000000	100	100	0	0.930206
1818000	-0.2000000000	0.0100000000	0.0100000000	100	100	0	0.910095
1819000	-0.2000000000	0.0100000000	0.0100000000	100	100	0	0.906758
1820000	-0.2000000000	0.0100000000	0.0100000000	100	100	0	0.897190
1821000	-0.2000000000	0.0100000000	0.0100000000	100	100	0	0.899765
1822000	-0.2000000000	0.0100000000	0.0100000000	100	100	0	0.929102
1823000	-0.2000000000	0.0100000000	0.0100000000	100	100	0	0.900220
1824000	-0.2000000000	0.0100000000	0.0100000000	100	100	0	0.893248
1825000	-0.2000000000	0.0100000000	0.0100000000	100	100	0	0.948203
1826000	-0.2000000000	0.0100000000	0.0100000000	100	100	0	0.920961
1827000	-0.2000000000	0.0100000000	0.0100000000	100	100	0	0.916759
1828000	-0.2000000000	0.0100000000	0.0100000000	100	100	0	0.867537
1829000	-0.2000000000	0.0100000000	0.0100000000	100	100	0	0.913735
1830000	-0.2000000000	0.0100000000	0.0100000000	100	100	0	0.908493
1831000	-0.2000000000	0.0100000000	0.0100000000	100	100	0	0.929277
1832000	-0.2000000000	0.0100000000	0.0100000000	100	100	0	0.959446
1833000	-0.2000000000	0.0100000000	0.0100000000	100	100	0	0.968904
1834000	-0.2000000000	0.0100000000	0.0100000000	100	100	0	0.961971
1835000	-0.2000000000	0.0100000000	0.0100000000	100	100	0	0.949158
1836000	-0.2000000000	0.0100000000	0.0100000000	100	100	0	0.883543
1837000	-0.2000000000	0.0100000000	0.0100000000	100	100	0	0.914391
1838000	-0.2000000000	0.0100000000	0.0100000000	100	100	0	0.896075
1839000	-0.2000000000	0.0100000000	0.0100000000	100	100	0	0.891080
1840000	-0.2000000000	0.0100000000	0.0100000000	100	100	0	0.902723
1841000	-0.2000000000	0.0100000000	0.0100000000	100	100	0	0.915006
1842000	-0.2000000000	0.0100000000	0.0100000000	100	100	0	0.907089
1843000	-0.2000000000	0.0100000000	0.0100000000	100	100	0	0.923965
1844000	-0.2000000000	0.0100000000	0.0100000000	100	100	0	0.922999
1845000	-0.2000000000	0.0100000000	0.0100000000	100	100	0	0.927045
1846000	-0.2000000000	0.0100000000	0.0100000000	100	100	0	0.928174
1847000	-0.2000000000	0.0100000000	0.0100000000	100	100	0	0.913077
1848000	-0.2000000000	0.0100000000	0.0100000000	100	100	0	0.926605
1849000	-0.2000000000	0.0100000000	0.0100000000	100	100	0	0.917178
1850000	-0.2000000000	0.0100000000	0.0100000000	100	100	0	0.924730
1851000	-0.2000000000	0.0100000000	0.0100000000	100	100	0	0.912804
1852000	-0.2000000000	0.0100000000	0.0100000000	100	100	0	0.918487
1853000	-0.2000000000	0.0100000000	0.0100000000	100	100	0	0.933846
1854000	-0.2000000000	0.0100000000	0.0100000000	100	100	0	0.908930
1855000	-0.2000000000	0.0100000000	0.0100000000	100	100	0	0.914352
1856000	-0.2000000000	0.0100000000	0.0100000000	100	100	0	0.927994
1857000	-0.2000000000	0.0100000000	0.0100000000	100	100	0	0.935251
1858000	-0.2000000000	0.0100000000	0.0100000000	100	100	0	0.928284
1859000	-0.2000000000	0.0100000000	0.0100000000	100	100	0	0.915979
1860000	-0.2000000000	0.0100000000	0.0100000000	100	100	0	0.917094
1861000	-0.2000000000	0.0100000000	0.0100000000	100	100	0	0.886101
1862000	-0.2000000000	0.0100000000	0.0100000000	100	100	0	0.885151
1863000	-0.2000000000	0.0100000000	0.0100000000	100	100	0	0.855702
1864000	-0.2000000000	0.0100000000	0.0100000000	100	100	0	0.828133
1865000	-0.2000000000	0.0100000000	0.0100000000	100	100	0	0.819383
1866000	-0.2000000000	0.0100000000	0.0100000000	100	100	0	0.816786
1867000	-0.2000000000	0.0100000000	0.0100000000	100	100	0	0.799516
1868000	-0.2000000000	0.0100000000	0.0100000000	100	100	0	0.864942
1869000	-0.2000000000	0.0100000000	0.0100000000	100	100	0	0.864458
1870000	-0.2000000000	0.0100000000	0.0100000000	100	100	0	0.862837
1871000	-0.2000000000	0.0100000000	0.0100000000	100	100	0	0.882734
1872000	-0.2000000000	0.0100000000	0.0100000000	100	100	0	0.915972
1873000	-0.2000000000	0.0100000000	0.0100000000	100	100	0	0.900890
1874000	-0.2000000000	0.0100000000	0.0100000000	100	100	0	0.863644
1875000	-0.2000000000	0.0100000000	0.0100000000	100	100	0	0.799350
1876000	-0.2000000000	0.0100000000	0.0100000000	100	100	0	0.828610
1877000	-0.2000000000	0.0100000000	0.0100000000	100	100	0	0.841421
1878000	-0.2000000000	0.0100000000	0.0100000000	100	100	0	0.819854
1879000	-0.2000000000	0.0100000000	0.0100000000	100	100	0	0.861215
1880000	-0.2000000000	0.0100000000	0.0100000000	100	100	0	0.850351
1881000	-0.2000000000	0.0100000000	0.0100000000	100	100	0	0.852458
1882000	-0.2000000000	0.0100000000	0.0100000000	100	100	0	0.898483
1883000	-0.2000000000	0.0100000000	0.0100000000	100	100	0	0.913756
1884000	-0.2000000000	0.0100000000	0.0100000000	100	100	0	0.916772
1885000	-0.2000000000	0.0100000000	0.0100000000	100	100	0	0.888692
1886000	-0.2000000000	0.0100000000	0.0100000000	100	100	0	0.897038
1887000	-0.2000000000	0.0100000000	0.0100000000	100	100	0	0.901342
1888000	-0.2000000000	0.0100000000	0.0100000000	100	100	0	0.875287
1889000	-0.2000000000	0.0100000000	0.0100000000	100	100	0	0.924247
1890000	-0.2000000000	0.0100000000	0.0100000000	100	100	0	0.902786
1891000	-0.2000000000	0.0100000000	0.0100000000	100	100	0	0.872069
1892000	-0.2000000000	0.0100000000	0.0100000000	100	100	0	0.879828
1893000	-0.2000000000	0.0100000000	0.0100000000	100	100	0	0.871576
1894000	-0.2000000000	0.0100000000	0.0100000000	100	100	0	0.863972
1895000	-0.2000000000	0.0100000000	0.0100000000	100	100	0	0.868497
1896000	-0.2000000000	0.0100000000	0.0100000000	100	100	0	0.864459
1897000	-0.2000000000	0.0100000000	0.0100000000	100	100	0	0.896395
1898000	-0.2000000000	0.0100000000	0.0100000000	100	100	0	0.910741
1899000	-0.2000000000	0.0100000000	0.0100000000	100	100	0	0.891895
1900000	-0.2000000000	0.0100000000	0.0100000000	100	100	0	0.880149
1901000	-0.2000000000	0.0100000000	0.0100000000	100	100	0	0.863320
1902000	-0.2000000000	0.0100000000	0.0100000000	100	100	0	0.840296
1903000	-0.2000000000	0.0100000000	0.0100000000	100	100	0	0.869967
1904000	-0.2000000000	0.0100000000	0.0100000000	100	100	0	0.882866
1905000	-0.2000000000	0.0100000000	0.0100000000	100	100	0	0.899446
1906000	-0.2000000000	0.0100000000	0.0100000000	100	100	0	0.893504
1907000	-0.2000000000	0.0100000000	0.0100000000	100	100	0	0.862513
1908000	-0.2000000000	0.0100000000	0.0100000000	100	100	0	0.900215
1909000	-0.2000000000	0.0100000000	0.0100000000	100	100	0	0.887549
1910000	-0.2000000000	0.0100000000	0.0100000000	100	100	0	0.917090
1911000	-0.2000000000	0.0100000000	0.0100000000	100	100	0	0.915798
1912000	-0.2000000000	0.0100000000	0.0100000000	100	100	0	0.941868
1913000	-0.2000000000	0.0100000000	0.0100000000	100	100	0	0.931931
1914000	-0.2000000000	0.0100000000	0.0100000000	100	100	0	0.946129
1915000	-0.2000000000	0.0100000000	0.0100000000	100	100	0	0.960814
1916000	-0.2000000000	0.0100000000	0.0100000000	100	100	0	0.928965
1917000	-0.2000000000	0.0100000000	0.0100000000	100	100	0	0.860241
1918000	-0.2000000000	0.0100000000	0.0100000000	100	100	0	0.866073
1919000	-0.2000000000	0.0100000000	0.0100000000	100	100	0	0.885794
1920000	-0.2000000000	0.0100000000	0.0100000000	100	100	0	0.867865
1921000	-0.2000000000	0.0100000000	0.0100000000	100	100	0	0.900889
1922000	-0.2000000000	0.0100000000	0.0100000000	100	100	0	0.901335
1923000	-0.2000000000	0.0100000000	0.0100000000	100	100	0	0.907237
1924000	-0.2000000000	0.0100000000	0.0100000000	100	100	0	0.923149
1925000	-0.2000000000	0.0100000000	0.0100000000	100	100	0	0.890772
1926000	-0.2000000000	0.0100000000	0.0100000000	100	100	0	0.915178
1927000	-0.2000000000	0.0100000000	0.0100000000	100	100	0	0.889467
1928000	-0.2000000000	0.0100000000	0.0100000000	100	100	0	0.927869
1929000	-0.2000000000	0.0100000000	0.0100000000	100	100	0	0.891569
1930000	-0.2000000000	0.0100000000	0.0100000000	100	100	0	0.840778
1931000	-0.2000000000	0.0100000000	0.0100000000	100	100	0	0.869147
1932000	-0.2000000000	0.0100000000	0.0100000000	100	100	0	0.870596
1933000	-0.2000000000	0.0100000000	0.0100000000	100	100	0	0.881113
1934000	-0.2000000000	0.0100000000	0.0100000000	100	100	0	0.930058
1935000	-0.2000000000	0.0100000000	0.0100000000	100	100	0	0.929436
1936000	-0.2000000000	0.0100000000	0.0100000000	100	100	0	0.931302
1937000	-0.2000000000	0.0100000000	0.0100000000	100	100	0	0.883500
1938000	-0.2000000000	0.0100000000	0.0100000000	100	100	0	0.913731
1939000	-0.2000000000	0.0100000000	0.0100000000	100	100	0	0.928333
1940000	-0.2000000000	0.0100000000	0.0100000000	100	100	0	0.915979
1941000	-0.2000000000	0.0100000000	0.0100000000	100	100	0	0.910418
1942000	-0.2000000000	0.0100000000	0.0100000000	100	100	0	0.898964
1943000	-0.2000000000	0.0100000000	0.0100000000	100	100	0	0.897841
1944000	-0.2000000000	0.0100000000	0.0100000000	100	100	0	0.844179
1945000	-0.2000000000	0.0100000000	0.0100000000	100	100	0	0.858457
1946000	-0.2000000000	0.0100000000	0.0100000000	100	100	0	0.876754
1947000	-0.2000000000	0.0100000000	0.0100000000	100	100	0	0.891079
1948000	-0.2000000000	0.0100000000	0.0100000000	100	100	0	0.928647
1949000	-0.2000000000	0.0100000000	0.0100000000	100	100	0	0.911829
1950000	-0.2000000000	0.0100000000	0.0100000000	100	100	0	0.898322
1951000	-0.2000000000	0.0100000000	0.0100000000	100	100	0	0.896718
1952000	-0.2000000000	0.0100000000	0.0100000000	100	100	0	0.850673
1953000	-0.2000000000	0.0100000000	0.0100000000	100	100	0	0.862511
1954000	-0.2000000000	0.0100000000	0.0100000000	100	100	0	0.854886
1955000	-0.2000000000	0.0100000000	0.0100000000	100	100	0	0.915344
1956000	-0.2000000000	0.0100000000	0.0100000000	100	100	0	0.939737
1957000	-0.2000000000	0.0100000000	0.0100000000	100	100	0	0.928967
1958000	-0.2000000000	0.0100000000	0.0100000000	100	100	0	0.918948
1959000	-0.2000000000	0.0100000000	0.0100000000	100	100	0	0.907867
1960000	-0.2000000000	0.0100000000	0.0100000000	100	100	0	0.913913
1961000	-0.2000000000	0.0100000000	0.0100000000	100	100	0	0.887543
1962000	-0.2000000000	0.0100000000	0.0100000000	100	100	0	0.875301
1963000	-0.2000000000	0.0100000000	0.0100000000	100	100	0	0.891894
1964000	-0.2000000000	0.0100000000	0.0100000000	100	100	0	0.917212
1965000	-0.2000000000	0.0100000000	0.0100000000	100	100	0	0.888835
1966000	-0.2000000000	0.0100000000	0.0100000000	100	100	0	0.911021
1967000	-0.2000000000	0.0100000000	0.0100000000	100	100	0	0.941552
1968000	-0.2000000000	0.0100000000	0.0100000000	100	100	0	0.947826
1969000	-0.2000000000	0.0100000000	0.0100000000	100	100	0	0.910729
1970000	-0.2000000000	0.0100000000	0.0100000000	100	100	0	0.931775
1971000	-0.2000000000	0.0100000000	0.0100000000	100	100	0	0.913439
1972000	-0.2000000000	0.0100000000	0.0100000000	100	100	0	0.849536
1973000	-0.2000000000	0.0100000000	0.0100000000	100	100	0	0.846778
1974000	-0.2000000000	0.0100000000	0.0100000000	100	100	0	0.814207
1975000	-0.2000000000	0.0100000000	0.0100000000	100	100	0	0.851319
1976000	-0.2000000000	0.0100000000	0.0100000000	100	100	0	0.841095
1977000	-0.2000000000	0.0100000000	0.0100000000	100	100	0	0.837042
1978000	-0.2000000000	0.0100000000	0.0100000000	100	100	0	0.892533
1979000	-0.2000000000	0.0100000000	0.0100000000	100	100	0	0.907881
1980000	-0.2000000000	0.0100000000	0.0100000000	100	100	0	0.903542
1981000	-0.2000000000	0.0100000000	0.0100000000	100	100	0	0.900621
1982000	-0.2000000000	0.0100000000	0.0100000000	100	100	0	0.908465
1983000	-0.2000000000	0.0100000000	0.0100000000	100	100	0	0.897830
1984000	-0.2000000000	0.0100000000	0.0100000000	100	100	0	0.927406
1985000	-0.2000000000	0.0100000000	0.0100000000	100	100	0	0.920835
1986000	-0.2000000000	0.0100000000	0.0100000000	100	100	0	0.917246
1987000	-0.2000000000	0.0100000000	0.0100000000	100	100	0	0.888049
1988000	-0.2000000000	0.0100000000	0.0100000000	100	100	0	0.865887
1989000	-0.2000000000	0.0100000000	0.0100000000	100	100	0	0.914550
1990000	-0.2000000000	0.0100000000	0.0100000000	100	100	0	0.926396
1991000	-0.2000000000	0.0100000000	0.0100000000	100	100	0	0.904695
1992000	-0.2000000000	0.0100000000	0.0100000000	100	100	0	0.858456
1993000	-0.2000000000	0.0100000000	0.0100000000	100	100	0	0.858134
1994000	-0.2000000000	0.0100000000	0.0100000000	100	100	0	0.881281
1995000	-0.2000000000	0.0100000000	0.0100000000	100	100	0	0.835092
1996000	-0.2000000000	0.0100000000	0.0100000000	100	100	0	0.830719
1997000	-0.2000000000	0.0100000000	0.0100000000	100	100	0	0.881442
1998000	-0.2000000000	0.0100000000	0.0100000000	100	100	0	0.867043
1999000	-0.2000000000	0.0100000000	0.0100000000	100	100	0	0.868513
2000000	-0.2000000000	0.0100000000	0.0100000000	100	100	0	0.845478
2001000	-0.2000000000	0.0100000000	0.0100000000	100	100	0	0.827968
2002000	-0.2000000000	0.0100000000	0.0100000000	100	100	0	0.861378
2003000	-0.2000000000	0.0100000000	0.0100000000	100	100	0	0.852455
2004000	-0.2000000000	0.0100000000	0.0100000000	100	100	0	0.882239
2005000	-0.2000000000	0.0100000000	0.0100000000	100	100	0	0.894941
2006000	-0.2000000000	0.0100000000	0.0100000000	100	100	0	0.868178
2007000	-0.2000000000	0.0100000000	0.0100000000	100	100	0	0.861203
2008000	-0.2000000000	0.0100000000	0.0100000000	100	100	0	0.904361
2009000	-0.2000000000	0.0100000000	0.0100000000	100	100	0	0.892832
2010000	-0.2000000000	0.0100000000	0.0100000000	100	100	0	0.895099
2011000	-0.2000000000	0.0100000000	0.0100000000	100	100	0	0.912002
2012000	-0.2000000000	0.0100000000	0.0100000000	100	100	0	0.888357
2013000	-0.2000000000	0.0100000000	0.0100000000	100	100	0	0.886917
2014000	-0.2000000000	0.0100000000	0.0100000000	100	100	0	0.897517
2015000	-0.2000000000	0.0100000000	0.0100000000	100	100	0	0.878206
2016000	-0.2000000000	0.0100000000	0.0100000000	100	100	0	0.867054
2017000	-0.2000000000	0.0100000000	0.0100000000	100	100	0	0.835907
2018000	-0.2000000000	0.0100000000	0.0100000000	100	100	0	0.847750
2019000	-0.2000000000	0.0100000000	0.0100000000	100	100	0	0.865594
2020000	-0.2000000000	0.0100000000	0.0100000000	100	100	0	0.878047
2021000	-0.2000000000	0.0100000000	0.0100000000	100	100	0	0.903738
2022000	-0.2000000000	0.0100000000	0.0100000000	100	100	0	0.883041
2023000	-0.2000000000	0.0100000000	0.0100000000	100	100	0	0.879986
2024000	-0.2000000000	0.0100000000	0.0100000000	100	100	0	0.901211
2025000	-0.2000000000	0.0100000000	0.0100000000	100	100	0	0.882025
2026000	-0.2000000000	0.0100000000	0.0100000000	100	100	0	0.904036
2027000	-0.2000000000	0.0100000000	0.0100000000	100	100	0	0.928496
2028000	-0.2000000000	0.0100000000	0.0100000000	100	100	0	0.912318
2029000	-0.2000000000	0.0100000000	0.0100000000	100	100	0	0.874648
2030000	-0.2000000000	0.0100000000	0.0100000000	100	100	0	0.904844
2031000	-0.2000000000	0.0100000000	0.0100000000	100	100	0	0.879342
2032000	-0.2000000000	0.0100000000	0.0100000000	100	100	0	0.851322
2033000	-0.2000000000	0.0100000000	0.0100000000	100	100	0	0.875302
2034000	-0.2000000000	0.0100000000	0.0100000000	100	100	0	0.874477
2035000	-0.2000000000	0.0100000000	0.0100000000	100	100	0	0.896859
2036000	-0.2000000000	0.0100000000	0.0100000000	100	100	0	0.914857
2037000	-0.2000000000	0.0100000000	0.0100000000	100	100	0	0.895752
2038000	-0.2000000000	0.0100000000	0.0100000000	100	100	0	0.898319
2039000	-0.2000000000	0.0100000000	0.0100000000	100	100	0	0.890778
2040000	-0.2000000000	0.0100000000	0.0100000000	100	100	0	0.882090
2041000	-0.2000000000	0.0100000000	0.0100000000	100	100	0	0.915661
2042000	-0.2000000000	0.0100000000	0.0100000000	100	100	0	0.915490
2043000	-0.2000000000	0.0100000000	0.0100000000	100	100	0	0.898963
2044000	-0.2000000000	0.0100000000	0.0100000000	100	100	0	0.901796
2045000	-0.2000000000	0.0100000000	0.0100000000	100	100	0	0.927093
2046000	-0.2000000000	0.0100000000	0.0100000000	100	100	0	0.897038
2047000	-0.2000000000	0.0100000000	0.0100000000	100	100	0	0.901211
2048000	-0.2000000000	0.0100000000	0.0100000000	100	100	0	0.917832
2049000	-0.2000000000	0.0100000000	0.0100000000	100	100	0	0.890596
2050000	-0.2000000000	0.0100000000	0.0100000000	100	100	0	0.867216
2051000	-0.2000000000	0.0100000000	0.0100000000	100	100	0	0.865577
2052000	-0.2000000000	0.0100000000	0.0100000000	100	100	0	0.854727
2053000	-0.2000000000	0.0100000000	0.0100000000	100	100	0	0.842724
2054000	-0.2000000000	0.0100000000	0.0100000000	100	100	0	0.861052
2055000	-0.2000000000	0.0100000000	0.0100000000	100	100	0	0.879309
2056000	-0.2000000000	0.0100000000	0.0100000000	100	100	0	0.862026
2057000	-0.2000000000	0.0100000000	0.0100000000	100	100	0	0.890296
2058000	-0.2000000000	0.0100000000	0.0100000000	100	100	0	0.915815
2059000	-0.2000000000	0.0100000000	0.0100000000	100	100	0	0.928332
2060000	-0.2000000000	0.0100000000	0.0100000000	100	100	0	0.931459
2061000	-0.2000000000	0.0100000000	0.0100000000	100	100	0	0.915659
2062000	-0.2000000000	0.0100000000	0.0100000000	100	100	0	0.906447
2063000	-0.2000000000	0.0100000000	0.0100000000	100	100	0	0.903218
2064000	-0.2000000000	0.0100000000	0.0100000000	100	100	0	0.918079
2065000	-0.2000000000	0.0100000000	0.0100000000	100	100	0	0.886576
2066000	-0.2000000000	0.0100000000	0.0100000000	100	100	0	0.896235
2067000	-0.2000000000	0.0100000000	0.0100000000	100	100	0	0.823598
2068000	-0.2000000000	0.0100000000	0.0100000000	100	100	0	0.845154
2069000	-0.2000000000	0.0100000000	0.0100000000	100	100	0	0.860077
2070000	-0.2000000000	0.0100000000	0.0100000000	100	100	0	0.865432
2071000	-0.2000000000	0.0100000000	0.0100000000	100	100	0	0.884670
2072000	-0.2000000000	0.0100000000	0.0100000000	100	100	0	0.884189
2073000	-0.2000000000	0.0100000000	0.0100000000	100	100	0	0.924746
2074000	-0.2000000000	0.0100000000	0.0100000000	100	100	0	0.929084
2075000	-0.2000000000	0.0100000000	0.0100000000	100	100	0	0.945535
2076000	-0.2000000000	0.0100000000	0.0100000000	100	100	0	0.938520
2077000	-0.2000000000	0.0100000000	0.0100000000	100	100	0	0.936461
2078000	-0.2000000000	0.0100000000	0.0100000000	100	100	0	0.897358
2079000	-0.2000000000	0.0100000000	0.0100000000	100	100	0	0.923478
2080000	-0.2000000000	0.0100000000	0.0100000000	100	100	0	0.924567
2081000	-0.2000000000	0.0100000000	0.0100000000	100	100	0	0.942485
2082000	-0.2000000000	0.0100000000	0.0100000000	100	100	0	0.942184
2083000	-0.2000000000	0.0100000000	0.0100000000	100	100	0	0.928967
2084000	-0.2000000000	0.0100000000	0.0100000000	100	100	0	0.932715
2085000	-0.2000000000	0.0100000000	0.0100000000	100	100	0	0.950068
2086000	-0.2000000000	0.0100000000	0.0100000000	100	100	0	0.930516
2087000	-0.2000000000	0.0100000000	0.0100000000	100	100	0	0.913846
2088000	-0.2000000000	0.0100000000	0.0100000000	100	100	0	0.892533
2089000	-0.2000000000	0.0100000000	0.0100000000	100	100	0	0.862513
2090000	-0.2000000000	0.0100000000	0.0100000000	100	100	0	0.864297
2091000	-0.2000000000	0.0100000000	0.0100000000	100	100	0	0.835740
2092000	-0.2000000000	0.0100000000	0.0100000000	100	100	0	0.844831
2093000	-0.2000000000	0.0100000000	0.0100000000	100	100	0	0.845159
2094000	-0.2000000000	0.0100000000	0.0100000000	100	100	0	0.880305
2095000	-0.2000000000	0.0100000000	0.0100000000	100	100	0	0.878036
2096000	-0.2000000000	0.0100000000	0.0100000000	100	100	0	0.901211
2097000	-0.2000000000	0.0100000000	0.0100000000	100	100	0	0.834933
2098000	-0.2000000000	0.0100000000	0.0100000000	100	100	0	0.869481
2099000	-0.2000000000	0.0100000000	0.0100000000	100	100	0	0.860884
2100000	-0.2000000000	0.0100000000	0.0100000000	100	100	0	0.873992
2101000	-0.2000000000	0.0100000000	0.0100000000	100	100	0	0.881605
2102000	-0.2000000000	0.0100000000	0.0100000000	100	100	0	0.879655
2103000	-0.2000000000	0.0100000000	0.0100000000	100	100	0	0.921761
2104000	-0.2000000000	0.0100000000	0.0100000000	100	100	0	0.931281
2105000	-0.2000000000	0.0100000000	0.0100000000	100	100	0	0.897298
2106000	-0.2000000000	0.0100000000	0.0100000000	100	100	0	0.937561
2107000	-0.2000000000	0.0100000000	0.0100000000	100	100	0	0.955049
2108000	-0.2000000000	0.0100000000	0.0100000000	100	100	0	0.906764
2109000	-0.2000000000	0.0100000000	0.0100000000	100	100	0	0.879666
2110000	-0.2000000000	0.0100000000	0.0100000000	100	100	0	0.869805
2111000	-0.2000000000	0.0100000000	0.0100000000	100	100	0	0.900564
2112000	-0.2000000000	0.0100000000	0.0100000000	100	100	0	0.863958
2113000	-0.2000000000	0.0100000000	0.0100000000	100	100	0	0.897186
2114000	-0.2000000000	0.0100000000	0.0100000000	100	100	0	0.913906
2115000	-0.2000000000	0.0100000000	0.0100000000	100	100	0	0.909445
2116000	-0.2000000000	0.0100000000	0.0100000000	100	100	0	0.885306
2117000	-0.2000000000	0.0100000000	0.0100000000	100	100	0	0.848558
2118000	-0.2000000000	0.0100000000	0.0100000000	100	100	0	0.895316
2119000	-0.2000000000	0.0100000000	0.0100000000	100	100	0	0.915820
2120000	-0.2000000000	0.0100000000	0.0100000000	100	100	0	0.959635
2121000	-0.2000000000	0.0100000000	0.0100000000	100	100	0	0.969968
2122000	-0.2000000000	0.0100000000	0.0100000000	100	100	0	0.966097
2123000	-0.2000000000	0.0100000000	0.0100000000	100	100	0	0.960393
2124000	-0.2000000000	0.0100000000	0.0100000000	100	100	0	0.922516
2125000	-0.2000000000	0.0100000000	0.0100000000	100	100	0	0.918451
2126000	-0.2000000000	0.0100000000	0.0100000000	100	100	0	0.917566
2127000	-0.2000000000	0.0100000000	0.0100000000	100	100	0	0.914391
2128000	-0.2000000000	0.0100000000	0.0100000000	100	100	0	0.938777
2129000	-0.2000000000	0.0100000000	0.0100000000	100	100	0	0.924882
2130000	-0.2000000000	0.0100000000	0.0100000000	100	100	0	0.927229
2131000	-0.2000000000	0.0100000000	0.0100000000	100	100	0	0.862513
2132000	-0.2000000000	0.0100000000	0.0100000000	100	100	0	0.850185
2133000	-0.2000000000	0.0100000000	0.0100000000	100	100	0	0.849699
2134000	-0.2000000000	0.0100000000	0.0100000000	100	100	0	0.851967
2135000	-0.2000000000	0.0100000000	0.0100000000	100	100	0	0.889336
2136000	-0.2000000000	0.0100000000	0.0100000000	100	100	0	0.829580
2137000	-0.2000000000	0.0100000000	0.0100000000	100	100	0	0.855375
2138000	-0.2000000000	0.0100000000	0.0100000000	100	100	0	0.868838
2139000	-0.2000000000	0.0100000000	0.0100000000	100	100	0	0.893330
2140000	-0.2000000000	0.0100000000	0.0100000000	100	100	0	0.913280
2141000	-0.2000000000	0.0100000000	0.0100000000	100	100	0	0.915766
2142000	-0.2000000000	0.0100000000	0.0100000000	100	100	0	0.899761
2143000	-0.2000000000	0.0100000000	0.0100000000	100	100	0	0.876593
2144000	-0.2000000000	0.0100000000	0.0100000000	100	100	0	0.895231
2145000	-0.2000000000	0.0100000000	0.0100000000	100	100	0	0.894621
2146000	-0.2000000000	0.0100000000	0.0100000000	100	100	0	0.903278
2147000	-0.2000000000	0.0100000000	0.0100000000	100	100	0	0.858457
2148000	-0.2000000000	0.0100000000	0.0100000000	100	100	0	0.910894
2149000	-0.2000000000	0.0100000000	0.0100000000	100	100	0	0.903254
2150000	-0.2000000000	0.0100000000	0.0100000000	100	100	0	0.900854
2151000	-0.2000000000	0.0100000000	0.0100000000	100	100	0	0.925998
2152000	-0.2000000000	0.0100000000	0.0100000000	100	100	0	0.926731
2153000	-0.2000000000	0.0100000000	0.0100000000	100	100	0	0.883697
2154000	-0.2000000000	0.0100000000	0.0100000000	100	100	0	0.880634
2155000	-0.2000000000	0.0100000000	0.0100000000	100	100	0	0.854725
2156000	-0.2000000000	0.0100000000	0.0100000000	100	100	0	0.881604
2157000	-0.2000000000	0.0100000000	0.0100000000	100	100	0	0.941418
2158000	-0.2000000000	0.0100000000	0.0100000000	100	100	0	0.898483
2159000	-0.2000000000	0.0100000000	0.0100000000	100	100	0	0.909450
2160000	-0.2000000000	0.0100000000	0.0100000000	100	100	0	0.918950
2161000	-0.2000000000	0.0100000000	0.0100000000	100	100	0	0.916346
2162000	-0.2000000000	0.0100000000	0.0100000000	100	100	0	0.906683
2163000	-0.2000000000	0.0100000000	0.0100000000	100	100	0	0.890915
2164000	-0.2000000000	0.0100000000	0.0100000000	100	100	0	0.927549
2165000	-0.2000000000	0.0100000000	0.0100000000	100	100	0	0.914102
2166000	-0.2000000000	0.0100000000	0.0100000000	100	100	0	0.941715
2167000	-0.2000000000	0.0100000000	0.0100000000	100	100	0	0.896875
2168000	-0.2000000000	0.0100000000	0.0100000000	100	100	0	0.871086
2169000	-0.2000000000	0.0100000000	0.0100000000	100	100	0	0.868022
2170000	-0.2000000000	0.0100000000	0.0100000000	100	100	0	0.912635
2171000	-0.2000000000	0.0100000000	0.0100000000	100	100	0	0.924894
2172000	-0.2000000000	0.0100000000	0.0100000000	100	100	0	0.903519
2173000	-0.2000000000	0.0100000000	0.0100000000	100	100	0	0.899446
2174000	-0.2000000000	0.0100000000	0.0100000000	100	100	0	0.862507
2175000	-0.2000000000	0.0100000000	0.0100000000	100	100	0	0.884190
2176000	-0.2000000000	0.0100000000	0.0100000000	100	100	0	0.865107
2177000	-0.2000000000	0.0100000000	0.0100000000	100	100	0	0.874155
2178000	-0.2000000000	0.0100000000	0.0100000000	100	100	0	0.919565
2179000	-0.2000000000	0.0100000000	0.0100000000	100	100	0	0.862512
2180000	-0.2000000000	0.0100000000	0.0100000000	100	100	0	0.893495
2181000	-0.2000000000	0.0100000000	0.0100000000	100	100	0	0.868818
2182000	-0.2000000000	0.0100000000	0.0100000000	100	100	0	0.893979
2183000	-0.2000000000	0.0100000000	0.0100000000	100	100	0	0.919869
2184000	-0.2000000000	0.0100000000	0.0100000000	100	100	0	0.925376
2185000	-0.2000000000	0.0100000000	0.0100000000	100	100	0	0.931842
2186000	-0.2000000000	0.0100000000	0.0100000000	100	100	0	0.916211
2187000	-0.2000000000	0.0100000000	0.0100000000	100	100	0	0.922977
2188000	-0.2000000000	0.0100000000	0.0100000000	100	100	0	0.912469
2189000	-0.2000000000	0.0100000000	0.0100000000	100	100	0	0.892704
2190000	-0.2000000000	0.0100000000	0.0100000000	100	100	0	0.912959
2191000	-0.2000000000	0.0100000000	0.0100000000	100	100	0	0.889796
2192000	-0.2000000000	0.0100000000	0.0100000000	100	100	0	0.897674
2193000	-0.2000000000	0.0100000000	0.0100000000	100	100	0	0.898793
2194000	-0.2000000000	0.0100000000	0.0100000000	100	100	0	0.902566
2195000	-0.2000000000	0.0100000000	0.0100000000	100	100	0	0.889649
2196000	-0.2000000000	0.0100000000	0.0100000000	100	100	0	0.843370
2197000	-0.2000000000	0.0100000000	0.0100000000	100	100	0	0.843368
2198000	-0.2000000000	0.0100000000	0.0100000000	100	100	0	0.854534
2199000	-0.2000000000	0.0100000000	0.0100000000	100	100	0	0.884837
2200000	-0.2000000000	0.0100000000	0.0100000000	100	100	0	0.864454
2201000	-0.2000000000	0.0100000000	0.0100000000	100	100	0	0.850510
2202000	-0.2000000000	0.0100000000	0.0100000000	100	100	0	0.866241
2203000	-0.2000000000	0.0100000000	0.0100000000	100	100	0	0.896718
2204000	-0.2000000000	0.0100000000	0.0100000000	100	100	0	0.870609
2205000	-0.2000000000	0.0100000000	0.0100000000	100	100	0	0.881742
2206000	-0.2000000000	0.0100000000	0.0100000000	100	100	0	0.891090
2207000	-0.2000000000	0.0100000000	0.0100000000	100	100	0	0.887243
2208000	-0.2000000000	0.0100000000	0.0100000000	100	100	0	0.884978
2209000	-0.2000000000	0.0100000000	0.0100000000	100	100	0	0.889600
2210000	-0.2000000000	0.0100000000	0.0100000000	100	100	0	0.901210
2211000	-0.2000000000	0.0100000000	0.0100000000	100	100	0	0.898162
2212000	-0.2000000000	0.0100000000	0.0100000000	100	100	0	0.879798
2213000	-0.2000000000	0.0100000000	0.0100000000	100	100	0	0.932559
2214000	-0.2000000000	0.0100000000	0.0100000000	100	100	0	0.956043
2215000	-0.2000000000	0.0100000000	0.0100000000	100	100	0	0.888662
2216000	-0.2000000000	0.0100000000	0.0100000000	100	100	0	0.942745
2217000	-0.2000000000	0.0100000000	0.0100000000	100	100	0	0.976589
2218000	-0.2000000000	0.0100000000	0.0100000000	100	100	0	0.975635
2219000	-0.2000000000	0.0100000000	0.0100000000	100	100	0	0.957405
2220000	-0.2000000000	0.0100000000	0.0100000000	100	100	0	0.973686
2221000	-0.2000000000	0.0100000000	0.0100000000	100	100	0	0.922245
2222000	-0.2000000000	0.0100000000	0.0100000000	100	100	0	0.905961
2223000	-0.2000000000	0.0100000000	0.0100000000	100	100	0	0.905776
2224000	-0.2000000000	0.0100000000	0.0100000000	100	100	0	0.898903
2225000	-0.2000000000	0.0100000000	0.0100000000	100	100	0	0.952541
2226000	-0.2000000000	0.0100000000	0.0100000000	100	100	0	0.934050
2227000	-0.2000000000	0.0100000000	0.0100000000	100	100	0	0.925844
2228000	-0.2000000000	0.0100000000	0.0100000000	100	100	0	0.945826
2229000	-0.2000000000	0.0100000000	0.0100000000	100	100	0	0.926110
2230000	-0.2000000000	0.0100000000	0.0100000000	100	100	0	0.904996
2231000	-0.2000000000	0.0100000000	0.0100000000	100	100	0	0.933125
2232000	-0.2000000000	0.0100000000	0.0100000000	100	100	0	0.908542
2233000	-0.2000000000	0.0100000000	0.0100000000	100	100	0	0.929589
2234000	-0.2000000000	0.0100000000	0.0100000000	100	100	0	0.929274
2235000	-0.2000000000	0.0100000000	0.0100000000	100	100	0	0.895911
2236000	-0.2000000000	0.0100000000	0.0100000000	100	100	0	0.909618
2237000	-0.2000000000	0.0100000000	0.0100000000	100	100	0	0.890289
2238000	-0.2000000000	0.0100000000	0.0100000000	100	100	0	0.888678
2239000	-0.2000000000	0.0100000000	0.0100000000	100	100	0	0.898162
2240000	-0.2000000000	0.0100000000	0.0100000000	100	100	0	0.818076
2241000	-0.2000000000	0.0100000000	0.0100000000	100	100	0	0.808070
2242000	-0.2000000000	0.0100000000	0.0100000000	100	100	0	0.835417
2243000	-0.2000000000	0.0100000000	0.0100000000	100	100	0	0.841582
2244000	-0.2000000000	0.0100000000	0.0100000000	100	100	0	0.810345
2245000	-0.2000000000	0.0100000000	0.0100000000	100	100	0	0.810989
2246000	-0.2000000000	0.0100000000	0.0100000000	100	100	0	0.888994
2247000	-0.2000000000	0.0100000000	0.0100000000	100	100	0	0.930789
2248000	-0.2000000000	0.0100000000	0.0100000000	100	100	0	0.906270
2249000	-0.2000000000	0.0100000000	0.0100000000	100	100	0	0.952090
2250000	-0.2000000000	0.0100000000	0.0100000000	100	100	0	0.922081
2251000	-0.2000000000	0.0100000000	0.0100000000	100	100	0	0.942600
2252000	-0.2000000000	0.0100000000	0.0100000000	100	100	0	0.953428
2253000	-0.2000000000	0.0100000000	0.0100000000	100	100	0	0.963442
2254000	-0.2000000000	0.0100000000	0.0100000000	100	100	0	0.982539
2255000	-0.2000000000	0.0100000000	0.0100000000	100	100	0	0.935246
2256000	-0.2000000000	0.0100000000	0.0100000000	100	100	0	0.952237
2257000	-0.2000000000	0.0100000000	0.0100000000	100	100	0	0.952829
2258000	-0.2000000000	0.0100000000	0.0100000000	100	100	0	0.946454
2259000	-0.2000000000	0.0100000000	0.0100000000	100	100	0	0.945539
2260000	-0.2000000000	0.0100000000	0.0100000000	100	100	0	0.947063
2261000	-0.2000000000	0.0100000000	0.0100000000	100	100	0	0.958299
2262000	-0.2000000000	0.0100000000	0.0100000000	100	100	0	0.911046
2263000	-0.2000000000	0.0100000000	0.0100000000	100	100	0	0.870456
2264000	-0.2000000000	0.0100000000	0.0100000000	100	100	0	0.851644
2265000	-0.2000000000	0.0100000000	0.0100000000	100	100	0	0.883697
2266000	-0.2000000000	0.0100000000	0.0100000000	100	100	0	0.903536
2267000	-0.2000000000	0.0100000000	0.0100000000	100	100	0	0.911052
2268000	-0.2000000000	0.0100000000	0.0100000000	100	100	0	0.885754
2269000	-0.2000000000	0.0100000000	0.0100000000	100	100	0	0.880474
2270000	-0.2000000000	0.0100000000	0.0100000000	100	100	0	0.893028
2271000	-0.2000000000	0.0100000000	0.0100000000	100	100	0	0.893506
2272000	-0.2000000000	0.0100000000	0.0100000000	100	100	0	0.943847
2273000	-0.2000000000	0.0100000000	0.0100000000	100	100	0	0.891723
2274000	-0.2000000000	0.0100000000	0.0100000000	100	100	0	0.909444
2275000	-0.2000000000	0.0100000000	0.0100000000	100	100	0	0.892369
2276000	-0.2000000000	0.0100000000	0.0100000000	100	100	0	0.896718
2277000	-0.2000000000	0.0100000000	0.0100000000	100	100	0	0.889326
2278000	-0.2000000000	0.0100000000	0.0100000000	100	100	0	0.878368
2279000	-0.2000000000	0.0100000000	0.0100000000	100	100	0	0.891554
2280000	-0.2000000000	0.0100000000	0.0100000000	100	100	0	0.856511
2281000	-0.2000000000	0.0100000000	0.0100000000	100	100	0	0.879181
2282000	-0.2000000000	0.0100000000	0.0100000000	100	100	0	0.853754
2283000	-0.2000000000	0.0100000000	0.0100000000	100	100	0	0.818238
2284000	-0.2000000000	0.0100000000	0.0100000000	100	100	0	0.868019
2285000	-0.2000000000	0.0100000000	0.0100000000	100	100	0	0.857160
2286000	-0.2000000000	0.0100000000	0.0100000000	100	100	0	0.881739
2287000	-0.2000000000	0.0100000000	0.0100000000	100	100	0	0.879657
2288000	-0.2000000000	0.0100000000	0.0100000000	100	100	0	0.855863
2289000	-0.2000000000	0.0100000000	0.0100000000	100	100	0	0.838019
2290000	-0.2000000000	0.0100000000	0.0100000000	100	100	0	0.862836
2291000	-0.2000000000	0.0100000000	0.0100000000	100	100	0	0.849536
2292000	-0.2000000000	0.0100000000	0.0100000000	100	100	0	0.884304
2293000	-0.2000000000	0.0100000000	0.0100000000	100	100	0	0.882732
2294000	-0.2000000000	0.0100000000	0.0100000000	100	100	0	0.912954
2295000	-0.2000000000	0.0100000000	0.0100000000	100	100	0	0.929901
2296000	-0.2000000000	0.0100000000	0.0100000000	100	100	0	0.878858
2297000	-0.2000000000	0.0100000000	0.0100000000	100	100	0	0.894138
2298000	-0.2000000000	0.0100000000	0.0100000000	100	100	0	0.891741
2299000	-0.2000000000	0.0100000000	0.0100000000	100	100	0	0.852292
2300000	-0.2000000000	0.0100000000	0.0100000000	100	100	0	0.910418
2301000	-0.2000000000	0.0100000000	0.0100000000	100	100	0	0.930060
2302000	-0.2000000000	0.0100000000	0.0100000000	100	100	0	0.923807
2303000	-0.2000000000	0.0100000000	0.0100000000	100	100	0	0.915979
2304000	-0.2000000000	0.0100000000	0.0100000000	100	100	0	0.881279
2305000	-0.2000000000	0.0100000000	0.0100000000	100	100	0	0.913122
2306000	-0.2000000000	0.0100000000	0.0100000000	100	100	0	0.937385
2307000	-0.2000000000	0.0100000000	0.0100000000	100	100	0	0.945991
2308000	-0.2000000000	0.0100000000	0.0100000000	100	100	0	0.906554
2309000	-0.2000000000	0.0100000000	0.0100000000	100	100	0	0.958959
2310000	-0.2000000000	0.0100000000	0.0100000000	100	100	0	0.907711
2311000	-0.2000000000	0.0100000000	0.0100000000	100	100	0	0.911215
2312000	-0.2000000000	0.0100000000	0.0100000000	100	100	0	0.865269
2313000	-0.2000000000	0.0100000000	0.0100000000	100	100	0	0.858938
2314000	-0.2000000000	0.0100000000	0.0100000000	100	100	0	0.858297
2315000	-0.2000000000	0.0100000000	0.0100000000	100	100	0	0.917407
2316000	-0.2000000000	0.0100000000	0.0100000000	100	100	0	0.929581
2317000	-0.2000000000	0.0100000000	0.0100000000	100	100	0	0.928343
2318000	-0.2000000000	0.0100000000	0.0100000000	100	100	0	0.941671
2319000	-0.2000000000	0.0100000000	0.0100000000	100	100	0	0.930529
2320000	-0.2000000000	0.0100000000	0.0100000000	100	100	0	0.897841
2321000	-0.2000000000	0.0100000000	0.0100000000	100	100	0	0.901769
2322000	-0.2000000000	0.0100000000	0.0100000000	100	100	0	0.925993
2323000	-0.2000000000	0.0100000000	0.0100000000	100	100	0	0.937657
2324000	-0.2000000000	0.0100000000	0.0100000000	100	100	0	0.908514
2325000	-0.2000000000	0.0100000000	0.0100000000	100	100	0	0.917993
2326000	-0.2000000000	0.0100000000	0.0100000000	100	100	0	0.896865
2327000	-0.2000000000	0.0100000000	0.0100000000	100	100	0	0.910900
2328000	-0.2000000000	0.0100000000	0.0100000000	100	100	0	0.911665
2329000	-0.2000000000	0.0100000000	0.0100000000	100	100	0	0.913598
2330000	-0.2000000000	0.0100000000	0.0100000000	100	100	0	0.914526
2331000	-0.2000000000	0.0100000000	0.0100000000	100	100	0	0.956811
2332000	-0.2000000000	0.0100000000	0.0100000000	100	100	0	0.916613
2333000	-0.2000000000	0.0100000000	0.0100000000	100	100	0	0.866523
2334000	-0.2000000000	0.0100000000	0.0100000000	100	100	0	0.904385
2335000	-0.2000000000	0.0100000000	0.0100000000	100	100	0	0.869618
2336000	-0.2000000000	0.0100000000	0.0100000000	100	100	0	0.879020
2337000	-0.2000000000	0.0100000000	0.0100000000	100	100	0	0.909445
2338000	-0.2000000000	0.0100000000	0.0100000000	100	100	0	0.938285
2339000	-0.2000000000	0.0100000000	0.0100000000	100	100	0	0.933180
2340000	-0.2000000000	0.0100000000	0.0100000000	100	100	0	0.957620
2341000	-0.2000000000	0.0100000000	0.0100000000	100	100	0	0.960219
2342000	-0.2000000000	0.0100000000	0.0100000000	100	100	0	0.947521
2343000	-0.2000000000	0.0100000000	0.0100000000	100	100	0	0.915185
2344000	-0.2000000000	0.0100000000	0.0100000000	100	100	0	0.888852
2345000	-0.2000000000	0.0100000000	0.0100000000	100	100	0	0.897841
2346000	-0.2000000000	0.0100000000	0.0100000000	100	100	0	0.859263
2347000	-0.2000000000	0.0100000000	0.0100000000	100	100	0	0.853106
2348000	-0.2000000000	0.0100000000	0.0100000000	100	100	0	0.862994
2349000	-0.2000000000	0.0100000000	0.0100000000	100	100	0	0.851646
2350000	-0.2000000000	0.0100000000	0.0100000000	100	100	0	0.932496
2351000	-0.2000000000	0.0100000000	0.0100000000	100	100	0	0.911038
2352000	-0.2000000000	0.0100000000	0.0100000000	100	100	0	0.888850
2353000	-0.2000000000	0.0100000000	0.0100000000	100	100	0	0.876757
2354000	-0.2000000000	0.0100000000	0.0100000000	100	100	0	0.879826
2355000	-0.2000000000	0.0100000000	0.0100000000	100	100	0	0.913598
2356000	-0.2000000000	0.0100000000	0.0100000000	100	100	0	0.906710
2357000	-0.2000000000	0.0100000000	0.0100000000	100	100	0	0.908189
2358000	-0.2000000000	0.0100000000	0.0100000000	100	100	0	0.897660
2359000	-0.2000000000	0.0100000000	0.0100000000	100	100	0	0.885958
2360000	-0.2000000000	0.0100000000	0.0100000000	100	100	0	0.891897
2361000	-0.2000000000	0.0100000000	0.0100000000	100	100	0	0.883194
2362000	-0.2000000000	0.0100000000	0.0100000000	100	100	0	0.872386
2363000	-0.2000000000	0.0100000000	0.0100000000	100	100	0	0.880148
2364000	-0.2000000000	0.0100000000	0.0100000000	100	100	0	0.886915
2365000	-0.2000000000	0.0100000000	0.0100000000	100	100	0	0.911212
2366000	-0.2000000000	0.0100000000	0.0100000000	100	100	0	0.878047
2367000	-0.2000000000	0.0100000000	0.0100000000	100	100	0	0.854891
2368000	-0.2000000000	0.0100000000	0.0100000000	100	100	0	0.821797
2369000	-0.2000000000	0.0100000000	0.0100000000	100	100	0	0.864621
2370000	-0.2000000000	0.0100000000	0.0100000000	100	100	0	0.898249
2371000	-0.2000000000	0.0100000000	0.0100000000	100	100	0	0.912645
2372000	-0.2000000000	0.0100000000	0.0100000000	100	100	0	0.905250
2373000	-0.2000000000	0.0100000000	0.0100000000	100	100	0	0.884675
2374000	-0.2000000000	0.0100000000	0.0100000000	100	100	0	0.881605
2375000	-0.2000000000	0.0100000000	0.0100000000	100	100	0	0.922693
2376000	-0.2000000000	0.0100000000	0.0100000000	100	100	0	0.893829
2377000	-0.2000000000	0.0100000000	0.0100000000	100	100	0	0.875609
2378000	-0.2000000000	0.0100000000	0.0100000000	100	100	0	0.875615
2379000	-0.2000000000	0.0100000000	0.0100000000	100	100	0	0.885886
2380000	-0.2000000000	0.0100000000	0.0100000000	100	100	0	0.922641
2381000	-0.2000000000	0.0100000000	0.0100000000	100	100	0	0.912920
2382000	-0.2000000000	0.0100000000	0.0100000000	100	100	0	0.894790
2383000	-0.2000000000	0.0100000000	0.0100000000	100	100	0	0.880311
2384000	-0.2000000000	0.0100000000	0.0100000000	100	100	0	0.905017
2385000	-0.2000000000	0.0100000000	0.0100000000	100	100	0	0.914391
2386000	-0.2000000000	0.0100000000	0.0100000000	100	100	0	0.895858
2387000	-0.2000000000	0.0100000000	0.0100000000	100	100	0	0.895093
2388000	-0.2000000000	0.0100000000	0.0100000000	100	100	0	0.897039
2389000	-0.2000000000	0.0100000000	0.0100000000	100	100	0	0.854889
2390000	-0.2000000000	0.0100000000	0.0100000000	100	100	0	0.814236
2391000	-0.2000000000	0.0100000000	0.0100000000	100	100	0	0.878696
2392000	-0.2000000000	0.0100000000	0.0100000000	100	100	0	0.899283
2393000	-0.2000000000	0.0100000000	0.0100000000	100	100	0	0.878043
2394000	-0.2000000000	0.0100000000	0.0100000000	100	100	0	0.867216
2395000	-0.2000000000	0.0100000000	0.0100000000	100	100	0	0.879978
2396000	-0.2000000000	0.0100000000	0.0100000000	100	100	0	0.899765
2397000	-0.2000000000	0.0100000000	0.0100000000	100	100	0	0.881087
2398000	-0.2000000000	0.0100000000	0.0100000000	100	100	0	0.871254
2399000	-0.2000000000	0.0100000000	0.0100000000	100	100	0	0.858942
2400000	-0.2000000000	0.0100000000	0.0100000000	100	100	0	0.931466
2401000	-0.2000000000	0.0100000000	0.0100000000	100	100	0	0.920670
2402000	-0.2000000000	0.0100000000	0.0100000000	100	100	0	0.909262
2403000	-0.2000000000	0.0100000000	0.0100000000	100	100	0	0.898317
2404000	-0.2000000000	0.0100000000	0.0100000000	100	100	0	0.861524
2405000	-0.2000000000	0.0100000000	0.0100000000	100	100	0	0.910254
2406000	-0.2000000000	0.0100000000	0.0100000000	100	100	0	0.909594
2407000	-0.2000000000	0.0100000000	0.0100000000	100	100	0	0.910867
2408000	-0.2000000000	0.0100000000	0.0100000000	100	100	0	0.883540
2409000	-0.2000000000	0.0100000000	0.0100000000	100	100	0	0.900247
2410000	-0.2000000000	0.0100000000	0.0100000000	100	100	0	0.891261
2411000	-0.2000000000	0.0100000000	0.0100000000	100	100	0	0.886268
2412000	-0.2000000000	0.0100000000	0.0100000000	100	100	0	0.915185
2413000	-0.2000000000	0.0100000000	0.0100000000	100	100	0	0.901959
2414000	-0.2000000000	0.0100000000	0.0100000000	100	100	0	0.908360
2415000	-0.2000000000	0.0100000000	0.0100000000	100	100	0	0.901532
2416000	-0.2000000000	0.0100000000	0.0100000000	100	100	0	0.903699
2417000	-0.2000000000	0.0100000000	0.0100000000	100	100	0	0.919099
2418000	-0.2000000000	0.0100000000	0.0100000000	100	100	0	0.907074
2419000	-0.2000000000	0.0100000000	0.0100000000	100	100	0	0.931859
2420000	-0.2000000000	0.0100000000	0.0100000000	100	100	0	0.901740
2421000	-0.2000000000	0.0100000000	0.0100000000	100	100	0	0.906585
2422000	-0.2000000000	0.0100000000	0.0100000000	100	100	0	0.892999
2423000	-0.2000000000	0.0100000000	0.0100000000	100	100	0	0.838337
2424000	-0.2000000000	0.0100000000	0.0100000000	100	100	0	0.883705
2425000	-0.2000000000	0.0100000000	0.0100000000	100	100	0	0.920503
2426000	-0.2000000000	0.0100000000	0.0100000000	100	100	0	0.962139
2427000	-0.2000000000	0.0100000000	0.0100000000	100	100	0	0.939379
2428000	-0.2000000000	0.0100000000	0.0100000000	100	100	0	0.931588
2429000	-0.2000000000	0.0100000000	0.0100000000	100	100	0	0.908985
2430000	-0.2000000000	0.0100000000	0.0100000000	100	100	0	0.921250
2431000	-0.2000000000	0.0100000000	0.0100000000	100	100	0	0.906769
2432000	-0.2000000000	0.0100000000	0.0100000000	100	100	0	0.867216
2433000	-0.2000000000	0.0100000000	0.0100000000	100	100	0	0.872709
2434000	-0.2000000000	0.0100000000	0.0100000000	100	100	0	0.860886
2435000	-0.2000000000	0.0100000000	0.0100000000	100	100	0	0.831526
2436000	-0.2000000000	0.0100000000	0.0100000000	100	100	0	0.882897
2437000	-0.2000000000	0.0100000000	0.0100000000	100	100	0	0.881729
2438000	-0.2000000000	0.0100000000	0.0100000000	100	100	0	0.875456
2439000	-0.2000000000	0.0100000000	0.0100000000	100	100	0	0.869485
2440000	-0.2000000000	0.0100000000	0.0100000000	100	100	0	0.896854
2441000	-0.2000000000	0.0100000000	0.0100000000	100	100	0	0.888636
2442000	-0.2000000000	0.0100000000	0.0100000000	100	100	0	0.901770
2443000	-0.2000000000	0.0100000000	0.0100000000	100	100	0	0.915497
2444000	-0.2000000000	0.0100000000	0.0100000000	100	100	0	0.910053
2445000	-0.2000000000	0.0100000000	0.0100000000	100	100	0	0.947272
2446000	-0.2000000000	0.0100000000	0.0100000000	100	100	0	0.969755
2447000	-0.2000000000	0.0100000000	0.0100000000	100	100	0	0.953517
2448000	-0.2000000000	0.0100000000	0.0100000000	100	100	0	0.942336
2449000	-0.2000000000	0.0100000000	0.0100000000	100	100	0	0.931151
2450000	-0.2000000000	0.0100000000	0.0100000000	100	100	0	0.901329
2451000	-0.2000000000	0.0100000000	0.0100000000	100	100	0	0.905810
2452000	-0.2000000000	0.0100000000	0.0100000000	100	100	0	0.884321
2453000	-0.2000000000	0.0100000000	0.0100000000	100	100	0	0.911661
2454000	-0.2000000000	0.0100000000	0.0100000000	100	100	0	0.914698
2455000	-0.2000000000	0.0100000000	0.0100000000	100	100	0	0.959341
2456000	-0.2000000000	0.0100000000	0.0100000000	100	100	0	0.925514
2457000	-0.2000000000	0.0100000000	0.0100000000	100	100	0	0.916455
2458000	-0.2000000000	0.0100000000	0.0100000000	100	100	0	0.931896
2459000	-0.2000000000	0.0100000000	0.0100000000	100	100	0	0.911055
2460000	-0.2000000000	0.0100000000	0.0100000000	100	100	0	0.903354
2461000	-0.2000000000	0.0100000000	0.0100000000	100	100	0	0.865594
2462000	-0.2000000000	0.0100000000	0.0100000000	100	100	0	0.845479
2463000	-0.2000000000	0.0100000000	0.0100000000	100	100	0	0.850186
2464000	-0.2000000000	0.0100000000	0.0100000000	100	100	0	0.879257
2465000	-0.2000000000	0.0100000000	0.0100000000	100	100	0	0.879826
2466000	-0.2000000000	0.0100000000	0.0100000000	100	100	0	0.874488
2467000	-0.2000000000	0.0100000000	0.0100000000	100	100	0	0.891066
2468000	-0.2000000000	0.0100000000	0.0100000000	100	100	0	0.914709
2469000	-0.2000000000	0.0100000000	0.0100000000	100	100	0	0.930311
2470000	-0.2000000000	0.0100000000	0.0100000000	100	100	0	0.896706
2471000	-0.2000000000	0.0100000000	0.0100000000	100	100	0	0.928736
2472000	-0.2000000000	0.0100000000	0.0100000000	100	100	0	0.919282
2473000	-0.2000000000	0.0100000000	0.0100000000	100	100	0	0.909462
2474000	-0.2000000000	0.0100000000	0.0100000000	100	100	0	0.871728
2475000	-0.2000000000	0.0100000000	0.0100000000	100	100	0	0.839312
2476000	-0.2000000000	0.0100000000	0.0100000000	100	100	0	0.820678
2477000	-0.2000000000	0.0100000000	0.0100000000	100	100	0	0.818912
2478000	-0.2000000000	0.0100000000	0.0100000000	100	100	0	0.846777
2479000	-0.2000000000	0.0100000000	0.0100000000	100	100	0	0.857645
2480000	-0.2000000000	0.0100000000	0.0100000000	100	100	0	0.830714
2481000	-0.2000000000	0.0100000000	0.0100000000	100	100	0	0.893506
2482000	-0.2000000000	0.0100000000	0.0100000000	100	100	0	0.915979
2483000	-0.2000000000	0.0100000000	0.0100000000	100	100	0	0.898322
2484000	-0.2000000000	0.0100000000	0.0100000000	100	100	0	0.906862
2485000	-0.2000000000	0.0100000000	0.0100000000	100	100	0	0.884023
2486000	-0.2000000000	0.0100000000	0.0100000000	100	100	0	0.896076
2487000	-0.2000000000	0.0100000000	0.0100000000	100	100	0	0.914982
2488000	-0.2000000000	0.0100000000	0.0100000000	100	100	0	0.871881
2489000	-0.2000000000	0.0100000000	0.0100000000	100	100	0	0.895426
2490000	-0.2000000000	0.0100000000	0.0100000000	100	100	0	0.876909
2491000	-0.2000000000	0.0100000000	0.0100000000	100	100	0	0.886918
2492000	-0.2000000000	0.0100000000	0.0100000000	100	100	0	0.924283
2493000	-0.2000000000	0.0100000000	0.0100000000	100	100	0	0.894458
2494000	-0.2000000000	0.0100000000	0.0100000000	100	100	0	0.891083
2495000	-0.2000000000	0.0100000000	0.0100000000	100	100	0	0.849534
2496000	-0.2000000000	0.0100000000	0.0100000000	100	100	0	0.856834
2497000	-0.2000000000	0.0100000000	0.0100000000	100	100	0	0.864297
2498000	-0.2000000000	0.0100000000	0.0100000000	100	100	0	0.898314
2499000	-0.2000000000	0.0100000000	0.0100000000	100	100	0	0.853755
2500000	-0.2000000000	0.0100000000	0.0100000000	100	100	0	0.858134
