time	epistasis_coef	sel_coef	mu_prob	Ne	L	k_start	mean_fitness
1500000	-1.0000000000	0.1000000000	0.1000000000	100	100	0	0.949849
1501000	-1.0000000000	0.1000000000	0.1000000000	100	100	0	0.922013
1502000	-1.0000000000	0.1000000000	0.1000000000	100	100	0	0.881132
1503000	-1.0000000000	0.1000000000	0.1000000000	100	100	0	0.888019
1504000	-1.0000000000	0.1000000000	0.1000000000	100	100	0	0.896298
1505000	-1.0000000000	0.1000000000	0.1000000000	100	100	0	0.878346
1506000	-1.0000000000	0.1000000000	0.1000000000	100	100	0	0.931815
1507000	-1.0000000000	0.1000000000	0.1000000000	100	100	0	0.859841
1508000	-1.0000000000	0.1000000000	0.1000000000	100	100	0	0.894327
1509000	-1.0000000000	0.1000000000	0.1000000000	100	100	0	0.861366
1510000	-1.0000000000	0.1000000000	0.1000000000	100	100	0	0.933140
1511000	-1.0000000000	0.1000000000	0.1000000000	100	100	0	0.935336
1512000	-1.0000000000	0.1000000000	0.1000000000	100	100	0	0.870515
1513000	-1.0000000000	0.1000000000	0.1000000000	100	100	0	0.883913
1514000	-1.0000000000	0.1000000000	0.1000000000	100	100	0	0.926928
1515000	-1.0000000000	0.1000000000	0.1000000000	100	100	0	0.873580
1516000	-1.0000000000	0.1000000000	0.1000000000	100	100	0	0.919226
1517000	-1.0000000000	0.1000000000	0.1000000000	100	100	0	0.929109
1518000	-1.0000000000	0.1000000000	0.1000000000	100	100	0	0.890893
1519000	-1.0000000000	0.1000000000	0.1000000000	100	100	0	0.920463
1520000	-1.0000000000	0.1000000000	0.1000000000	100	100	0	0.888760
1521000	-1.0000000000	0.1000000000	0.1000000000	100	100	0	0.879454
1522000	-1.0000000000	0.1000000000	0.1000000000	100	100	0	0.894972
1523000	-1.0000000000	0.1000000000	0.1000000000	100	100	0	0.917825
1524000	-1.0000000000	0.1000000000	0.1000000000	100	100	0	0.886190
1525000	-1.0000000000	0.1000000000	0.1000000000	100	100	0	0.927716
1526000	-1.0000000000	0.1000000000	0.1000000000	100	100	0	0.901063
1527000	-1.0000000000	0.1000000000	0.1000000000	100	100	0	0.907140
1528000	-1.0000000000	0.1000000000	0.1000000000	100	100	0	0.947422
1529000	-1.0000000000	0.1000000000	0.1000000000	100	100	0	0.924942
1530000	-1.0000000000	0.1000000000	0.1000000000	100	100	0	0.866341
1531000	-1.0000000000	0.1000000000	0.1000000000	100	100	0	0.889867
1532000	-1.0000000000	0.1000000000	0.1000000000	100	100	0	0.849429
1533000	-1.0000000000	0.1000000000	0.1000000000	100	100	0	0.906392
1534000	-1.0000000000	0.1000000000	0.1000000000	100	100	0	0.838723
1535000	-1.0000000000	0.1000000000	0.1000000000	100	100	0	0.903334
1536000	-1.0000000000	0.1000000000	0.1000000000	100	100	0	0.929919
1537000	-1.0000000000	0.1000000000	0.1000000000	100	100	0	0.858803
1538000	-1.0000000000	0.1000000000	0.1000000000	100	100	0	0.928675
1539000	-1.0000000000	0.1000000000	0.1000000000	100	100	0	0.880840
1540000	-1.0000000000	0.1000000000	0.1000000000	100	100	0	0.886631
1541000	-1.0000000000	0.1000000000	0.1000000000	100	100	0	0.929334
1542000	-1.0000000000	0.1000000000	0.1000000000	100	100	0	0.874457
1543000	-1.0000000000	0.1000000000	0.1000000000	100	100	0	0.914910
1544000	-1.0000000000	0.1000000000	0.1000000000	100	100	0	0.895992
1545000	-1.0000000000	0.1000000000	0.1000000000	100	100	0	0.902674
1546000	-1.0000000000	0.1000000000	0.1000000000	100	100	0	0.897699
1547000	-1.0000000000	0.1000000000	0.1000000000	100	100	0	0.903034
1548000	-1.0000000000	0.1000000000	0.1000000000	100	100	0	0.880262
1549000	-1.0000000000	0.1000000000	0.1000000000	100	100	0	0.877775
1550000	-1.0000000000	0.1000000000	0.1000000000	100	100	0	0.869706
1551000	-1.0000000000	0.1000000000	0.1000000000	100	100	0	0.859082
1552000	-1.0000000000	0.1000000000	0.1000000000	100	100	0	0.934894
1553000	-1.0000000000	0.1000000000	0.1000000000	100	100	0	0.894021
1554000	-1.0000000000	0.1000000000	0.1000000000	100	100	0	0.892992
1555000	-1.0000000000	0.1000000000	0.1000000000	100	100	0	0.850314
1556000	-1.0000000000	0.1000000000	0.1000000000	100	100	0	0.865832
1557000	-1.0000000000	0.1000000000	0.1000000000	100	100	0	0.865233
1558000	-1.0000000000	0.1000000000	0.1000000000	100	100	0	0.899241
1559000	-1.0000000000	0.1000000000	0.1000000000	100	100	0	0.838139
1560000	-1.0000000000	0.1000000000	0.1000000000	100	100	0	0.923325
1561000	-1.0000000000	0.1000000000	0.1000000000	100	100	0	0.912258
1562000	-1.0000000000	0.1000000000	0.1000000000	100	100	0	0.878046
1563000	-1.0000000000	0.1000000000	0.1000000000	100	100	0	0.885103
1564000	-1.0000000000	0.1000000000	0.1000000000	100	100	0	0.802607
1565000	-1.0000000000	0.1000000000	0.1000000000	100	100	0	0.891023
1566000	-1.0000000000	0.1000000000	0.1000000000	100	100	0	0.919002
1567000	-1.0000000000	0.1000000000	0.1000000000	100	100	0	0.879154
1568000	-1.0000000000	0.1000000000	0.1000000000	100	100	0	0.895548
1569000	-1.0000000000	0.1000000000	0.1000000000	100	100	0	0.899085
1570000	-1.0000000000	0.1000000000	0.1000000000	100	100	0	0.907289
1571000	-1.0000000000	0.1000000000	0.1000000000	100	100	0	0.846057
1572000	-1.0000000000	0.1000000000	0.1000000000	100	100	0	0.910205
1573000	-1.0000000000	0.1000000000	0.1000000000	100	100	0	0.898711
1574000	-1.0000000000	0.1000000000	0.1000000000	100	100	0	0.912775
1575000	-1.0000000000	0.1000000000	0.1000000000	100	100	0	0.888821
1576000	-1.0000000000	0.1000000000	0.1000000000	100	100	0	0.920103
1577000	-1.0000000000	0.1000000000	0.1000000000	100	100	0	0.825012
1578000	-1.0000000000	0.1000000000	0.1000000000	100	100	0	0.937906
1579000	-1.0000000000	0.1000000000	0.1000000000	100	100	0	0.883553
1580000	-1.0000000000	0.1000000000	0.1000000000	100	100	0	0.851911
1581000	-1.0000000000	0.1000000000	0.1000000000	100	100	0	0.878706
1582000	-1.0000000000	0.1000000000	0.1000000000	100	100	0	0.916970
1583000	-1.0000000000	0.1000000000	0.1000000000	100	100	0	0.901491
1584000	-1.0000000000	0.1000000000	0.1000000000	100	100	0	0.920973
1585000	-1.0000000000	0.1000000000	0.1000000000	100	100	0	0.855710
1586000	-1.0000000000	0.1000000000	0.1000000000	100	100	0	0.901438
1587000	-1.0000000000	0.1000000000	0.1000000000	100	100	0	0.877489
1588000	-1.0000000000	0.1000000000	0.1000000000	100	100	0	0.880698
1589000	-1.0000000000	0.1000000000	0.1000000000	100	100	0	0.871100
1590000	-1.0000000000	0.1000000000	0.1000000000	100	100	0	0.861074
1591000	-1.0000000000	0.1000000000	0.1000000000	100	100	0	0.877978
1592000	-1.0000000000	0.1000000000	0.1000000000	100	100	0	0.902232
1593000	-1.0000000000	0.1000000000	0.1000000000	100	100	0	0.878788
1594000	-1.0000000000	0.1000000000	0.1000000000	100	100	0	0.889126
1595000	-1.0000000000	0.1000000000	0.1000000000	100	100	0	0.918057
1596000	-1.0000000000	0.1000000000	0.1000000000	100	100	0	0.873221
1597000	-1.0000000000	0.1000000000	0.1000000000	100	100	0	0.921864
1598000	-1.0000000000	0.1000000000	0.1000000000	100	100	0	0.872575
1599000	-1.0000000000	0.1000000000	0.1000000000	100	100	0	0.913584
1600000	-1.0000000000	0.1000000000	0.1000000000	100	100	0	0.896658
1601000	-1.0000000000	0.1000000000	0.1000000000	100	100	0	0.846051
1602000	-1.0000000000	0.1000000000	0.1000000000	100	100	0	0.913734
1603000	-1.0000000000	0.1000000000	0.1000000000	100	100	0	0.886700
1604000	-1.0000000000	0.1000000000	0.1000000000	100	100	0	0.895707
1605000	-1.0000000000	0.1000000000	0.1000000000	100	100	0	0.911464
1606000	-1.0000000000	0.1000000000	0.1000000000	100	100	0	0.843577
1607000	-1.0000000000	0.1000000000	0.1000000000	100	100	0	0.908167
1608000	-1.0000000000	0.1000000000	0.1000000000	100	100	0	0.915922
1609000	-1.0000000000	0.1000000000	0.1000000000	100	100	0	0.914026
1610000	-1.0000000000	0.1000000000	0.1000000000	100	100	0	0.889711
1611000	-1.0000000000	0.1000000000	0.1000000000	100	100	0	0.923767
1612000	-1.0000000000	0.1000000000	0.1000000000	100	100	0	0.901940
1613000	-1.0000000000	0.1000000000	0.1000000000	100	100	0	0.923767
1614000	-1.0000000000	0.1000000000	0.1000000000	100	100	0	0.928097
1615000	-1.0000000000	0.1000000000	0.1000000000	100	100	0	0.818950
1616000	-1.0000000000	0.1000000000	0.1000000000	100	100	0	0.892184
1617000	-1.0000000000	0.1000000000	0.1000000000	100	100	0	0.942154
1618000	-1.0000000000	0.1000000000	0.1000000000	100	100	0	0.909981
1619000	-1.0000000000	0.1000000000	0.1000000000	100	100	0	0.921639
1620000	-1.0000000000	0.1000000000	0.1000000000	100	100	0	0.952112
1621000	-1.0000000000	0.1000000000	0.1000000000	100	100	0	0.893593
1622000	-1.0000000000	0.1000000000	0.1000000000	100	100	0	0.841509
1623000	-1.0000000000	0.1000000000	0.1000000000	100	100	0	0.925446
1624000	-1.0000000000	0.1000000000	0.1000000000	100	100	0	0.890941
1625000	-1.0000000000	0.1000000000	0.1000000000	100	100	0	0.922074
1626000	-1.0000000000	0.1000000000	0.1000000000	100	100	0	0.851468
1627000	-1.0000000000	0.1000000000	0.1000000000	100	100	0	0.914032
1628000	-1.0000000000	0.1000000000	0.1000000000	100	100	0	0.915201
1629000	-1.0000000000	0.1000000000	0.1000000000	100	100	0	0.931747
1630000	-1.0000000000	0.1000000000	0.1000000000	100	100	0	0.916304
1631000	-1.0000000000	0.1000000000	0.1000000000	100	100	0	0.919158
1632000	-1.0000000000	0.1000000000	0.1000000000	100	100	0	0.910662
1633000	-1.0000000000	0.1000000000	0.1000000000	100	100	0	0.854391
1634000	-1.0000000000	0.1000000000	0.1000000000	100	100	0	0.942154
1635000	-1.0000000000	0.1000000000	0.1000000000	100	100	0	0.938722
1636000	-1.0000000000	0.1000000000	0.1000000000	100	100	0	0.852787
1637000	-1.0000000000	0.1000000000	0.1000000000	100	100	0	0.909199
1638000	-1.0000000000	0.1000000000	0.1000000000	100	100	0	0.916656
1639000	-1.0000000000	0.1000000000	0.1000000000	100	100	0	0.908609
1640000	-1.0000000000	0.1000000000	0.1000000000	100	100	0	0.888094
1641000	-1.0000000000	0.1000000000	0.1000000000	100	100	0	0.899798
1642000	-1.0000000000	0.1000000000	0.1000000000	100	100	0	0.897909
1643000	-1.0000000000	0.1000000000	0.1000000000	100	100	0	0.887142
1644000	-1.0000000000	0.1000000000	0.1000000000	100	100	0	0.832136
1645000	-1.0000000000	0.1000000000	0.1000000000	100	100	0	0.826277
1646000	-1.0000000000	0.1000000000	0.1000000000	100	100	0	0.818508
1647000	-1.0000000000	0.1000000000	0.1000000000	100	100	0	0.841218
1648000	-1.0000000000	0.1000000000	0.1000000000	100	100	0	0.920761
1649000	-1.0000000000	0.1000000000	0.1000000000	100	100	0	0.899071
1650000	-1.0000000000	0.1000000000	0.1000000000	100	100	0	0.903027
1651000	-1.0000000000	0.1000000000	0.1000000000	100	100	0	0.871317
1652000	-1.0000000000	0.1000000000	0.1000000000	100	100	0	0.928457
1653000	-1.0000000000	0.1000000000	0.1000000000	100	100	0	0.842109
1654000	-1.0000000000	0.1000000000	0.1000000000	100	100	0	0.887066
1655000	-1.0000000000	0.1000000000	0.1000000000	100	100	0	0.874696
1656000	-1.0000000000	0.1000000000	0.1000000000	100	100	0	0.925888
1657000	-1.0000000000	0.1000000000	0.1000000000	100	100	0	0.875505
1658000	-1.0000000000	0.1000000000	0.1000000000	100	100	0	0.882451
1659000	-1.0000000000	0.1000000000	0.1000000000	100	100	0	0.909778
1660000	-1.0000000000	0.1000000000	0.1000000000	100	100	0	0.916222
1661000	-1.0000000000	0.1000000000	0.1000000000	100	100	0	0.899663
1662000	-1.0000000000	0.1000000000	0.1000000000	100	100	0	0.850606
1663000	-1.0000000000	0.1000000000	0.1000000000	100	100	0	0.936369
1664000	-1.0000000000	0.1000000000	0.1000000000	100	100	0	0.891241
1665000	-1.0000000000	0.1000000000	0.1000000000	100	100	0	0.842965
1666000	-1.0000000000	0.1000000000	0.1000000000	100	100	0	0.837900
1667000	-1.0000000000	0.1000000000	0.1000000000	100	100	0	0.927206
1668000	-1.0000000000	0.1000000000	0.1000000000	100	100	0	0.895577
1669000	-1.0000000000	0.1000000000	0.1000000000	100	100	0	0.896808
1670000	-1.0000000000	0.1000000000	0.1000000000	100	100	0	0.897250
1671000	-1.0000000000	0.1000000000	0.1000000000	100	100	0	0.861583
1672000	-1.0000000000	0.1000000000	0.1000000000	100	100	0	0.892192
1673000	-1.0000000000	0.1000000000	0.1000000000	100	100	0	0.944343
1674000	-1.0000000000	0.1000000000	0.1000000000	100	100	0	0.906488
1675000	-1.0000000000	0.1000000000	0.1000000000	100	100	0	0.855200
1676000	-1.0000000000	0.1000000000	0.1000000000	100	100	0	0.889996
1677000	-1.0000000000	0.1000000000	0.1000000000	100	100	0	0.922883
1678000	-1.0000000000	0.1000000000	0.1000000000	100	100	0	0.916649
1679000	-1.0000000000	0.1000000000	0.1000000000	100	100	0	0.891172
1680000	-1.0000000000	0.1000000000	0.1000000000	100	100	0	0.894537
1681000	-1.0000000000	0.1000000000	0.1000000000	100	100	0	0.916147
1682000	-1.0000000000	0.1000000000	0.1000000000	100	100	0	0.936444
1683000	-1.0000000000	0.1000000000	0.1000000000	100	100	0	0.884123
1684000	-1.0000000000	0.1000000000	0.1000000000	100	100	0	0.816746
1685000	-1.0000000000	0.1000000000	0.1000000000	100	100	0	0.918499
1686000	-1.0000000000	0.1000000000	0.1000000000	100	100	0	0.946028
1687000	-1.0000000000	0.1000000000	0.1000000000	100	100	0	0.936648
1688000	-1.0000000000	0.1000000000	0.1000000000	100	100	0	0.854120
1689000	-1.0000000000	0.1000000000	0.1000000000	100	100	0	0.861577
1690000	-1.0000000000	0.1000000000	0.1000000000	100	100	0	0.929911
1691000	-1.0000000000	0.1000000000	0.1000000000	100	100	0	0.871820
1692000	-1.0000000000	0.1000000000	0.1000000000	100	100	0	0.926771
1693000	-1.0000000000	0.1000000000	0.1000000000	100	100	0	0.923549
1694000	-1.0000000000	0.1000000000	0.1000000000	100	100	0	0.943241
1695000	-1.0000000000	0.1000000000	0.1000000000	100	100	0	0.925888
1696000	-1.0000000000	0.1000000000	0.1000000000	100	100	0	0.907283
1697000	-1.0000000000	0.1000000000	0.1000000000	100	100	0	0.880548
1698000	-1.0000000000	0.1000000000	0.1000000000	100	100	0	0.922740
1699000	-1.0000000000	0.1000000000	0.1000000000	100	100	0	0.896366
1700000	-1.0000000000	0.1000000000	0.1000000000	100	100	0	0.902607
1701000	-1.0000000000	0.1000000000	0.1000000000	100	100	0	0.840760
1702000	-1.0000000000	0.1000000000	0.1000000000	100	100	0	0.879223
1703000	-1.0000000000	0.1000000000	0.1000000000	100	100	0	0.908826
1704000	-1.0000000000	0.1000000000	0.1000000000	100	100	0	0.904727
1705000	-1.0000000000	0.1000000000	0.1000000000	100	100	0	0.813967
1706000	-1.0000000000	0.1000000000	0.1000000000	100	100	0	0.886265
1707000	-1.0000000000	0.1000000000	0.1000000000	100	100	0	0.895999
1708000	-1.0000000000	0.1000000000	0.1000000000	100	100	0	0.917833
1709000	-1.0000000000	0.1000000000	0.1000000000	100	100	0	0.882024
1710000	-1.0000000000	0.1000000000	0.1000000000	100	100	0	0.901401
1711000	-1.0000000000	0.1000000000	0.1000000000	100	100	0	0.891920
1712000	-1.0000000000	0.1000000000	0.1000000000	100	100	0	0.879155
1713000	-1.0000000000	0.1000000000	0.1000000000	100	100	0	0.930713
1714000	-1.0000000000	0.1000000000	0.1000000000	100	100	0	0.898276
1715000	-1.0000000000	0.1000000000	0.1000000000	100	100	0	0.952622
1716000	-1.0000000000	0.1000000000	0.1000000000	100	100	0	0.918941
1717000	-1.0000000000	0.1000000000	0.1000000000	100	100	0	0.899289
1718000	-1.0000000000	0.1000000000	0.1000000000	100	100	0	0.926832
1719000	-1.0000000000	0.1000000000	0.1000000000	100	100	0	0.930510
1720000	-1.0000000000	0.1000000000	0.1000000000	100	100	0	0.907433
1721000	-1.0000000000	0.1000000000	0.1000000000	100	100	0	0.901641
1722000	-1.0000000000	0.1000000000	0.1000000000	100	100	0	0.867360
1723000	-1.0000000000	0.1000000000	0.1000000000	100	100	0	0.864226
1724000	-1.0000000000	0.1000000000	0.1000000000	100	100	0	0.908764
1725000	-1.0000000000	0.1000000000	0.1000000000	100	100	0	0.879372
1726000	-1.0000000000	0.1000000000	0.1000000000	100	100	0	0.903694
1727000	-1.0000000000	0.1000000000	0.1000000000	100	100	0	0.927641
1728000	-1.0000000000	0.1000000000	0.1000000000	100	100	0	0.834461
1729000	-1.0000000000	0.1000000000	0.1000000000	100	100	0	0.854758
1730000	-1.0000000000	0.1000000000	0.1000000000	100	100	0	0.809643
1731000	-1.0000000000	0.1000000000	0.1000000000	100	100	0	0.824828
1732000	-1.0000000000	0.1000000000	0.1000000000	100	100	0	0.873602
1733000	-1.0000000000	0.1000000000	0.1000000000	100	100	0	0.829207
1734000	-1.0000000000	0.1000000000	0.1000000000	100	100	0	0.870800
1735000	-1.0000000000	0.1000000000	0.1000000000	100	100	0	0.906106
1736000	-1.0000000000	0.1000000000	0.1000000000	100	100	0	0.928675
1737000	-1.0000000000	0.1000000000	0.1000000000	100	100	0	0.898052
1738000	-1.0000000000	0.1000000000	0.1000000000	100	100	0	0.929851
1739000	-1.0000000000	0.1000000000	0.1000000000	100	100	0	0.901409
1740000	-1.0000000000	0.1000000000	0.1000000000	100	100	0	0.919525
1741000	-1.0000000000	0.1000000000	0.1000000000	100	100	0	0.912542
1742000	-1.0000000000	0.1000000000	0.1000000000	100	100	0	0.913794
1743000	-1.0000000000	0.1000000000	0.1000000000	100	100	0	0.882819
1744000	-1.0000000000	0.1000000000	0.1000000000	100	100	0	0.906923
1745000	-1.0000000000	0.1000000000	0.1000000000	100	100	0	0.886625
1746000	-1.0000000000	0.1000000000	0.1000000000	100	100	0	0.889487
1747000	-1.0000000000	0.1000000000	0.1000000000	100	100	0	0.904952
1748000	-1.0000000000	0.1000000000	0.1000000000	100	100	0	0.889045
1749000	-1.0000000000	0.1000000000	0.1000000000	100	100	0	0.907051
1750000	-1.0000000000	0.1000000000	0.1000000000	100	100	0	0.885082
1751000	-1.0000000000	0.1000000000	0.1000000000	100	100	0	0.902090
1752000	-1.0000000000	0.1000000000	0.1000000000	100	100	0	0.915480
1753000	-1.0000000000	0.1000000000	0.1000000000	100	100	0	0.928217
1754000	-1.0000000000	0.1000000000	0.1000000000	100	100	0	0.936512
1755000	-1.0000000000	0.1000000000	0.1000000000	100	100	0	0.914386
1756000	-1.0000000000	0.1000000000	0.1000000000	100	100	0	0.874539
1757000	-1.0000000000	0.1000000000	0.1000000000	100	100	0	0.910063
1758000	-1.0000000000	0.1000000000	0.1000000000	100	100	0	0.896373
1759000	-1.0000000000	0.1000000000	0.1000000000	100	100	0	0.890656
1760000	-1.0000000000	0.1000000000	0.1000000000	100	100	0	0.897100
1761000	-1.0000000000	0.1000000000	0.1000000000	100	100	0	0.880188
1762000	-1.0000000000	0.1000000000	0.1000000000	100	100	0	0.950719
1763000	-1.0000000000	0.1000000000	0.1000000000	100	100	0	0.899663
1764000	-1.0000000000	0.1000000000	0.1000000000	100	100	0	0.892424
1765000	-1.0000000000	0.1000000000	0.1000000000	100	100	0	0.828159
1766000	-1.0000000000	0.1000000000	0.1000000000	100	100	0	0.866491
1767000	-1.0000000000	0.1000000000	0.1000000000	100	100	0	0.886700
1768000	-1.0000000000	0.1000000000	0.1000000000	100	100	0	0.895788
1769000	-1.0000000000	0.1000000000	0.1000000000	100	100	0	0.927132
1770000	-1.0000000000	0.1000000000	0.1000000000	100	100	0	0.938565
1771000	-1.0000000000	0.1000000000	0.1000000000	100	100	0	0.830562
1772000	-1.0000000000	0.1000000000	0.1000000000	100	100	0	0.838594
1773000	-1.0000000000	0.1000000000	0.1000000000	100	100	0	0.946912
1774000	-1.0000000000	0.1000000000	0.1000000000	100	100	0	0.885239
1775000	-1.0000000000	0.1000000000	0.1000000000	100	100	0	0.850816
1776000	-1.0000000000	0.1000000000	0.1000000000	100	100	0	0.875422
1777000	-1.0000000000	0.1000000000	0.1000000000	100	100	0	0.852487
1778000	-1.0000000000	0.1000000000	0.1000000000	100	100	0	0.930801
1779000	-1.0000000000	0.1000000000	0.1000000000	100	100	0	0.897467
1780000	-1.0000000000	0.1000000000	0.1000000000	100	100	0	0.888026
1781000	-1.0000000000	0.1000000000	0.1000000000	100	100	0	0.874994
1782000	-1.0000000000	0.1000000000	0.1000000000	100	100	0	0.889712
1783000	-1.0000000000	0.1000000000	0.1000000000	100	100	0	0.918275
1784000	-1.0000000000	0.1000000000	0.1000000000	100	100	0	0.855296
1785000	-1.0000000000	0.1000000000	0.1000000000	100	100	0	0.885959
1786000	-1.0000000000	0.1000000000	0.1000000000	100	100	0	0.884138
1787000	-1.0000000000	0.1000000000	0.1000000000	100	100	0	0.939802
1788000	-1.0000000000	0.1000000000	0.1000000000	100	100	0	0.919077
1789000	-1.0000000000	0.1000000000	0.1000000000	100	100	0	0.912347
1790000	-1.0000000000	0.1000000000	0.1000000000	100	100	0	0.908893
1791000	-1.0000000000	0.1000000000	0.1000000000	100	100	0	0.868156
1792000	-1.0000000000	0.1000000000	0.1000000000	100	100	0	0.884946
1793000	-1.0000000000	0.1000000000	0.1000000000	100	100	0	0.869190
1794000	-1.0000000000	0.1000000000	0.1000000000	100	100	0	0.915344
1795000	-1.0000000000	0.1000000000	0.1000000000	100	100	0	0.917038
1796000	-1.0000000000	0.1000000000	0.1000000000	100	100	0	0.886828
1797000	-1.0000000000	0.1000000000	0.1000000000	100	100	0	0.931237
1798000	-1.0000000000	0.1000000000	0.1000000000	100	100	0	0.922013
1799000	-1.0000000000	0.1000000000	0.1000000000	100	100	0	0.900486
1800000	-1.0000000000	0.1000000000	0.1000000000	100	100	0	0.786776
1801000	-1.0000000000	0.1000000000	0.1000000000	100	100	0	0.896298
1802000	-1.0000000000	0.1000000000	0.1000000000	100	100	0	0.874546
1803000	-1.0000000000	0.1000000000	0.1000000000	100	100	0	0.929477
1804000	-1.0000000000	0.1000000000	0.1000000000	100	100	0	0.913292
1805000	-1.0000000000	0.1000000000	0.1000000000	100	100	0	0.940536
1806000	-1.0000000000	0.1000000000	0.1000000000	100	100	0	0.815054
1807000	-1.0000000000	0.1000000000	0.1000000000	100	100	0	0.887957
1808000	-1.0000000000	0.1000000000	0.1000000000	100	100	0	0.842680
1809000	-1.0000000000	0.1000000000	0.1000000000	100	100	0	0.846500
1810000	-1.0000000000	0.1000000000	0.1000000000	100	100	0	0.893511
1811000	-1.0000000000	0.1000000000	0.1000000000	100	100	0	0.905821
1812000	-1.0000000000	0.1000000000	0.1000000000	100	100	0	0.889195
1813000	-1.0000000000	0.1000000000	0.1000000000	100	100	0	0.859171
1814000	-1.0000000000	0.1000000000	0.1000000000	100	100	0	0.923555
1815000	-1.0000000000	0.1000000000	0.1000000000	100	100	0	0.855004
1816000	-1.0000000000	0.1000000000	0.1000000000	100	100	0	0.907139
1817000	-1.0000000000	0.1000000000	0.1000000000	100	100	0	0.911524
1818000	-1.0000000000	0.1000000000	0.1000000000	100	100	0	0.890881
1819000	-1.0000000000	0.1000000000	0.1000000000	100	100	0	0.867734
1820000	-1.0000000000	0.1000000000	0.1000000000	100	100	0	0.915780
1821000	-1.0000000000	0.1000000000	0.1000000000	100	100	0	0.947062
1822000	-1.0000000000	0.1000000000	0.1000000000	100	100	0	0.942664
1823000	-1.0000000000	0.1000000000	0.1000000000	100	100	0	0.849197
1824000	-1.0000000000	0.1000000000	0.1000000000	100	100	0	0.888977
1825000	-1.0000000000	0.1000000000	0.1000000000	100	100	0	0.890282
1826000	-1.0000000000	0.1000000000	0.1000000000	100	100	0	0.892634
1827000	-1.0000000000	0.1000000000	0.1000000000	100	100	0	0.930353
1828000	-1.0000000000	0.1000000000	0.1000000000	100	100	0	0.926044
1829000	-1.0000000000	0.1000000000	0.1000000000	100	100	0	0.811851
1830000	-1.0000000000	0.1000000000	0.1000000000	100	100	0	0.857260
1831000	-1.0000000000	0.1000000000	0.1000000000	100	100	0	0.877041
1832000	-1.0000000000	0.1000000000	0.1000000000	100	100	0	0.882167
1833000	-1.0000000000	0.1000000000	0.1000000000	100	100	0	0.913869
1834000	-1.0000000000	0.1000000000	0.1000000000	100	100	0	0.905020
1835000	-1.0000000000	0.1000000000	0.1000000000	100	100	0	0.910729
1836000	-1.0000000000	0.1000000000	0.1000000000	100	100	0	0.880780
1837000	-1.0000000000	0.1000000000	0.1000000000	100	100	0	0.894911
1838000	-1.0000000000	0.1000000000	0.1000000000	100	100	0	0.945736
1839000	-1.0000000000	0.1000000000	0.1000000000	100	100	0	0.893885
1840000	-1.0000000000	0.1000000000	0.1000000000	100	100	0	0.884640
1841000	-1.0000000000	0.1000000000	0.1000000000	100	100	0	0.835080
1842000	-1.0000000000	0.1000000000	0.1000000000	100	100	0	0.834841
1843000	-1.0000000000	0.1000000000	0.1000000000	100	100	0	0.924800
1844000	-1.0000000000	0.1000000000	0.1000000000	100	100	0	0.827439
1845000	-1.0000000000	0.1000000000	0.1000000000	100	100	0	0.922815
1846000	-1.0000000000	0.1000000000	0.1000000000	100	100	0	0.860849
1847000	-1.0000000000	0.1000000000	0.1000000000	100	100	0	0.939435
1848000	-1.0000000000	0.1000000000	0.1000000000	100	100	0	0.856465
1849000	-1.0000000000	0.1000000000	0.1000000000	100	100	0	0.887142
1850000	-1.0000000000	0.1000000000	0.1000000000	100	100	0	0.934241
1851000	-1.0000000000	0.1000000000	0.1000000000	100	100	0	0.946845
1852000	-1.0000000000	0.1000000000	0.1000000000	100	100	0	0.896740
1853000	-1.0000000000	0.1000000000	0.1000000000	100	100	0	0.882961
1854000	-1.0000000000	0.1000000000	0.1000000000	100	100	0	0.896664
1855000	-1.0000000000	0.1000000000	0.1000000000	100	100	0	0.937396
1856000	-1.0000000000	0.1000000000	0.1000000000	100	100	0	0.849124
1857000	-1.0000000000	0.1000000000	0.1000000000	100	100	0	0.904271
1858000	-1.0000000000	0.1000000000	0.1000000000	100	100	0	0.856736
1859000	-1.0000000000	0.1000000000	0.1000000000	100	100	0	0.915929
1860000	-1.0000000000	0.1000000000	0.1000000000	100	100	0	0.921931
1861000	-1.0000000000	0.1000000000	0.1000000000	100	100	0	0.878577
1862000	-1.0000000000	0.1000000000	0.1000000000	100	100	0	0.844522
1863000	-1.0000000000	0.1000000000	0.1000000000	100	100	0	0.902607
1864000	-1.0000000000	0.1000000000	0.1000000000	100	100	0	0.892627
1865000	-1.0000000000	0.1000000000	0.1000000000	100	100	0	0.798576
1866000	-1.0000000000	0.1000000000	0.1000000000	100	100	0	0.878795
1867000	-1.0000000000	0.1000000000	0.1000000000	100	100	0	0.921122
1868000	-1.0000000000	0.1000000000	0.1000000000	100	100	0	0.838933
1869000	-1.0000000000	0.1000000000	0.1000000000	100	100	0	0.909695
1870000	-1.0000000000	0.1000000000	0.1000000000	100	100	0	0.859524
1871000	-1.0000000000	0.1000000000	0.1000000000	100	100	0	0.915794
1872000	-1.0000000000	0.1000000000	0.1000000000	100	100	0	0.885973
1873000	-1.0000000000	0.1000000000	0.1000000000	100	100	0	0.922740
1874000	-1.0000000000	0.1000000000	0.1000000000	100	100	0	0.900479
1875000	-1.0000000000	0.1000000000	0.1000000000	100	100	0	0.874614
1876000	-1.0000000000	0.1000000000	0.1000000000	100	100	0	0.940379
1877000	-1.0000000000	0.1000000000	0.1000000000	100	100	0	0.953506
1878000	-1.0000000000	0.1000000000	0.1000000000	100	100	0	0.883409
1879000	-1.0000000000	0.1000000000	0.1000000000	100	100	0	0.877535
1880000	-1.0000000000	0.1000000000	0.1000000000	100	100	0	0.879754
1881000	-1.0000000000	0.1000000000	0.1000000000	100	100	0	0.826712
1882000	-1.0000000000	0.1000000000	0.1000000000	100	100	0	0.845916
1883000	-1.0000000000	0.1000000000	0.1000000000	100	100	0	0.831029
1884000	-1.0000000000	0.1000000000	0.1000000000	100	100	0	0.902008
1885000	-1.0000000000	0.1000000000	0.1000000000	100	100	0	0.878427
1886000	-1.0000000000	0.1000000000	0.1000000000	100	100	0	0.900329
1887000	-1.0000000000	0.1000000000	0.1000000000	100	100	0	0.846214
1888000	-1.0000000000	0.1000000000	0.1000000000	100	100	0	0.908758
1889000	-1.0000000000	0.1000000000	0.1000000000	100	100	0	0.885597
1890000	-1.0000000000	0.1000000000	0.1000000000	100	100	0	0.904503
1891000	-1.0000000000	0.1000000000	0.1000000000	100	100	0	0.834339
1892000	-1.0000000000	0.1000000000	0.1000000000	100	100	0	0.866335
1893000	-1.0000000000	0.1000000000	0.1000000000	100	100	0	0.905889
1894000	-1.0000000000	0.1000000000	0.1000000000	100	100	0	0.934099
1895000	-1.0000000000	0.1000000000	0.1000000000	100	100	0	0.922238
1896000	-1.0000000000	0.1000000000	0.1000000000	100	100	0	0.885007
1897000	-1.0000000000	0.1000000000	0.1000000000	100	100	0	0.877911
1898000	-1.0000000000	0.1000000000	0.1000000000	100	100	0	0.887719
1899000	-1.0000000000	0.1000000000	0.1000000000	100	100	0	0.913584
1900000	-1.0000000000	0.1000000000	0.1000000000	100	100	0	0.896523
1901000	-1.0000000000	0.1000000000	0.1000000000	100	100	0	0.939517
1902000	-1.0000000000	0.1000000000	0.1000000000	100	100	0	0.930361
1903000	-1.0000000000	0.1000000000	0.1000000000	100	100	0	0.910729
1904000	-1.0000000000	0.1000000000	0.1000000000	100	100	0	0.921707
1905000	-1.0000000000	0.1000000000	0.1000000000	100	100	0	0.931815
1906000	-1.0000000000	0.1000000000	0.1000000000	100	100	0	0.854120
1907000	-1.0000000000	0.1000000000	0.1000000000	100	100	0	0.857485
1908000	-1.0000000000	0.1000000000	0.1000000000	100	100	0	0.908871
1909000	-1.0000000000	0.1000000000	0.1000000000	100	100	0	0.928457
1910000	-1.0000000000	0.1000000000	0.1000000000	100	100	0	0.904285
1911000	-1.0000000000	0.1000000000	0.1000000000	100	100	0	0.906264
1912000	-1.0000000000	0.1000000000	0.1000000000	100	100	0	0.925888
1913000	-1.0000000000	0.1000000000	0.1000000000	100	100	0	0.918709
1914000	-1.0000000000	0.1000000000	0.1000000000	100	100	0	0.932916
1915000	-1.0000000000	0.1000000000	0.1000000000	100	100	0	0.791684
1916000	-1.0000000000	0.1000000000	0.1000000000	100	100	0	0.913435
1917000	-1.0000000000	0.1000000000	0.1000000000	100	100	0	0.903632
1918000	-1.0000000000	0.1000000000	0.1000000000	100	100	0	0.892716
1919000	-1.0000000000	0.1000000000	0.1000000000	100	100	0	0.887951
1920000	-1.0000000000	0.1000000000	0.1000000000	100	100	0	0.856152
1921000	-1.0000000000	0.1000000000	0.1000000000	100	100	0	0.885089
1922000	-1.0000000000	0.1000000000	0.1000000000	100	100	0	0.926105
1923000	-1.0000000000	0.1000000000	0.1000000000	100	100	0	0.893347
1924000	-1.0000000000	0.1000000000	0.1000000000	100	100	0	0.908010
1925000	-1.0000000000	0.1000000000	0.1000000000	100	100	0	0.904292
1926000	-1.0000000000	0.1000000000	0.1000000000	100	100	0	0.856811
1927000	-1.0000000000	0.1000000000	0.1000000000	100	100	0	0.909553
1928000	-1.0000000000	0.1000000000	0.1000000000	100	100	0	0.925820
1929000	-1.0000000000	0.1000000000	0.1000000000	100	100	0	0.868754
1930000	-1.0000000000	0.1000000000	0.1000000000	100	100	0	0.852189
1931000	-1.0000000000	0.1000000000	0.1000000000	100	100	0	0.828915
1932000	-1.0000000000	0.1000000000	0.1000000000	100	100	0	0.932923
1933000	-1.0000000000	0.1000000000	0.1000000000	100	100	0	0.836527
1934000	-1.0000000000	0.1000000000	0.1000000000	100	100	0	0.919585
1935000	-1.0000000000	0.1000000000	0.1000000000	100	100	0	0.846493
1936000	-1.0000000000	0.1000000000	0.1000000000	100	100	0	0.904203
1937000	-1.0000000000	0.1000000000	0.1000000000	100	100	0	0.904218
1938000	-1.0000000000	0.1000000000	0.1000000000	100	100	0	0.931380
1939000	-1.0000000000	0.1000000000	0.1000000000	100	100	0	0.885150
1940000	-1.0000000000	0.1000000000	0.1000000000	100	100	0	0.858932
1941000	-1.0000000000	0.1000000000	0.1000000000	100	100	0	0.887875
1942000	-1.0000000000	0.1000000000	0.1000000000	100	100	0	0.884211
1943000	-1.0000000000	0.1000000000	0.1000000000	100	100	0	0.907133
1944000	-1.0000000000	0.1000000000	0.1000000000	100	100	0	0.865825
1945000	-1.0000000000	0.1000000000	0.1000000000	100	100	0	0.901192
1946000	-1.0000000000	0.1000000000	0.1000000000	100	100	0	0.959725
1947000	-1.0000000000	0.1000000000	0.1000000000	100	100	0	0.923767
1948000	-1.0000000000	0.1000000000	0.1000000000	100	100	0	0.892050
1949000	-1.0000000000	0.1000000000	0.1000000000	100	100	0	0.883628
1950000	-1.0000000000	0.1000000000	0.1000000000	100	100	0	0.899969
1951000	-1.0000000000	0.1000000000	0.1000000000	100	100	0	0.874171
1952000	-1.0000000000	0.1000000000	0.1000000000	100	100	0	0.920544
1953000	-1.0000000000	0.1000000000	0.1000000000	100	100	0	0.879814
1954000	-1.0000000000	0.1000000000	0.1000000000	100	100	0	0.906481
1955000	-1.0000000000	0.1000000000	0.1000000000	100	100	0	0.891457
1956000	-1.0000000000	0.1000000000	0.1000000000	100	100	0	0.926764
1957000	-1.0000000000	0.1000000000	0.1000000000	100	100	0	0.902892
1958000	-1.0000000000	0.1000000000	0.1000000000	100	100	0	0.893668
1959000	-1.0000000000	0.1000000000	0.1000000000	100	100	0	0.864139
1960000	-1.0000000000	0.1000000000	0.1000000000	100	100	0	0.859231
1961000	-1.0000000000	0.1000000000	0.1000000000	100	100	0	0.850000
1962000	-1.0000000000	0.1000000000	0.1000000000	100	100	0	0.914963
1963000	-1.0000000000	0.1000000000	0.1000000000	100	100	0	0.877401
1964000	-1.0000000000	0.1000000000	0.1000000000	100	100	0	0.893007
1965000	-1.0000000000	0.1000000000	0.1000000000	100	100	0	0.919885
1966000	-1.0000000000	0.1000000000	0.1000000000	100	100	0	0.904061
1967000	-1.0000000000	0.1000000000	0.1000000000	100	100	0	0.900329
1968000	-1.0000000000	0.1000000000	0.1000000000	100	100	0	0.892702
1969000	-1.0000000000	0.1000000000	0.1000000000	100	100	0	0.894313
1970000	-1.0000000000	0.1000000000	0.1000000000	100	100	0	0.922965
1971000	-1.0000000000	0.1000000000	0.1000000000	100	100	0	0.888108
1972000	-1.0000000000	0.1000000000	0.1000000000	100	100	0	0.902306
1973000	-1.0000000000	0.1000000000	0.1000000000	100	100	0	0.888236
1974000	-1.0000000000	0.1000000000	0.1000000000	100	100	0	0.846500
1975000	-1.0000000000	0.1000000000	0.1000000000	100	100	0	0.948748
1976000	-1.0000000000	0.1000000000	0.1000000000	100	100	0	0.827303
1977000	-1.0000000000	0.1000000000	0.1000000000	100	100	0	0.818950
1978000	-1.0000000000	0.1000000000	0.1000000000	100	100	0	0.869862
1979000	-1.0000000000	0.1000000000	0.1000000000	100	100	0	0.883995
1980000	-1.0000000000	0.1000000000	0.1000000000	100	100	0	0.914978
1981000	-1.0000000000	0.1000000000	0.1000000000	100	100	0	0.923257
1982000	-1.0000000000	0.1000000000	0.1000000000	100	100	0	0.925377
1983000	-1.0000000000	0.1000000000	0.1000000000	100	100	0	0.871758
1984000	-1.0000000000	0.1000000000	0.1000000000	100	100	0	0.929184
1985000	-1.0000000000	0.1000000000	0.1000000000	100	100	0	0.915929
1986000	-1.0000000000	0.1000000000	0.1000000000	100	100	0	0.897119
1987000	-1.0000000000	0.1000000000	0.1000000000	100	100	0	0.890813
1988000	-1.0000000000	0.1000000000	0.1000000000	100	100	0	0.942881
1989000	-1.0000000000	0.1000000000	0.1000000000	100	100	0	0.898487
1990000	-1.0000000000	0.1000000000	0.1000000000	100	100	0	0.891608
1991000	-1.0000000000	0.1000000000	0.1000000000	100	100	0	0.851483
1992000	-1.0000000000	0.1000000000	0.1000000000	100	100	0	0.918186
1993000	-1.0000000000	0.1000000000	0.1000000000	100	100	0	0.925310
1994000	-1.0000000000	0.1000000000	0.1000000000	100	100	0	0.842025
1995000	-1.0000000000	0.1000000000	0.1000000000	100	100	0	0.887853
1996000	-1.0000000000	0.1000000000	0.1000000000	100	100	0	0.827154
1997000	-1.0000000000	0.1000000000	0.1000000000	100	100	0	0.810656
1998000	-1.0000000000	0.1000000000	0.1000000000	100	100	0	0.899677
1999000	-1.0000000000	0.1000000000	0.1000000000	100	100	0	0.894612
2000000	-1.0000000000	0.1000000000	0.1000000000	100	100	0	0.923631
2001000	-1.0000000000	0.1000000000	0.1000000000	100	100	0	0.870740
2002000	-1.0000000000	0.1000000000	0.1000000000	100	100	0	0.886782
2003000	-1.0000000000	0.1000000000	0.1000000000	100	100	0	0.872419
2004000	-1.0000000000	0.1000000000	0.1000000000	100	100	0	0.928831
2005000	-1.0000000000	0.1000000000	0.1000000000	100	100	0	0.832116
2006000	-1.0000000000	0.1000000000	0.1000000000	100	100	0	0.941712
2007000	-1.0000000000	0.1000000000	0.1000000000	100	100	0	0.889569
2008000	-1.0000000000	0.1000000000	0.1000000000	100	100	0	0.891547
2009000	-1.0000000000	0.1000000000	0.1000000000	100	100	0	0.900044
2010000	-1.0000000000	0.1000000000	0.1000000000	100	100	0	0.869999
2011000	-1.0000000000	0.1000000000	0.1000000000	100	100	0	0.896441
2012000	-1.0000000000	0.1000000000	0.1000000000	100	100	0	0.884280
2013000	-1.0000000000	0.1000000000	0.1000000000	100	100	0	0.908976
2014000	-1.0000000000	0.1000000000	0.1000000000	100	100	0	0.883906
2015000	-1.0000000000	0.1000000000	0.1000000000	100	100	0	0.841645
2016000	-1.0000000000	0.1000000000	0.1000000000	100	100	0	0.910294
2017000	-1.0000000000	0.1000000000	0.1000000000	100	100	0	0.927940
2018000	-1.0000000000	0.1000000000	0.1000000000	100	100	0	0.913584
2019000	-1.0000000000	0.1000000000	0.1000000000	100	100	0	0.892852
2020000	-1.0000000000	0.1000000000	0.1000000000	100	100	0	0.916147
2021000	-1.0000000000	0.1000000000	0.1000000000	100	100	0	0.899010
2022000	-1.0000000000	0.1000000000	0.1000000000	100	100	0	0.801949
2023000	-1.0000000000	0.1000000000	0.1000000000	100	100	0	0.913217
2024000	-1.0000000000	0.1000000000	0.1000000000	100	100	0	0.904659
2025000	-1.0000000000	0.1000000000	0.1000000000	100	100	0	0.878502
2026000	-1.0000000000	0.1000000000	0.1000000000	100	100	0	0.866267
2027000	-1.0000000000	0.1000000000	0.1000000000	100	100	0	0.883695
2028000	-1.0000000000	0.1000000000	0.1000000000	100	100	0	0.872508
2029000	-1.0000000000	0.1000000000	0.1000000000	100	100	0	0.928233
2030000	-1.0000000000	0.1000000000	0.1000000000	100	100	0	0.916221
2031000	-1.0000000000	0.1000000000	0.1000000000	100	100	0	0.909628
2032000	-1.0000000000	0.1000000000	0.1000000000	100	100	0	0.936580
2033000	-1.0000000000	0.1000000000	0.1000000000	100	100	0	0.889555
2034000	-1.0000000000	0.1000000000	0.1000000000	100	100	0	0.901641
2035000	-1.0000000000	0.1000000000	0.1000000000	100	100	0	0.937749
2036000	-1.0000000000	0.1000000000	0.1000000000	100	100	0	0.928389
2037000	-1.0000000000	0.1000000000	0.1000000000	100	100	0	0.933875
2038000	-1.0000000000	0.1000000000	0.1000000000	100	100	0	0.874389
2039000	-1.0000000000	0.1000000000	0.1000000000	100	100	0	0.896230
2040000	-1.0000000000	0.1000000000	0.1000000000	100	100	0	0.812791
2041000	-1.0000000000	0.1000000000	0.1000000000	100	100	0	0.919444
2042000	-1.0000000000	0.1000000000	0.1000000000	100	100	0	0.852114
2043000	-1.0000000000	0.1000000000	0.1000000000	100	100	0	0.862812
2044000	-1.0000000000	0.1000000000	0.1000000000	100	100	0	0.887292
2045000	-1.0000000000	0.1000000000	0.1000000000	100	100	0	0.940536
2046000	-1.0000000000	0.1000000000	0.1000000000	100	100	0	0.869788
2047000	-1.0000000000	0.1000000000	0.1000000000	100	100	0	0.922306
2048000	-1.0000000000	0.1000000000	0.1000000000	100	100	0	0.888385
2049000	-1.0000000000	0.1000000000	0.1000000000	100	100	0	0.867292
2050000	-1.0000000000	0.1000000000	0.1000000000	100	100	0	0.889996
2051000	-1.0000000000	0.1000000000	0.1000000000	100	100	0	0.923990
2052000	-1.0000000000	0.1000000000	0.1000000000	100	100	0	0.869788
2053000	-1.0000000000	0.1000000000	0.1000000000	100	100	0	0.894994
2054000	-1.0000000000	0.1000000000	0.1000000000	100	100	0	0.854614
2055000	-1.0000000000	0.1000000000	0.1000000000	100	100	0	0.926996
2056000	-1.0000000000	0.1000000000	0.1000000000	100	100	0	0.926105
2057000	-1.0000000000	0.1000000000	0.1000000000	100	100	0	0.883268
2058000	-1.0000000000	0.1000000000	0.1000000000	100	100	0	0.842605
2059000	-1.0000000000	0.1000000000	0.1000000000	100	100	0	0.924269
2060000	-1.0000000000	0.1000000000	0.1000000000	100	100	0	0.851394
2061000	-1.0000000000	0.1000000000	0.1000000000	100	100	0	0.836603
2062000	-1.0000000000	0.1000000000	0.1000000000	100	100	0	0.888093
2063000	-1.0000000000	0.1000000000	0.1000000000	100	100	0	0.913652
2064000	-1.0000000000	0.1000000000	0.1000000000	100	100	0	0.896148
2065000	-1.0000000000	0.1000000000	0.1000000000	100	100	0	0.904510
2066000	-1.0000000000	0.1000000000	0.1000000000	100	100	0	0.945009
2067000	-1.0000000000	0.1000000000	0.1000000000	100	100	0	0.902525
2068000	-1.0000000000	0.1000000000	0.1000000000	100	100	0	0.908962
2069000	-1.0000000000	0.1000000000	0.1000000000	100	100	0	0.939809
2070000	-1.0000000000	0.1000000000	0.1000000000	100	100	0	0.930367
2071000	-1.0000000000	0.1000000000	0.1000000000	100	100	0	0.897399
2072000	-1.0000000000	0.1000000000	0.1000000000	100	100	0	0.908750
2073000	-1.0000000000	0.1000000000	0.1000000000	100	100	0	0.849116
2074000	-1.0000000000	0.1000000000	0.1000000000	100	100	0	0.890214
2075000	-1.0000000000	0.1000000000	0.1000000000	100	100	0	0.914759
2076000	-1.0000000000	0.1000000000	0.1000000000	100	100	0	0.892708
2077000	-1.0000000000	0.1000000000	0.1000000000	100	100	0	0.895098
2078000	-1.0000000000	0.1000000000	0.1000000000	100	100	0	0.897032
2079000	-1.0000000000	0.1000000000	0.1000000000	100	100	0	0.907365
2080000	-1.0000000000	0.1000000000	0.1000000000	100	100	0	0.863629
2081000	-1.0000000000	0.1000000000	0.1000000000	100	100	0	0.927723
2082000	-1.0000000000	0.1000000000	0.1000000000	100	100	0	0.888243
2083000	-1.0000000000	0.1000000000	0.1000000000	100	100	0	0.895930
2084000	-1.0000000000	0.1000000000	0.1000000000	100	100	0	0.841068
2085000	-1.0000000000	0.1000000000	0.1000000000	100	100	0	0.841225
2086000	-1.0000000000	0.1000000000	0.1000000000	100	100	0	0.948591
2087000	-1.0000000000	0.1000000000	0.1000000000	100	100	0	0.906548
2088000	-1.0000000000	0.1000000000	0.1000000000	100	100	0	0.857327
2089000	-1.0000000000	0.1000000000	0.1000000000	100	100	0	0.928233
2090000	-1.0000000000	0.1000000000	0.1000000000	100	100	0	0.912565
2091000	-1.0000000000	0.1000000000	0.1000000000	100	100	0	0.927363
2092000	-1.0000000000	0.1000000000	0.1000000000	100	100	0	0.887299
2093000	-1.0000000000	0.1000000000	0.1000000000	100	100	0	0.897984
2094000	-1.0000000000	0.1000000000	0.1000000000	100	100	0	0.825685
2095000	-1.0000000000	0.1000000000	0.1000000000	100	100	0	0.885680
2096000	-1.0000000000	0.1000000000	0.1000000000	100	100	0	0.925670
2097000	-1.0000000000	0.1000000000	0.1000000000	100	100	0	0.919294
2098000	-1.0000000000	0.1000000000	0.1000000000	100	100	0	0.915270
2099000	-1.0000000000	0.1000000000	0.1000000000	100	100	0	0.871616
2100000	-1.0000000000	0.1000000000	0.1000000000	100	100	0	0.914978
2101000	-1.0000000000	0.1000000000	0.1000000000	100	100	0	0.910145
2102000	-1.0000000000	0.1000000000	0.1000000000	100	100	0	0.903116
2103000	-1.0000000000	0.1000000000	0.1000000000	100	100	0	0.931020
2104000	-1.0000000000	0.1000000000	0.1000000000	100	100	0	0.790446
2105000	-1.0000000000	0.1000000000	0.1000000000	100	100	0	0.919511
2106000	-1.0000000000	0.1000000000	0.1000000000	100	100	0	0.888977
2107000	-1.0000000000	0.1000000000	0.1000000000	100	100	0	0.860108
2108000	-1.0000000000	0.1000000000	0.1000000000	100	100	0	0.889338
2109000	-1.0000000000	0.1000000000	0.1000000000	100	100	0	0.900981
2110000	-1.0000000000	0.1000000000	0.1000000000	100	100	0	0.882961
2111000	-1.0000000000	0.1000000000	0.1000000000	100	100	0	0.877985
2112000	-1.0000000000	0.1000000000	0.1000000000	100	100	0	0.878421
2113000	-1.0000000000	0.1000000000	0.1000000000	100	100	0	0.820715
2114000	-1.0000000000	0.1000000000	0.1000000000	100	100	0	0.902089
2115000	-1.0000000000	0.1000000000	0.1000000000	100	100	0	0.921571
2116000	-1.0000000000	0.1000000000	0.1000000000	100	100	0	0.885898
2117000	-1.0000000000	0.1000000000	0.1000000000	100	100	0	0.818657
2118000	-1.0000000000	0.1000000000	0.1000000000	100	100	0	0.866490
2119000	-1.0000000000	0.1000000000	0.1000000000	100	100	0	0.855296
2120000	-1.0000000000	0.1000000000	0.1000000000	100	100	0	0.882084
2121000	-1.0000000000	0.1000000000	0.1000000000	100	100	0	0.851903
2122000	-1.0000000000	0.1000000000	0.1000000000	100	100	0	0.898508
2123000	-1.0000000000	0.1000000000	0.1000000000	100	100	0	0.911089
2124000	-1.0000000000	0.1000000000	0.1000000000	100	100	0	0.891608
2125000	-1.0000000000	0.1000000000	0.1000000000	100	100	0	0.920979
2126000	-1.0000000000	0.1000000000	0.1000000000	100	100	0	0.943833
2127000	-1.0000000000	0.1000000000	0.1000000000	100	100	0	0.840709
2128000	-1.0000000000	0.1000000000	0.1000000000	100	100	0	0.877184
2129000	-1.0000000000	0.1000000000	0.1000000000	100	100	0	0.904285
2130000	-1.0000000000	0.1000000000	0.1000000000	100	100	0	0.913305
2131000	-1.0000000000	0.1000000000	0.1000000000	100	100	0	0.893959
2132000	-1.0000000000	0.1000000000	0.1000000000	100	100	0	0.888236
2133000	-1.0000000000	0.1000000000	0.1000000000	100	100	0	0.897046
2134000	-1.0000000000	0.1000000000	0.1000000000	100	100	0	0.900614
2135000	-1.0000000000	0.1000000000	0.1000000000	100	100	0	0.788393
2136000	-1.0000000000	0.1000000000	0.1000000000	100	100	0	0.919729
2137000	-1.0000000000	0.1000000000	0.1000000000	100	100	0	0.907276
2138000	-1.0000000000	0.1000000000	0.1000000000	100	100	0	0.909043
2139000	-1.0000000000	0.1000000000	0.1000000000	100	100	0	0.885007
2140000	-1.0000000000	0.1000000000	0.1000000000	100	100	0	0.833809
2141000	-1.0000000000	0.1000000000	0.1000000000	100	100	0	0.872419
2142000	-1.0000000000	0.1000000000	0.1000000000	100	100	0	0.938633
2143000	-1.0000000000	0.1000000000	0.1000000000	100	100	0	0.903055
2144000	-1.0000000000	0.1000000000	0.1000000000	100	100	0	0.877107
2145000	-1.0000000000	0.1000000000	0.1000000000	100	100	0	0.879304
2146000	-1.0000000000	0.1000000000	0.1000000000	100	100	0	0.895781
2147000	-1.0000000000	0.1000000000	0.1000000000	100	100	0	0.921789
2148000	-1.0000000000	0.1000000000	0.1000000000	100	100	0	0.894178
2149000	-1.0000000000	0.1000000000	0.1000000000	100	100	0	0.882010
2150000	-1.0000000000	0.1000000000	0.1000000000	100	100	0	0.877258
2151000	-1.0000000000	0.1000000000	0.1000000000	100	100	0	0.904136
2152000	-1.0000000000	0.1000000000	0.1000000000	100	100	0	0.894830
2153000	-1.0000000000	0.1000000000	0.1000000000	100	100	0	0.899003
2154000	-1.0000000000	0.1000000000	0.1000000000	100	100	0	0.879807
2155000	-1.0000000000	0.1000000000	0.1000000000	100	100	0	0.892852
2156000	-1.0000000000	0.1000000000	0.1000000000	100	100	0	0.911456
2157000	-1.0000000000	0.1000000000	0.1000000000	100	100	0	0.934167
2158000	-1.0000000000	0.1000000000	0.1000000000	100	100	0	0.837765
2159000	-1.0000000000	0.1000000000	0.1000000000	100	100	0	0.921197
2160000	-1.0000000000	0.1000000000	0.1000000000	100	100	0	0.909268
2161000	-1.0000000000	0.1000000000	0.1000000000	100	100	0	0.906773
2162000	-1.0000000000	0.1000000000	0.1000000000	100	100	0	0.872187
2163000	-1.0000000000	0.1000000000	0.1000000000	100	100	0	0.932631
2164000	-1.0000000000	0.1000000000	0.1000000000	100	100	0	0.906690
2165000	-1.0000000000	0.1000000000	0.1000000000	100	100	0	0.920178
2166000	-1.0000000000	0.1000000000	0.1000000000	100	100	0	0.848987
2167000	-1.0000000000	0.1000000000	0.1000000000	100	100	0	0.889045
2168000	-1.0000000000	0.1000000000	0.1000000000	100	100	0	0.905461
2169000	-1.0000000000	0.1000000000	0.1000000000	100	100	0	0.924494
2170000	-1.0000000000	0.1000000000	0.1000000000	100	100	0	0.878577
2171000	-1.0000000000	0.1000000000	0.1000000000	100	100	0	0.900919
2172000	-1.0000000000	0.1000000000	0.1000000000	100	100	0	0.891982
2173000	-1.0000000000	0.1000000000	0.1000000000	100	100	0	0.789930
2174000	-1.0000000000	0.1000000000	0.1000000000	100	100	0	0.930870
2175000	-1.0000000000	0.1000000000	0.1000000000	100	100	0	0.877109
2176000	-1.0000000000	0.1000000000	0.1000000000	100	100	0	0.869787
2177000	-1.0000000000	0.1000000000	0.1000000000	100	100	0	0.918275
2178000	-1.0000000000	0.1000000000	0.1000000000	100	100	0	0.829275
2179000	-1.0000000000	0.1000000000	0.1000000000	100	100	0	0.953064
2180000	-1.0000000000	0.1000000000	0.1000000000	100	100	0	0.884355
2181000	-1.0000000000	0.1000000000	0.1000000000	100	100	0	0.885681
2182000	-1.0000000000	0.1000000000	0.1000000000	100	100	0	0.931169
2183000	-1.0000000000	0.1000000000	0.1000000000	100	100	0	0.933148
2184000	-1.0000000000	0.1000000000	0.1000000000	100	100	0	0.902952
2185000	-1.0000000000	0.1000000000	0.1000000000	100	100	0	0.924426
2186000	-1.0000000000	0.1000000000	0.1000000000	100	100	0	0.795865
2187000	-1.0000000000	0.1000000000	0.1000000000	100	100	0	0.856750
2188000	-1.0000000000	0.1000000000	0.1000000000	100	100	0	0.933215
2189000	-1.0000000000	0.1000000000	0.1000000000	100	100	0	0.830968
2190000	-1.0000000000	0.1000000000	0.1000000000	100	100	0	0.865975
2191000	-1.0000000000	0.1000000000	0.1000000000	100	100	0	0.879971
2192000	-1.0000000000	0.1000000000	0.1000000000	100	100	0	0.915569
2193000	-1.0000000000	0.1000000000	0.1000000000	100	100	0	0.900037
2194000	-1.0000000000	0.1000000000	0.1000000000	100	100	0	0.890214
2195000	-1.0000000000	0.1000000000	0.1000000000	100	100	0	0.918356
2196000	-1.0000000000	0.1000000000	0.1000000000	100	100	0	0.909553
2197000	-1.0000000000	0.1000000000	0.1000000000	100	100	0	0.900622
2198000	-1.0000000000	0.1000000000	0.1000000000	100	100	0	0.907942
2199000	-1.0000000000	0.1000000000	0.1000000000	100	100	0	0.876097
2200000	-1.0000000000	0.1000000000	0.1000000000	100	100	0	0.889719
2201000	-1.0000000000	0.1000000000	0.1000000000	100	100	0	0.909634
2202000	-1.0000000000	0.1000000000	0.1000000000	100	100	0	0.894103
2203000	-1.0000000000	0.1000000000	0.1000000000	100	100	0	0.926839
2204000	-1.0000000000	0.1000000000	0.1000000000	100	100	0	0.910594
2205000	-1.0000000000	0.1000000000	0.1000000000	100	100	0	0.924209
2206000	-1.0000000000	0.1000000000	0.1000000000	100	100	0	0.911831
2207000	-1.0000000000	0.1000000000	0.1000000000	100	100	0	0.924651
2208000	-1.0000000000	0.1000000000	0.1000000000	100	100	0	0.902960
2209000	-1.0000000000	0.1000000000	0.1000000000	100	100	0	0.903843
2210000	-1.0000000000	0.1000000000	0.1000000000	100	100	0	0.879814
2211000	-1.0000000000	0.1000000000	0.1000000000	100	100	0	0.854901
2212000	-1.0000000000	0.1000000000	0.1000000000	100	100	0	0.820702
2213000	-1.0000000000	0.1000000000	0.1000000000	100	100	0	0.934894
2214000	-1.0000000000	0.1000000000	0.1000000000	100	100	0	0.831401
2215000	-1.0000000000	0.1000000000	0.1000000000	100	100	0	0.864200
2216000	-1.0000000000	0.1000000000	0.1000000000	100	100	0	0.903558
2217000	-1.0000000000	0.1000000000	0.1000000000	100	100	0	0.804885
2218000	-1.0000000000	0.1000000000	0.1000000000	100	100	0	0.874397
2219000	-1.0000000000	0.1000000000	0.1000000000	100	100	0	0.892185
2220000	-1.0000000000	0.1000000000	0.1000000000	100	100	0	0.913509
2221000	-1.0000000000	0.1000000000	0.1000000000	100	100	0	0.912483
2222000	-1.0000000000	0.1000000000	0.1000000000	100	100	0	0.900696
2223000	-1.0000000000	0.1000000000	0.1000000000	100	100	0	0.917765
2224000	-1.0000000000	0.1000000000	0.1000000000	100	100	0	0.879679
2225000	-1.0000000000	0.1000000000	0.1000000000	100	100	0	0.856737
2226000	-1.0000000000	0.1000000000	0.1000000000	100	100	0	0.883770
2227000	-1.0000000000	0.1000000000	0.1000000000	100	100	0	0.894980
2228000	-1.0000000000	0.1000000000	0.1000000000	100	100	0	0.909336
2229000	-1.0000000000	0.1000000000	0.1000000000	100	100	0	0.933942
2230000	-1.0000000000	0.1000000000	0.1000000000	100	100	0	0.916575
2231000	-1.0000000000	0.1000000000	0.1000000000	100	100	0	0.924644
2232000	-1.0000000000	0.1000000000	0.1000000000	100	100	0	0.810160
2233000	-1.0000000000	0.1000000000	0.1000000000	100	100	0	0.901709
2234000	-1.0000000000	0.1000000000	0.1000000000	100	100	0	0.899588
2235000	-1.0000000000	0.1000000000	0.1000000000	100	100	0	0.905005
2236000	-1.0000000000	0.1000000000	0.1000000000	100	100	0	0.863255
2237000	-1.0000000000	0.1000000000	0.1000000000	100	100	0	0.892784
2238000	-1.0000000000	0.1000000000	0.1000000000	100	100	0	0.931971
2239000	-1.0000000000	0.1000000000	0.1000000000	100	100	0	0.912918
2240000	-1.0000000000	0.1000000000	0.1000000000	100	100	0	0.889650
2241000	-1.0000000000	0.1000000000	0.1000000000	100	100	0	0.924358
2242000	-1.0000000000	0.1000000000	0.1000000000	100	100	0	0.854990
2243000	-1.0000000000	0.1000000000	0.1000000000	100	100	0	0.875056
2244000	-1.0000000000	0.1000000000	0.1000000000	100	100	0	0.897977
2245000	-1.0000000000	0.1000000000	0.1000000000	100	100	0	0.867593
2246000	-1.0000000000	0.1000000000	0.1000000000	100	100	0	0.911605
2247000	-1.0000000000	0.1000000000	0.1000000000	100	100	0	0.889854
2248000	-1.0000000000	0.1000000000	0.1000000000	100	100	0	0.884586
2249000	-1.0000000000	0.1000000000	0.1000000000	100	100	0	0.860985
2250000	-1.0000000000	0.1000000000	0.1000000000	100	100	0	0.951595
2251000	-1.0000000000	0.1000000000	0.1000000000	100	100	0	0.852196
2252000	-1.0000000000	0.1000000000	0.1000000000	100	100	0	0.878209
2253000	-1.0000000000	0.1000000000	0.1000000000	100	100	0	0.930293
2254000	-1.0000000000	0.1000000000	0.1000000000	100	100	0	0.909261
2255000	-1.0000000000	0.1000000000	0.1000000000	100	100	0	0.908160
2256000	-1.0000000000	0.1000000000	0.1000000000	100	100	0	0.943106
2257000	-1.0000000000	0.1000000000	0.1000000000	100	100	0	0.906773
2258000	-1.0000000000	0.1000000000	0.1000000000	100	100	0	0.858429
2259000	-1.0000000000	0.1000000000	0.1000000000	100	100	0	0.933663
2260000	-1.0000000000	0.1000000000	0.1000000000	100	100	0	0.902952
2261000	-1.0000000000	0.1000000000	0.1000000000	100	100	0	0.900465
2262000	-1.0000000000	0.1000000000	0.1000000000	100	100	0	0.909696
2263000	-1.0000000000	0.1000000000	0.1000000000	100	100	0	0.819534
2264000	-1.0000000000	0.1000000000	0.1000000000	100	100	0	0.875634
2265000	-1.0000000000	0.1000000000	0.1000000000	100	100	0	0.900547
2266000	-1.0000000000	0.1000000000	0.1000000000	100	100	0	0.888617
2267000	-1.0000000000	0.1000000000	0.1000000000	100	100	0	0.833441
2268000	-1.0000000000	0.1000000000	0.1000000000	100	100	0	0.906841
2269000	-1.0000000000	0.1000000000	0.1000000000	100	100	0	0.894686
2270000	-1.0000000000	0.1000000000	0.1000000000	100	100	0	0.892926
2271000	-1.0000000000	0.1000000000	0.1000000000	100	100	0	0.814551
2272000	-1.0000000000	0.1000000000	0.1000000000	100	100	0	0.885299
2273000	-1.0000000000	0.1000000000	0.1000000000	100	100	0	0.896965
2274000	-1.0000000000	0.1000000000	0.1000000000	100	100	0	0.897908
2275000	-1.0000000000	0.1000000000	0.1000000000	100	100	0	0.928165
2276000	-1.0000000000	0.1000000000	0.1000000000	100	100	0	0.886632
2277000	-1.0000000000	0.1000000000	0.1000000000	100	100	0	0.917031
2278000	-1.0000000000	0.1000000000	0.1000000000	100	100	0	0.947354
2279000	-1.0000000000	0.1000000000	0.1000000000	100	100	0	0.933807
2280000	-1.0000000000	0.1000000000	0.1000000000	100	100	0	0.903401
2281000	-1.0000000000	0.1000000000	0.1000000000	100	100	0	0.852420
2282000	-1.0000000000	0.1000000000	0.1000000000	100	100	0	0.882690
2283000	-1.0000000000	0.1000000000	0.1000000000	100	100	0	0.918207
2284000	-1.0000000000	0.1000000000	0.1000000000	100	100	0	0.911592
2285000	-1.0000000000	0.1000000000	0.1000000000	100	100	0	0.887359
2286000	-1.0000000000	0.1000000000	0.1000000000	100	100	0	0.791025
2287000	-1.0000000000	0.1000000000	0.1000000000	100	100	0	0.918499
2288000	-1.0000000000	0.1000000000	0.1000000000	100	100	0	0.899221
2289000	-1.0000000000	0.1000000000	0.1000000000	100	100	0	0.924494
2290000	-1.0000000000	0.1000000000	0.1000000000	100	100	0	0.897916
2291000	-1.0000000000	0.1000000000	0.1000000000	100	100	0	0.858735
2292000	-1.0000000000	0.1000000000	0.1000000000	100	100	0	0.933433
2293000	-1.0000000000	0.1000000000	0.1000000000	100	100	0	0.900914
2294000	-1.0000000000	0.1000000000	0.1000000000	100	100	0	0.889569
2295000	-1.0000000000	0.1000000000	0.1000000000	100	100	0	0.895190
2296000	-1.0000000000	0.1000000000	0.1000000000	100	100	0	0.903843
2297000	-1.0000000000	0.1000000000	0.1000000000	100	100	0	0.922081
2298000	-1.0000000000	0.1000000000	0.1000000000	100	100	0	0.900247
2299000	-1.0000000000	0.1000000000	0.1000000000	100	100	0	0.903911
2300000	-1.0000000000	0.1000000000	0.1000000000	100	100	0	0.907276
2301000	-1.0000000000	0.1000000000	0.1000000000	100	100	0	0.885966
2302000	-1.0000000000	0.1000000000	0.1000000000	100	100	0	0.877680
2303000	-1.0000000000	0.1000000000	0.1000000000	100	100	0	0.930204
2304000	-1.0000000000	0.1000000000	0.1000000000	100	100	0	0.919511
2305000	-1.0000000000	0.1000000000	0.1000000000	100	100	0	0.861208
2306000	-1.0000000000	0.1000000000	0.1000000000	100	100	0	0.865389
2307000	-1.0000000000	0.1000000000	0.1000000000	100	100	0	0.881568
2308000	-1.0000000000	0.1000000000	0.1000000000	100	100	0	0.904938
2309000	-1.0000000000	0.1000000000	0.1000000000	100	100	0	0.892274
2310000	-1.0000000000	0.1000000000	0.1000000000	100	100	0	0.903979
2311000	-1.0000000000	0.1000000000	0.1000000000	100	100	0	0.869339
2312000	-1.0000000000	0.1000000000	0.1000000000	100	100	0	0.916596
2313000	-1.0000000000	0.1000000000	0.1000000000	100	100	0	0.907799
2314000	-1.0000000000	0.1000000000	0.1000000000	100	100	0	0.887666
2315000	-1.0000000000	0.1000000000	0.1000000000	100	100	0	0.890724
2316000	-1.0000000000	0.1000000000	0.1000000000	100	100	0	0.895699
2317000	-1.0000000000	0.1000000000	0.1000000000	100	100	0	0.753590
2318000	-1.0000000000	0.1000000000	0.1000000000	100	100	0	0.854384
2319000	-1.0000000000	0.1000000000	0.1000000000	100	100	0	0.904659
2320000	-1.0000000000	0.1000000000	0.1000000000	100	100	0	0.923325
2321000	-1.0000000000	0.1000000000	0.1000000000	100	100	0	0.834923
2322000	-1.0000000000	0.1000000000	0.1000000000	100	100	0	0.840837
2323000	-1.0000000000	0.1000000000	0.1000000000	100	100	0	0.927641
2324000	-1.0000000000	0.1000000000	0.1000000000	100	100	0	0.916296
2325000	-1.0000000000	0.1000000000	0.1000000000	100	100	0	0.909981
2326000	-1.0000000000	0.1000000000	0.1000000000	100	100	0	0.914604
2327000	-1.0000000000	0.1000000000	0.1000000000	100	100	0	0.913869
2328000	-1.0000000000	0.1000000000	0.1000000000	100	100	0	0.896651
2329000	-1.0000000000	0.1000000000	0.1000000000	100	100	0	0.851836
2330000	-1.0000000000	0.1000000000	0.1000000000	100	100	0	0.900044
2331000	-1.0000000000	0.1000000000	0.1000000000	100	100	0	0.948965
2332000	-1.0000000000	0.1000000000	0.1000000000	100	100	0	0.883621
2333000	-1.0000000000	0.1000000000	0.1000000000	100	100	0	0.861359
2334000	-1.0000000000	0.1000000000	0.1000000000	100	100	0	0.919939
2335000	-1.0000000000	0.1000000000	0.1000000000	100	100	0	0.904203
2336000	-1.0000000000	0.1000000000	0.1000000000	100	100	0	0.831770
2337000	-1.0000000000	0.1000000000	0.1000000000	100	100	0	0.868775
2338000	-1.0000000000	0.1000000000	0.1000000000	100	100	0	0.785240
2339000	-1.0000000000	0.1000000000	0.1000000000	100	100	0	0.956870
2340000	-1.0000000000	0.1000000000	0.1000000000	100	100	0	0.924426
2341000	-1.0000000000	0.1000000000	0.1000000000	100	100	0	0.786633
2342000	-1.0000000000	0.1000000000	0.1000000000	100	100	0	0.865886
2343000	-1.0000000000	0.1000000000	0.1000000000	100	100	0	0.899534
2344000	-1.0000000000	0.1000000000	0.1000000000	100	100	0	0.886931
2345000	-1.0000000000	0.1000000000	0.1000000000	100	100	0	0.891893
2346000	-1.0000000000	0.1000000000	0.1000000000	100	100	0	0.893287
2347000	-1.0000000000	0.1000000000	0.1000000000	100	100	0	0.881514
2348000	-1.0000000000	0.1000000000	0.1000000000	100	100	0	0.883770
2349000	-1.0000000000	0.1000000000	0.1000000000	100	100	0	0.859231
2350000	-1.0000000000	0.1000000000	0.1000000000	100	100	0	0.904503
2351000	-1.0000000000	0.1000000000	0.1000000000	100	100	0	0.891900
2352000	-1.0000000000	0.1000000000	0.1000000000	100	100	0	0.841870
2353000	-1.0000000000	0.1000000000	0.1000000000	100	100	0	0.904285
2354000	-1.0000000000	0.1000000000	0.1000000000	100	100	0	0.908826
2355000	-1.0000000000	0.1000000000	0.1000000000	100	100	0	0.858565
2356000	-1.0000000000	0.1000000000	0.1000000000	100	100	0	0.897100
2357000	-1.0000000000	0.1000000000	0.1000000000	100	100	0	0.916881
2358000	-1.0000000000	0.1000000000	0.1000000000	100	100	0	0.841891
2359000	-1.0000000000	0.1000000000	0.1000000000	100	100	0	0.904196
2360000	-1.0000000000	0.1000000000	0.1000000000	100	100	0	0.872561
2361000	-1.0000000000	0.1000000000	0.1000000000	100	100	0	0.867218
2362000	-1.0000000000	0.1000000000	0.1000000000	100	100	0	0.889412
2363000	-1.0000000000	0.1000000000	0.1000000000	100	100	0	0.916596
2364000	-1.0000000000	0.1000000000	0.1000000000	100	100	0	0.964416
2365000	-1.0000000000	0.1000000000	0.1000000000	100	100	0	0.921571
2366000	-1.0000000000	0.1000000000	0.1000000000	100	100	0	0.895856
2367000	-1.0000000000	0.1000000000	0.1000000000	100	100	0	0.860842
2368000	-1.0000000000	0.1000000000	0.1000000000	100	100	0	0.904645
2369000	-1.0000000000	0.1000000000	0.1000000000	100	100	0	0.870515
2370000	-1.0000000000	0.1000000000	0.1000000000	100	100	0	0.885973
2371000	-1.0000000000	0.1000000000	0.1000000000	100	100	0	0.848239
2372000	-1.0000000000	0.1000000000	0.1000000000	100	100	0	0.906609
2373000	-1.0000000000	0.1000000000	0.1000000000	100	100	0	0.901723
2374000	-1.0000000000	0.1000000000	0.1000000000	100	100	0	0.893219
2375000	-1.0000000000	0.1000000000	0.1000000000	100	100	0	0.946688
2376000	-1.0000000000	0.1000000000	0.1000000000	100	100	0	0.914176
2377000	-1.0000000000	0.1000000000	0.1000000000	100	100	0	0.936437
2378000	-1.0000000000	0.1000000000	0.1000000000	100	100	0	0.903177
2379000	-1.0000000000	0.1000000000	0.1000000000	100	100	0	0.839315
2380000	-1.0000000000	0.1000000000	0.1000000000	100	100	0	0.932257
2381000	-1.0000000000	0.1000000000	0.1000000000	100	100	0	0.915990
2382000	-1.0000000000	0.1000000000	0.1000000000	100	100	0	0.895302
2383000	-1.0000000000	0.1000000000	0.1000000000	100	100	0	0.910512
2384000	-1.0000000000	0.1000000000	0.1000000000	100	100	0	0.909336
2385000	-1.0000000000	0.1000000000	0.1000000000	100	100	0	0.921639
2386000	-1.0000000000	0.1000000000	0.1000000000	100	100	0	0.805830
2387000	-1.0000000000	0.1000000000	0.1000000000	100	100	0	0.933358
2388000	-1.0000000000	0.1000000000	0.1000000000	100	100	0	0.900696
2389000	-1.0000000000	0.1000000000	0.1000000000	100	100	0	0.936954
2390000	-1.0000000000	0.1000000000	0.1000000000	100	100	0	0.842156
2391000	-1.0000000000	0.1000000000	0.1000000000	100	100	0	0.901716
2392000	-1.0000000000	0.1000000000	0.1000000000	100	100	0	0.881133
2393000	-1.0000000000	0.1000000000	0.1000000000	100	100	0	0.881575
2394000	-1.0000000000	0.1000000000	0.1000000000	100	100	0	0.891187
2395000	-1.0000000000	0.1000000000	0.1000000000	100	100	0	0.878495
2396000	-1.0000000000	0.1000000000	0.1000000000	100	100	0	0.911449
2397000	-1.0000000000	0.1000000000	0.1000000000	100	100	0	0.877918
2398000	-1.0000000000	0.1000000000	0.1000000000	100	100	0	0.915705
2399000	-1.0000000000	0.1000000000	0.1000000000	100	100	0	0.913508
2400000	-1.0000000000	0.1000000000	0.1000000000	100	100	0	0.922306
2401000	-1.0000000000	0.1000000000	0.1000000000	100	100	0	0.895856
2402000	-1.0000000000	0.1000000000	0.1000000000	100	100	0	0.911396
2403000	-1.0000000000	0.1000000000	0.1000000000	100	100	0	0.900620
2404000	-1.0000000000	0.1000000000	0.1000000000	100	100	0	0.898351
2405000	-1.0000000000	0.1000000000	0.1000000000	100	100	0	0.874471
2406000	-1.0000000000	0.1000000000	0.1000000000	100	100	0	0.882295
2407000	-1.0000000000	0.1000000000	0.1000000000	100	100	0	0.882452
2408000	-1.0000000000	0.1000000000	0.1000000000	100	100	0	0.906406
2409000	-1.0000000000	0.1000000000	0.1000000000	100	100	0	0.906039
2410000	-1.0000000000	0.1000000000	0.1000000000	100	100	0	0.869856
2411000	-1.0000000000	0.1000000000	0.1000000000	100	100	0	0.869848
2412000	-1.0000000000	0.1000000000	0.1000000000	100	100	0	0.938123
2413000	-1.0000000000	0.1000000000	0.1000000000	100	100	0	0.894395
2414000	-1.0000000000	0.1000000000	0.1000000000	100	100	0	0.907874
2415000	-1.0000000000	0.1000000000	0.1000000000	100	100	0	0.896149
2416000	-1.0000000000	0.1000000000	0.1000000000	100	100	0	0.850898
2417000	-1.0000000000	0.1000000000	0.1000000000	100	100	0	0.900037
2418000	-1.0000000000	0.1000000000	0.1000000000	100	100	0	0.827739
2419000	-1.0000000000	0.1000000000	0.1000000000	100	100	0	0.935561
2420000	-1.0000000000	0.1000000000	0.1000000000	100	100	0	0.896801
2421000	-1.0000000000	0.1000000000	0.1000000000	100	100	0	0.902735
2422000	-1.0000000000	0.1000000000	0.1000000000	100	100	0	0.887951
2423000	-1.0000000000	0.1000000000	0.1000000000	100	100	0	0.911844
2424000	-1.0000000000	0.1000000000	0.1000000000	100	100	0	0.882024
2425000	-1.0000000000	0.1000000000	0.1000000000	100	100	0	0.924719
2426000	-1.0000000000	0.1000000000	0.1000000000	100	100	0	0.891765
2427000	-1.0000000000	0.1000000000	0.1000000000	100	100	0	0.907133
2428000	-1.0000000000	0.1000000000	0.1000000000	100	100	0	0.847872
2429000	-1.0000000000	0.1000000000	0.1000000000	100	100	0	0.892057
2430000	-1.0000000000	0.1000000000	0.1000000000	100	100	0	0.875648
2431000	-1.0000000000	0.1000000000	0.1000000000	100	100	0	0.911898
2432000	-1.0000000000	0.1000000000	0.1000000000	100	100	0	0.894823
2433000	-1.0000000000	0.1000000000	0.1000000000	100	100	0	0.910512
2434000	-1.0000000000	0.1000000000	0.1000000000	100	100	0	0.892207
2435000	-1.0000000000	0.1000000000	0.1000000000	100	100	0	0.900329
2436000	-1.0000000000	0.1000000000	0.1000000000	100	100	0	0.903626
2437000	-1.0000000000	0.1000000000	0.1000000000	100	100	0	0.875858
2438000	-1.0000000000	0.1000000000	0.1000000000	100	100	0	0.914693
2439000	-1.0000000000	0.1000000000	0.1000000000	100	100	0	0.804008
2440000	-1.0000000000	0.1000000000	0.1000000000	100	100	0	0.906983
2441000	-1.0000000000	0.1000000000	0.1000000000	100	100	0	0.897243
2442000	-1.0000000000	0.1000000000	0.1000000000	100	100	0	0.902456
2443000	-1.0000000000	0.1000000000	0.1000000000	100	100	0	0.815441
2444000	-1.0000000000	0.1000000000	0.1000000000	100	100	0	0.921721
2445000	-1.0000000000	0.1000000000	0.1000000000	100	100	0	0.879679
2446000	-1.0000000000	0.1000000000	0.1000000000	100	100	0	0.828840
2447000	-1.0000000000	0.1000000000	0.1000000000	100	100	0	0.864221
2448000	-1.0000000000	0.1000000000	0.1000000000	100	100	0	0.863772
2449000	-1.0000000000	0.1000000000	0.1000000000	100	100	0	0.890214
2450000	-1.0000000000	0.1000000000	0.1000000000	100	100	0	0.871324
2451000	-1.0000000000	0.1000000000	0.1000000000	100	100	0	0.927064
2452000	-1.0000000000	0.1000000000	0.1000000000	100	100	0	0.893151
2453000	-1.0000000000	0.1000000000	0.1000000000	100	100	0	0.933725
2454000	-1.0000000000	0.1000000000	0.1000000000	100	100	0	0.834903
2455000	-1.0000000000	0.1000000000	0.1000000000	100	100	0	0.874186
2456000	-1.0000000000	0.1000000000	0.1000000000	100	100	0	0.897556
2457000	-1.0000000000	0.1000000000	0.1000000000	100	100	0	0.928675
2458000	-1.0000000000	0.1000000000	0.1000000000	100	100	0	0.879372
2459000	-1.0000000000	0.1000000000	0.1000000000	100	100	0	0.895354
2460000	-1.0000000000	0.1000000000	0.1000000000	100	100	0	0.855589
2461000	-1.0000000000	0.1000000000	0.1000000000	100	100	0	0.876225
2462000	-1.0000000000	0.1000000000	0.1000000000	100	100	0	0.885014
2463000	-1.0000000000	0.1000000000	0.1000000000	100	100	0	0.915705
2464000	-1.0000000000	0.1000000000	0.1000000000	100	100	0	0.890072
2465000	-1.0000000000	0.1000000000	0.1000000000	100	100	0	0.912857
2466000	-1.0000000000	0.1000000000	0.1000000000	100	100	0	0.875498
2467000	-1.0000000000	0.1000000000	0.1000000000	100	100	0	0.901124
2468000	-1.0000000000	0.1000000000	0.1000000000	100	100	0	0.931686
2469000	-1.0000000000	0.1000000000	0.1000000000	100	100	0	0.933065
2470000	-1.0000000000	0.1000000000	0.1000000000	100	100	0	0.899228
2471000	-1.0000000000	0.1000000000	0.1000000000	100	100	0	0.876810
2472000	-1.0000000000	0.1000000000	0.1000000000	100	100	0	0.914978
2473000	-1.0000000000	0.1000000000	0.1000000000	100	100	0	0.900839
2474000	-1.0000000000	0.1000000000	0.1000000000	100	100	0	0.893294
2475000	-1.0000000000	0.1000000000	0.1000000000	100	100	0	0.913869
2476000	-1.0000000000	0.1000000000	0.1000000000	100	100	0	0.892994
2477000	-1.0000000000	0.1000000000	0.1000000000	100	100	0	0.881208
2478000	-1.0000000000	0.1000000000	0.1000000000	100	100	0	0.912565
2479000	-1.0000000000	0.1000000000	0.1000000000	100	100	0	0.889045
2480000	-1.0000000000	0.1000000000	0.1000000000	100	100	0	0.912190
2481000	-1.0000000000	0.1000000000	0.1000000000	100	100	0	0.891023
2482000	-1.0000000000	0.1000000000	0.1000000000	100	100	0	0.878465
2483000	-1.0000000000	0.1000000000	0.1000000000	100	100	0	0.891982
2484000	-1.0000000000	0.1000000000	0.1000000000	100	100	0	0.916154
2485000	-1.0000000000	0.1000000000	0.1000000000	100	100	0	0.853669
2486000	-1.0000000000	0.1000000000	0.1000000000	100	100	0	0.919885
2487000	-1.0000000000	0.1000000000	0.1000000000	100	100	0	0.857274
2488000	-1.0000000000	0.1000000000	0.1000000000	100	100	0	0.920973
2489000	-1.0000000000	0.1000000000	0.1000000000	100	100	0	0.916439
2490000	-1.0000000000	0.1000000000	0.1000000000	100	100	0	0.916439
2491000	-1.0000000000	0.1000000000	0.1000000000	100	100	0	0.887734
2492000	-1.0000000000	0.1000000000	0.1000000000	100	100	0	0.877550
2493000	-1.0000000000	0.1000000000	0.1000000000	100	100	0	0.895707
2494000	-1.0000000000	0.1000000000	0.1000000000	100	100	0	0.867218
2495000	-1.0000000000	0.1000000000	0.1000000000	100	100	0	0.893892
2496000	-1.0000000000	0.1000000000	0.1000000000	100	100	0	0.893939
2497000	-1.0000000000	0.1000000000	0.1000000000	100	100	0	0.916304
2498000	-1.0000000000	0.1000000000	0.1000000000	100	100	0	0.918125
2499000	-1.0000000000	0.1000000000	0.1000000000	100	100	0	0.790590
2500000	-1.0000000000	0.1000000000	0.1000000000	100	100	0	0.922754
