time	epistasis_coef	sel_coef	mu_prob	Ne	L	k_start	mean_fitness
1500000	-0.6000000000	0.1000000000	0.1000000000	100	100	0	0.820547
1501000	-0.6000000000	0.1000000000	0.1000000000	100	100	0	0.949510
1502000	-0.6000000000	0.1000000000	0.1000000000	100	100	0	0.923299
1503000	-0.6000000000	0.1000000000	0.1000000000	100	100	0	0.882035
1504000	-0.6000000000	0.1000000000	0.1000000000	100	100	0	0.902775
1505000	-0.6000000000	0.1000000000	0.1000000000	100	100	0	0.823892
1506000	-0.6000000000	0.1000000000	0.1000000000	100	100	0	0.909149
1507000	-0.6000000000	0.1000000000	0.1000000000	100	100	0	0.874055
1508000	-0.6000000000	0.1000000000	0.1000000000	100	100	0	0.911882
1509000	-0.6000000000	0.1000000000	0.1000000000	100	100	0	0.820704
1510000	-0.6000000000	0.1000000000	0.1000000000	100	100	0	0.884764
1511000	-0.6000000000	0.1000000000	0.1000000000	100	100	0	0.907356
1512000	-0.6000000000	0.1000000000	0.1000000000	100	100	0	0.887862
1513000	-0.6000000000	0.1000000000	0.1000000000	100	100	0	0.897957
1514000	-0.6000000000	0.1000000000	0.1000000000	100	100	0	0.853069
1515000	-0.6000000000	0.1000000000	0.1000000000	100	100	0	0.828882
1516000	-0.6000000000	0.1000000000	0.1000000000	100	100	0	0.908198
1517000	-0.6000000000	0.1000000000	0.1000000000	100	100	0	0.871978
1518000	-0.6000000000	0.1000000000	0.1000000000	100	100	0	0.821922
1519000	-0.6000000000	0.1000000000	0.1000000000	100	100	0	0.905517
1520000	-0.6000000000	0.1000000000	0.1000000000	100	100	0	0.930554
1521000	-0.6000000000	0.1000000000	0.1000000000	100	100	0	0.873465
1522000	-0.6000000000	0.1000000000	0.1000000000	100	100	0	0.905712
1523000	-0.6000000000	0.1000000000	0.1000000000	100	100	0	0.909039
1524000	-0.6000000000	0.1000000000	0.1000000000	100	100	0	0.900942
1525000	-0.6000000000	0.1000000000	0.1000000000	100	100	0	0.900886
1526000	-0.6000000000	0.1000000000	0.1000000000	100	100	0	0.879070
1527000	-0.6000000000	0.1000000000	0.1000000000	100	100	0	0.921395
1528000	-0.6000000000	0.1000000000	0.1000000000	100	100	0	0.874787
1529000	-0.6000000000	0.1000000000	0.1000000000	100	100	0	0.894641
1530000	-0.6000000000	0.1000000000	0.1000000000	100	100	0	0.905705
1531000	-0.6000000000	0.1000000000	0.1000000000	100	100	0	0.927575
1532000	-0.6000000000	0.1000000000	0.1000000000	100	100	0	0.936971
1533000	-0.6000000000	0.1000000000	0.1000000000	100	100	0	0.924722
1534000	-0.6000000000	0.1000000000	0.1000000000	100	100	0	0.797262
1535000	-0.6000000000	0.1000000000	0.1000000000	100	100	0	0.941364
1536000	-0.6000000000	0.1000000000	0.1000000000	100	100	0	0.894828
1537000	-0.6000000000	0.1000000000	0.1000000000	100	100	0	0.894638
1538000	-0.6000000000	0.1000000000	0.1000000000	100	100	0	0.905767
1539000	-0.6000000000	0.1000000000	0.1000000000	100	100	0	0.906527
1540000	-0.6000000000	0.1000000000	0.1000000000	100	100	0	0.907359
1541000	-0.6000000000	0.1000000000	0.1000000000	100	100	0	0.907713
1542000	-0.6000000000	0.1000000000	0.1000000000	100	100	0	0.831806
1543000	-0.6000000000	0.1000000000	0.1000000000	100	100	0	0.868012
1544000	-0.6000000000	0.1000000000	0.1000000000	100	100	0	0.950291
1545000	-0.6000000000	0.1000000000	0.1000000000	100	100	0	0.851601
1546000	-0.6000000000	0.1000000000	0.1000000000	100	100	0	0.851134
1547000	-0.6000000000	0.1000000000	0.1000000000	100	100	0	0.838342
1548000	-0.6000000000	0.1000000000	0.1000000000	100	100	0	0.875625
1549000	-0.6000000000	0.1000000000	0.1000000000	100	100	0	0.909751
1550000	-0.6000000000	0.1000000000	0.1000000000	100	100	0	0.929842
1551000	-0.6000000000	0.1000000000	0.1000000000	100	100	0	0.915688
1552000	-0.6000000000	0.1000000000	0.1000000000	100	100	0	0.922709
1553000	-0.6000000000	0.1000000000	0.1000000000	100	100	0	0.902537
1554000	-0.6000000000	0.1000000000	0.1000000000	100	100	0	0.802198
1555000	-0.6000000000	0.1000000000	0.1000000000	100	100	0	0.930131
1556000	-0.6000000000	0.1000000000	0.1000000000	100	100	0	0.956705
1557000	-0.6000000000	0.1000000000	0.1000000000	100	100	0	0.829130
1558000	-0.6000000000	0.1000000000	0.1000000000	100	100	0	0.916046
1559000	-0.6000000000	0.1000000000	0.1000000000	100	100	0	0.940900
1560000	-0.6000000000	0.1000000000	0.1000000000	100	100	0	0.880538
1561000	-0.6000000000	0.1000000000	0.1000000000	100	100	0	0.887016
1562000	-0.6000000000	0.1000000000	0.1000000000	100	100	0	0.897375
1563000	-0.6000000000	0.1000000000	0.1000000000	100	100	0	0.894506
1564000	-0.6000000000	0.1000000000	0.1000000000	100	100	0	0.865398
1565000	-0.6000000000	0.1000000000	0.1000000000	100	100	0	0.847902
1566000	-0.6000000000	0.1000000000	0.1000000000	100	100	0	0.939476
1567000	-0.6000000000	0.1000000000	0.1000000000	100	100	0	0.898205
1568000	-0.6000000000	0.1000000000	0.1000000000	100	100	0	0.924368
1569000	-0.6000000000	0.1000000000	0.1000000000	100	100	0	0.886311
1570000	-0.6000000000	0.1000000000	0.1000000000	100	100	0	0.867898
1571000	-0.6000000000	0.1000000000	0.1000000000	100	100	0	0.904634
1572000	-0.6000000000	0.1000000000	0.1000000000	100	100	0	0.935190
1573000	-0.6000000000	0.1000000000	0.1000000000	100	100	0	0.927934
1574000	-0.6000000000	0.1000000000	0.1000000000	100	100	0	0.913668
1575000	-0.6000000000	0.1000000000	0.1000000000	100	100	0	0.879788
1576000	-0.6000000000	0.1000000000	0.1000000000	100	100	0	0.887749
1577000	-0.6000000000	0.1000000000	0.1000000000	100	100	0	0.908437
1578000	-0.6000000000	0.1000000000	0.1000000000	100	100	0	0.921875
1579000	-0.6000000000	0.1000000000	0.1000000000	100	100	0	0.889941
1580000	-0.6000000000	0.1000000000	0.1000000000	100	100	0	0.847799
1581000	-0.6000000000	0.1000000000	0.1000000000	100	100	0	0.857826
1582000	-0.6000000000	0.1000000000	0.1000000000	100	100	0	0.914627
1583000	-0.6000000000	0.1000000000	0.1000000000	100	100	0	0.912126
1584000	-0.6000000000	0.1000000000	0.1000000000	100	100	0	0.869013
1585000	-0.6000000000	0.1000000000	0.1000000000	100	100	0	0.892267
1586000	-0.6000000000	0.1000000000	0.1000000000	100	100	0	0.911219
1587000	-0.6000000000	0.1000000000	0.1000000000	100	100	0	0.922701
1588000	-0.6000000000	0.1000000000	0.1000000000	100	100	0	0.877692
1589000	-0.6000000000	0.1000000000	0.1000000000	100	100	0	0.905937
1590000	-0.6000000000	0.1000000000	0.1000000000	100	100	0	0.893214
1591000	-0.6000000000	0.1000000000	0.1000000000	100	100	0	0.896184
1592000	-0.6000000000	0.1000000000	0.1000000000	100	100	0	0.908907
1593000	-0.6000000000	0.1000000000	0.1000000000	100	100	0	0.898864
1594000	-0.6000000000	0.1000000000	0.1000000000	100	100	0	0.835834
1595000	-0.6000000000	0.1000000000	0.1000000000	100	100	0	0.874197
1596000	-0.6000000000	0.1000000000	0.1000000000	100	100	0	0.892008
1597000	-0.6000000000	0.1000000000	0.1000000000	100	100	0	0.878477
1598000	-0.6000000000	0.1000000000	0.1000000000	100	100	0	0.885019
1599000	-0.6000000000	0.1000000000	0.1000000000	100	100	0	0.898437
1600000	-0.6000000000	0.1000000000	0.1000000000	100	100	0	0.945293
1601000	-0.6000000000	0.1000000000	0.1000000000	100	100	0	0.857546
1602000	-0.6000000000	0.1000000000	0.1000000000	100	100	0	0.887566
1603000	-0.6000000000	0.1000000000	0.1000000000	100	100	0	0.898799
1604000	-0.6000000000	0.1000000000	0.1000000000	100	100	0	0.873177
1605000	-0.6000000000	0.1000000000	0.1000000000	100	100	0	0.926393
1606000	-0.6000000000	0.1000000000	0.1000000000	100	100	0	0.897840
1607000	-0.6000000000	0.1000000000	0.1000000000	100	100	0	0.796597
1608000	-0.6000000000	0.1000000000	0.1000000000	100	100	0	0.916283
1609000	-0.6000000000	0.1000000000	0.1000000000	100	100	0	0.930077
1610000	-0.6000000000	0.1000000000	0.1000000000	100	100	0	0.816934
1611000	-0.6000000000	0.1000000000	0.1000000000	100	100	0	0.894883
1612000	-0.6000000000	0.1000000000	0.1000000000	100	100	0	0.931384
1613000	-0.6000000000	0.1000000000	0.1000000000	100	100	0	0.875963
1614000	-0.6000000000	0.1000000000	0.1000000000	100	100	0	0.815682
1615000	-0.6000000000	0.1000000000	0.1000000000	100	100	0	0.925444
1616000	-0.6000000000	0.1000000000	0.1000000000	100	100	0	0.798245
1617000	-0.6000000000	0.1000000000	0.1000000000	100	100	0	0.831088
1618000	-0.6000000000	0.1000000000	0.1000000000	100	100	0	0.910688
1619000	-0.6000000000	0.1000000000	0.1000000000	100	100	0	0.890225
1620000	-0.6000000000	0.1000000000	0.1000000000	100	100	0	0.907009
1621000	-0.6000000000	0.1000000000	0.1000000000	100	100	0	0.922098
1622000	-0.6000000000	0.1000000000	0.1000000000	100	100	0	0.955521
1623000	-0.6000000000	0.1000000000	0.1000000000	100	100	0	0.937382
1624000	-0.6000000000	0.1000000000	0.1000000000	100	100	0	0.795446
1625000	-0.6000000000	0.1000000000	0.1000000000	100	100	0	0.891678
1626000	-0.6000000000	0.1000000000	0.1000000000	100	100	0	0.866579
1627000	-0.6000000000	0.1000000000	0.1000000000	100	100	0	0.785320
1628000	-0.6000000000	0.1000000000	0.1000000000	100	100	0	0.905572
1629000	-0.6000000000	0.1000000000	0.1000000000	100	100	0	0.924498
1630000	-0.6000000000	0.1000000000	0.1000000000	100	100	0	0.864970
1631000	-0.6000000000	0.1000000000	0.1000000000	100	100	0	0.927223
1632000	-0.6000000000	0.1000000000	0.1000000000	100	100	0	0.865875
1633000	-0.6000000000	0.1000000000	0.1000000000	100	100	0	0.894753
1634000	-0.6000000000	0.1000000000	0.1000000000	100	100	0	0.913724
1635000	-0.6000000000	0.1000000000	0.1000000000	100	100	0	0.916278
1636000	-0.6000000000	0.1000000000	0.1000000000	100	100	0	0.828613
1637000	-0.6000000000	0.1000000000	0.1000000000	100	100	0	0.898921
1638000	-0.6000000000	0.1000000000	0.1000000000	100	100	0	0.920211
1639000	-0.6000000000	0.1000000000	0.1000000000	100	100	0	0.883116
1640000	-0.6000000000	0.1000000000	0.1000000000	100	100	0	0.896243
1641000	-0.6000000000	0.1000000000	0.1000000000	100	100	0	0.897265
1642000	-0.6000000000	0.1000000000	0.1000000000	100	100	0	0.862888
1643000	-0.6000000000	0.1000000000	0.1000000000	100	100	0	0.927462
1644000	-0.6000000000	0.1000000000	0.1000000000	100	100	0	0.845182
1645000	-0.6000000000	0.1000000000	0.1000000000	100	100	0	0.838339
1646000	-0.6000000000	0.1000000000	0.1000000000	100	100	0	0.945296
1647000	-0.6000000000	0.1000000000	0.1000000000	100	100	0	0.923651
1648000	-0.6000000000	0.1000000000	0.1000000000	100	100	0	0.939591
1649000	-0.6000000000	0.1000000000	0.1000000000	100	100	0	0.888985
1650000	-0.6000000000	0.1000000000	0.1000000000	100	100	0	0.905587
1651000	-0.6000000000	0.1000000000	0.1000000000	100	100	0	0.927824
1652000	-0.6000000000	0.1000000000	0.1000000000	100	100	0	0.875144
1653000	-0.6000000000	0.1000000000	0.1000000000	100	100	0	0.868722
1654000	-0.6000000000	0.1000000000	0.1000000000	100	100	0	0.878593
1655000	-0.6000000000	0.1000000000	0.1000000000	100	100	0	0.957664
1656000	-0.6000000000	0.1000000000	0.1000000000	100	100	0	0.883223
1657000	-0.6000000000	0.1000000000	0.1000000000	100	100	0	0.864615
1658000	-0.6000000000	0.1000000000	0.1000000000	100	100	0	0.927516
1659000	-0.6000000000	0.1000000000	0.1000000000	100	100	0	0.922827
1660000	-0.6000000000	0.1000000000	0.1000000000	100	100	0	0.898807
1661000	-0.6000000000	0.1000000000	0.1000000000	100	100	0	0.923239
1662000	-0.6000000000	0.1000000000	0.1000000000	100	100	0	0.895599
1663000	-0.6000000000	0.1000000000	0.1000000000	100	100	0	0.907124
1664000	-0.6000000000	0.1000000000	0.1000000000	100	100	0	0.903927
1665000	-0.6000000000	0.1000000000	0.1000000000	100	100	0	0.918951
1666000	-0.6000000000	0.1000000000	0.1000000000	100	100	0	0.854159
1667000	-0.6000000000	0.1000000000	0.1000000000	100	100	0	0.827226
1668000	-0.6000000000	0.1000000000	0.1000000000	100	100	0	0.870029
1669000	-0.6000000000	0.1000000000	0.1000000000	100	100	0	0.891607
1670000	-0.6000000000	0.1000000000	0.1000000000	100	100	0	0.959088
1671000	-0.6000000000	0.1000000000	0.1000000000	100	100	0	0.904512
1672000	-0.6000000000	0.1000000000	0.1000000000	100	100	0	0.895533
1673000	-0.6000000000	0.1000000000	0.1000000000	100	100	0	0.878758
1674000	-0.6000000000	0.1000000000	0.1000000000	100	100	0	0.917477
1675000	-0.6000000000	0.1000000000	0.1000000000	100	100	0	0.892498
1676000	-0.6000000000	0.1000000000	0.1000000000	100	100	0	0.860630
1677000	-0.6000000000	0.1000000000	0.1000000000	100	100	0	0.875553
1678000	-0.6000000000	0.1000000000	0.1000000000	100	100	0	0.894523
1679000	-0.6000000000	0.1000000000	0.1000000000	100	100	0	0.871281
1680000	-0.6000000000	0.1000000000	0.1000000000	100	100	0	0.944109
1681000	-0.6000000000	0.1000000000	0.1000000000	100	100	0	0.865985
1682000	-0.6000000000	0.1000000000	0.1000000000	100	100	0	0.864343
1683000	-0.6000000000	0.1000000000	0.1000000000	100	100	0	0.894577
1684000	-0.6000000000	0.1000000000	0.1000000000	100	100	0	0.883758
1685000	-0.6000000000	0.1000000000	0.1000000000	100	100	0	0.889645
1686000	-0.6000000000	0.1000000000	0.1000000000	100	100	0	0.911887
1687000	-0.6000000000	0.1000000000	0.1000000000	100	100	0	0.901552
1688000	-0.6000000000	0.1000000000	0.1000000000	100	100	0	0.911053
1689000	-0.6000000000	0.1000000000	0.1000000000	100	100	0	0.894765
1690000	-0.6000000000	0.1000000000	0.1000000000	100	100	0	0.906943
1691000	-0.6000000000	0.1000000000	0.1000000000	100	100	0	0.927235
1692000	-0.6000000000	0.1000000000	0.1000000000	100	100	0	0.926401
1693000	-0.6000000000	0.1000000000	0.1000000000	100	100	0	0.911167
1694000	-0.6000000000	0.1000000000	0.1000000000	100	100	0	0.847917
1695000	-0.6000000000	0.1000000000	0.1000000000	100	100	0	0.922228
1696000	-0.6000000000	0.1000000000	0.1000000000	100	100	0	0.882514
1697000	-0.6000000000	0.1000000000	0.1000000000	100	100	0	0.820316
1698000	-0.6000000000	0.1000000000	0.1000000000	100	100	0	0.925917
1699000	-0.6000000000	0.1000000000	0.1000000000	100	100	0	0.895947
1700000	-0.6000000000	0.1000000000	0.1000000000	100	100	0	0.922704
1701000	-0.6000000000	0.1000000000	0.1000000000	100	100	0	0.941254
1702000	-0.6000000000	0.1000000000	0.1000000000	100	100	0	0.945540
1703000	-0.6000000000	0.1000000000	0.1000000000	100	100	0	0.877571
1704000	-0.6000000000	0.1000000000	0.1000000000	100	100	0	0.928057
1705000	-0.6000000000	0.1000000000	0.1000000000	100	100	0	0.856606
1706000	-0.6000000000	0.1000000000	0.1000000000	100	100	0	0.901189
1707000	-0.6000000000	0.1000000000	0.1000000000	100	100	0	0.885004
1708000	-0.6000000000	0.1000000000	0.1000000000	100	100	0	0.890250
1709000	-0.6000000000	0.1000000000	0.1000000000	100	100	0	0.882152
1710000	-0.6000000000	0.1000000000	0.1000000000	100	100	0	0.810447
1711000	-0.6000000000	0.1000000000	0.1000000000	100	100	0	0.864502
1712000	-0.6000000000	0.1000000000	0.1000000000	100	100	0	0.901898
1713000	-0.6000000000	0.1000000000	0.1000000000	100	100	0	0.867296
1714000	-0.6000000000	0.1000000000	0.1000000000	100	100	0	0.918053
1715000	-0.6000000000	0.1000000000	0.1000000000	100	100	0	0.929361
1716000	-0.6000000000	0.1000000000	0.1000000000	100	100	0	0.895651
1717000	-0.6000000000	0.1000000000	0.1000000000	100	100	0	0.806014
1718000	-0.6000000000	0.1000000000	0.1000000000	100	100	0	0.925082
1719000	-0.6000000000	0.1000000000	0.1000000000	100	100	0	0.878884
1720000	-0.6000000000	0.1000000000	0.1000000000	100	100	0	0.926271
1721000	-0.6000000000	0.1000000000	0.1000000000	100	100	0	0.925556
1722000	-0.6000000000	0.1000000000	0.1000000000	100	100	0	0.852438
1723000	-0.6000000000	0.1000000000	0.1000000000	100	100	0	0.878004
1724000	-0.6000000000	0.1000000000	0.1000000000	100	100	0	0.938760
1725000	-0.6000000000	0.1000000000	0.1000000000	100	100	0	0.942087
1726000	-0.6000000000	0.1000000000	0.1000000000	100	100	0	0.887984
1727000	-0.6000000000	0.1000000000	0.1000000000	100	100	0	0.891543
1728000	-0.6000000000	0.1000000000	0.1000000000	100	100	0	0.873010
1729000	-0.6000000000	0.1000000000	0.1000000000	100	100	0	0.928524
1730000	-0.6000000000	0.1000000000	0.1000000000	100	100	0	0.928768
1731000	-0.6000000000	0.1000000000	0.1000000000	100	100	0	0.884459
1732000	-0.6000000000	0.1000000000	0.1000000000	100	100	0	0.872507
1733000	-0.6000000000	0.1000000000	0.1000000000	100	100	0	0.905338
1734000	-0.6000000000	0.1000000000	0.1000000000	100	100	0	0.924965
1735000	-0.6000000000	0.1000000000	0.1000000000	100	100	0	0.896903
1736000	-0.6000000000	0.1000000000	0.1000000000	100	100	0	0.829110
1737000	-0.6000000000	0.1000000000	0.1000000000	100	100	0	0.886972
1738000	-0.6000000000	0.1000000000	0.1000000000	100	100	0	0.901422
1739000	-0.6000000000	0.1000000000	0.1000000000	100	100	0	0.902488
1740000	-0.6000000000	0.1000000000	0.1000000000	100	100	0	0.852589
1741000	-0.6000000000	0.1000000000	0.1000000000	100	100	0	0.917352
1742000	-0.6000000000	0.1000000000	0.1000000000	100	100	0	0.891670
1743000	-0.6000000000	0.1000000000	0.1000000000	100	100	0	0.940063
1744000	-0.6000000000	0.1000000000	0.1000000000	100	100	0	0.885719
1745000	-0.6000000000	0.1000000000	0.1000000000	100	100	0	0.955753
1746000	-0.6000000000	0.1000000000	0.1000000000	100	100	0	0.892267
1747000	-0.6000000000	0.1000000000	0.1000000000	100	100	0	0.926271
1748000	-0.6000000000	0.1000000000	0.1000000000	100	100	0	0.870137
1749000	-0.6000000000	0.1000000000	0.1000000000	100	100	0	0.820674
1750000	-0.6000000000	0.1000000000	0.1000000000	100	100	0	0.879119
1751000	-0.6000000000	0.1000000000	0.1000000000	100	100	0	0.922704
1752000	-0.6000000000	0.1000000000	0.1000000000	100	100	0	0.881676
1753000	-0.6000000000	0.1000000000	0.1000000000	100	100	0	0.887268
1754000	-0.6000000000	0.1000000000	0.1000000000	100	100	0	0.894398
1755000	-0.6000000000	0.1000000000	0.1000000000	100	100	0	0.882514
1756000	-0.6000000000	0.1000000000	0.1000000000	100	100	0	0.908914
1757000	-0.6000000000	0.1000000000	0.1000000000	100	100	0	0.890120
1758000	-0.6000000000	0.1000000000	0.1000000000	100	100	0	0.824666
1759000	-0.6000000000	0.1000000000	0.1000000000	100	100	0	0.911415
1760000	-0.6000000000	0.1000000000	0.1000000000	100	100	0	0.903569
1761000	-0.6000000000	0.1000000000	0.1000000000	100	100	0	0.830049
1762000	-0.6000000000	0.1000000000	0.1000000000	100	100	0	0.953434
1763000	-0.6000000000	0.1000000000	0.1000000000	100	100	0	0.874909
1764000	-0.6000000000	0.1000000000	0.1000000000	100	100	0	0.840702
1765000	-0.6000000000	0.1000000000	0.1000000000	100	100	0	0.877634
1766000	-0.6000000000	0.1000000000	0.1000000000	100	100	0	0.877753
1767000	-0.6000000000	0.1000000000	0.1000000000	100	100	0	0.908315
1768000	-0.6000000000	0.1000000000	0.1000000000	100	100	0	0.917234
1769000	-0.6000000000	0.1000000000	0.1000000000	100	100	0	0.952784
1770000	-0.6000000000	0.1000000000	0.1000000000	100	100	0	0.874787
1771000	-0.6000000000	0.1000000000	0.1000000000	100	100	0	0.901659
1772000	-0.6000000000	0.1000000000	0.1000000000	100	100	0	0.857792
1773000	-0.6000000000	0.1000000000	0.1000000000	100	100	0	0.890966
1774000	-0.6000000000	0.1000000000	0.1000000000	100	100	0	0.912362
1775000	-0.6000000000	0.1000000000	0.1000000000	100	100	0	0.820687
1776000	-0.6000000000	0.1000000000	0.1000000000	100	100	0	0.900465
1777000	-0.6000000000	0.1000000000	0.1000000000	100	100	0	0.852015
1778000	-0.6000000000	0.1000000000	0.1000000000	100	100	0	0.884415
1779000	-0.6000000000	0.1000000000	0.1000000000	100	100	0	0.916645
1780000	-0.6000000000	0.1000000000	0.1000000000	100	100	0	0.843148
1781000	-0.6000000000	0.1000000000	0.1000000000	100	100	0	0.860155
1782000	-0.6000000000	0.1000000000	0.1000000000	100	100	0	0.917714
1783000	-0.6000000000	0.1000000000	0.1000000000	100	100	0	0.890844
1784000	-0.6000000000	0.1000000000	0.1000000000	100	100	0	0.899865
1785000	-0.6000000000	0.1000000000	0.1000000000	100	100	0	0.880963
1786000	-0.6000000000	0.1000000000	0.1000000000	100	100	0	0.896538
1787000	-0.6000000000	0.1000000000	0.1000000000	100	100	0	0.951954
1788000	-0.6000000000	0.1000000000	0.1000000000	100	100	0	0.913423
1789000	-0.6000000000	0.1000000000	0.1000000000	100	100	0	0.875026
1790000	-0.6000000000	0.1000000000	0.1000000000	100	100	0	0.848981
1791000	-0.6000000000	0.1000000000	0.1000000000	100	100	0	0.875670
1792000	-0.6000000000	0.1000000000	0.1000000000	100	100	0	0.910813
1793000	-0.6000000000	0.1000000000	0.1000000000	100	100	0	0.889416
1794000	-0.6000000000	0.1000000000	0.1000000000	100	100	0	0.919972
1795000	-0.6000000000	0.1000000000	0.1000000000	100	100	0	0.899218
1796000	-0.6000000000	0.1000000000	0.1000000000	100	100	0	0.920615
1797000	-0.6000000000	0.1000000000	0.1000000000	100	100	0	0.876983
1798000	-0.6000000000	0.1000000000	0.1000000000	100	100	0	0.909381
1799000	-0.6000000000	0.1000000000	0.1000000000	100	100	0	0.873999
1800000	-0.6000000000	0.1000000000	0.1000000000	100	100	0	0.901304
1801000	-0.6000000000	0.1000000000	0.1000000000	100	100	0	0.894768
1802000	-0.6000000000	0.1000000000	0.1000000000	100	100	0	0.916762
1803000	-0.6000000000	0.1000000000	0.1000000000	100	100	0	0.857071
1804000	-0.6000000000	0.1000000000	0.1000000000	100	100	0	0.899337
1805000	-0.6000000000	0.1000000000	0.1000000000	100	100	0	0.863422
1806000	-0.6000000000	0.1000000000	0.1000000000	100	100	0	0.901077
1807000	-0.6000000000	0.1000000000	0.1000000000	100	100	0	0.924539
1808000	-0.6000000000	0.1000000000	0.1000000000	100	100	0	0.899521
1809000	-0.6000000000	0.1000000000	0.1000000000	100	100	0	0.884711
1810000	-0.6000000000	0.1000000000	0.1000000000	100	100	0	0.917702
1811000	-0.6000000000	0.1000000000	0.1000000000	100	100	0	0.908318
1812000	-0.6000000000	0.1000000000	0.1000000000	100	100	0	0.908670
1813000	-0.6000000000	0.1000000000	0.1000000000	100	100	0	0.898976
1814000	-0.6000000000	0.1000000000	0.1000000000	100	100	0	0.865750
1815000	-0.6000000000	0.1000000000	0.1000000000	100	100	0	0.890534
1816000	-0.6000000000	0.1000000000	0.1000000000	100	100	0	0.913839
1817000	-0.6000000000	0.1000000000	0.1000000000	100	100	0	0.947074
1818000	-0.6000000000	0.1000000000	0.1000000000	100	100	0	0.924380
1819000	-0.6000000000	0.1000000000	0.1000000000	100	100	0	0.912591
1820000	-0.6000000000	0.1000000000	0.1000000000	100	100	0	0.855334
1821000	-0.6000000000	0.1000000000	0.1000000000	100	100	0	0.888708
1822000	-0.6000000000	0.1000000000	0.1000000000	100	100	0	0.891079
1823000	-0.6000000000	0.1000000000	0.1000000000	100	100	0	0.896554
1824000	-0.6000000000	0.1000000000	0.1000000000	100	100	0	0.867893
1825000	-0.6000000000	0.1000000000	0.1000000000	100	100	0	0.871814
1826000	-0.6000000000	0.1000000000	0.1000000000	100	100	0	0.892267
1827000	-0.6000000000	0.1000000000	0.1000000000	100	100	0	0.810310
1828000	-0.6000000000	0.1000000000	0.1000000000	100	100	0	0.910157
1829000	-0.6000000000	0.1000000000	0.1000000000	100	100	0	0.884121
1830000	-0.6000000000	0.1000000000	0.1000000000	100	100	0	0.925368
1831000	-0.6000000000	0.1000000000	0.1000000000	100	100	0	0.921513
1832000	-0.6000000000	0.1000000000	0.1000000000	100	100	0	0.867580
1833000	-0.6000000000	0.1000000000	0.1000000000	100	100	0	0.823770
1834000	-0.6000000000	0.1000000000	0.1000000000	100	100	0	0.879540
1835000	-0.6000000000	0.1000000000	0.1000000000	100	100	0	0.956240
1836000	-0.6000000000	0.1000000000	0.1000000000	100	100	0	0.923066
1837000	-0.6000000000	0.1000000000	0.1000000000	100	100	0	0.882279
1838000	-0.6000000000	0.1000000000	0.1000000000	100	100	0	0.912410
1839000	-0.6000000000	0.1000000000	0.1000000000	100	100	0	0.914627
1840000	-0.6000000000	0.1000000000	0.1000000000	100	100	0	0.946541
1841000	-0.6000000000	0.1000000000	0.1000000000	100	100	0	0.933294
1842000	-0.6000000000	0.1000000000	0.1000000000	100	100	0	0.921927
1843000	-0.6000000000	0.1000000000	0.1000000000	100	100	0	0.903618
1844000	-0.6000000000	0.1000000000	0.1000000000	100	100	0	0.918658
1845000	-0.6000000000	0.1000000000	0.1000000000	100	100	0	0.893227
1846000	-0.6000000000	0.1000000000	0.1000000000	100	100	0	0.879423
1847000	-0.6000000000	0.1000000000	0.1000000000	100	100	0	0.922232
1848000	-0.6000000000	0.1000000000	0.1000000000	100	100	0	0.905335
1849000	-0.6000000000	0.1000000000	0.1000000000	100	100	0	0.912838
1850000	-0.6000000000	0.1000000000	0.1000000000	100	100	0	0.820687
1851000	-0.6000000000	0.1000000000	0.1000000000	100	100	0	0.853379
1852000	-0.6000000000	0.1000000000	0.1000000000	100	100	0	0.893222
1853000	-0.6000000000	0.1000000000	0.1000000000	100	100	0	0.853695
1854000	-0.6000000000	0.1000000000	0.1000000000	100	100	0	0.926401
1855000	-0.6000000000	0.1000000000	0.1000000000	100	100	0	0.926266
1856000	-0.6000000000	0.1000000000	0.1000000000	100	100	0	0.936614
1857000	-0.6000000000	0.1000000000	0.1000000000	100	100	0	0.886313
1858000	-0.6000000000	0.1000000000	0.1000000000	100	100	0	0.914379
1859000	-0.6000000000	0.1000000000	0.1000000000	100	100	0	0.924893
1860000	-0.6000000000	0.1000000000	0.1000000000	100	100	0	0.918114
1861000	-0.6000000000	0.1000000000	0.1000000000	100	100	0	0.849577
1862000	-0.6000000000	0.1000000000	0.1000000000	100	100	0	0.819742
1863000	-0.6000000000	0.1000000000	0.1000000000	100	100	0	0.863489
1864000	-0.6000000000	0.1000000000	0.1000000000	100	100	0	0.920207
1865000	-0.6000000000	0.1000000000	0.1000000000	100	100	0	0.907721
1866000	-0.6000000000	0.1000000000	0.1000000000	100	100	0	0.785412
1867000	-0.6000000000	0.1000000000	0.1000000000	100	100	0	0.819589
1868000	-0.6000000000	0.1000000000	0.1000000000	100	100	0	0.904565
1869000	-0.6000000000	0.1000000000	0.1000000000	100	100	0	0.893618
1870000	-0.6000000000	0.1000000000	0.1000000000	100	100	0	0.812668
1871000	-0.6000000000	0.1000000000	0.1000000000	100	100	0	0.832752
1872000	-0.6000000000	0.1000000000	0.1000000000	100	100	0	0.885191
1873000	-0.6000000000	0.1000000000	0.1000000000	100	100	0	0.788631
1874000	-0.6000000000	0.1000000000	0.1000000000	100	100	0	0.924608
1875000	-0.6000000000	0.1000000000	0.1000000000	100	100	0	0.843928
1876000	-0.6000000000	0.1000000000	0.1000000000	100	100	0	0.944699
1877000	-0.6000000000	0.1000000000	0.1000000000	100	100	0	0.888589
1878000	-0.6000000000	0.1000000000	0.1000000000	100	100	0	0.837033
1879000	-0.6000000000	0.1000000000	0.1000000000	100	100	0	0.827586
1880000	-0.6000000000	0.1000000000	0.1000000000	100	100	0	0.857315
1881000	-0.6000000000	0.1000000000	0.1000000000	100	100	0	0.904680
1882000	-0.6000000000	0.1000000000	0.1000000000	100	100	0	0.916287
1883000	-0.6000000000	0.1000000000	0.1000000000	100	100	0	0.922827
1884000	-0.6000000000	0.1000000000	0.1000000000	100	100	0	0.910573
1885000	-0.6000000000	0.1000000000	0.1000000000	100	100	0	0.902126
1886000	-0.6000000000	0.1000000000	0.1000000000	100	100	0	0.929358
1887000	-0.6000000000	0.1000000000	0.1000000000	100	100	0	0.902004
1888000	-0.6000000000	0.1000000000	0.1000000000	100	100	0	0.896778
1889000	-0.6000000000	0.1000000000	0.1000000000	100	100	0	0.892512
1890000	-0.6000000000	0.1000000000	0.1000000000	100	100	0	0.933157
1891000	-0.6000000000	0.1000000000	0.1000000000	100	100	0	0.917954
1892000	-0.6000000000	0.1000000000	0.1000000000	100	100	0	0.884185
1893000	-0.6000000000	0.1000000000	0.1000000000	100	100	0	0.910744
1894000	-0.6000000000	0.1000000000	0.1000000000	100	100	0	0.918071
1895000	-0.6000000000	0.1000000000	0.1000000000	100	100	0	0.901353
1896000	-0.6000000000	0.1000000000	0.1000000000	100	100	0	0.915336
1897000	-0.6000000000	0.1000000000	0.1000000000	100	100	0	0.910443
1898000	-0.6000000000	0.1000000000	0.1000000000	100	100	0	0.865999
1899000	-0.6000000000	0.1000000000	0.1000000000	100	100	0	0.850524
1900000	-0.6000000000	0.1000000000	0.1000000000	100	100	0	0.926393
1901000	-0.6000000000	0.1000000000	0.1000000000	100	100	0	0.884589
1902000	-0.6000000000	0.1000000000	0.1000000000	100	100	0	0.894814
1903000	-0.6000000000	0.1000000000	0.1000000000	100	100	0	0.814156
1904000	-0.6000000000	0.1000000000	0.1000000000	100	100	0	0.883050
1905000	-0.6000000000	0.1000000000	0.1000000000	100	100	0	0.903850
1906000	-0.6000000000	0.1000000000	0.1000000000	100	100	0	0.946964
1907000	-0.6000000000	0.1000000000	0.1000000000	100	100	0	0.817781
1908000	-0.6000000000	0.1000000000	0.1000000000	100	100	0	0.855765
1909000	-0.6000000000	0.1000000000	0.1000000000	100	100	0	0.847845
1910000	-0.6000000000	0.1000000000	0.1000000000	100	100	0	0.866937
1911000	-0.6000000000	0.1000000000	0.1000000000	100	100	0	0.896957
1912000	-0.6000000000	0.1000000000	0.1000000000	100	100	0	0.805525
1913000	-0.6000000000	0.1000000000	0.1000000000	100	100	0	0.807187
1914000	-0.6000000000	0.1000000000	0.1000000000	100	100	0	0.927467
1915000	-0.6000000000	0.1000000000	0.1000000000	100	100	0	0.842796
1916000	-0.6000000000	0.1000000000	0.1000000000	100	100	0	0.866357
1917000	-0.6000000000	0.1000000000	0.1000000000	100	100	0	0.930554
1918000	-0.6000000000	0.1000000000	0.1000000000	100	100	0	0.905578
1919000	-0.6000000000	0.1000000000	0.1000000000	100	100	0	0.878123
1920000	-0.6000000000	0.1000000000	0.1000000000	100	100	0	0.918776
1921000	-0.6000000000	0.1000000000	0.1000000000	100	100	0	0.940900
1922000	-0.6000000000	0.1000000000	0.1000000000	100	100	0	0.932685
1923000	-0.6000000000	0.1000000000	0.1000000000	100	100	0	0.875743
1924000	-0.6000000000	0.1000000000	0.1000000000	100	100	0	0.911053
1925000	-0.6000000000	0.1000000000	0.1000000000	100	100	0	0.859698
1926000	-0.6000000000	0.1000000000	0.1000000000	100	100	0	0.907124
1927000	-0.6000000000	0.1000000000	0.1000000000	100	100	0	0.916408
1928000	-0.6000000000	0.1000000000	0.1000000000	100	100	0	0.902613
1929000	-0.6000000000	0.1000000000	0.1000000000	100	100	0	0.905815
1930000	-0.6000000000	0.1000000000	0.1000000000	100	100	0	0.909731
1931000	-0.6000000000	0.1000000000	0.1000000000	100	100	0	0.907055
1932000	-0.6000000000	0.1000000000	0.1000000000	100	100	0	0.907828
1933000	-0.6000000000	0.1000000000	0.1000000000	100	100	0	0.862776
1934000	-0.6000000000	0.1000000000	0.1000000000	100	100	0	0.883336
1935000	-0.6000000000	0.1000000000	0.1000000000	100	100	0	0.922701
1936000	-0.6000000000	0.1000000000	0.1000000000	100	100	0	0.945944
1937000	-0.6000000000	0.1000000000	0.1000000000	100	100	0	0.893809
1938000	-0.6000000000	0.1000000000	0.1000000000	100	100	0	0.882404
1939000	-0.6000000000	0.1000000000	0.1000000000	100	100	0	0.917120
1940000	-0.6000000000	0.1000000000	0.1000000000	100	100	0	0.904501
1941000	-0.6000000000	0.1000000000	0.1000000000	100	100	0	0.920679
1942000	-0.6000000000	0.1000000000	0.1000000000	100	100	0	0.955993
1943000	-0.6000000000	0.1000000000	0.1000000000	100	100	0	0.854385
1944000	-0.6000000000	0.1000000000	0.1000000000	100	100	0	0.876450
1945000	-0.6000000000	0.1000000000	0.1000000000	100	100	0	0.932392
1946000	-0.6000000000	0.1000000000	0.1000000000	100	100	0	0.907361
1947000	-0.6000000000	0.1000000000	0.1000000000	100	100	0	0.903743
1948000	-0.6000000000	0.1000000000	0.1000000000	100	100	0	0.884905
1949000	-0.6000000000	0.1000000000	0.1000000000	100	100	0	0.799992
1950000	-0.6000000000	0.1000000000	0.1000000000	100	100	0	0.902381
1951000	-0.6000000000	0.1000000000	0.1000000000	100	100	0	0.905822
1952000	-0.6000000000	0.1000000000	0.1000000000	100	100	0	0.824136
1953000	-0.6000000000	0.1000000000	0.1000000000	100	100	0	0.920211
1954000	-0.6000000000	0.1000000000	0.1000000000	100	100	0	0.922347
1955000	-0.6000000000	0.1000000000	0.1000000000	100	100	0	0.871099
1956000	-0.6000000000	0.1000000000	0.1000000000	100	100	0	0.912880
1957000	-0.6000000000	0.1000000000	0.1000000000	100	100	0	0.840847
1958000	-0.6000000000	0.1000000000	0.1000000000	100	100	0	0.914558
1959000	-0.6000000000	0.1000000000	0.1000000000	100	100	0	0.887992
1960000	-0.6000000000	0.1000000000	0.1000000000	100	100	0	0.907895
1961000	-0.6000000000	0.1000000000	0.1000000000	100	100	0	0.916755
1962000	-0.6000000000	0.1000000000	0.1000000000	100	100	0	0.928886
1963000	-0.6000000000	0.1000000000	0.1000000000	100	100	0	0.838863
1964000	-0.6000000000	0.1000000000	0.1000000000	100	100	0	0.868503
1965000	-0.6000000000	0.1000000000	0.1000000000	100	100	0	0.919130
1966000	-0.6000000000	0.1000000000	0.1000000000	100	100	0	0.942438
1967000	-0.6000000000	0.1000000000	0.1000000000	100	100	0	0.872642
1968000	-0.6000000000	0.1000000000	0.1000000000	100	100	0	0.802741
1969000	-0.6000000000	0.1000000000	0.1000000000	100	100	0	0.881977
1970000	-0.6000000000	0.1000000000	0.1000000000	100	100	0	0.879658
1971000	-0.6000000000	0.1000000000	0.1000000000	100	100	0	0.869686
1972000	-0.6000000000	0.1000000000	0.1000000000	100	100	0	0.899755
1973000	-0.6000000000	0.1000000000	0.1000000000	100	100	0	0.893867
1974000	-0.6000000000	0.1000000000	0.1000000000	100	100	0	0.930435
1975000	-0.6000000000	0.1000000000	0.1000000000	100	100	0	0.801725
1976000	-0.6000000000	0.1000000000	0.1000000000	100	100	0	0.833286
1977000	-0.6000000000	0.1000000000	0.1000000000	100	100	0	0.882165
1978000	-0.6000000000	0.1000000000	0.1000000000	100	100	0	0.911699
1979000	-0.6000000000	0.1000000000	0.1000000000	100	100	0	0.874428
1980000	-0.6000000000	0.1000000000	0.1000000000	100	100	0	0.889823
1981000	-0.6000000000	0.1000000000	0.1000000000	100	100	0	0.912770
1982000	-0.6000000000	0.1000000000	0.1000000000	100	100	0	0.922472
1983000	-0.6000000000	0.1000000000	0.1000000000	100	100	0	0.920683
1984000	-0.6000000000	0.1000000000	0.1000000000	100	100	0	0.897501
1985000	-0.6000000000	0.1000000000	0.1000000000	100	100	0	0.916461
1986000	-0.6000000000	0.1000000000	0.1000000000	100	100	0	0.871385
1987000	-0.6000000000	0.1000000000	0.1000000000	100	100	0	0.892092
1988000	-0.6000000000	0.1000000000	0.1000000000	100	100	0	0.928710
1989000	-0.6000000000	0.1000000000	0.1000000000	100	100	0	0.903381
1990000	-0.6000000000	0.1000000000	0.1000000000	100	100	0	0.841544
1991000	-0.6000000000	0.1000000000	0.1000000000	100	100	0	0.907180
1992000	-0.6000000000	0.1000000000	0.1000000000	100	100	0	0.874544
1993000	-0.6000000000	0.1000000000	0.1000000000	100	100	0	0.883214
1994000	-0.6000000000	0.1000000000	0.1000000000	100	100	0	0.924965
1995000	-0.6000000000	0.1000000000	0.1000000000	100	100	0	0.853501
1996000	-0.6000000000	0.1000000000	0.1000000000	100	100	0	0.840016
1997000	-0.6000000000	0.1000000000	0.1000000000	100	100	0	0.888349
1998000	-0.6000000000	0.1000000000	0.1000000000	100	100	0	0.902014
1999000	-0.6000000000	0.1000000000	0.1000000000	100	100	0	0.852591
2000000	-0.6000000000	0.1000000000	0.1000000000	100	100	0	0.912716
2001000	-0.6000000000	0.1000000000	0.1000000000	100	100	0	0.901960
2002000	-0.6000000000	0.1000000000	0.1000000000	100	100	0	0.920321
2003000	-0.6000000000	0.1000000000	0.1000000000	100	100	0	0.920204
2004000	-0.6000000000	0.1000000000	0.1000000000	100	100	0	0.901661
2005000	-0.6000000000	0.1000000000	0.1000000000	100	100	0	0.859615
2006000	-0.6000000000	0.1000000000	0.1000000000	100	100	0	0.941612
2007000	-0.6000000000	0.1000000000	0.1000000000	100	100	0	0.924490
2008000	-0.6000000000	0.1000000000	0.1000000000	100	100	0	0.887870
2009000	-0.6000000000	0.1000000000	0.1000000000	100	100	0	0.901541
2010000	-0.6000000000	0.1000000000	0.1000000000	100	100	0	0.886805
2011000	-0.6000000000	0.1000000000	0.1000000000	100	100	0	0.907843
2012000	-0.6000000000	0.1000000000	0.1000000000	100	100	0	0.946484
2013000	-0.6000000000	0.1000000000	0.1000000000	100	100	0	0.894523
2014000	-0.6000000000	0.1000000000	0.1000000000	100	100	0	0.914433
2015000	-0.6000000000	0.1000000000	0.1000000000	100	100	0	0.906766
2016000	-0.6000000000	0.1000000000	0.1000000000	100	100	0	0.902770
2017000	-0.6000000000	0.1000000000	0.1000000000	100	100	0	0.872648
2018000	-0.6000000000	0.1000000000	0.1000000000	100	100	0	0.900348
2019000	-0.6000000000	0.1000000000	0.1000000000	100	100	0	0.894284
2020000	-0.6000000000	0.1000000000	0.1000000000	100	100	0	0.900991
2021000	-0.6000000000	0.1000000000	0.1000000000	100	100	0	0.877978
2022000	-0.6000000000	0.1000000000	0.1000000000	100	100	0	0.896600
2023000	-0.6000000000	0.1000000000	0.1000000000	100	100	0	0.889716
2024000	-0.6000000000	0.1000000000	0.1000000000	100	100	0	0.898099
2025000	-0.6000000000	0.1000000000	0.1000000000	100	100	0	0.887127
2026000	-0.6000000000	0.1000000000	0.1000000000	100	100	0	0.846013
2027000	-0.6000000000	0.1000000000	0.1000000000	100	100	0	0.869679
2028000	-0.6000000000	0.1000000000	0.1000000000	100	100	0	0.947199
2029000	-0.6000000000	0.1000000000	0.1000000000	100	100	0	0.931034
2030000	-0.6000000000	0.1000000000	0.1000000000	100	100	0	0.873818
2031000	-0.6000000000	0.1000000000	0.1000000000	100	100	0	0.834548
2032000	-0.6000000000	0.1000000000	0.1000000000	100	100	0	0.933644
2033000	-0.6000000000	0.1000000000	0.1000000000	100	100	0	0.896314
2034000	-0.6000000000	0.1000000000	0.1000000000	100	100	0	0.879907
2035000	-0.6000000000	0.1000000000	0.1000000000	100	100	0	0.896431
2036000	-0.6000000000	0.1000000000	0.1000000000	100	100	0	0.898684
2037000	-0.6000000000	0.1000000000	0.1000000000	100	100	0	0.872651
2038000	-0.6000000000	0.1000000000	0.1000000000	100	100	0	0.810974
2039000	-0.6000000000	0.1000000000	0.1000000000	100	100	0	0.887265
2040000	-0.6000000000	0.1000000000	0.1000000000	100	100	0	0.928406
2041000	-0.6000000000	0.1000000000	0.1000000000	100	100	0	0.869558
2042000	-0.6000000000	0.1000000000	0.1000000000	100	100	0	0.909746
2043000	-0.6000000000	0.1000000000	0.1000000000	100	100	0	0.889457
2044000	-0.6000000000	0.1000000000	0.1000000000	100	100	0	0.887379
2045000	-0.6000000000	0.1000000000	0.1000000000	100	100	0	0.887211
2046000	-0.6000000000	0.1000000000	0.1000000000	100	100	0	0.912001
2047000	-0.6000000000	0.1000000000	0.1000000000	100	100	0	0.848514
2048000	-0.6000000000	0.1000000000	0.1000000000	100	100	0	0.889303
2049000	-0.6000000000	0.1000000000	0.1000000000	100	100	0	0.878243
2050000	-0.6000000000	0.1000000000	0.1000000000	100	100	0	0.875434
2051000	-0.6000000000	0.1000000000	0.1000000000	100	100	0	0.880479
2052000	-0.6000000000	0.1000000000	0.1000000000	100	100	0	0.930547
2053000	-0.6000000000	0.1000000000	0.1000000000	100	100	0	0.927751
2054000	-0.6000000000	0.1000000000	0.1000000000	100	100	0	0.937142
2055000	-0.6000000000	0.1000000000	0.1000000000	100	100	0	0.898912
2056000	-0.6000000000	0.1000000000	0.1000000000	100	100	0	0.886487
2057000	-0.6000000000	0.1000000000	0.1000000000	100	100	0	0.914379
2058000	-0.6000000000	0.1000000000	0.1000000000	100	100	0	0.905940
2059000	-0.6000000000	0.1000000000	0.1000000000	100	100	0	0.905213
2060000	-0.6000000000	0.1000000000	0.1000000000	100	100	0	0.891357
2061000	-0.6000000000	0.1000000000	0.1000000000	100	100	0	0.896662
2062000	-0.6000000000	0.1000000000	0.1000000000	100	100	0	0.914560
2063000	-0.6000000000	0.1000000000	0.1000000000	100	100	0	0.906652
2064000	-0.6000000000	0.1000000000	0.1000000000	100	100	0	0.881908
2065000	-0.6000000000	0.1000000000	0.1000000000	100	100	0	0.891612
2066000	-0.6000000000	0.1000000000	0.1000000000	100	100	0	0.960279
2067000	-0.6000000000	0.1000000000	0.1000000000	100	100	0	0.917939
2068000	-0.6000000000	0.1000000000	0.1000000000	100	100	0	0.885785
2069000	-0.6000000000	0.1000000000	0.1000000000	100	100	0	0.863127
2070000	-0.6000000000	0.1000000000	0.1000000000	100	100	0	0.856429
2071000	-0.6000000000	0.1000000000	0.1000000000	100	100	0	0.875828
2072000	-0.6000000000	0.1000000000	0.1000000000	100	100	0	0.914505
2073000	-0.6000000000	0.1000000000	0.1000000000	100	100	0	0.927931
2074000	-0.6000000000	0.1000000000	0.1000000000	100	100	0	0.859333
2075000	-0.6000000000	0.1000000000	0.1000000000	100	100	0	0.839596
2076000	-0.6000000000	0.1000000000	0.1000000000	100	100	0	0.893570
2077000	-0.6000000000	0.1000000000	0.1000000000	100	100	0	0.916466
2078000	-0.6000000000	0.1000000000	0.1000000000	100	100	0	0.876568
2079000	-0.6000000000	0.1000000000	0.1000000000	100	100	0	0.854152
2080000	-0.6000000000	0.1000000000	0.1000000000	100	100	0	0.886565
2081000	-0.6000000000	0.1000000000	0.1000000000	100	100	0	0.824546
2082000	-0.6000000000	0.1000000000	0.1000000000	100	100	0	0.821864
2083000	-0.6000000000	0.1000000000	0.1000000000	100	100	0	0.838689
2084000	-0.6000000000	0.1000000000	0.1000000000	100	100	0	0.900945
2085000	-0.6000000000	0.1000000000	0.1000000000	100	100	0	0.872111
2086000	-0.6000000000	0.1000000000	0.1000000000	100	100	0	0.921753
2087000	-0.6000000000	0.1000000000	0.1000000000	100	100	0	0.839525
2088000	-0.6000000000	0.1000000000	0.1000000000	100	100	0	0.868252
2089000	-0.6000000000	0.1000000000	0.1000000000	100	100	0	0.877626
2090000	-0.6000000000	0.1000000000	0.1000000000	100	100	0	0.928826
2091000	-0.6000000000	0.1000000000	0.1000000000	100	100	0	0.829249
2092000	-0.6000000000	0.1000000000	0.1000000000	100	100	0	0.921988
2093000	-0.6000000000	0.1000000000	0.1000000000	100	100	0	0.887635
2094000	-0.6000000000	0.1000000000	0.1000000000	100	100	0	0.913193
2095000	-0.6000000000	0.1000000000	0.1000000000	100	100	0	0.917124
2096000	-0.6000000000	0.1000000000	0.1000000000	100	100	0	0.914140
2097000	-0.6000000000	0.1000000000	0.1000000000	100	100	0	0.914964
2098000	-0.6000000000	0.1000000000	0.1000000000	100	100	0	0.894166
2099000	-0.6000000000	0.1000000000	0.1000000000	100	100	0	0.851417
2100000	-0.6000000000	0.1000000000	0.1000000000	100	100	0	0.913905
2101000	-0.6000000000	0.1000000000	0.1000000000	100	100	0	0.932932
2102000	-0.6000000000	0.1000000000	0.1000000000	100	100	0	0.898449
2103000	-0.6000000000	0.1000000000	0.1000000000	100	100	0	0.894220
2104000	-0.6000000000	0.1000000000	0.1000000000	100	100	0	0.920806
2105000	-0.6000000000	0.1000000000	0.1000000000	100	100	0	0.930200
2106000	-0.6000000000	0.1000000000	0.1000000000	100	100	0	0.920725
2107000	-0.6000000000	0.1000000000	0.1000000000	100	100	0	0.824714
2108000	-0.6000000000	0.1000000000	0.1000000000	100	100	0	0.888469
2109000	-0.6000000000	0.1000000000	0.1000000000	100	100	0	0.900226
2110000	-0.6000000000	0.1000000000	0.1000000000	100	100	0	0.877825
2111000	-0.6000000000	0.1000000000	0.1000000000	100	100	0	0.916457
2112000	-0.6000000000	0.1000000000	0.1000000000	100	100	0	0.929595
2113000	-0.6000000000	0.1000000000	0.1000000000	100	100	0	0.921863
2114000	-0.6000000000	0.1000000000	0.1000000000	100	100	0	0.921158
2115000	-0.6000000000	0.1000000000	0.1000000000	100	100	0	0.902248
2116000	-0.6000000000	0.1000000000	0.1000000000	100	100	0	0.839937
2117000	-0.6000000000	0.1000000000	0.1000000000	100	100	0	0.947679
2118000	-0.6000000000	0.1000000000	0.1000000000	100	100	0	0.883637
2119000	-0.6000000000	0.1000000000	0.1000000000	100	100	0	0.790432
2120000	-0.6000000000	0.1000000000	0.1000000000	100	100	0	0.896664
2121000	-0.6000000000	0.1000000000	0.1000000000	100	100	0	0.837322
2122000	-0.6000000000	0.1000000000	0.1000000000	100	100	0	0.941254
2123000	-0.6000000000	0.1000000000	0.1000000000	100	100	0	0.880626
2124000	-0.6000000000	0.1000000000	0.1000000000	100	100	0	0.862890
2125000	-0.6000000000	0.1000000000	0.1000000000	100	100	0	0.941489
2126000	-0.6000000000	0.1000000000	0.1000000000	100	100	0	0.888691
2127000	-0.6000000000	0.1000000000	0.1000000000	100	100	0	0.922107
2128000	-0.6000000000	0.1000000000	0.1000000000	100	100	0	0.894934
2129000	-0.6000000000	0.1000000000	0.1000000000	100	100	0	0.881683
2130000	-0.6000000000	0.1000000000	0.1000000000	100	100	0	0.892138
2131000	-0.6000000000	0.1000000000	0.1000000000	100	100	0	0.910521
2132000	-0.6000000000	0.1000000000	0.1000000000	100	100	0	0.937688
2133000	-0.6000000000	0.1000000000	0.1000000000	100	100	0	0.920451
2134000	-0.6000000000	0.1000000000	0.1000000000	100	100	0	0.919252
2135000	-0.6000000000	0.1000000000	0.1000000000	100	100	0	0.939285
2136000	-0.6000000000	0.1000000000	0.1000000000	100	100	0	0.915104
2137000	-0.6000000000	0.1000000000	0.1000000000	100	100	0	0.904394
2138000	-0.6000000000	0.1000000000	0.1000000000	100	100	0	0.864556
2139000	-0.6000000000	0.1000000000	0.1000000000	100	100	0	0.913903
2140000	-0.6000000000	0.1000000000	0.1000000000	100	100	0	0.863135
2141000	-0.6000000000	0.1000000000	0.1000000000	100	100	0	0.899046
2142000	-0.6000000000	0.1000000000	0.1000000000	100	100	0	0.912239
2143000	-0.6000000000	0.1000000000	0.1000000000	100	100	0	0.894523
2144000	-0.6000000000	0.1000000000	0.1000000000	100	100	0	0.849508
2145000	-0.6000000000	0.1000000000	0.1000000000	100	100	0	0.837551
2146000	-0.6000000000	0.1000000000	0.1000000000	100	100	0	0.927105
2147000	-0.6000000000	0.1000000000	0.1000000000	100	100	0	0.896793
2148000	-0.6000000000	0.1000000000	0.1000000000	100	100	0	0.920931
2149000	-0.6000000000	0.1000000000	0.1000000000	100	100	0	0.867778
2150000	-0.6000000000	0.1000000000	0.1000000000	100	100	0	0.914668
2151000	-0.6000000000	0.1000000000	0.1000000000	100	100	0	0.931749
2152000	-0.6000000000	0.1000000000	0.1000000000	100	100	0	0.848729
2153000	-0.6000000000	0.1000000000	0.1000000000	100	100	0	0.915270
2154000	-0.6000000000	0.1000000000	0.1000000000	100	100	0	0.879359
2155000	-0.6000000000	0.1000000000	0.1000000000	100	100	0	0.900585
2156000	-0.6000000000	0.1000000000	0.1000000000	100	100	0	0.900235
2157000	-0.6000000000	0.1000000000	0.1000000000	100	100	0	0.887390
2158000	-0.6000000000	0.1000000000	0.1000000000	100	100	0	0.808021
2159000	-0.6000000000	0.1000000000	0.1000000000	100	100	0	0.895590
2160000	-0.6000000000	0.1000000000	0.1000000000	100	100	0	0.971459
2161000	-0.6000000000	0.1000000000	0.1000000000	100	100	0	0.895350
2162000	-0.6000000000	0.1000000000	0.1000000000	100	100	0	0.899995
2163000	-0.6000000000	0.1000000000	0.1000000000	100	100	0	0.935068
2164000	-0.6000000000	0.1000000000	0.1000000000	100	100	0	0.897088
2165000	-0.6000000000	0.1000000000	0.1000000000	100	100	0	0.902121
2166000	-0.6000000000	0.1000000000	0.1000000000	100	100	0	0.861465
2167000	-0.6000000000	0.1000000000	0.1000000000	100	100	0	0.894812
2168000	-0.6000000000	0.1000000000	0.1000000000	100	100	0	0.902190
2169000	-0.6000000000	0.1000000000	0.1000000000	100	100	0	0.950051
2170000	-0.6000000000	0.1000000000	0.1000000000	100	100	0	0.918898
2171000	-0.6000000000	0.1000000000	0.1000000000	100	100	0	0.919250
2172000	-0.6000000000	0.1000000000	0.1000000000	100	100	0	0.902968
2173000	-0.6000000000	0.1000000000	0.1000000000	100	100	0	0.920334
2174000	-0.6000000000	0.1000000000	0.1000000000	100	100	0	0.952837
2175000	-0.6000000000	0.1000000000	0.1000000000	100	100	0	0.936739
2176000	-0.6000000000	0.1000000000	0.1000000000	100	100	0	0.959567
2177000	-0.6000000000	0.1000000000	0.1000000000	100	100	0	0.889176
2178000	-0.6000000000	0.1000000000	0.1000000000	100	100	0	0.934718
2179000	-0.6000000000	0.1000000000	0.1000000000	100	100	0	0.810922
2180000	-0.6000000000	0.1000000000	0.1000000000	100	100	0	0.876076
2181000	-0.6000000000	0.1000000000	0.1000000000	100	100	0	0.924962
2182000	-0.6000000000	0.1000000000	0.1000000000	100	100	0	0.881810
2183000	-0.6000000000	0.1000000000	0.1000000000	100	100	0	0.902121
2184000	-0.6000000000	0.1000000000	0.1000000000	100	100	0	0.934710
2185000	-0.6000000000	0.1000000000	0.1000000000	100	100	0	0.860515
2186000	-0.6000000000	0.1000000000	0.1000000000	100	100	0	0.922590
2187000	-0.6000000000	0.1000000000	0.1000000000	100	100	0	0.919979
2188000	-0.6000000000	0.1000000000	0.1000000000	100	100	0	0.865153
2189000	-0.6000000000	0.1000000000	0.1000000000	100	100	0	0.897914
2190000	-0.6000000000	0.1000000000	0.1000000000	100	100	0	0.900950
2191000	-0.6000000000	0.1000000000	0.1000000000	100	100	0	0.883828
2192000	-0.6000000000	0.1000000000	0.1000000000	100	100	0	0.907958
2193000	-0.6000000000	0.1000000000	0.1000000000	100	100	0	0.769287
2194000	-0.6000000000	0.1000000000	0.1000000000	100	100	0	0.881560
2195000	-0.6000000000	0.1000000000	0.1000000000	100	100	0	0.884780
2196000	-0.6000000000	0.1000000000	0.1000000000	100	100	0	0.902251
2197000	-0.6000000000	0.1000000000	0.1000000000	100	100	0	0.887094
2198000	-0.6000000000	0.1000000000	0.1000000000	100	100	0	0.870922
2199000	-0.6000000000	0.1000000000	0.1000000000	100	100	0	0.872465
2200000	-0.6000000000	0.1000000000	0.1000000000	100	100	0	0.888275
2201000	-0.6000000000	0.1000000000	0.1000000000	100	100	0	0.793148
2202000	-0.6000000000	0.1000000000	0.1000000000	100	100	0	0.853391
2203000	-0.6000000000	0.1000000000	0.1000000000	100	100	0	0.908665
2204000	-0.6000000000	0.1000000000	0.1000000000	100	100	0	0.892784
2205000	-0.6000000000	0.1000000000	0.1000000000	100	100	0	0.905700
2206000	-0.6000000000	0.1000000000	0.1000000000	100	100	0	0.812410
2207000	-0.6000000000	0.1000000000	0.1000000000	100	100	0	0.894531
2208000	-0.6000000000	0.1000000000	0.1000000000	100	100	0	0.920919
2209000	-0.6000000000	0.1000000000	0.1000000000	100	100	0	0.924010
2210000	-0.6000000000	0.1000000000	0.1000000000	100	100	0	0.835304
2211000	-0.6000000000	0.1000000000	0.1000000000	100	100	0	0.835946
2212000	-0.6000000000	0.1000000000	0.1000000000	100	100	0	0.874540
2213000	-0.6000000000	0.1000000000	0.1000000000	100	100	0	0.886196
2214000	-0.6000000000	0.1000000000	0.1000000000	100	100	0	0.899986
2215000	-0.6000000000	0.1000000000	0.1000000000	100	100	0	0.845769
2216000	-0.6000000000	0.1000000000	0.1000000000	100	100	0	0.902605
2217000	-0.6000000000	0.1000000000	0.1000000000	100	100	0	0.820687
2218000	-0.6000000000	0.1000000000	0.1000000000	100	100	0	0.919495
2219000	-0.6000000000	0.1000000000	0.1000000000	100	100	0	0.908433
2220000	-0.6000000000	0.1000000000	0.1000000000	100	100	0	0.912834
2221000	-0.6000000000	0.1000000000	0.1000000000	100	100	0	0.926146
2222000	-0.6000000000	0.1000000000	0.1000000000	100	100	0	0.902968
2223000	-0.6000000000	0.1000000000	0.1000000000	100	100	0	0.875975
2224000	-0.6000000000	0.1000000000	0.1000000000	100	100	0	0.871223
2225000	-0.6000000000	0.1000000000	0.1000000000	100	100	0	0.885895
2226000	-0.6000000000	0.1000000000	0.1000000000	100	100	0	0.884772
2227000	-0.6000000000	0.1000000000	0.1000000000	100	100	0	0.863851
2228000	-0.6000000000	0.1000000000	0.1000000000	100	100	0	0.865278
2229000	-0.6000000000	0.1000000000	0.1000000000	100	100	0	0.913428
2230000	-0.6000000000	0.1000000000	0.1000000000	100	100	0	0.916522
2231000	-0.6000000000	0.1000000000	0.1000000000	100	100	0	0.921207
2232000	-0.6000000000	0.1000000000	0.1000000000	100	100	0	0.881321
2233000	-0.6000000000	0.1000000000	0.1000000000	100	100	0	0.917774
2234000	-0.6000000000	0.1000000000	0.1000000000	100	100	0	0.867519
2235000	-0.6000000000	0.1000000000	0.1000000000	100	100	0	0.909333
2236000	-0.6000000000	0.1000000000	0.1000000000	100	100	0	0.885122
2237000	-0.6000000000	0.1000000000	0.1000000000	100	100	0	0.906537
2238000	-0.6000000000	0.1000000000	0.1000000000	100	100	0	0.830912
2239000	-0.6000000000	0.1000000000	0.1000000000	100	100	0	0.927516
2240000	-0.6000000000	0.1000000000	0.1000000000	100	100	0	0.946849
2241000	-0.6000000000	0.1000000000	0.1000000000	100	100	0	0.912606
2242000	-0.6000000000	0.1000000000	0.1000000000	100	100	0	0.907828
2243000	-0.6000000000	0.1000000000	0.1000000000	100	100	0	0.918426
2244000	-0.6000000000	0.1000000000	0.1000000000	100	100	0	0.906896
2245000	-0.6000000000	0.1000000000	0.1000000000	100	100	0	0.883109
2246000	-0.6000000000	0.1000000000	0.1000000000	100	100	0	0.950291
2247000	-0.6000000000	0.1000000000	0.1000000000	100	100	0	0.869662
2248000	-0.6000000000	0.1000000000	0.1000000000	100	100	0	0.922936
2249000	-0.6000000000	0.1000000000	0.1000000000	100	100	0	0.927873
2250000	-0.6000000000	0.1000000000	0.1000000000	100	100	0	0.891311
2251000	-0.6000000000	0.1000000000	0.1000000000	100	100	0	0.884890
2252000	-0.6000000000	0.1000000000	0.1000000000	100	100	0	0.923411
2253000	-0.6000000000	0.1000000000	0.1000000000	100	100	0	0.860326
2254000	-0.6000000000	0.1000000000	0.1000000000	100	100	0	0.893149
2255000	-0.6000000000	0.1000000000	0.1000000000	100	100	0	0.913675
2256000	-0.6000000000	0.1000000000	0.1000000000	100	100	0	0.885289
2257000	-0.6000000000	0.1000000000	0.1000000000	100	100	0	0.946484
2258000	-0.6000000000	0.1000000000	0.1000000000	100	100	0	0.844698
2259000	-0.6000000000	0.1000000000	0.1000000000	100	100	0	0.806891
2260000	-0.6000000000	0.1000000000	0.1000000000	100	100	0	0.838564
2261000	-0.6000000000	0.1000000000	0.1000000000	100	100	0	0.878473
2262000	-0.6000000000	0.1000000000	0.1000000000	100	100	0	0.893860
2263000	-0.6000000000	0.1000000000	0.1000000000	100	100	0	0.918951
2264000	-0.6000000000	0.1000000000	0.1000000000	100	100	0	0.863840
2265000	-0.6000000000	0.1000000000	0.1000000000	100	100	0	0.855209
2266000	-0.6000000000	0.1000000000	0.1000000000	100	100	0	0.875743
2267000	-0.6000000000	0.1000000000	0.1000000000	100	100	0	0.905807
2268000	-0.6000000000	0.1000000000	0.1000000000	100	100	0	0.877800
2269000	-0.6000000000	0.1000000000	0.1000000000	100	100	0	0.879603
2270000	-0.6000000000	0.1000000000	0.1000000000	100	100	0	0.937211
2271000	-0.6000000000	0.1000000000	0.1000000000	100	100	0	0.922574
2272000	-0.6000000000	0.1000000000	0.1000000000	100	100	0	0.842366
2273000	-0.6000000000	0.1000000000	0.1000000000	100	100	0	0.915803
2274000	-0.6000000000	0.1000000000	0.1000000000	100	100	0	0.888623
2275000	-0.6000000000	0.1000000000	0.1000000000	100	100	0	0.910101
2276000	-0.6000000000	0.1000000000	0.1000000000	100	100	0	0.904985
2277000	-0.6000000000	0.1000000000	0.1000000000	100	100	0	0.908422
2278000	-0.6000000000	0.1000000000	0.1000000000	100	100	0	0.866946
2279000	-0.6000000000	0.1000000000	0.1000000000	100	100	0	0.836147
2280000	-0.6000000000	0.1000000000	0.1000000000	100	100	0	0.832095
2281000	-0.6000000000	0.1000000000	0.1000000000	100	100	0	0.826507
2282000	-0.6000000000	0.1000000000	0.1000000000	100	100	0	0.848367
2283000	-0.6000000000	0.1000000000	0.1000000000	100	100	0	0.871462
2284000	-0.6000000000	0.1000000000	0.1000000000	100	100	0	0.885959
2285000	-0.6000000000	0.1000000000	0.1000000000	100	100	0	0.907128
2286000	-0.6000000000	0.1000000000	0.1000000000	100	100	0	0.891837
2287000	-0.6000000000	0.1000000000	0.1000000000	100	100	0	0.885774
2288000	-0.6000000000	0.1000000000	0.1000000000	100	100	0	0.926506
2289000	-0.6000000000	0.1000000000	0.1000000000	100	100	0	0.895465
2290000	-0.6000000000	0.1000000000	0.1000000000	100	100	0	0.942803
2291000	-0.6000000000	0.1000000000	0.1000000000	100	100	0	0.846473
2292000	-0.6000000000	0.1000000000	0.1000000000	100	100	0	0.870623
2293000	-0.6000000000	0.1000000000	0.1000000000	100	100	0	0.917951
2294000	-0.6000000000	0.1000000000	0.1000000000	100	100	0	0.902740
2295000	-0.6000000000	0.1000000000	0.1000000000	100	100	0	0.878103
2296000	-0.6000000000	0.1000000000	0.1000000000	100	100	0	0.844396
2297000	-0.6000000000	0.1000000000	0.1000000000	100	100	0	0.896587
2298000	-0.6000000000	0.1000000000	0.1000000000	100	100	0	0.842923
2299000	-0.6000000000	0.1000000000	0.1000000000	100	100	0	0.897858
2300000	-0.6000000000	0.1000000000	0.1000000000	100	100	0	0.923062
2301000	-0.6000000000	0.1000000000	0.1000000000	100	100	0	0.815804
2302000	-0.6000000000	0.1000000000	0.1000000000	100	100	0	0.871037
2303000	-0.6000000000	0.1000000000	0.1000000000	100	100	0	0.877761
2304000	-0.6000000000	0.1000000000	0.1000000000	100	100	0	0.867357
2305000	-0.6000000000	0.1000000000	0.1000000000	100	100	0	0.835956
2306000	-0.6000000000	0.1000000000	0.1000000000	100	100	0	0.859803
2307000	-0.6000000000	0.1000000000	0.1000000000	100	100	0	0.887398
2308000	-0.6000000000	0.1000000000	0.1000000000	100	100	0	0.895834
2309000	-0.6000000000	0.1000000000	0.1000000000	100	100	0	0.918597
2310000	-0.6000000000	0.1000000000	0.1000000000	100	100	0	0.894768
2311000	-0.6000000000	0.1000000000	0.1000000000	100	100	0	0.900644
2312000	-0.6000000000	0.1000000000	0.1000000000	100	100	0	0.807138
2313000	-0.6000000000	0.1000000000	0.1000000000	100	100	0	0.915214
2314000	-0.6000000000	0.1000000000	0.1000000000	100	100	0	0.926873
2315000	-0.6000000000	0.1000000000	0.1000000000	100	100	0	0.909791
2316000	-0.6000000000	0.1000000000	0.1000000000	100	100	0	0.848313
2317000	-0.6000000000	0.1000000000	0.1000000000	100	100	0	0.907603
2318000	-0.6000000000	0.1000000000	0.1000000000	100	100	0	0.914859
2319000	-0.6000000000	0.1000000000	0.1000000000	100	100	0	0.908555
2320000	-0.6000000000	0.1000000000	0.1000000000	100	100	0	0.940894
2321000	-0.6000000000	0.1000000000	0.1000000000	100	100	0	0.858673
2322000	-0.6000000000	0.1000000000	0.1000000000	100	100	0	0.922217
2323000	-0.6000000000	0.1000000000	0.1000000000	100	100	0	0.932040
2324000	-0.6000000000	0.1000000000	0.1000000000	100	100	0	0.903485
2325000	-0.6000000000	0.1000000000	0.1000000000	100	100	0	0.943157
2326000	-0.6000000000	0.1000000000	0.1000000000	100	100	0	0.817464
2327000	-0.6000000000	0.1000000000	0.1000000000	100	100	0	0.874706
2328000	-0.6000000000	0.1000000000	0.1000000000	100	100	0	0.854578
2329000	-0.6000000000	0.1000000000	0.1000000000	100	100	0	0.926740
2330000	-0.6000000000	0.1000000000	0.1000000000	100	100	0	0.920211
2331000	-0.6000000000	0.1000000000	0.1000000000	100	100	0	0.845639
2332000	-0.6000000000	0.1000000000	0.1000000000	100	100	0	0.955406
2333000	-0.6000000000	0.1000000000	0.1000000000	100	100	0	0.809750
2334000	-0.6000000000	0.1000000000	0.1000000000	100	100	0	0.889058
2335000	-0.6000000000	0.1000000000	0.1000000000	100	100	0	0.790012
2336000	-0.6000000000	0.1000000000	0.1000000000	100	100	0	0.897847
2337000	-0.6000000000	0.1000000000	0.1000000000	100	100	0	0.908787
2338000	-0.6000000000	0.1000000000	0.1000000000	100	100	0	0.870978
2339000	-0.6000000000	0.1000000000	0.1000000000	100	100	0	0.924250
2340000	-0.6000000000	0.1000000000	0.1000000000	100	100	0	0.891207
2341000	-0.6000000000	0.1000000000	0.1000000000	100	100	0	0.909088
2342000	-0.6000000000	0.1000000000	0.1000000000	100	100	0	0.933766
2343000	-0.6000000000	0.1000000000	0.1000000000	100	100	0	0.909499
2344000	-0.6000000000	0.1000000000	0.1000000000	100	100	0	0.939591
2345000	-0.6000000000	0.1000000000	0.1000000000	100	100	0	0.864087
2346000	-0.6000000000	0.1000000000	0.1000000000	100	100	0	0.795344
2347000	-0.6000000000	0.1000000000	0.1000000000	100	100	0	0.883583
2348000	-0.6000000000	0.1000000000	0.1000000000	100	100	0	0.937448
2349000	-0.6000000000	0.1000000000	0.1000000000	100	100	0	0.946849
2350000	-0.6000000000	0.1000000000	0.1000000000	100	100	0	0.941543
2351000	-0.6000000000	0.1000000000	0.1000000000	100	100	0	0.887441
2352000	-0.6000000000	0.1000000000	0.1000000000	100	100	0	0.927345
2353000	-0.6000000000	0.1000000000	0.1000000000	100	100	0	0.855226
2354000	-0.6000000000	0.1000000000	0.1000000000	100	100	0	0.870192
2355000	-0.6000000000	0.1000000000	0.1000000000	100	100	0	0.877631
2356000	-0.6000000000	0.1000000000	0.1000000000	100	100	0	0.928659
2357000	-0.6000000000	0.1000000000	0.1000000000	100	100	0	0.887911
2358000	-0.6000000000	0.1000000000	0.1000000000	100	100	0	0.887155
2359000	-0.6000000000	0.1000000000	0.1000000000	100	100	0	0.912129
2360000	-0.6000000000	0.1000000000	0.1000000000	100	100	0	0.868610
2361000	-0.6000000000	0.1000000000	0.1000000000	100	100	0	0.878590
2362000	-0.6000000000	0.1000000000	0.1000000000	100	100	0	0.929370
2363000	-0.6000000000	0.1000000000	0.1000000000	100	100	0	0.940538
2364000	-0.6000000000	0.1000000000	0.1000000000	100	100	0	0.902963
2365000	-0.6000000000	0.1000000000	0.1000000000	100	100	0	0.932098
2366000	-0.6000000000	0.1000000000	0.1000000000	100	100	0	0.822458
2367000	-0.6000000000	0.1000000000	0.1000000000	100	100	0	0.811681
2368000	-0.6000000000	0.1000000000	0.1000000000	100	100	0	0.788280
2369000	-0.6000000000	0.1000000000	0.1000000000	100	100	0	0.905392
2370000	-0.6000000000	0.1000000000	0.1000000000	100	100	0	0.876866
2371000	-0.6000000000	0.1000000000	0.1000000000	100	100	0	0.830367
2372000	-0.6000000000	0.1000000000	0.1000000000	100	100	0	0.879062
2373000	-0.6000000000	0.1000000000	0.1000000000	100	100	0	0.945171
2374000	-0.6000000000	0.1000000000	0.1000000000	100	100	0	0.857254
2375000	-0.6000000000	0.1000000000	0.1000000000	100	100	0	0.892801
2376000	-0.6000000000	0.1000000000	0.1000000000	100	100	0	0.897865
2377000	-0.6000000000	0.1000000000	0.1000000000	100	100	0	0.886688
2378000	-0.6000000000	0.1000000000	0.1000000000	100	100	0	0.948860
2379000	-0.6000000000	0.1000000000	0.1000000000	100	100	0	0.940298
2380000	-0.6000000000	0.1000000000	0.1000000000	100	100	0	0.932218
2381000	-0.6000000000	0.1000000000	0.1000000000	100	100	0	0.827586
2382000	-0.6000000000	0.1000000000	0.1000000000	100	100	0	0.930082
2383000	-0.6000000000	0.1000000000	0.1000000000	100	100	0	0.901657
2384000	-0.6000000000	0.1000000000	0.1000000000	100	100	0	0.857934
2385000	-0.6000000000	0.1000000000	0.1000000000	100	100	0	0.908920
2386000	-0.6000000000	0.1000000000	0.1000000000	100	100	0	0.912122
2387000	-0.6000000000	0.1000000000	0.1000000000	100	100	0	0.890593
2388000	-0.6000000000	0.1000000000	0.1000000000	100	100	0	0.892026
2389000	-0.6000000000	0.1000000000	0.1000000000	100	100	0	0.797384
2390000	-0.6000000000	0.1000000000	0.1000000000	100	100	0	0.937448
2391000	-0.6000000000	0.1000000000	0.1000000000	100	100	0	0.820985
2392000	-0.6000000000	0.1000000000	0.1000000000	100	100	0	0.830100
2393000	-0.6000000000	0.1000000000	0.1000000000	100	100	0	0.844837
2394000	-0.6000000000	0.1000000000	0.1000000000	100	100	0	0.870566
2395000	-0.6000000000	0.1000000000	0.1000000000	100	100	0	0.931144
2396000	-0.6000000000	0.1000000000	0.1000000000	100	100	0	0.900293
2397000	-0.6000000000	0.1000000000	0.1000000000	100	100	0	0.896301
2398000	-0.6000000000	0.1000000000	0.1000000000	100	100	0	0.915216
2399000	-0.6000000000	0.1000000000	0.1000000000	100	100	0	0.896187
2400000	-0.6000000000	0.1000000000	0.1000000000	100	100	0	0.861594
2401000	-0.6000000000	0.1000000000	0.1000000000	100	100	0	0.915921
2402000	-0.6000000000	0.1000000000	0.1000000000	100	100	0	0.903080
2403000	-0.6000000000	0.1000000000	0.1000000000	100	100	0	0.868953
2404000	-0.6000000000	0.1000000000	0.1000000000	100	100	0	0.917954
2405000	-0.6000000000	0.1000000000	0.1000000000	100	100	0	0.893621
2406000	-0.6000000000	0.1000000000	0.1000000000	100	100	0	0.840590
2407000	-0.6000000000	0.1000000000	0.1000000000	100	100	0	0.877578
2408000	-0.6000000000	0.1000000000	0.1000000000	100	100	0	0.913438
2409000	-0.6000000000	0.1000000000	0.1000000000	100	100	0	0.886553
2410000	-0.6000000000	0.1000000000	0.1000000000	100	100	0	0.923587
2411000	-0.6000000000	0.1000000000	0.1000000000	100	100	0	0.901784
2412000	-0.6000000000	0.1000000000	0.1000000000	100	100	0	0.813610
2413000	-0.6000000000	0.1000000000	0.1000000000	100	100	0	0.937920
2414000	-0.6000000000	0.1000000000	0.1000000000	100	100	0	0.921630
2415000	-0.6000000000	0.1000000000	0.1000000000	100	100	0	0.890129
2416000	-0.6000000000	0.1000000000	0.1000000000	100	100	0	0.928292
2417000	-0.6000000000	0.1000000000	0.1000000000	100	100	0	0.881440
2418000	-0.6000000000	0.1000000000	0.1000000000	100	100	0	0.905697
2419000	-0.6000000000	0.1000000000	0.1000000000	100	100	0	0.860410
2420000	-0.6000000000	0.1000000000	0.1000000000	100	100	0	0.839161
2421000	-0.6000000000	0.1000000000	0.1000000000	100	100	0	0.888464
2422000	-0.6000000000	0.1000000000	0.1000000000	100	100	0	0.857251
2423000	-0.6000000000	0.1000000000	0.1000000000	100	100	0	0.925307
2424000	-0.6000000000	0.1000000000	0.1000000000	100	100	0	0.848986
2425000	-0.6000000000	0.1000000000	0.1000000000	100	100	0	0.924372
2426000	-0.6000000000	0.1000000000	0.1000000000	100	100	0	0.885129
2427000	-0.6000000000	0.1000000000	0.1000000000	100	100	0	0.909749
2428000	-0.6000000000	0.1000000000	0.1000000000	100	100	0	0.894516
2429000	-0.6000000000	0.1000000000	0.1000000000	100	100	0	0.877802
2430000	-0.6000000000	0.1000000000	0.1000000000	100	100	0	0.910333
2431000	-0.6000000000	0.1000000000	0.1000000000	100	100	0	0.874840
2432000	-0.6000000000	0.1000000000	0.1000000000	100	100	0	0.849086
2433000	-0.6000000000	0.1000000000	0.1000000000	100	100	0	0.881259
2434000	-0.6000000000	0.1000000000	0.1000000000	100	100	0	0.858377
2435000	-0.6000000000	0.1000000000	0.1000000000	100	100	0	0.896184
2436000	-0.6000000000	0.1000000000	0.1000000000	100	100	0	0.865550
2437000	-0.6000000000	0.1000000000	0.1000000000	100	100	0	0.821752
2438000	-0.6000000000	0.1000000000	0.1000000000	100	100	0	0.878045
2439000	-0.6000000000	0.1000000000	0.1000000000	100	100	0	0.881375
2440000	-0.6000000000	0.1000000000	0.1000000000	100	100	0	0.916929
2441000	-0.6000000000	0.1000000000	0.1000000000	100	100	0	0.901061
2442000	-0.6000000000	0.1000000000	0.1000000000	100	100	0	0.738954
2443000	-0.6000000000	0.1000000000	0.1000000000	100	100	0	0.827219
2444000	-0.6000000000	0.1000000000	0.1000000000	100	100	0	0.791484
2445000	-0.6000000000	0.1000000000	0.1000000000	100	100	0	0.892028
2446000	-0.6000000000	0.1000000000	0.1000000000	100	100	0	0.907599
2447000	-0.6000000000	0.1000000000	0.1000000000	100	100	0	0.896534
2448000	-0.6000000000	0.1000000000	0.1000000000	100	100	0	0.897493
2449000	-0.6000000000	0.1000000000	0.1000000000	100	100	0	0.862892
2450000	-0.6000000000	0.1000000000	0.1000000000	100	100	0	0.899934
2451000	-0.6000000000	0.1000000000	0.1000000000	100	100	0	0.859918
2452000	-0.6000000000	0.1000000000	0.1000000000	100	100	0	0.858551
2453000	-0.6000000000	0.1000000000	0.1000000000	100	100	0	0.924730
2454000	-0.6000000000	0.1000000000	0.1000000000	100	100	0	0.915808
2455000	-0.6000000000	0.1000000000	0.1000000000	100	100	0	0.938509
2456000	-0.6000000000	0.1000000000	0.1000000000	100	100	0	0.828511
2457000	-0.6000000000	0.1000000000	0.1000000000	100	100	0	0.867563
2458000	-0.6000000000	0.1000000000	0.1000000000	100	100	0	0.930187
2459000	-0.6000000000	0.1000000000	0.1000000000	100	100	0	0.803177
2460000	-0.6000000000	0.1000000000	0.1000000000	100	100	0	0.910045
2461000	-0.6000000000	0.1000000000	0.1000000000	100	100	0	0.937805
2462000	-0.6000000000	0.1000000000	0.1000000000	100	100	0	0.880964
2463000	-0.6000000000	0.1000000000	0.1000000000	100	100	0	0.890235
2464000	-0.6000000000	0.1000000000	0.1000000000	100	100	0	0.838738
2465000	-0.6000000000	0.1000000000	0.1000000000	100	100	0	0.893459
2466000	-0.6000000000	0.1000000000	0.1000000000	100	100	0	0.901182
2467000	-0.6000000000	0.1000000000	0.1000000000	100	100	0	0.810325
2468000	-0.6000000000	0.1000000000	0.1000000000	100	100	0	0.924018
2469000	-0.6000000000	0.1000000000	0.1000000000	100	100	0	0.896908
2470000	-0.6000000000	0.1000000000	0.1000000000	100	100	0	0.910461
2471000	-0.6000000000	0.1000000000	0.1000000000	100	100	0	0.951243
2472000	-0.6000000000	0.1000000000	0.1000000000	100	100	0	0.844174
2473000	-0.6000000000	0.1000000000	0.1000000000	100	100	0	0.912956
2474000	-0.6000000000	0.1000000000	0.1000000000	100	100	0	0.862234
2475000	-0.6000000000	0.1000000000	0.1000000000	100	100	0	0.916987
2476000	-0.6000000000	0.1000000000	0.1000000000	100	100	0	0.812110
2477000	-0.6000000000	0.1000000000	0.1000000000	100	100	0	0.906047
2478000	-0.6000000000	0.1000000000	0.1000000000	100	100	0	0.849739
2479000	-0.6000000000	0.1000000000	0.1000000000	100	100	0	0.863612
2480000	-0.6000000000	0.1000000000	0.1000000000	100	100	0	0.912479
2481000	-0.6000000000	0.1000000000	0.1000000000	100	100	0	0.935190
2482000	-0.6000000000	0.1000000000	0.1000000000	100	100	0	0.903802
2483000	-0.6000000000	0.1000000000	0.1000000000	100	100	0	0.919901
2484000	-0.6000000000	0.1000000000	0.1000000000	100	100	0	0.932583
2485000	-0.6000000000	0.1000000000	0.1000000000	100	100	0	0.903195
2486000	-0.6000000000	0.1000000000	0.1000000000	100	100	0	0.927809
2487000	-0.6000000000	0.1000000000	0.1000000000	100	100	0	0.914553
2488000	-0.6000000000	0.1000000000	0.1000000000	100	100	0	0.901715
2489000	-0.6000000000	0.1000000000	0.1000000000	100	100	0	0.933999
2490000	-0.6000000000	0.1000000000	0.1000000000	100	100	0	0.930721
2491000	-0.6000000000	0.1000000000	0.1000000000	100	100	0	0.914380
2492000	-0.6000000000	0.1000000000	0.1000000000	100	100	0	0.888342
2493000	-0.6000000000	0.1000000000	0.1000000000	100	100	0	0.849440
2494000	-0.6000000000	0.1000000000	0.1000000000	100	100	0	0.888109
2495000	-0.6000000000	0.1000000000	0.1000000000	100	100	0	0.890839
2496000	-0.6000000000	0.1000000000	0.1000000000	100	100	0	0.941254
2497000	-0.6000000000	0.1000000000	0.1000000000	100	100	0	0.827150
2498000	-0.6000000000	0.1000000000	0.1000000000	100	100	0	0.913073
2499000	-0.6000000000	0.1000000000	0.1000000000	100	100	0	0.937927
2500000	-0.6000000000	0.1000000000	0.1000000000	100	100	0	0.917046
