time	epistasis_coef	sel_coef	mu_prob	Ne	L	k_start	mean_fitness
1500000	0.0000000000	0.0100000000	0.0010000000	100	100	0	0.869358
1501000	0.0000000000	0.0100000000	0.0010000000	100	100	0	0.877309
1502000	0.0000000000	0.0100000000	0.0010000000	100	100	0	0.878095
1503000	0.0000000000	0.0100000000	0.0010000000	100	100	0	0.877396
1504000	0.0000000000	0.0100000000	0.0010000000	100	100	0	0.886920
1505000	0.0000000000	0.0100000000	0.0010000000	100	100	0	0.887901
1506000	0.0000000000	0.0100000000	0.0010000000	100	100	0	0.879958
1507000	0.0000000000	0.0100000000	0.0010000000	100	100	0	0.878095
1508000	0.0000000000	0.0100000000	0.0010000000	100	100	0	0.886920
1509000	0.0000000000	0.0100000000	0.0010000000	100	100	0	0.887764
1510000	0.0000000000	0.0100000000	0.0010000000	100	100	0	0.895834
1511000	0.0000000000	0.0100000000	0.0010000000	100	100	0	0.904657
1512000	0.0000000000	0.0100000000	0.0010000000	100	100	0	0.904837
1513000	0.0000000000	0.0100000000	0.0010000000	100	100	0	0.895834
1514000	0.0000000000	0.0100000000	0.0010000000	100	100	0	0.892714
1515000	0.0000000000	0.0100000000	0.0010000000	100	100	0	0.884891
1516000	0.0000000000	0.0100000000	0.0010000000	100	100	0	0.886744
1517000	0.0000000000	0.0100000000	0.0010000000	100	100	0	0.886744
1518000	0.0000000000	0.0100000000	0.0010000000	100	100	0	0.886920
1519000	0.0000000000	0.0100000000	0.0010000000	100	100	0	0.886920
1520000	0.0000000000	0.0100000000	0.0010000000	100	100	0	0.883218
1521000	0.0000000000	0.0100000000	0.0010000000	100	100	0	0.878095
1522000	0.0000000000	0.0100000000	0.0010000000	100	100	0	0.873902
1523000	0.0000000000	0.0100000000	0.0010000000	100	100	0	0.877746
1524000	0.0000000000	0.0100000000	0.0010000000	100	100	0	0.869358
1525000	0.0000000000	0.0100000000	0.0010000000	100	100	0	0.869358
1526000	0.0000000000	0.0100000000	0.0010000000	100	100	0	0.878095
1527000	0.0000000000	0.0100000000	0.0010000000	100	100	0	0.869358
1528000	0.0000000000	0.0100000000	0.0010000000	100	100	0	0.869272
1529000	0.0000000000	0.0100000000	0.0010000000	100	100	0	0.876697
1530000	0.0000000000	0.0100000000	0.0010000000	100	100	0	0.878625
1531000	0.0000000000	0.0100000000	0.0010000000	100	100	0	0.874076
1532000	0.0000000000	0.0100000000	0.0010000000	100	100	0	0.878008
1533000	0.0000000000	0.0100000000	0.0010000000	100	100	0	0.875911
1534000	0.0000000000	0.0100000000	0.0010000000	100	100	0	0.878095
1535000	0.0000000000	0.0100000000	0.0010000000	100	100	0	0.877659
1536000	0.0000000000	0.0100000000	0.0010000000	100	100	0	0.886920
1537000	0.0000000000	0.0100000000	0.0010000000	100	100	0	0.885950
1538000	0.0000000000	0.0100000000	0.0010000000	100	100	0	0.886920
1539000	0.0000000000	0.0100000000	0.0010000000	100	100	0	0.878095
1540000	0.0000000000	0.0100000000	0.0010000000	100	100	0	0.877833
1541000	0.0000000000	0.0100000000	0.0010000000	100	100	0	0.886920
1542000	0.0000000000	0.0100000000	0.0010000000	100	100	0	0.887100
1543000	0.0000000000	0.0100000000	0.0010000000	100	100	0	0.882508
1544000	0.0000000000	0.0100000000	0.0010000000	100	100	0	0.887371
1545000	0.0000000000	0.0100000000	0.0010000000	100	100	0	0.885685
1546000	0.0000000000	0.0100000000	0.0010000000	100	100	0	0.878095
1547000	0.0000000000	0.0100000000	0.0010000000	100	100	0	0.883302
1548000	0.0000000000	0.0100000000	0.0010000000	100	100	0	0.887010
1549000	0.0000000000	0.0100000000	0.0010000000	100	100	0	0.882950
1550000	0.0000000000	0.0100000000	0.0010000000	100	100	0	0.878095
1551000	0.0000000000	0.0100000000	0.0010000000	100	100	0	0.877922
1552000	0.0000000000	0.0100000000	0.0010000000	100	100	0	0.874338
1553000	0.0000000000	0.0100000000	0.0010000000	100	100	0	0.878095
1554000	0.0000000000	0.0100000000	0.0010000000	100	100	0	0.881096
1555000	0.0000000000	0.0100000000	0.0010000000	100	100	0	0.886832
1556000	0.0000000000	0.0100000000	0.0010000000	100	100	0	0.887724
1557000	0.0000000000	0.0100000000	0.0010000000	100	100	0	0.895834
1558000	0.0000000000	0.0100000000	0.0010000000	100	100	0	0.890753
1559000	0.0000000000	0.0100000000	0.0010000000	100	100	0	0.892184
1560000	0.0000000000	0.0100000000	0.0010000000	100	100	0	0.894586
1561000	0.0000000000	0.0100000000	0.0010000000	100	100	0	0.903942
1562000	0.0000000000	0.0100000000	0.0010000000	100	100	0	0.904837
1563000	0.0000000000	0.0100000000	0.0010000000	100	100	0	0.909111
1564000	0.0000000000	0.0100000000	0.0010000000	100	100	0	0.913931
1565000	0.0000000000	0.0100000000	0.0010000000	100	100	0	0.904837
1566000	0.0000000000	0.0100000000	0.0010000000	100	100	0	0.896734
1567000	0.0000000000	0.0100000000	0.0010000000	100	100	0	0.895834
1568000	0.0000000000	0.0100000000	0.0010000000	100	100	0	0.885950
1569000	0.0000000000	0.0100000000	0.0010000000	100	100	0	0.886832
1570000	0.0000000000	0.0100000000	0.0010000000	100	100	0	0.886920
1571000	0.0000000000	0.0100000000	0.0010000000	100	100	0	0.886920
1572000	0.0000000000	0.0100000000	0.0010000000	100	100	0	0.883302
1573000	0.0000000000	0.0100000000	0.0010000000	100	100	0	0.886920
1574000	0.0000000000	0.0100000000	0.0010000000	100	100	0	0.886920
1575000	0.0000000000	0.0100000000	0.0010000000	100	100	0	0.886920
1576000	0.0000000000	0.0100000000	0.0010000000	100	100	0	0.886920
1577000	0.0000000000	0.0100000000	0.0010000000	100	100	0	0.886656
1578000	0.0000000000	0.0100000000	0.0010000000	100	100	0	0.886920
1579000	0.0000000000	0.0100000000	0.0010000000	100	100	0	0.886303
1580000	0.0000000000	0.0100000000	0.0010000000	100	100	0	0.886920
1581000	0.0000000000	0.0100000000	0.0010000000	100	100	0	0.891734
1582000	0.0000000000	0.0100000000	0.0010000000	100	100	0	0.895834
1583000	0.0000000000	0.0100000000	0.0010000000	100	100	0	0.895834
1584000	0.0000000000	0.0100000000	0.0010000000	100	100	0	0.898355
1585000	0.0000000000	0.0100000000	0.0010000000	100	100	0	0.899255
1586000	0.0000000000	0.0100000000	0.0010000000	100	100	0	0.895834
1587000	0.0000000000	0.0100000000	0.0010000000	100	100	0	0.904387
1588000	0.0000000000	0.0100000000	0.0010000000	100	100	0	0.904837
1589000	0.0000000000	0.0100000000	0.0010000000	100	100	0	0.904837
1590000	0.0000000000	0.0100000000	0.0010000000	100	100	0	0.895834
1591000	0.0000000000	0.0100000000	0.0010000000	100	100	0	0.895388
1592000	0.0000000000	0.0100000000	0.0010000000	100	100	0	0.889238
1593000	0.0000000000	0.0100000000	0.0010000000	100	100	0	0.894586
1594000	0.0000000000	0.0100000000	0.0010000000	100	100	0	0.895478
1595000	0.0000000000	0.0100000000	0.0010000000	100	100	0	0.895745
1596000	0.0000000000	0.0100000000	0.0010000000	100	100	0	0.897276
1597000	0.0000000000	0.0100000000	0.0010000000	100	100	0	0.895834
1598000	0.0000000000	0.0100000000	0.0010000000	100	100	0	0.895834
1599000	0.0000000000	0.0100000000	0.0010000000	100	100	0	0.895834
1600000	0.0000000000	0.0100000000	0.0010000000	100	100	0	0.904837
1601000	0.0000000000	0.0100000000	0.0010000000	100	100	0	0.902587
1602000	0.0000000000	0.0100000000	0.0010000000	100	100	0	0.904747
1603000	0.0000000000	0.0100000000	0.0010000000	100	100	0	0.893249
1604000	0.0000000000	0.0100000000	0.0010000000	100	100	0	0.884096
1605000	0.0000000000	0.0100000000	0.0010000000	100	100	0	0.895834
1606000	0.0000000000	0.0100000000	0.0010000000	100	100	0	0.886038
1607000	0.0000000000	0.0100000000	0.0010000000	100	100	0	0.881890
1608000	0.0000000000	0.0100000000	0.0010000000	100	100	0	0.886832
1609000	0.0000000000	0.0100000000	0.0010000000	100	100	0	0.886214
1610000	0.0000000000	0.0100000000	0.0010000000	100	100	0	0.877921
1611000	0.0000000000	0.0100000000	0.0010000000	100	100	0	0.886920
1612000	0.0000000000	0.0100000000	0.0010000000	100	100	0	0.887278
1613000	0.0000000000	0.0100000000	0.0010000000	100	100	0	0.895834
1614000	0.0000000000	0.0100000000	0.0010000000	100	100	0	0.895210
1615000	0.0000000000	0.0100000000	0.0010000000	100	100	0	0.894141
1616000	0.0000000000	0.0100000000	0.0010000000	100	100	0	0.904657
1617000	0.0000000000	0.0100000000	0.0010000000	100	100	0	0.904837
1618000	0.0000000000	0.0100000000	0.0010000000	100	100	0	0.913658
1619000	0.0000000000	0.0100000000	0.0010000000	100	100	0	0.908568
1620000	0.0000000000	0.0100000000	0.0010000000	100	100	0	0.923116
1621000	0.0000000000	0.0100000000	0.0010000000	100	100	0	0.922382
1622000	0.0000000000	0.0100000000	0.0010000000	100	100	0	0.923116
1623000	0.0000000000	0.0100000000	0.0010000000	100	100	0	0.917518
1624000	0.0000000000	0.0100000000	0.0010000000	100	100	0	0.904747
1625000	0.0000000000	0.0100000000	0.0010000000	100	100	0	0.904747
1626000	0.0000000000	0.0100000000	0.0010000000	100	100	0	0.904567
1627000	0.0000000000	0.0100000000	0.0010000000	100	100	0	0.904837
1628000	0.0000000000	0.0100000000	0.0010000000	100	100	0	0.904837
1629000	0.0000000000	0.0100000000	0.0010000000	100	100	0	0.904027
1630000	0.0000000000	0.0100000000	0.0010000000	100	100	0	0.913931
1631000	0.0000000000	0.0100000000	0.0010000000	100	100	0	0.910294
1632000	0.0000000000	0.0100000000	0.0010000000	100	100	0	0.914299
1633000	0.0000000000	0.0100000000	0.0010000000	100	100	0	0.912294
1634000	0.0000000000	0.0100000000	0.0010000000	100	100	0	0.913931
1635000	0.0000000000	0.0100000000	0.0010000000	100	100	0	0.913749
1636000	0.0000000000	0.0100000000	0.0010000000	100	100	0	0.911567
1637000	0.0000000000	0.0100000000	0.0010000000	100	100	0	0.913931
1638000	0.0000000000	0.0100000000	0.0010000000	100	100	0	0.913931
1639000	0.0000000000	0.0100000000	0.0010000000	100	100	0	0.922657
1640000	0.0000000000	0.0100000000	0.0010000000	100	100	0	0.923116
1641000	0.0000000000	0.0100000000	0.0010000000	100	100	0	0.913931
1642000	0.0000000000	0.0100000000	0.0010000000	100	100	0	0.912567
1643000	0.0000000000	0.0100000000	0.0010000000	100	100	0	0.904837
1644000	0.0000000000	0.0100000000	0.0010000000	100	100	0	0.900786
1645000	0.0000000000	0.0100000000	0.0010000000	100	100	0	0.904477
1646000	0.0000000000	0.0100000000	0.0010000000	100	100	0	0.915233
1647000	0.0000000000	0.0100000000	0.0010000000	100	100	0	0.913931
1648000	0.0000000000	0.0100000000	0.0010000000	100	100	0	0.914023
1649000	0.0000000000	0.0100000000	0.0010000000	100	100	0	0.913749
1650000	0.0000000000	0.0100000000	0.0010000000	100	100	0	0.908930
1651000	0.0000000000	0.0100000000	0.0010000000	100	100	0	0.904837
1652000	0.0000000000	0.0100000000	0.0010000000	100	100	0	0.913749
1653000	0.0000000000	0.0100000000	0.0010000000	100	100	0	0.913931
1654000	0.0000000000	0.0100000000	0.0010000000	100	100	0	0.906747
1655000	0.0000000000	0.0100000000	0.0010000000	100	100	0	0.904297
1656000	0.0000000000	0.0100000000	0.0010000000	100	100	0	0.905929
1657000	0.0000000000	0.0100000000	0.0010000000	100	100	0	0.904837
1658000	0.0000000000	0.0100000000	0.0010000000	100	100	0	0.904837
1659000	0.0000000000	0.0100000000	0.0010000000	100	100	0	0.913931
1660000	0.0000000000	0.0100000000	0.0010000000	100	100	0	0.922749
1661000	0.0000000000	0.0100000000	0.0010000000	100	100	0	0.921371
1662000	0.0000000000	0.0100000000	0.0010000000	100	100	0	0.923024
1663000	0.0000000000	0.0100000000	0.0010000000	100	100	0	0.922385
1664000	0.0000000000	0.0100000000	0.0010000000	100	100	0	0.923024
1665000	0.0000000000	0.0100000000	0.0010000000	100	100	0	0.917540
1666000	0.0000000000	0.0100000000	0.0010000000	100	100	0	0.923116
1667000	0.0000000000	0.0100000000	0.0010000000	100	100	0	0.923116
1668000	0.0000000000	0.0100000000	0.0010000000	100	100	0	0.923116
1669000	0.0000000000	0.0100000000	0.0010000000	100	100	0	0.913931
1670000	0.0000000000	0.0100000000	0.0010000000	100	100	0	0.924415
1671000	0.0000000000	0.0100000000	0.0010000000	100	100	0	0.922198
1672000	0.0000000000	0.0100000000	0.0010000000	100	100	0	0.923024
1673000	0.0000000000	0.0100000000	0.0010000000	100	100	0	0.923116
1674000	0.0000000000	0.0100000000	0.0010000000	100	100	0	0.922749
1675000	0.0000000000	0.0100000000	0.0010000000	100	100	0	0.923116
1676000	0.0000000000	0.0100000000	0.0010000000	100	100	0	0.922382
1677000	0.0000000000	0.0100000000	0.0010000000	100	100	0	0.923116
1678000	0.0000000000	0.0100000000	0.0010000000	100	100	0	0.921004
1679000	0.0000000000	0.0100000000	0.0010000000	100	100	0	0.923116
1680000	0.0000000000	0.0100000000	0.0010000000	100	100	0	0.922749
1681000	0.0000000000	0.0100000000	0.0010000000	100	100	0	0.941765
1682000	0.0000000000	0.0100000000	0.0010000000	100	100	0	0.941765
1683000	0.0000000000	0.0100000000	0.0010000000	100	100	0	0.941765
1684000	0.0000000000	0.0100000000	0.0010000000	100	100	0	0.951229
1685000	0.0000000000	0.0100000000	0.0010000000	100	100	0	0.942334
1686000	0.0000000000	0.0100000000	0.0010000000	100	100	0	0.941765
1687000	0.0000000000	0.0100000000	0.0010000000	100	100	0	0.941765
1688000	0.0000000000	0.0100000000	0.0010000000	100	100	0	0.923116
1689000	0.0000000000	0.0100000000	0.0010000000	100	100	0	0.922933
1690000	0.0000000000	0.0100000000	0.0010000000	100	100	0	0.913931
1691000	0.0000000000	0.0100000000	0.0010000000	100	100	0	0.911021
1692000	0.0000000000	0.0100000000	0.0010000000	100	100	0	0.903937
1693000	0.0000000000	0.0100000000	0.0010000000	100	100	0	0.904837
1694000	0.0000000000	0.0100000000	0.0010000000	100	100	0	0.908293
1695000	0.0000000000	0.0100000000	0.0010000000	100	100	0	0.904837
1696000	0.0000000000	0.0100000000	0.0010000000	100	100	0	0.904297
1697000	0.0000000000	0.0100000000	0.0010000000	100	100	0	0.907299
1698000	0.0000000000	0.0100000000	0.0010000000	100	100	0	0.904567
1699000	0.0000000000	0.0100000000	0.0010000000	100	100	0	0.904027
1700000	0.0000000000	0.0100000000	0.0010000000	100	100	0	0.904837
1701000	0.0000000000	0.0100000000	0.0010000000	100	100	0	0.899706
1702000	0.0000000000	0.0100000000	0.0010000000	100	100	0	0.895834
1703000	0.0000000000	0.0100000000	0.0010000000	100	100	0	0.895478
1704000	0.0000000000	0.0100000000	0.0010000000	100	100	0	0.893697
1705000	0.0000000000	0.0100000000	0.0010000000	100	100	0	0.895834
1706000	0.0000000000	0.0100000000	0.0010000000	100	100	0	0.891110
1707000	0.0000000000	0.0100000000	0.0010000000	100	100	0	0.895834
1708000	0.0000000000	0.0100000000	0.0010000000	100	100	0	0.886656
1709000	0.0000000000	0.0100000000	0.0010000000	100	100	0	0.883655
1710000	0.0000000000	0.0100000000	0.0010000000	100	100	0	0.885861
1711000	0.0000000000	0.0100000000	0.0010000000	100	100	0	0.886920
1712000	0.0000000000	0.0100000000	0.0010000000	100	100	0	0.886920
1713000	0.0000000000	0.0100000000	0.0010000000	100	100	0	0.895834
1714000	0.0000000000	0.0100000000	0.0010000000	100	100	0	0.895834
1715000	0.0000000000	0.0100000000	0.0010000000	100	100	0	0.895834
1716000	0.0000000000	0.0100000000	0.0010000000	100	100	0	0.895745
1717000	0.0000000000	0.0100000000	0.0010000000	100	100	0	0.897005
1718000	0.0000000000	0.0100000000	0.0010000000	100	100	0	0.895834
1719000	0.0000000000	0.0100000000	0.0010000000	100	100	0	0.889862
1720000	0.0000000000	0.0100000000	0.0010000000	100	100	0	0.895834
1721000	0.0000000000	0.0100000000	0.0010000000	100	100	0	0.913658
1722000	0.0000000000	0.0100000000	0.0010000000	100	100	0	0.912294
1723000	0.0000000000	0.0100000000	0.0010000000	100	100	0	0.932394
1724000	0.0000000000	0.0100000000	0.0010000000	100	100	0	0.932394
1725000	0.0000000000	0.0100000000	0.0010000000	100	100	0	0.932394
1726000	0.0000000000	0.0100000000	0.0010000000	100	100	0	0.923116
1727000	0.0000000000	0.0100000000	0.0010000000	100	100	0	0.923116
1728000	0.0000000000	0.0100000000	0.0010000000	100	100	0	0.913931
1729000	0.0000000000	0.0100000000	0.0010000000	100	100	0	0.913476
1730000	0.0000000000	0.0100000000	0.0010000000	100	100	0	0.913931
1731000	0.0000000000	0.0100000000	0.0010000000	100	100	0	0.923116
1732000	0.0000000000	0.0100000000	0.0010000000	100	100	0	0.921739
1733000	0.0000000000	0.0100000000	0.0010000000	100	100	0	0.923116
1734000	0.0000000000	0.0100000000	0.0010000000	100	100	0	0.922749
1735000	0.0000000000	0.0100000000	0.0010000000	100	100	0	0.932394
1736000	0.0000000000	0.0100000000	0.0010000000	100	100	0	0.932394
1737000	0.0000000000	0.0100000000	0.0010000000	100	100	0	0.932394
1738000	0.0000000000	0.0100000000	0.0010000000	100	100	0	0.931744
1739000	0.0000000000	0.0100000000	0.0010000000	100	100	0	0.932208
1740000	0.0000000000	0.0100000000	0.0010000000	100	100	0	0.932394
1741000	0.0000000000	0.0100000000	0.0010000000	100	100	0	0.932301
1742000	0.0000000000	0.0100000000	0.0010000000	100	100	0	0.932023
1743000	0.0000000000	0.0100000000	0.0010000000	100	100	0	0.929809
1744000	0.0000000000	0.0100000000	0.0010000000	100	100	0	0.932394
1745000	0.0000000000	0.0100000000	0.0010000000	100	100	0	0.932394
1746000	0.0000000000	0.0100000000	0.0010000000	100	100	0	0.932301
1747000	0.0000000000	0.0100000000	0.0010000000	100	100	0	0.932394
1748000	0.0000000000	0.0100000000	0.0010000000	100	100	0	0.932394
1749000	0.0000000000	0.0100000000	0.0010000000	100	100	0	0.929796
1750000	0.0000000000	0.0100000000	0.0010000000	100	100	0	0.941296
1751000	0.0000000000	0.0100000000	0.0010000000	100	100	0	0.941390
1752000	0.0000000000	0.0100000000	0.0010000000	100	100	0	0.937268
1753000	0.0000000000	0.0100000000	0.0010000000	100	100	0	0.941765
1754000	0.0000000000	0.0100000000	0.0010000000	100	100	0	0.941765
1755000	0.0000000000	0.0100000000	0.0010000000	100	100	0	0.923116
1756000	0.0000000000	0.0100000000	0.0010000000	100	100	0	0.921739
1757000	0.0000000000	0.0100000000	0.0010000000	100	100	0	0.918248
1758000	0.0000000000	0.0100000000	0.0010000000	100	100	0	0.905747
1759000	0.0000000000	0.0100000000	0.0010000000	100	100	0	0.913503
1760000	0.0000000000	0.0100000000	0.0010000000	100	100	0	0.923116
1761000	0.0000000000	0.0100000000	0.0010000000	100	100	0	0.923024
1762000	0.0000000000	0.0100000000	0.0010000000	100	100	0	0.923116
1763000	0.0000000000	0.0100000000	0.0010000000	100	100	0	0.923024
1764000	0.0000000000	0.0100000000	0.0010000000	100	100	0	0.923116
1765000	0.0000000000	0.0100000000	0.0010000000	100	100	0	0.922473
1766000	0.0000000000	0.0100000000	0.0010000000	100	100	0	0.914026
1767000	0.0000000000	0.0100000000	0.0010000000	100	100	0	0.904837
1768000	0.0000000000	0.0100000000	0.0010000000	100	100	0	0.895834
1769000	0.0000000000	0.0100000000	0.0010000000	100	100	0	0.895745
1770000	0.0000000000	0.0100000000	0.0010000000	100	100	0	0.904747
1771000	0.0000000000	0.0100000000	0.0010000000	100	100	0	0.904837
1772000	0.0000000000	0.0100000000	0.0010000000	100	100	0	0.904837
1773000	0.0000000000	0.0100000000	0.0010000000	100	100	0	0.895834
1774000	0.0000000000	0.0100000000	0.0010000000	100	100	0	0.886920
1775000	0.0000000000	0.0100000000	0.0010000000	100	100	0	0.884891
1776000	0.0000000000	0.0100000000	0.0010000000	100	100	0	0.867628
1777000	0.0000000000	0.0100000000	0.0010000000	100	100	0	0.878095
1778000	0.0000000000	0.0100000000	0.0010000000	100	100	0	0.877222
1779000	0.0000000000	0.0100000000	0.0010000000	100	100	0	0.875212
1780000	0.0000000000	0.0100000000	0.0010000000	100	100	0	0.878184
1781000	0.0000000000	0.0100000000	0.0010000000	100	100	0	0.878095
1782000	0.0000000000	0.0100000000	0.0010000000	100	100	0	0.875125
1783000	0.0000000000	0.0100000000	0.0010000000	100	100	0	0.876435
1784000	0.0000000000	0.0100000000	0.0010000000	100	100	0	0.877921
1785000	0.0000000000	0.0100000000	0.0010000000	100	100	0	0.878095
1786000	0.0000000000	0.0100000000	0.0010000000	100	100	0	0.876348
1787000	0.0000000000	0.0100000000	0.0010000000	100	100	0	0.869446
1788000	0.0000000000	0.0100000000	0.0010000000	100	100	0	0.869358
1789000	0.0000000000	0.0100000000	0.0010000000	100	100	0	0.869358
1790000	0.0000000000	0.0100000000	0.0010000000	100	100	0	0.869358
1791000	0.0000000000	0.0100000000	0.0010000000	100	100	0	0.865656
1792000	0.0000000000	0.0100000000	0.0010000000	100	100	0	0.866071
1793000	0.0000000000	0.0100000000	0.0010000000	100	100	0	0.874077
1794000	0.0000000000	0.0100000000	0.0010000000	100	100	0	0.878095
1795000	0.0000000000	0.0100000000	0.0010000000	100	100	0	0.865639
1796000	0.0000000000	0.0100000000	0.0010000000	100	100	0	0.877047
1797000	0.0000000000	0.0100000000	0.0010000000	100	100	0	0.878095
1798000	0.0000000000	0.0100000000	0.0010000000	100	100	0	0.876964
1799000	0.0000000000	0.0100000000	0.0010000000	100	100	0	0.887099
1800000	0.0000000000	0.0100000000	0.0010000000	100	100	0	0.886920
1801000	0.0000000000	0.0100000000	0.0010000000	100	100	0	0.886920
1802000	0.0000000000	0.0100000000	0.0010000000	100	100	0	0.886744
1803000	0.0000000000	0.0100000000	0.0010000000	100	100	0	0.884891
1804000	0.0000000000	0.0100000000	0.0010000000	100	100	0	0.885861
1805000	0.0000000000	0.0100000000	0.0010000000	100	100	0	0.886832
1806000	0.0000000000	0.0100000000	0.0010000000	100	100	0	0.877838
1807000	0.0000000000	0.0100000000	0.0010000000	100	100	0	0.881802
1808000	0.0000000000	0.0100000000	0.0010000000	100	100	0	0.878095
1809000	0.0000000000	0.0100000000	0.0010000000	100	100	0	0.878095
1810000	0.0000000000	0.0100000000	0.0010000000	100	100	0	0.878008
1811000	0.0000000000	0.0100000000	0.0010000000	100	100	0	0.877833
1812000	0.0000000000	0.0100000000	0.0010000000	100	100	0	0.877571
1813000	0.0000000000	0.0100000000	0.0010000000	100	100	0	0.879507
1814000	0.0000000000	0.0100000000	0.0010000000	100	100	0	0.895388
1815000	0.0000000000	0.0100000000	0.0010000000	100	100	0	0.895834
1816000	0.0000000000	0.0100000000	0.0010000000	100	100	0	0.895834
1817000	0.0000000000	0.0100000000	0.0010000000	100	100	0	0.895656
1818000	0.0000000000	0.0100000000	0.0010000000	100	100	0	0.895834
1819000	0.0000000000	0.0100000000	0.0010000000	100	100	0	0.895834
1820000	0.0000000000	0.0100000000	0.0010000000	100	100	0	0.886391
1821000	0.0000000000	0.0100000000	0.0010000000	100	100	0	0.881541
1822000	0.0000000000	0.0100000000	0.0010000000	100	100	0	0.877837
1823000	0.0000000000	0.0100000000	0.0010000000	100	100	0	0.878095
1824000	0.0000000000	0.0100000000	0.0010000000	100	100	0	0.869272
1825000	0.0000000000	0.0100000000	0.0010000000	100	100	0	0.868061
1826000	0.0000000000	0.0100000000	0.0010000000	100	100	0	0.869358
1827000	0.0000000000	0.0100000000	0.0010000000	100	100	0	0.870669
1828000	0.0000000000	0.0100000000	0.0010000000	100	100	0	0.868666
1829000	0.0000000000	0.0100000000	0.0010000000	100	100	0	0.871543
1830000	0.0000000000	0.0100000000	0.0010000000	100	100	0	0.869358
1831000	0.0000000000	0.0100000000	0.0010000000	100	100	0	0.859937
1832000	0.0000000000	0.0100000000	0.0010000000	100	100	0	0.860365
1833000	0.0000000000	0.0100000000	0.0010000000	100	100	0	0.860622
1834000	0.0000000000	0.0100000000	0.0010000000	100	100	0	0.858403
1835000	0.0000000000	0.0100000000	0.0010000000	100	100	0	0.867109
1836000	0.0000000000	0.0100000000	0.0010000000	100	100	0	0.869358
1837000	0.0000000000	0.0100000000	0.0010000000	100	100	0	0.877746
1838000	0.0000000000	0.0100000000	0.0010000000	100	100	0	0.867109
1839000	0.0000000000	0.0100000000	0.0010000000	100	100	0	0.858995
1840000	0.0000000000	0.0100000000	0.0010000000	100	100	0	0.860708
1841000	0.0000000000	0.0100000000	0.0010000000	100	100	0	0.868234
1842000	0.0000000000	0.0100000000	0.0010000000	100	100	0	0.869358
1843000	0.0000000000	0.0100000000	0.0010000000	100	100	0	0.867801
1844000	0.0000000000	0.0100000000	0.0010000000	100	100	0	0.869272
1845000	0.0000000000	0.0100000000	0.0010000000	100	100	0	0.869272
1846000	0.0000000000	0.0100000000	0.0010000000	100	100	0	0.895567
1847000	0.0000000000	0.0100000000	0.0010000000	100	100	0	0.885368
1848000	0.0000000000	0.0100000000	0.0010000000	100	100	0	0.895834
1849000	0.0000000000	0.0100000000	0.0010000000	100	100	0	0.895834
1850000	0.0000000000	0.0100000000	0.0010000000	100	100	0	0.886303
1851000	0.0000000000	0.0100000000	0.0010000000	100	100	0	0.886744
1852000	0.0000000000	0.0100000000	0.0010000000	100	100	0	0.895032
1853000	0.0000000000	0.0100000000	0.0010000000	100	100	0	0.886920
1854000	0.0000000000	0.0100000000	0.0010000000	100	100	0	0.886479
1855000	0.0000000000	0.0100000000	0.0010000000	100	100	0	0.899616
1856000	0.0000000000	0.0100000000	0.0010000000	100	100	0	0.895388
1857000	0.0000000000	0.0100000000	0.0010000000	100	100	0	0.904837
1858000	0.0000000000	0.0100000000	0.0010000000	100	100	0	0.904747
1859000	0.0000000000	0.0100000000	0.0010000000	100	100	0	0.904837
1860000	0.0000000000	0.0100000000	0.0010000000	100	100	0	0.894854
1861000	0.0000000000	0.0100000000	0.0010000000	100	100	0	0.895834
1862000	0.0000000000	0.0100000000	0.0010000000	100	100	0	0.895834
1863000	0.0000000000	0.0100000000	0.0010000000	100	100	0	0.895745
1864000	0.0000000000	0.0100000000	0.0010000000	100	100	0	0.895834
1865000	0.0000000000	0.0100000000	0.0010000000	100	100	0	0.895478
1866000	0.0000000000	0.0100000000	0.0010000000	100	100	0	0.892358
1867000	0.0000000000	0.0100000000	0.0010000000	100	100	0	0.895834
1868000	0.0000000000	0.0100000000	0.0010000000	100	100	0	0.894408
1869000	0.0000000000	0.0100000000	0.0010000000	100	100	0	0.904837
1870000	0.0000000000	0.0100000000	0.0010000000	100	100	0	0.910481
1871000	0.0000000000	0.0100000000	0.0010000000	100	100	0	0.904837
1872000	0.0000000000	0.0100000000	0.0010000000	100	100	0	0.904387
1873000	0.0000000000	0.0100000000	0.0010000000	100	100	0	0.895834
1874000	0.0000000000	0.0100000000	0.0010000000	100	100	0	0.895834
1875000	0.0000000000	0.0100000000	0.0010000000	100	100	0	0.904837
1876000	0.0000000000	0.0100000000	0.0010000000	100	100	0	0.904837
1877000	0.0000000000	0.0100000000	0.0010000000	100	100	0	0.904837
1878000	0.0000000000	0.0100000000	0.0010000000	100	100	0	0.904207
1879000	0.0000000000	0.0100000000	0.0010000000	100	100	0	0.907021
1880000	0.0000000000	0.0100000000	0.0010000000	100	100	0	0.904837
1881000	0.0000000000	0.0100000000	0.0010000000	100	100	0	0.913931
1882000	0.0000000000	0.0100000000	0.0010000000	100	100	0	0.922106
1883000	0.0000000000	0.0100000000	0.0010000000	100	100	0	0.918085
1884000	0.0000000000	0.0100000000	0.0010000000	100	100	0	0.921739
1885000	0.0000000000	0.0100000000	0.0010000000	100	100	0	0.923395
1886000	0.0000000000	0.0100000000	0.0010000000	100	100	0	0.923116
1887000	0.0000000000	0.0100000000	0.0010000000	100	100	0	0.923116
1888000	0.0000000000	0.0100000000	0.0010000000	100	100	0	0.905929
1889000	0.0000000000	0.0100000000	0.0010000000	100	100	0	0.910385
1890000	0.0000000000	0.0100000000	0.0010000000	100	100	0	0.911385
1891000	0.0000000000	0.0100000000	0.0010000000	100	100	0	0.913931
1892000	0.0000000000	0.0100000000	0.0010000000	100	100	0	0.922841
1893000	0.0000000000	0.0100000000	0.0010000000	100	100	0	0.931189
1894000	0.0000000000	0.0100000000	0.0010000000	100	100	0	0.932115
1895000	0.0000000000	0.0100000000	0.0010000000	100	100	0	0.938672
1896000	0.0000000000	0.0100000000	0.0010000000	100	100	0	0.941765
1897000	0.0000000000	0.0100000000	0.0010000000	100	100	0	0.940546
1898000	0.0000000000	0.0100000000	0.0010000000	100	100	0	0.933987
1899000	0.0000000000	0.0100000000	0.0010000000	100	100	0	0.932394
1900000	0.0000000000	0.0100000000	0.0010000000	100	100	0	0.941765
1901000	0.0000000000	0.0100000000	0.0010000000	100	100	0	0.951040
1902000	0.0000000000	0.0100000000	0.0010000000	100	100	0	0.951229
1903000	0.0000000000	0.0100000000	0.0010000000	100	100	0	0.951229
1904000	0.0000000000	0.0100000000	0.0010000000	100	100	0	0.951135
1905000	0.0000000000	0.0100000000	0.0010000000	100	100	0	0.960694
1906000	0.0000000000	0.0100000000	0.0010000000	100	100	0	0.960789
1907000	0.0000000000	0.0100000000	0.0010000000	100	100	0	0.957443
1908000	0.0000000000	0.0100000000	0.0010000000	100	100	0	0.967838
1909000	0.0000000000	0.0100000000	0.0010000000	100	100	0	0.970252
1910000	0.0000000000	0.0100000000	0.0010000000	100	100	0	0.970156
1911000	0.0000000000	0.0100000000	0.0010000000	100	100	0	0.970446
1912000	0.0000000000	0.0100000000	0.0010000000	100	100	0	0.960694
1913000	0.0000000000	0.0100000000	0.0010000000	100	100	0	0.960789
1914000	0.0000000000	0.0100000000	0.0010000000	100	100	0	0.960789
1915000	0.0000000000	0.0100000000	0.0010000000	100	100	0	0.958877
1916000	0.0000000000	0.0100000000	0.0010000000	100	100	0	0.960789
1917000	0.0000000000	0.0100000000	0.0010000000	100	100	0	0.961661
1918000	0.0000000000	0.0100000000	0.0010000000	100	100	0	0.960789
1919000	0.0000000000	0.0100000000	0.0010000000	100	100	0	0.960598
1920000	0.0000000000	0.0100000000	0.0010000000	100	100	0	0.960789
1921000	0.0000000000	0.0100000000	0.0010000000	100	100	0	0.951040
1922000	0.0000000000	0.0100000000	0.0010000000	100	100	0	0.944716
1923000	0.0000000000	0.0100000000	0.0010000000	100	100	0	0.936704
1924000	0.0000000000	0.0100000000	0.0010000000	100	100	0	0.941765
1925000	0.0000000000	0.0100000000	0.0010000000	100	100	0	0.939900
1926000	0.0000000000	0.0100000000	0.0010000000	100	100	0	0.938204
1927000	0.0000000000	0.0100000000	0.0010000000	100	100	0	0.941765
1928000	0.0000000000	0.0100000000	0.0010000000	100	100	0	0.940453
1929000	0.0000000000	0.0100000000	0.0010000000	100	100	0	0.943752
1930000	0.0000000000	0.0100000000	0.0010000000	100	100	0	0.941765
1931000	0.0000000000	0.0100000000	0.0010000000	100	100	0	0.941015
1932000	0.0000000000	0.0100000000	0.0010000000	100	100	0	0.941765
1933000	0.0000000000	0.0100000000	0.0010000000	100	100	0	0.941765
1934000	0.0000000000	0.0100000000	0.0010000000	100	100	0	0.951229
1935000	0.0000000000	0.0100000000	0.0010000000	100	100	0	0.951229
1936000	0.0000000000	0.0100000000	0.0010000000	100	100	0	0.951229
1937000	0.0000000000	0.0100000000	0.0010000000	100	100	0	0.949620
1938000	0.0000000000	0.0100000000	0.0010000000	100	100	0	0.941483
1939000	0.0000000000	0.0100000000	0.0010000000	100	100	0	0.941765
1940000	0.0000000000	0.0100000000	0.0010000000	100	100	0	0.941765
1941000	0.0000000000	0.0100000000	0.0010000000	100	100	0	0.936715
1942000	0.0000000000	0.0100000000	0.0010000000	100	100	0	0.950283
1943000	0.0000000000	0.0100000000	0.0010000000	100	100	0	0.951229
1944000	0.0000000000	0.0100000000	0.0010000000	100	100	0	0.950662
1945000	0.0000000000	0.0100000000	0.0010000000	100	100	0	0.941765
1946000	0.0000000000	0.0100000000	0.0010000000	100	100	0	0.932394
1947000	0.0000000000	0.0100000000	0.0010000000	100	100	0	0.932208
1948000	0.0000000000	0.0100000000	0.0010000000	100	100	0	0.932394
1949000	0.0000000000	0.0100000000	0.0010000000	100	100	0	0.913476
1950000	0.0000000000	0.0100000000	0.0010000000	100	100	0	0.913567
1951000	0.0000000000	0.0100000000	0.0010000000	100	100	0	0.912567
1952000	0.0000000000	0.0100000000	0.0010000000	100	100	0	0.913840
1953000	0.0000000000	0.0100000000	0.0010000000	100	100	0	0.902136
1954000	0.0000000000	0.0100000000	0.0010000000	100	100	0	0.895745
1955000	0.0000000000	0.0100000000	0.0010000000	100	100	0	0.886920
1956000	0.0000000000	0.0100000000	0.0010000000	100	100	0	0.883586
1957000	0.0000000000	0.0100000000	0.0010000000	100	100	0	0.899075
1958000	0.0000000000	0.0100000000	0.0010000000	100	100	0	0.904837
1959000	0.0000000000	0.0100000000	0.0010000000	100	100	0	0.904837
1960000	0.0000000000	0.0100000000	0.0010000000	100	100	0	0.904657
1961000	0.0000000000	0.0100000000	0.0010000000	100	100	0	0.904387
1962000	0.0000000000	0.0100000000	0.0010000000	100	100	0	0.906292
1963000	0.0000000000	0.0100000000	0.0010000000	100	100	0	0.913840
1964000	0.0000000000	0.0100000000	0.0010000000	100	100	0	0.913931
1965000	0.0000000000	0.0100000000	0.0010000000	100	100	0	0.913840
1966000	0.0000000000	0.0100000000	0.0010000000	100	100	0	0.913476
1967000	0.0000000000	0.0100000000	0.0010000000	100	100	0	0.914115
1968000	0.0000000000	0.0100000000	0.0010000000	100	100	0	0.904837
1969000	0.0000000000	0.0100000000	0.0010000000	100	100	0	0.904837
1970000	0.0000000000	0.0100000000	0.0010000000	100	100	0	0.904837
1971000	0.0000000000	0.0100000000	0.0010000000	100	100	0	0.904837
1972000	0.0000000000	0.0100000000	0.0010000000	100	100	0	0.895567
1973000	0.0000000000	0.0100000000	0.0010000000	100	100	0	0.895299
1974000	0.0000000000	0.0100000000	0.0010000000	100	100	0	0.895834
1975000	0.0000000000	0.0100000000	0.0010000000	100	100	0	0.895834
1976000	0.0000000000	0.0100000000	0.0010000000	100	100	0	0.895656
1977000	0.0000000000	0.0100000000	0.0010000000	100	100	0	0.893962
1978000	0.0000000000	0.0100000000	0.0010000000	100	100	0	0.895656
1979000	0.0000000000	0.0100000000	0.0010000000	100	100	0	0.895388
1980000	0.0000000000	0.0100000000	0.0010000000	100	100	0	0.890842
1981000	0.0000000000	0.0100000000	0.0010000000	100	100	0	0.894586
1982000	0.0000000000	0.0100000000	0.0010000000	100	100	0	0.904837
1983000	0.0000000000	0.0100000000	0.0010000000	100	100	0	0.904747
1984000	0.0000000000	0.0100000000	0.0010000000	100	100	0	0.901416
1985000	0.0000000000	0.0100000000	0.0010000000	100	100	0	0.901776
1986000	0.0000000000	0.0100000000	0.0010000000	100	100	0	0.905388
1987000	0.0000000000	0.0100000000	0.0010000000	100	100	0	0.896734
1988000	0.0000000000	0.0100000000	0.0010000000	100	100	0	0.894854
1989000	0.0000000000	0.0100000000	0.0010000000	100	100	0	0.895834
1990000	0.0000000000	0.0100000000	0.0010000000	100	100	0	0.895834
1991000	0.0000000000	0.0100000000	0.0010000000	100	100	0	0.895656
1992000	0.0000000000	0.0100000000	0.0010000000	100	100	0	0.895745
1993000	0.0000000000	0.0100000000	0.0010000000	100	100	0	0.886744
1994000	0.0000000000	0.0100000000	0.0010000000	100	100	0	0.886656
1995000	0.0000000000	0.0100000000	0.0010000000	100	100	0	0.894408
1996000	0.0000000000	0.0100000000	0.0010000000	100	100	0	0.886832
1997000	0.0000000000	0.0100000000	0.0010000000	100	100	0	0.878095
1998000	0.0000000000	0.0100000000	0.0010000000	100	100	0	0.878095
1999000	0.0000000000	0.0100000000	0.0010000000	100	100	0	0.876872
2000000	0.0000000000	0.0100000000	0.0010000000	100	100	0	0.878008
2001000	0.0000000000	0.0100000000	0.0010000000	100	100	0	0.878095
2002000	0.0000000000	0.0100000000	0.0010000000	100	100	0	0.882952
2003000	0.0000000000	0.0100000000	0.0010000000	100	100	0	0.886920
2004000	0.0000000000	0.0100000000	0.0010000000	100	100	0	0.882596
2005000	0.0000000000	0.0100000000	0.0010000000	100	100	0	0.894408
2006000	0.0000000000	0.0100000000	0.0010000000	100	100	0	0.895656
2007000	0.0000000000	0.0100000000	0.0010000000	100	100	0	0.886920
2008000	0.0000000000	0.0100000000	0.0010000000	100	100	0	0.875044
2009000	0.0000000000	0.0100000000	0.0010000000	100	100	0	0.877746
2010000	0.0000000000	0.0100000000	0.0010000000	100	100	0	0.873465
2011000	0.0000000000	0.0100000000	0.0010000000	100	100	0	0.866677
2012000	0.0000000000	0.0100000000	0.0010000000	100	100	0	0.852144
2013000	0.0000000000	0.0100000000	0.0010000000	100	100	0	0.843665
2014000	0.0000000000	0.0100000000	0.0010000000	100	100	0	0.843581
2015000	0.0000000000	0.0100000000	0.0010000000	100	100	0	0.843078
2016000	0.0000000000	0.0100000000	0.0010000000	100	100	0	0.843665
2017000	0.0000000000	0.0100000000	0.0010000000	100	100	0	0.852144
2018000	0.0000000000	0.0100000000	0.0010000000	100	100	0	0.851974
2019000	0.0000000000	0.0100000000	0.0010000000	100	100	0	0.845361
2020000	0.0000000000	0.0100000000	0.0010000000	100	100	0	0.844174
2021000	0.0000000000	0.0100000000	0.0010000000	100	100	0	0.852144
2022000	0.0000000000	0.0100000000	0.0010000000	100	100	0	0.852059
2023000	0.0000000000	0.0100000000	0.0010000000	100	100	0	0.852059
2024000	0.0000000000	0.0100000000	0.0010000000	100	100	0	0.852144
2025000	0.0000000000	0.0100000000	0.0010000000	100	100	0	0.851974
2026000	0.0000000000	0.0100000000	0.0010000000	100	100	0	0.860451
2027000	0.0000000000	0.0100000000	0.0010000000	100	100	0	0.852059
2028000	0.0000000000	0.0100000000	0.0010000000	100	100	0	0.852144
2029000	0.0000000000	0.0100000000	0.0010000000	100	100	0	0.844174
2030000	0.0000000000	0.0100000000	0.0010000000	100	100	0	0.843413
2031000	0.0000000000	0.0100000000	0.0010000000	100	100	0	0.851635
2032000	0.0000000000	0.0100000000	0.0010000000	100	100	0	0.869358
2033000	0.0000000000	0.0100000000	0.0010000000	100	100	0	0.867196
2034000	0.0000000000	0.0100000000	0.0010000000	100	100	0	0.869272
2035000	0.0000000000	0.0100000000	0.0010000000	100	100	0	0.869358
2036000	0.0000000000	0.0100000000	0.0010000000	100	100	0	0.868493
2037000	0.0000000000	0.0100000000	0.0010000000	100	100	0	0.867801
2038000	0.0000000000	0.0100000000	0.0010000000	100	100	0	0.869970
2039000	0.0000000000	0.0100000000	0.0010000000	100	100	0	0.868839
2040000	0.0000000000	0.0100000000	0.0010000000	100	100	0	0.877921
2041000	0.0000000000	0.0100000000	0.0010000000	100	100	0	0.875212
2042000	0.0000000000	0.0100000000	0.0010000000	100	100	0	0.878185
2043000	0.0000000000	0.0100000000	0.0010000000	100	100	0	0.869358
2044000	0.0000000000	0.0100000000	0.0010000000	100	100	0	0.864082
2045000	0.0000000000	0.0100000000	0.0010000000	100	100	0	0.860622
2046000	0.0000000000	0.0100000000	0.0010000000	100	100	0	0.860708
2047000	0.0000000000	0.0100000000	0.0010000000	100	100	0	0.860023
2048000	0.0000000000	0.0100000000	0.0010000000	100	100	0	0.861851
2049000	0.0000000000	0.0100000000	0.0010000000	100	100	0	0.869358
2050000	0.0000000000	0.0100000000	0.0010000000	100	100	0	0.869272
2051000	0.0000000000	0.0100000000	0.0010000000	100	100	0	0.878008
2052000	0.0000000000	0.0100000000	0.0010000000	100	100	0	0.878095
2053000	0.0000000000	0.0100000000	0.0010000000	100	100	0	0.878008
2054000	0.0000000000	0.0100000000	0.0010000000	100	100	0	0.876261
2055000	0.0000000000	0.0100000000	0.0010000000	100	100	0	0.884714
2056000	0.0000000000	0.0100000000	0.0010000000	100	100	0	0.886656
2057000	0.0000000000	0.0100000000	0.0010000000	100	100	0	0.886920
2058000	0.0000000000	0.0100000000	0.0010000000	100	100	0	0.883214
2059000	0.0000000000	0.0100000000	0.0010000000	100	100	0	0.886920
2060000	0.0000000000	0.0100000000	0.0010000000	100	100	0	0.878095
2061000	0.0000000000	0.0100000000	0.0010000000	100	100	0	0.878095
2062000	0.0000000000	0.0100000000	0.0010000000	100	100	0	0.878095
2063000	0.0000000000	0.0100000000	0.0010000000	100	100	0	0.877746
2064000	0.0000000000	0.0100000000	0.0010000000	100	100	0	0.878008
2065000	0.0000000000	0.0100000000	0.0010000000	100	100	0	0.878095
2066000	0.0000000000	0.0100000000	0.0010000000	100	100	0	0.874689
2067000	0.0000000000	0.0100000000	0.0010000000	100	100	0	0.886920
2068000	0.0000000000	0.0100000000	0.0010000000	100	100	0	0.895834
2069000	0.0000000000	0.0100000000	0.0010000000	100	100	0	0.895834
2070000	0.0000000000	0.0100000000	0.0010000000	100	100	0	0.895834
2071000	0.0000000000	0.0100000000	0.0010000000	100	100	0	0.882684
2072000	0.0000000000	0.0100000000	0.0010000000	100	100	0	0.878008
2073000	0.0000000000	0.0100000000	0.0010000000	100	100	0	0.878095
2074000	0.0000000000	0.0100000000	0.0010000000	100	100	0	0.876348
2075000	0.0000000000	0.0100000000	0.0010000000	100	100	0	0.878095
2076000	0.0000000000	0.0100000000	0.0010000000	100	100	0	0.859937
2077000	0.0000000000	0.0100000000	0.0010000000	100	100	0	0.860622
2078000	0.0000000000	0.0100000000	0.0010000000	100	100	0	0.868407
2079000	0.0000000000	0.0100000000	0.0010000000	100	100	0	0.869358
2080000	0.0000000000	0.0100000000	0.0010000000	100	100	0	0.869358
2081000	0.0000000000	0.0100000000	0.0010000000	100	100	0	0.877921
2082000	0.0000000000	0.0100000000	0.0010000000	100	100	0	0.869358
2083000	0.0000000000	0.0100000000	0.0010000000	100	100	0	0.869358
2084000	0.0000000000	0.0100000000	0.0010000000	100	100	0	0.869272
2085000	0.0000000000	0.0100000000	0.0010000000	100	100	0	0.878095
2086000	0.0000000000	0.0100000000	0.0010000000	100	100	0	0.869358
2087000	0.0000000000	0.0100000000	0.0010000000	100	100	0	0.878360
2088000	0.0000000000	0.0100000000	0.0010000000	100	100	0	0.885950
2089000	0.0000000000	0.0100000000	0.0010000000	100	100	0	0.895745
2090000	0.0000000000	0.0100000000	0.0010000000	100	100	0	0.895834
2091000	0.0000000000	0.0100000000	0.0010000000	100	100	0	0.886920
2092000	0.0000000000	0.0100000000	0.0010000000	100	100	0	0.886920
2093000	0.0000000000	0.0100000000	0.0010000000	100	100	0	0.904661
2094000	0.0000000000	0.0100000000	0.0010000000	100	100	0	0.904387
2095000	0.0000000000	0.0100000000	0.0010000000	100	100	0	0.904837
2096000	0.0000000000	0.0100000000	0.0010000000	100	100	0	0.904477
2097000	0.0000000000	0.0100000000	0.0010000000	100	100	0	0.904837
2098000	0.0000000000	0.0100000000	0.0010000000	100	100	0	0.904837
2099000	0.0000000000	0.0100000000	0.0010000000	100	100	0	0.913113
2100000	0.0000000000	0.0100000000	0.0010000000	100	100	0	0.913840
2101000	0.0000000000	0.0100000000	0.0010000000	100	100	0	0.904837
2102000	0.0000000000	0.0100000000	0.0010000000	100	100	0	0.895834
2103000	0.0000000000	0.0100000000	0.0010000000	100	100	0	0.895834
2104000	0.0000000000	0.0100000000	0.0010000000	100	100	0	0.904837
2105000	0.0000000000	0.0100000000	0.0010000000	100	100	0	0.904837
2106000	0.0000000000	0.0100000000	0.0010000000	100	100	0	0.904837
2107000	0.0000000000	0.0100000000	0.0010000000	100	100	0	0.913749
2108000	0.0000000000	0.0100000000	0.0010000000	100	100	0	0.913931
2109000	0.0000000000	0.0100000000	0.0010000000	100	100	0	0.894230
2110000	0.0000000000	0.0100000000	0.0010000000	100	100	0	0.895834
2111000	0.0000000000	0.0100000000	0.0010000000	100	100	0	0.887366
2112000	0.0000000000	0.0100000000	0.0010000000	100	100	0	0.886479
2113000	0.0000000000	0.0100000000	0.0010000000	100	100	0	0.886920
2114000	0.0000000000	0.0100000000	0.0010000000	100	100	0	0.886920
2115000	0.0000000000	0.0100000000	0.0010000000	100	100	0	0.895210
2116000	0.0000000000	0.0100000000	0.0010000000	100	100	0	0.895834
2117000	0.0000000000	0.0100000000	0.0010000000	100	100	0	0.895834
2118000	0.0000000000	0.0100000000	0.0010000000	100	100	0	0.894320
2119000	0.0000000000	0.0100000000	0.0010000000	100	100	0	0.892714
2120000	0.0000000000	0.0100000000	0.0010000000	100	100	0	0.886479
2121000	0.0000000000	0.0100000000	0.0010000000	100	100	0	0.886920
2122000	0.0000000000	0.0100000000	0.0010000000	100	100	0	0.883037
2123000	0.0000000000	0.0100000000	0.0010000000	100	100	0	0.886920
2124000	0.0000000000	0.0100000000	0.0010000000	100	100	0	0.886303
2125000	0.0000000000	0.0100000000	0.0010000000	100	100	0	0.878095
2126000	0.0000000000	0.0100000000	0.0010000000	100	100	0	0.875387
2127000	0.0000000000	0.0100000000	0.0010000000	100	100	0	0.878095
2128000	0.0000000000	0.0100000000	0.0010000000	100	100	0	0.878008
2129000	0.0000000000	0.0100000000	0.0010000000	100	100	0	0.878095
2130000	0.0000000000	0.0100000000	0.0010000000	100	100	0	0.870756
2131000	0.0000000000	0.0100000000	0.0010000000	100	100	0	0.886920
2132000	0.0000000000	0.0100000000	0.0010000000	100	100	0	0.886920
2133000	0.0000000000	0.0100000000	0.0010000000	100	100	0	0.895834
2134000	0.0000000000	0.0100000000	0.0010000000	100	100	0	0.895834
2135000	0.0000000000	0.0100000000	0.0010000000	100	100	0	0.895210
2136000	0.0000000000	0.0100000000	0.0010000000	100	100	0	0.895834
2137000	0.0000000000	0.0100000000	0.0010000000	100	100	0	0.895567
2138000	0.0000000000	0.0100000000	0.0010000000	100	100	0	0.895834
2139000	0.0000000000	0.0100000000	0.0010000000	100	100	0	0.895299
2140000	0.0000000000	0.0100000000	0.0010000000	100	100	0	0.895745
2141000	0.0000000000	0.0100000000	0.0010000000	100	100	0	0.895834
2142000	0.0000000000	0.0100000000	0.0010000000	100	100	0	0.904117
2143000	0.0000000000	0.0100000000	0.0010000000	100	100	0	0.902857
2144000	0.0000000000	0.0100000000	0.0010000000	100	100	0	0.906663
2145000	0.0000000000	0.0100000000	0.0010000000	100	100	0	0.913931
2146000	0.0000000000	0.0100000000	0.0010000000	100	100	0	0.913840
2147000	0.0000000000	0.0100000000	0.0010000000	100	100	0	0.913567
2148000	0.0000000000	0.0100000000	0.0010000000	100	100	0	0.893526
2149000	0.0000000000	0.0100000000	0.0010000000	100	100	0	0.886391
2150000	0.0000000000	0.0100000000	0.0010000000	100	100	0	0.895834
2151000	0.0000000000	0.0100000000	0.0010000000	100	100	0	0.896478
2152000	0.0000000000	0.0100000000	0.0010000000	100	100	0	0.905475
2153000	0.0000000000	0.0100000000	0.0010000000	100	100	0	0.904567
2154000	0.0000000000	0.0100000000	0.0010000000	100	100	0	0.903667
2155000	0.0000000000	0.0100000000	0.0010000000	100	100	0	0.913931
2156000	0.0000000000	0.0100000000	0.0010000000	100	100	0	0.923116
2157000	0.0000000000	0.0100000000	0.0010000000	100	100	0	0.923116
2158000	0.0000000000	0.0100000000	0.0010000000	100	100	0	0.923116
2159000	0.0000000000	0.0100000000	0.0010000000	100	100	0	0.923116
2160000	0.0000000000	0.0100000000	0.0010000000	100	100	0	0.923116
2161000	0.0000000000	0.0100000000	0.0010000000	100	100	0	0.923116
2162000	0.0000000000	0.0100000000	0.0010000000	100	100	0	0.923116
2163000	0.0000000000	0.0100000000	0.0010000000	100	100	0	0.924514
2164000	0.0000000000	0.0100000000	0.0010000000	100	100	0	0.932394
2165000	0.0000000000	0.0100000000	0.0010000000	100	100	0	0.928776
2166000	0.0000000000	0.0100000000	0.0010000000	100	100	0	0.932868
2167000	0.0000000000	0.0100000000	0.0010000000	100	100	0	0.931281
2168000	0.0000000000	0.0100000000	0.0010000000	100	100	0	0.927848
2169000	0.0000000000	0.0100000000	0.0010000000	100	100	0	0.922749
2170000	0.0000000000	0.0100000000	0.0010000000	100	100	0	0.932301
2171000	0.0000000000	0.0100000000	0.0010000000	100	100	0	0.913931
2172000	0.0000000000	0.0100000000	0.0010000000	100	100	0	0.923116
2173000	0.0000000000	0.0100000000	0.0010000000	100	100	0	0.923116
2174000	0.0000000000	0.0100000000	0.0010000000	100	100	0	0.913386
2175000	0.0000000000	0.0100000000	0.0010000000	100	100	0	0.923024
2176000	0.0000000000	0.0100000000	0.0010000000	100	100	0	0.907587
2177000	0.0000000000	0.0100000000	0.0010000000	100	100	0	0.904837
2178000	0.0000000000	0.0100000000	0.0010000000	100	100	0	0.904837
2179000	0.0000000000	0.0100000000	0.0010000000	100	100	0	0.904837
2180000	0.0000000000	0.0100000000	0.0010000000	100	100	0	0.904837
2181000	0.0000000000	0.0100000000	0.0010000000	100	100	0	0.905201
2182000	0.0000000000	0.0100000000	0.0010000000	100	100	0	0.904570
2183000	0.0000000000	0.0100000000	0.0010000000	100	100	0	0.904747
2184000	0.0000000000	0.0100000000	0.0010000000	100	100	0	0.899346
2185000	0.0000000000	0.0100000000	0.0010000000	100	100	0	0.893427
2186000	0.0000000000	0.0100000000	0.0010000000	100	100	0	0.884273
2187000	0.0000000000	0.0100000000	0.0010000000	100	100	0	0.886920
2188000	0.0000000000	0.0100000000	0.0010000000	100	100	0	0.882420
2189000	0.0000000000	0.0100000000	0.0010000000	100	100	0	0.878040
2190000	0.0000000000	0.0100000000	0.0010000000	100	100	0	0.897995
2191000	0.0000000000	0.0100000000	0.0010000000	100	100	0	0.895834
2192000	0.0000000000	0.0100000000	0.0010000000	100	100	0	0.903667
2193000	0.0000000000	0.0100000000	0.0010000000	100	100	0	0.904297
2194000	0.0000000000	0.0100000000	0.0010000000	100	100	0	0.895834
2195000	0.0000000000	0.0100000000	0.0010000000	100	100	0	0.889238
2196000	0.0000000000	0.0100000000	0.0010000000	100	100	0	0.878360
2197000	0.0000000000	0.0100000000	0.0010000000	100	100	0	0.886832
2198000	0.0000000000	0.0100000000	0.0010000000	100	100	0	0.876697
2199000	0.0000000000	0.0100000000	0.0010000000	100	100	0	0.878095
2200000	0.0000000000	0.0100000000	0.0010000000	100	100	0	0.877746
2201000	0.0000000000	0.0100000000	0.0010000000	100	100	0	0.869358
2202000	0.0000000000	0.0100000000	0.0010000000	100	100	0	0.868926
2203000	0.0000000000	0.0100000000	0.0010000000	100	100	0	0.869358
2204000	0.0000000000	0.0100000000	0.0010000000	100	100	0	0.869358
2205000	0.0000000000	0.0100000000	0.0010000000	100	100	0	0.868493
2206000	0.0000000000	0.0100000000	0.0010000000	100	100	0	0.869185
2207000	0.0000000000	0.0100000000	0.0010000000	100	100	0	0.869358
2208000	0.0000000000	0.0100000000	0.0010000000	100	100	0	0.869358
2209000	0.0000000000	0.0100000000	0.0010000000	100	100	0	0.870057
2210000	0.0000000000	0.0100000000	0.0010000000	100	100	0	0.869358
2211000	0.0000000000	0.0100000000	0.0010000000	100	100	0	0.867542
2212000	0.0000000000	0.0100000000	0.0010000000	100	100	0	0.878095
2213000	0.0000000000	0.0100000000	0.0010000000	100	100	0	0.878095
2214000	0.0000000000	0.0100000000	0.0010000000	100	100	0	0.878095
2215000	0.0000000000	0.0100000000	0.0010000000	100	100	0	0.873552
2216000	0.0000000000	0.0100000000	0.0010000000	100	100	0	0.879507
2217000	0.0000000000	0.0100000000	0.0010000000	100	100	0	0.869358
2218000	0.0000000000	0.0100000000	0.0010000000	100	100	0	0.869358
2219000	0.0000000000	0.0100000000	0.0010000000	100	100	0	0.868840
2220000	0.0000000000	0.0100000000	0.0010000000	100	100	0	0.860365
2221000	0.0000000000	0.0100000000	0.0010000000	100	100	0	0.852144
2222000	0.0000000000	0.0100000000	0.0010000000	100	100	0	0.835270
2223000	0.0000000000	0.0100000000	0.0010000000	100	100	0	0.835021
2224000	0.0000000000	0.0100000000	0.0010000000	100	100	0	0.835270
2225000	0.0000000000	0.0100000000	0.0010000000	100	100	0	0.834522
2226000	0.0000000000	0.0100000000	0.0010000000	100	100	0	0.834439
2227000	0.0000000000	0.0100000000	0.0010000000	100	100	0	0.835187
2228000	0.0000000000	0.0100000000	0.0010000000	100	100	0	0.843665
2229000	0.0000000000	0.0100000000	0.0010000000	100	100	0	0.843665
2230000	0.0000000000	0.0100000000	0.0010000000	100	100	0	0.844089
2231000	0.0000000000	0.0100000000	0.0010000000	100	100	0	0.848159
2232000	0.0000000000	0.0100000000	0.0010000000	100	100	0	0.843497
2233000	0.0000000000	0.0100000000	0.0010000000	100	100	0	0.830533
2234000	0.0000000000	0.0100000000	0.0010000000	100	100	0	0.842574
2235000	0.0000000000	0.0100000000	0.0010000000	100	100	0	0.843581
2236000	0.0000000000	0.0100000000	0.0010000000	100	100	0	0.852144
2237000	0.0000000000	0.0100000000	0.0010000000	100	100	0	0.860023
2238000	0.0000000000	0.0100000000	0.0010000000	100	100	0	0.869358
2239000	0.0000000000	0.0100000000	0.0010000000	100	100	0	0.869272
2240000	0.0000000000	0.0100000000	0.0010000000	100	100	0	0.863934
2241000	0.0000000000	0.0100000000	0.0010000000	100	100	0	0.868581
2242000	0.0000000000	0.0100000000	0.0010000000	100	100	0	0.878095
2243000	0.0000000000	0.0100000000	0.0010000000	100	100	0	0.878095
2244000	0.0000000000	0.0100000000	0.0010000000	100	100	0	0.886920
2245000	0.0000000000	0.0100000000	0.0010000000	100	100	0	0.894675
2246000	0.0000000000	0.0100000000	0.0010000000	100	100	0	0.886832
2247000	0.0000000000	0.0100000000	0.0010000000	100	100	0	0.886920
2248000	0.0000000000	0.0100000000	0.0010000000	100	100	0	0.887367
2249000	0.0000000000	0.0100000000	0.0010000000	100	100	0	0.886832
2250000	0.0000000000	0.0100000000	0.0010000000	100	100	0	0.886920
2251000	0.0000000000	0.0100000000	0.0010000000	100	100	0	0.886656
2252000	0.0000000000	0.0100000000	0.0010000000	100	100	0	0.894675
2253000	0.0000000000	0.0100000000	0.0010000000	100	100	0	0.893517
2254000	0.0000000000	0.0100000000	0.0010000000	100	100	0	0.878095
2255000	0.0000000000	0.0100000000	0.0010000000	100	100	0	0.878095
2256000	0.0000000000	0.0100000000	0.0010000000	100	100	0	0.877659
2257000	0.0000000000	0.0100000000	0.0010000000	100	100	0	0.878008
2258000	0.0000000000	0.0100000000	0.0010000000	100	100	0	0.869358
2259000	0.0000000000	0.0100000000	0.0010000000	100	100	0	0.869185
2260000	0.0000000000	0.0100000000	0.0010000000	100	100	0	0.870058
2261000	0.0000000000	0.0100000000	0.0010000000	100	100	0	0.878095
2262000	0.0000000000	0.0100000000	0.0010000000	100	100	0	0.878095
2263000	0.0000000000	0.0100000000	0.0010000000	100	100	0	0.871805
2264000	0.0000000000	0.0100000000	0.0010000000	100	100	0	0.869358
2265000	0.0000000000	0.0100000000	0.0010000000	100	100	0	0.879243
2266000	0.0000000000	0.0100000000	0.0010000000	100	100	0	0.877396
2267000	0.0000000000	0.0100000000	0.0010000000	100	100	0	0.878537
2268000	0.0000000000	0.0100000000	0.0010000000	100	100	0	0.886920
2269000	0.0000000000	0.0100000000	0.0010000000	100	100	0	0.904837
2270000	0.0000000000	0.0100000000	0.0010000000	100	100	0	0.913931
2271000	0.0000000000	0.0100000000	0.0010000000	100	100	0	0.895834
2272000	0.0000000000	0.0100000000	0.0010000000	100	100	0	0.883037
2273000	0.0000000000	0.0100000000	0.0010000000	100	100	0	0.883832
2274000	0.0000000000	0.0100000000	0.0010000000	100	100	0	0.878095
2275000	0.0000000000	0.0100000000	0.0010000000	100	100	0	0.869358
2276000	0.0000000000	0.0100000000	0.0010000000	100	100	0	0.868926
2277000	0.0000000000	0.0100000000	0.0010000000	100	100	0	0.872184
2278000	0.0000000000	0.0100000000	0.0010000000	100	100	0	0.877571
2279000	0.0000000000	0.0100000000	0.0010000000	100	100	0	0.894586
2280000	0.0000000000	0.0100000000	0.0010000000	100	100	0	0.898265
2281000	0.0000000000	0.0100000000	0.0010000000	100	100	0	0.895656
2282000	0.0000000000	0.0100000000	0.0010000000	100	100	0	0.904207
2283000	0.0000000000	0.0100000000	0.0010000000	100	100	0	0.904747
2284000	0.0000000000	0.0100000000	0.0010000000	100	100	0	0.904837
2285000	0.0000000000	0.0100000000	0.0010000000	100	100	0	0.904657
2286000	0.0000000000	0.0100000000	0.0010000000	100	100	0	0.904747
2287000	0.0000000000	0.0100000000	0.0010000000	100	100	0	0.913204
2288000	0.0000000000	0.0100000000	0.0010000000	100	100	0	0.913931
2289000	0.0000000000	0.0100000000	0.0010000000	100	100	0	0.913931
2290000	0.0000000000	0.0100000000	0.0010000000	100	100	0	0.913749
2291000	0.0000000000	0.0100000000	0.0010000000	100	100	0	0.913931
2292000	0.0000000000	0.0100000000	0.0010000000	100	100	0	0.913840
2293000	0.0000000000	0.0100000000	0.0010000000	100	100	0	0.895478
2294000	0.0000000000	0.0100000000	0.0010000000	100	100	0	0.895834
2295000	0.0000000000	0.0100000000	0.0010000000	100	100	0	0.878095
2296000	0.0000000000	0.0100000000	0.0010000000	100	100	0	0.868926
2297000	0.0000000000	0.0100000000	0.0010000000	100	100	0	0.860881
2298000	0.0000000000	0.0100000000	0.0010000000	100	100	0	0.859974
2299000	0.0000000000	0.0100000000	0.0010000000	100	100	0	0.860708
2300000	0.0000000000	0.0100000000	0.0010000000	100	100	0	0.855595
2301000	0.0000000000	0.0100000000	0.0010000000	100	100	0	0.857454
2302000	0.0000000000	0.0100000000	0.0010000000	100	100	0	0.859802
2303000	0.0000000000	0.0100000000	0.0010000000	100	100	0	0.852144
2304000	0.0000000000	0.0100000000	0.0010000000	100	100	0	0.843665
2305000	0.0000000000	0.0100000000	0.0010000000	100	100	0	0.843665
2306000	0.0000000000	0.0100000000	0.0010000000	100	100	0	0.826959
2307000	0.0000000000	0.0100000000	0.0010000000	100	100	0	0.843665
2308000	0.0000000000	0.0100000000	0.0010000000	100	100	0	0.852144
2309000	0.0000000000	0.0100000000	0.0010000000	100	100	0	0.848413
2310000	0.0000000000	0.0100000000	0.0010000000	100	100	0	0.860708
2311000	0.0000000000	0.0100000000	0.0010000000	100	100	0	0.860708
2312000	0.0000000000	0.0100000000	0.0010000000	100	100	0	0.859852
2313000	0.0000000000	0.0100000000	0.0010000000	100	100	0	0.878095
2314000	0.0000000000	0.0100000000	0.0010000000	100	100	0	0.886920
2315000	0.0000000000	0.0100000000	0.0010000000	100	100	0	0.886920
2316000	0.0000000000	0.0100000000	0.0010000000	100	100	0	0.877833
2317000	0.0000000000	0.0100000000	0.0010000000	100	100	0	0.875741
2318000	0.0000000000	0.0100000000	0.0010000000	100	100	0	0.878095
2319000	0.0000000000	0.0100000000	0.0010000000	100	100	0	0.895834
2320000	0.0000000000	0.0100000000	0.0010000000	100	100	0	0.895834
2321000	0.0000000000	0.0100000000	0.0010000000	100	100	0	0.894854
2322000	0.0000000000	0.0100000000	0.0010000000	100	100	0	0.895834
2323000	0.0000000000	0.0100000000	0.0010000000	100	100	0	0.904837
2324000	0.0000000000	0.0100000000	0.0010000000	100	100	0	0.913931
2325000	0.0000000000	0.0100000000	0.0010000000	100	100	0	0.913476
2326000	0.0000000000	0.0100000000	0.0010000000	100	100	0	0.923116
2327000	0.0000000000	0.0100000000	0.0010000000	100	100	0	0.923116
2328000	0.0000000000	0.0100000000	0.0010000000	100	100	0	0.923116
2329000	0.0000000000	0.0100000000	0.0010000000	100	100	0	0.929147
2330000	0.0000000000	0.0100000000	0.0010000000	100	100	0	0.923116
2331000	0.0000000000	0.0100000000	0.0010000000	100	100	0	0.919626
2332000	0.0000000000	0.0100000000	0.0010000000	100	100	0	0.923116
2333000	0.0000000000	0.0100000000	0.0010000000	100	100	0	0.923116
2334000	0.0000000000	0.0100000000	0.0010000000	100	100	0	0.923116
2335000	0.0000000000	0.0100000000	0.0010000000	100	100	0	0.921922
2336000	0.0000000000	0.0100000000	0.0010000000	100	100	0	0.922841
2337000	0.0000000000	0.0100000000	0.0010000000	100	100	0	0.920177
2338000	0.0000000000	0.0100000000	0.0010000000	100	100	0	0.906383
2339000	0.0000000000	0.0100000000	0.0010000000	100	100	0	0.913931
2340000	0.0000000000	0.0100000000	0.0010000000	100	100	0	0.913840
2341000	0.0000000000	0.0100000000	0.0010000000	100	100	0	0.913204
2342000	0.0000000000	0.0100000000	0.0010000000	100	100	0	0.904837
2343000	0.0000000000	0.0100000000	0.0010000000	100	100	0	0.895834
2344000	0.0000000000	0.0100000000	0.0010000000	100	100	0	0.904837
2345000	0.0000000000	0.0100000000	0.0010000000	100	100	0	0.910839
2346000	0.0000000000	0.0100000000	0.0010000000	100	100	0	0.913022
2347000	0.0000000000	0.0100000000	0.0010000000	100	100	0	0.905019
2348000	0.0000000000	0.0100000000	0.0010000000	100	100	0	0.902046
2349000	0.0000000000	0.0100000000	0.0010000000	100	100	0	0.900522
2350000	0.0000000000	0.0100000000	0.0010000000	100	100	0	0.905478
2351000	0.0000000000	0.0100000000	0.0010000000	100	100	0	0.895745
2352000	0.0000000000	0.0100000000	0.0010000000	100	100	0	0.880478
2353000	0.0000000000	0.0100000000	0.0010000000	100	100	0	0.878009
2354000	0.0000000000	0.0100000000	0.0010000000	100	100	0	0.869185
2355000	0.0000000000	0.0100000000	0.0010000000	100	100	0	0.868234
2356000	0.0000000000	0.0100000000	0.0010000000	100	100	0	0.860708
2357000	0.0000000000	0.0100000000	0.0010000000	100	100	0	0.866850
2358000	0.0000000000	0.0100000000	0.0010000000	100	100	0	0.860537
2359000	0.0000000000	0.0100000000	0.0010000000	100	100	0	0.860708
2360000	0.0000000000	0.0100000000	0.0010000000	100	100	0	0.860708
2361000	0.0000000000	0.0100000000	0.0010000000	100	100	0	0.860622
2362000	0.0000000000	0.0100000000	0.0010000000	100	100	0	0.869358
2363000	0.0000000000	0.0100000000	0.0010000000	100	100	0	0.869358
2364000	0.0000000000	0.0100000000	0.0010000000	100	100	0	0.860622
2365000	0.0000000000	0.0100000000	0.0010000000	100	100	0	0.860708
2366000	0.0000000000	0.0100000000	0.0010000000	100	100	0	0.877484
2367000	0.0000000000	0.0100000000	0.0010000000	100	100	0	0.869185
2368000	0.0000000000	0.0100000000	0.0010000000	100	100	0	0.876789
2369000	0.0000000000	0.0100000000	0.0010000000	100	100	0	0.876697
2370000	0.0000000000	0.0100000000	0.0010000000	100	100	0	0.869358
2371000	0.0000000000	0.0100000000	0.0010000000	100	100	0	0.856512
2372000	0.0000000000	0.0100000000	0.0010000000	100	100	0	0.860108
2373000	0.0000000000	0.0100000000	0.0010000000	100	100	0	0.860967
2374000	0.0000000000	0.0100000000	0.0010000000	100	100	0	0.853942
2375000	0.0000000000	0.0100000000	0.0010000000	100	100	0	0.855655
2376000	0.0000000000	0.0100000000	0.0010000000	100	100	0	0.855484
2377000	0.0000000000	0.0100000000	0.0010000000	100	100	0	0.869358
2378000	0.0000000000	0.0100000000	0.0010000000	100	100	0	0.866071
2379000	0.0000000000	0.0100000000	0.0010000000	100	100	0	0.860708
2380000	0.0000000000	0.0100000000	0.0010000000	100	100	0	0.865033
2381000	0.0000000000	0.0100000000	0.0010000000	100	100	0	0.860451
2382000	0.0000000000	0.0100000000	0.0010000000	100	100	0	0.859509
2383000	0.0000000000	0.0100000000	0.0010000000	100	100	0	0.852144
2384000	0.0000000000	0.0100000000	0.0010000000	100	100	0	0.852059
2385000	0.0000000000	0.0100000000	0.0010000000	100	100	0	0.847737
2386000	0.0000000000	0.0100000000	0.0010000000	100	100	0	0.843834
2387000	0.0000000000	0.0100000000	0.0010000000	100	100	0	0.841230
2388000	0.0000000000	0.0100000000	0.0010000000	100	100	0	0.835270
2389000	0.0000000000	0.0100000000	0.0010000000	100	100	0	0.844004
2390000	0.0000000000	0.0100000000	0.0010000000	100	100	0	0.841149
2391000	0.0000000000	0.0100000000	0.0010000000	100	100	0	0.843665
2392000	0.0000000000	0.0100000000	0.0010000000	100	100	0	0.860108
2393000	0.0000000000	0.0100000000	0.0010000000	100	100	0	0.878095
2394000	0.0000000000	0.0100000000	0.0010000000	100	100	0	0.886920
2395000	0.0000000000	0.0100000000	0.0010000000	100	100	0	0.887099
2396000	0.0000000000	0.0100000000	0.0010000000	100	100	0	0.886920
2397000	0.0000000000	0.0100000000	0.0010000000	100	100	0	0.886920
2398000	0.0000000000	0.0100000000	0.0010000000	100	100	0	0.886744
2399000	0.0000000000	0.0100000000	0.0010000000	100	100	0	0.895834
2400000	0.0000000000	0.0100000000	0.0010000000	100	100	0	0.886920
2401000	0.0000000000	0.0100000000	0.0010000000	100	100	0	0.877134
2402000	0.0000000000	0.0100000000	0.0010000000	100	100	0	0.878096
2403000	0.0000000000	0.0100000000	0.0010000000	100	100	0	0.877833
2404000	0.0000000000	0.0100000000	0.0010000000	100	100	0	0.886744
2405000	0.0000000000	0.0100000000	0.0010000000	100	100	0	0.886744
2406000	0.0000000000	0.0100000000	0.0010000000	100	100	0	0.886832
2407000	0.0000000000	0.0100000000	0.0010000000	100	100	0	0.884361
2408000	0.0000000000	0.0100000000	0.0010000000	100	100	0	0.876960
2409000	0.0000000000	0.0100000000	0.0010000000	100	100	0	0.877222
2410000	0.0000000000	0.0100000000	0.0010000000	100	100	0	0.886920
2411000	0.0000000000	0.0100000000	0.0010000000	100	100	0	0.886920
2412000	0.0000000000	0.0100000000	0.0010000000	100	100	0	0.886920
2413000	0.0000000000	0.0100000000	0.0010000000	100	100	0	0.877400
2414000	0.0000000000	0.0100000000	0.0010000000	100	100	0	0.878008
2415000	0.0000000000	0.0100000000	0.0010000000	100	100	0	0.878095
2416000	0.0000000000	0.0100000000	0.0010000000	100	100	0	0.886656
2417000	0.0000000000	0.0100000000	0.0010000000	100	100	0	0.886920
2418000	0.0000000000	0.0100000000	0.0010000000	100	100	0	0.878095
2419000	0.0000000000	0.0100000000	0.0010000000	100	100	0	0.877833
2420000	0.0000000000	0.0100000000	0.0010000000	100	100	0	0.878095
2421000	0.0000000000	0.0100000000	0.0010000000	100	100	0	0.876697
2422000	0.0000000000	0.0100000000	0.0010000000	100	100	0	0.882862
2423000	0.0000000000	0.0100000000	0.0010000000	100	100	0	0.895745
2424000	0.0000000000	0.0100000000	0.0010000000	100	100	0	0.899527
2425000	0.0000000000	0.0100000000	0.0010000000	100	100	0	0.904837
2426000	0.0000000000	0.0100000000	0.0010000000	100	100	0	0.904657
2427000	0.0000000000	0.0100000000	0.0010000000	100	100	0	0.904837
2428000	0.0000000000	0.0100000000	0.0010000000	100	100	0	0.904747
2429000	0.0000000000	0.0100000000	0.0010000000	100	100	0	0.898445
2430000	0.0000000000	0.0100000000	0.0010000000	100	100	0	0.895745
2431000	0.0000000000	0.0100000000	0.0010000000	100	100	0	0.895745
2432000	0.0000000000	0.0100000000	0.0010000000	100	100	0	0.880655
2433000	0.0000000000	0.0100000000	0.0010000000	100	100	0	0.884008
2434000	0.0000000000	0.0100000000	0.0010000000	100	100	0	0.886920
2435000	0.0000000000	0.0100000000	0.0010000000	100	100	0	0.895834
2436000	0.0000000000	0.0100000000	0.0010000000	100	100	0	0.893338
2437000	0.0000000000	0.0100000000	0.0010000000	100	100	0	0.895388
2438000	0.0000000000	0.0100000000	0.0010000000	100	100	0	0.904117
2439000	0.0000000000	0.0100000000	0.0010000000	100	100	0	0.904297
2440000	0.0000000000	0.0100000000	0.0010000000	100	100	0	0.895834
2441000	0.0000000000	0.0100000000	0.0010000000	100	100	0	0.900876
2442000	0.0000000000	0.0100000000	0.0010000000	100	100	0	0.902947
2443000	0.0000000000	0.0100000000	0.0010000000	100	100	0	0.904837
2444000	0.0000000000	0.0100000000	0.0010000000	100	100	0	0.900876
2445000	0.0000000000	0.0100000000	0.0010000000	100	100	0	0.904837
2446000	0.0000000000	0.0100000000	0.0010000000	100	100	0	0.886920
2447000	0.0000000000	0.0100000000	0.0010000000	100	100	0	0.886832
2448000	0.0000000000	0.0100000000	0.0010000000	100	100	0	0.886920
2449000	0.0000000000	0.0100000000	0.0010000000	100	100	0	0.878362
2450000	0.0000000000	0.0100000000	0.0010000000	100	100	0	0.878095
2451000	0.0000000000	0.0100000000	0.0010000000	100	100	0	0.877833
2452000	0.0000000000	0.0100000000	0.0010000000	100	100	0	0.878552
2453000	0.0000000000	0.0100000000	0.0010000000	100	100	0	0.877571
2454000	0.0000000000	0.0100000000	0.0010000000	100	100	0	0.877311
2455000	0.0000000000	0.0100000000	0.0010000000	100	100	0	0.886832
2456000	0.0000000000	0.0100000000	0.0010000000	100	100	0	0.886920
2457000	0.0000000000	0.0100000000	0.0010000000	100	100	0	0.878095
2458000	0.0000000000	0.0100000000	0.0010000000	100	100	0	0.869358
2459000	0.0000000000	0.0100000000	0.0010000000	100	100	0	0.867888
2460000	0.0000000000	0.0100000000	0.0010000000	100	100	0	0.869358
2461000	0.0000000000	0.0100000000	0.0010000000	100	100	0	0.860194
2462000	0.0000000000	0.0100000000	0.0010000000	100	100	0	0.851889
2463000	0.0000000000	0.0100000000	0.0010000000	100	100	0	0.856255
2464000	0.0000000000	0.0100000000	0.0010000000	100	100	0	0.852144
2465000	0.0000000000	0.0100000000	0.0010000000	100	100	0	0.861140
2466000	0.0000000000	0.0100000000	0.0010000000	100	100	0	0.852144
2467000	0.0000000000	0.0100000000	0.0010000000	100	100	0	0.848752
2468000	0.0000000000	0.0100000000	0.0010000000	100	100	0	0.851974
2469000	0.0000000000	0.0100000000	0.0010000000	100	100	0	0.852144
2470000	0.0000000000	0.0100000000	0.0010000000	100	100	0	0.852144
2471000	0.0000000000	0.0100000000	0.0010000000	100	100	0	0.853514
2472000	0.0000000000	0.0100000000	0.0010000000	100	100	0	0.851381
2473000	0.0000000000	0.0100000000	0.0010000000	100	100	0	0.859937
2474000	0.0000000000	0.0100000000	0.0010000000	100	100	0	0.860108
2475000	0.0000000000	0.0100000000	0.0010000000	100	100	0	0.860708
2476000	0.0000000000	0.0100000000	0.0010000000	100	100	0	0.852059
2477000	0.0000000000	0.0100000000	0.0010000000	100	100	0	0.853086
2478000	0.0000000000	0.0100000000	0.0010000000	100	100	0	0.852059
2479000	0.0000000000	0.0100000000	0.0010000000	100	100	0	0.851550
2480000	0.0000000000	0.0100000000	0.0010000000	100	100	0	0.860881
2481000	0.0000000000	0.0100000000	0.0010000000	100	100	0	0.860708
2482000	0.0000000000	0.0100000000	0.0010000000	100	100	0	0.865206
2483000	0.0000000000	0.0100000000	0.0010000000	100	100	0	0.860451
2484000	0.0000000000	0.0100000000	0.0010000000	100	100	0	0.860708
2485000	0.0000000000	0.0100000000	0.0010000000	100	100	0	0.859344
2486000	0.0000000000	0.0100000000	0.0010000000	100	100	0	0.868753
2487000	0.0000000000	0.0100000000	0.0010000000	100	100	0	0.869358
2488000	0.0000000000	0.0100000000	0.0010000000	100	100	0	0.869185
2489000	0.0000000000	0.0100000000	0.0010000000	100	100	0	0.879419
2490000	0.0000000000	0.0100000000	0.0010000000	100	100	0	0.886303
2491000	0.0000000000	0.0100000000	0.0010000000	100	100	0	0.886920
2492000	0.0000000000	0.0100000000	0.0010000000	100	100	0	0.886920
2493000	0.0000000000	0.0100000000	0.0010000000	100	100	0	0.886920
2494000	0.0000000000	0.0100000000	0.0010000000	100	100	0	0.885067
2495000	0.0000000000	0.0100000000	0.0010000000	100	100	0	0.903307
2496000	0.0000000000	0.0100000000	0.0010000000	100	100	0	0.904837
2497000	0.0000000000	0.0100000000	0.0010000000	100	100	0	0.904837
2498000	0.0000000000	0.0100000000	0.0010000000	100	100	0	0.899977
2499000	0.0000000000	0.0100000000	0.0010000000	100	100	0	0.913931
2500000	0.0000000000	0.0100000000	0.0010000000	100	100	0	0.922565
