time	epistasis_coef	sel_coef	mu_prob	Ne	L	k_start	mean_fitness
1500000	0.2000000000	0.0100000000	0.1000000000	100	100	0	0.832926
1501000	0.2000000000	0.0100000000	0.1000000000	100	100	0	0.812426
1502000	0.2000000000	0.0100000000	0.1000000000	100	100	0	0.841860
1503000	0.2000000000	0.0100000000	0.1000000000	100	100	0	0.828997
1504000	0.2000000000	0.0100000000	0.1000000000	100	100	0	0.837572
1505000	0.2000000000	0.0100000000	0.1000000000	100	100	0	0.829135
1506000	0.2000000000	0.0100000000	0.1000000000	100	100	0	0.837872
1507000	0.2000000000	0.0100000000	0.1000000000	100	100	0	0.844542
1508000	0.2000000000	0.0100000000	0.1000000000	100	100	0	0.817653
1509000	0.2000000000	0.0100000000	0.1000000000	100	100	0	0.827731
1510000	0.2000000000	0.0100000000	0.1000000000	100	100	0	0.834795
1511000	0.2000000000	0.0100000000	0.1000000000	100	100	0	0.830335
1512000	0.2000000000	0.0100000000	0.1000000000	100	100	0	0.814794
1513000	0.2000000000	0.0100000000	0.1000000000	100	100	0	0.833283
1514000	0.2000000000	0.0100000000	0.1000000000	100	100	0	0.843310
1515000	0.2000000000	0.0100000000	0.1000000000	100	100	0	0.821999
1516000	0.2000000000	0.0100000000	0.1000000000	100	100	0	0.840765
1517000	0.2000000000	0.0100000000	0.1000000000	100	100	0	0.819934
1518000	0.2000000000	0.0100000000	0.1000000000	100	100	0	0.831537
1519000	0.2000000000	0.0100000000	0.1000000000	100	100	0	0.849478
1520000	0.2000000000	0.0100000000	0.1000000000	100	100	0	0.845985
1521000	0.2000000000	0.0100000000	0.1000000000	100	100	0	0.829814
1522000	0.2000000000	0.0100000000	0.1000000000	100	100	0	0.818295
1523000	0.2000000000	0.0100000000	0.1000000000	100	100	0	0.844006
1524000	0.2000000000	0.0100000000	0.1000000000	100	100	0	0.836550
1525000	0.2000000000	0.0100000000	0.1000000000	100	100	0	0.841315
1526000	0.2000000000	0.0100000000	0.1000000000	100	100	0	0.837569
1527000	0.2000000000	0.0100000000	0.1000000000	100	100	0	0.816043
1528000	0.2000000000	0.0100000000	0.1000000000	100	100	0	0.832335
1529000	0.2000000000	0.0100000000	0.1000000000	100	100	0	0.824714
1530000	0.2000000000	0.0100000000	0.1000000000	100	100	0	0.811131
1531000	0.2000000000	0.0100000000	0.1000000000	100	100	0	0.831039
1532000	0.2000000000	0.0100000000	0.1000000000	100	100	0	0.851851
1533000	0.2000000000	0.0100000000	0.1000000000	100	100	0	0.829514
1534000	0.2000000000	0.0100000000	0.1000000000	100	100	0	0.839586
1535000	0.2000000000	0.0100000000	0.1000000000	100	100	0	0.821718
1536000	0.2000000000	0.0100000000	0.1000000000	100	100	0	0.837749
1537000	0.2000000000	0.0100000000	0.1000000000	100	100	0	0.806364
1538000	0.2000000000	0.0100000000	0.1000000000	100	100	0	0.809548
1539000	0.2000000000	0.0100000000	0.1000000000	100	100	0	0.836025
1540000	0.2000000000	0.0100000000	0.1000000000	100	100	0	0.844660
1541000	0.2000000000	0.0100000000	0.1000000000	100	100	0	0.826690
1542000	0.2000000000	0.0100000000	0.1000000000	100	100	0	0.824429
1543000	0.2000000000	0.0100000000	0.1000000000	100	100	0	0.856860
1544000	0.2000000000	0.0100000000	0.1000000000	100	100	0	0.849391
1545000	0.2000000000	0.0100000000	0.1000000000	100	100	0	0.834779
1546000	0.2000000000	0.0100000000	0.1000000000	100	100	0	0.849081
1547000	0.2000000000	0.0100000000	0.1000000000	100	100	0	0.855040
1548000	0.2000000000	0.0100000000	0.1000000000	100	100	0	0.833659
1549000	0.2000000000	0.0100000000	0.1000000000	100	100	0	0.841390
1550000	0.2000000000	0.0100000000	0.1000000000	100	100	0	0.822200
1551000	0.2000000000	0.0100000000	0.1000000000	100	100	0	0.823373
1552000	0.2000000000	0.0100000000	0.1000000000	100	100	0	0.820567
1553000	0.2000000000	0.0100000000	0.1000000000	100	100	0	0.850289
1554000	0.2000000000	0.0100000000	0.1000000000	100	100	0	0.826455
1555000	0.2000000000	0.0100000000	0.1000000000	100	100	0	0.847887
1556000	0.2000000000	0.0100000000	0.1000000000	100	100	0	0.825559
1557000	0.2000000000	0.0100000000	0.1000000000	100	100	0	0.806435
1558000	0.2000000000	0.0100000000	0.1000000000	100	100	0	0.845168
1559000	0.2000000000	0.0100000000	0.1000000000	100	100	0	0.852363
1560000	0.2000000000	0.0100000000	0.1000000000	100	100	0	0.833733
1561000	0.2000000000	0.0100000000	0.1000000000	100	100	0	0.810832
1562000	0.2000000000	0.0100000000	0.1000000000	100	100	0	0.833473
1563000	0.2000000000	0.0100000000	0.1000000000	100	100	0	0.831426
1564000	0.2000000000	0.0100000000	0.1000000000	100	100	0	0.829816
1565000	0.2000000000	0.0100000000	0.1000000000	100	100	0	0.809468
1566000	0.2000000000	0.0100000000	0.1000000000	100	100	0	0.819893
1567000	0.2000000000	0.0100000000	0.1000000000	100	100	0	0.816917
1568000	0.2000000000	0.0100000000	0.1000000000	100	100	0	0.808739
1569000	0.2000000000	0.0100000000	0.1000000000	100	100	0	0.824204
1570000	0.2000000000	0.0100000000	0.1000000000	100	100	0	0.826256
1571000	0.2000000000	0.0100000000	0.1000000000	100	100	0	0.837133
1572000	0.2000000000	0.0100000000	0.1000000000	100	100	0	0.849799
1573000	0.2000000000	0.0100000000	0.1000000000	100	100	0	0.826723
1574000	0.2000000000	0.0100000000	0.1000000000	100	100	0	0.819007
1575000	0.2000000000	0.0100000000	0.1000000000	100	100	0	0.818865
1576000	0.2000000000	0.0100000000	0.1000000000	100	100	0	0.848133
1577000	0.2000000000	0.0100000000	0.1000000000	100	100	0	0.830980
1578000	0.2000000000	0.0100000000	0.1000000000	100	100	0	0.813944
1579000	0.2000000000	0.0100000000	0.1000000000	100	100	0	0.824580
1580000	0.2000000000	0.0100000000	0.1000000000	100	100	0	0.845158
1581000	0.2000000000	0.0100000000	0.1000000000	100	100	0	0.837799
1582000	0.2000000000	0.0100000000	0.1000000000	100	100	0	0.832123
1583000	0.2000000000	0.0100000000	0.1000000000	100	100	0	0.839971
1584000	0.2000000000	0.0100000000	0.1000000000	100	100	0	0.835448
1585000	0.2000000000	0.0100000000	0.1000000000	100	100	0	0.846523
1586000	0.2000000000	0.0100000000	0.1000000000	100	100	0	0.833029
1587000	0.2000000000	0.0100000000	0.1000000000	100	100	0	0.841227
1588000	0.2000000000	0.0100000000	0.1000000000	100	100	0	0.829379
1589000	0.2000000000	0.0100000000	0.1000000000	100	100	0	0.821635
1590000	0.2000000000	0.0100000000	0.1000000000	100	100	0	0.815582
1591000	0.2000000000	0.0100000000	0.1000000000	100	100	0	0.808733
1592000	0.2000000000	0.0100000000	0.1000000000	100	100	0	0.828243
1593000	0.2000000000	0.0100000000	0.1000000000	100	100	0	0.837581
1594000	0.2000000000	0.0100000000	0.1000000000	100	100	0	0.821997
1595000	0.2000000000	0.0100000000	0.1000000000	100	100	0	0.805632
1596000	0.2000000000	0.0100000000	0.1000000000	100	100	0	0.817054
1597000	0.2000000000	0.0100000000	0.1000000000	100	100	0	0.818664
1598000	0.2000000000	0.0100000000	0.1000000000	100	100	0	0.806976
1599000	0.2000000000	0.0100000000	0.1000000000	100	100	0	0.839406
1600000	0.2000000000	0.0100000000	0.1000000000	100	100	0	0.865459
1601000	0.2000000000	0.0100000000	0.1000000000	100	100	0	0.849070
1602000	0.2000000000	0.0100000000	0.1000000000	100	100	0	0.826570
1603000	0.2000000000	0.0100000000	0.1000000000	100	100	0	0.847396
1604000	0.2000000000	0.0100000000	0.1000000000	100	100	0	0.837098
1605000	0.2000000000	0.0100000000	0.1000000000	100	100	0	0.829676
1606000	0.2000000000	0.0100000000	0.1000000000	100	100	0	0.821341
1607000	0.2000000000	0.0100000000	0.1000000000	100	100	0	0.827739
1608000	0.2000000000	0.0100000000	0.1000000000	100	100	0	0.819354
1609000	0.2000000000	0.0100000000	0.1000000000	100	100	0	0.838451
1610000	0.2000000000	0.0100000000	0.1000000000	100	100	0	0.826268
1611000	0.2000000000	0.0100000000	0.1000000000	100	100	0	0.844321
1612000	0.2000000000	0.0100000000	0.1000000000	100	100	0	0.827782
1613000	0.2000000000	0.0100000000	0.1000000000	100	100	0	0.829177
1614000	0.2000000000	0.0100000000	0.1000000000	100	100	0	0.831402
1615000	0.2000000000	0.0100000000	0.1000000000	100	100	0	0.833188
1616000	0.2000000000	0.0100000000	0.1000000000	100	100	0	0.845845
1617000	0.2000000000	0.0100000000	0.1000000000	100	100	0	0.839062
1618000	0.2000000000	0.0100000000	0.1000000000	100	100	0	0.832728
1619000	0.2000000000	0.0100000000	0.1000000000	100	100	0	0.837327
1620000	0.2000000000	0.0100000000	0.1000000000	100	100	0	0.814955
1621000	0.2000000000	0.0100000000	0.1000000000	100	100	0	0.820892
1622000	0.2000000000	0.0100000000	0.1000000000	100	100	0	0.814963
1623000	0.2000000000	0.0100000000	0.1000000000	100	100	0	0.856700
1624000	0.2000000000	0.0100000000	0.1000000000	100	100	0	0.820415
1625000	0.2000000000	0.0100000000	0.1000000000	100	100	0	0.831129
1626000	0.2000000000	0.0100000000	0.1000000000	100	100	0	0.816079
1627000	0.2000000000	0.0100000000	0.1000000000	100	100	0	0.842437
1628000	0.2000000000	0.0100000000	0.1000000000	100	100	0	0.854726
1629000	0.2000000000	0.0100000000	0.1000000000	100	100	0	0.838684
1630000	0.2000000000	0.0100000000	0.1000000000	100	100	0	0.826042
1631000	0.2000000000	0.0100000000	0.1000000000	100	100	0	0.809382
1632000	0.2000000000	0.0100000000	0.1000000000	100	100	0	0.821652
1633000	0.2000000000	0.0100000000	0.1000000000	100	100	0	0.832477
1634000	0.2000000000	0.0100000000	0.1000000000	100	100	0	0.837736
1635000	0.2000000000	0.0100000000	0.1000000000	100	100	0	0.819527
1636000	0.2000000000	0.0100000000	0.1000000000	100	100	0	0.835025
1637000	0.2000000000	0.0100000000	0.1000000000	100	100	0	0.825681
1638000	0.2000000000	0.0100000000	0.1000000000	100	100	0	0.815468
1639000	0.2000000000	0.0100000000	0.1000000000	100	100	0	0.823705
1640000	0.2000000000	0.0100000000	0.1000000000	100	100	0	0.817463
1641000	0.2000000000	0.0100000000	0.1000000000	100	100	0	0.842491
1642000	0.2000000000	0.0100000000	0.1000000000	100	100	0	0.817529
1643000	0.2000000000	0.0100000000	0.1000000000	100	100	0	0.814034
1644000	0.2000000000	0.0100000000	0.1000000000	100	100	0	0.830973
1645000	0.2000000000	0.0100000000	0.1000000000	100	100	0	0.812490
1646000	0.2000000000	0.0100000000	0.1000000000	100	100	0	0.837137
1647000	0.2000000000	0.0100000000	0.1000000000	100	100	0	0.829142
1648000	0.2000000000	0.0100000000	0.1000000000	100	100	0	0.845595
1649000	0.2000000000	0.0100000000	0.1000000000	100	100	0	0.841432
1650000	0.2000000000	0.0100000000	0.1000000000	100	100	0	0.791758
1651000	0.2000000000	0.0100000000	0.1000000000	100	100	0	0.823645
1652000	0.2000000000	0.0100000000	0.1000000000	100	100	0	0.827190
1653000	0.2000000000	0.0100000000	0.1000000000	100	100	0	0.848684
1654000	0.2000000000	0.0100000000	0.1000000000	100	100	0	0.825390
1655000	0.2000000000	0.0100000000	0.1000000000	100	100	0	0.829504
1656000	0.2000000000	0.0100000000	0.1000000000	100	100	0	0.827723
1657000	0.2000000000	0.0100000000	0.1000000000	100	100	0	0.824827
1658000	0.2000000000	0.0100000000	0.1000000000	100	100	0	0.846922
1659000	0.2000000000	0.0100000000	0.1000000000	100	100	0	0.829521
1660000	0.2000000000	0.0100000000	0.1000000000	100	100	0	0.846940
1661000	0.2000000000	0.0100000000	0.1000000000	100	100	0	0.857333
1662000	0.2000000000	0.0100000000	0.1000000000	100	100	0	0.827920
1663000	0.2000000000	0.0100000000	0.1000000000	100	100	0	0.841359
1664000	0.2000000000	0.0100000000	0.1000000000	100	100	0	0.827838
1665000	0.2000000000	0.0100000000	0.1000000000	100	100	0	0.823364
1666000	0.2000000000	0.0100000000	0.1000000000	100	100	0	0.812407
1667000	0.2000000000	0.0100000000	0.1000000000	100	100	0	0.831936
1668000	0.2000000000	0.0100000000	0.1000000000	100	100	0	0.849167
1669000	0.2000000000	0.0100000000	0.1000000000	100	100	0	0.852053
1670000	0.2000000000	0.0100000000	0.1000000000	100	100	0	0.846283
1671000	0.2000000000	0.0100000000	0.1000000000	100	100	0	0.821481
1672000	0.2000000000	0.0100000000	0.1000000000	100	100	0	0.824079
1673000	0.2000000000	0.0100000000	0.1000000000	100	100	0	0.833207
1674000	0.2000000000	0.0100000000	0.1000000000	100	100	0	0.839388
1675000	0.2000000000	0.0100000000	0.1000000000	100	100	0	0.818201
1676000	0.2000000000	0.0100000000	0.1000000000	100	100	0	0.843283
1677000	0.2000000000	0.0100000000	0.1000000000	100	100	0	0.822277
1678000	0.2000000000	0.0100000000	0.1000000000	100	100	0	0.839037
1679000	0.2000000000	0.0100000000	0.1000000000	100	100	0	0.833289
1680000	0.2000000000	0.0100000000	0.1000000000	100	100	0	0.828763
1681000	0.2000000000	0.0100000000	0.1000000000	100	100	0	0.828806
1682000	0.2000000000	0.0100000000	0.1000000000	100	100	0	0.847013
1683000	0.2000000000	0.0100000000	0.1000000000	100	100	0	0.849557
1684000	0.2000000000	0.0100000000	0.1000000000	100	100	0	0.843183
1685000	0.2000000000	0.0100000000	0.1000000000	100	100	0	0.818759
1686000	0.2000000000	0.0100000000	0.1000000000	100	100	0	0.827520
1687000	0.2000000000	0.0100000000	0.1000000000	100	100	0	0.822122
1688000	0.2000000000	0.0100000000	0.1000000000	100	100	0	0.822201
1689000	0.2000000000	0.0100000000	0.1000000000	100	100	0	0.837295
1690000	0.2000000000	0.0100000000	0.1000000000	100	100	0	0.822928
1691000	0.2000000000	0.0100000000	0.1000000000	100	100	0	0.835411
1692000	0.2000000000	0.0100000000	0.1000000000	100	100	0	0.843597
1693000	0.2000000000	0.0100000000	0.1000000000	100	100	0	0.824883
1694000	0.2000000000	0.0100000000	0.1000000000	100	100	0	0.819970
1695000	0.2000000000	0.0100000000	0.1000000000	100	100	0	0.824192
1696000	0.2000000000	0.0100000000	0.1000000000	100	100	0	0.821114
1697000	0.2000000000	0.0100000000	0.1000000000	100	100	0	0.845244
1698000	0.2000000000	0.0100000000	0.1000000000	100	100	0	0.841888
1699000	0.2000000000	0.0100000000	0.1000000000	100	100	0	0.833982
1700000	0.2000000000	0.0100000000	0.1000000000	100	100	0	0.829894
1701000	0.2000000000	0.0100000000	0.1000000000	100	100	0	0.829215
1702000	0.2000000000	0.0100000000	0.1000000000	100	100	0	0.844023
1703000	0.2000000000	0.0100000000	0.1000000000	100	100	0	0.807074
1704000	0.2000000000	0.0100000000	0.1000000000	100	100	0	0.854821
1705000	0.2000000000	0.0100000000	0.1000000000	100	100	0	0.824806
1706000	0.2000000000	0.0100000000	0.1000000000	100	100	0	0.844403
1707000	0.2000000000	0.0100000000	0.1000000000	100	100	0	0.830845
1708000	0.2000000000	0.0100000000	0.1000000000	100	100	0	0.817537
1709000	0.2000000000	0.0100000000	0.1000000000	100	100	0	0.816537
1710000	0.2000000000	0.0100000000	0.1000000000	100	100	0	0.827565
1711000	0.2000000000	0.0100000000	0.1000000000	100	100	0	0.819207
1712000	0.2000000000	0.0100000000	0.1000000000	100	100	0	0.815520
1713000	0.2000000000	0.0100000000	0.1000000000	100	100	0	0.822951
1714000	0.2000000000	0.0100000000	0.1000000000	100	100	0	0.834682
1715000	0.2000000000	0.0100000000	0.1000000000	100	100	0	0.840377
1716000	0.2000000000	0.0100000000	0.1000000000	100	100	0	0.831156
1717000	0.2000000000	0.0100000000	0.1000000000	100	100	0	0.817619
1718000	0.2000000000	0.0100000000	0.1000000000	100	100	0	0.829397
1719000	0.2000000000	0.0100000000	0.1000000000	100	100	0	0.831792
1720000	0.2000000000	0.0100000000	0.1000000000	100	100	0	0.831200
1721000	0.2000000000	0.0100000000	0.1000000000	100	100	0	0.820483
1722000	0.2000000000	0.0100000000	0.1000000000	100	100	0	0.832356
1723000	0.2000000000	0.0100000000	0.1000000000	100	100	0	0.831322
1724000	0.2000000000	0.0100000000	0.1000000000	100	100	0	0.815258
1725000	0.2000000000	0.0100000000	0.1000000000	100	100	0	0.850276
1726000	0.2000000000	0.0100000000	0.1000000000	100	100	0	0.852120
1727000	0.2000000000	0.0100000000	0.1000000000	100	100	0	0.845202
1728000	0.2000000000	0.0100000000	0.1000000000	100	100	0	0.832882
1729000	0.2000000000	0.0100000000	0.1000000000	100	100	0	0.833095
1730000	0.2000000000	0.0100000000	0.1000000000	100	100	0	0.822428
1731000	0.2000000000	0.0100000000	0.1000000000	100	100	0	0.848680
1732000	0.2000000000	0.0100000000	0.1000000000	100	100	0	0.840658
1733000	0.2000000000	0.0100000000	0.1000000000	100	100	0	0.835981
1734000	0.2000000000	0.0100000000	0.1000000000	100	100	0	0.823882
1735000	0.2000000000	0.0100000000	0.1000000000	100	100	0	0.820868
1736000	0.2000000000	0.0100000000	0.1000000000	100	100	0	0.829177
1737000	0.2000000000	0.0100000000	0.1000000000	100	100	0	0.821227
1738000	0.2000000000	0.0100000000	0.1000000000	100	100	0	0.803123
1739000	0.2000000000	0.0100000000	0.1000000000	100	100	0	0.824694
1740000	0.2000000000	0.0100000000	0.1000000000	100	100	0	0.819477
1741000	0.2000000000	0.0100000000	0.1000000000	100	100	0	0.827533
1742000	0.2000000000	0.0100000000	0.1000000000	100	100	0	0.852161
1743000	0.2000000000	0.0100000000	0.1000000000	100	100	0	0.813603
1744000	0.2000000000	0.0100000000	0.1000000000	100	100	0	0.828598
1745000	0.2000000000	0.0100000000	0.1000000000	100	100	0	0.828161
1746000	0.2000000000	0.0100000000	0.1000000000	100	100	0	0.836823
1747000	0.2000000000	0.0100000000	0.1000000000	100	100	0	0.818056
1748000	0.2000000000	0.0100000000	0.1000000000	100	100	0	0.838901
1749000	0.2000000000	0.0100000000	0.1000000000	100	100	0	0.816126
1750000	0.2000000000	0.0100000000	0.1000000000	100	100	0	0.809882
1751000	0.2000000000	0.0100000000	0.1000000000	100	100	0	0.838019
1752000	0.2000000000	0.0100000000	0.1000000000	100	100	0	0.829452
1753000	0.2000000000	0.0100000000	0.1000000000	100	100	0	0.822453
1754000	0.2000000000	0.0100000000	0.1000000000	100	100	0	0.834556
1755000	0.2000000000	0.0100000000	0.1000000000	100	100	0	0.830177
1756000	0.2000000000	0.0100000000	0.1000000000	100	100	0	0.831062
1757000	0.2000000000	0.0100000000	0.1000000000	100	100	0	0.837917
1758000	0.2000000000	0.0100000000	0.1000000000	100	100	0	0.836025
1759000	0.2000000000	0.0100000000	0.1000000000	100	100	0	0.840271
1760000	0.2000000000	0.0100000000	0.1000000000	100	100	0	0.844234
1761000	0.2000000000	0.0100000000	0.1000000000	100	100	0	0.812777
1762000	0.2000000000	0.0100000000	0.1000000000	100	100	0	0.818366
1763000	0.2000000000	0.0100000000	0.1000000000	100	100	0	0.827397
1764000	0.2000000000	0.0100000000	0.1000000000	100	100	0	0.853519
1765000	0.2000000000	0.0100000000	0.1000000000	100	100	0	0.850967
1766000	0.2000000000	0.0100000000	0.1000000000	100	100	0	0.843362
1767000	0.2000000000	0.0100000000	0.1000000000	100	100	0	0.846227
1768000	0.2000000000	0.0100000000	0.1000000000	100	100	0	0.839105
1769000	0.2000000000	0.0100000000	0.1000000000	100	100	0	0.834512
1770000	0.2000000000	0.0100000000	0.1000000000	100	100	0	0.846986
1771000	0.2000000000	0.0100000000	0.1000000000	100	100	0	0.820677
1772000	0.2000000000	0.0100000000	0.1000000000	100	100	0	0.836890
1773000	0.2000000000	0.0100000000	0.1000000000	100	100	0	0.827815
1774000	0.2000000000	0.0100000000	0.1000000000	100	100	0	0.835625
1775000	0.2000000000	0.0100000000	0.1000000000	100	100	0	0.826830
1776000	0.2000000000	0.0100000000	0.1000000000	100	100	0	0.833610
1777000	0.2000000000	0.0100000000	0.1000000000	100	100	0	0.819915
1778000	0.2000000000	0.0100000000	0.1000000000	100	100	0	0.830971
1779000	0.2000000000	0.0100000000	0.1000000000	100	100	0	0.829616
1780000	0.2000000000	0.0100000000	0.1000000000	100	100	0	0.841065
1781000	0.2000000000	0.0100000000	0.1000000000	100	100	0	0.840244
1782000	0.2000000000	0.0100000000	0.1000000000	100	100	0	0.831908
1783000	0.2000000000	0.0100000000	0.1000000000	100	100	0	0.825728
1784000	0.2000000000	0.0100000000	0.1000000000	100	100	0	0.829645
1785000	0.2000000000	0.0100000000	0.1000000000	100	100	0	0.824412
1786000	0.2000000000	0.0100000000	0.1000000000	100	100	0	0.819501
1787000	0.2000000000	0.0100000000	0.1000000000	100	100	0	0.832261
1788000	0.2000000000	0.0100000000	0.1000000000	100	100	0	0.840640
1789000	0.2000000000	0.0100000000	0.1000000000	100	100	0	0.831880
1790000	0.2000000000	0.0100000000	0.1000000000	100	100	0	0.824301
1791000	0.2000000000	0.0100000000	0.1000000000	100	100	0	0.827506
1792000	0.2000000000	0.0100000000	0.1000000000	100	100	0	0.833023
1793000	0.2000000000	0.0100000000	0.1000000000	100	100	0	0.809189
1794000	0.2000000000	0.0100000000	0.1000000000	100	100	0	0.811940
1795000	0.2000000000	0.0100000000	0.1000000000	100	100	0	0.840975
1796000	0.2000000000	0.0100000000	0.1000000000	100	100	0	0.838622
1797000	0.2000000000	0.0100000000	0.1000000000	100	100	0	0.823209
1798000	0.2000000000	0.0100000000	0.1000000000	100	100	0	0.815776
1799000	0.2000000000	0.0100000000	0.1000000000	100	100	0	0.835413
1800000	0.2000000000	0.0100000000	0.1000000000	100	100	0	0.815781
1801000	0.2000000000	0.0100000000	0.1000000000	100	100	0	0.838936
1802000	0.2000000000	0.0100000000	0.1000000000	100	100	0	0.834009
1803000	0.2000000000	0.0100000000	0.1000000000	100	100	0	0.839325
1804000	0.2000000000	0.0100000000	0.1000000000	100	100	0	0.837981
1805000	0.2000000000	0.0100000000	0.1000000000	100	100	0	0.839623
1806000	0.2000000000	0.0100000000	0.1000000000	100	100	0	0.840981
1807000	0.2000000000	0.0100000000	0.1000000000	100	100	0	0.838806
1808000	0.2000000000	0.0100000000	0.1000000000	100	100	0	0.841684
1809000	0.2000000000	0.0100000000	0.1000000000	100	100	0	0.818372
1810000	0.2000000000	0.0100000000	0.1000000000	100	100	0	0.839522
1811000	0.2000000000	0.0100000000	0.1000000000	100	100	0	0.841642
1812000	0.2000000000	0.0100000000	0.1000000000	100	100	0	0.841861
1813000	0.2000000000	0.0100000000	0.1000000000	100	100	0	0.825167
1814000	0.2000000000	0.0100000000	0.1000000000	100	100	0	0.817379
1815000	0.2000000000	0.0100000000	0.1000000000	100	100	0	0.865375
1816000	0.2000000000	0.0100000000	0.1000000000	100	100	0	0.848958
1817000	0.2000000000	0.0100000000	0.1000000000	100	100	0	0.841287
1818000	0.2000000000	0.0100000000	0.1000000000	100	100	0	0.835214
1819000	0.2000000000	0.0100000000	0.1000000000	100	100	0	0.804201
1820000	0.2000000000	0.0100000000	0.1000000000	100	100	0	0.794761
1821000	0.2000000000	0.0100000000	0.1000000000	100	100	0	0.838423
1822000	0.2000000000	0.0100000000	0.1000000000	100	100	0	0.831966
1823000	0.2000000000	0.0100000000	0.1000000000	100	100	0	0.842799
1824000	0.2000000000	0.0100000000	0.1000000000	100	100	0	0.834226
1825000	0.2000000000	0.0100000000	0.1000000000	100	100	0	0.833376
1826000	0.2000000000	0.0100000000	0.1000000000	100	100	0	0.847871
1827000	0.2000000000	0.0100000000	0.1000000000	100	100	0	0.828709
1828000	0.2000000000	0.0100000000	0.1000000000	100	100	0	0.838571
1829000	0.2000000000	0.0100000000	0.1000000000	100	100	0	0.837405
1830000	0.2000000000	0.0100000000	0.1000000000	100	100	0	0.830624
1831000	0.2000000000	0.0100000000	0.1000000000	100	100	0	0.839276
1832000	0.2000000000	0.0100000000	0.1000000000	100	100	0	0.835736
1833000	0.2000000000	0.0100000000	0.1000000000	100	100	0	0.829834
1834000	0.2000000000	0.0100000000	0.1000000000	100	100	0	0.824572
1835000	0.2000000000	0.0100000000	0.1000000000	100	100	0	0.840479
1836000	0.2000000000	0.0100000000	0.1000000000	100	100	0	0.833921
1837000	0.2000000000	0.0100000000	0.1000000000	100	100	0	0.845892
1838000	0.2000000000	0.0100000000	0.1000000000	100	100	0	0.798656
1839000	0.2000000000	0.0100000000	0.1000000000	100	100	0	0.806083
1840000	0.2000000000	0.0100000000	0.1000000000	100	100	0	0.832734
1841000	0.2000000000	0.0100000000	0.1000000000	100	100	0	0.840989
1842000	0.2000000000	0.0100000000	0.1000000000	100	100	0	0.845655
1843000	0.2000000000	0.0100000000	0.1000000000	100	100	0	0.835491
1844000	0.2000000000	0.0100000000	0.1000000000	100	100	0	0.855026
1845000	0.2000000000	0.0100000000	0.1000000000	100	100	0	0.832431
1846000	0.2000000000	0.0100000000	0.1000000000	100	100	0	0.831208
1847000	0.2000000000	0.0100000000	0.1000000000	100	100	0	0.824516
1848000	0.2000000000	0.0100000000	0.1000000000	100	100	0	0.826949
1849000	0.2000000000	0.0100000000	0.1000000000	100	100	0	0.820515
1850000	0.2000000000	0.0100000000	0.1000000000	100	100	0	0.813430
1851000	0.2000000000	0.0100000000	0.1000000000	100	100	0	0.840129
1852000	0.2000000000	0.0100000000	0.1000000000	100	100	0	0.806429
1853000	0.2000000000	0.0100000000	0.1000000000	100	100	0	0.797704
1854000	0.2000000000	0.0100000000	0.1000000000	100	100	0	0.818879
1855000	0.2000000000	0.0100000000	0.1000000000	100	100	0	0.820351
1856000	0.2000000000	0.0100000000	0.1000000000	100	100	0	0.836089
1857000	0.2000000000	0.0100000000	0.1000000000	100	100	0	0.843023
1858000	0.2000000000	0.0100000000	0.1000000000	100	100	0	0.844176
1859000	0.2000000000	0.0100000000	0.1000000000	100	100	0	0.824641
1860000	0.2000000000	0.0100000000	0.1000000000	100	100	0	0.839375
1861000	0.2000000000	0.0100000000	0.1000000000	100	100	0	0.866829
1862000	0.2000000000	0.0100000000	0.1000000000	100	100	0	0.845435
1863000	0.2000000000	0.0100000000	0.1000000000	100	100	0	0.836224
1864000	0.2000000000	0.0100000000	0.1000000000	100	100	0	0.834544
1865000	0.2000000000	0.0100000000	0.1000000000	100	100	0	0.810702
1866000	0.2000000000	0.0100000000	0.1000000000	100	100	0	0.820073
1867000	0.2000000000	0.0100000000	0.1000000000	100	100	0	0.838370
1868000	0.2000000000	0.0100000000	0.1000000000	100	100	0	0.822029
1869000	0.2000000000	0.0100000000	0.1000000000	100	100	0	0.833022
1870000	0.2000000000	0.0100000000	0.1000000000	100	100	0	0.837056
1871000	0.2000000000	0.0100000000	0.1000000000	100	100	0	0.844515
1872000	0.2000000000	0.0100000000	0.1000000000	100	100	0	0.848700
1873000	0.2000000000	0.0100000000	0.1000000000	100	100	0	0.840113
1874000	0.2000000000	0.0100000000	0.1000000000	100	100	0	0.848531
1875000	0.2000000000	0.0100000000	0.1000000000	100	100	0	0.812351
1876000	0.2000000000	0.0100000000	0.1000000000	100	100	0	0.821562
1877000	0.2000000000	0.0100000000	0.1000000000	100	100	0	0.826611
1878000	0.2000000000	0.0100000000	0.1000000000	100	100	0	0.828522
1879000	0.2000000000	0.0100000000	0.1000000000	100	100	0	0.844441
1880000	0.2000000000	0.0100000000	0.1000000000	100	100	0	0.814680
1881000	0.2000000000	0.0100000000	0.1000000000	100	100	0	0.814394
1882000	0.2000000000	0.0100000000	0.1000000000	100	100	0	0.833929
1883000	0.2000000000	0.0100000000	0.1000000000	100	100	0	0.806619
1884000	0.2000000000	0.0100000000	0.1000000000	100	100	0	0.817819
1885000	0.2000000000	0.0100000000	0.1000000000	100	100	0	0.833104
1886000	0.2000000000	0.0100000000	0.1000000000	100	100	0	0.843371
1887000	0.2000000000	0.0100000000	0.1000000000	100	100	0	0.852441
1888000	0.2000000000	0.0100000000	0.1000000000	100	100	0	0.833097
1889000	0.2000000000	0.0100000000	0.1000000000	100	100	0	0.827950
1890000	0.2000000000	0.0100000000	0.1000000000	100	100	0	0.820246
1891000	0.2000000000	0.0100000000	0.1000000000	100	100	0	0.821568
1892000	0.2000000000	0.0100000000	0.1000000000	100	100	0	0.844386
1893000	0.2000000000	0.0100000000	0.1000000000	100	100	0	0.867818
1894000	0.2000000000	0.0100000000	0.1000000000	100	100	0	0.845537
1895000	0.2000000000	0.0100000000	0.1000000000	100	100	0	0.825366
1896000	0.2000000000	0.0100000000	0.1000000000	100	100	0	0.828973
1897000	0.2000000000	0.0100000000	0.1000000000	100	100	0	0.850917
1898000	0.2000000000	0.0100000000	0.1000000000	100	100	0	0.832659
1899000	0.2000000000	0.0100000000	0.1000000000	100	100	0	0.837133
1900000	0.2000000000	0.0100000000	0.1000000000	100	100	0	0.814302
1901000	0.2000000000	0.0100000000	0.1000000000	100	100	0	0.822407
1902000	0.2000000000	0.0100000000	0.1000000000	100	100	0	0.826484
1903000	0.2000000000	0.0100000000	0.1000000000	100	100	0	0.818766
1904000	0.2000000000	0.0100000000	0.1000000000	100	100	0	0.829707
1905000	0.2000000000	0.0100000000	0.1000000000	100	100	0	0.823526
1906000	0.2000000000	0.0100000000	0.1000000000	100	100	0	0.868667
1907000	0.2000000000	0.0100000000	0.1000000000	100	100	0	0.834669
1908000	0.2000000000	0.0100000000	0.1000000000	100	100	0	0.812328
1909000	0.2000000000	0.0100000000	0.1000000000	100	100	0	0.826535
1910000	0.2000000000	0.0100000000	0.1000000000	100	100	0	0.845622
1911000	0.2000000000	0.0100000000	0.1000000000	100	100	0	0.826868
1912000	0.2000000000	0.0100000000	0.1000000000	100	100	0	0.818121
1913000	0.2000000000	0.0100000000	0.1000000000	100	100	0	0.829807
1914000	0.2000000000	0.0100000000	0.1000000000	100	100	0	0.829773
1915000	0.2000000000	0.0100000000	0.1000000000	100	100	0	0.833755
1916000	0.2000000000	0.0100000000	0.1000000000	100	100	0	0.823091
1917000	0.2000000000	0.0100000000	0.1000000000	100	100	0	0.836455
1918000	0.2000000000	0.0100000000	0.1000000000	100	100	0	0.815449
1919000	0.2000000000	0.0100000000	0.1000000000	100	100	0	0.856108
1920000	0.2000000000	0.0100000000	0.1000000000	100	100	0	0.841671
1921000	0.2000000000	0.0100000000	0.1000000000	100	100	0	0.848570
1922000	0.2000000000	0.0100000000	0.1000000000	100	100	0	0.836975
1923000	0.2000000000	0.0100000000	0.1000000000	100	100	0	0.821871
1924000	0.2000000000	0.0100000000	0.1000000000	100	100	0	0.836970
1925000	0.2000000000	0.0100000000	0.1000000000	100	100	0	0.835133
1926000	0.2000000000	0.0100000000	0.1000000000	100	100	0	0.833963
1927000	0.2000000000	0.0100000000	0.1000000000	100	100	0	0.809222
1928000	0.2000000000	0.0100000000	0.1000000000	100	100	0	0.835858
1929000	0.2000000000	0.0100000000	0.1000000000	100	100	0	0.832373
1930000	0.2000000000	0.0100000000	0.1000000000	100	100	0	0.851407
1931000	0.2000000000	0.0100000000	0.1000000000	100	100	0	0.824797
1932000	0.2000000000	0.0100000000	0.1000000000	100	100	0	0.832619
1933000	0.2000000000	0.0100000000	0.1000000000	100	100	0	0.844555
1934000	0.2000000000	0.0100000000	0.1000000000	100	100	0	0.818524
1935000	0.2000000000	0.0100000000	0.1000000000	100	100	0	0.817188
1936000	0.2000000000	0.0100000000	0.1000000000	100	100	0	0.844535
1937000	0.2000000000	0.0100000000	0.1000000000	100	100	0	0.852669
1938000	0.2000000000	0.0100000000	0.1000000000	100	100	0	0.828020
1939000	0.2000000000	0.0100000000	0.1000000000	100	100	0	0.821224
1940000	0.2000000000	0.0100000000	0.1000000000	100	100	0	0.786779
1941000	0.2000000000	0.0100000000	0.1000000000	100	100	0	0.829442
1942000	0.2000000000	0.0100000000	0.1000000000	100	100	0	0.836621
1943000	0.2000000000	0.0100000000	0.1000000000	100	100	0	0.828709
1944000	0.2000000000	0.0100000000	0.1000000000	100	100	0	0.838507
1945000	0.2000000000	0.0100000000	0.1000000000	100	100	0	0.851803
1946000	0.2000000000	0.0100000000	0.1000000000	100	100	0	0.816985
1947000	0.2000000000	0.0100000000	0.1000000000	100	100	0	0.848772
1948000	0.2000000000	0.0100000000	0.1000000000	100	100	0	0.838381
1949000	0.2000000000	0.0100000000	0.1000000000	100	100	0	0.825630
1950000	0.2000000000	0.0100000000	0.1000000000	100	100	0	0.820053
1951000	0.2000000000	0.0100000000	0.1000000000	100	100	0	0.814830
1952000	0.2000000000	0.0100000000	0.1000000000	100	100	0	0.829912
1953000	0.2000000000	0.0100000000	0.1000000000	100	100	0	0.806257
1954000	0.2000000000	0.0100000000	0.1000000000	100	100	0	0.825541
1955000	0.2000000000	0.0100000000	0.1000000000	100	100	0	0.828622
1956000	0.2000000000	0.0100000000	0.1000000000	100	100	0	0.831546
1957000	0.2000000000	0.0100000000	0.1000000000	100	100	0	0.852889
1958000	0.2000000000	0.0100000000	0.1000000000	100	100	0	0.827934
1959000	0.2000000000	0.0100000000	0.1000000000	100	100	0	0.833279
1960000	0.2000000000	0.0100000000	0.1000000000	100	100	0	0.817222
1961000	0.2000000000	0.0100000000	0.1000000000	100	100	0	0.833385
1962000	0.2000000000	0.0100000000	0.1000000000	100	100	0	0.812175
1963000	0.2000000000	0.0100000000	0.1000000000	100	100	0	0.833173
1964000	0.2000000000	0.0100000000	0.1000000000	100	100	0	0.826080
1965000	0.2000000000	0.0100000000	0.1000000000	100	100	0	0.811477
1966000	0.2000000000	0.0100000000	0.1000000000	100	100	0	0.818851
1967000	0.2000000000	0.0100000000	0.1000000000	100	100	0	0.826068
1968000	0.2000000000	0.0100000000	0.1000000000	100	100	0	0.821947
1969000	0.2000000000	0.0100000000	0.1000000000	100	100	0	0.822525
1970000	0.2000000000	0.0100000000	0.1000000000	100	100	0	0.825876
1971000	0.2000000000	0.0100000000	0.1000000000	100	100	0	0.828426
1972000	0.2000000000	0.0100000000	0.1000000000	100	100	0	0.818937
1973000	0.2000000000	0.0100000000	0.1000000000	100	100	0	0.844988
1974000	0.2000000000	0.0100000000	0.1000000000	100	100	0	0.818293
1975000	0.2000000000	0.0100000000	0.1000000000	100	100	0	0.818195
1976000	0.2000000000	0.0100000000	0.1000000000	100	100	0	0.827538
1977000	0.2000000000	0.0100000000	0.1000000000	100	100	0	0.834860
1978000	0.2000000000	0.0100000000	0.1000000000	100	100	0	0.827665
1979000	0.2000000000	0.0100000000	0.1000000000	100	100	0	0.817935
1980000	0.2000000000	0.0100000000	0.1000000000	100	100	0	0.832750
1981000	0.2000000000	0.0100000000	0.1000000000	100	100	0	0.852514
1982000	0.2000000000	0.0100000000	0.1000000000	100	100	0	0.834934
1983000	0.2000000000	0.0100000000	0.1000000000	100	100	0	0.834370
1984000	0.2000000000	0.0100000000	0.1000000000	100	100	0	0.855559
1985000	0.2000000000	0.0100000000	0.1000000000	100	100	0	0.850595
1986000	0.2000000000	0.0100000000	0.1000000000	100	100	0	0.812812
1987000	0.2000000000	0.0100000000	0.1000000000	100	100	0	0.814068
1988000	0.2000000000	0.0100000000	0.1000000000	100	100	0	0.828929
1989000	0.2000000000	0.0100000000	0.1000000000	100	100	0	0.856422
1990000	0.2000000000	0.0100000000	0.1000000000	100	100	0	0.819784
1991000	0.2000000000	0.0100000000	0.1000000000	100	100	0	0.844817
1992000	0.2000000000	0.0100000000	0.1000000000	100	100	0	0.819716
1993000	0.2000000000	0.0100000000	0.1000000000	100	100	0	0.835712
1994000	0.2000000000	0.0100000000	0.1000000000	100	100	0	0.824902
1995000	0.2000000000	0.0100000000	0.1000000000	100	100	0	0.840586
1996000	0.2000000000	0.0100000000	0.1000000000	100	100	0	0.819322
1997000	0.2000000000	0.0100000000	0.1000000000	100	100	0	0.848137
1998000	0.2000000000	0.0100000000	0.1000000000	100	100	0	0.826954
1999000	0.2000000000	0.0100000000	0.1000000000	100	100	0	0.821918
2000000	0.2000000000	0.0100000000	0.1000000000	100	100	0	0.820229
2001000	0.2000000000	0.0100000000	0.1000000000	100	100	0	0.807163
2002000	0.2000000000	0.0100000000	0.1000000000	100	100	0	0.825886
2003000	0.2000000000	0.0100000000	0.1000000000	100	100	0	0.816233
2004000	0.2000000000	0.0100000000	0.1000000000	100	100	0	0.838327
2005000	0.2000000000	0.0100000000	0.1000000000	100	100	0	0.836832
2006000	0.2000000000	0.0100000000	0.1000000000	100	100	0	0.822939
2007000	0.2000000000	0.0100000000	0.1000000000	100	100	0	0.823572
2008000	0.2000000000	0.0100000000	0.1000000000	100	100	0	0.848137
2009000	0.2000000000	0.0100000000	0.1000000000	100	100	0	0.847904
2010000	0.2000000000	0.0100000000	0.1000000000	100	100	0	0.848931
2011000	0.2000000000	0.0100000000	0.1000000000	100	100	0	0.825423
2012000	0.2000000000	0.0100000000	0.1000000000	100	100	0	0.830152
2013000	0.2000000000	0.0100000000	0.1000000000	100	100	0	0.824202
2014000	0.2000000000	0.0100000000	0.1000000000	100	100	0	0.846859
2015000	0.2000000000	0.0100000000	0.1000000000	100	100	0	0.824543
2016000	0.2000000000	0.0100000000	0.1000000000	100	100	0	0.863546
2017000	0.2000000000	0.0100000000	0.1000000000	100	100	0	0.854747
2018000	0.2000000000	0.0100000000	0.1000000000	100	100	0	0.829428
2019000	0.2000000000	0.0100000000	0.1000000000	100	100	0	0.826334
2020000	0.2000000000	0.0100000000	0.1000000000	100	100	0	0.829110
2021000	0.2000000000	0.0100000000	0.1000000000	100	100	0	0.819117
2022000	0.2000000000	0.0100000000	0.1000000000	100	100	0	0.829851
2023000	0.2000000000	0.0100000000	0.1000000000	100	100	0	0.853059
2024000	0.2000000000	0.0100000000	0.1000000000	100	100	0	0.835746
2025000	0.2000000000	0.0100000000	0.1000000000	100	100	0	0.830655
2026000	0.2000000000	0.0100000000	0.1000000000	100	100	0	0.829433
2027000	0.2000000000	0.0100000000	0.1000000000	100	100	0	0.844150
2028000	0.2000000000	0.0100000000	0.1000000000	100	100	0	0.829937
2029000	0.2000000000	0.0100000000	0.1000000000	100	100	0	0.826222
2030000	0.2000000000	0.0100000000	0.1000000000	100	100	0	0.838476
2031000	0.2000000000	0.0100000000	0.1000000000	100	100	0	0.856943
2032000	0.2000000000	0.0100000000	0.1000000000	100	100	0	0.846933
2033000	0.2000000000	0.0100000000	0.1000000000	100	100	0	0.842995
2034000	0.2000000000	0.0100000000	0.1000000000	100	100	0	0.831998
2035000	0.2000000000	0.0100000000	0.1000000000	100	100	0	0.830829
2036000	0.2000000000	0.0100000000	0.1000000000	100	100	0	0.824220
2037000	0.2000000000	0.0100000000	0.1000000000	100	100	0	0.814527
2038000	0.2000000000	0.0100000000	0.1000000000	100	100	0	0.829075
2039000	0.2000000000	0.0100000000	0.1000000000	100	100	0	0.839325
2040000	0.2000000000	0.0100000000	0.1000000000	100	100	0	0.833840
2041000	0.2000000000	0.0100000000	0.1000000000	100	100	0	0.830822
2042000	0.2000000000	0.0100000000	0.1000000000	100	100	0	0.811383
2043000	0.2000000000	0.0100000000	0.1000000000	100	100	0	0.836024
2044000	0.2000000000	0.0100000000	0.1000000000	100	100	0	0.848600
2045000	0.2000000000	0.0100000000	0.1000000000	100	100	0	0.812599
2046000	0.2000000000	0.0100000000	0.1000000000	100	100	0	0.823714
2047000	0.2000000000	0.0100000000	0.1000000000	100	100	0	0.821725
2048000	0.2000000000	0.0100000000	0.1000000000	100	100	0	0.819403
2049000	0.2000000000	0.0100000000	0.1000000000	100	100	0	0.819028
2050000	0.2000000000	0.0100000000	0.1000000000	100	100	0	0.851967
2051000	0.2000000000	0.0100000000	0.1000000000	100	100	0	0.828845
2052000	0.2000000000	0.0100000000	0.1000000000	100	100	0	0.833065
2053000	0.2000000000	0.0100000000	0.1000000000	100	100	0	0.828708
2054000	0.2000000000	0.0100000000	0.1000000000	100	100	0	0.848151
2055000	0.2000000000	0.0100000000	0.1000000000	100	100	0	0.825038
2056000	0.2000000000	0.0100000000	0.1000000000	100	100	0	0.807801
2057000	0.2000000000	0.0100000000	0.1000000000	100	100	0	0.831160
2058000	0.2000000000	0.0100000000	0.1000000000	100	100	0	0.811144
2059000	0.2000000000	0.0100000000	0.1000000000	100	100	0	0.815881
2060000	0.2000000000	0.0100000000	0.1000000000	100	100	0	0.832225
2061000	0.2000000000	0.0100000000	0.1000000000	100	100	0	0.831068
2062000	0.2000000000	0.0100000000	0.1000000000	100	100	0	0.834563
2063000	0.2000000000	0.0100000000	0.1000000000	100	100	0	0.824759
2064000	0.2000000000	0.0100000000	0.1000000000	100	100	0	0.827454
2065000	0.2000000000	0.0100000000	0.1000000000	100	100	0	0.813296
2066000	0.2000000000	0.0100000000	0.1000000000	100	100	0	0.820673
2067000	0.2000000000	0.0100000000	0.1000000000	100	100	0	0.813635
2068000	0.2000000000	0.0100000000	0.1000000000	100	100	0	0.831542
2069000	0.2000000000	0.0100000000	0.1000000000	100	100	0	0.850059
2070000	0.2000000000	0.0100000000	0.1000000000	100	100	0	0.839639
2071000	0.2000000000	0.0100000000	0.1000000000	100	100	0	0.844712
2072000	0.2000000000	0.0100000000	0.1000000000	100	100	0	0.836272
2073000	0.2000000000	0.0100000000	0.1000000000	100	100	0	0.844477
2074000	0.2000000000	0.0100000000	0.1000000000	100	100	0	0.825785
2075000	0.2000000000	0.0100000000	0.1000000000	100	100	0	0.842104
2076000	0.2000000000	0.0100000000	0.1000000000	100	100	0	0.833410
2077000	0.2000000000	0.0100000000	0.1000000000	100	100	0	0.829654
2078000	0.2000000000	0.0100000000	0.1000000000	100	100	0	0.856529
2079000	0.2000000000	0.0100000000	0.1000000000	100	100	0	0.820745
2080000	0.2000000000	0.0100000000	0.1000000000	100	100	0	0.850070
2081000	0.2000000000	0.0100000000	0.1000000000	100	100	0	0.839416
2082000	0.2000000000	0.0100000000	0.1000000000	100	100	0	0.826081
2083000	0.2000000000	0.0100000000	0.1000000000	100	100	0	0.819427
2084000	0.2000000000	0.0100000000	0.1000000000	100	100	0	0.807141
2085000	0.2000000000	0.0100000000	0.1000000000	100	100	0	0.813943
2086000	0.2000000000	0.0100000000	0.1000000000	100	100	0	0.842327
2087000	0.2000000000	0.0100000000	0.1000000000	100	100	0	0.828479
2088000	0.2000000000	0.0100000000	0.1000000000	100	100	0	0.827520
2089000	0.2000000000	0.0100000000	0.1000000000	100	100	0	0.818167
2090000	0.2000000000	0.0100000000	0.1000000000	100	100	0	0.838198
2091000	0.2000000000	0.0100000000	0.1000000000	100	100	0	0.847993
2092000	0.2000000000	0.0100000000	0.1000000000	100	100	0	0.835577
2093000	0.2000000000	0.0100000000	0.1000000000	100	100	0	0.821812
2094000	0.2000000000	0.0100000000	0.1000000000	100	100	0	0.839800
2095000	0.2000000000	0.0100000000	0.1000000000	100	100	0	0.828969
2096000	0.2000000000	0.0100000000	0.1000000000	100	100	0	0.814678
2097000	0.2000000000	0.0100000000	0.1000000000	100	100	0	0.809467
2098000	0.2000000000	0.0100000000	0.1000000000	100	100	0	0.837355
2099000	0.2000000000	0.0100000000	0.1000000000	100	100	0	0.825309
2100000	0.2000000000	0.0100000000	0.1000000000	100	100	0	0.824179
2101000	0.2000000000	0.0100000000	0.1000000000	100	100	0	0.825462
2102000	0.2000000000	0.0100000000	0.1000000000	100	100	0	0.840016
2103000	0.2000000000	0.0100000000	0.1000000000	100	100	0	0.835701
2104000	0.2000000000	0.0100000000	0.1000000000	100	100	0	0.830855
2105000	0.2000000000	0.0100000000	0.1000000000	100	100	0	0.819770
2106000	0.2000000000	0.0100000000	0.1000000000	100	100	0	0.833849
2107000	0.2000000000	0.0100000000	0.1000000000	100	100	0	0.819760
2108000	0.2000000000	0.0100000000	0.1000000000	100	100	0	0.812349
2109000	0.2000000000	0.0100000000	0.1000000000	100	100	0	0.826058
2110000	0.2000000000	0.0100000000	0.1000000000	100	100	0	0.830016
2111000	0.2000000000	0.0100000000	0.1000000000	100	100	0	0.829644
2112000	0.2000000000	0.0100000000	0.1000000000	100	100	0	0.830527
2113000	0.2000000000	0.0100000000	0.1000000000	100	100	0	0.831354
2114000	0.2000000000	0.0100000000	0.1000000000	100	100	0	0.829461
2115000	0.2000000000	0.0100000000	0.1000000000	100	100	0	0.836832
2116000	0.2000000000	0.0100000000	0.1000000000	100	100	0	0.831840
2117000	0.2000000000	0.0100000000	0.1000000000	100	100	0	0.829148
2118000	0.2000000000	0.0100000000	0.1000000000	100	100	0	0.838653
2119000	0.2000000000	0.0100000000	0.1000000000	100	100	0	0.829615
2120000	0.2000000000	0.0100000000	0.1000000000	100	100	0	0.814666
2121000	0.2000000000	0.0100000000	0.1000000000	100	100	0	0.820585
2122000	0.2000000000	0.0100000000	0.1000000000	100	100	0	0.838243
2123000	0.2000000000	0.0100000000	0.1000000000	100	100	0	0.828828
2124000	0.2000000000	0.0100000000	0.1000000000	100	100	0	0.820541
2125000	0.2000000000	0.0100000000	0.1000000000	100	100	0	0.819721
2126000	0.2000000000	0.0100000000	0.1000000000	100	100	0	0.832066
2127000	0.2000000000	0.0100000000	0.1000000000	100	100	0	0.815921
2128000	0.2000000000	0.0100000000	0.1000000000	100	100	0	0.838389
2129000	0.2000000000	0.0100000000	0.1000000000	100	100	0	0.846768
2130000	0.2000000000	0.0100000000	0.1000000000	100	100	0	0.802562
2131000	0.2000000000	0.0100000000	0.1000000000	100	100	0	0.814324
2132000	0.2000000000	0.0100000000	0.1000000000	100	100	0	0.852500
2133000	0.2000000000	0.0100000000	0.1000000000	100	100	0	0.853449
2134000	0.2000000000	0.0100000000	0.1000000000	100	100	0	0.836711
2135000	0.2000000000	0.0100000000	0.1000000000	100	100	0	0.829809
2136000	0.2000000000	0.0100000000	0.1000000000	100	100	0	0.849344
2137000	0.2000000000	0.0100000000	0.1000000000	100	100	0	0.833492
2138000	0.2000000000	0.0100000000	0.1000000000	100	100	0	0.848991
2139000	0.2000000000	0.0100000000	0.1000000000	100	100	0	0.831669
2140000	0.2000000000	0.0100000000	0.1000000000	100	100	0	0.835379
2141000	0.2000000000	0.0100000000	0.1000000000	100	100	0	0.828886
2142000	0.2000000000	0.0100000000	0.1000000000	100	100	0	0.805438
2143000	0.2000000000	0.0100000000	0.1000000000	100	100	0	0.829512
2144000	0.2000000000	0.0100000000	0.1000000000	100	100	0	0.813706
2145000	0.2000000000	0.0100000000	0.1000000000	100	100	0	0.823269
2146000	0.2000000000	0.0100000000	0.1000000000	100	100	0	0.826184
2147000	0.2000000000	0.0100000000	0.1000000000	100	100	0	0.826295
2148000	0.2000000000	0.0100000000	0.1000000000	100	100	0	0.814766
2149000	0.2000000000	0.0100000000	0.1000000000	100	100	0	0.833161
2150000	0.2000000000	0.0100000000	0.1000000000	100	100	0	0.841739
2151000	0.2000000000	0.0100000000	0.1000000000	100	100	0	0.849192
2152000	0.2000000000	0.0100000000	0.1000000000	100	100	0	0.834626
2153000	0.2000000000	0.0100000000	0.1000000000	100	100	0	0.847242
2154000	0.2000000000	0.0100000000	0.1000000000	100	100	0	0.827128
2155000	0.2000000000	0.0100000000	0.1000000000	100	100	0	0.822883
2156000	0.2000000000	0.0100000000	0.1000000000	100	100	0	0.835965
2157000	0.2000000000	0.0100000000	0.1000000000	100	100	0	0.838098
2158000	0.2000000000	0.0100000000	0.1000000000	100	100	0	0.849780
2159000	0.2000000000	0.0100000000	0.1000000000	100	100	0	0.825718
2160000	0.2000000000	0.0100000000	0.1000000000	100	100	0	0.853831
2161000	0.2000000000	0.0100000000	0.1000000000	100	100	0	0.837746
2162000	0.2000000000	0.0100000000	0.1000000000	100	100	0	0.833917
2163000	0.2000000000	0.0100000000	0.1000000000	100	100	0	0.835730
2164000	0.2000000000	0.0100000000	0.1000000000	100	100	0	0.847440
2165000	0.2000000000	0.0100000000	0.1000000000	100	100	0	0.807924
2166000	0.2000000000	0.0100000000	0.1000000000	100	100	0	0.828394
2167000	0.2000000000	0.0100000000	0.1000000000	100	100	0	0.827378
2168000	0.2000000000	0.0100000000	0.1000000000	100	100	0	0.819955
2169000	0.2000000000	0.0100000000	0.1000000000	100	100	0	0.822521
2170000	0.2000000000	0.0100000000	0.1000000000	100	100	0	0.829385
2171000	0.2000000000	0.0100000000	0.1000000000	100	100	0	0.828520
2172000	0.2000000000	0.0100000000	0.1000000000	100	100	0	0.836184
2173000	0.2000000000	0.0100000000	0.1000000000	100	100	0	0.850181
2174000	0.2000000000	0.0100000000	0.1000000000	100	100	0	0.839858
2175000	0.2000000000	0.0100000000	0.1000000000	100	100	0	0.823688
2176000	0.2000000000	0.0100000000	0.1000000000	100	100	0	0.833355
2177000	0.2000000000	0.0100000000	0.1000000000	100	100	0	0.858919
2178000	0.2000000000	0.0100000000	0.1000000000	100	100	0	0.814829
2179000	0.2000000000	0.0100000000	0.1000000000	100	100	0	0.835981
2180000	0.2000000000	0.0100000000	0.1000000000	100	100	0	0.812142
2181000	0.2000000000	0.0100000000	0.1000000000	100	100	0	0.808878
2182000	0.2000000000	0.0100000000	0.1000000000	100	100	0	0.823192
2183000	0.2000000000	0.0100000000	0.1000000000	100	100	0	0.826891
2184000	0.2000000000	0.0100000000	0.1000000000	100	100	0	0.812928
2185000	0.2000000000	0.0100000000	0.1000000000	100	100	0	0.822977
2186000	0.2000000000	0.0100000000	0.1000000000	100	100	0	0.835099
2187000	0.2000000000	0.0100000000	0.1000000000	100	100	0	0.826057
2188000	0.2000000000	0.0100000000	0.1000000000	100	100	0	0.822089
2189000	0.2000000000	0.0100000000	0.1000000000	100	100	0	0.851533
2190000	0.2000000000	0.0100000000	0.1000000000	100	100	0	0.825630
2191000	0.2000000000	0.0100000000	0.1000000000	100	100	0	0.844002
2192000	0.2000000000	0.0100000000	0.1000000000	100	100	0	0.808761
2193000	0.2000000000	0.0100000000	0.1000000000	100	100	0	0.821253
2194000	0.2000000000	0.0100000000	0.1000000000	100	100	0	0.815933
2195000	0.2000000000	0.0100000000	0.1000000000	100	100	0	0.809852
2196000	0.2000000000	0.0100000000	0.1000000000	100	100	0	0.801318
2197000	0.2000000000	0.0100000000	0.1000000000	100	100	0	0.825635
2198000	0.2000000000	0.0100000000	0.1000000000	100	100	0	0.831710
2199000	0.2000000000	0.0100000000	0.1000000000	100	100	0	0.830880
2200000	0.2000000000	0.0100000000	0.1000000000	100	100	0	0.841404
2201000	0.2000000000	0.0100000000	0.1000000000	100	100	0	0.818415
2202000	0.2000000000	0.0100000000	0.1000000000	100	100	0	0.844580
2203000	0.2000000000	0.0100000000	0.1000000000	100	100	0	0.813396
2204000	0.2000000000	0.0100000000	0.1000000000	100	100	0	0.819914
2205000	0.2000000000	0.0100000000	0.1000000000	100	100	0	0.819412
2206000	0.2000000000	0.0100000000	0.1000000000	100	100	0	0.815783
2207000	0.2000000000	0.0100000000	0.1000000000	100	100	0	0.823534
2208000	0.2000000000	0.0100000000	0.1000000000	100	100	0	0.828212
2209000	0.2000000000	0.0100000000	0.1000000000	100	100	0	0.821183
2210000	0.2000000000	0.0100000000	0.1000000000	100	100	0	0.796891
2211000	0.2000000000	0.0100000000	0.1000000000	100	100	0	0.815519
2212000	0.2000000000	0.0100000000	0.1000000000	100	100	0	0.826646
2213000	0.2000000000	0.0100000000	0.1000000000	100	100	0	0.824817
2214000	0.2000000000	0.0100000000	0.1000000000	100	100	0	0.833268
2215000	0.2000000000	0.0100000000	0.1000000000	100	100	0	0.812648
2216000	0.2000000000	0.0100000000	0.1000000000	100	100	0	0.837932
2217000	0.2000000000	0.0100000000	0.1000000000	100	100	0	0.835936
2218000	0.2000000000	0.0100000000	0.1000000000	100	100	0	0.829807
2219000	0.2000000000	0.0100000000	0.1000000000	100	100	0	0.841515
2220000	0.2000000000	0.0100000000	0.1000000000	100	100	0	0.840799
2221000	0.2000000000	0.0100000000	0.1000000000	100	100	0	0.834022
2222000	0.2000000000	0.0100000000	0.1000000000	100	100	0	0.857202
2223000	0.2000000000	0.0100000000	0.1000000000	100	100	0	0.832291
2224000	0.2000000000	0.0100000000	0.1000000000	100	100	0	0.830329
2225000	0.2000000000	0.0100000000	0.1000000000	100	100	0	0.797682
2226000	0.2000000000	0.0100000000	0.1000000000	100	100	0	0.819780
2227000	0.2000000000	0.0100000000	0.1000000000	100	100	0	0.833992
2228000	0.2000000000	0.0100000000	0.1000000000	100	100	0	0.809287
2229000	0.2000000000	0.0100000000	0.1000000000	100	100	0	0.806308
2230000	0.2000000000	0.0100000000	0.1000000000	100	100	0	0.843173
2231000	0.2000000000	0.0100000000	0.1000000000	100	100	0	0.829238
2232000	0.2000000000	0.0100000000	0.1000000000	100	100	0	0.841673
2233000	0.2000000000	0.0100000000	0.1000000000	100	100	0	0.843201
2234000	0.2000000000	0.0100000000	0.1000000000	100	100	0	0.843424
2235000	0.2000000000	0.0100000000	0.1000000000	100	100	0	0.837911
2236000	0.2000000000	0.0100000000	0.1000000000	100	100	0	0.839284
2237000	0.2000000000	0.0100000000	0.1000000000	100	100	0	0.826240
2238000	0.2000000000	0.0100000000	0.1000000000	100	100	0	0.834329
2239000	0.2000000000	0.0100000000	0.1000000000	100	100	0	0.824653
2240000	0.2000000000	0.0100000000	0.1000000000	100	100	0	0.830842
2241000	0.2000000000	0.0100000000	0.1000000000	100	100	0	0.836293
2242000	0.2000000000	0.0100000000	0.1000000000	100	100	0	0.843391
2243000	0.2000000000	0.0100000000	0.1000000000	100	100	0	0.828873
2244000	0.2000000000	0.0100000000	0.1000000000	100	100	0	0.826173
2245000	0.2000000000	0.0100000000	0.1000000000	100	100	0	0.817227
2246000	0.2000000000	0.0100000000	0.1000000000	100	100	0	0.811532
2247000	0.2000000000	0.0100000000	0.1000000000	100	100	0	0.831424
2248000	0.2000000000	0.0100000000	0.1000000000	100	100	0	0.832668
2249000	0.2000000000	0.0100000000	0.1000000000	100	100	0	0.826491
2250000	0.2000000000	0.0100000000	0.1000000000	100	100	0	0.827181
2251000	0.2000000000	0.0100000000	0.1000000000	100	100	0	0.836582
2252000	0.2000000000	0.0100000000	0.1000000000	100	100	0	0.829445
2253000	0.2000000000	0.0100000000	0.1000000000	100	100	0	0.838320
2254000	0.2000000000	0.0100000000	0.1000000000	100	100	0	0.832197
2255000	0.2000000000	0.0100000000	0.1000000000	100	100	0	0.833203
2256000	0.2000000000	0.0100000000	0.1000000000	100	100	0	0.828110
2257000	0.2000000000	0.0100000000	0.1000000000	100	100	0	0.817971
2258000	0.2000000000	0.0100000000	0.1000000000	100	100	0	0.807310
2259000	0.2000000000	0.0100000000	0.1000000000	100	100	0	0.832850
2260000	0.2000000000	0.0100000000	0.1000000000	100	100	0	0.841076
2261000	0.2000000000	0.0100000000	0.1000000000	100	100	0	0.827904
2262000	0.2000000000	0.0100000000	0.1000000000	100	100	0	0.806248
2263000	0.2000000000	0.0100000000	0.1000000000	100	100	0	0.807069
2264000	0.2000000000	0.0100000000	0.1000000000	100	100	0	0.812101
2265000	0.2000000000	0.0100000000	0.1000000000	100	100	0	0.833949
2266000	0.2000000000	0.0100000000	0.1000000000	100	100	0	0.821793
2267000	0.2000000000	0.0100000000	0.1000000000	100	100	0	0.836825
2268000	0.2000000000	0.0100000000	0.1000000000	100	100	0	0.831408
2269000	0.2000000000	0.0100000000	0.1000000000	100	100	0	0.817731
2270000	0.2000000000	0.0100000000	0.1000000000	100	100	0	0.835853
2271000	0.2000000000	0.0100000000	0.1000000000	100	100	0	0.827265
2272000	0.2000000000	0.0100000000	0.1000000000	100	100	0	0.832708
2273000	0.2000000000	0.0100000000	0.1000000000	100	100	0	0.843728
2274000	0.2000000000	0.0100000000	0.1000000000	100	100	0	0.834826
2275000	0.2000000000	0.0100000000	0.1000000000	100	100	0	0.830384
2276000	0.2000000000	0.0100000000	0.1000000000	100	100	0	0.842819
2277000	0.2000000000	0.0100000000	0.1000000000	100	100	0	0.839638
2278000	0.2000000000	0.0100000000	0.1000000000	100	100	0	0.848214
2279000	0.2000000000	0.0100000000	0.1000000000	100	100	0	0.836483
2280000	0.2000000000	0.0100000000	0.1000000000	100	100	0	0.819736
2281000	0.2000000000	0.0100000000	0.1000000000	100	100	0	0.847451
2282000	0.2000000000	0.0100000000	0.1000000000	100	100	0	0.830081
2283000	0.2000000000	0.0100000000	0.1000000000	100	100	0	0.816648
2284000	0.2000000000	0.0100000000	0.1000000000	100	100	0	0.819002
2285000	0.2000000000	0.0100000000	0.1000000000	100	100	0	0.834410
2286000	0.2000000000	0.0100000000	0.1000000000	100	100	0	0.827247
2287000	0.2000000000	0.0100000000	0.1000000000	100	100	0	0.846881
2288000	0.2000000000	0.0100000000	0.1000000000	100	100	0	0.806830
2289000	0.2000000000	0.0100000000	0.1000000000	100	100	0	0.825234
2290000	0.2000000000	0.0100000000	0.1000000000	100	100	0	0.822028
2291000	0.2000000000	0.0100000000	0.1000000000	100	100	0	0.845390
2292000	0.2000000000	0.0100000000	0.1000000000	100	100	0	0.826644
2293000	0.2000000000	0.0100000000	0.1000000000	100	100	0	0.844727
2294000	0.2000000000	0.0100000000	0.1000000000	100	100	0	0.822748
2295000	0.2000000000	0.0100000000	0.1000000000	100	100	0	0.829899
2296000	0.2000000000	0.0100000000	0.1000000000	100	100	0	0.835391
2297000	0.2000000000	0.0100000000	0.1000000000	100	100	0	0.827718
2298000	0.2000000000	0.0100000000	0.1000000000	100	100	0	0.832989
2299000	0.2000000000	0.0100000000	0.1000000000	100	100	0	0.822043
2300000	0.2000000000	0.0100000000	0.1000000000	100	100	0	0.830898
2301000	0.2000000000	0.0100000000	0.1000000000	100	100	0	0.830852
2302000	0.2000000000	0.0100000000	0.1000000000	100	100	0	0.829722
2303000	0.2000000000	0.0100000000	0.1000000000	100	100	0	0.852333
2304000	0.2000000000	0.0100000000	0.1000000000	100	100	0	0.825298
2305000	0.2000000000	0.0100000000	0.1000000000	100	100	0	0.795436
2306000	0.2000000000	0.0100000000	0.1000000000	100	100	0	0.839544
2307000	0.2000000000	0.0100000000	0.1000000000	100	100	0	0.838220
2308000	0.2000000000	0.0100000000	0.1000000000	100	100	0	0.834489
2309000	0.2000000000	0.0100000000	0.1000000000	100	100	0	0.833637
2310000	0.2000000000	0.0100000000	0.1000000000	100	100	0	0.822367
2311000	0.2000000000	0.0100000000	0.1000000000	100	100	0	0.842226
2312000	0.2000000000	0.0100000000	0.1000000000	100	100	0	0.824402
2313000	0.2000000000	0.0100000000	0.1000000000	100	100	0	0.821081
2314000	0.2000000000	0.0100000000	0.1000000000	100	100	0	0.841467
2315000	0.2000000000	0.0100000000	0.1000000000	100	100	0	0.866502
2316000	0.2000000000	0.0100000000	0.1000000000	100	100	0	0.839714
2317000	0.2000000000	0.0100000000	0.1000000000	100	100	0	0.818584
2318000	0.2000000000	0.0100000000	0.1000000000	100	100	0	0.825170
2319000	0.2000000000	0.0100000000	0.1000000000	100	100	0	0.847411
2320000	0.2000000000	0.0100000000	0.1000000000	100	100	0	0.826469
2321000	0.2000000000	0.0100000000	0.1000000000	100	100	0	0.835593
2322000	0.2000000000	0.0100000000	0.1000000000	100	100	0	0.820975
2323000	0.2000000000	0.0100000000	0.1000000000	100	100	0	0.850892
2324000	0.2000000000	0.0100000000	0.1000000000	100	100	0	0.839280
2325000	0.2000000000	0.0100000000	0.1000000000	100	100	0	0.825688
2326000	0.2000000000	0.0100000000	0.1000000000	100	100	0	0.846103
2327000	0.2000000000	0.0100000000	0.1000000000	100	100	0	0.846455
2328000	0.2000000000	0.0100000000	0.1000000000	100	100	0	0.829549
2329000	0.2000000000	0.0100000000	0.1000000000	100	100	0	0.814759
2330000	0.2000000000	0.0100000000	0.1000000000	100	100	0	0.813678
2331000	0.2000000000	0.0100000000	0.1000000000	100	100	0	0.826178
2332000	0.2000000000	0.0100000000	0.1000000000	100	100	0	0.829051
2333000	0.2000000000	0.0100000000	0.1000000000	100	100	0	0.829379
2334000	0.2000000000	0.0100000000	0.1000000000	100	100	0	0.839737
2335000	0.2000000000	0.0100000000	0.1000000000	100	100	0	0.854495
2336000	0.2000000000	0.0100000000	0.1000000000	100	100	0	0.828893
2337000	0.2000000000	0.0100000000	0.1000000000	100	100	0	0.817222
2338000	0.2000000000	0.0100000000	0.1000000000	100	100	0	0.840214
2339000	0.2000000000	0.0100000000	0.1000000000	100	100	0	0.828133
2340000	0.2000000000	0.0100000000	0.1000000000	100	100	0	0.839428
2341000	0.2000000000	0.0100000000	0.1000000000	100	100	0	0.844196
2342000	0.2000000000	0.0100000000	0.1000000000	100	100	0	0.864046
2343000	0.2000000000	0.0100000000	0.1000000000	100	100	0	0.837109
2344000	0.2000000000	0.0100000000	0.1000000000	100	100	0	0.844466
2345000	0.2000000000	0.0100000000	0.1000000000	100	100	0	0.824824
2346000	0.2000000000	0.0100000000	0.1000000000	100	100	0	0.825679
2347000	0.2000000000	0.0100000000	0.1000000000	100	100	0	0.832671
2348000	0.2000000000	0.0100000000	0.1000000000	100	100	0	0.837415
2349000	0.2000000000	0.0100000000	0.1000000000	100	100	0	0.829631
2350000	0.2000000000	0.0100000000	0.1000000000	100	100	0	0.823949
2351000	0.2000000000	0.0100000000	0.1000000000	100	100	0	0.813231
2352000	0.2000000000	0.0100000000	0.1000000000	100	100	0	0.805797
2353000	0.2000000000	0.0100000000	0.1000000000	100	100	0	0.852596
2354000	0.2000000000	0.0100000000	0.1000000000	100	100	0	0.863319
2355000	0.2000000000	0.0100000000	0.1000000000	100	100	0	0.856125
2356000	0.2000000000	0.0100000000	0.1000000000	100	100	0	0.827530
2357000	0.2000000000	0.0100000000	0.1000000000	100	100	0	0.841434
2358000	0.2000000000	0.0100000000	0.1000000000	100	100	0	0.845079
2359000	0.2000000000	0.0100000000	0.1000000000	100	100	0	0.823153
2360000	0.2000000000	0.0100000000	0.1000000000	100	100	0	0.830343
2361000	0.2000000000	0.0100000000	0.1000000000	100	100	0	0.816993
2362000	0.2000000000	0.0100000000	0.1000000000	100	100	0	0.837650
2363000	0.2000000000	0.0100000000	0.1000000000	100	100	0	0.827964
2364000	0.2000000000	0.0100000000	0.1000000000	100	100	0	0.844110
2365000	0.2000000000	0.0100000000	0.1000000000	100	100	0	0.797451
2366000	0.2000000000	0.0100000000	0.1000000000	100	100	0	0.825589
2367000	0.2000000000	0.0100000000	0.1000000000	100	100	0	0.836434
2368000	0.2000000000	0.0100000000	0.1000000000	100	100	0	0.830499
2369000	0.2000000000	0.0100000000	0.1000000000	100	100	0	0.846175
2370000	0.2000000000	0.0100000000	0.1000000000	100	100	0	0.838179
2371000	0.2000000000	0.0100000000	0.1000000000	100	100	0	0.843259
2372000	0.2000000000	0.0100000000	0.1000000000	100	100	0	0.828837
2373000	0.2000000000	0.0100000000	0.1000000000	100	100	0	0.818445
2374000	0.2000000000	0.0100000000	0.1000000000	100	100	0	0.838615
2375000	0.2000000000	0.0100000000	0.1000000000	100	100	0	0.821347
2376000	0.2000000000	0.0100000000	0.1000000000	100	100	0	0.837231
2377000	0.2000000000	0.0100000000	0.1000000000	100	100	0	0.845924
2378000	0.2000000000	0.0100000000	0.1000000000	100	100	0	0.824910
2379000	0.2000000000	0.0100000000	0.1000000000	100	100	0	0.843984
2380000	0.2000000000	0.0100000000	0.1000000000	100	100	0	0.817849
2381000	0.2000000000	0.0100000000	0.1000000000	100	100	0	0.836665
2382000	0.2000000000	0.0100000000	0.1000000000	100	100	0	0.854762
2383000	0.2000000000	0.0100000000	0.1000000000	100	100	0	0.833161
2384000	0.2000000000	0.0100000000	0.1000000000	100	100	0	0.825664
2385000	0.2000000000	0.0100000000	0.1000000000	100	100	0	0.851488
2386000	0.2000000000	0.0100000000	0.1000000000	100	100	0	0.841165
2387000	0.2000000000	0.0100000000	0.1000000000	100	100	0	0.847998
2388000	0.2000000000	0.0100000000	0.1000000000	100	100	0	0.825984
2389000	0.2000000000	0.0100000000	0.1000000000	100	100	0	0.826136
2390000	0.2000000000	0.0100000000	0.1000000000	100	100	0	0.824144
2391000	0.2000000000	0.0100000000	0.1000000000	100	100	0	0.838283
2392000	0.2000000000	0.0100000000	0.1000000000	100	100	0	0.853627
2393000	0.2000000000	0.0100000000	0.1000000000	100	100	0	0.846461
2394000	0.2000000000	0.0100000000	0.1000000000	100	100	0	0.825173
2395000	0.2000000000	0.0100000000	0.1000000000	100	100	0	0.839211
2396000	0.2000000000	0.0100000000	0.1000000000	100	100	0	0.834402
2397000	0.2000000000	0.0100000000	0.1000000000	100	100	0	0.841204
2398000	0.2000000000	0.0100000000	0.1000000000	100	100	0	0.829520
2399000	0.2000000000	0.0100000000	0.1000000000	100	100	0	0.838582
2400000	0.2000000000	0.0100000000	0.1000000000	100	100	0	0.847089
2401000	0.2000000000	0.0100000000	0.1000000000	100	100	0	0.838974
2402000	0.2000000000	0.0100000000	0.1000000000	100	100	0	0.850735
2403000	0.2000000000	0.0100000000	0.1000000000	100	100	0	0.850473
2404000	0.2000000000	0.0100000000	0.1000000000	100	100	0	0.833257
2405000	0.2000000000	0.0100000000	0.1000000000	100	100	0	0.831132
2406000	0.2000000000	0.0100000000	0.1000000000	100	100	0	0.835976
2407000	0.2000000000	0.0100000000	0.1000000000	100	100	0	0.842659
2408000	0.2000000000	0.0100000000	0.1000000000	100	100	0	0.833469
2409000	0.2000000000	0.0100000000	0.1000000000	100	100	0	0.824299
2410000	0.2000000000	0.0100000000	0.1000000000	100	100	0	0.824485
2411000	0.2000000000	0.0100000000	0.1000000000	100	100	0	0.828110
2412000	0.2000000000	0.0100000000	0.1000000000	100	100	0	0.829198
2413000	0.2000000000	0.0100000000	0.1000000000	100	100	0	0.823484
2414000	0.2000000000	0.0100000000	0.1000000000	100	100	0	0.843288
2415000	0.2000000000	0.0100000000	0.1000000000	100	100	0	0.837932
2416000	0.2000000000	0.0100000000	0.1000000000	100	100	0	0.825403
2417000	0.2000000000	0.0100000000	0.1000000000	100	100	0	0.825259
2418000	0.2000000000	0.0100000000	0.1000000000	100	100	0	0.826486
2419000	0.2000000000	0.0100000000	0.1000000000	100	100	0	0.835177
2420000	0.2000000000	0.0100000000	0.1000000000	100	100	0	0.839705
2421000	0.2000000000	0.0100000000	0.1000000000	100	100	0	0.809924
2422000	0.2000000000	0.0100000000	0.1000000000	100	100	0	0.819094
2423000	0.2000000000	0.0100000000	0.1000000000	100	100	0	0.838581
2424000	0.2000000000	0.0100000000	0.1000000000	100	100	0	0.801080
2425000	0.2000000000	0.0100000000	0.1000000000	100	100	0	0.832017
2426000	0.2000000000	0.0100000000	0.1000000000	100	100	0	0.837258
2427000	0.2000000000	0.0100000000	0.1000000000	100	100	0	0.805646
2428000	0.2000000000	0.0100000000	0.1000000000	100	100	0	0.829434
2429000	0.2000000000	0.0100000000	0.1000000000	100	100	0	0.818274
2430000	0.2000000000	0.0100000000	0.1000000000	100	100	0	0.833829
2431000	0.2000000000	0.0100000000	0.1000000000	100	100	0	0.808086
2432000	0.2000000000	0.0100000000	0.1000000000	100	100	0	0.822639
2433000	0.2000000000	0.0100000000	0.1000000000	100	100	0	0.814260
2434000	0.2000000000	0.0100000000	0.1000000000	100	100	0	0.839485
2435000	0.2000000000	0.0100000000	0.1000000000	100	100	0	0.853757
2436000	0.2000000000	0.0100000000	0.1000000000	100	100	0	0.815151
2437000	0.2000000000	0.0100000000	0.1000000000	100	100	0	0.833082
2438000	0.2000000000	0.0100000000	0.1000000000	100	100	0	0.826716
2439000	0.2000000000	0.0100000000	0.1000000000	100	100	0	0.820011
2440000	0.2000000000	0.0100000000	0.1000000000	100	100	0	0.824502
2441000	0.2000000000	0.0100000000	0.1000000000	100	100	0	0.840061
2442000	0.2000000000	0.0100000000	0.1000000000	100	100	0	0.847895
2443000	0.2000000000	0.0100000000	0.1000000000	100	100	0	0.822022
2444000	0.2000000000	0.0100000000	0.1000000000	100	100	0	0.850089
2445000	0.2000000000	0.0100000000	0.1000000000	100	100	0	0.852501
2446000	0.2000000000	0.0100000000	0.1000000000	100	100	0	0.858017
2447000	0.2000000000	0.0100000000	0.1000000000	100	100	0	0.824220
2448000	0.2000000000	0.0100000000	0.1000000000	100	100	0	0.853615
2449000	0.2000000000	0.0100000000	0.1000000000	100	100	0	0.830862
2450000	0.2000000000	0.0100000000	0.1000000000	100	100	0	0.825389
2451000	0.2000000000	0.0100000000	0.1000000000	100	100	0	0.847166
2452000	0.2000000000	0.0100000000	0.1000000000	100	100	0	0.832893
2453000	0.2000000000	0.0100000000	0.1000000000	100	100	0	0.861994
2454000	0.2000000000	0.0100000000	0.1000000000	100	100	0	0.812201
2455000	0.2000000000	0.0100000000	0.1000000000	100	100	0	0.836427
2456000	0.2000000000	0.0100000000	0.1000000000	100	100	0	0.837515
2457000	0.2000000000	0.0100000000	0.1000000000	100	100	0	0.847950
2458000	0.2000000000	0.0100000000	0.1000000000	100	100	0	0.844826
2459000	0.2000000000	0.0100000000	0.1000000000	100	100	0	0.824163
2460000	0.2000000000	0.0100000000	0.1000000000	100	100	0	0.852719
2461000	0.2000000000	0.0100000000	0.1000000000	100	100	0	0.820127
2462000	0.2000000000	0.0100000000	0.1000000000	100	100	0	0.823323
2463000	0.2000000000	0.0100000000	0.1000000000	100	100	0	0.819305
2464000	0.2000000000	0.0100000000	0.1000000000	100	100	0	0.831909
2465000	0.2000000000	0.0100000000	0.1000000000	100	100	0	0.829314
2466000	0.2000000000	0.0100000000	0.1000000000	100	100	0	0.844024
2467000	0.2000000000	0.0100000000	0.1000000000	100	100	0	0.836287
2468000	0.2000000000	0.0100000000	0.1000000000	100	100	0	0.847034
2469000	0.2000000000	0.0100000000	0.1000000000	100	100	0	0.803198
2470000	0.2000000000	0.0100000000	0.1000000000	100	100	0	0.821720
2471000	0.2000000000	0.0100000000	0.1000000000	100	100	0	0.855704
2472000	0.2000000000	0.0100000000	0.1000000000	100	100	0	0.840639
2473000	0.2000000000	0.0100000000	0.1000000000	100	100	0	0.813939
2474000	0.2000000000	0.0100000000	0.1000000000	100	100	0	0.835403
2475000	0.2000000000	0.0100000000	0.1000000000	100	100	0	0.830623
2476000	0.2000000000	0.0100000000	0.1000000000	100	100	0	0.814986
2477000	0.2000000000	0.0100000000	0.1000000000	100	100	0	0.827683
2478000	0.2000000000	0.0100000000	0.1000000000	100	100	0	0.815280
2479000	0.2000000000	0.0100000000	0.1000000000	100	100	0	0.833945
2480000	0.2000000000	0.0100000000	0.1000000000	100	100	0	0.837284
2481000	0.2000000000	0.0100000000	0.1000000000	100	100	0	0.846070
2482000	0.2000000000	0.0100000000	0.1000000000	100	100	0	0.830908
2483000	0.2000000000	0.0100000000	0.1000000000	100	100	0	0.818881
2484000	0.2000000000	0.0100000000	0.1000000000	100	100	0	0.824604
2485000	0.2000000000	0.0100000000	0.1000000000	100	100	0	0.807382
2486000	0.2000000000	0.0100000000	0.1000000000	100	100	0	0.831031
2487000	0.2000000000	0.0100000000	0.1000000000	100	100	0	0.833599
2488000	0.2000000000	0.0100000000	0.1000000000	100	100	0	0.828104
2489000	0.2000000000	0.0100000000	0.1000000000	100	100	0	0.832117
2490000	0.2000000000	0.0100000000	0.1000000000	100	100	0	0.843384
2491000	0.2000000000	0.0100000000	0.1000000000	100	100	0	0.839187
2492000	0.2000000000	0.0100000000	0.1000000000	100	100	0	0.836830
2493000	0.2000000000	0.0100000000	0.1000000000	100	100	0	0.834218
2494000	0.2000000000	0.0100000000	0.1000000000	100	100	0	0.832445
2495000	0.2000000000	0.0100000000	0.1000000000	100	100	0	0.839468
2496000	0.2000000000	0.0100000000	0.1000000000	100	100	0	0.850455
2497000	0.2000000000	0.0100000000	0.1000000000	100	100	0	0.836455
2498000	0.2000000000	0.0100000000	0.1000000000	100	100	0	0.822493
2499000	0.2000000000	0.0100000000	0.1000000000	100	100	0	0.825977
2500000	0.2000000000	0.0100000000	0.1000000000	100	100	0	0.831418
