time	epistasis_coef	sel_coef	mu_prob	Ne	L	k_start	mean_fitness
1500000	0.6000000000	0.0100000000	0.0001000000	100	100	0	0.956776
1501000	0.6000000000	0.0100000000	0.0001000000	100	100	0	0.956793
1502000	0.6000000000	0.0100000000	0.0001000000	100	100	0	0.956793
1503000	0.6000000000	0.0100000000	0.0001000000	100	100	0	0.956793
1504000	0.6000000000	0.0100000000	0.0001000000	100	100	0	0.956793
1505000	0.6000000000	0.0100000000	0.0001000000	100	100	0	0.956793
1506000	0.6000000000	0.0100000000	0.0001000000	100	100	0	0.956793
1507000	0.6000000000	0.0100000000	0.0001000000	100	100	0	0.956793
1508000	0.6000000000	0.0100000000	0.0001000000	100	100	0	0.956793
1509000	0.6000000000	0.0100000000	0.0001000000	100	100	0	0.956793
1510000	0.6000000000	0.0100000000	0.0001000000	100	100	0	0.956793
1511000	0.6000000000	0.0100000000	0.0001000000	100	100	0	0.956793
1512000	0.6000000000	0.0100000000	0.0001000000	100	100	0	0.956793
1513000	0.6000000000	0.0100000000	0.0001000000	100	100	0	0.956793
1514000	0.6000000000	0.0100000000	0.0001000000	100	100	0	0.956789
1515000	0.6000000000	0.0100000000	0.0001000000	100	100	0	0.956793
1516000	0.6000000000	0.0100000000	0.0001000000	100	100	0	0.956383
1517000	0.6000000000	0.0100000000	0.0001000000	100	100	0	0.956383
1518000	0.6000000000	0.0100000000	0.0001000000	100	100	0	0.956383
1519000	0.6000000000	0.0100000000	0.0001000000	100	100	0	0.956383
1520000	0.6000000000	0.0100000000	0.0001000000	100	100	0	0.956383
1521000	0.6000000000	0.0100000000	0.0001000000	100	100	0	0.956383
1522000	0.6000000000	0.0100000000	0.0001000000	100	100	0	0.956383
1523000	0.6000000000	0.0100000000	0.0001000000	100	100	0	0.956323
1524000	0.6000000000	0.0100000000	0.0001000000	100	100	0	0.956383
1525000	0.6000000000	0.0100000000	0.0001000000	100	100	0	0.956383
1526000	0.6000000000	0.0100000000	0.0001000000	100	100	0	0.956383
1527000	0.6000000000	0.0100000000	0.0001000000	100	100	0	0.956383
1528000	0.6000000000	0.0100000000	0.0001000000	100	100	0	0.956383
1529000	0.6000000000	0.0100000000	0.0001000000	100	100	0	0.956113
1530000	0.6000000000	0.0100000000	0.0001000000	100	100	0	0.956383
1531000	0.6000000000	0.0100000000	0.0001000000	100	100	0	0.956383
1532000	0.6000000000	0.0100000000	0.0001000000	100	100	0	0.956383
1533000	0.6000000000	0.0100000000	0.0001000000	100	100	0	0.956383
1534000	0.6000000000	0.0100000000	0.0001000000	100	100	0	0.956793
1535000	0.6000000000	0.0100000000	0.0001000000	100	100	0	0.957208
1536000	0.6000000000	0.0100000000	0.0001000000	100	100	0	0.957208
1537000	0.6000000000	0.0100000000	0.0001000000	100	100	0	0.957208
1538000	0.6000000000	0.0100000000	0.0001000000	100	100	0	0.957630
1539000	0.6000000000	0.0100000000	0.0001000000	100	100	0	0.957630
1540000	0.6000000000	0.0100000000	0.0001000000	100	100	0	0.957630
1541000	0.6000000000	0.0100000000	0.0001000000	100	100	0	0.957630
1542000	0.6000000000	0.0100000000	0.0001000000	100	100	0	0.957499
1543000	0.6000000000	0.0100000000	0.0001000000	100	100	0	0.957630
1544000	0.6000000000	0.0100000000	0.0001000000	100	100	0	0.957634
1545000	0.6000000000	0.0100000000	0.0001000000	100	100	0	0.957630
1546000	0.6000000000	0.0100000000	0.0001000000	100	100	0	0.957630
1547000	0.6000000000	0.0100000000	0.0001000000	100	100	0	0.957630
1548000	0.6000000000	0.0100000000	0.0001000000	100	100	0	0.957630
1549000	0.6000000000	0.0100000000	0.0001000000	100	100	0	0.957630
1550000	0.6000000000	0.0100000000	0.0001000000	100	100	0	0.957630
1551000	0.6000000000	0.0100000000	0.0001000000	100	100	0	0.957630
1552000	0.6000000000	0.0100000000	0.0001000000	100	100	0	0.957630
1553000	0.6000000000	0.0100000000	0.0001000000	100	100	0	0.957309
1554000	0.6000000000	0.0100000000	0.0001000000	100	100	0	0.957208
1555000	0.6000000000	0.0100000000	0.0001000000	100	100	0	0.957208
1556000	0.6000000000	0.0100000000	0.0001000000	100	100	0	0.957208
1557000	0.6000000000	0.0100000000	0.0001000000	100	100	0	0.957208
1558000	0.6000000000	0.0100000000	0.0001000000	100	100	0	0.957208
1559000	0.6000000000	0.0100000000	0.0001000000	100	100	0	0.957630
1560000	0.6000000000	0.0100000000	0.0001000000	100	100	0	0.957634
1561000	0.6000000000	0.0100000000	0.0001000000	100	100	0	0.957630
1562000	0.6000000000	0.0100000000	0.0001000000	100	100	0	0.957630
1563000	0.6000000000	0.0100000000	0.0001000000	100	100	0	0.957630
1564000	0.6000000000	0.0100000000	0.0001000000	100	100	0	0.957208
1565000	0.6000000000	0.0100000000	0.0001000000	100	100	0	0.957208
1566000	0.6000000000	0.0100000000	0.0001000000	100	100	0	0.957208
1567000	0.6000000000	0.0100000000	0.0001000000	100	100	0	0.957208
1568000	0.6000000000	0.0100000000	0.0001000000	100	100	0	0.957208
1569000	0.6000000000	0.0100000000	0.0001000000	100	100	0	0.957208
1570000	0.6000000000	0.0100000000	0.0001000000	100	100	0	0.957208
1571000	0.6000000000	0.0100000000	0.0001000000	100	100	0	0.957208
1572000	0.6000000000	0.0100000000	0.0001000000	100	100	0	0.957208
1573000	0.6000000000	0.0100000000	0.0001000000	100	100	0	0.957208
1574000	0.6000000000	0.0100000000	0.0001000000	100	100	0	0.957630
1575000	0.6000000000	0.0100000000	0.0001000000	100	100	0	0.957643
1576000	0.6000000000	0.0100000000	0.0001000000	100	100	0	0.957630
1577000	0.6000000000	0.0100000000	0.0001000000	100	100	0	0.957630
1578000	0.6000000000	0.0100000000	0.0001000000	100	100	0	0.957630
1579000	0.6000000000	0.0100000000	0.0001000000	100	100	0	0.957630
1580000	0.6000000000	0.0100000000	0.0001000000	100	100	0	0.957588
1581000	0.6000000000	0.0100000000	0.0001000000	100	100	0	0.957630
1582000	0.6000000000	0.0100000000	0.0001000000	100	100	0	0.957630
1583000	0.6000000000	0.0100000000	0.0001000000	100	100	0	0.957630
1584000	0.6000000000	0.0100000000	0.0001000000	100	100	0	0.957622
1585000	0.6000000000	0.0100000000	0.0001000000	100	100	0	0.957630
1586000	0.6000000000	0.0100000000	0.0001000000	100	100	0	0.957630
1587000	0.6000000000	0.0100000000	0.0001000000	100	100	0	0.957630
1588000	0.6000000000	0.0100000000	0.0001000000	100	100	0	0.958059
1589000	0.6000000000	0.0100000000	0.0001000000	100	100	0	0.958059
1590000	0.6000000000	0.0100000000	0.0001000000	100	100	0	0.957630
1591000	0.6000000000	0.0100000000	0.0001000000	100	100	0	0.957630
1592000	0.6000000000	0.0100000000	0.0001000000	100	100	0	0.957630
1593000	0.6000000000	0.0100000000	0.0001000000	100	100	0	0.957630
1594000	0.6000000000	0.0100000000	0.0001000000	100	100	0	0.957630
1595000	0.6000000000	0.0100000000	0.0001000000	100	100	0	0.957630
1596000	0.6000000000	0.0100000000	0.0001000000	100	100	0	0.957630
1597000	0.6000000000	0.0100000000	0.0001000000	100	100	0	0.957630
1598000	0.6000000000	0.0100000000	0.0001000000	100	100	0	0.957630
1599000	0.6000000000	0.0100000000	0.0001000000	100	100	0	0.957630
1600000	0.6000000000	0.0100000000	0.0001000000	100	100	0	0.957208
1601000	0.6000000000	0.0100000000	0.0001000000	100	100	0	0.957208
1602000	0.6000000000	0.0100000000	0.0001000000	100	100	0	0.957208
1603000	0.6000000000	0.0100000000	0.0001000000	100	100	0	0.957208
1604000	0.6000000000	0.0100000000	0.0001000000	100	100	0	0.957208
1605000	0.6000000000	0.0100000000	0.0001000000	100	100	0	0.957208
1606000	0.6000000000	0.0100000000	0.0001000000	100	100	0	0.957208
1607000	0.6000000000	0.0100000000	0.0001000000	100	100	0	0.957208
1608000	0.6000000000	0.0100000000	0.0001000000	100	100	0	0.957208
1609000	0.6000000000	0.0100000000	0.0001000000	100	100	0	0.957208
1610000	0.6000000000	0.0100000000	0.0001000000	100	100	0	0.957208
1611000	0.6000000000	0.0100000000	0.0001000000	100	100	0	0.956826
1612000	0.6000000000	0.0100000000	0.0001000000	100	100	0	0.956793
1613000	0.6000000000	0.0100000000	0.0001000000	100	100	0	0.956793
1614000	0.6000000000	0.0100000000	0.0001000000	100	100	0	0.956793
1615000	0.6000000000	0.0100000000	0.0001000000	100	100	0	0.956613
1616000	0.6000000000	0.0100000000	0.0001000000	100	100	0	0.956793
1617000	0.6000000000	0.0100000000	0.0001000000	100	100	0	0.956793
1618000	0.6000000000	0.0100000000	0.0001000000	100	100	0	0.956793
1619000	0.6000000000	0.0100000000	0.0001000000	100	100	0	0.956822
1620000	0.6000000000	0.0100000000	0.0001000000	100	100	0	0.956793
1621000	0.6000000000	0.0100000000	0.0001000000	100	100	0	0.956793
1622000	0.6000000000	0.0100000000	0.0001000000	100	100	0	0.956793
1623000	0.6000000000	0.0100000000	0.0001000000	100	100	0	0.956383
1624000	0.6000000000	0.0100000000	0.0001000000	100	100	0	0.956383
1625000	0.6000000000	0.0100000000	0.0001000000	100	100	0	0.956383
1626000	0.6000000000	0.0100000000	0.0001000000	100	100	0	0.956588
1627000	0.6000000000	0.0100000000	0.0001000000	100	100	0	0.956383
1628000	0.6000000000	0.0100000000	0.0001000000	100	100	0	0.956383
1629000	0.6000000000	0.0100000000	0.0001000000	100	100	0	0.956383
1630000	0.6000000000	0.0100000000	0.0001000000	100	100	0	0.956383
1631000	0.6000000000	0.0100000000	0.0001000000	100	100	0	0.956383
1632000	0.6000000000	0.0100000000	0.0001000000	100	100	0	0.956383
1633000	0.6000000000	0.0100000000	0.0001000000	100	100	0	0.956383
1634000	0.6000000000	0.0100000000	0.0001000000	100	100	0	0.956383
1635000	0.6000000000	0.0100000000	0.0001000000	100	100	0	0.956383
1636000	0.6000000000	0.0100000000	0.0001000000	100	100	0	0.956383
1637000	0.6000000000	0.0100000000	0.0001000000	100	100	0	0.956383
1638000	0.6000000000	0.0100000000	0.0001000000	100	100	0	0.956383
1639000	0.6000000000	0.0100000000	0.0001000000	100	100	0	0.956383
1640000	0.6000000000	0.0100000000	0.0001000000	100	100	0	0.956383
1641000	0.6000000000	0.0100000000	0.0001000000	100	100	0	0.956383
1642000	0.6000000000	0.0100000000	0.0001000000	100	100	0	0.956383
1643000	0.6000000000	0.0100000000	0.0001000000	100	100	0	0.956383
1644000	0.6000000000	0.0100000000	0.0001000000	100	100	0	0.956383
1645000	0.6000000000	0.0100000000	0.0001000000	100	100	0	0.956383
1646000	0.6000000000	0.0100000000	0.0001000000	100	100	0	0.956383
1647000	0.6000000000	0.0100000000	0.0001000000	100	100	0	0.956383
1648000	0.6000000000	0.0100000000	0.0001000000	100	100	0	0.956383
1649000	0.6000000000	0.0100000000	0.0001000000	100	100	0	0.956383
1650000	0.6000000000	0.0100000000	0.0001000000	100	100	0	0.956383
1651000	0.6000000000	0.0100000000	0.0001000000	100	100	0	0.956383
1652000	0.6000000000	0.0100000000	0.0001000000	100	100	0	0.956383
1653000	0.6000000000	0.0100000000	0.0001000000	100	100	0	0.956383
1654000	0.6000000000	0.0100000000	0.0001000000	100	100	0	0.956383
1655000	0.6000000000	0.0100000000	0.0001000000	100	100	0	0.956383
1656000	0.6000000000	0.0100000000	0.0001000000	100	100	0	0.956383
1657000	0.6000000000	0.0100000000	0.0001000000	100	100	0	0.956383
1658000	0.6000000000	0.0100000000	0.0001000000	100	100	0	0.956383
1659000	0.6000000000	0.0100000000	0.0001000000	100	100	0	0.956383
1660000	0.6000000000	0.0100000000	0.0001000000	100	100	0	0.956793
1661000	0.6000000000	0.0100000000	0.0001000000	100	100	0	0.956793
1662000	0.6000000000	0.0100000000	0.0001000000	100	100	0	0.956793
1663000	0.6000000000	0.0100000000	0.0001000000	100	100	0	0.956793
1664000	0.6000000000	0.0100000000	0.0001000000	100	100	0	0.956793
1665000	0.6000000000	0.0100000000	0.0001000000	100	100	0	0.956793
1666000	0.6000000000	0.0100000000	0.0001000000	100	100	0	0.956793
1667000	0.6000000000	0.0100000000	0.0001000000	100	100	0	0.956793
1668000	0.6000000000	0.0100000000	0.0001000000	100	100	0	0.956793
1669000	0.6000000000	0.0100000000	0.0001000000	100	100	0	0.956793
1670000	0.6000000000	0.0100000000	0.0001000000	100	100	0	0.956793
1671000	0.6000000000	0.0100000000	0.0001000000	100	100	0	0.956793
1672000	0.6000000000	0.0100000000	0.0001000000	100	100	0	0.956793
1673000	0.6000000000	0.0100000000	0.0001000000	100	100	0	0.956793
1674000	0.6000000000	0.0100000000	0.0001000000	100	100	0	0.956793
1675000	0.6000000000	0.0100000000	0.0001000000	100	100	0	0.956793
1676000	0.6000000000	0.0100000000	0.0001000000	100	100	0	0.956793
1677000	0.6000000000	0.0100000000	0.0001000000	100	100	0	0.957208
1678000	0.6000000000	0.0100000000	0.0001000000	100	100	0	0.957630
1679000	0.6000000000	0.0100000000	0.0001000000	100	100	0	0.957630
1680000	0.6000000000	0.0100000000	0.0001000000	100	100	0	0.957630
1681000	0.6000000000	0.0100000000	0.0001000000	100	100	0	0.957630
1682000	0.6000000000	0.0100000000	0.0001000000	100	100	0	0.957630
1683000	0.6000000000	0.0100000000	0.0001000000	100	100	0	0.957630
1684000	0.6000000000	0.0100000000	0.0001000000	100	100	0	0.957630
1685000	0.6000000000	0.0100000000	0.0001000000	100	100	0	0.957609
1686000	0.6000000000	0.0100000000	0.0001000000	100	100	0	0.957630
1687000	0.6000000000	0.0100000000	0.0001000000	100	100	0	0.957630
1688000	0.6000000000	0.0100000000	0.0001000000	100	100	0	0.957630
1689000	0.6000000000	0.0100000000	0.0001000000	100	100	0	0.957630
1690000	0.6000000000	0.0100000000	0.0001000000	100	100	0	0.957630
1691000	0.6000000000	0.0100000000	0.0001000000	100	100	0	0.957630
1692000	0.6000000000	0.0100000000	0.0001000000	100	100	0	0.957630
1693000	0.6000000000	0.0100000000	0.0001000000	100	100	0	0.957870
1694000	0.6000000000	0.0100000000	0.0001000000	100	100	0	0.958059
1695000	0.6000000000	0.0100000000	0.0001000000	100	100	0	0.958054
1696000	0.6000000000	0.0100000000	0.0001000000	100	100	0	0.958059
1697000	0.6000000000	0.0100000000	0.0001000000	100	100	0	0.958059
1698000	0.6000000000	0.0100000000	0.0001000000	100	100	0	0.958059
1699000	0.6000000000	0.0100000000	0.0001000000	100	100	0	0.958059
1700000	0.6000000000	0.0100000000	0.0001000000	100	100	0	0.958059
1701000	0.6000000000	0.0100000000	0.0001000000	100	100	0	0.958059
1702000	0.6000000000	0.0100000000	0.0001000000	100	100	0	0.958059
1703000	0.6000000000	0.0100000000	0.0001000000	100	100	0	0.958050
1704000	0.6000000000	0.0100000000	0.0001000000	100	100	0	0.958059
1705000	0.6000000000	0.0100000000	0.0001000000	100	100	0	0.958059
1706000	0.6000000000	0.0100000000	0.0001000000	100	100	0	0.958059
1707000	0.6000000000	0.0100000000	0.0001000000	100	100	0	0.958059
1708000	0.6000000000	0.0100000000	0.0001000000	100	100	0	0.958059
1709000	0.6000000000	0.0100000000	0.0001000000	100	100	0	0.958059
1710000	0.6000000000	0.0100000000	0.0001000000	100	100	0	0.958059
1711000	0.6000000000	0.0100000000	0.0001000000	100	100	0	0.958059
1712000	0.6000000000	0.0100000000	0.0001000000	100	100	0	0.958059
1713000	0.6000000000	0.0100000000	0.0001000000	100	100	0	0.958059
1714000	0.6000000000	0.0100000000	0.0001000000	100	100	0	0.958059
1715000	0.6000000000	0.0100000000	0.0001000000	100	100	0	0.958063
1716000	0.6000000000	0.0100000000	0.0001000000	100	100	0	0.958059
1717000	0.6000000000	0.0100000000	0.0001000000	100	100	0	0.958494
1718000	0.6000000000	0.0100000000	0.0001000000	100	100	0	0.958494
1719000	0.6000000000	0.0100000000	0.0001000000	100	100	0	0.958494
1720000	0.6000000000	0.0100000000	0.0001000000	100	100	0	0.958494
1721000	0.6000000000	0.0100000000	0.0001000000	100	100	0	0.958499
1722000	0.6000000000	0.0100000000	0.0001000000	100	100	0	0.958494
1723000	0.6000000000	0.0100000000	0.0001000000	100	100	0	0.958494
1724000	0.6000000000	0.0100000000	0.0001000000	100	100	0	0.958494
1725000	0.6000000000	0.0100000000	0.0001000000	100	100	0	0.958490
1726000	0.6000000000	0.0100000000	0.0001000000	100	100	0	0.958037
1727000	0.6000000000	0.0100000000	0.0001000000	100	100	0	0.958059
1728000	0.6000000000	0.0100000000	0.0001000000	100	100	0	0.958059
1729000	0.6000000000	0.0100000000	0.0001000000	100	100	0	0.957630
1730000	0.6000000000	0.0100000000	0.0001000000	100	100	0	0.958059
1731000	0.6000000000	0.0100000000	0.0001000000	100	100	0	0.958059
1732000	0.6000000000	0.0100000000	0.0001000000	100	100	0	0.958059
1733000	0.6000000000	0.0100000000	0.0001000000	100	100	0	0.958059
1734000	0.6000000000	0.0100000000	0.0001000000	100	100	0	0.958059
1735000	0.6000000000	0.0100000000	0.0001000000	100	100	0	0.957630
1736000	0.6000000000	0.0100000000	0.0001000000	100	100	0	0.957630
1737000	0.6000000000	0.0100000000	0.0001000000	100	100	0	0.957630
1738000	0.6000000000	0.0100000000	0.0001000000	100	100	0	0.957630
1739000	0.6000000000	0.0100000000	0.0001000000	100	100	0	0.957630
1740000	0.6000000000	0.0100000000	0.0001000000	100	100	0	0.957630
1741000	0.6000000000	0.0100000000	0.0001000000	100	100	0	0.957630
1742000	0.6000000000	0.0100000000	0.0001000000	100	100	0	0.957622
1743000	0.6000000000	0.0100000000	0.0001000000	100	100	0	0.957630
1744000	0.6000000000	0.0100000000	0.0001000000	100	100	0	0.957630
1745000	0.6000000000	0.0100000000	0.0001000000	100	100	0	0.957630
1746000	0.6000000000	0.0100000000	0.0001000000	100	100	0	0.957630
1747000	0.6000000000	0.0100000000	0.0001000000	100	100	0	0.957630
1748000	0.6000000000	0.0100000000	0.0001000000	100	100	0	0.957630
1749000	0.6000000000	0.0100000000	0.0001000000	100	100	0	0.957630
1750000	0.6000000000	0.0100000000	0.0001000000	100	100	0	0.957630
1751000	0.6000000000	0.0100000000	0.0001000000	100	100	0	0.957630
1752000	0.6000000000	0.0100000000	0.0001000000	100	100	0	0.957630
1753000	0.6000000000	0.0100000000	0.0001000000	100	100	0	0.957626
1754000	0.6000000000	0.0100000000	0.0001000000	100	100	0	0.957630
1755000	0.6000000000	0.0100000000	0.0001000000	100	100	0	0.957630
1756000	0.6000000000	0.0100000000	0.0001000000	100	100	0	0.957630
1757000	0.6000000000	0.0100000000	0.0001000000	100	100	0	0.957630
1758000	0.6000000000	0.0100000000	0.0001000000	100	100	0	0.957630
1759000	0.6000000000	0.0100000000	0.0001000000	100	100	0	0.957630
1760000	0.6000000000	0.0100000000	0.0001000000	100	100	0	0.957630
1761000	0.6000000000	0.0100000000	0.0001000000	100	100	0	0.957630
1762000	0.6000000000	0.0100000000	0.0001000000	100	100	0	0.957630
1763000	0.6000000000	0.0100000000	0.0001000000	100	100	0	0.957630
1764000	0.6000000000	0.0100000000	0.0001000000	100	100	0	0.957630
1765000	0.6000000000	0.0100000000	0.0001000000	100	100	0	0.957630
1766000	0.6000000000	0.0100000000	0.0001000000	100	100	0	0.957630
1767000	0.6000000000	0.0100000000	0.0001000000	100	100	0	0.958059
1768000	0.6000000000	0.0100000000	0.0001000000	100	100	0	0.958059
1769000	0.6000000000	0.0100000000	0.0001000000	100	100	0	0.958059
1770000	0.6000000000	0.0100000000	0.0001000000	100	100	0	0.958059
1771000	0.6000000000	0.0100000000	0.0001000000	100	100	0	0.958059
1772000	0.6000000000	0.0100000000	0.0001000000	100	100	0	0.958059
1773000	0.6000000000	0.0100000000	0.0001000000	100	100	0	0.958059
1774000	0.6000000000	0.0100000000	0.0001000000	100	100	0	0.958059
1775000	0.6000000000	0.0100000000	0.0001000000	100	100	0	0.958059
1776000	0.6000000000	0.0100000000	0.0001000000	100	100	0	0.957630
1777000	0.6000000000	0.0100000000	0.0001000000	100	100	0	0.957630
1778000	0.6000000000	0.0100000000	0.0001000000	100	100	0	0.957630
1779000	0.6000000000	0.0100000000	0.0001000000	100	100	0	0.957630
1780000	0.6000000000	0.0100000000	0.0001000000	100	100	0	0.957630
1781000	0.6000000000	0.0100000000	0.0001000000	100	100	0	0.957630
1782000	0.6000000000	0.0100000000	0.0001000000	100	100	0	0.957630
1783000	0.6000000000	0.0100000000	0.0001000000	100	100	0	0.957630
1784000	0.6000000000	0.0100000000	0.0001000000	100	100	0	0.957630
1785000	0.6000000000	0.0100000000	0.0001000000	100	100	0	0.957630
1786000	0.6000000000	0.0100000000	0.0001000000	100	100	0	0.957630
1787000	0.6000000000	0.0100000000	0.0001000000	100	100	0	0.957630
1788000	0.6000000000	0.0100000000	0.0001000000	100	100	0	0.957630
1789000	0.6000000000	0.0100000000	0.0001000000	100	100	0	0.957630
1790000	0.6000000000	0.0100000000	0.0001000000	100	100	0	0.957613
1791000	0.6000000000	0.0100000000	0.0001000000	100	100	0	0.957546
1792000	0.6000000000	0.0100000000	0.0001000000	100	100	0	0.957630
1793000	0.6000000000	0.0100000000	0.0001000000	100	100	0	0.957626
1794000	0.6000000000	0.0100000000	0.0001000000	100	100	0	0.957630
1795000	0.6000000000	0.0100000000	0.0001000000	100	100	0	0.957630
1796000	0.6000000000	0.0100000000	0.0001000000	100	100	0	0.957630
1797000	0.6000000000	0.0100000000	0.0001000000	100	100	0	0.957630
1798000	0.6000000000	0.0100000000	0.0001000000	100	100	0	0.957630
1799000	0.6000000000	0.0100000000	0.0001000000	100	100	0	0.957630
1800000	0.6000000000	0.0100000000	0.0001000000	100	100	0	0.957630
1801000	0.6000000000	0.0100000000	0.0001000000	100	100	0	0.957630
1802000	0.6000000000	0.0100000000	0.0001000000	100	100	0	0.957630
1803000	0.6000000000	0.0100000000	0.0001000000	100	100	0	0.957630
1804000	0.6000000000	0.0100000000	0.0001000000	100	100	0	0.957630
1805000	0.6000000000	0.0100000000	0.0001000000	100	100	0	0.957630
1806000	0.6000000000	0.0100000000	0.0001000000	100	100	0	0.957630
1807000	0.6000000000	0.0100000000	0.0001000000	100	100	0	0.957630
1808000	0.6000000000	0.0100000000	0.0001000000	100	100	0	0.957630
1809000	0.6000000000	0.0100000000	0.0001000000	100	100	0	0.957630
1810000	0.6000000000	0.0100000000	0.0001000000	100	100	0	0.957630
1811000	0.6000000000	0.0100000000	0.0001000000	100	100	0	0.957630
1812000	0.6000000000	0.0100000000	0.0001000000	100	100	0	0.957630
1813000	0.6000000000	0.0100000000	0.0001000000	100	100	0	0.957630
1814000	0.6000000000	0.0100000000	0.0001000000	100	100	0	0.957630
1815000	0.6000000000	0.0100000000	0.0001000000	100	100	0	0.957630
1816000	0.6000000000	0.0100000000	0.0001000000	100	100	0	0.957630
1817000	0.6000000000	0.0100000000	0.0001000000	100	100	0	0.957630
1818000	0.6000000000	0.0100000000	0.0001000000	100	100	0	0.957208
1819000	0.6000000000	0.0100000000	0.0001000000	100	100	0	0.957208
1820000	0.6000000000	0.0100000000	0.0001000000	100	100	0	0.957208
1821000	0.6000000000	0.0100000000	0.0001000000	100	100	0	0.957208
1822000	0.6000000000	0.0100000000	0.0001000000	100	100	0	0.957208
1823000	0.6000000000	0.0100000000	0.0001000000	100	100	0	0.957208
1824000	0.6000000000	0.0100000000	0.0001000000	100	100	0	0.957183
1825000	0.6000000000	0.0100000000	0.0001000000	100	100	0	0.957208
1826000	0.6000000000	0.0100000000	0.0001000000	100	100	0	0.957208
1827000	0.6000000000	0.0100000000	0.0001000000	100	100	0	0.957208
1828000	0.6000000000	0.0100000000	0.0001000000	100	100	0	0.957208
1829000	0.6000000000	0.0100000000	0.0001000000	100	100	0	0.956793
1830000	0.6000000000	0.0100000000	0.0001000000	100	100	0	0.956793
1831000	0.6000000000	0.0100000000	0.0001000000	100	100	0	0.956793
1832000	0.6000000000	0.0100000000	0.0001000000	100	100	0	0.956793
1833000	0.6000000000	0.0100000000	0.0001000000	100	100	0	0.956793
1834000	0.6000000000	0.0100000000	0.0001000000	100	100	0	0.956793
1835000	0.6000000000	0.0100000000	0.0001000000	100	100	0	0.956793
1836000	0.6000000000	0.0100000000	0.0001000000	100	100	0	0.956383
1837000	0.6000000000	0.0100000000	0.0001000000	100	100	0	0.956379
1838000	0.6000000000	0.0100000000	0.0001000000	100	100	0	0.956383
1839000	0.6000000000	0.0100000000	0.0001000000	100	100	0	0.956383
1840000	0.6000000000	0.0100000000	0.0001000000	100	100	0	0.956383
1841000	0.6000000000	0.0100000000	0.0001000000	100	100	0	0.956383
1842000	0.6000000000	0.0100000000	0.0001000000	100	100	0	0.956101
1843000	0.6000000000	0.0100000000	0.0001000000	100	100	0	0.955980
1844000	0.6000000000	0.0100000000	0.0001000000	100	100	0	0.955686
1845000	0.6000000000	0.0100000000	0.0001000000	100	100	0	0.955583
1846000	0.6000000000	0.0100000000	0.0001000000	100	100	0	0.955583
1847000	0.6000000000	0.0100000000	0.0001000000	100	100	0	0.955567
1848000	0.6000000000	0.0100000000	0.0001000000	100	100	0	0.955583
1849000	0.6000000000	0.0100000000	0.0001000000	100	100	0	0.955583
1850000	0.6000000000	0.0100000000	0.0001000000	100	100	0	0.955583
1851000	0.6000000000	0.0100000000	0.0001000000	100	100	0	0.955583
1852000	0.6000000000	0.0100000000	0.0001000000	100	100	0	0.955583
1853000	0.6000000000	0.0100000000	0.0001000000	100	100	0	0.955583
1854000	0.6000000000	0.0100000000	0.0001000000	100	100	0	0.955583
1855000	0.6000000000	0.0100000000	0.0001000000	100	100	0	0.955583
1856000	0.6000000000	0.0100000000	0.0001000000	100	100	0	0.955583
1857000	0.6000000000	0.0100000000	0.0001000000	100	100	0	0.955191
1858000	0.6000000000	0.0100000000	0.0001000000	100	100	0	0.955191
1859000	0.6000000000	0.0100000000	0.0001000000	100	100	0	0.955191
1860000	0.6000000000	0.0100000000	0.0001000000	100	100	0	0.955191
1861000	0.6000000000	0.0100000000	0.0001000000	100	100	0	0.955191
1862000	0.6000000000	0.0100000000	0.0001000000	100	100	0	0.955191
1863000	0.6000000000	0.0100000000	0.0001000000	100	100	0	0.955191
1864000	0.6000000000	0.0100000000	0.0001000000	100	100	0	0.955191
1865000	0.6000000000	0.0100000000	0.0001000000	100	100	0	0.955191
1866000	0.6000000000	0.0100000000	0.0001000000	100	100	0	0.955191
1867000	0.6000000000	0.0100000000	0.0001000000	100	100	0	0.955191
1868000	0.6000000000	0.0100000000	0.0001000000	100	100	0	0.955191
1869000	0.6000000000	0.0100000000	0.0001000000	100	100	0	0.955191
1870000	0.6000000000	0.0100000000	0.0001000000	100	100	0	0.954804
1871000	0.6000000000	0.0100000000	0.0001000000	100	100	0	0.954804
1872000	0.6000000000	0.0100000000	0.0001000000	100	100	0	0.955199
1873000	0.6000000000	0.0100000000	0.0001000000	100	100	0	0.955191
1874000	0.6000000000	0.0100000000	0.0001000000	100	100	0	0.955191
1875000	0.6000000000	0.0100000000	0.0001000000	100	100	0	0.955187
1876000	0.6000000000	0.0100000000	0.0001000000	100	100	0	0.954804
1877000	0.6000000000	0.0100000000	0.0001000000	100	100	0	0.954804
1878000	0.6000000000	0.0100000000	0.0001000000	100	100	0	0.954804
1879000	0.6000000000	0.0100000000	0.0001000000	100	100	0	0.954804
1880000	0.6000000000	0.0100000000	0.0001000000	100	100	0	0.954804
1881000	0.6000000000	0.0100000000	0.0001000000	100	100	0	0.954804
1882000	0.6000000000	0.0100000000	0.0001000000	100	100	0	0.954804
1883000	0.6000000000	0.0100000000	0.0001000000	100	100	0	0.954804
1884000	0.6000000000	0.0100000000	0.0001000000	100	100	0	0.954804
1885000	0.6000000000	0.0100000000	0.0001000000	100	100	0	0.954393
1886000	0.6000000000	0.0100000000	0.0001000000	100	100	0	0.954423
1887000	0.6000000000	0.0100000000	0.0001000000	100	100	0	0.954423
1888000	0.6000000000	0.0100000000	0.0001000000	100	100	0	0.954423
1889000	0.6000000000	0.0100000000	0.0001000000	100	100	0	0.954423
1890000	0.6000000000	0.0100000000	0.0001000000	100	100	0	0.954423
1891000	0.6000000000	0.0100000000	0.0001000000	100	100	0	0.954423
1892000	0.6000000000	0.0100000000	0.0001000000	100	100	0	0.954426
1893000	0.6000000000	0.0100000000	0.0001000000	100	100	0	0.954423
1894000	0.6000000000	0.0100000000	0.0001000000	100	100	0	0.954423
1895000	0.6000000000	0.0100000000	0.0001000000	100	100	0	0.954423
1896000	0.6000000000	0.0100000000	0.0001000000	100	100	0	0.954423
1897000	0.6000000000	0.0100000000	0.0001000000	100	100	0	0.954423
1898000	0.6000000000	0.0100000000	0.0001000000	100	100	0	0.954804
1899000	0.6000000000	0.0100000000	0.0001000000	100	100	0	0.954804
1900000	0.6000000000	0.0100000000	0.0001000000	100	100	0	0.954804
1901000	0.6000000000	0.0100000000	0.0001000000	100	100	0	0.955191
1902000	0.6000000000	0.0100000000	0.0001000000	100	100	0	0.955191
1903000	0.6000000000	0.0100000000	0.0001000000	100	100	0	0.955191
1904000	0.6000000000	0.0100000000	0.0001000000	100	100	0	0.955191
1905000	0.6000000000	0.0100000000	0.0001000000	100	100	0	0.955148
1906000	0.6000000000	0.0100000000	0.0001000000	100	100	0	0.955171
1907000	0.6000000000	0.0100000000	0.0001000000	100	100	0	0.955191
1908000	0.6000000000	0.0100000000	0.0001000000	100	100	0	0.955191
1909000	0.6000000000	0.0100000000	0.0001000000	100	100	0	0.955191
1910000	0.6000000000	0.0100000000	0.0001000000	100	100	0	0.955191
1911000	0.6000000000	0.0100000000	0.0001000000	100	100	0	0.955191
1912000	0.6000000000	0.0100000000	0.0001000000	100	100	0	0.955191
1913000	0.6000000000	0.0100000000	0.0001000000	100	100	0	0.955191
1914000	0.6000000000	0.0100000000	0.0001000000	100	100	0	0.955191
1915000	0.6000000000	0.0100000000	0.0001000000	100	100	0	0.955191
1916000	0.6000000000	0.0100000000	0.0001000000	100	100	0	0.955583
1917000	0.6000000000	0.0100000000	0.0001000000	100	100	0	0.955583
1918000	0.6000000000	0.0100000000	0.0001000000	100	100	0	0.955583
1919000	0.6000000000	0.0100000000	0.0001000000	100	100	0	0.955583
1920000	0.6000000000	0.0100000000	0.0001000000	100	100	0	0.955583
1921000	0.6000000000	0.0100000000	0.0001000000	100	100	0	0.955583
1922000	0.6000000000	0.0100000000	0.0001000000	100	100	0	0.955583
1923000	0.6000000000	0.0100000000	0.0001000000	100	100	0	0.955583
1924000	0.6000000000	0.0100000000	0.0001000000	100	100	0	0.955583
1925000	0.6000000000	0.0100000000	0.0001000000	100	100	0	0.955583
1926000	0.6000000000	0.0100000000	0.0001000000	100	100	0	0.955583
1927000	0.6000000000	0.0100000000	0.0001000000	100	100	0	0.955583
1928000	0.6000000000	0.0100000000	0.0001000000	100	100	0	0.955583
1929000	0.6000000000	0.0100000000	0.0001000000	100	100	0	0.955583
1930000	0.6000000000	0.0100000000	0.0001000000	100	100	0	0.955583
1931000	0.6000000000	0.0100000000	0.0001000000	100	100	0	0.955583
1932000	0.6000000000	0.0100000000	0.0001000000	100	100	0	0.955583
1933000	0.6000000000	0.0100000000	0.0001000000	100	100	0	0.955583
1934000	0.6000000000	0.0100000000	0.0001000000	100	100	0	0.955250
1935000	0.6000000000	0.0100000000	0.0001000000	100	100	0	0.955191
1936000	0.6000000000	0.0100000000	0.0001000000	100	100	0	0.955191
1937000	0.6000000000	0.0100000000	0.0001000000	100	100	0	0.955191
1938000	0.6000000000	0.0100000000	0.0001000000	100	100	0	0.955191
1939000	0.6000000000	0.0100000000	0.0001000000	100	100	0	0.955191
1940000	0.6000000000	0.0100000000	0.0001000000	100	100	0	0.955191
1941000	0.6000000000	0.0100000000	0.0001000000	100	100	0	0.955191
1942000	0.6000000000	0.0100000000	0.0001000000	100	100	0	0.955191
1943000	0.6000000000	0.0100000000	0.0001000000	100	100	0	0.955191
1944000	0.6000000000	0.0100000000	0.0001000000	100	100	0	0.955191
1945000	0.6000000000	0.0100000000	0.0001000000	100	100	0	0.955191
1946000	0.6000000000	0.0100000000	0.0001000000	100	100	0	0.955575
1947000	0.6000000000	0.0100000000	0.0001000000	100	100	0	0.955583
1948000	0.6000000000	0.0100000000	0.0001000000	100	100	0	0.955583
1949000	0.6000000000	0.0100000000	0.0001000000	100	100	0	0.955583
1950000	0.6000000000	0.0100000000	0.0001000000	100	100	0	0.955567
1951000	0.6000000000	0.0100000000	0.0001000000	100	100	0	0.955583
1952000	0.6000000000	0.0100000000	0.0001000000	100	100	0	0.955583
1953000	0.6000000000	0.0100000000	0.0001000000	100	100	0	0.955583
1954000	0.6000000000	0.0100000000	0.0001000000	100	100	0	0.955583
1955000	0.6000000000	0.0100000000	0.0001000000	100	100	0	0.955583
1956000	0.6000000000	0.0100000000	0.0001000000	100	100	0	0.955191
1957000	0.6000000000	0.0100000000	0.0001000000	100	100	0	0.955191
1958000	0.6000000000	0.0100000000	0.0001000000	100	100	0	0.955191
1959000	0.6000000000	0.0100000000	0.0001000000	100	100	0	0.955191
1960000	0.6000000000	0.0100000000	0.0001000000	100	100	0	0.955191
1961000	0.6000000000	0.0100000000	0.0001000000	100	100	0	0.955191
1962000	0.6000000000	0.0100000000	0.0001000000	100	100	0	0.955191
1963000	0.6000000000	0.0100000000	0.0001000000	100	100	0	0.955191
1964000	0.6000000000	0.0100000000	0.0001000000	100	100	0	0.955191
1965000	0.6000000000	0.0100000000	0.0001000000	100	100	0	0.955191
1966000	0.6000000000	0.0100000000	0.0001000000	100	100	0	0.955191
1967000	0.6000000000	0.0100000000	0.0001000000	100	100	0	0.955191
1968000	0.6000000000	0.0100000000	0.0001000000	100	100	0	0.955191
1969000	0.6000000000	0.0100000000	0.0001000000	100	100	0	0.955191
1970000	0.6000000000	0.0100000000	0.0001000000	100	100	0	0.955191
1971000	0.6000000000	0.0100000000	0.0001000000	100	100	0	0.955191
1972000	0.6000000000	0.0100000000	0.0001000000	100	100	0	0.955191
1973000	0.6000000000	0.0100000000	0.0001000000	100	100	0	0.955191
1974000	0.6000000000	0.0100000000	0.0001000000	100	100	0	0.955191
1975000	0.6000000000	0.0100000000	0.0001000000	100	100	0	0.955191
1976000	0.6000000000	0.0100000000	0.0001000000	100	100	0	0.955191
1977000	0.6000000000	0.0100000000	0.0001000000	100	100	0	0.955191
1978000	0.6000000000	0.0100000000	0.0001000000	100	100	0	0.955191
1979000	0.6000000000	0.0100000000	0.0001000000	100	100	0	0.955191
1980000	0.6000000000	0.0100000000	0.0001000000	100	100	0	0.955191
1981000	0.6000000000	0.0100000000	0.0001000000	100	100	0	0.955191
1982000	0.6000000000	0.0100000000	0.0001000000	100	100	0	0.955191
1983000	0.6000000000	0.0100000000	0.0001000000	100	100	0	0.955191
1984000	0.6000000000	0.0100000000	0.0001000000	100	100	0	0.955191
1985000	0.6000000000	0.0100000000	0.0001000000	100	100	0	0.955567
1986000	0.6000000000	0.0100000000	0.0001000000	100	100	0	0.955583
1987000	0.6000000000	0.0100000000	0.0001000000	100	100	0	0.955583
1988000	0.6000000000	0.0100000000	0.0001000000	100	100	0	0.955583
1989000	0.6000000000	0.0100000000	0.0001000000	100	100	0	0.955583
1990000	0.6000000000	0.0100000000	0.0001000000	100	100	0	0.955583
1991000	0.6000000000	0.0100000000	0.0001000000	100	100	0	0.955583
1992000	0.6000000000	0.0100000000	0.0001000000	100	100	0	0.955583
1993000	0.6000000000	0.0100000000	0.0001000000	100	100	0	0.955583
1994000	0.6000000000	0.0100000000	0.0001000000	100	100	0	0.955583
1995000	0.6000000000	0.0100000000	0.0001000000	100	100	0	0.955583
1996000	0.6000000000	0.0100000000	0.0001000000	100	100	0	0.955980
1997000	0.6000000000	0.0100000000	0.0001000000	100	100	0	0.955980
1998000	0.6000000000	0.0100000000	0.0001000000	100	100	0	0.955980
1999000	0.6000000000	0.0100000000	0.0001000000	100	100	0	0.955980
2000000	0.6000000000	0.0100000000	0.0001000000	100	100	0	0.955980
2001000	0.6000000000	0.0100000000	0.0001000000	100	100	0	0.955980
2002000	0.6000000000	0.0100000000	0.0001000000	100	100	0	0.955980
2003000	0.6000000000	0.0100000000	0.0001000000	100	100	0	0.955980
2004000	0.6000000000	0.0100000000	0.0001000000	100	100	0	0.955980
2005000	0.6000000000	0.0100000000	0.0001000000	100	100	0	0.955996
2006000	0.6000000000	0.0100000000	0.0001000000	100	100	0	0.955980
2007000	0.6000000000	0.0100000000	0.0001000000	100	100	0	0.955980
2008000	0.6000000000	0.0100000000	0.0001000000	100	100	0	0.955980
2009000	0.6000000000	0.0100000000	0.0001000000	100	100	0	0.955980
2010000	0.6000000000	0.0100000000	0.0001000000	100	100	0	0.955980
2011000	0.6000000000	0.0100000000	0.0001000000	100	100	0	0.955980
2012000	0.6000000000	0.0100000000	0.0001000000	100	100	0	0.955944
2013000	0.6000000000	0.0100000000	0.0001000000	100	100	0	0.955980
2014000	0.6000000000	0.0100000000	0.0001000000	100	100	0	0.955980
2015000	0.6000000000	0.0100000000	0.0001000000	100	100	0	0.955980
2016000	0.6000000000	0.0100000000	0.0001000000	100	100	0	0.955980
2017000	0.6000000000	0.0100000000	0.0001000000	100	100	0	0.955980
2018000	0.6000000000	0.0100000000	0.0001000000	100	100	0	0.955980
2019000	0.6000000000	0.0100000000	0.0001000000	100	100	0	0.955980
2020000	0.6000000000	0.0100000000	0.0001000000	100	100	0	0.955980
2021000	0.6000000000	0.0100000000	0.0001000000	100	100	0	0.955980
2022000	0.6000000000	0.0100000000	0.0001000000	100	100	0	0.955980
2023000	0.6000000000	0.0100000000	0.0001000000	100	100	0	0.955960
2024000	0.6000000000	0.0100000000	0.0001000000	100	100	0	0.955980
2025000	0.6000000000	0.0100000000	0.0001000000	100	100	0	0.955980
2026000	0.6000000000	0.0100000000	0.0001000000	100	100	0	0.955980
2027000	0.6000000000	0.0100000000	0.0001000000	100	100	0	0.955980
2028000	0.6000000000	0.0100000000	0.0001000000	100	100	0	0.955980
2029000	0.6000000000	0.0100000000	0.0001000000	100	100	0	0.955583
2030000	0.6000000000	0.0100000000	0.0001000000	100	100	0	0.955583
2031000	0.6000000000	0.0100000000	0.0001000000	100	100	0	0.955583
2032000	0.6000000000	0.0100000000	0.0001000000	100	100	0	0.955583
2033000	0.6000000000	0.0100000000	0.0001000000	100	100	0	0.955583
2034000	0.6000000000	0.0100000000	0.0001000000	100	100	0	0.955583
2035000	0.6000000000	0.0100000000	0.0001000000	100	100	0	0.955674
2036000	0.6000000000	0.0100000000	0.0001000000	100	100	0	0.955563
2037000	0.6000000000	0.0100000000	0.0001000000	100	100	0	0.955583
2038000	0.6000000000	0.0100000000	0.0001000000	100	100	0	0.955583
2039000	0.6000000000	0.0100000000	0.0001000000	100	100	0	0.955520
2040000	0.6000000000	0.0100000000	0.0001000000	100	100	0	0.955583
2041000	0.6000000000	0.0100000000	0.0001000000	100	100	0	0.955583
2042000	0.6000000000	0.0100000000	0.0001000000	100	100	0	0.955583
2043000	0.6000000000	0.0100000000	0.0001000000	100	100	0	0.955583
2044000	0.6000000000	0.0100000000	0.0001000000	100	100	0	0.955583
2045000	0.6000000000	0.0100000000	0.0001000000	100	100	0	0.955583
2046000	0.6000000000	0.0100000000	0.0001000000	100	100	0	0.955583
2047000	0.6000000000	0.0100000000	0.0001000000	100	100	0	0.955551
2048000	0.6000000000	0.0100000000	0.0001000000	100	100	0	0.955583
2049000	0.6000000000	0.0100000000	0.0001000000	100	100	0	0.955583
2050000	0.6000000000	0.0100000000	0.0001000000	100	100	0	0.955583
2051000	0.6000000000	0.0100000000	0.0001000000	100	100	0	0.955583
2052000	0.6000000000	0.0100000000	0.0001000000	100	100	0	0.955583
2053000	0.6000000000	0.0100000000	0.0001000000	100	100	0	0.955543
2054000	0.6000000000	0.0100000000	0.0001000000	100	100	0	0.955583
2055000	0.6000000000	0.0100000000	0.0001000000	100	100	0	0.955583
2056000	0.6000000000	0.0100000000	0.0001000000	100	100	0	0.955583
2057000	0.6000000000	0.0100000000	0.0001000000	100	100	0	0.955583
2058000	0.6000000000	0.0100000000	0.0001000000	100	100	0	0.955583
2059000	0.6000000000	0.0100000000	0.0001000000	100	100	0	0.955583
2060000	0.6000000000	0.0100000000	0.0001000000	100	100	0	0.955583
2061000	0.6000000000	0.0100000000	0.0001000000	100	100	0	0.955583
2062000	0.6000000000	0.0100000000	0.0001000000	100	100	0	0.955583
2063000	0.6000000000	0.0100000000	0.0001000000	100	100	0	0.955583
2064000	0.6000000000	0.0100000000	0.0001000000	100	100	0	0.955583
2065000	0.6000000000	0.0100000000	0.0001000000	100	100	0	0.955583
2066000	0.6000000000	0.0100000000	0.0001000000	100	100	0	0.955583
2067000	0.6000000000	0.0100000000	0.0001000000	100	100	0	0.955583
2068000	0.6000000000	0.0100000000	0.0001000000	100	100	0	0.955583
2069000	0.6000000000	0.0100000000	0.0001000000	100	100	0	0.955583
2070000	0.6000000000	0.0100000000	0.0001000000	100	100	0	0.955583
2071000	0.6000000000	0.0100000000	0.0001000000	100	100	0	0.955583
2072000	0.6000000000	0.0100000000	0.0001000000	100	100	0	0.955583
2073000	0.6000000000	0.0100000000	0.0001000000	100	100	0	0.955583
2074000	0.6000000000	0.0100000000	0.0001000000	100	100	0	0.955583
2075000	0.6000000000	0.0100000000	0.0001000000	100	100	0	0.955583
2076000	0.6000000000	0.0100000000	0.0001000000	100	100	0	0.955555
2077000	0.6000000000	0.0100000000	0.0001000000	100	100	0	0.955583
2078000	0.6000000000	0.0100000000	0.0001000000	100	100	0	0.955583
2079000	0.6000000000	0.0100000000	0.0001000000	100	100	0	0.955579
2080000	0.6000000000	0.0100000000	0.0001000000	100	100	0	0.955583
2081000	0.6000000000	0.0100000000	0.0001000000	100	100	0	0.955583
2082000	0.6000000000	0.0100000000	0.0001000000	100	100	0	0.955583
2083000	0.6000000000	0.0100000000	0.0001000000	100	100	0	0.955583
2084000	0.6000000000	0.0100000000	0.0001000000	100	100	0	0.955583
2085000	0.6000000000	0.0100000000	0.0001000000	100	100	0	0.955583
2086000	0.6000000000	0.0100000000	0.0001000000	100	100	0	0.955583
2087000	0.6000000000	0.0100000000	0.0001000000	100	100	0	0.955583
2088000	0.6000000000	0.0100000000	0.0001000000	100	100	0	0.955583
2089000	0.6000000000	0.0100000000	0.0001000000	100	100	0	0.955583
2090000	0.6000000000	0.0100000000	0.0001000000	100	100	0	0.955583
2091000	0.6000000000	0.0100000000	0.0001000000	100	100	0	0.955583
2092000	0.6000000000	0.0100000000	0.0001000000	100	100	0	0.955583
2093000	0.6000000000	0.0100000000	0.0001000000	100	100	0	0.955583
2094000	0.6000000000	0.0100000000	0.0001000000	100	100	0	0.955583
2095000	0.6000000000	0.0100000000	0.0001000000	100	100	0	0.955583
2096000	0.6000000000	0.0100000000	0.0001000000	100	100	0	0.955583
2097000	0.6000000000	0.0100000000	0.0001000000	100	100	0	0.955583
2098000	0.6000000000	0.0100000000	0.0001000000	100	100	0	0.955583
2099000	0.6000000000	0.0100000000	0.0001000000	100	100	0	0.955583
2100000	0.6000000000	0.0100000000	0.0001000000	100	100	0	0.955583
2101000	0.6000000000	0.0100000000	0.0001000000	100	100	0	0.955583
2102000	0.6000000000	0.0100000000	0.0001000000	100	100	0	0.955583
2103000	0.6000000000	0.0100000000	0.0001000000	100	100	0	0.955583
2104000	0.6000000000	0.0100000000	0.0001000000	100	100	0	0.955583
2105000	0.6000000000	0.0100000000	0.0001000000	100	100	0	0.955583
2106000	0.6000000000	0.0100000000	0.0001000000	100	100	0	0.955583
2107000	0.6000000000	0.0100000000	0.0001000000	100	100	0	0.955583
2108000	0.6000000000	0.0100000000	0.0001000000	100	100	0	0.955583
2109000	0.6000000000	0.0100000000	0.0001000000	100	100	0	0.955583
2110000	0.6000000000	0.0100000000	0.0001000000	100	100	0	0.955583
2111000	0.6000000000	0.0100000000	0.0001000000	100	100	0	0.955583
2112000	0.6000000000	0.0100000000	0.0001000000	100	100	0	0.955583
2113000	0.6000000000	0.0100000000	0.0001000000	100	100	0	0.955583
2114000	0.6000000000	0.0100000000	0.0001000000	100	100	0	0.955583
2115000	0.6000000000	0.0100000000	0.0001000000	100	100	0	0.955583
2116000	0.6000000000	0.0100000000	0.0001000000	100	100	0	0.955583
2117000	0.6000000000	0.0100000000	0.0001000000	100	100	0	0.955607
2118000	0.6000000000	0.0100000000	0.0001000000	100	100	0	0.955583
2119000	0.6000000000	0.0100000000	0.0001000000	100	100	0	0.955583
2120000	0.6000000000	0.0100000000	0.0001000000	100	100	0	0.955583
2121000	0.6000000000	0.0100000000	0.0001000000	100	100	0	0.955583
2122000	0.6000000000	0.0100000000	0.0001000000	100	100	0	0.955980
2123000	0.6000000000	0.0100000000	0.0001000000	100	100	0	0.955980
2124000	0.6000000000	0.0100000000	0.0001000000	100	100	0	0.955980
2125000	0.6000000000	0.0100000000	0.0001000000	100	100	0	0.955980
2126000	0.6000000000	0.0100000000	0.0001000000	100	100	0	0.955980
2127000	0.6000000000	0.0100000000	0.0001000000	100	100	0	0.955980
2128000	0.6000000000	0.0100000000	0.0001000000	100	100	0	0.955980
2129000	0.6000000000	0.0100000000	0.0001000000	100	100	0	0.955980
2130000	0.6000000000	0.0100000000	0.0001000000	100	100	0	0.955583
2131000	0.6000000000	0.0100000000	0.0001000000	100	100	0	0.955583
2132000	0.6000000000	0.0100000000	0.0001000000	100	100	0	0.955583
2133000	0.6000000000	0.0100000000	0.0001000000	100	100	0	0.955583
2134000	0.6000000000	0.0100000000	0.0001000000	100	100	0	0.955547
2135000	0.6000000000	0.0100000000	0.0001000000	100	100	0	0.955571
2136000	0.6000000000	0.0100000000	0.0001000000	100	100	0	0.955583
2137000	0.6000000000	0.0100000000	0.0001000000	100	100	0	0.955583
2138000	0.6000000000	0.0100000000	0.0001000000	100	100	0	0.955191
2139000	0.6000000000	0.0100000000	0.0001000000	100	100	0	0.955583
2140000	0.6000000000	0.0100000000	0.0001000000	100	100	0	0.955583
2141000	0.6000000000	0.0100000000	0.0001000000	100	100	0	0.955583
2142000	0.6000000000	0.0100000000	0.0001000000	100	100	0	0.955583
2143000	0.6000000000	0.0100000000	0.0001000000	100	100	0	0.955583
2144000	0.6000000000	0.0100000000	0.0001000000	100	100	0	0.955583
2145000	0.6000000000	0.0100000000	0.0001000000	100	100	0	0.955583
2146000	0.6000000000	0.0100000000	0.0001000000	100	100	0	0.955191
2147000	0.6000000000	0.0100000000	0.0001000000	100	100	0	0.955191
2148000	0.6000000000	0.0100000000	0.0001000000	100	100	0	0.955191
2149000	0.6000000000	0.0100000000	0.0001000000	100	100	0	0.955191
2150000	0.6000000000	0.0100000000	0.0001000000	100	100	0	0.955187
2151000	0.6000000000	0.0100000000	0.0001000000	100	100	0	0.955191
2152000	0.6000000000	0.0100000000	0.0001000000	100	100	0	0.955191
2153000	0.6000000000	0.0100000000	0.0001000000	100	100	0	0.955222
2154000	0.6000000000	0.0100000000	0.0001000000	100	100	0	0.955195
2155000	0.6000000000	0.0100000000	0.0001000000	100	100	0	0.955191
2156000	0.6000000000	0.0100000000	0.0001000000	100	100	0	0.955191
2157000	0.6000000000	0.0100000000	0.0001000000	100	100	0	0.955191
2158000	0.6000000000	0.0100000000	0.0001000000	100	100	0	0.955191
2159000	0.6000000000	0.0100000000	0.0001000000	100	100	0	0.955191
2160000	0.6000000000	0.0100000000	0.0001000000	100	100	0	0.955191
2161000	0.6000000000	0.0100000000	0.0001000000	100	100	0	0.955191
2162000	0.6000000000	0.0100000000	0.0001000000	100	100	0	0.955191
2163000	0.6000000000	0.0100000000	0.0001000000	100	100	0	0.955179
2164000	0.6000000000	0.0100000000	0.0001000000	100	100	0	0.955191
2165000	0.6000000000	0.0100000000	0.0001000000	100	100	0	0.955191
2166000	0.6000000000	0.0100000000	0.0001000000	100	100	0	0.955191
2167000	0.6000000000	0.0100000000	0.0001000000	100	100	0	0.955191
2168000	0.6000000000	0.0100000000	0.0001000000	100	100	0	0.955191
2169000	0.6000000000	0.0100000000	0.0001000000	100	100	0	0.955191
2170000	0.6000000000	0.0100000000	0.0001000000	100	100	0	0.955191
2171000	0.6000000000	0.0100000000	0.0001000000	100	100	0	0.955191
2172000	0.6000000000	0.0100000000	0.0001000000	100	100	0	0.954804
2173000	0.6000000000	0.0100000000	0.0001000000	100	100	0	0.954804
2174000	0.6000000000	0.0100000000	0.0001000000	100	100	0	0.954804
2175000	0.6000000000	0.0100000000	0.0001000000	100	100	0	0.954804
2176000	0.6000000000	0.0100000000	0.0001000000	100	100	0	0.954804
2177000	0.6000000000	0.0100000000	0.0001000000	100	100	0	0.954804
2178000	0.6000000000	0.0100000000	0.0001000000	100	100	0	0.954804
2179000	0.6000000000	0.0100000000	0.0001000000	100	100	0	0.954804
2180000	0.6000000000	0.0100000000	0.0001000000	100	100	0	0.954804
2181000	0.6000000000	0.0100000000	0.0001000000	100	100	0	0.954804
2182000	0.6000000000	0.0100000000	0.0001000000	100	100	0	0.954804
2183000	0.6000000000	0.0100000000	0.0001000000	100	100	0	0.954804
2184000	0.6000000000	0.0100000000	0.0001000000	100	100	0	0.954804
2185000	0.6000000000	0.0100000000	0.0001000000	100	100	0	0.954804
2186000	0.6000000000	0.0100000000	0.0001000000	100	100	0	0.954804
2187000	0.6000000000	0.0100000000	0.0001000000	100	100	0	0.954804
2188000	0.6000000000	0.0100000000	0.0001000000	100	100	0	0.954804
2189000	0.6000000000	0.0100000000	0.0001000000	100	100	0	0.954804
2190000	0.6000000000	0.0100000000	0.0001000000	100	100	0	0.954804
2191000	0.6000000000	0.0100000000	0.0001000000	100	100	0	0.954804
2192000	0.6000000000	0.0100000000	0.0001000000	100	100	0	0.954804
2193000	0.6000000000	0.0100000000	0.0001000000	100	100	0	0.954804
2194000	0.6000000000	0.0100000000	0.0001000000	100	100	0	0.954804
2195000	0.6000000000	0.0100000000	0.0001000000	100	100	0	0.954804
2196000	0.6000000000	0.0100000000	0.0001000000	100	100	0	0.955191
2197000	0.6000000000	0.0100000000	0.0001000000	100	100	0	0.955191
2198000	0.6000000000	0.0100000000	0.0001000000	100	100	0	0.955191
2199000	0.6000000000	0.0100000000	0.0001000000	100	100	0	0.955191
2200000	0.6000000000	0.0100000000	0.0001000000	100	100	0	0.955191
2201000	0.6000000000	0.0100000000	0.0001000000	100	100	0	0.955191
2202000	0.6000000000	0.0100000000	0.0001000000	100	100	0	0.955191
2203000	0.6000000000	0.0100000000	0.0001000000	100	100	0	0.954804
2204000	0.6000000000	0.0100000000	0.0001000000	100	100	0	0.954804
2205000	0.6000000000	0.0100000000	0.0001000000	100	100	0	0.954804
2206000	0.6000000000	0.0100000000	0.0001000000	100	100	0	0.954804
2207000	0.6000000000	0.0100000000	0.0001000000	100	100	0	0.954804
2208000	0.6000000000	0.0100000000	0.0001000000	100	100	0	0.954804
2209000	0.6000000000	0.0100000000	0.0001000000	100	100	0	0.954804
2210000	0.6000000000	0.0100000000	0.0001000000	100	100	0	0.954804
2211000	0.6000000000	0.0100000000	0.0001000000	100	100	0	0.954804
2212000	0.6000000000	0.0100000000	0.0001000000	100	100	0	0.954804
2213000	0.6000000000	0.0100000000	0.0001000000	100	100	0	0.954804
2214000	0.6000000000	0.0100000000	0.0001000000	100	100	0	0.954804
2215000	0.6000000000	0.0100000000	0.0001000000	100	100	0	0.954808
2216000	0.6000000000	0.0100000000	0.0001000000	100	100	0	0.954804
2217000	0.6000000000	0.0100000000	0.0001000000	100	100	0	0.954804
2218000	0.6000000000	0.0100000000	0.0001000000	100	100	0	0.954804
2219000	0.6000000000	0.0100000000	0.0001000000	100	100	0	0.954804
2220000	0.6000000000	0.0100000000	0.0001000000	100	100	0	0.954804
2221000	0.6000000000	0.0100000000	0.0001000000	100	100	0	0.954804
2222000	0.6000000000	0.0100000000	0.0001000000	100	100	0	0.954804
2223000	0.6000000000	0.0100000000	0.0001000000	100	100	0	0.954804
2224000	0.6000000000	0.0100000000	0.0001000000	100	100	0	0.954804
2225000	0.6000000000	0.0100000000	0.0001000000	100	100	0	0.954804
2226000	0.6000000000	0.0100000000	0.0001000000	100	100	0	0.954804
2227000	0.6000000000	0.0100000000	0.0001000000	100	100	0	0.954804
2228000	0.6000000000	0.0100000000	0.0001000000	100	100	0	0.954804
2229000	0.6000000000	0.0100000000	0.0001000000	100	100	0	0.954804
2230000	0.6000000000	0.0100000000	0.0001000000	100	100	0	0.954804
2231000	0.6000000000	0.0100000000	0.0001000000	100	100	0	0.954804
2232000	0.6000000000	0.0100000000	0.0001000000	100	100	0	0.954804
2233000	0.6000000000	0.0100000000	0.0001000000	100	100	0	0.954878
2234000	0.6000000000	0.0100000000	0.0001000000	100	100	0	0.954831
2235000	0.6000000000	0.0100000000	0.0001000000	100	100	0	0.955191
2236000	0.6000000000	0.0100000000	0.0001000000	100	100	0	0.955191
2237000	0.6000000000	0.0100000000	0.0001000000	100	100	0	0.954804
2238000	0.6000000000	0.0100000000	0.0001000000	100	100	0	0.954804
2239000	0.6000000000	0.0100000000	0.0001000000	100	100	0	0.954804
2240000	0.6000000000	0.0100000000	0.0001000000	100	100	0	0.954823
2241000	0.6000000000	0.0100000000	0.0001000000	100	100	0	0.954804
2242000	0.6000000000	0.0100000000	0.0001000000	100	100	0	0.954804
2243000	0.6000000000	0.0100000000	0.0001000000	100	100	0	0.954465
2244000	0.6000000000	0.0100000000	0.0001000000	100	100	0	0.954423
2245000	0.6000000000	0.0100000000	0.0001000000	100	100	0	0.954423
2246000	0.6000000000	0.0100000000	0.0001000000	100	100	0	0.954423
2247000	0.6000000000	0.0100000000	0.0001000000	100	100	0	0.954423
2248000	0.6000000000	0.0100000000	0.0001000000	100	100	0	0.954777
2249000	0.6000000000	0.0100000000	0.0001000000	100	100	0	0.954804
2250000	0.6000000000	0.0100000000	0.0001000000	100	100	0	0.954804
2251000	0.6000000000	0.0100000000	0.0001000000	100	100	0	0.955191
2252000	0.6000000000	0.0100000000	0.0001000000	100	100	0	0.955191
2253000	0.6000000000	0.0100000000	0.0001000000	100	100	0	0.955191
2254000	0.6000000000	0.0100000000	0.0001000000	100	100	0	0.955191
2255000	0.6000000000	0.0100000000	0.0001000000	100	100	0	0.955187
2256000	0.6000000000	0.0100000000	0.0001000000	100	100	0	0.955191
2257000	0.6000000000	0.0100000000	0.0001000000	100	100	0	0.955191
2258000	0.6000000000	0.0100000000	0.0001000000	100	100	0	0.955583
2259000	0.6000000000	0.0100000000	0.0001000000	100	100	0	0.955583
2260000	0.6000000000	0.0100000000	0.0001000000	100	100	0	0.955265
2261000	0.6000000000	0.0100000000	0.0001000000	100	100	0	0.954804
2262000	0.6000000000	0.0100000000	0.0001000000	100	100	0	0.954804
2263000	0.6000000000	0.0100000000	0.0001000000	100	100	0	0.954804
2264000	0.6000000000	0.0100000000	0.0001000000	100	100	0	0.954804
2265000	0.6000000000	0.0100000000	0.0001000000	100	100	0	0.954804
2266000	0.6000000000	0.0100000000	0.0001000000	100	100	0	0.954804
2267000	0.6000000000	0.0100000000	0.0001000000	100	100	0	0.954804
2268000	0.6000000000	0.0100000000	0.0001000000	100	100	0	0.954804
2269000	0.6000000000	0.0100000000	0.0001000000	100	100	0	0.954804
2270000	0.6000000000	0.0100000000	0.0001000000	100	100	0	0.955191
2271000	0.6000000000	0.0100000000	0.0001000000	100	100	0	0.955191
2272000	0.6000000000	0.0100000000	0.0001000000	100	100	0	0.955191
2273000	0.6000000000	0.0100000000	0.0001000000	100	100	0	0.955191
2274000	0.6000000000	0.0100000000	0.0001000000	100	100	0	0.955191
2275000	0.6000000000	0.0100000000	0.0001000000	100	100	0	0.955191
2276000	0.6000000000	0.0100000000	0.0001000000	100	100	0	0.955583
2277000	0.6000000000	0.0100000000	0.0001000000	100	100	0	0.955583
2278000	0.6000000000	0.0100000000	0.0001000000	100	100	0	0.955583
2279000	0.6000000000	0.0100000000	0.0001000000	100	100	0	0.955583
2280000	0.6000000000	0.0100000000	0.0001000000	100	100	0	0.955583
2281000	0.6000000000	0.0100000000	0.0001000000	100	100	0	0.955583
2282000	0.6000000000	0.0100000000	0.0001000000	100	100	0	0.955583
2283000	0.6000000000	0.0100000000	0.0001000000	100	100	0	0.955583
2284000	0.6000000000	0.0100000000	0.0001000000	100	100	0	0.955583
2285000	0.6000000000	0.0100000000	0.0001000000	100	100	0	0.955583
2286000	0.6000000000	0.0100000000	0.0001000000	100	100	0	0.955583
2287000	0.6000000000	0.0100000000	0.0001000000	100	100	0	0.955583
2288000	0.6000000000	0.0100000000	0.0001000000	100	100	0	0.955583
2289000	0.6000000000	0.0100000000	0.0001000000	100	100	0	0.955583
2290000	0.6000000000	0.0100000000	0.0001000000	100	100	0	0.955583
2291000	0.6000000000	0.0100000000	0.0001000000	100	100	0	0.955980
2292000	0.6000000000	0.0100000000	0.0001000000	100	100	0	0.955980
2293000	0.6000000000	0.0100000000	0.0001000000	100	100	0	0.955980
2294000	0.6000000000	0.0100000000	0.0001000000	100	100	0	0.955980
2295000	0.6000000000	0.0100000000	0.0001000000	100	100	0	0.955968
2296000	0.6000000000	0.0100000000	0.0001000000	100	100	0	0.955980
2297000	0.6000000000	0.0100000000	0.0001000000	100	100	0	0.955980
2298000	0.6000000000	0.0100000000	0.0001000000	100	100	0	0.955992
2299000	0.6000000000	0.0100000000	0.0001000000	100	100	0	0.955980
2300000	0.6000000000	0.0100000000	0.0001000000	100	100	0	0.955980
2301000	0.6000000000	0.0100000000	0.0001000000	100	100	0	0.955980
2302000	0.6000000000	0.0100000000	0.0001000000	100	100	0	0.955980
2303000	0.6000000000	0.0100000000	0.0001000000	100	100	0	0.955980
2304000	0.6000000000	0.0100000000	0.0001000000	100	100	0	0.955984
2305000	0.6000000000	0.0100000000	0.0001000000	100	100	0	0.955980
2306000	0.6000000000	0.0100000000	0.0001000000	100	100	0	0.955837
2307000	0.6000000000	0.0100000000	0.0001000000	100	100	0	0.955980
2308000	0.6000000000	0.0100000000	0.0001000000	100	100	0	0.955980
2309000	0.6000000000	0.0100000000	0.0001000000	100	100	0	0.955980
2310000	0.6000000000	0.0100000000	0.0001000000	100	100	0	0.955980
2311000	0.6000000000	0.0100000000	0.0001000000	100	100	0	0.955980
2312000	0.6000000000	0.0100000000	0.0001000000	100	100	0	0.955980
2313000	0.6000000000	0.0100000000	0.0001000000	100	100	0	0.955980
2314000	0.6000000000	0.0100000000	0.0001000000	100	100	0	0.955980
2315000	0.6000000000	0.0100000000	0.0001000000	100	100	0	0.955980
2316000	0.6000000000	0.0100000000	0.0001000000	100	100	0	0.955583
2317000	0.6000000000	0.0100000000	0.0001000000	100	100	0	0.955583
2318000	0.6000000000	0.0100000000	0.0001000000	100	100	0	0.955191
2319000	0.6000000000	0.0100000000	0.0001000000	100	100	0	0.955191
2320000	0.6000000000	0.0100000000	0.0001000000	100	100	0	0.955110
2321000	0.6000000000	0.0100000000	0.0001000000	100	100	0	0.955191
2322000	0.6000000000	0.0100000000	0.0001000000	100	100	0	0.955191
2323000	0.6000000000	0.0100000000	0.0001000000	100	100	0	0.955191
2324000	0.6000000000	0.0100000000	0.0001000000	100	100	0	0.955191
2325000	0.6000000000	0.0100000000	0.0001000000	100	100	0	0.955191
2326000	0.6000000000	0.0100000000	0.0001000000	100	100	0	0.955583
2327000	0.6000000000	0.0100000000	0.0001000000	100	100	0	0.955583
2328000	0.6000000000	0.0100000000	0.0001000000	100	100	0	0.955583
2329000	0.6000000000	0.0100000000	0.0001000000	100	100	0	0.955881
2330000	0.6000000000	0.0100000000	0.0001000000	100	100	0	0.955980
2331000	0.6000000000	0.0100000000	0.0001000000	100	100	0	0.955980
2332000	0.6000000000	0.0100000000	0.0001000000	100	100	0	0.955980
2333000	0.6000000000	0.0100000000	0.0001000000	100	100	0	0.955980
2334000	0.6000000000	0.0100000000	0.0001000000	100	100	0	0.955583
2335000	0.6000000000	0.0100000000	0.0001000000	100	100	0	0.955583
2336000	0.6000000000	0.0100000000	0.0001000000	100	100	0	0.955746
2337000	0.6000000000	0.0100000000	0.0001000000	100	100	0	0.955996
2338000	0.6000000000	0.0100000000	0.0001000000	100	100	0	0.955980
2339000	0.6000000000	0.0100000000	0.0001000000	100	100	0	0.955980
2340000	0.6000000000	0.0100000000	0.0001000000	100	100	0	0.955980
2341000	0.6000000000	0.0100000000	0.0001000000	100	100	0	0.955583
2342000	0.6000000000	0.0100000000	0.0001000000	100	100	0	0.955583
2343000	0.6000000000	0.0100000000	0.0001000000	100	100	0	0.955583
2344000	0.6000000000	0.0100000000	0.0001000000	100	100	0	0.955583
2345000	0.6000000000	0.0100000000	0.0001000000	100	100	0	0.955583
2346000	0.6000000000	0.0100000000	0.0001000000	100	100	0	0.955583
2347000	0.6000000000	0.0100000000	0.0001000000	100	100	0	0.955595
2348000	0.6000000000	0.0100000000	0.0001000000	100	100	0	0.955583
2349000	0.6000000000	0.0100000000	0.0001000000	100	100	0	0.955583
2350000	0.6000000000	0.0100000000	0.0001000000	100	100	0	0.955980
2351000	0.6000000000	0.0100000000	0.0001000000	100	100	0	0.955980
2352000	0.6000000000	0.0100000000	0.0001000000	100	100	0	0.955980
2353000	0.6000000000	0.0100000000	0.0001000000	100	100	0	0.955980
2354000	0.6000000000	0.0100000000	0.0001000000	100	100	0	0.955980
2355000	0.6000000000	0.0100000000	0.0001000000	100	100	0	0.955980
2356000	0.6000000000	0.0100000000	0.0001000000	100	100	0	0.955980
2357000	0.6000000000	0.0100000000	0.0001000000	100	100	0	0.955980
2358000	0.6000000000	0.0100000000	0.0001000000	100	100	0	0.955980
2359000	0.6000000000	0.0100000000	0.0001000000	100	100	0	0.955980
2360000	0.6000000000	0.0100000000	0.0001000000	100	100	0	0.955988
2361000	0.6000000000	0.0100000000	0.0001000000	100	100	0	0.955980
2362000	0.6000000000	0.0100000000	0.0001000000	100	100	0	0.955980
2363000	0.6000000000	0.0100000000	0.0001000000	100	100	0	0.956383
2364000	0.6000000000	0.0100000000	0.0001000000	100	100	0	0.956383
2365000	0.6000000000	0.0100000000	0.0001000000	100	100	0	0.956383
2366000	0.6000000000	0.0100000000	0.0001000000	100	100	0	0.956383
2367000	0.6000000000	0.0100000000	0.0001000000	100	100	0	0.955980
2368000	0.6000000000	0.0100000000	0.0001000000	100	100	0	0.955980
2369000	0.6000000000	0.0100000000	0.0001000000	100	100	0	0.955980
2370000	0.6000000000	0.0100000000	0.0001000000	100	100	0	0.955980
2371000	0.6000000000	0.0100000000	0.0001000000	100	100	0	0.955980
2372000	0.6000000000	0.0100000000	0.0001000000	100	100	0	0.955980
2373000	0.6000000000	0.0100000000	0.0001000000	100	100	0	0.955980
2374000	0.6000000000	0.0100000000	0.0001000000	100	100	0	0.955980
2375000	0.6000000000	0.0100000000	0.0001000000	100	100	0	0.955980
2376000	0.6000000000	0.0100000000	0.0001000000	100	100	0	0.955956
2377000	0.6000000000	0.0100000000	0.0001000000	100	100	0	0.955980
2378000	0.6000000000	0.0100000000	0.0001000000	100	100	0	0.955980
2379000	0.6000000000	0.0100000000	0.0001000000	100	100	0	0.955980
2380000	0.6000000000	0.0100000000	0.0001000000	100	100	0	0.955980
2381000	0.6000000000	0.0100000000	0.0001000000	100	100	0	0.955980
2382000	0.6000000000	0.0100000000	0.0001000000	100	100	0	0.955980
2383000	0.6000000000	0.0100000000	0.0001000000	100	100	0	0.955972
2384000	0.6000000000	0.0100000000	0.0001000000	100	100	0	0.955980
2385000	0.6000000000	0.0100000000	0.0001000000	100	100	0	0.956210
2386000	0.6000000000	0.0100000000	0.0001000000	100	100	0	0.956371
2387000	0.6000000000	0.0100000000	0.0001000000	100	100	0	0.956383
2388000	0.6000000000	0.0100000000	0.0001000000	100	100	0	0.956383
2389000	0.6000000000	0.0100000000	0.0001000000	100	100	0	0.956383
2390000	0.6000000000	0.0100000000	0.0001000000	100	100	0	0.956383
2391000	0.6000000000	0.0100000000	0.0001000000	100	100	0	0.956383
2392000	0.6000000000	0.0100000000	0.0001000000	100	100	0	0.956383
2393000	0.6000000000	0.0100000000	0.0001000000	100	100	0	0.956383
2394000	0.6000000000	0.0100000000	0.0001000000	100	100	0	0.956531
2395000	0.6000000000	0.0100000000	0.0001000000	100	100	0	0.956383
2396000	0.6000000000	0.0100000000	0.0001000000	100	100	0	0.956383
2397000	0.6000000000	0.0100000000	0.0001000000	100	100	0	0.956383
2398000	0.6000000000	0.0100000000	0.0001000000	100	100	0	0.956383
2399000	0.6000000000	0.0100000000	0.0001000000	100	100	0	0.956383
2400000	0.6000000000	0.0100000000	0.0001000000	100	100	0	0.956793
2401000	0.6000000000	0.0100000000	0.0001000000	100	100	0	0.956797
2402000	0.6000000000	0.0100000000	0.0001000000	100	100	0	0.956793
2403000	0.6000000000	0.0100000000	0.0001000000	100	100	0	0.956793
2404000	0.6000000000	0.0100000000	0.0001000000	100	100	0	0.956793
2405000	0.6000000000	0.0100000000	0.0001000000	100	100	0	0.956793
2406000	0.6000000000	0.0100000000	0.0001000000	100	100	0	0.956793
2407000	0.6000000000	0.0100000000	0.0001000000	100	100	0	0.956793
2408000	0.6000000000	0.0100000000	0.0001000000	100	100	0	0.956793
2409000	0.6000000000	0.0100000000	0.0001000000	100	100	0	0.956793
2410000	0.6000000000	0.0100000000	0.0001000000	100	100	0	0.956813
2411000	0.6000000000	0.0100000000	0.0001000000	100	100	0	0.956793
2412000	0.6000000000	0.0100000000	0.0001000000	100	100	0	0.956793
2413000	0.6000000000	0.0100000000	0.0001000000	100	100	0	0.956793
2414000	0.6000000000	0.0100000000	0.0001000000	100	100	0	0.956793
2415000	0.6000000000	0.0100000000	0.0001000000	100	100	0	0.956793
2416000	0.6000000000	0.0100000000	0.0001000000	100	100	0	0.956793
2417000	0.6000000000	0.0100000000	0.0001000000	100	100	0	0.956793
2418000	0.6000000000	0.0100000000	0.0001000000	100	100	0	0.956793
2419000	0.6000000000	0.0100000000	0.0001000000	100	100	0	0.956793
2420000	0.6000000000	0.0100000000	0.0001000000	100	100	0	0.956793
2421000	0.6000000000	0.0100000000	0.0001000000	100	100	0	0.956793
2422000	0.6000000000	0.0100000000	0.0001000000	100	100	0	0.956793
2423000	0.6000000000	0.0100000000	0.0001000000	100	100	0	0.956793
2424000	0.6000000000	0.0100000000	0.0001000000	100	100	0	0.956793
2425000	0.6000000000	0.0100000000	0.0001000000	100	100	0	0.956793
2426000	0.6000000000	0.0100000000	0.0001000000	100	100	0	0.956793
2427000	0.6000000000	0.0100000000	0.0001000000	100	100	0	0.956793
2428000	0.6000000000	0.0100000000	0.0001000000	100	100	0	0.956793
2429000	0.6000000000	0.0100000000	0.0001000000	100	100	0	0.956793
2430000	0.6000000000	0.0100000000	0.0001000000	100	100	0	0.956793
2431000	0.6000000000	0.0100000000	0.0001000000	100	100	0	0.956793
2432000	0.6000000000	0.0100000000	0.0001000000	100	100	0	0.956793
2433000	0.6000000000	0.0100000000	0.0001000000	100	100	0	0.956793
2434000	0.6000000000	0.0100000000	0.0001000000	100	100	0	0.956793
2435000	0.6000000000	0.0100000000	0.0001000000	100	100	0	0.956793
2436000	0.6000000000	0.0100000000	0.0001000000	100	100	0	0.956793
2437000	0.6000000000	0.0100000000	0.0001000000	100	100	0	0.956793
2438000	0.6000000000	0.0100000000	0.0001000000	100	100	0	0.956793
2439000	0.6000000000	0.0100000000	0.0001000000	100	100	0	0.956793
2440000	0.6000000000	0.0100000000	0.0001000000	100	100	0	0.956793
2441000	0.6000000000	0.0100000000	0.0001000000	100	100	0	0.956776
2442000	0.6000000000	0.0100000000	0.0001000000	100	100	0	0.957208
2443000	0.6000000000	0.0100000000	0.0001000000	100	100	0	0.957000
2444000	0.6000000000	0.0100000000	0.0001000000	100	100	0	0.957259
2445000	0.6000000000	0.0100000000	0.0001000000	100	100	0	0.957208
2446000	0.6000000000	0.0100000000	0.0001000000	100	100	0	0.957208
2447000	0.6000000000	0.0100000000	0.0001000000	100	100	0	0.957208
2448000	0.6000000000	0.0100000000	0.0001000000	100	100	0	0.957208
2449000	0.6000000000	0.0100000000	0.0001000000	100	100	0	0.957208
2450000	0.6000000000	0.0100000000	0.0001000000	100	100	0	0.957208
2451000	0.6000000000	0.0100000000	0.0001000000	100	100	0	0.957208
2452000	0.6000000000	0.0100000000	0.0001000000	100	100	0	0.957208
2453000	0.6000000000	0.0100000000	0.0001000000	100	100	0	0.957208
2454000	0.6000000000	0.0100000000	0.0001000000	100	100	0	0.957208
2455000	0.6000000000	0.0100000000	0.0001000000	100	100	0	0.957208
2456000	0.6000000000	0.0100000000	0.0001000000	100	100	0	0.957208
2457000	0.6000000000	0.0100000000	0.0001000000	100	100	0	0.957208
2458000	0.6000000000	0.0100000000	0.0001000000	100	100	0	0.957208
2459000	0.6000000000	0.0100000000	0.0001000000	100	100	0	0.957208
2460000	0.6000000000	0.0100000000	0.0001000000	100	100	0	0.957208
2461000	0.6000000000	0.0100000000	0.0001000000	100	100	0	0.957208
2462000	0.6000000000	0.0100000000	0.0001000000	100	100	0	0.957208
2463000	0.6000000000	0.0100000000	0.0001000000	100	100	0	0.957208
2464000	0.6000000000	0.0100000000	0.0001000000	100	100	0	0.956793
2465000	0.6000000000	0.0100000000	0.0001000000	100	100	0	0.956793
2466000	0.6000000000	0.0100000000	0.0001000000	100	100	0	0.956793
2467000	0.6000000000	0.0100000000	0.0001000000	100	100	0	0.956793
2468000	0.6000000000	0.0100000000	0.0001000000	100	100	0	0.956793
2469000	0.6000000000	0.0100000000	0.0001000000	100	100	0	0.956793
2470000	0.6000000000	0.0100000000	0.0001000000	100	100	0	0.956793
2471000	0.6000000000	0.0100000000	0.0001000000	100	100	0	0.956793
2472000	0.6000000000	0.0100000000	0.0001000000	100	100	0	0.956793
2473000	0.6000000000	0.0100000000	0.0001000000	100	100	0	0.956793
2474000	0.6000000000	0.0100000000	0.0001000000	100	100	0	0.956793
2475000	0.6000000000	0.0100000000	0.0001000000	100	100	0	0.956793
2476000	0.6000000000	0.0100000000	0.0001000000	100	100	0	0.956793
2477000	0.6000000000	0.0100000000	0.0001000000	100	100	0	0.956793
2478000	0.6000000000	0.0100000000	0.0001000000	100	100	0	0.956383
2479000	0.6000000000	0.0100000000	0.0001000000	100	100	0	0.956383
2480000	0.6000000000	0.0100000000	0.0001000000	100	100	0	0.956383
2481000	0.6000000000	0.0100000000	0.0001000000	100	100	0	0.956383
2482000	0.6000000000	0.0100000000	0.0001000000	100	100	0	0.956383
2483000	0.6000000000	0.0100000000	0.0001000000	100	100	0	0.956383
2484000	0.6000000000	0.0100000000	0.0001000000	100	100	0	0.956383
2485000	0.6000000000	0.0100000000	0.0001000000	100	100	0	0.955980
2486000	0.6000000000	0.0100000000	0.0001000000	100	100	0	0.956383
2487000	0.6000000000	0.0100000000	0.0001000000	100	100	0	0.956383
2488000	0.6000000000	0.0100000000	0.0001000000	100	100	0	0.956383
2489000	0.6000000000	0.0100000000	0.0001000000	100	100	0	0.956383
2490000	0.6000000000	0.0100000000	0.0001000000	100	100	0	0.956383
2491000	0.6000000000	0.0100000000	0.0001000000	100	100	0	0.956307
2492000	0.6000000000	0.0100000000	0.0001000000	100	100	0	0.956383
2493000	0.6000000000	0.0100000000	0.0001000000	100	100	0	0.956383
2494000	0.6000000000	0.0100000000	0.0001000000	100	100	0	0.956383
2495000	0.6000000000	0.0100000000	0.0001000000	100	100	0	0.956383
2496000	0.6000000000	0.0100000000	0.0001000000	100	100	0	0.956279
2497000	0.6000000000	0.0100000000	0.0001000000	100	100	0	0.955980
2498000	0.6000000000	0.0100000000	0.0001000000	100	100	0	0.955980
2499000	0.6000000000	0.0100000000	0.0001000000	100	100	0	0.955583
2500000	0.6000000000	0.0100000000	0.0001000000	100	100	0	0.955583
