time	epistasis_coef	sel_coef	mu_prob	Ne	L	k_start	mean_fitness
1500000	0.0000000000	0.0100000000	0.1000000000	100	100	0	0.750807
1501000	0.0000000000	0.0100000000	0.1000000000	100	100	0	0.742576
1502000	0.0000000000	0.0100000000	0.1000000000	100	100	0	0.725417
1503000	0.0000000000	0.0100000000	0.1000000000	100	100	0	0.759672
1504000	0.0000000000	0.0100000000	0.1000000000	100	100	0	0.761114
1505000	0.0000000000	0.0100000000	0.1000000000	100	100	0	0.768384
1506000	0.0000000000	0.0100000000	0.1000000000	100	100	0	0.798095
1507000	0.0000000000	0.0100000000	0.1000000000	100	100	0	0.758940
1508000	0.0000000000	0.0100000000	0.1000000000	100	100	0	0.737029
1509000	0.0000000000	0.0100000000	0.1000000000	100	100	0	0.769753
1510000	0.0000000000	0.0100000000	0.1000000000	100	100	0	0.774068
1511000	0.0000000000	0.0100000000	0.1000000000	100	100	0	0.691116
1512000	0.0000000000	0.0100000000	0.1000000000	100	100	0	0.730853
1513000	0.0000000000	0.0100000000	0.1000000000	100	100	0	0.722256
1514000	0.0000000000	0.0100000000	0.1000000000	100	100	0	0.741030
1515000	0.0000000000	0.0100000000	0.1000000000	100	100	0	0.725216
1516000	0.0000000000	0.0100000000	0.1000000000	100	100	0	0.733082
1517000	0.0000000000	0.0100000000	0.1000000000	100	100	0	0.704024
1518000	0.0000000000	0.0100000000	0.1000000000	100	100	0	0.758567
1519000	0.0000000000	0.0100000000	0.1000000000	100	100	0	0.771591
1520000	0.0000000000	0.0100000000	0.1000000000	100	100	0	0.757632
1521000	0.0000000000	0.0100000000	0.1000000000	100	100	0	0.765616
1522000	0.0000000000	0.0100000000	0.1000000000	100	100	0	0.739776
1523000	0.0000000000	0.0100000000	0.1000000000	100	100	0	0.772290
1524000	0.0000000000	0.0100000000	0.1000000000	100	100	0	0.735299
1525000	0.0000000000	0.0100000000	0.1000000000	100	100	0	0.795789
1526000	0.0000000000	0.0100000000	0.1000000000	100	100	0	0.793402
1527000	0.0000000000	0.0100000000	0.1000000000	100	100	0	0.751061
1528000	0.0000000000	0.0100000000	0.1000000000	100	100	0	0.697472
1529000	0.0000000000	0.0100000000	0.1000000000	100	100	0	0.721407
1530000	0.0000000000	0.0100000000	0.1000000000	100	100	0	0.717729
1531000	0.0000000000	0.0100000000	0.1000000000	100	100	0	0.759245
1532000	0.0000000000	0.0100000000	0.1000000000	100	100	0	0.765657
1533000	0.0000000000	0.0100000000	0.1000000000	100	100	0	0.759775
1534000	0.0000000000	0.0100000000	0.1000000000	100	100	0	0.761911
1535000	0.0000000000	0.0100000000	0.1000000000	100	100	0	0.758080
1536000	0.0000000000	0.0100000000	0.1000000000	100	100	0	0.747384
1537000	0.0000000000	0.0100000000	0.1000000000	100	100	0	0.722792
1538000	0.0000000000	0.0100000000	0.1000000000	100	100	0	0.741087
1539000	0.0000000000	0.0100000000	0.1000000000	100	100	0	0.725924
1540000	0.0000000000	0.0100000000	0.1000000000	100	100	0	0.736550
1541000	0.0000000000	0.0100000000	0.1000000000	100	100	0	0.734624
1542000	0.0000000000	0.0100000000	0.1000000000	100	100	0	0.742390
1543000	0.0000000000	0.0100000000	0.1000000000	100	100	0	0.788020
1544000	0.0000000000	0.0100000000	0.1000000000	100	100	0	0.743643
1545000	0.0000000000	0.0100000000	0.1000000000	100	100	0	0.736799
1546000	0.0000000000	0.0100000000	0.1000000000	100	100	0	0.748945
1547000	0.0000000000	0.0100000000	0.1000000000	100	100	0	0.844557
1548000	0.0000000000	0.0100000000	0.1000000000	100	100	0	0.792589
1549000	0.0000000000	0.0100000000	0.1000000000	100	100	0	0.773060
1550000	0.0000000000	0.0100000000	0.1000000000	100	100	0	0.756825
1551000	0.0000000000	0.0100000000	0.1000000000	100	100	0	0.751384
1552000	0.0000000000	0.0100000000	0.1000000000	100	100	0	0.757201
1553000	0.0000000000	0.0100000000	0.1000000000	100	100	0	0.736891
1554000	0.0000000000	0.0100000000	0.1000000000	100	100	0	0.775195
1555000	0.0000000000	0.0100000000	0.1000000000	100	100	0	0.742759
1556000	0.0000000000	0.0100000000	0.1000000000	100	100	0	0.721790
1557000	0.0000000000	0.0100000000	0.1000000000	100	100	0	0.740077
1558000	0.0000000000	0.0100000000	0.1000000000	100	100	0	0.772797
1559000	0.0000000000	0.0100000000	0.1000000000	100	100	0	0.780904
1560000	0.0000000000	0.0100000000	0.1000000000	100	100	0	0.740386
1561000	0.0000000000	0.0100000000	0.1000000000	100	100	0	0.725345
1562000	0.0000000000	0.0100000000	0.1000000000	100	100	0	0.777624
1563000	0.0000000000	0.0100000000	0.1000000000	100	100	0	0.800306
1564000	0.0000000000	0.0100000000	0.1000000000	100	100	0	0.781421
1565000	0.0000000000	0.0100000000	0.1000000000	100	100	0	0.785248
1566000	0.0000000000	0.0100000000	0.1000000000	100	100	0	0.768287
1567000	0.0000000000	0.0100000000	0.1000000000	100	100	0	0.742798
1568000	0.0000000000	0.0100000000	0.1000000000	100	100	0	0.763030
1569000	0.0000000000	0.0100000000	0.1000000000	100	100	0	0.735258
1570000	0.0000000000	0.0100000000	0.1000000000	100	100	0	0.739227
1571000	0.0000000000	0.0100000000	0.1000000000	100	100	0	0.738797
1572000	0.0000000000	0.0100000000	0.1000000000	100	100	0	0.716902
1573000	0.0000000000	0.0100000000	0.1000000000	100	100	0	0.739442
1574000	0.0000000000	0.0100000000	0.1000000000	100	100	0	0.764595
1575000	0.0000000000	0.0100000000	0.1000000000	100	100	0	0.779968
1576000	0.0000000000	0.0100000000	0.1000000000	100	100	0	0.788841
1577000	0.0000000000	0.0100000000	0.1000000000	100	100	0	0.740284
1578000	0.0000000000	0.0100000000	0.1000000000	100	100	0	0.748397
1579000	0.0000000000	0.0100000000	0.1000000000	100	100	0	0.731108
1580000	0.0000000000	0.0100000000	0.1000000000	100	100	0	0.784888
1581000	0.0000000000	0.0100000000	0.1000000000	100	100	0	0.735066
1582000	0.0000000000	0.0100000000	0.1000000000	100	100	0	0.775942
1583000	0.0000000000	0.0100000000	0.1000000000	100	100	0	0.773539
1584000	0.0000000000	0.0100000000	0.1000000000	100	100	0	0.745658
1585000	0.0000000000	0.0100000000	0.1000000000	100	100	0	0.791098
1586000	0.0000000000	0.0100000000	0.1000000000	100	100	0	0.735318
1587000	0.0000000000	0.0100000000	0.1000000000	100	100	0	0.742411
1588000	0.0000000000	0.0100000000	0.1000000000	100	100	0	0.726717
1589000	0.0000000000	0.0100000000	0.1000000000	100	100	0	0.786463
1590000	0.0000000000	0.0100000000	0.1000000000	100	100	0	0.739426
1591000	0.0000000000	0.0100000000	0.1000000000	100	100	0	0.789420
1592000	0.0000000000	0.0100000000	0.1000000000	100	100	0	0.768749
1593000	0.0000000000	0.0100000000	0.1000000000	100	100	0	0.791896
1594000	0.0000000000	0.0100000000	0.1000000000	100	100	0	0.776929
1595000	0.0000000000	0.0100000000	0.1000000000	100	100	0	0.757392
1596000	0.0000000000	0.0100000000	0.1000000000	100	100	0	0.768717
1597000	0.0000000000	0.0100000000	0.1000000000	100	100	0	0.729350
1598000	0.0000000000	0.0100000000	0.1000000000	100	100	0	0.724463
1599000	0.0000000000	0.0100000000	0.1000000000	100	100	0	0.740396
1600000	0.0000000000	0.0100000000	0.1000000000	100	100	0	0.772373
1601000	0.0000000000	0.0100000000	0.1000000000	100	100	0	0.704273
1602000	0.0000000000	0.0100000000	0.1000000000	100	100	0	0.720887
1603000	0.0000000000	0.0100000000	0.1000000000	100	100	0	0.755778
1604000	0.0000000000	0.0100000000	0.1000000000	100	100	0	0.799021
1605000	0.0000000000	0.0100000000	0.1000000000	100	100	0	0.765775
1606000	0.0000000000	0.0100000000	0.1000000000	100	100	0	0.731822
1607000	0.0000000000	0.0100000000	0.1000000000	100	100	0	0.749094
1608000	0.0000000000	0.0100000000	0.1000000000	100	100	0	0.758528
1609000	0.0000000000	0.0100000000	0.1000000000	100	100	0	0.778661
1610000	0.0000000000	0.0100000000	0.1000000000	100	100	0	0.742344
1611000	0.0000000000	0.0100000000	0.1000000000	100	100	0	0.792096
1612000	0.0000000000	0.0100000000	0.1000000000	100	100	0	0.756776
1613000	0.0000000000	0.0100000000	0.1000000000	100	100	0	0.738377
1614000	0.0000000000	0.0100000000	0.1000000000	100	100	0	0.783922
1615000	0.0000000000	0.0100000000	0.1000000000	100	100	0	0.719555
1616000	0.0000000000	0.0100000000	0.1000000000	100	100	0	0.725539
1617000	0.0000000000	0.0100000000	0.1000000000	100	100	0	0.751836
1618000	0.0000000000	0.0100000000	0.1000000000	100	100	0	0.730778
1619000	0.0000000000	0.0100000000	0.1000000000	100	100	0	0.778672
1620000	0.0000000000	0.0100000000	0.1000000000	100	100	0	0.744875
1621000	0.0000000000	0.0100000000	0.1000000000	100	100	0	0.760564
1622000	0.0000000000	0.0100000000	0.1000000000	100	100	0	0.746671
1623000	0.0000000000	0.0100000000	0.1000000000	100	100	0	0.757492
1624000	0.0000000000	0.0100000000	0.1000000000	100	100	0	0.770281
1625000	0.0000000000	0.0100000000	0.1000000000	100	100	0	0.745632
1626000	0.0000000000	0.0100000000	0.1000000000	100	100	0	0.779816
1627000	0.0000000000	0.0100000000	0.1000000000	100	100	0	0.742506
1628000	0.0000000000	0.0100000000	0.1000000000	100	100	0	0.752972
1629000	0.0000000000	0.0100000000	0.1000000000	100	100	0	0.714055
1630000	0.0000000000	0.0100000000	0.1000000000	100	100	0	0.792757
1631000	0.0000000000	0.0100000000	0.1000000000	100	100	0	0.742487
1632000	0.0000000000	0.0100000000	0.1000000000	100	100	0	0.756053
1633000	0.0000000000	0.0100000000	0.1000000000	100	100	0	0.751462
1634000	0.0000000000	0.0100000000	0.1000000000	100	100	0	0.758613
1635000	0.0000000000	0.0100000000	0.1000000000	100	100	0	0.733778
1636000	0.0000000000	0.0100000000	0.1000000000	100	100	0	0.784546
1637000	0.0000000000	0.0100000000	0.1000000000	100	100	0	0.691318
1638000	0.0000000000	0.0100000000	0.1000000000	100	100	0	0.767913
1639000	0.0000000000	0.0100000000	0.1000000000	100	100	0	0.680788
1640000	0.0000000000	0.0100000000	0.1000000000	100	100	0	0.755842
1641000	0.0000000000	0.0100000000	0.1000000000	100	100	0	0.756577
1642000	0.0000000000	0.0100000000	0.1000000000	100	100	0	0.780191
1643000	0.0000000000	0.0100000000	0.1000000000	100	100	0	0.766629
1644000	0.0000000000	0.0100000000	0.1000000000	100	100	0	0.787826
1645000	0.0000000000	0.0100000000	0.1000000000	100	100	0	0.758667
1646000	0.0000000000	0.0100000000	0.1000000000	100	100	0	0.749791
1647000	0.0000000000	0.0100000000	0.1000000000	100	100	0	0.702326
1648000	0.0000000000	0.0100000000	0.1000000000	100	100	0	0.743993
1649000	0.0000000000	0.0100000000	0.1000000000	100	100	0	0.760361
1650000	0.0000000000	0.0100000000	0.1000000000	100	100	0	0.742035
1651000	0.0000000000	0.0100000000	0.1000000000	100	100	0	0.746356
1652000	0.0000000000	0.0100000000	0.1000000000	100	100	0	0.835822
1653000	0.0000000000	0.0100000000	0.1000000000	100	100	0	0.755722
1654000	0.0000000000	0.0100000000	0.1000000000	100	100	0	0.735883
1655000	0.0000000000	0.0100000000	0.1000000000	100	100	0	0.765372
1656000	0.0000000000	0.0100000000	0.1000000000	100	100	0	0.751697
1657000	0.0000000000	0.0100000000	0.1000000000	100	100	0	0.720350
1658000	0.0000000000	0.0100000000	0.1000000000	100	100	0	0.797947
1659000	0.0000000000	0.0100000000	0.1000000000	100	100	0	0.806414
1660000	0.0000000000	0.0100000000	0.1000000000	100	100	0	0.781300
1661000	0.0000000000	0.0100000000	0.1000000000	100	100	0	0.755892
1662000	0.0000000000	0.0100000000	0.1000000000	100	100	0	0.729966
1663000	0.0000000000	0.0100000000	0.1000000000	100	100	0	0.708340
1664000	0.0000000000	0.0100000000	0.1000000000	100	100	0	0.750974
1665000	0.0000000000	0.0100000000	0.1000000000	100	100	0	0.797969
1666000	0.0000000000	0.0100000000	0.1000000000	100	100	0	0.804169
1667000	0.0000000000	0.0100000000	0.1000000000	100	100	0	0.758883
1668000	0.0000000000	0.0100000000	0.1000000000	100	100	0	0.767018
1669000	0.0000000000	0.0100000000	0.1000000000	100	100	0	0.781687
1670000	0.0000000000	0.0100000000	0.1000000000	100	100	0	0.760723
1671000	0.0000000000	0.0100000000	0.1000000000	100	100	0	0.728756
1672000	0.0000000000	0.0100000000	0.1000000000	100	100	0	0.702288
1673000	0.0000000000	0.0100000000	0.1000000000	100	100	0	0.739065
1674000	0.0000000000	0.0100000000	0.1000000000	100	100	0	0.746590
1675000	0.0000000000	0.0100000000	0.1000000000	100	100	0	0.745624
1676000	0.0000000000	0.0100000000	0.1000000000	100	100	0	0.723044
1677000	0.0000000000	0.0100000000	0.1000000000	100	100	0	0.748839
1678000	0.0000000000	0.0100000000	0.1000000000	100	100	0	0.764256
1679000	0.0000000000	0.0100000000	0.1000000000	100	100	0	0.768404
1680000	0.0000000000	0.0100000000	0.1000000000	100	100	0	0.784804
1681000	0.0000000000	0.0100000000	0.1000000000	100	100	0	0.786062
1682000	0.0000000000	0.0100000000	0.1000000000	100	100	0	0.778858
1683000	0.0000000000	0.0100000000	0.1000000000	100	100	0	0.818218
1684000	0.0000000000	0.0100000000	0.1000000000	100	100	0	0.742673
1685000	0.0000000000	0.0100000000	0.1000000000	100	100	0	0.739571
1686000	0.0000000000	0.0100000000	0.1000000000	100	100	0	0.728841
1687000	0.0000000000	0.0100000000	0.1000000000	100	100	0	0.770268
1688000	0.0000000000	0.0100000000	0.1000000000	100	100	0	0.762489
1689000	0.0000000000	0.0100000000	0.1000000000	100	100	0	0.728431
1690000	0.0000000000	0.0100000000	0.1000000000	100	100	0	0.773674
1691000	0.0000000000	0.0100000000	0.1000000000	100	100	0	0.817971
1692000	0.0000000000	0.0100000000	0.1000000000	100	100	0	0.732500
1693000	0.0000000000	0.0100000000	0.1000000000	100	100	0	0.744515
1694000	0.0000000000	0.0100000000	0.1000000000	100	100	0	0.795027
1695000	0.0000000000	0.0100000000	0.1000000000	100	100	0	0.718688
1696000	0.0000000000	0.0100000000	0.1000000000	100	100	0	0.710459
1697000	0.0000000000	0.0100000000	0.1000000000	100	100	0	0.765342
1698000	0.0000000000	0.0100000000	0.1000000000	100	100	0	0.742582
1699000	0.0000000000	0.0100000000	0.1000000000	100	100	0	0.718861
1700000	0.0000000000	0.0100000000	0.1000000000	100	100	0	0.693683
1701000	0.0000000000	0.0100000000	0.1000000000	100	100	0	0.725532
1702000	0.0000000000	0.0100000000	0.1000000000	100	100	0	0.715073
1703000	0.0000000000	0.0100000000	0.1000000000	100	100	0	0.728648
1704000	0.0000000000	0.0100000000	0.1000000000	100	100	0	0.740486
1705000	0.0000000000	0.0100000000	0.1000000000	100	100	0	0.729577
1706000	0.0000000000	0.0100000000	0.1000000000	100	100	0	0.738570
1707000	0.0000000000	0.0100000000	0.1000000000	100	100	0	0.779757
1708000	0.0000000000	0.0100000000	0.1000000000	100	100	0	0.748583
1709000	0.0000000000	0.0100000000	0.1000000000	100	100	0	0.786311
1710000	0.0000000000	0.0100000000	0.1000000000	100	100	0	0.747627
1711000	0.0000000000	0.0100000000	0.1000000000	100	100	0	0.797714
1712000	0.0000000000	0.0100000000	0.1000000000	100	100	0	0.815316
1713000	0.0000000000	0.0100000000	0.1000000000	100	100	0	0.764907
1714000	0.0000000000	0.0100000000	0.1000000000	100	100	0	0.767021
1715000	0.0000000000	0.0100000000	0.1000000000	100	100	0	0.791239
1716000	0.0000000000	0.0100000000	0.1000000000	100	100	0	0.733261
1717000	0.0000000000	0.0100000000	0.1000000000	100	100	0	0.745738
1718000	0.0000000000	0.0100000000	0.1000000000	100	100	0	0.764615
1719000	0.0000000000	0.0100000000	0.1000000000	100	100	0	0.782130
1720000	0.0000000000	0.0100000000	0.1000000000	100	100	0	0.759456
1721000	0.0000000000	0.0100000000	0.1000000000	100	100	0	0.726366
1722000	0.0000000000	0.0100000000	0.1000000000	100	100	0	0.719551
1723000	0.0000000000	0.0100000000	0.1000000000	100	100	0	0.731812
1724000	0.0000000000	0.0100000000	0.1000000000	100	100	0	0.769181
1725000	0.0000000000	0.0100000000	0.1000000000	100	100	0	0.739107
1726000	0.0000000000	0.0100000000	0.1000000000	100	100	0	0.722030
1727000	0.0000000000	0.0100000000	0.1000000000	100	100	0	0.828868
1728000	0.0000000000	0.0100000000	0.1000000000	100	100	0	0.757063
1729000	0.0000000000	0.0100000000	0.1000000000	100	100	0	0.733401
1730000	0.0000000000	0.0100000000	0.1000000000	100	100	0	0.788382
1731000	0.0000000000	0.0100000000	0.1000000000	100	100	0	0.781888
1732000	0.0000000000	0.0100000000	0.1000000000	100	100	0	0.780173
1733000	0.0000000000	0.0100000000	0.1000000000	100	100	0	0.721547
1734000	0.0000000000	0.0100000000	0.1000000000	100	100	0	0.736182
1735000	0.0000000000	0.0100000000	0.1000000000	100	100	0	0.763130
1736000	0.0000000000	0.0100000000	0.1000000000	100	100	0	0.781638
1737000	0.0000000000	0.0100000000	0.1000000000	100	100	0	0.751954
1738000	0.0000000000	0.0100000000	0.1000000000	100	100	0	0.757593
1739000	0.0000000000	0.0100000000	0.1000000000	100	100	0	0.781320
1740000	0.0000000000	0.0100000000	0.1000000000	100	100	0	0.735514
1741000	0.0000000000	0.0100000000	0.1000000000	100	100	0	0.792695
1742000	0.0000000000	0.0100000000	0.1000000000	100	100	0	0.752163
1743000	0.0000000000	0.0100000000	0.1000000000	100	100	0	0.742928
1744000	0.0000000000	0.0100000000	0.1000000000	100	100	0	0.768797
1745000	0.0000000000	0.0100000000	0.1000000000	100	100	0	0.768911
1746000	0.0000000000	0.0100000000	0.1000000000	100	100	0	0.754791
1747000	0.0000000000	0.0100000000	0.1000000000	100	100	0	0.746725
1748000	0.0000000000	0.0100000000	0.1000000000	100	100	0	0.779663
1749000	0.0000000000	0.0100000000	0.1000000000	100	100	0	0.809403
1750000	0.0000000000	0.0100000000	0.1000000000	100	100	0	0.777024
1751000	0.0000000000	0.0100000000	0.1000000000	100	100	0	0.725568
1752000	0.0000000000	0.0100000000	0.1000000000	100	100	0	0.729883
1753000	0.0000000000	0.0100000000	0.1000000000	100	100	0	0.771368
1754000	0.0000000000	0.0100000000	0.1000000000	100	100	0	0.737782
1755000	0.0000000000	0.0100000000	0.1000000000	100	100	0	0.694379
1756000	0.0000000000	0.0100000000	0.1000000000	100	100	0	0.757085
1757000	0.0000000000	0.0100000000	0.1000000000	100	100	0	0.740716
1758000	0.0000000000	0.0100000000	0.1000000000	100	100	0	0.745390
1759000	0.0000000000	0.0100000000	0.1000000000	100	100	0	0.801514
1760000	0.0000000000	0.0100000000	0.1000000000	100	100	0	0.779817
1761000	0.0000000000	0.0100000000	0.1000000000	100	100	0	0.728149
1762000	0.0000000000	0.0100000000	0.1000000000	100	100	0	0.741185
1763000	0.0000000000	0.0100000000	0.1000000000	100	100	0	0.760796
1764000	0.0000000000	0.0100000000	0.1000000000	100	100	0	0.739499
1765000	0.0000000000	0.0100000000	0.1000000000	100	100	0	0.740757
1766000	0.0000000000	0.0100000000	0.1000000000	100	100	0	0.756515
1767000	0.0000000000	0.0100000000	0.1000000000	100	100	0	0.725460
1768000	0.0000000000	0.0100000000	0.1000000000	100	100	0	0.762054
1769000	0.0000000000	0.0100000000	0.1000000000	100	100	0	0.730373
1770000	0.0000000000	0.0100000000	0.1000000000	100	100	0	0.754198
1771000	0.0000000000	0.0100000000	0.1000000000	100	100	0	0.723408
1772000	0.0000000000	0.0100000000	0.1000000000	100	100	0	0.736130
1773000	0.0000000000	0.0100000000	0.1000000000	100	100	0	0.747826
1774000	0.0000000000	0.0100000000	0.1000000000	100	100	0	0.774194
1775000	0.0000000000	0.0100000000	0.1000000000	100	100	0	0.730660
1776000	0.0000000000	0.0100000000	0.1000000000	100	100	0	0.730142
1777000	0.0000000000	0.0100000000	0.1000000000	100	100	0	0.720539
1778000	0.0000000000	0.0100000000	0.1000000000	100	100	0	0.731563
1779000	0.0000000000	0.0100000000	0.1000000000	100	100	0	0.809749
1780000	0.0000000000	0.0100000000	0.1000000000	100	100	0	0.764971
1781000	0.0000000000	0.0100000000	0.1000000000	100	100	0	0.695936
1782000	0.0000000000	0.0100000000	0.1000000000	100	100	0	0.778168
1783000	0.0000000000	0.0100000000	0.1000000000	100	100	0	0.718723
1784000	0.0000000000	0.0100000000	0.1000000000	100	100	0	0.745478
1785000	0.0000000000	0.0100000000	0.1000000000	100	100	0	0.724601
1786000	0.0000000000	0.0100000000	0.1000000000	100	100	0	0.779255
1787000	0.0000000000	0.0100000000	0.1000000000	100	100	0	0.701857
1788000	0.0000000000	0.0100000000	0.1000000000	100	100	0	0.749652
1789000	0.0000000000	0.0100000000	0.1000000000	100	100	0	0.733850
1790000	0.0000000000	0.0100000000	0.1000000000	100	100	0	0.730145
1791000	0.0000000000	0.0100000000	0.1000000000	100	100	0	0.781891
1792000	0.0000000000	0.0100000000	0.1000000000	100	100	0	0.737242
1793000	0.0000000000	0.0100000000	0.1000000000	100	100	0	0.743223
1794000	0.0000000000	0.0100000000	0.1000000000	100	100	0	0.796855
1795000	0.0000000000	0.0100000000	0.1000000000	100	100	0	0.766855
1796000	0.0000000000	0.0100000000	0.1000000000	100	100	0	0.775395
1797000	0.0000000000	0.0100000000	0.1000000000	100	100	0	0.764281
1798000	0.0000000000	0.0100000000	0.1000000000	100	100	0	0.745782
1799000	0.0000000000	0.0100000000	0.1000000000	100	100	0	0.745459
1800000	0.0000000000	0.0100000000	0.1000000000	100	100	0	0.807595
1801000	0.0000000000	0.0100000000	0.1000000000	100	100	0	0.716872
1802000	0.0000000000	0.0100000000	0.1000000000	100	100	0	0.769863
1803000	0.0000000000	0.0100000000	0.1000000000	100	100	0	0.752231
1804000	0.0000000000	0.0100000000	0.1000000000	100	100	0	0.777268
1805000	0.0000000000	0.0100000000	0.1000000000	100	100	0	0.788233
1806000	0.0000000000	0.0100000000	0.1000000000	100	100	0	0.748604
1807000	0.0000000000	0.0100000000	0.1000000000	100	100	0	0.713051
1808000	0.0000000000	0.0100000000	0.1000000000	100	100	0	0.752260
1809000	0.0000000000	0.0100000000	0.1000000000	100	100	0	0.712903
1810000	0.0000000000	0.0100000000	0.1000000000	100	100	0	0.769839
1811000	0.0000000000	0.0100000000	0.1000000000	100	100	0	0.755955
1812000	0.0000000000	0.0100000000	0.1000000000	100	100	0	0.783426
1813000	0.0000000000	0.0100000000	0.1000000000	100	100	0	0.738664
1814000	0.0000000000	0.0100000000	0.1000000000	100	100	0	0.754302
1815000	0.0000000000	0.0100000000	0.1000000000	100	100	0	0.721064
1816000	0.0000000000	0.0100000000	0.1000000000	100	100	0	0.743497
1817000	0.0000000000	0.0100000000	0.1000000000	100	100	0	0.767031
1818000	0.0000000000	0.0100000000	0.1000000000	100	100	0	0.790349
1819000	0.0000000000	0.0100000000	0.1000000000	100	100	0	0.784586
1820000	0.0000000000	0.0100000000	0.1000000000	100	100	0	0.750568
1821000	0.0000000000	0.0100000000	0.1000000000	100	100	0	0.742568
1822000	0.0000000000	0.0100000000	0.1000000000	100	100	0	0.751477
1823000	0.0000000000	0.0100000000	0.1000000000	100	100	0	0.732387
1824000	0.0000000000	0.0100000000	0.1000000000	100	100	0	0.746356
1825000	0.0000000000	0.0100000000	0.1000000000	100	100	0	0.750167
1826000	0.0000000000	0.0100000000	0.1000000000	100	100	0	0.739671
1827000	0.0000000000	0.0100000000	0.1000000000	100	100	0	0.829217
1828000	0.0000000000	0.0100000000	0.1000000000	100	100	0	0.798906
1829000	0.0000000000	0.0100000000	0.1000000000	100	100	0	0.775666
1830000	0.0000000000	0.0100000000	0.1000000000	100	100	0	0.742532
1831000	0.0000000000	0.0100000000	0.1000000000	100	100	0	0.776065
1832000	0.0000000000	0.0100000000	0.1000000000	100	100	0	0.769146
1833000	0.0000000000	0.0100000000	0.1000000000	100	100	0	0.760171
1834000	0.0000000000	0.0100000000	0.1000000000	100	100	0	0.745170
1835000	0.0000000000	0.0100000000	0.1000000000	100	100	0	0.756929
1836000	0.0000000000	0.0100000000	0.1000000000	100	100	0	0.767381
1837000	0.0000000000	0.0100000000	0.1000000000	100	100	0	0.779504
1838000	0.0000000000	0.0100000000	0.1000000000	100	100	0	0.761565
1839000	0.0000000000	0.0100000000	0.1000000000	100	100	0	0.771217
1840000	0.0000000000	0.0100000000	0.1000000000	100	100	0	0.707658
1841000	0.0000000000	0.0100000000	0.1000000000	100	100	0	0.775064
1842000	0.0000000000	0.0100000000	0.1000000000	100	100	0	0.714168
1843000	0.0000000000	0.0100000000	0.1000000000	100	100	0	0.772119
1844000	0.0000000000	0.0100000000	0.1000000000	100	100	0	0.760796
1845000	0.0000000000	0.0100000000	0.1000000000	100	100	0	0.770423
1846000	0.0000000000	0.0100000000	0.1000000000	100	100	0	0.740806
1847000	0.0000000000	0.0100000000	0.1000000000	100	100	0	0.762601
1848000	0.0000000000	0.0100000000	0.1000000000	100	100	0	0.774252
1849000	0.0000000000	0.0100000000	0.1000000000	100	100	0	0.736951
1850000	0.0000000000	0.0100000000	0.1000000000	100	100	0	0.755476
1851000	0.0000000000	0.0100000000	0.1000000000	100	100	0	0.740141
1852000	0.0000000000	0.0100000000	0.1000000000	100	100	0	0.802430
1853000	0.0000000000	0.0100000000	0.1000000000	100	100	0	0.775433
1854000	0.0000000000	0.0100000000	0.1000000000	100	100	0	0.788827
1855000	0.0000000000	0.0100000000	0.1000000000	100	100	0	0.744333
1856000	0.0000000000	0.0100000000	0.1000000000	100	100	0	0.740388
1857000	0.0000000000	0.0100000000	0.1000000000	100	100	0	0.730555
1858000	0.0000000000	0.0100000000	0.1000000000	100	100	0	0.748996
1859000	0.0000000000	0.0100000000	0.1000000000	100	100	0	0.728679
1860000	0.0000000000	0.0100000000	0.1000000000	100	100	0	0.736099
1861000	0.0000000000	0.0100000000	0.1000000000	100	100	0	0.772504
1862000	0.0000000000	0.0100000000	0.1000000000	100	100	0	0.745183
1863000	0.0000000000	0.0100000000	0.1000000000	100	100	0	0.793595
1864000	0.0000000000	0.0100000000	0.1000000000	100	100	0	0.770270
1865000	0.0000000000	0.0100000000	0.1000000000	100	100	0	0.746069
1866000	0.0000000000	0.0100000000	0.1000000000	100	100	0	0.736093
1867000	0.0000000000	0.0100000000	0.1000000000	100	100	0	0.700639
1868000	0.0000000000	0.0100000000	0.1000000000	100	100	0	0.717356
1869000	0.0000000000	0.0100000000	0.1000000000	100	100	0	0.719897
1870000	0.0000000000	0.0100000000	0.1000000000	100	100	0	0.742783
1871000	0.0000000000	0.0100000000	0.1000000000	100	100	0	0.737398
1872000	0.0000000000	0.0100000000	0.1000000000	100	100	0	0.791590
1873000	0.0000000000	0.0100000000	0.1000000000	100	100	0	0.715050
1874000	0.0000000000	0.0100000000	0.1000000000	100	100	0	0.732849
1875000	0.0000000000	0.0100000000	0.1000000000	100	100	0	0.714578
1876000	0.0000000000	0.0100000000	0.1000000000	100	100	0	0.801948
1877000	0.0000000000	0.0100000000	0.1000000000	100	100	0	0.802286
1878000	0.0000000000	0.0100000000	0.1000000000	100	100	0	0.783042
1879000	0.0000000000	0.0100000000	0.1000000000	100	100	0	0.763462
1880000	0.0000000000	0.0100000000	0.1000000000	100	100	0	0.737648
1881000	0.0000000000	0.0100000000	0.1000000000	100	100	0	0.763751
1882000	0.0000000000	0.0100000000	0.1000000000	100	100	0	0.705253
1883000	0.0000000000	0.0100000000	0.1000000000	100	100	0	0.755051
1884000	0.0000000000	0.0100000000	0.1000000000	100	100	0	0.754237
1885000	0.0000000000	0.0100000000	0.1000000000	100	100	0	0.751676
1886000	0.0000000000	0.0100000000	0.1000000000	100	100	0	0.754599
1887000	0.0000000000	0.0100000000	0.1000000000	100	100	0	0.790182
1888000	0.0000000000	0.0100000000	0.1000000000	100	100	0	0.750532
1889000	0.0000000000	0.0100000000	0.1000000000	100	100	0	0.717703
1890000	0.0000000000	0.0100000000	0.1000000000	100	100	0	0.769513
1891000	0.0000000000	0.0100000000	0.1000000000	100	100	0	0.731469
1892000	0.0000000000	0.0100000000	0.1000000000	100	100	0	0.747462
1893000	0.0000000000	0.0100000000	0.1000000000	100	100	0	0.728798
1894000	0.0000000000	0.0100000000	0.1000000000	100	100	0	0.770632
1895000	0.0000000000	0.0100000000	0.1000000000	100	100	0	0.750999
1896000	0.0000000000	0.0100000000	0.1000000000	100	100	0	0.759887
1897000	0.0000000000	0.0100000000	0.1000000000	100	100	0	0.755107
1898000	0.0000000000	0.0100000000	0.1000000000	100	100	0	0.726579
1899000	0.0000000000	0.0100000000	0.1000000000	100	100	0	0.698802
1900000	0.0000000000	0.0100000000	0.1000000000	100	100	0	0.777729
1901000	0.0000000000	0.0100000000	0.1000000000	100	100	0	0.796628
1902000	0.0000000000	0.0100000000	0.1000000000	100	100	0	0.771333
1903000	0.0000000000	0.0100000000	0.1000000000	100	100	0	0.760969
1904000	0.0000000000	0.0100000000	0.1000000000	100	100	0	0.740346
1905000	0.0000000000	0.0100000000	0.1000000000	100	100	0	0.798890
1906000	0.0000000000	0.0100000000	0.1000000000	100	100	0	0.746483
1907000	0.0000000000	0.0100000000	0.1000000000	100	100	0	0.727884
1908000	0.0000000000	0.0100000000	0.1000000000	100	100	0	0.760467
1909000	0.0000000000	0.0100000000	0.1000000000	100	100	0	0.735616
1910000	0.0000000000	0.0100000000	0.1000000000	100	100	0	0.725193
1911000	0.0000000000	0.0100000000	0.1000000000	100	100	0	0.715377
1912000	0.0000000000	0.0100000000	0.1000000000	100	100	0	0.754926
1913000	0.0000000000	0.0100000000	0.1000000000	100	100	0	0.749076
1914000	0.0000000000	0.0100000000	0.1000000000	100	100	0	0.765192
1915000	0.0000000000	0.0100000000	0.1000000000	100	100	0	0.735073
1916000	0.0000000000	0.0100000000	0.1000000000	100	100	0	0.780722
1917000	0.0000000000	0.0100000000	0.1000000000	100	100	0	0.751130
1918000	0.0000000000	0.0100000000	0.1000000000	100	100	0	0.784544
1919000	0.0000000000	0.0100000000	0.1000000000	100	100	0	0.767585
1920000	0.0000000000	0.0100000000	0.1000000000	100	100	0	0.755416
1921000	0.0000000000	0.0100000000	0.1000000000	100	100	0	0.749821
1922000	0.0000000000	0.0100000000	0.1000000000	100	100	0	0.775802
1923000	0.0000000000	0.0100000000	0.1000000000	100	100	0	0.826207
1924000	0.0000000000	0.0100000000	0.1000000000	100	100	0	0.786932
1925000	0.0000000000	0.0100000000	0.1000000000	100	100	0	0.783892
1926000	0.0000000000	0.0100000000	0.1000000000	100	100	0	0.750363
1927000	0.0000000000	0.0100000000	0.1000000000	100	100	0	0.759586
1928000	0.0000000000	0.0100000000	0.1000000000	100	100	0	0.722737
1929000	0.0000000000	0.0100000000	0.1000000000	100	100	0	0.745260
1930000	0.0000000000	0.0100000000	0.1000000000	100	100	0	0.746066
1931000	0.0000000000	0.0100000000	0.1000000000	100	100	0	0.739688
1932000	0.0000000000	0.0100000000	0.1000000000	100	100	0	0.766547
1933000	0.0000000000	0.0100000000	0.1000000000	100	100	0	0.756690
1934000	0.0000000000	0.0100000000	0.1000000000	100	100	0	0.751359
1935000	0.0000000000	0.0100000000	0.1000000000	100	100	0	0.750313
1936000	0.0000000000	0.0100000000	0.1000000000	100	100	0	0.748598
1937000	0.0000000000	0.0100000000	0.1000000000	100	100	0	0.770271
1938000	0.0000000000	0.0100000000	0.1000000000	100	100	0	0.740808
1939000	0.0000000000	0.0100000000	0.1000000000	100	100	0	0.774584
1940000	0.0000000000	0.0100000000	0.1000000000	100	100	0	0.784529
1941000	0.0000000000	0.0100000000	0.1000000000	100	100	0	0.741738
1942000	0.0000000000	0.0100000000	0.1000000000	100	100	0	0.751698
1943000	0.0000000000	0.0100000000	0.1000000000	100	100	0	0.788630
1944000	0.0000000000	0.0100000000	0.1000000000	100	100	0	0.773381
1945000	0.0000000000	0.0100000000	0.1000000000	100	100	0	0.773371
1946000	0.0000000000	0.0100000000	0.1000000000	100	100	0	0.781018
1947000	0.0000000000	0.0100000000	0.1000000000	100	100	0	0.750260
1948000	0.0000000000	0.0100000000	0.1000000000	100	100	0	0.756521
1949000	0.0000000000	0.0100000000	0.1000000000	100	100	0	0.715983
1950000	0.0000000000	0.0100000000	0.1000000000	100	100	0	0.744484
1951000	0.0000000000	0.0100000000	0.1000000000	100	100	0	0.737091
1952000	0.0000000000	0.0100000000	0.1000000000	100	100	0	0.753154
1953000	0.0000000000	0.0100000000	0.1000000000	100	100	0	0.770275
1954000	0.0000000000	0.0100000000	0.1000000000	100	100	0	0.774652
1955000	0.0000000000	0.0100000000	0.1000000000	100	100	0	0.799241
1956000	0.0000000000	0.0100000000	0.1000000000	100	100	0	0.761644
1957000	0.0000000000	0.0100000000	0.1000000000	100	100	0	0.788811
1958000	0.0000000000	0.0100000000	0.1000000000	100	100	0	0.736652
1959000	0.0000000000	0.0100000000	0.1000000000	100	100	0	0.747368
1960000	0.0000000000	0.0100000000	0.1000000000	100	100	0	0.742961
1961000	0.0000000000	0.0100000000	0.1000000000	100	100	0	0.803274
1962000	0.0000000000	0.0100000000	0.1000000000	100	100	0	0.779577
1963000	0.0000000000	0.0100000000	0.1000000000	100	100	0	0.729423
1964000	0.0000000000	0.0100000000	0.1000000000	100	100	0	0.762301
1965000	0.0000000000	0.0100000000	0.1000000000	100	100	0	0.703333
1966000	0.0000000000	0.0100000000	0.1000000000	100	100	0	0.711012
1967000	0.0000000000	0.0100000000	0.1000000000	100	100	0	0.783277
1968000	0.0000000000	0.0100000000	0.1000000000	100	100	0	0.761232
1969000	0.0000000000	0.0100000000	0.1000000000	100	100	0	0.734885
1970000	0.0000000000	0.0100000000	0.1000000000	100	100	0	0.719842
1971000	0.0000000000	0.0100000000	0.1000000000	100	100	0	0.768563
1972000	0.0000000000	0.0100000000	0.1000000000	100	100	0	0.762123
1973000	0.0000000000	0.0100000000	0.1000000000	100	100	0	0.793562
1974000	0.0000000000	0.0100000000	0.1000000000	100	100	0	0.738318
1975000	0.0000000000	0.0100000000	0.1000000000	100	100	0	0.702418
1976000	0.0000000000	0.0100000000	0.1000000000	100	100	0	0.800934
1977000	0.0000000000	0.0100000000	0.1000000000	100	100	0	0.735987
1978000	0.0000000000	0.0100000000	0.1000000000	100	100	0	0.738354
1979000	0.0000000000	0.0100000000	0.1000000000	100	100	0	0.741704
1980000	0.0000000000	0.0100000000	0.1000000000	100	100	0	0.821826
1981000	0.0000000000	0.0100000000	0.1000000000	100	100	0	0.737114
1982000	0.0000000000	0.0100000000	0.1000000000	100	100	0	0.759861
1983000	0.0000000000	0.0100000000	0.1000000000	100	100	0	0.738051
1984000	0.0000000000	0.0100000000	0.1000000000	100	100	0	0.786945
1985000	0.0000000000	0.0100000000	0.1000000000	100	100	0	0.742590
1986000	0.0000000000	0.0100000000	0.1000000000	100	100	0	0.776377
1987000	0.0000000000	0.0100000000	0.1000000000	100	100	0	0.798046
1988000	0.0000000000	0.0100000000	0.1000000000	100	100	0	0.752414
1989000	0.0000000000	0.0100000000	0.1000000000	100	100	0	0.719212
1990000	0.0000000000	0.0100000000	0.1000000000	100	100	0	0.728650
1991000	0.0000000000	0.0100000000	0.1000000000	100	100	0	0.742481
1992000	0.0000000000	0.0100000000	0.1000000000	100	100	0	0.786771
1993000	0.0000000000	0.0100000000	0.1000000000	100	100	0	0.743892
1994000	0.0000000000	0.0100000000	0.1000000000	100	100	0	0.758953
1995000	0.0000000000	0.0100000000	0.1000000000	100	100	0	0.699554
1996000	0.0000000000	0.0100000000	0.1000000000	100	100	0	0.731429
1997000	0.0000000000	0.0100000000	0.1000000000	100	100	0	0.754031
1998000	0.0000000000	0.0100000000	0.1000000000	100	100	0	0.733243
1999000	0.0000000000	0.0100000000	0.1000000000	100	100	0	0.758425
2000000	0.0000000000	0.0100000000	0.1000000000	100	100	0	0.797699
2001000	0.0000000000	0.0100000000	0.1000000000	100	100	0	0.724884
2002000	0.0000000000	0.0100000000	0.1000000000	100	100	0	0.768720
2003000	0.0000000000	0.0100000000	0.1000000000	100	100	0	0.774163
2004000	0.0000000000	0.0100000000	0.1000000000	100	100	0	0.747697
2005000	0.0000000000	0.0100000000	0.1000000000	100	100	0	0.782483
2006000	0.0000000000	0.0100000000	0.1000000000	100	100	0	0.754446
2007000	0.0000000000	0.0100000000	0.1000000000	100	100	0	0.756391
2008000	0.0000000000	0.0100000000	0.1000000000	100	100	0	0.701575
2009000	0.0000000000	0.0100000000	0.1000000000	100	100	0	0.755663
2010000	0.0000000000	0.0100000000	0.1000000000	100	100	0	0.763554
2011000	0.0000000000	0.0100000000	0.1000000000	100	100	0	0.745236
2012000	0.0000000000	0.0100000000	0.1000000000	100	100	0	0.775826
2013000	0.0000000000	0.0100000000	0.1000000000	100	100	0	0.753810
2014000	0.0000000000	0.0100000000	0.1000000000	100	100	0	0.739731
2015000	0.0000000000	0.0100000000	0.1000000000	100	100	0	0.773766
2016000	0.0000000000	0.0100000000	0.1000000000	100	100	0	0.752403
2017000	0.0000000000	0.0100000000	0.1000000000	100	100	0	0.767336
2018000	0.0000000000	0.0100000000	0.1000000000	100	100	0	0.736772
2019000	0.0000000000	0.0100000000	0.1000000000	100	100	0	0.748544
2020000	0.0000000000	0.0100000000	0.1000000000	100	100	0	0.790204
2021000	0.0000000000	0.0100000000	0.1000000000	100	100	0	0.722025
2022000	0.0000000000	0.0100000000	0.1000000000	100	100	0	0.776934
2023000	0.0000000000	0.0100000000	0.1000000000	100	100	0	0.790717
2024000	0.0000000000	0.0100000000	0.1000000000	100	100	0	0.758939
2025000	0.0000000000	0.0100000000	0.1000000000	100	100	0	0.710057
2026000	0.0000000000	0.0100000000	0.1000000000	100	100	0	0.797238
2027000	0.0000000000	0.0100000000	0.1000000000	100	100	0	0.776205
2028000	0.0000000000	0.0100000000	0.1000000000	100	100	0	0.778261
2029000	0.0000000000	0.0100000000	0.1000000000	100	100	0	0.719313
2030000	0.0000000000	0.0100000000	0.1000000000	100	100	0	0.770159
2031000	0.0000000000	0.0100000000	0.1000000000	100	100	0	0.748358
2032000	0.0000000000	0.0100000000	0.1000000000	100	100	0	0.801840
2033000	0.0000000000	0.0100000000	0.1000000000	100	100	0	0.779002
2034000	0.0000000000	0.0100000000	0.1000000000	100	100	0	0.742088
2035000	0.0000000000	0.0100000000	0.1000000000	100	100	0	0.810289
2036000	0.0000000000	0.0100000000	0.1000000000	100	100	0	0.759151
2037000	0.0000000000	0.0100000000	0.1000000000	100	100	0	0.742286
2038000	0.0000000000	0.0100000000	0.1000000000	100	100	0	0.741701
2039000	0.0000000000	0.0100000000	0.1000000000	100	100	0	0.775438
2040000	0.0000000000	0.0100000000	0.1000000000	100	100	0	0.819029
2041000	0.0000000000	0.0100000000	0.1000000000	100	100	0	0.728830
2042000	0.0000000000	0.0100000000	0.1000000000	100	100	0	0.747870
2043000	0.0000000000	0.0100000000	0.1000000000	100	100	0	0.743566
2044000	0.0000000000	0.0100000000	0.1000000000	100	100	0	0.743440
2045000	0.0000000000	0.0100000000	0.1000000000	100	100	0	0.747054
2046000	0.0000000000	0.0100000000	0.1000000000	100	100	0	0.756334
2047000	0.0000000000	0.0100000000	0.1000000000	100	100	0	0.757195
2048000	0.0000000000	0.0100000000	0.1000000000	100	100	0	0.778926
2049000	0.0000000000	0.0100000000	0.1000000000	100	100	0	0.763375
2050000	0.0000000000	0.0100000000	0.1000000000	100	100	0	0.769854
2051000	0.0000000000	0.0100000000	0.1000000000	100	100	0	0.772894
2052000	0.0000000000	0.0100000000	0.1000000000	100	100	0	0.765082
2053000	0.0000000000	0.0100000000	0.1000000000	100	100	0	0.756101
2054000	0.0000000000	0.0100000000	0.1000000000	100	100	0	0.712473
2055000	0.0000000000	0.0100000000	0.1000000000	100	100	0	0.729324
2056000	0.0000000000	0.0100000000	0.1000000000	100	100	0	0.759040
2057000	0.0000000000	0.0100000000	0.1000000000	100	100	0	0.773540
2058000	0.0000000000	0.0100000000	0.1000000000	100	100	0	0.760901
2059000	0.0000000000	0.0100000000	0.1000000000	100	100	0	0.756567
2060000	0.0000000000	0.0100000000	0.1000000000	100	100	0	0.782659
2061000	0.0000000000	0.0100000000	0.1000000000	100	100	0	0.731558
2062000	0.0000000000	0.0100000000	0.1000000000	100	100	0	0.707569
2063000	0.0000000000	0.0100000000	0.1000000000	100	100	0	0.727797
2064000	0.0000000000	0.0100000000	0.1000000000	100	100	0	0.744057
2065000	0.0000000000	0.0100000000	0.1000000000	100	100	0	0.764553
2066000	0.0000000000	0.0100000000	0.1000000000	100	100	0	0.767758
2067000	0.0000000000	0.0100000000	0.1000000000	100	100	0	0.737722
2068000	0.0000000000	0.0100000000	0.1000000000	100	100	0	0.743636
2069000	0.0000000000	0.0100000000	0.1000000000	100	100	0	0.714104
2070000	0.0000000000	0.0100000000	0.1000000000	100	100	0	0.751339
2071000	0.0000000000	0.0100000000	0.1000000000	100	100	0	0.733526
2072000	0.0000000000	0.0100000000	0.1000000000	100	100	0	0.749647
2073000	0.0000000000	0.0100000000	0.1000000000	100	100	0	0.746929
2074000	0.0000000000	0.0100000000	0.1000000000	100	100	0	0.751024
2075000	0.0000000000	0.0100000000	0.1000000000	100	100	0	0.750700
2076000	0.0000000000	0.0100000000	0.1000000000	100	100	0	0.722786
2077000	0.0000000000	0.0100000000	0.1000000000	100	100	0	0.699333
2078000	0.0000000000	0.0100000000	0.1000000000	100	100	0	0.738816
2079000	0.0000000000	0.0100000000	0.1000000000	100	100	0	0.763688
2080000	0.0000000000	0.0100000000	0.1000000000	100	100	0	0.767010
2081000	0.0000000000	0.0100000000	0.1000000000	100	100	0	0.725237
2082000	0.0000000000	0.0100000000	0.1000000000	100	100	0	0.744755
2083000	0.0000000000	0.0100000000	0.1000000000	100	100	0	0.739638
2084000	0.0000000000	0.0100000000	0.1000000000	100	100	0	0.728946
2085000	0.0000000000	0.0100000000	0.1000000000	100	100	0	0.797730
2086000	0.0000000000	0.0100000000	0.1000000000	100	100	0	0.747662
2087000	0.0000000000	0.0100000000	0.1000000000	100	100	0	0.727948
2088000	0.0000000000	0.0100000000	0.1000000000	100	100	0	0.820065
2089000	0.0000000000	0.0100000000	0.1000000000	100	100	0	0.720597
2090000	0.0000000000	0.0100000000	0.1000000000	100	100	0	0.755304
2091000	0.0000000000	0.0100000000	0.1000000000	100	100	0	0.748806
2092000	0.0000000000	0.0100000000	0.1000000000	100	100	0	0.769189
2093000	0.0000000000	0.0100000000	0.1000000000	100	100	0	0.783826
2094000	0.0000000000	0.0100000000	0.1000000000	100	100	0	0.736821
2095000	0.0000000000	0.0100000000	0.1000000000	100	100	0	0.766546
2096000	0.0000000000	0.0100000000	0.1000000000	100	100	0	0.751429
2097000	0.0000000000	0.0100000000	0.1000000000	100	100	0	0.843298
2098000	0.0000000000	0.0100000000	0.1000000000	100	100	0	0.753525
2099000	0.0000000000	0.0100000000	0.1000000000	100	100	0	0.746145
2100000	0.0000000000	0.0100000000	0.1000000000	100	100	0	0.796900
2101000	0.0000000000	0.0100000000	0.1000000000	100	100	0	0.814507
2102000	0.0000000000	0.0100000000	0.1000000000	100	100	0	0.779360
2103000	0.0000000000	0.0100000000	0.1000000000	100	100	0	0.776061
2104000	0.0000000000	0.0100000000	0.1000000000	100	100	0	0.755565
2105000	0.0000000000	0.0100000000	0.1000000000	100	100	0	0.715177
2106000	0.0000000000	0.0100000000	0.1000000000	100	100	0	0.769572
2107000	0.0000000000	0.0100000000	0.1000000000	100	100	0	0.807051
2108000	0.0000000000	0.0100000000	0.1000000000	100	100	0	0.747897
2109000	0.0000000000	0.0100000000	0.1000000000	100	100	0	0.739635
2110000	0.0000000000	0.0100000000	0.1000000000	100	100	0	0.731479
2111000	0.0000000000	0.0100000000	0.1000000000	100	100	0	0.756312
2112000	0.0000000000	0.0100000000	0.1000000000	100	100	0	0.741383
2113000	0.0000000000	0.0100000000	0.1000000000	100	100	0	0.768973
2114000	0.0000000000	0.0100000000	0.1000000000	100	100	0	0.800966
2115000	0.0000000000	0.0100000000	0.1000000000	100	100	0	0.741286
2116000	0.0000000000	0.0100000000	0.1000000000	100	100	0	0.744809
2117000	0.0000000000	0.0100000000	0.1000000000	100	100	0	0.804271
2118000	0.0000000000	0.0100000000	0.1000000000	100	100	0	0.731953
2119000	0.0000000000	0.0100000000	0.1000000000	100	100	0	0.748451
2120000	0.0000000000	0.0100000000	0.1000000000	100	100	0	0.779845
2121000	0.0000000000	0.0100000000	0.1000000000	100	100	0	0.775146
2122000	0.0000000000	0.0100000000	0.1000000000	100	100	0	0.777673
2123000	0.0000000000	0.0100000000	0.1000000000	100	100	0	0.740123
2124000	0.0000000000	0.0100000000	0.1000000000	100	100	0	0.786443
2125000	0.0000000000	0.0100000000	0.1000000000	100	100	0	0.742490
2126000	0.0000000000	0.0100000000	0.1000000000	100	100	0	0.787535
2127000	0.0000000000	0.0100000000	0.1000000000	100	100	0	0.770097
2128000	0.0000000000	0.0100000000	0.1000000000	100	100	0	0.754805
2129000	0.0000000000	0.0100000000	0.1000000000	100	100	0	0.771001
2130000	0.0000000000	0.0100000000	0.1000000000	100	100	0	0.786698
2131000	0.0000000000	0.0100000000	0.1000000000	100	100	0	0.757752
2132000	0.0000000000	0.0100000000	0.1000000000	100	100	0	0.786747
2133000	0.0000000000	0.0100000000	0.1000000000	100	100	0	0.745100
2134000	0.0000000000	0.0100000000	0.1000000000	100	100	0	0.751410
2135000	0.0000000000	0.0100000000	0.1000000000	100	100	0	0.778717
2136000	0.0000000000	0.0100000000	0.1000000000	100	100	0	0.801307
2137000	0.0000000000	0.0100000000	0.1000000000	100	100	0	0.768342
2138000	0.0000000000	0.0100000000	0.1000000000	100	100	0	0.747909
2139000	0.0000000000	0.0100000000	0.1000000000	100	100	0	0.781030
2140000	0.0000000000	0.0100000000	0.1000000000	100	100	0	0.744002
2141000	0.0000000000	0.0100000000	0.1000000000	100	100	0	0.732564
2142000	0.0000000000	0.0100000000	0.1000000000	100	100	0	0.760582
2143000	0.0000000000	0.0100000000	0.1000000000	100	100	0	0.790500
2144000	0.0000000000	0.0100000000	0.1000000000	100	100	0	0.754844
2145000	0.0000000000	0.0100000000	0.1000000000	100	100	0	0.823797
2146000	0.0000000000	0.0100000000	0.1000000000	100	100	0	0.743974
2147000	0.0000000000	0.0100000000	0.1000000000	100	100	0	0.759098
2148000	0.0000000000	0.0100000000	0.1000000000	100	100	0	0.790145
2149000	0.0000000000	0.0100000000	0.1000000000	100	100	0	0.738809
2150000	0.0000000000	0.0100000000	0.1000000000	100	100	0	0.696592
2151000	0.0000000000	0.0100000000	0.1000000000	100	100	0	0.712792
2152000	0.0000000000	0.0100000000	0.1000000000	100	100	0	0.751402
2153000	0.0000000000	0.0100000000	0.1000000000	100	100	0	0.753677
2154000	0.0000000000	0.0100000000	0.1000000000	100	100	0	0.741558
2155000	0.0000000000	0.0100000000	0.1000000000	100	100	0	0.749175
2156000	0.0000000000	0.0100000000	0.1000000000	100	100	0	0.798784
2157000	0.0000000000	0.0100000000	0.1000000000	100	100	0	0.733890
2158000	0.0000000000	0.0100000000	0.1000000000	100	100	0	0.701114
2159000	0.0000000000	0.0100000000	0.1000000000	100	100	0	0.752145
2160000	0.0000000000	0.0100000000	0.1000000000	100	100	0	0.774319
2161000	0.0000000000	0.0100000000	0.1000000000	100	100	0	0.782018
2162000	0.0000000000	0.0100000000	0.1000000000	100	100	0	0.770108
2163000	0.0000000000	0.0100000000	0.1000000000	100	100	0	0.748102
2164000	0.0000000000	0.0100000000	0.1000000000	100	100	0	0.731724
2165000	0.0000000000	0.0100000000	0.1000000000	100	100	0	0.770371
2166000	0.0000000000	0.0100000000	0.1000000000	100	100	0	0.749504
2167000	0.0000000000	0.0100000000	0.1000000000	100	100	0	0.750437
2168000	0.0000000000	0.0100000000	0.1000000000	100	100	0	0.728527
2169000	0.0000000000	0.0100000000	0.1000000000	100	100	0	0.774148
2170000	0.0000000000	0.0100000000	0.1000000000	100	100	0	0.753345
2171000	0.0000000000	0.0100000000	0.1000000000	100	100	0	0.775245
2172000	0.0000000000	0.0100000000	0.1000000000	100	100	0	0.687875
2173000	0.0000000000	0.0100000000	0.1000000000	100	100	0	0.783632
2174000	0.0000000000	0.0100000000	0.1000000000	100	100	0	0.738958
2175000	0.0000000000	0.0100000000	0.1000000000	100	100	0	0.799917
2176000	0.0000000000	0.0100000000	0.1000000000	100	100	0	0.716748
2177000	0.0000000000	0.0100000000	0.1000000000	100	100	0	0.740064
2178000	0.0000000000	0.0100000000	0.1000000000	100	100	0	0.747117
2179000	0.0000000000	0.0100000000	0.1000000000	100	100	0	0.736474
2180000	0.0000000000	0.0100000000	0.1000000000	100	100	0	0.749369
2181000	0.0000000000	0.0100000000	0.1000000000	100	100	0	0.771151
2182000	0.0000000000	0.0100000000	0.1000000000	100	100	0	0.766613
2183000	0.0000000000	0.0100000000	0.1000000000	100	100	0	0.787640
2184000	0.0000000000	0.0100000000	0.1000000000	100	100	0	0.754803
2185000	0.0000000000	0.0100000000	0.1000000000	100	100	0	0.772675
2186000	0.0000000000	0.0100000000	0.1000000000	100	100	0	0.754394
2187000	0.0000000000	0.0100000000	0.1000000000	100	100	0	0.758322
2188000	0.0000000000	0.0100000000	0.1000000000	100	100	0	0.808021
2189000	0.0000000000	0.0100000000	0.1000000000	100	100	0	0.762833
2190000	0.0000000000	0.0100000000	0.1000000000	100	100	0	0.774705
2191000	0.0000000000	0.0100000000	0.1000000000	100	100	0	0.711372
2192000	0.0000000000	0.0100000000	0.1000000000	100	100	0	0.734484
2193000	0.0000000000	0.0100000000	0.1000000000	100	100	0	0.780712
2194000	0.0000000000	0.0100000000	0.1000000000	100	100	0	0.723788
2195000	0.0000000000	0.0100000000	0.1000000000	100	100	0	0.750407
2196000	0.0000000000	0.0100000000	0.1000000000	100	100	0	0.758450
2197000	0.0000000000	0.0100000000	0.1000000000	100	100	0	0.758510
2198000	0.0000000000	0.0100000000	0.1000000000	100	100	0	0.738334
2199000	0.0000000000	0.0100000000	0.1000000000	100	100	0	0.752882
2200000	0.0000000000	0.0100000000	0.1000000000	100	100	0	0.731555
2201000	0.0000000000	0.0100000000	0.1000000000	100	100	0	0.717541
2202000	0.0000000000	0.0100000000	0.1000000000	100	100	0	0.748980
2203000	0.0000000000	0.0100000000	0.1000000000	100	100	0	0.726095
2204000	0.0000000000	0.0100000000	0.1000000000	100	100	0	0.734895
2205000	0.0000000000	0.0100000000	0.1000000000	100	100	0	0.768738
2206000	0.0000000000	0.0100000000	0.1000000000	100	100	0	0.716303
2207000	0.0000000000	0.0100000000	0.1000000000	100	100	0	0.780965
2208000	0.0000000000	0.0100000000	0.1000000000	100	100	0	0.730351
2209000	0.0000000000	0.0100000000	0.1000000000	100	100	0	0.745886
2210000	0.0000000000	0.0100000000	0.1000000000	100	100	0	0.786354
2211000	0.0000000000	0.0100000000	0.1000000000	100	100	0	0.728697
2212000	0.0000000000	0.0100000000	0.1000000000	100	100	0	0.765767
2213000	0.0000000000	0.0100000000	0.1000000000	100	100	0	0.760769
2214000	0.0000000000	0.0100000000	0.1000000000	100	100	0	0.778700
2215000	0.0000000000	0.0100000000	0.1000000000	100	100	0	0.769486
2216000	0.0000000000	0.0100000000	0.1000000000	100	100	0	0.720937
2217000	0.0000000000	0.0100000000	0.1000000000	100	100	0	0.739963
2218000	0.0000000000	0.0100000000	0.1000000000	100	100	0	0.752330
2219000	0.0000000000	0.0100000000	0.1000000000	100	100	0	0.739761
2220000	0.0000000000	0.0100000000	0.1000000000	100	100	0	0.795004
2221000	0.0000000000	0.0100000000	0.1000000000	100	100	0	0.724197
2222000	0.0000000000	0.0100000000	0.1000000000	100	100	0	0.743559
2223000	0.0000000000	0.0100000000	0.1000000000	100	100	0	0.779580
2224000	0.0000000000	0.0100000000	0.1000000000	100	100	0	0.759637
2225000	0.0000000000	0.0100000000	0.1000000000	100	100	0	0.754627
2226000	0.0000000000	0.0100000000	0.1000000000	100	100	0	0.745774
2227000	0.0000000000	0.0100000000	0.1000000000	100	100	0	0.714816
2228000	0.0000000000	0.0100000000	0.1000000000	100	100	0	0.776993
2229000	0.0000000000	0.0100000000	0.1000000000	100	100	0	0.764740
2230000	0.0000000000	0.0100000000	0.1000000000	100	100	0	0.771266
2231000	0.0000000000	0.0100000000	0.1000000000	100	100	0	0.759717
2232000	0.0000000000	0.0100000000	0.1000000000	100	100	0	0.738122
2233000	0.0000000000	0.0100000000	0.1000000000	100	100	0	0.746134
2234000	0.0000000000	0.0100000000	0.1000000000	100	100	0	0.742929
2235000	0.0000000000	0.0100000000	0.1000000000	100	100	0	0.732317
2236000	0.0000000000	0.0100000000	0.1000000000	100	100	0	0.739765
2237000	0.0000000000	0.0100000000	0.1000000000	100	100	0	0.773548
2238000	0.0000000000	0.0100000000	0.1000000000	100	100	0	0.768177
2239000	0.0000000000	0.0100000000	0.1000000000	100	100	0	0.738754
2240000	0.0000000000	0.0100000000	0.1000000000	100	100	0	0.743642
2241000	0.0000000000	0.0100000000	0.1000000000	100	100	0	0.726979
2242000	0.0000000000	0.0100000000	0.1000000000	100	100	0	0.735674
2243000	0.0000000000	0.0100000000	0.1000000000	100	100	0	0.732298
2244000	0.0000000000	0.0100000000	0.1000000000	100	100	0	0.751570
2245000	0.0000000000	0.0100000000	0.1000000000	100	100	0	0.766801
2246000	0.0000000000	0.0100000000	0.1000000000	100	100	0	0.722203
2247000	0.0000000000	0.0100000000	0.1000000000	100	100	0	0.777144
2248000	0.0000000000	0.0100000000	0.1000000000	100	100	0	0.744168
2249000	0.0000000000	0.0100000000	0.1000000000	100	100	0	0.744303
2250000	0.0000000000	0.0100000000	0.1000000000	100	100	0	0.762230
2251000	0.0000000000	0.0100000000	0.1000000000	100	100	0	0.783677
2252000	0.0000000000	0.0100000000	0.1000000000	100	100	0	0.765303
2253000	0.0000000000	0.0100000000	0.1000000000	100	100	0	0.765578
2254000	0.0000000000	0.0100000000	0.1000000000	100	100	0	0.764217
2255000	0.0000000000	0.0100000000	0.1000000000	100	100	0	0.783845
2256000	0.0000000000	0.0100000000	0.1000000000	100	100	0	0.747373
2257000	0.0000000000	0.0100000000	0.1000000000	100	100	0	0.778101
2258000	0.0000000000	0.0100000000	0.1000000000	100	100	0	0.843534
2259000	0.0000000000	0.0100000000	0.1000000000	100	100	0	0.849042
2260000	0.0000000000	0.0100000000	0.1000000000	100	100	0	0.784558
2261000	0.0000000000	0.0100000000	0.1000000000	100	100	0	0.789136
2262000	0.0000000000	0.0100000000	0.1000000000	100	100	0	0.769714
2263000	0.0000000000	0.0100000000	0.1000000000	100	100	0	0.714640
2264000	0.0000000000	0.0100000000	0.1000000000	100	100	0	0.770163
2265000	0.0000000000	0.0100000000	0.1000000000	100	100	0	0.729093
2266000	0.0000000000	0.0100000000	0.1000000000	100	100	0	0.788492
2267000	0.0000000000	0.0100000000	0.1000000000	100	100	0	0.793228
2268000	0.0000000000	0.0100000000	0.1000000000	100	100	0	0.736166
2269000	0.0000000000	0.0100000000	0.1000000000	100	100	0	0.714637
2270000	0.0000000000	0.0100000000	0.1000000000	100	100	0	0.725986
2271000	0.0000000000	0.0100000000	0.1000000000	100	100	0	0.781974
2272000	0.0000000000	0.0100000000	0.1000000000	100	100	0	0.766323
2273000	0.0000000000	0.0100000000	0.1000000000	100	100	0	0.719075
2274000	0.0000000000	0.0100000000	0.1000000000	100	100	0	0.753878
2275000	0.0000000000	0.0100000000	0.1000000000	100	100	0	0.766890
2276000	0.0000000000	0.0100000000	0.1000000000	100	100	0	0.753648
2277000	0.0000000000	0.0100000000	0.1000000000	100	100	0	0.744343
2278000	0.0000000000	0.0100000000	0.1000000000	100	100	0	0.743549
2279000	0.0000000000	0.0100000000	0.1000000000	100	100	0	0.804827
2280000	0.0000000000	0.0100000000	0.1000000000	100	100	0	0.791290
2281000	0.0000000000	0.0100000000	0.1000000000	100	100	0	0.785739
2282000	0.0000000000	0.0100000000	0.1000000000	100	100	0	0.749139
2283000	0.0000000000	0.0100000000	0.1000000000	100	100	0	0.733792
2284000	0.0000000000	0.0100000000	0.1000000000	100	100	0	0.729208
2285000	0.0000000000	0.0100000000	0.1000000000	100	100	0	0.759691
2286000	0.0000000000	0.0100000000	0.1000000000	100	100	0	0.725079
2287000	0.0000000000	0.0100000000	0.1000000000	100	100	0	0.713787
2288000	0.0000000000	0.0100000000	0.1000000000	100	100	0	0.752692
2289000	0.0000000000	0.0100000000	0.1000000000	100	100	0	0.723933
2290000	0.0000000000	0.0100000000	0.1000000000	100	100	0	0.747587
2291000	0.0000000000	0.0100000000	0.1000000000	100	100	0	0.754138
2292000	0.0000000000	0.0100000000	0.1000000000	100	100	0	0.713326
2293000	0.0000000000	0.0100000000	0.1000000000	100	100	0	0.757428
2294000	0.0000000000	0.0100000000	0.1000000000	100	100	0	0.796023
2295000	0.0000000000	0.0100000000	0.1000000000	100	100	0	0.757150
2296000	0.0000000000	0.0100000000	0.1000000000	100	100	0	0.737461
2297000	0.0000000000	0.0100000000	0.1000000000	100	100	0	0.737866
2298000	0.0000000000	0.0100000000	0.1000000000	100	100	0	0.748678
2299000	0.0000000000	0.0100000000	0.1000000000	100	100	0	0.760497
2300000	0.0000000000	0.0100000000	0.1000000000	100	100	0	0.716619
2301000	0.0000000000	0.0100000000	0.1000000000	100	100	0	0.747414
2302000	0.0000000000	0.0100000000	0.1000000000	100	100	0	0.746670
2303000	0.0000000000	0.0100000000	0.1000000000	100	100	0	0.758444
2304000	0.0000000000	0.0100000000	0.1000000000	100	100	0	0.743441
2305000	0.0000000000	0.0100000000	0.1000000000	100	100	0	0.767290
2306000	0.0000000000	0.0100000000	0.1000000000	100	100	0	0.753722
2307000	0.0000000000	0.0100000000	0.1000000000	100	100	0	0.735630
2308000	0.0000000000	0.0100000000	0.1000000000	100	100	0	0.766294
2309000	0.0000000000	0.0100000000	0.1000000000	100	100	0	0.763241
2310000	0.0000000000	0.0100000000	0.1000000000	100	100	0	0.702598
2311000	0.0000000000	0.0100000000	0.1000000000	100	100	0	0.735997
2312000	0.0000000000	0.0100000000	0.1000000000	100	100	0	0.735266
2313000	0.0000000000	0.0100000000	0.1000000000	100	100	0	0.748936
2314000	0.0000000000	0.0100000000	0.1000000000	100	100	0	0.750761
2315000	0.0000000000	0.0100000000	0.1000000000	100	100	0	0.749257
2316000	0.0000000000	0.0100000000	0.1000000000	100	100	0	0.776065
2317000	0.0000000000	0.0100000000	0.1000000000	100	100	0	0.750173
2318000	0.0000000000	0.0100000000	0.1000000000	100	100	0	0.765390
2319000	0.0000000000	0.0100000000	0.1000000000	100	100	0	0.778044
2320000	0.0000000000	0.0100000000	0.1000000000	100	100	0	0.792016
2321000	0.0000000000	0.0100000000	0.1000000000	100	100	0	0.745236
2322000	0.0000000000	0.0100000000	0.1000000000	100	100	0	0.745834
2323000	0.0000000000	0.0100000000	0.1000000000	100	100	0	0.786344
2324000	0.0000000000	0.0100000000	0.1000000000	100	100	0	0.788065
2325000	0.0000000000	0.0100000000	0.1000000000	100	100	0	0.748081
2326000	0.0000000000	0.0100000000	0.1000000000	100	100	0	0.742518
2327000	0.0000000000	0.0100000000	0.1000000000	100	100	0	0.754325
2328000	0.0000000000	0.0100000000	0.1000000000	100	100	0	0.742998
2329000	0.0000000000	0.0100000000	0.1000000000	100	100	0	0.732311
2330000	0.0000000000	0.0100000000	0.1000000000	100	100	0	0.711833
2331000	0.0000000000	0.0100000000	0.1000000000	100	100	0	0.784960
2332000	0.0000000000	0.0100000000	0.1000000000	100	100	0	0.755820
2333000	0.0000000000	0.0100000000	0.1000000000	100	100	0	0.725713
2334000	0.0000000000	0.0100000000	0.1000000000	100	100	0	0.752419
2335000	0.0000000000	0.0100000000	0.1000000000	100	100	0	0.695627
2336000	0.0000000000	0.0100000000	0.1000000000	100	100	0	0.713308
2337000	0.0000000000	0.0100000000	0.1000000000	100	100	0	0.716926
2338000	0.0000000000	0.0100000000	0.1000000000	100	100	0	0.788592
2339000	0.0000000000	0.0100000000	0.1000000000	100	100	0	0.769233
2340000	0.0000000000	0.0100000000	0.1000000000	100	100	0	0.765307
2341000	0.0000000000	0.0100000000	0.1000000000	100	100	0	0.795019
2342000	0.0000000000	0.0100000000	0.1000000000	100	100	0	0.799425
2343000	0.0000000000	0.0100000000	0.1000000000	100	100	0	0.740172
2344000	0.0000000000	0.0100000000	0.1000000000	100	100	0	0.763386
2345000	0.0000000000	0.0100000000	0.1000000000	100	100	0	0.760006
2346000	0.0000000000	0.0100000000	0.1000000000	100	100	0	0.770794
2347000	0.0000000000	0.0100000000	0.1000000000	100	100	0	0.774594
2348000	0.0000000000	0.0100000000	0.1000000000	100	100	0	0.778660
2349000	0.0000000000	0.0100000000	0.1000000000	100	100	0	0.748347
2350000	0.0000000000	0.0100000000	0.1000000000	100	100	0	0.773536
2351000	0.0000000000	0.0100000000	0.1000000000	100	100	0	0.737948
2352000	0.0000000000	0.0100000000	0.1000000000	100	100	0	0.764257
2353000	0.0000000000	0.0100000000	0.1000000000	100	100	0	0.745056
2354000	0.0000000000	0.0100000000	0.1000000000	100	100	0	0.729011
2355000	0.0000000000	0.0100000000	0.1000000000	100	100	0	0.736118
2356000	0.0000000000	0.0100000000	0.1000000000	100	100	0	0.801568
2357000	0.0000000000	0.0100000000	0.1000000000	100	100	0	0.754909
2358000	0.0000000000	0.0100000000	0.1000000000	100	100	0	0.767627
2359000	0.0000000000	0.0100000000	0.1000000000	100	100	0	0.754756
2360000	0.0000000000	0.0100000000	0.1000000000	100	100	0	0.781202
2361000	0.0000000000	0.0100000000	0.1000000000	100	100	0	0.752708
2362000	0.0000000000	0.0100000000	0.1000000000	100	100	0	0.755090
2363000	0.0000000000	0.0100000000	0.1000000000	100	100	0	0.727646
2364000	0.0000000000	0.0100000000	0.1000000000	100	100	0	0.766391
2365000	0.0000000000	0.0100000000	0.1000000000	100	100	0	0.726885
2366000	0.0000000000	0.0100000000	0.1000000000	100	100	0	0.722366
2367000	0.0000000000	0.0100000000	0.1000000000	100	100	0	0.759633
2368000	0.0000000000	0.0100000000	0.1000000000	100	100	0	0.737396
2369000	0.0000000000	0.0100000000	0.1000000000	100	100	0	0.732180
2370000	0.0000000000	0.0100000000	0.1000000000	100	100	0	0.756932
2371000	0.0000000000	0.0100000000	0.1000000000	100	100	0	0.736175
2372000	0.0000000000	0.0100000000	0.1000000000	100	100	0	0.696528
2373000	0.0000000000	0.0100000000	0.1000000000	100	100	0	0.763794
2374000	0.0000000000	0.0100000000	0.1000000000	100	100	0	0.754137
2375000	0.0000000000	0.0100000000	0.1000000000	100	100	0	0.707045
2376000	0.0000000000	0.0100000000	0.1000000000	100	100	0	0.783806
2377000	0.0000000000	0.0100000000	0.1000000000	100	100	0	0.797050
2378000	0.0000000000	0.0100000000	0.1000000000	100	100	0	0.760202
2379000	0.0000000000	0.0100000000	0.1000000000	100	100	0	0.783224
2380000	0.0000000000	0.0100000000	0.1000000000	100	100	0	0.775835
2381000	0.0000000000	0.0100000000	0.1000000000	100	100	0	0.774302
2382000	0.0000000000	0.0100000000	0.1000000000	100	100	0	0.748892
2383000	0.0000000000	0.0100000000	0.1000000000	100	100	0	0.720620
2384000	0.0000000000	0.0100000000	0.1000000000	100	100	0	0.762237
2385000	0.0000000000	0.0100000000	0.1000000000	100	100	0	0.769292
2386000	0.0000000000	0.0100000000	0.1000000000	100	100	0	0.740117
2387000	0.0000000000	0.0100000000	0.1000000000	100	100	0	0.764530
2388000	0.0000000000	0.0100000000	0.1000000000	100	100	0	0.729493
2389000	0.0000000000	0.0100000000	0.1000000000	100	100	0	0.755396
2390000	0.0000000000	0.0100000000	0.1000000000	100	100	0	0.732089
2391000	0.0000000000	0.0100000000	0.1000000000	100	100	0	0.738498
2392000	0.0000000000	0.0100000000	0.1000000000	100	100	0	0.751996
2393000	0.0000000000	0.0100000000	0.1000000000	100	100	0	0.723234
2394000	0.0000000000	0.0100000000	0.1000000000	100	100	0	0.718347
2395000	0.0000000000	0.0100000000	0.1000000000	100	100	0	0.739666
2396000	0.0000000000	0.0100000000	0.1000000000	100	100	0	0.734280
2397000	0.0000000000	0.0100000000	0.1000000000	100	100	0	0.747896
2398000	0.0000000000	0.0100000000	0.1000000000	100	100	0	0.730083
2399000	0.0000000000	0.0100000000	0.1000000000	100	100	0	0.747360
2400000	0.0000000000	0.0100000000	0.1000000000	100	100	0	0.775754
2401000	0.0000000000	0.0100000000	0.1000000000	100	100	0	0.723405
2402000	0.0000000000	0.0100000000	0.1000000000	100	100	0	0.728913
2403000	0.0000000000	0.0100000000	0.1000000000	100	100	0	0.724799
2404000	0.0000000000	0.0100000000	0.1000000000	100	100	0	0.754250
2405000	0.0000000000	0.0100000000	0.1000000000	100	100	0	0.731379
2406000	0.0000000000	0.0100000000	0.1000000000	100	100	0	0.767194
2407000	0.0000000000	0.0100000000	0.1000000000	100	100	0	0.763776
2408000	0.0000000000	0.0100000000	0.1000000000	100	100	0	0.753506
2409000	0.0000000000	0.0100000000	0.1000000000	100	100	0	0.766958
2410000	0.0000000000	0.0100000000	0.1000000000	100	100	0	0.762305
2411000	0.0000000000	0.0100000000	0.1000000000	100	100	0	0.746705
2412000	0.0000000000	0.0100000000	0.1000000000	100	100	0	0.740853
2413000	0.0000000000	0.0100000000	0.1000000000	100	100	0	0.725215
2414000	0.0000000000	0.0100000000	0.1000000000	100	100	0	0.745246
2415000	0.0000000000	0.0100000000	0.1000000000	100	100	0	0.748590
2416000	0.0000000000	0.0100000000	0.1000000000	100	100	0	0.740922
2417000	0.0000000000	0.0100000000	0.1000000000	100	100	0	0.733293
2418000	0.0000000000	0.0100000000	0.1000000000	100	100	0	0.738446
2419000	0.0000000000	0.0100000000	0.1000000000	100	100	0	0.747008
2420000	0.0000000000	0.0100000000	0.1000000000	100	100	0	0.762846
2421000	0.0000000000	0.0100000000	0.1000000000	100	100	0	0.720040
2422000	0.0000000000	0.0100000000	0.1000000000	100	100	0	0.799315
2423000	0.0000000000	0.0100000000	0.1000000000	100	100	0	0.760271
2424000	0.0000000000	0.0100000000	0.1000000000	100	100	0	0.770591
2425000	0.0000000000	0.0100000000	0.1000000000	100	100	0	0.813121
2426000	0.0000000000	0.0100000000	0.1000000000	100	100	0	0.743399
2427000	0.0000000000	0.0100000000	0.1000000000	100	100	0	0.716629
2428000	0.0000000000	0.0100000000	0.1000000000	100	100	0	0.768335
2429000	0.0000000000	0.0100000000	0.1000000000	100	100	0	0.728250
2430000	0.0000000000	0.0100000000	0.1000000000	100	100	0	0.742506
2431000	0.0000000000	0.0100000000	0.1000000000	100	100	0	0.765499
2432000	0.0000000000	0.0100000000	0.1000000000	100	100	0	0.732252
2433000	0.0000000000	0.0100000000	0.1000000000	100	100	0	0.714700
2434000	0.0000000000	0.0100000000	0.1000000000	100	100	0	0.777647
2435000	0.0000000000	0.0100000000	0.1000000000	100	100	0	0.746962
2436000	0.0000000000	0.0100000000	0.1000000000	100	100	0	0.723241
2437000	0.0000000000	0.0100000000	0.1000000000	100	100	0	0.732558
2438000	0.0000000000	0.0100000000	0.1000000000	100	100	0	0.734401
2439000	0.0000000000	0.0100000000	0.1000000000	100	100	0	0.792615
2440000	0.0000000000	0.0100000000	0.1000000000	100	100	0	0.788710
2441000	0.0000000000	0.0100000000	0.1000000000	100	100	0	0.762310
2442000	0.0000000000	0.0100000000	0.1000000000	100	100	0	0.764617
2443000	0.0000000000	0.0100000000	0.1000000000	100	100	0	0.722640
2444000	0.0000000000	0.0100000000	0.1000000000	100	100	0	0.735903
2445000	0.0000000000	0.0100000000	0.1000000000	100	100	0	0.806177
2446000	0.0000000000	0.0100000000	0.1000000000	100	100	0	0.786521
2447000	0.0000000000	0.0100000000	0.1000000000	100	100	0	0.745106
2448000	0.0000000000	0.0100000000	0.1000000000	100	100	0	0.759793
2449000	0.0000000000	0.0100000000	0.1000000000	100	100	0	0.735906
2450000	0.0000000000	0.0100000000	0.1000000000	100	100	0	0.794998
2451000	0.0000000000	0.0100000000	0.1000000000	100	100	0	0.761592
2452000	0.0000000000	0.0100000000	0.1000000000	100	100	0	0.781627
2453000	0.0000000000	0.0100000000	0.1000000000	100	100	0	0.775375
2454000	0.0000000000	0.0100000000	0.1000000000	100	100	0	0.733645
2455000	0.0000000000	0.0100000000	0.1000000000	100	100	0	0.803645
2456000	0.0000000000	0.0100000000	0.1000000000	100	100	0	0.776242
2457000	0.0000000000	0.0100000000	0.1000000000	100	100	0	0.744481
2458000	0.0000000000	0.0100000000	0.1000000000	100	100	0	0.811095
2459000	0.0000000000	0.0100000000	0.1000000000	100	100	0	0.747887
2460000	0.0000000000	0.0100000000	0.1000000000	100	100	0	0.729020
2461000	0.0000000000	0.0100000000	0.1000000000	100	100	0	0.740726
2462000	0.0000000000	0.0100000000	0.1000000000	100	100	0	0.739438
2463000	0.0000000000	0.0100000000	0.1000000000	100	100	0	0.736998
2464000	0.0000000000	0.0100000000	0.1000000000	100	100	0	0.753917
2465000	0.0000000000	0.0100000000	0.1000000000	100	100	0	0.740308
2466000	0.0000000000	0.0100000000	0.1000000000	100	100	0	0.738605
2467000	0.0000000000	0.0100000000	0.1000000000	100	100	0	0.771925
2468000	0.0000000000	0.0100000000	0.1000000000	100	100	0	0.750453
2469000	0.0000000000	0.0100000000	0.1000000000	100	100	0	0.750833
2470000	0.0000000000	0.0100000000	0.1000000000	100	100	0	0.785434
2471000	0.0000000000	0.0100000000	0.1000000000	100	100	0	0.702576
2472000	0.0000000000	0.0100000000	0.1000000000	100	100	0	0.780354
2473000	0.0000000000	0.0100000000	0.1000000000	100	100	0	0.752519
2474000	0.0000000000	0.0100000000	0.1000000000	100	100	0	0.730401
2475000	0.0000000000	0.0100000000	0.1000000000	100	100	0	0.743467
2476000	0.0000000000	0.0100000000	0.1000000000	100	100	0	0.725054
2477000	0.0000000000	0.0100000000	0.1000000000	100	100	0	0.722562
2478000	0.0000000000	0.0100000000	0.1000000000	100	100	0	0.733570
2479000	0.0000000000	0.0100000000	0.1000000000	100	100	0	0.766794
2480000	0.0000000000	0.0100000000	0.1000000000	100	100	0	0.783736
2481000	0.0000000000	0.0100000000	0.1000000000	100	100	0	0.752839
2482000	0.0000000000	0.0100000000	0.1000000000	100	100	0	0.794143
2483000	0.0000000000	0.0100000000	0.1000000000	100	100	0	0.751009
2484000	0.0000000000	0.0100000000	0.1000000000	100	100	0	0.776226
2485000	0.0000000000	0.0100000000	0.1000000000	100	100	0	0.797955
2486000	0.0000000000	0.0100000000	0.1000000000	100	100	0	0.796867
2487000	0.0000000000	0.0100000000	0.1000000000	100	100	0	0.739897
2488000	0.0000000000	0.0100000000	0.1000000000	100	100	0	0.755085
2489000	0.0000000000	0.0100000000	0.1000000000	100	100	0	0.749982
2490000	0.0000000000	0.0100000000	0.1000000000	100	100	0	0.709820
2491000	0.0000000000	0.0100000000	0.1000000000	100	100	0	0.753107
2492000	0.0000000000	0.0100000000	0.1000000000	100	100	0	0.718626
2493000	0.0000000000	0.0100000000	0.1000000000	100	100	0	0.736621
2494000	0.0000000000	0.0100000000	0.1000000000	100	100	0	0.747084
2495000	0.0000000000	0.0100000000	0.1000000000	100	100	0	0.769716
2496000	0.0000000000	0.0100000000	0.1000000000	100	100	0	0.731465
2497000	0.0000000000	0.0100000000	0.1000000000	100	100	0	0.739550
2498000	0.0000000000	0.0100000000	0.1000000000	100	100	0	0.750174
2499000	0.0000000000	0.0100000000	0.1000000000	100	100	0	0.770818
2500000	0.0000000000	0.0100000000	0.1000000000	100	100	0	0.823210
