time	epistasis_coef	sel_coef	mu_prob	Ne	L	k_start	mean_fitness
1500000	0.2000000000	0.0100000000	0.0100000000	100	100	0	0.861762
1501000	0.2000000000	0.0100000000	0.0100000000	100	100	0	0.858832
1502000	0.2000000000	0.0100000000	0.0100000000	100	100	0	0.865297
1503000	0.2000000000	0.0100000000	0.0100000000	100	100	0	0.862393
1504000	0.2000000000	0.0100000000	0.0100000000	100	100	0	0.864983
1505000	0.2000000000	0.0100000000	0.0100000000	100	100	0	0.854751
1506000	0.2000000000	0.0100000000	0.0100000000	100	100	0	0.849333
1507000	0.2000000000	0.0100000000	0.0100000000	100	100	0	0.873858
1508000	0.2000000000	0.0100000000	0.0100000000	100	100	0	0.865856
1509000	0.2000000000	0.0100000000	0.0100000000	100	100	0	0.888544
1510000	0.2000000000	0.0100000000	0.0100000000	100	100	0	0.877211
1511000	0.2000000000	0.0100000000	0.0100000000	100	100	0	0.880511
1512000	0.2000000000	0.0100000000	0.0100000000	100	100	0	0.877607
1513000	0.2000000000	0.0100000000	0.0100000000	100	100	0	0.864198
1514000	0.2000000000	0.0100000000	0.0100000000	100	100	0	0.865369
1515000	0.2000000000	0.0100000000	0.0100000000	100	100	0	0.847249
1516000	0.2000000000	0.0100000000	0.0100000000	100	100	0	0.861623
1517000	0.2000000000	0.0100000000	0.0100000000	100	100	0	0.842647
1518000	0.2000000000	0.0100000000	0.0100000000	100	100	0	0.851637
1519000	0.2000000000	0.0100000000	0.0100000000	100	100	0	0.838257
1520000	0.2000000000	0.0100000000	0.0100000000	100	100	0	0.831152
1521000	0.2000000000	0.0100000000	0.0100000000	100	100	0	0.836257
1522000	0.2000000000	0.0100000000	0.0100000000	100	100	0	0.840740
1523000	0.2000000000	0.0100000000	0.0100000000	100	100	0	0.843371
1524000	0.2000000000	0.0100000000	0.0100000000	100	100	0	0.838452
1525000	0.2000000000	0.0100000000	0.0100000000	100	100	0	0.836348
1526000	0.2000000000	0.0100000000	0.0100000000	100	100	0	0.836860
1527000	0.2000000000	0.0100000000	0.0100000000	100	100	0	0.839218
1528000	0.2000000000	0.0100000000	0.0100000000	100	100	0	0.821113
1529000	0.2000000000	0.0100000000	0.0100000000	100	100	0	0.828862
1530000	0.2000000000	0.0100000000	0.0100000000	100	100	0	0.824622
1531000	0.2000000000	0.0100000000	0.0100000000	100	100	0	0.823678
1532000	0.2000000000	0.0100000000	0.0100000000	100	100	0	0.829890
1533000	0.2000000000	0.0100000000	0.0100000000	100	100	0	0.834331
1534000	0.2000000000	0.0100000000	0.0100000000	100	100	0	0.830058
1535000	0.2000000000	0.0100000000	0.0100000000	100	100	0	0.846339
1536000	0.2000000000	0.0100000000	0.0100000000	100	100	0	0.855162
1537000	0.2000000000	0.0100000000	0.0100000000	100	100	0	0.851432
1538000	0.2000000000	0.0100000000	0.0100000000	100	100	0	0.850426
1539000	0.2000000000	0.0100000000	0.0100000000	100	100	0	0.839439
1540000	0.2000000000	0.0100000000	0.0100000000	100	100	0	0.846449
1541000	0.2000000000	0.0100000000	0.0100000000	100	100	0	0.845566
1542000	0.2000000000	0.0100000000	0.0100000000	100	100	0	0.848732
1543000	0.2000000000	0.0100000000	0.0100000000	100	100	0	0.830530
1544000	0.2000000000	0.0100000000	0.0100000000	100	100	0	0.836444
1545000	0.2000000000	0.0100000000	0.0100000000	100	100	0	0.830848
1546000	0.2000000000	0.0100000000	0.0100000000	100	100	0	0.822611
1547000	0.2000000000	0.0100000000	0.0100000000	100	100	0	0.823033
1548000	0.2000000000	0.0100000000	0.0100000000	100	100	0	0.820558
1549000	0.2000000000	0.0100000000	0.0100000000	100	100	0	0.827025
1550000	0.2000000000	0.0100000000	0.0100000000	100	100	0	0.843057
1551000	0.2000000000	0.0100000000	0.0100000000	100	100	0	0.856071
1552000	0.2000000000	0.0100000000	0.0100000000	100	100	0	0.857511
1553000	0.2000000000	0.0100000000	0.0100000000	100	100	0	0.864410
1554000	0.2000000000	0.0100000000	0.0100000000	100	100	0	0.863768
1555000	0.2000000000	0.0100000000	0.0100000000	100	100	0	0.866902
1556000	0.2000000000	0.0100000000	0.0100000000	100	100	0	0.856762
1557000	0.2000000000	0.0100000000	0.0100000000	100	100	0	0.859839
1558000	0.2000000000	0.0100000000	0.0100000000	100	100	0	0.855341
1559000	0.2000000000	0.0100000000	0.0100000000	100	100	0	0.851778
1560000	0.2000000000	0.0100000000	0.0100000000	100	100	0	0.841379
1561000	0.2000000000	0.0100000000	0.0100000000	100	100	0	0.836701
1562000	0.2000000000	0.0100000000	0.0100000000	100	100	0	0.848691
1563000	0.2000000000	0.0100000000	0.0100000000	100	100	0	0.845318
1564000	0.2000000000	0.0100000000	0.0100000000	100	100	0	0.840062
1565000	0.2000000000	0.0100000000	0.0100000000	100	100	0	0.845830
1566000	0.2000000000	0.0100000000	0.0100000000	100	100	0	0.843102
1567000	0.2000000000	0.0100000000	0.0100000000	100	100	0	0.857721
1568000	0.2000000000	0.0100000000	0.0100000000	100	100	0	0.857915
1569000	0.2000000000	0.0100000000	0.0100000000	100	100	0	0.839675
1570000	0.2000000000	0.0100000000	0.0100000000	100	100	0	0.854783
1571000	0.2000000000	0.0100000000	0.0100000000	100	100	0	0.849095
1572000	0.2000000000	0.0100000000	0.0100000000	100	100	0	0.850992
1573000	0.2000000000	0.0100000000	0.0100000000	100	100	0	0.843226
1574000	0.2000000000	0.0100000000	0.0100000000	100	100	0	0.853824
1575000	0.2000000000	0.0100000000	0.0100000000	100	100	0	0.844010
1576000	0.2000000000	0.0100000000	0.0100000000	100	100	0	0.829570
1577000	0.2000000000	0.0100000000	0.0100000000	100	100	0	0.831520
1578000	0.2000000000	0.0100000000	0.0100000000	100	100	0	0.848820
1579000	0.2000000000	0.0100000000	0.0100000000	100	100	0	0.839835
1580000	0.2000000000	0.0100000000	0.0100000000	100	100	0	0.834294
1581000	0.2000000000	0.0100000000	0.0100000000	100	100	0	0.845698
1582000	0.2000000000	0.0100000000	0.0100000000	100	100	0	0.846852
1583000	0.2000000000	0.0100000000	0.0100000000	100	100	0	0.847080
1584000	0.2000000000	0.0100000000	0.0100000000	100	100	0	0.836743
1585000	0.2000000000	0.0100000000	0.0100000000	100	100	0	0.857717
1586000	0.2000000000	0.0100000000	0.0100000000	100	100	0	0.848927
1587000	0.2000000000	0.0100000000	0.0100000000	100	100	0	0.849600
1588000	0.2000000000	0.0100000000	0.0100000000	100	100	0	0.863093
1589000	0.2000000000	0.0100000000	0.0100000000	100	100	0	0.845835
1590000	0.2000000000	0.0100000000	0.0100000000	100	100	0	0.855090
1591000	0.2000000000	0.0100000000	0.0100000000	100	100	0	0.854177
1592000	0.2000000000	0.0100000000	0.0100000000	100	100	0	0.859246
1593000	0.2000000000	0.0100000000	0.0100000000	100	100	0	0.852098
1594000	0.2000000000	0.0100000000	0.0100000000	100	100	0	0.841478
1595000	0.2000000000	0.0100000000	0.0100000000	100	100	0	0.845496
1596000	0.2000000000	0.0100000000	0.0100000000	100	100	0	0.845938
1597000	0.2000000000	0.0100000000	0.0100000000	100	100	0	0.856887
1598000	0.2000000000	0.0100000000	0.0100000000	100	100	0	0.851238
1599000	0.2000000000	0.0100000000	0.0100000000	100	100	0	0.837735
1600000	0.2000000000	0.0100000000	0.0100000000	100	100	0	0.838883
1601000	0.2000000000	0.0100000000	0.0100000000	100	100	0	0.824876
1602000	0.2000000000	0.0100000000	0.0100000000	100	100	0	0.837226
1603000	0.2000000000	0.0100000000	0.0100000000	100	100	0	0.819338
1604000	0.2000000000	0.0100000000	0.0100000000	100	100	0	0.824275
1605000	0.2000000000	0.0100000000	0.0100000000	100	100	0	0.819136
1606000	0.2000000000	0.0100000000	0.0100000000	100	100	0	0.825633
1607000	0.2000000000	0.0100000000	0.0100000000	100	100	0	0.840392
1608000	0.2000000000	0.0100000000	0.0100000000	100	100	0	0.841777
1609000	0.2000000000	0.0100000000	0.0100000000	100	100	0	0.844606
1610000	0.2000000000	0.0100000000	0.0100000000	100	100	0	0.838844
1611000	0.2000000000	0.0100000000	0.0100000000	100	100	0	0.848764
1612000	0.2000000000	0.0100000000	0.0100000000	100	100	0	0.837541
1613000	0.2000000000	0.0100000000	0.0100000000	100	100	0	0.840756
1614000	0.2000000000	0.0100000000	0.0100000000	100	100	0	0.848635
1615000	0.2000000000	0.0100000000	0.0100000000	100	100	0	0.860192
1616000	0.2000000000	0.0100000000	0.0100000000	100	100	0	0.870638
1617000	0.2000000000	0.0100000000	0.0100000000	100	100	0	0.861778
1618000	0.2000000000	0.0100000000	0.0100000000	100	100	0	0.860620
1619000	0.2000000000	0.0100000000	0.0100000000	100	100	0	0.845196
1620000	0.2000000000	0.0100000000	0.0100000000	100	100	0	0.846337
1621000	0.2000000000	0.0100000000	0.0100000000	100	100	0	0.842712
1622000	0.2000000000	0.0100000000	0.0100000000	100	100	0	0.842480
1623000	0.2000000000	0.0100000000	0.0100000000	100	100	0	0.843936
1624000	0.2000000000	0.0100000000	0.0100000000	100	100	0	0.854577
1625000	0.2000000000	0.0100000000	0.0100000000	100	100	0	0.857127
1626000	0.2000000000	0.0100000000	0.0100000000	100	100	0	0.861692
1627000	0.2000000000	0.0100000000	0.0100000000	100	100	0	0.855506
1628000	0.2000000000	0.0100000000	0.0100000000	100	100	0	0.850156
1629000	0.2000000000	0.0100000000	0.0100000000	100	100	0	0.838096
1630000	0.2000000000	0.0100000000	0.0100000000	100	100	0	0.826120
1631000	0.2000000000	0.0100000000	0.0100000000	100	100	0	0.823852
1632000	0.2000000000	0.0100000000	0.0100000000	100	100	0	0.853729
1633000	0.2000000000	0.0100000000	0.0100000000	100	100	0	0.845705
1634000	0.2000000000	0.0100000000	0.0100000000	100	100	0	0.845163
1635000	0.2000000000	0.0100000000	0.0100000000	100	100	0	0.841675
1636000	0.2000000000	0.0100000000	0.0100000000	100	100	0	0.852016
1637000	0.2000000000	0.0100000000	0.0100000000	100	100	0	0.838385
1638000	0.2000000000	0.0100000000	0.0100000000	100	100	0	0.845264
1639000	0.2000000000	0.0100000000	0.0100000000	100	100	0	0.843958
1640000	0.2000000000	0.0100000000	0.0100000000	100	100	0	0.836925
1641000	0.2000000000	0.0100000000	0.0100000000	100	100	0	0.836672
1642000	0.2000000000	0.0100000000	0.0100000000	100	100	0	0.841775
1643000	0.2000000000	0.0100000000	0.0100000000	100	100	0	0.845295
1644000	0.2000000000	0.0100000000	0.0100000000	100	100	0	0.850980
1645000	0.2000000000	0.0100000000	0.0100000000	100	100	0	0.856583
1646000	0.2000000000	0.0100000000	0.0100000000	100	100	0	0.862364
1647000	0.2000000000	0.0100000000	0.0100000000	100	100	0	0.860650
1648000	0.2000000000	0.0100000000	0.0100000000	100	100	0	0.851153
1649000	0.2000000000	0.0100000000	0.0100000000	100	100	0	0.841054
1650000	0.2000000000	0.0100000000	0.0100000000	100	100	0	0.835230
1651000	0.2000000000	0.0100000000	0.0100000000	100	100	0	0.822336
1652000	0.2000000000	0.0100000000	0.0100000000	100	100	0	0.821988
1653000	0.2000000000	0.0100000000	0.0100000000	100	100	0	0.821173
1654000	0.2000000000	0.0100000000	0.0100000000	100	100	0	0.822910
1655000	0.2000000000	0.0100000000	0.0100000000	100	100	0	0.820592
1656000	0.2000000000	0.0100000000	0.0100000000	100	100	0	0.802955
1657000	0.2000000000	0.0100000000	0.0100000000	100	100	0	0.805911
1658000	0.2000000000	0.0100000000	0.0100000000	100	100	0	0.831805
1659000	0.2000000000	0.0100000000	0.0100000000	100	100	0	0.835434
1660000	0.2000000000	0.0100000000	0.0100000000	100	100	0	0.845533
1661000	0.2000000000	0.0100000000	0.0100000000	100	100	0	0.846409
1662000	0.2000000000	0.0100000000	0.0100000000	100	100	0	0.848418
1663000	0.2000000000	0.0100000000	0.0100000000	100	100	0	0.845366
1664000	0.2000000000	0.0100000000	0.0100000000	100	100	0	0.842810
1665000	0.2000000000	0.0100000000	0.0100000000	100	100	0	0.837448
1666000	0.2000000000	0.0100000000	0.0100000000	100	100	0	0.837906
1667000	0.2000000000	0.0100000000	0.0100000000	100	100	0	0.820968
1668000	0.2000000000	0.0100000000	0.0100000000	100	100	0	0.837480
1669000	0.2000000000	0.0100000000	0.0100000000	100	100	0	0.835594
1670000	0.2000000000	0.0100000000	0.0100000000	100	100	0	0.830563
1671000	0.2000000000	0.0100000000	0.0100000000	100	100	0	0.829122
1672000	0.2000000000	0.0100000000	0.0100000000	100	100	0	0.822390
1673000	0.2000000000	0.0100000000	0.0100000000	100	100	0	0.824522
1674000	0.2000000000	0.0100000000	0.0100000000	100	100	0	0.841281
1675000	0.2000000000	0.0100000000	0.0100000000	100	100	0	0.828988
1676000	0.2000000000	0.0100000000	0.0100000000	100	100	0	0.834617
1677000	0.2000000000	0.0100000000	0.0100000000	100	100	0	0.851322
1678000	0.2000000000	0.0100000000	0.0100000000	100	100	0	0.845139
1679000	0.2000000000	0.0100000000	0.0100000000	100	100	0	0.845698
1680000	0.2000000000	0.0100000000	0.0100000000	100	100	0	0.855102
1681000	0.2000000000	0.0100000000	0.0100000000	100	100	0	0.853723
1682000	0.2000000000	0.0100000000	0.0100000000	100	100	0	0.851569
1683000	0.2000000000	0.0100000000	0.0100000000	100	100	0	0.846101
1684000	0.2000000000	0.0100000000	0.0100000000	100	100	0	0.834679
1685000	0.2000000000	0.0100000000	0.0100000000	100	100	0	0.823100
1686000	0.2000000000	0.0100000000	0.0100000000	100	100	0	0.831549
1687000	0.2000000000	0.0100000000	0.0100000000	100	100	0	0.826995
1688000	0.2000000000	0.0100000000	0.0100000000	100	100	0	0.824499
1689000	0.2000000000	0.0100000000	0.0100000000	100	100	0	0.834641
1690000	0.2000000000	0.0100000000	0.0100000000	100	100	0	0.830371
1691000	0.2000000000	0.0100000000	0.0100000000	100	100	0	0.841331
1692000	0.2000000000	0.0100000000	0.0100000000	100	100	0	0.838531
1693000	0.2000000000	0.0100000000	0.0100000000	100	100	0	0.834906
1694000	0.2000000000	0.0100000000	0.0100000000	100	100	0	0.836434
1695000	0.2000000000	0.0100000000	0.0100000000	100	100	0	0.841158
1696000	0.2000000000	0.0100000000	0.0100000000	100	100	0	0.839378
1697000	0.2000000000	0.0100000000	0.0100000000	100	100	0	0.847209
1698000	0.2000000000	0.0100000000	0.0100000000	100	100	0	0.844292
1699000	0.2000000000	0.0100000000	0.0100000000	100	100	0	0.844568
1700000	0.2000000000	0.0100000000	0.0100000000	100	100	0	0.848573
1701000	0.2000000000	0.0100000000	0.0100000000	100	100	0	0.854105
1702000	0.2000000000	0.0100000000	0.0100000000	100	100	0	0.838721
1703000	0.2000000000	0.0100000000	0.0100000000	100	100	0	0.833352
1704000	0.2000000000	0.0100000000	0.0100000000	100	100	0	0.830079
1705000	0.2000000000	0.0100000000	0.0100000000	100	100	0	0.823646
1706000	0.2000000000	0.0100000000	0.0100000000	100	100	0	0.830780
1707000	0.2000000000	0.0100000000	0.0100000000	100	100	0	0.822083
1708000	0.2000000000	0.0100000000	0.0100000000	100	100	0	0.826060
1709000	0.2000000000	0.0100000000	0.0100000000	100	100	0	0.836953
1710000	0.2000000000	0.0100000000	0.0100000000	100	100	0	0.841544
1711000	0.2000000000	0.0100000000	0.0100000000	100	100	0	0.855161
1712000	0.2000000000	0.0100000000	0.0100000000	100	100	0	0.845233
1713000	0.2000000000	0.0100000000	0.0100000000	100	100	0	0.833352
1714000	0.2000000000	0.0100000000	0.0100000000	100	100	0	0.837934
1715000	0.2000000000	0.0100000000	0.0100000000	100	100	0	0.841798
1716000	0.2000000000	0.0100000000	0.0100000000	100	100	0	0.845571
1717000	0.2000000000	0.0100000000	0.0100000000	100	100	0	0.855367
1718000	0.2000000000	0.0100000000	0.0100000000	100	100	0	0.850352
1719000	0.2000000000	0.0100000000	0.0100000000	100	100	0	0.845975
1720000	0.2000000000	0.0100000000	0.0100000000	100	100	0	0.833494
1721000	0.2000000000	0.0100000000	0.0100000000	100	100	0	0.831811
1722000	0.2000000000	0.0100000000	0.0100000000	100	100	0	0.843408
1723000	0.2000000000	0.0100000000	0.0100000000	100	100	0	0.841018
1724000	0.2000000000	0.0100000000	0.0100000000	100	100	0	0.838453
1725000	0.2000000000	0.0100000000	0.0100000000	100	100	0	0.851717
1726000	0.2000000000	0.0100000000	0.0100000000	100	100	0	0.853356
1727000	0.2000000000	0.0100000000	0.0100000000	100	100	0	0.854445
1728000	0.2000000000	0.0100000000	0.0100000000	100	100	0	0.841775
1729000	0.2000000000	0.0100000000	0.0100000000	100	100	0	0.828038
1730000	0.2000000000	0.0100000000	0.0100000000	100	100	0	0.816708
1731000	0.2000000000	0.0100000000	0.0100000000	100	100	0	0.824721
1732000	0.2000000000	0.0100000000	0.0100000000	100	100	0	0.835909
1733000	0.2000000000	0.0100000000	0.0100000000	100	100	0	0.841516
1734000	0.2000000000	0.0100000000	0.0100000000	100	100	0	0.839809
1735000	0.2000000000	0.0100000000	0.0100000000	100	100	0	0.851843
1736000	0.2000000000	0.0100000000	0.0100000000	100	100	0	0.859283
1737000	0.2000000000	0.0100000000	0.0100000000	100	100	0	0.863252
1738000	0.2000000000	0.0100000000	0.0100000000	100	100	0	0.855640
1739000	0.2000000000	0.0100000000	0.0100000000	100	100	0	0.858999
1740000	0.2000000000	0.0100000000	0.0100000000	100	100	0	0.855829
1741000	0.2000000000	0.0100000000	0.0100000000	100	100	0	0.849467
1742000	0.2000000000	0.0100000000	0.0100000000	100	100	0	0.849838
1743000	0.2000000000	0.0100000000	0.0100000000	100	100	0	0.844665
1744000	0.2000000000	0.0100000000	0.0100000000	100	100	0	0.839727
1745000	0.2000000000	0.0100000000	0.0100000000	100	100	0	0.845399
1746000	0.2000000000	0.0100000000	0.0100000000	100	100	0	0.855364
1747000	0.2000000000	0.0100000000	0.0100000000	100	100	0	0.861878
1748000	0.2000000000	0.0100000000	0.0100000000	100	100	0	0.850254
1749000	0.2000000000	0.0100000000	0.0100000000	100	100	0	0.832544
1750000	0.2000000000	0.0100000000	0.0100000000	100	100	0	0.839227
1751000	0.2000000000	0.0100000000	0.0100000000	100	100	0	0.826108
1752000	0.2000000000	0.0100000000	0.0100000000	100	100	0	0.826026
1753000	0.2000000000	0.0100000000	0.0100000000	100	100	0	0.818813
1754000	0.2000000000	0.0100000000	0.0100000000	100	100	0	0.819554
1755000	0.2000000000	0.0100000000	0.0100000000	100	100	0	0.820520
1756000	0.2000000000	0.0100000000	0.0100000000	100	100	0	0.811879
1757000	0.2000000000	0.0100000000	0.0100000000	100	100	0	0.815179
1758000	0.2000000000	0.0100000000	0.0100000000	100	100	0	0.822803
1759000	0.2000000000	0.0100000000	0.0100000000	100	100	0	0.825440
1760000	0.2000000000	0.0100000000	0.0100000000	100	100	0	0.828926
1761000	0.2000000000	0.0100000000	0.0100000000	100	100	0	0.832868
1762000	0.2000000000	0.0100000000	0.0100000000	100	100	0	0.849671
1763000	0.2000000000	0.0100000000	0.0100000000	100	100	0	0.835166
1764000	0.2000000000	0.0100000000	0.0100000000	100	100	0	0.827665
1765000	0.2000000000	0.0100000000	0.0100000000	100	100	0	0.826393
1766000	0.2000000000	0.0100000000	0.0100000000	100	100	0	0.816280
1767000	0.2000000000	0.0100000000	0.0100000000	100	100	0	0.804732
1768000	0.2000000000	0.0100000000	0.0100000000	100	100	0	0.801272
1769000	0.2000000000	0.0100000000	0.0100000000	100	100	0	0.802357
1770000	0.2000000000	0.0100000000	0.0100000000	100	100	0	0.784476
1771000	0.2000000000	0.0100000000	0.0100000000	100	100	0	0.793866
1772000	0.2000000000	0.0100000000	0.0100000000	100	100	0	0.804240
1773000	0.2000000000	0.0100000000	0.0100000000	100	100	0	0.798589
1774000	0.2000000000	0.0100000000	0.0100000000	100	100	0	0.811302
1775000	0.2000000000	0.0100000000	0.0100000000	100	100	0	0.819133
1776000	0.2000000000	0.0100000000	0.0100000000	100	100	0	0.823424
1777000	0.2000000000	0.0100000000	0.0100000000	100	100	0	0.843468
1778000	0.2000000000	0.0100000000	0.0100000000	100	100	0	0.827697
1779000	0.2000000000	0.0100000000	0.0100000000	100	100	0	0.833612
1780000	0.2000000000	0.0100000000	0.0100000000	100	100	0	0.840656
1781000	0.2000000000	0.0100000000	0.0100000000	100	100	0	0.845177
1782000	0.2000000000	0.0100000000	0.0100000000	100	100	0	0.858342
1783000	0.2000000000	0.0100000000	0.0100000000	100	100	0	0.861666
1784000	0.2000000000	0.0100000000	0.0100000000	100	100	0	0.867963
1785000	0.2000000000	0.0100000000	0.0100000000	100	100	0	0.875213
1786000	0.2000000000	0.0100000000	0.0100000000	100	100	0	0.884933
1787000	0.2000000000	0.0100000000	0.0100000000	100	100	0	0.895195
1788000	0.2000000000	0.0100000000	0.0100000000	100	100	0	0.894048
1789000	0.2000000000	0.0100000000	0.0100000000	100	100	0	0.891965
1790000	0.2000000000	0.0100000000	0.0100000000	100	100	0	0.877307
1791000	0.2000000000	0.0100000000	0.0100000000	100	100	0	0.898413
1792000	0.2000000000	0.0100000000	0.0100000000	100	100	0	0.892953
1793000	0.2000000000	0.0100000000	0.0100000000	100	100	0	0.876090
1794000	0.2000000000	0.0100000000	0.0100000000	100	100	0	0.870521
1795000	0.2000000000	0.0100000000	0.0100000000	100	100	0	0.866840
1796000	0.2000000000	0.0100000000	0.0100000000	100	100	0	0.857165
1797000	0.2000000000	0.0100000000	0.0100000000	100	100	0	0.843672
1798000	0.2000000000	0.0100000000	0.0100000000	100	100	0	0.833079
1799000	0.2000000000	0.0100000000	0.0100000000	100	100	0	0.834162
1800000	0.2000000000	0.0100000000	0.0100000000	100	100	0	0.823520
1801000	0.2000000000	0.0100000000	0.0100000000	100	100	0	0.823179
1802000	0.2000000000	0.0100000000	0.0100000000	100	100	0	0.823499
1803000	0.2000000000	0.0100000000	0.0100000000	100	100	0	0.818872
1804000	0.2000000000	0.0100000000	0.0100000000	100	100	0	0.824065
1805000	0.2000000000	0.0100000000	0.0100000000	100	100	0	0.861523
1806000	0.2000000000	0.0100000000	0.0100000000	100	100	0	0.869482
1807000	0.2000000000	0.0100000000	0.0100000000	100	100	0	0.878804
1808000	0.2000000000	0.0100000000	0.0100000000	100	100	0	0.876895
1809000	0.2000000000	0.0100000000	0.0100000000	100	100	0	0.876458
1810000	0.2000000000	0.0100000000	0.0100000000	100	100	0	0.875926
1811000	0.2000000000	0.0100000000	0.0100000000	100	100	0	0.868164
1812000	0.2000000000	0.0100000000	0.0100000000	100	100	0	0.876309
1813000	0.2000000000	0.0100000000	0.0100000000	100	100	0	0.884556
1814000	0.2000000000	0.0100000000	0.0100000000	100	100	0	0.881704
1815000	0.2000000000	0.0100000000	0.0100000000	100	100	0	0.886312
1816000	0.2000000000	0.0100000000	0.0100000000	100	100	0	0.878270
1817000	0.2000000000	0.0100000000	0.0100000000	100	100	0	0.890398
1818000	0.2000000000	0.0100000000	0.0100000000	100	100	0	0.889164
1819000	0.2000000000	0.0100000000	0.0100000000	100	100	0	0.883835
1820000	0.2000000000	0.0100000000	0.0100000000	100	100	0	0.866090
1821000	0.2000000000	0.0100000000	0.0100000000	100	100	0	0.857170
1822000	0.2000000000	0.0100000000	0.0100000000	100	100	0	0.861460
1823000	0.2000000000	0.0100000000	0.0100000000	100	100	0	0.852248
1824000	0.2000000000	0.0100000000	0.0100000000	100	100	0	0.860054
1825000	0.2000000000	0.0100000000	0.0100000000	100	100	0	0.844789
1826000	0.2000000000	0.0100000000	0.0100000000	100	100	0	0.851027
1827000	0.2000000000	0.0100000000	0.0100000000	100	100	0	0.849381
1828000	0.2000000000	0.0100000000	0.0100000000	100	100	0	0.845166
1829000	0.2000000000	0.0100000000	0.0100000000	100	100	0	0.842274
1830000	0.2000000000	0.0100000000	0.0100000000	100	100	0	0.835226
1831000	0.2000000000	0.0100000000	0.0100000000	100	100	0	0.846741
1832000	0.2000000000	0.0100000000	0.0100000000	100	100	0	0.841778
1833000	0.2000000000	0.0100000000	0.0100000000	100	100	0	0.840803
1834000	0.2000000000	0.0100000000	0.0100000000	100	100	0	0.856890
1835000	0.2000000000	0.0100000000	0.0100000000	100	100	0	0.867975
1836000	0.2000000000	0.0100000000	0.0100000000	100	100	0	0.870266
1837000	0.2000000000	0.0100000000	0.0100000000	100	100	0	0.870818
1838000	0.2000000000	0.0100000000	0.0100000000	100	100	0	0.872075
1839000	0.2000000000	0.0100000000	0.0100000000	100	100	0	0.864372
1840000	0.2000000000	0.0100000000	0.0100000000	100	100	0	0.864978
1841000	0.2000000000	0.0100000000	0.0100000000	100	100	0	0.866612
1842000	0.2000000000	0.0100000000	0.0100000000	100	100	0	0.862395
1843000	0.2000000000	0.0100000000	0.0100000000	100	100	0	0.850286
1844000	0.2000000000	0.0100000000	0.0100000000	100	100	0	0.845968
1845000	0.2000000000	0.0100000000	0.0100000000	100	100	0	0.844094
1846000	0.2000000000	0.0100000000	0.0100000000	100	100	0	0.842540
1847000	0.2000000000	0.0100000000	0.0100000000	100	100	0	0.842172
1848000	0.2000000000	0.0100000000	0.0100000000	100	100	0	0.835258
1849000	0.2000000000	0.0100000000	0.0100000000	100	100	0	0.839837
1850000	0.2000000000	0.0100000000	0.0100000000	100	100	0	0.844931
1851000	0.2000000000	0.0100000000	0.0100000000	100	100	0	0.858306
1852000	0.2000000000	0.0100000000	0.0100000000	100	100	0	0.865226
1853000	0.2000000000	0.0100000000	0.0100000000	100	100	0	0.859699
1854000	0.2000000000	0.0100000000	0.0100000000	100	100	0	0.863626
1855000	0.2000000000	0.0100000000	0.0100000000	100	100	0	0.840658
1856000	0.2000000000	0.0100000000	0.0100000000	100	100	0	0.849969
1857000	0.2000000000	0.0100000000	0.0100000000	100	100	0	0.843278
1858000	0.2000000000	0.0100000000	0.0100000000	100	100	0	0.855297
1859000	0.2000000000	0.0100000000	0.0100000000	100	100	0	0.848786
1860000	0.2000000000	0.0100000000	0.0100000000	100	100	0	0.848858
1861000	0.2000000000	0.0100000000	0.0100000000	100	100	0	0.843481
1862000	0.2000000000	0.0100000000	0.0100000000	100	100	0	0.852054
1863000	0.2000000000	0.0100000000	0.0100000000	100	100	0	0.840303
1864000	0.2000000000	0.0100000000	0.0100000000	100	100	0	0.845340
1865000	0.2000000000	0.0100000000	0.0100000000	100	100	0	0.851820
1866000	0.2000000000	0.0100000000	0.0100000000	100	100	0	0.858746
1867000	0.2000000000	0.0100000000	0.0100000000	100	100	0	0.868763
1868000	0.2000000000	0.0100000000	0.0100000000	100	100	0	0.861695
1869000	0.2000000000	0.0100000000	0.0100000000	100	100	0	0.871831
1870000	0.2000000000	0.0100000000	0.0100000000	100	100	0	0.868142
1871000	0.2000000000	0.0100000000	0.0100000000	100	100	0	0.857689
1872000	0.2000000000	0.0100000000	0.0100000000	100	100	0	0.855647
1873000	0.2000000000	0.0100000000	0.0100000000	100	100	0	0.845565
1874000	0.2000000000	0.0100000000	0.0100000000	100	100	0	0.851330
1875000	0.2000000000	0.0100000000	0.0100000000	100	100	0	0.844866
1876000	0.2000000000	0.0100000000	0.0100000000	100	100	0	0.858320
1877000	0.2000000000	0.0100000000	0.0100000000	100	100	0	0.850893
1878000	0.2000000000	0.0100000000	0.0100000000	100	100	0	0.842175
1879000	0.2000000000	0.0100000000	0.0100000000	100	100	0	0.825792
1880000	0.2000000000	0.0100000000	0.0100000000	100	100	0	0.819374
1881000	0.2000000000	0.0100000000	0.0100000000	100	100	0	0.815739
1882000	0.2000000000	0.0100000000	0.0100000000	100	100	0	0.828264
1883000	0.2000000000	0.0100000000	0.0100000000	100	100	0	0.832619
1884000	0.2000000000	0.0100000000	0.0100000000	100	100	0	0.842271
1885000	0.2000000000	0.0100000000	0.0100000000	100	100	0	0.833708
1886000	0.2000000000	0.0100000000	0.0100000000	100	100	0	0.842205
1887000	0.2000000000	0.0100000000	0.0100000000	100	100	0	0.837051
1888000	0.2000000000	0.0100000000	0.0100000000	100	100	0	0.833167
1889000	0.2000000000	0.0100000000	0.0100000000	100	100	0	0.841622
1890000	0.2000000000	0.0100000000	0.0100000000	100	100	0	0.857851
1891000	0.2000000000	0.0100000000	0.0100000000	100	100	0	0.860841
1892000	0.2000000000	0.0100000000	0.0100000000	100	100	0	0.880679
1893000	0.2000000000	0.0100000000	0.0100000000	100	100	0	0.869524
1894000	0.2000000000	0.0100000000	0.0100000000	100	100	0	0.858238
1895000	0.2000000000	0.0100000000	0.0100000000	100	100	0	0.850788
1896000	0.2000000000	0.0100000000	0.0100000000	100	100	0	0.858167
1897000	0.2000000000	0.0100000000	0.0100000000	100	100	0	0.865577
1898000	0.2000000000	0.0100000000	0.0100000000	100	100	0	0.858619
1899000	0.2000000000	0.0100000000	0.0100000000	100	100	0	0.861062
1900000	0.2000000000	0.0100000000	0.0100000000	100	100	0	0.853730
1901000	0.2000000000	0.0100000000	0.0100000000	100	100	0	0.869221
1902000	0.2000000000	0.0100000000	0.0100000000	100	100	0	0.876272
1903000	0.2000000000	0.0100000000	0.0100000000	100	100	0	0.860329
1904000	0.2000000000	0.0100000000	0.0100000000	100	100	0	0.852198
1905000	0.2000000000	0.0100000000	0.0100000000	100	100	0	0.850041
1906000	0.2000000000	0.0100000000	0.0100000000	100	100	0	0.850011
1907000	0.2000000000	0.0100000000	0.0100000000	100	100	0	0.859151
1908000	0.2000000000	0.0100000000	0.0100000000	100	100	0	0.859291
1909000	0.2000000000	0.0100000000	0.0100000000	100	100	0	0.857128
1910000	0.2000000000	0.0100000000	0.0100000000	100	100	0	0.862155
1911000	0.2000000000	0.0100000000	0.0100000000	100	100	0	0.865505
1912000	0.2000000000	0.0100000000	0.0100000000	100	100	0	0.867314
1913000	0.2000000000	0.0100000000	0.0100000000	100	100	0	0.862046
1914000	0.2000000000	0.0100000000	0.0100000000	100	100	0	0.860788
1915000	0.2000000000	0.0100000000	0.0100000000	100	100	0	0.843018
1916000	0.2000000000	0.0100000000	0.0100000000	100	100	0	0.826135
1917000	0.2000000000	0.0100000000	0.0100000000	100	100	0	0.835313
1918000	0.2000000000	0.0100000000	0.0100000000	100	100	0	0.842408
1919000	0.2000000000	0.0100000000	0.0100000000	100	100	0	0.849687
1920000	0.2000000000	0.0100000000	0.0100000000	100	100	0	0.848762
1921000	0.2000000000	0.0100000000	0.0100000000	100	100	0	0.868152
1922000	0.2000000000	0.0100000000	0.0100000000	100	100	0	0.864302
1923000	0.2000000000	0.0100000000	0.0100000000	100	100	0	0.861139
1924000	0.2000000000	0.0100000000	0.0100000000	100	100	0	0.860095
1925000	0.2000000000	0.0100000000	0.0100000000	100	100	0	0.858550
1926000	0.2000000000	0.0100000000	0.0100000000	100	100	0	0.866143
1927000	0.2000000000	0.0100000000	0.0100000000	100	100	0	0.869294
1928000	0.2000000000	0.0100000000	0.0100000000	100	100	0	0.858098
1929000	0.2000000000	0.0100000000	0.0100000000	100	100	0	0.859877
1930000	0.2000000000	0.0100000000	0.0100000000	100	100	0	0.852213
1931000	0.2000000000	0.0100000000	0.0100000000	100	100	0	0.852966
1932000	0.2000000000	0.0100000000	0.0100000000	100	100	0	0.858277
1933000	0.2000000000	0.0100000000	0.0100000000	100	100	0	0.851304
1934000	0.2000000000	0.0100000000	0.0100000000	100	100	0	0.860223
1935000	0.2000000000	0.0100000000	0.0100000000	100	100	0	0.859947
1936000	0.2000000000	0.0100000000	0.0100000000	100	100	0	0.858801
1937000	0.2000000000	0.0100000000	0.0100000000	100	100	0	0.859630
1938000	0.2000000000	0.0100000000	0.0100000000	100	100	0	0.851926
1939000	0.2000000000	0.0100000000	0.0100000000	100	100	0	0.860950
1940000	0.2000000000	0.0100000000	0.0100000000	100	100	0	0.857135
1941000	0.2000000000	0.0100000000	0.0100000000	100	100	0	0.848164
1942000	0.2000000000	0.0100000000	0.0100000000	100	100	0	0.845977
1943000	0.2000000000	0.0100000000	0.0100000000	100	100	0	0.848118
1944000	0.2000000000	0.0100000000	0.0100000000	100	100	0	0.849299
1945000	0.2000000000	0.0100000000	0.0100000000	100	100	0	0.863832
1946000	0.2000000000	0.0100000000	0.0100000000	100	100	0	0.858205
1947000	0.2000000000	0.0100000000	0.0100000000	100	100	0	0.855736
1948000	0.2000000000	0.0100000000	0.0100000000	100	100	0	0.848393
1949000	0.2000000000	0.0100000000	0.0100000000	100	100	0	0.864045
1950000	0.2000000000	0.0100000000	0.0100000000	100	100	0	0.866198
1951000	0.2000000000	0.0100000000	0.0100000000	100	100	0	0.866040
1952000	0.2000000000	0.0100000000	0.0100000000	100	100	0	0.857710
1953000	0.2000000000	0.0100000000	0.0100000000	100	100	0	0.865093
1954000	0.2000000000	0.0100000000	0.0100000000	100	100	0	0.847203
1955000	0.2000000000	0.0100000000	0.0100000000	100	100	0	0.848860
1956000	0.2000000000	0.0100000000	0.0100000000	100	100	0	0.854479
1957000	0.2000000000	0.0100000000	0.0100000000	100	100	0	0.854885
1958000	0.2000000000	0.0100000000	0.0100000000	100	100	0	0.855262
1959000	0.2000000000	0.0100000000	0.0100000000	100	100	0	0.835537
1960000	0.2000000000	0.0100000000	0.0100000000	100	100	0	0.845989
1961000	0.2000000000	0.0100000000	0.0100000000	100	100	0	0.843506
1962000	0.2000000000	0.0100000000	0.0100000000	100	100	0	0.847349
1963000	0.2000000000	0.0100000000	0.0100000000	100	100	0	0.850756
1964000	0.2000000000	0.0100000000	0.0100000000	100	100	0	0.863817
1965000	0.2000000000	0.0100000000	0.0100000000	100	100	0	0.862556
1966000	0.2000000000	0.0100000000	0.0100000000	100	100	0	0.860962
1967000	0.2000000000	0.0100000000	0.0100000000	100	100	0	0.850750
1968000	0.2000000000	0.0100000000	0.0100000000	100	100	0	0.847343
1969000	0.2000000000	0.0100000000	0.0100000000	100	100	0	0.845686
1970000	0.2000000000	0.0100000000	0.0100000000	100	100	0	0.835297
1971000	0.2000000000	0.0100000000	0.0100000000	100	100	0	0.834806
1972000	0.2000000000	0.0100000000	0.0100000000	100	100	0	0.841926
1973000	0.2000000000	0.0100000000	0.0100000000	100	100	0	0.851705
1974000	0.2000000000	0.0100000000	0.0100000000	100	100	0	0.843874
1975000	0.2000000000	0.0100000000	0.0100000000	100	100	0	0.848273
1976000	0.2000000000	0.0100000000	0.0100000000	100	100	0	0.855091
1977000	0.2000000000	0.0100000000	0.0100000000	100	100	0	0.859191
1978000	0.2000000000	0.0100000000	0.0100000000	100	100	0	0.851018
1979000	0.2000000000	0.0100000000	0.0100000000	100	100	0	0.867714
1980000	0.2000000000	0.0100000000	0.0100000000	100	100	0	0.864982
1981000	0.2000000000	0.0100000000	0.0100000000	100	100	0	0.853012
1982000	0.2000000000	0.0100000000	0.0100000000	100	100	0	0.854646
1983000	0.2000000000	0.0100000000	0.0100000000	100	100	0	0.855781
1984000	0.2000000000	0.0100000000	0.0100000000	100	100	0	0.848501
1985000	0.2000000000	0.0100000000	0.0100000000	100	100	0	0.852421
1986000	0.2000000000	0.0100000000	0.0100000000	100	100	0	0.851467
1987000	0.2000000000	0.0100000000	0.0100000000	100	100	0	0.854653
1988000	0.2000000000	0.0100000000	0.0100000000	100	100	0	0.846441
1989000	0.2000000000	0.0100000000	0.0100000000	100	100	0	0.856732
1990000	0.2000000000	0.0100000000	0.0100000000	100	100	0	0.856612
1991000	0.2000000000	0.0100000000	0.0100000000	100	100	0	0.849705
1992000	0.2000000000	0.0100000000	0.0100000000	100	100	0	0.863748
1993000	0.2000000000	0.0100000000	0.0100000000	100	100	0	0.867610
1994000	0.2000000000	0.0100000000	0.0100000000	100	100	0	0.859147
1995000	0.2000000000	0.0100000000	0.0100000000	100	100	0	0.859313
1996000	0.2000000000	0.0100000000	0.0100000000	100	100	0	0.863395
1997000	0.2000000000	0.0100000000	0.0100000000	100	100	0	0.851500
1998000	0.2000000000	0.0100000000	0.0100000000	100	100	0	0.851927
1999000	0.2000000000	0.0100000000	0.0100000000	100	100	0	0.847545
2000000	0.2000000000	0.0100000000	0.0100000000	100	100	0	0.848006
2001000	0.2000000000	0.0100000000	0.0100000000	100	100	0	0.853972
2002000	0.2000000000	0.0100000000	0.0100000000	100	100	0	0.872588
2003000	0.2000000000	0.0100000000	0.0100000000	100	100	0	0.872835
2004000	0.2000000000	0.0100000000	0.0100000000	100	100	0	0.865967
2005000	0.2000000000	0.0100000000	0.0100000000	100	100	0	0.863006
2006000	0.2000000000	0.0100000000	0.0100000000	100	100	0	0.861242
2007000	0.2000000000	0.0100000000	0.0100000000	100	100	0	0.862819
2008000	0.2000000000	0.0100000000	0.0100000000	100	100	0	0.864671
2009000	0.2000000000	0.0100000000	0.0100000000	100	100	0	0.859246
2010000	0.2000000000	0.0100000000	0.0100000000	100	100	0	0.858861
2011000	0.2000000000	0.0100000000	0.0100000000	100	100	0	0.848924
2012000	0.2000000000	0.0100000000	0.0100000000	100	100	0	0.838651
2013000	0.2000000000	0.0100000000	0.0100000000	100	100	0	0.845519
2014000	0.2000000000	0.0100000000	0.0100000000	100	100	0	0.845197
2015000	0.2000000000	0.0100000000	0.0100000000	100	100	0	0.851064
2016000	0.2000000000	0.0100000000	0.0100000000	100	100	0	0.858175
2017000	0.2000000000	0.0100000000	0.0100000000	100	100	0	0.854201
2018000	0.2000000000	0.0100000000	0.0100000000	100	100	0	0.863896
2019000	0.2000000000	0.0100000000	0.0100000000	100	100	0	0.864763
2020000	0.2000000000	0.0100000000	0.0100000000	100	100	0	0.846317
2021000	0.2000000000	0.0100000000	0.0100000000	100	100	0	0.852049
2022000	0.2000000000	0.0100000000	0.0100000000	100	100	0	0.855745
2023000	0.2000000000	0.0100000000	0.0100000000	100	100	0	0.852717
2024000	0.2000000000	0.0100000000	0.0100000000	100	100	0	0.843704
2025000	0.2000000000	0.0100000000	0.0100000000	100	100	0	0.839231
2026000	0.2000000000	0.0100000000	0.0100000000	100	100	0	0.844264
2027000	0.2000000000	0.0100000000	0.0100000000	100	100	0	0.862500
2028000	0.2000000000	0.0100000000	0.0100000000	100	100	0	0.867682
2029000	0.2000000000	0.0100000000	0.0100000000	100	100	0	0.856853
2030000	0.2000000000	0.0100000000	0.0100000000	100	100	0	0.848588
2031000	0.2000000000	0.0100000000	0.0100000000	100	100	0	0.839755
2032000	0.2000000000	0.0100000000	0.0100000000	100	100	0	0.842574
2033000	0.2000000000	0.0100000000	0.0100000000	100	100	0	0.830759
2034000	0.2000000000	0.0100000000	0.0100000000	100	100	0	0.814229
2035000	0.2000000000	0.0100000000	0.0100000000	100	100	0	0.815239
2036000	0.2000000000	0.0100000000	0.0100000000	100	100	0	0.809072
2037000	0.2000000000	0.0100000000	0.0100000000	100	100	0	0.816341
2038000	0.2000000000	0.0100000000	0.0100000000	100	100	0	0.821303
2039000	0.2000000000	0.0100000000	0.0100000000	100	100	0	0.847462
2040000	0.2000000000	0.0100000000	0.0100000000	100	100	0	0.832613
2041000	0.2000000000	0.0100000000	0.0100000000	100	100	0	0.836807
2042000	0.2000000000	0.0100000000	0.0100000000	100	100	0	0.846815
2043000	0.2000000000	0.0100000000	0.0100000000	100	100	0	0.839805
2044000	0.2000000000	0.0100000000	0.0100000000	100	100	0	0.847188
2045000	0.2000000000	0.0100000000	0.0100000000	100	100	0	0.840560
2046000	0.2000000000	0.0100000000	0.0100000000	100	100	0	0.846575
2047000	0.2000000000	0.0100000000	0.0100000000	100	100	0	0.837905
2048000	0.2000000000	0.0100000000	0.0100000000	100	100	0	0.833481
2049000	0.2000000000	0.0100000000	0.0100000000	100	100	0	0.831429
2050000	0.2000000000	0.0100000000	0.0100000000	100	100	0	0.813616
2051000	0.2000000000	0.0100000000	0.0100000000	100	100	0	0.821239
2052000	0.2000000000	0.0100000000	0.0100000000	100	100	0	0.808699
2053000	0.2000000000	0.0100000000	0.0100000000	100	100	0	0.818471
2054000	0.2000000000	0.0100000000	0.0100000000	100	100	0	0.832195
2055000	0.2000000000	0.0100000000	0.0100000000	100	100	0	0.838457
2056000	0.2000000000	0.0100000000	0.0100000000	100	100	0	0.843079
2057000	0.2000000000	0.0100000000	0.0100000000	100	100	0	0.843500
2058000	0.2000000000	0.0100000000	0.0100000000	100	100	0	0.843104
2059000	0.2000000000	0.0100000000	0.0100000000	100	100	0	0.834774
2060000	0.2000000000	0.0100000000	0.0100000000	100	100	0	0.838955
2061000	0.2000000000	0.0100000000	0.0100000000	100	100	0	0.846984
2062000	0.2000000000	0.0100000000	0.0100000000	100	100	0	0.862289
2063000	0.2000000000	0.0100000000	0.0100000000	100	100	0	0.849865
2064000	0.2000000000	0.0100000000	0.0100000000	100	100	0	0.852146
2065000	0.2000000000	0.0100000000	0.0100000000	100	100	0	0.844737
2066000	0.2000000000	0.0100000000	0.0100000000	100	100	0	0.855025
2067000	0.2000000000	0.0100000000	0.0100000000	100	100	0	0.845063
2068000	0.2000000000	0.0100000000	0.0100000000	100	100	0	0.852489
2069000	0.2000000000	0.0100000000	0.0100000000	100	100	0	0.850496
2070000	0.2000000000	0.0100000000	0.0100000000	100	100	0	0.841182
2071000	0.2000000000	0.0100000000	0.0100000000	100	100	0	0.839247
2072000	0.2000000000	0.0100000000	0.0100000000	100	100	0	0.848127
2073000	0.2000000000	0.0100000000	0.0100000000	100	100	0	0.859809
2074000	0.2000000000	0.0100000000	0.0100000000	100	100	0	0.865156
2075000	0.2000000000	0.0100000000	0.0100000000	100	100	0	0.879887
2076000	0.2000000000	0.0100000000	0.0100000000	100	100	0	0.879796
2077000	0.2000000000	0.0100000000	0.0100000000	100	100	0	0.856483
2078000	0.2000000000	0.0100000000	0.0100000000	100	100	0	0.853578
2079000	0.2000000000	0.0100000000	0.0100000000	100	100	0	0.851771
2080000	0.2000000000	0.0100000000	0.0100000000	100	100	0	0.848585
2081000	0.2000000000	0.0100000000	0.0100000000	100	100	0	0.868149
2082000	0.2000000000	0.0100000000	0.0100000000	100	100	0	0.867295
2083000	0.2000000000	0.0100000000	0.0100000000	100	100	0	0.862467
2084000	0.2000000000	0.0100000000	0.0100000000	100	100	0	0.851469
2085000	0.2000000000	0.0100000000	0.0100000000	100	100	0	0.849741
2086000	0.2000000000	0.0100000000	0.0100000000	100	100	0	0.842812
2087000	0.2000000000	0.0100000000	0.0100000000	100	100	0	0.836139
2088000	0.2000000000	0.0100000000	0.0100000000	100	100	0	0.832386
2089000	0.2000000000	0.0100000000	0.0100000000	100	100	0	0.827501
2090000	0.2000000000	0.0100000000	0.0100000000	100	100	0	0.828747
2091000	0.2000000000	0.0100000000	0.0100000000	100	100	0	0.841217
2092000	0.2000000000	0.0100000000	0.0100000000	100	100	0	0.847114
2093000	0.2000000000	0.0100000000	0.0100000000	100	100	0	0.862270
2094000	0.2000000000	0.0100000000	0.0100000000	100	100	0	0.857826
2095000	0.2000000000	0.0100000000	0.0100000000	100	100	0	0.858761
2096000	0.2000000000	0.0100000000	0.0100000000	100	100	0	0.849958
2097000	0.2000000000	0.0100000000	0.0100000000	100	100	0	0.869184
2098000	0.2000000000	0.0100000000	0.0100000000	100	100	0	0.841191
2099000	0.2000000000	0.0100000000	0.0100000000	100	100	0	0.827729
2100000	0.2000000000	0.0100000000	0.0100000000	100	100	0	0.829332
2101000	0.2000000000	0.0100000000	0.0100000000	100	100	0	0.837448
2102000	0.2000000000	0.0100000000	0.0100000000	100	100	0	0.841613
2103000	0.2000000000	0.0100000000	0.0100000000	100	100	0	0.848696
2104000	0.2000000000	0.0100000000	0.0100000000	100	100	0	0.854884
2105000	0.2000000000	0.0100000000	0.0100000000	100	100	0	0.862190
2106000	0.2000000000	0.0100000000	0.0100000000	100	100	0	0.870051
2107000	0.2000000000	0.0100000000	0.0100000000	100	100	0	0.851731
2108000	0.2000000000	0.0100000000	0.0100000000	100	100	0	0.853291
2109000	0.2000000000	0.0100000000	0.0100000000	100	100	0	0.868555
2110000	0.2000000000	0.0100000000	0.0100000000	100	100	0	0.868009
2111000	0.2000000000	0.0100000000	0.0100000000	100	100	0	0.864377
2112000	0.2000000000	0.0100000000	0.0100000000	100	100	0	0.845905
2113000	0.2000000000	0.0100000000	0.0100000000	100	100	0	0.855478
2114000	0.2000000000	0.0100000000	0.0100000000	100	100	0	0.849229
2115000	0.2000000000	0.0100000000	0.0100000000	100	100	0	0.849476
2116000	0.2000000000	0.0100000000	0.0100000000	100	100	0	0.866072
2117000	0.2000000000	0.0100000000	0.0100000000	100	100	0	0.875100
2118000	0.2000000000	0.0100000000	0.0100000000	100	100	0	0.857463
2119000	0.2000000000	0.0100000000	0.0100000000	100	100	0	0.849503
2120000	0.2000000000	0.0100000000	0.0100000000	100	100	0	0.848365
2121000	0.2000000000	0.0100000000	0.0100000000	100	100	0	0.846911
2122000	0.2000000000	0.0100000000	0.0100000000	100	100	0	0.854991
2123000	0.2000000000	0.0100000000	0.0100000000	100	100	0	0.841264
2124000	0.2000000000	0.0100000000	0.0100000000	100	100	0	0.857202
2125000	0.2000000000	0.0100000000	0.0100000000	100	100	0	0.855570
2126000	0.2000000000	0.0100000000	0.0100000000	100	100	0	0.846775
2127000	0.2000000000	0.0100000000	0.0100000000	100	100	0	0.841612
2128000	0.2000000000	0.0100000000	0.0100000000	100	100	0	0.835112
2129000	0.2000000000	0.0100000000	0.0100000000	100	100	0	0.827026
2130000	0.2000000000	0.0100000000	0.0100000000	100	100	0	0.818197
2131000	0.2000000000	0.0100000000	0.0100000000	100	100	0	0.827977
2132000	0.2000000000	0.0100000000	0.0100000000	100	100	0	0.847410
2133000	0.2000000000	0.0100000000	0.0100000000	100	100	0	0.842505
2134000	0.2000000000	0.0100000000	0.0100000000	100	100	0	0.837821
2135000	0.2000000000	0.0100000000	0.0100000000	100	100	0	0.844654
2136000	0.2000000000	0.0100000000	0.0100000000	100	100	0	0.846146
2137000	0.2000000000	0.0100000000	0.0100000000	100	100	0	0.859247
2138000	0.2000000000	0.0100000000	0.0100000000	100	100	0	0.858828
2139000	0.2000000000	0.0100000000	0.0100000000	100	100	0	0.843454
2140000	0.2000000000	0.0100000000	0.0100000000	100	100	0	0.840829
2141000	0.2000000000	0.0100000000	0.0100000000	100	100	0	0.849341
2142000	0.2000000000	0.0100000000	0.0100000000	100	100	0	0.859331
2143000	0.2000000000	0.0100000000	0.0100000000	100	100	0	0.848451
2144000	0.2000000000	0.0100000000	0.0100000000	100	100	0	0.844500
2145000	0.2000000000	0.0100000000	0.0100000000	100	100	0	0.846776
2146000	0.2000000000	0.0100000000	0.0100000000	100	100	0	0.840885
2147000	0.2000000000	0.0100000000	0.0100000000	100	100	0	0.838000
2148000	0.2000000000	0.0100000000	0.0100000000	100	100	0	0.855026
2149000	0.2000000000	0.0100000000	0.0100000000	100	100	0	0.853709
2150000	0.2000000000	0.0100000000	0.0100000000	100	100	0	0.865992
2151000	0.2000000000	0.0100000000	0.0100000000	100	100	0	0.858386
2152000	0.2000000000	0.0100000000	0.0100000000	100	100	0	0.862640
2153000	0.2000000000	0.0100000000	0.0100000000	100	100	0	0.862012
2154000	0.2000000000	0.0100000000	0.0100000000	100	100	0	0.847611
2155000	0.2000000000	0.0100000000	0.0100000000	100	100	0	0.838199
2156000	0.2000000000	0.0100000000	0.0100000000	100	100	0	0.841560
2157000	0.2000000000	0.0100000000	0.0100000000	100	100	0	0.835590
2158000	0.2000000000	0.0100000000	0.0100000000	100	100	0	0.851134
2159000	0.2000000000	0.0100000000	0.0100000000	100	100	0	0.847783
2160000	0.2000000000	0.0100000000	0.0100000000	100	100	0	0.858067
2161000	0.2000000000	0.0100000000	0.0100000000	100	100	0	0.842627
2162000	0.2000000000	0.0100000000	0.0100000000	100	100	0	0.848455
2163000	0.2000000000	0.0100000000	0.0100000000	100	100	0	0.853383
2164000	0.2000000000	0.0100000000	0.0100000000	100	100	0	0.855923
2165000	0.2000000000	0.0100000000	0.0100000000	100	100	0	0.863702
2166000	0.2000000000	0.0100000000	0.0100000000	100	100	0	0.870199
2167000	0.2000000000	0.0100000000	0.0100000000	100	100	0	0.865804
2168000	0.2000000000	0.0100000000	0.0100000000	100	100	0	0.872219
2169000	0.2000000000	0.0100000000	0.0100000000	100	100	0	0.859182
2170000	0.2000000000	0.0100000000	0.0100000000	100	100	0	0.866740
2171000	0.2000000000	0.0100000000	0.0100000000	100	100	0	0.873160
2172000	0.2000000000	0.0100000000	0.0100000000	100	100	0	0.866863
2173000	0.2000000000	0.0100000000	0.0100000000	100	100	0	0.873427
2174000	0.2000000000	0.0100000000	0.0100000000	100	100	0	0.868436
2175000	0.2000000000	0.0100000000	0.0100000000	100	100	0	0.865577
2176000	0.2000000000	0.0100000000	0.0100000000	100	100	0	0.864324
2177000	0.2000000000	0.0100000000	0.0100000000	100	100	0	0.857648
2178000	0.2000000000	0.0100000000	0.0100000000	100	100	0	0.864020
2179000	0.2000000000	0.0100000000	0.0100000000	100	100	0	0.848486
2180000	0.2000000000	0.0100000000	0.0100000000	100	100	0	0.858319
2181000	0.2000000000	0.0100000000	0.0100000000	100	100	0	0.868224
2182000	0.2000000000	0.0100000000	0.0100000000	100	100	0	0.854748
2183000	0.2000000000	0.0100000000	0.0100000000	100	100	0	0.858145
2184000	0.2000000000	0.0100000000	0.0100000000	100	100	0	0.845198
2185000	0.2000000000	0.0100000000	0.0100000000	100	100	0	0.839043
2186000	0.2000000000	0.0100000000	0.0100000000	100	100	0	0.850687
2187000	0.2000000000	0.0100000000	0.0100000000	100	100	0	0.838682
2188000	0.2000000000	0.0100000000	0.0100000000	100	100	0	0.840411
2189000	0.2000000000	0.0100000000	0.0100000000	100	100	0	0.832607
2190000	0.2000000000	0.0100000000	0.0100000000	100	100	0	0.833742
2191000	0.2000000000	0.0100000000	0.0100000000	100	100	0	0.833493
2192000	0.2000000000	0.0100000000	0.0100000000	100	100	0	0.845505
2193000	0.2000000000	0.0100000000	0.0100000000	100	100	0	0.839833
2194000	0.2000000000	0.0100000000	0.0100000000	100	100	0	0.829309
2195000	0.2000000000	0.0100000000	0.0100000000	100	100	0	0.834095
2196000	0.2000000000	0.0100000000	0.0100000000	100	100	0	0.827853
2197000	0.2000000000	0.0100000000	0.0100000000	100	100	0	0.829244
2198000	0.2000000000	0.0100000000	0.0100000000	100	100	0	0.825910
2199000	0.2000000000	0.0100000000	0.0100000000	100	100	0	0.831492
2200000	0.2000000000	0.0100000000	0.0100000000	100	100	0	0.831389
2201000	0.2000000000	0.0100000000	0.0100000000	100	100	0	0.816346
2202000	0.2000000000	0.0100000000	0.0100000000	100	100	0	0.832861
2203000	0.2000000000	0.0100000000	0.0100000000	100	100	0	0.837773
2204000	0.2000000000	0.0100000000	0.0100000000	100	100	0	0.844165
2205000	0.2000000000	0.0100000000	0.0100000000	100	100	0	0.840067
2206000	0.2000000000	0.0100000000	0.0100000000	100	100	0	0.832189
2207000	0.2000000000	0.0100000000	0.0100000000	100	100	0	0.839701
2208000	0.2000000000	0.0100000000	0.0100000000	100	100	0	0.835887
2209000	0.2000000000	0.0100000000	0.0100000000	100	100	0	0.855265
2210000	0.2000000000	0.0100000000	0.0100000000	100	100	0	0.862828
2211000	0.2000000000	0.0100000000	0.0100000000	100	100	0	0.853855
2212000	0.2000000000	0.0100000000	0.0100000000	100	100	0	0.849194
2213000	0.2000000000	0.0100000000	0.0100000000	100	100	0	0.858099
2214000	0.2000000000	0.0100000000	0.0100000000	100	100	0	0.853551
2215000	0.2000000000	0.0100000000	0.0100000000	100	100	0	0.845269
2216000	0.2000000000	0.0100000000	0.0100000000	100	100	0	0.849435
2217000	0.2000000000	0.0100000000	0.0100000000	100	100	0	0.851427
2218000	0.2000000000	0.0100000000	0.0100000000	100	100	0	0.846747
2219000	0.2000000000	0.0100000000	0.0100000000	100	100	0	0.844202
2220000	0.2000000000	0.0100000000	0.0100000000	100	100	0	0.844242
2221000	0.2000000000	0.0100000000	0.0100000000	100	100	0	0.844497
2222000	0.2000000000	0.0100000000	0.0100000000	100	100	0	0.841709
2223000	0.2000000000	0.0100000000	0.0100000000	100	100	0	0.841316
2224000	0.2000000000	0.0100000000	0.0100000000	100	100	0	0.834786
2225000	0.2000000000	0.0100000000	0.0100000000	100	100	0	0.837571
2226000	0.2000000000	0.0100000000	0.0100000000	100	100	0	0.841777
2227000	0.2000000000	0.0100000000	0.0100000000	100	100	0	0.835258
2228000	0.2000000000	0.0100000000	0.0100000000	100	100	0	0.834547
2229000	0.2000000000	0.0100000000	0.0100000000	100	100	0	0.837213
2230000	0.2000000000	0.0100000000	0.0100000000	100	100	0	0.844810
2231000	0.2000000000	0.0100000000	0.0100000000	100	100	0	0.836922
2232000	0.2000000000	0.0100000000	0.0100000000	100	100	0	0.833690
2233000	0.2000000000	0.0100000000	0.0100000000	100	100	0	0.841686
2234000	0.2000000000	0.0100000000	0.0100000000	100	100	0	0.848452
2235000	0.2000000000	0.0100000000	0.0100000000	100	100	0	0.842353
2236000	0.2000000000	0.0100000000	0.0100000000	100	100	0	0.840591
2237000	0.2000000000	0.0100000000	0.0100000000	100	100	0	0.835745
2238000	0.2000000000	0.0100000000	0.0100000000	100	100	0	0.852865
2239000	0.2000000000	0.0100000000	0.0100000000	100	100	0	0.843838
2240000	0.2000000000	0.0100000000	0.0100000000	100	100	0	0.839775
2241000	0.2000000000	0.0100000000	0.0100000000	100	100	0	0.835027
2242000	0.2000000000	0.0100000000	0.0100000000	100	100	0	0.830205
2243000	0.2000000000	0.0100000000	0.0100000000	100	100	0	0.841773
2244000	0.2000000000	0.0100000000	0.0100000000	100	100	0	0.847512
2245000	0.2000000000	0.0100000000	0.0100000000	100	100	0	0.850859
2246000	0.2000000000	0.0100000000	0.0100000000	100	100	0	0.841715
2247000	0.2000000000	0.0100000000	0.0100000000	100	100	0	0.836464
2248000	0.2000000000	0.0100000000	0.0100000000	100	100	0	0.828357
2249000	0.2000000000	0.0100000000	0.0100000000	100	100	0	0.844899
2250000	0.2000000000	0.0100000000	0.0100000000	100	100	0	0.840242
2251000	0.2000000000	0.0100000000	0.0100000000	100	100	0	0.855587
2252000	0.2000000000	0.0100000000	0.0100000000	100	100	0	0.853209
2253000	0.2000000000	0.0100000000	0.0100000000	100	100	0	0.848048
2254000	0.2000000000	0.0100000000	0.0100000000	100	100	0	0.843672
2255000	0.2000000000	0.0100000000	0.0100000000	100	100	0	0.843658
2256000	0.2000000000	0.0100000000	0.0100000000	100	100	0	0.841944
2257000	0.2000000000	0.0100000000	0.0100000000	100	100	0	0.833454
2258000	0.2000000000	0.0100000000	0.0100000000	100	100	0	0.831102
2259000	0.2000000000	0.0100000000	0.0100000000	100	100	0	0.824980
2260000	0.2000000000	0.0100000000	0.0100000000	100	100	0	0.827511
2261000	0.2000000000	0.0100000000	0.0100000000	100	100	0	0.841811
2262000	0.2000000000	0.0100000000	0.0100000000	100	100	0	0.840634
2263000	0.2000000000	0.0100000000	0.0100000000	100	100	0	0.844142
2264000	0.2000000000	0.0100000000	0.0100000000	100	100	0	0.839442
2265000	0.2000000000	0.0100000000	0.0100000000	100	100	0	0.839020
2266000	0.2000000000	0.0100000000	0.0100000000	100	100	0	0.838914
2267000	0.2000000000	0.0100000000	0.0100000000	100	100	0	0.829279
2268000	0.2000000000	0.0100000000	0.0100000000	100	100	0	0.855160
2269000	0.2000000000	0.0100000000	0.0100000000	100	100	0	0.852215
2270000	0.2000000000	0.0100000000	0.0100000000	100	100	0	0.856233
2271000	0.2000000000	0.0100000000	0.0100000000	100	100	0	0.862562
2272000	0.2000000000	0.0100000000	0.0100000000	100	100	0	0.851126
2273000	0.2000000000	0.0100000000	0.0100000000	100	100	0	0.860814
2274000	0.2000000000	0.0100000000	0.0100000000	100	100	0	0.863488
2275000	0.2000000000	0.0100000000	0.0100000000	100	100	0	0.858449
2276000	0.2000000000	0.0100000000	0.0100000000	100	100	0	0.865616
2277000	0.2000000000	0.0100000000	0.0100000000	100	100	0	0.870306
2278000	0.2000000000	0.0100000000	0.0100000000	100	100	0	0.876712
2279000	0.2000000000	0.0100000000	0.0100000000	100	100	0	0.880800
2280000	0.2000000000	0.0100000000	0.0100000000	100	100	0	0.887133
2281000	0.2000000000	0.0100000000	0.0100000000	100	100	0	0.882747
2282000	0.2000000000	0.0100000000	0.0100000000	100	100	0	0.875395
2283000	0.2000000000	0.0100000000	0.0100000000	100	100	0	0.863141
2284000	0.2000000000	0.0100000000	0.0100000000	100	100	0	0.850858
2285000	0.2000000000	0.0100000000	0.0100000000	100	100	0	0.848883
2286000	0.2000000000	0.0100000000	0.0100000000	100	100	0	0.849268
2287000	0.2000000000	0.0100000000	0.0100000000	100	100	0	0.843866
2288000	0.2000000000	0.0100000000	0.0100000000	100	100	0	0.861565
2289000	0.2000000000	0.0100000000	0.0100000000	100	100	0	0.856960
2290000	0.2000000000	0.0100000000	0.0100000000	100	100	0	0.852776
2291000	0.2000000000	0.0100000000	0.0100000000	100	100	0	0.847382
2292000	0.2000000000	0.0100000000	0.0100000000	100	100	0	0.844599
2293000	0.2000000000	0.0100000000	0.0100000000	100	100	0	0.852066
2294000	0.2000000000	0.0100000000	0.0100000000	100	100	0	0.842772
2295000	0.2000000000	0.0100000000	0.0100000000	100	100	0	0.833804
2296000	0.2000000000	0.0100000000	0.0100000000	100	100	0	0.829439
2297000	0.2000000000	0.0100000000	0.0100000000	100	100	0	0.838976
2298000	0.2000000000	0.0100000000	0.0100000000	100	100	0	0.842837
2299000	0.2000000000	0.0100000000	0.0100000000	100	100	0	0.839550
2300000	0.2000000000	0.0100000000	0.0100000000	100	100	0	0.864350
2301000	0.2000000000	0.0100000000	0.0100000000	100	100	0	0.864359
2302000	0.2000000000	0.0100000000	0.0100000000	100	100	0	0.855992
2303000	0.2000000000	0.0100000000	0.0100000000	100	100	0	0.859143
2304000	0.2000000000	0.0100000000	0.0100000000	100	100	0	0.863639
2305000	0.2000000000	0.0100000000	0.0100000000	100	100	0	0.854681
2306000	0.2000000000	0.0100000000	0.0100000000	100	100	0	0.838551
2307000	0.2000000000	0.0100000000	0.0100000000	100	100	0	0.859803
2308000	0.2000000000	0.0100000000	0.0100000000	100	100	0	0.854888
2309000	0.2000000000	0.0100000000	0.0100000000	100	100	0	0.851500
2310000	0.2000000000	0.0100000000	0.0100000000	100	100	0	0.847755
2311000	0.2000000000	0.0100000000	0.0100000000	100	100	0	0.836972
2312000	0.2000000000	0.0100000000	0.0100000000	100	100	0	0.852591
2313000	0.2000000000	0.0100000000	0.0100000000	100	100	0	0.851567
2314000	0.2000000000	0.0100000000	0.0100000000	100	100	0	0.853320
2315000	0.2000000000	0.0100000000	0.0100000000	100	100	0	0.832827
2316000	0.2000000000	0.0100000000	0.0100000000	100	100	0	0.836275
2317000	0.2000000000	0.0100000000	0.0100000000	100	100	0	0.825438
2318000	0.2000000000	0.0100000000	0.0100000000	100	100	0	0.834482
2319000	0.2000000000	0.0100000000	0.0100000000	100	100	0	0.839865
2320000	0.2000000000	0.0100000000	0.0100000000	100	100	0	0.837773
2321000	0.2000000000	0.0100000000	0.0100000000	100	100	0	0.852590
2322000	0.2000000000	0.0100000000	0.0100000000	100	100	0	0.856316
2323000	0.2000000000	0.0100000000	0.0100000000	100	100	0	0.856472
2324000	0.2000000000	0.0100000000	0.0100000000	100	100	0	0.854938
2325000	0.2000000000	0.0100000000	0.0100000000	100	100	0	0.859496
2326000	0.2000000000	0.0100000000	0.0100000000	100	100	0	0.853498
2327000	0.2000000000	0.0100000000	0.0100000000	100	100	0	0.854851
2328000	0.2000000000	0.0100000000	0.0100000000	100	100	0	0.849499
2329000	0.2000000000	0.0100000000	0.0100000000	100	100	0	0.836122
2330000	0.2000000000	0.0100000000	0.0100000000	100	100	0	0.838814
2331000	0.2000000000	0.0100000000	0.0100000000	100	100	0	0.838037
2332000	0.2000000000	0.0100000000	0.0100000000	100	100	0	0.838485
2333000	0.2000000000	0.0100000000	0.0100000000	100	100	0	0.830400
2334000	0.2000000000	0.0100000000	0.0100000000	100	100	0	0.847949
2335000	0.2000000000	0.0100000000	0.0100000000	100	100	0	0.846815
2336000	0.2000000000	0.0100000000	0.0100000000	100	100	0	0.834935
2337000	0.2000000000	0.0100000000	0.0100000000	100	100	0	0.836577
2338000	0.2000000000	0.0100000000	0.0100000000	100	100	0	0.854924
2339000	0.2000000000	0.0100000000	0.0100000000	100	100	0	0.860728
2340000	0.2000000000	0.0100000000	0.0100000000	100	100	0	0.869010
2341000	0.2000000000	0.0100000000	0.0100000000	100	100	0	0.856163
2342000	0.2000000000	0.0100000000	0.0100000000	100	100	0	0.848965
2343000	0.2000000000	0.0100000000	0.0100000000	100	100	0	0.861911
2344000	0.2000000000	0.0100000000	0.0100000000	100	100	0	0.870631
2345000	0.2000000000	0.0100000000	0.0100000000	100	100	0	0.877731
2346000	0.2000000000	0.0100000000	0.0100000000	100	100	0	0.872569
2347000	0.2000000000	0.0100000000	0.0100000000	100	100	0	0.861499
2348000	0.2000000000	0.0100000000	0.0100000000	100	100	0	0.857604
2349000	0.2000000000	0.0100000000	0.0100000000	100	100	0	0.850052
2350000	0.2000000000	0.0100000000	0.0100000000	100	100	0	0.834879
2351000	0.2000000000	0.0100000000	0.0100000000	100	100	0	0.830110
2352000	0.2000000000	0.0100000000	0.0100000000	100	100	0	0.838691
2353000	0.2000000000	0.0100000000	0.0100000000	100	100	0	0.855709
2354000	0.2000000000	0.0100000000	0.0100000000	100	100	0	0.860631
2355000	0.2000000000	0.0100000000	0.0100000000	100	100	0	0.854819
2356000	0.2000000000	0.0100000000	0.0100000000	100	100	0	0.850928
2357000	0.2000000000	0.0100000000	0.0100000000	100	100	0	0.848789
2358000	0.2000000000	0.0100000000	0.0100000000	100	100	0	0.857962
2359000	0.2000000000	0.0100000000	0.0100000000	100	100	0	0.849519
2360000	0.2000000000	0.0100000000	0.0100000000	100	100	0	0.858446
2361000	0.2000000000	0.0100000000	0.0100000000	100	100	0	0.868550
2362000	0.2000000000	0.0100000000	0.0100000000	100	100	0	0.866184
2363000	0.2000000000	0.0100000000	0.0100000000	100	100	0	0.858839
2364000	0.2000000000	0.0100000000	0.0100000000	100	100	0	0.856351
2365000	0.2000000000	0.0100000000	0.0100000000	100	100	0	0.880514
2366000	0.2000000000	0.0100000000	0.0100000000	100	100	0	0.876126
2367000	0.2000000000	0.0100000000	0.0100000000	100	100	0	0.888031
2368000	0.2000000000	0.0100000000	0.0100000000	100	100	0	0.871885
2369000	0.2000000000	0.0100000000	0.0100000000	100	100	0	0.844472
2370000	0.2000000000	0.0100000000	0.0100000000	100	100	0	0.836937
2371000	0.2000000000	0.0100000000	0.0100000000	100	100	0	0.825448
2372000	0.2000000000	0.0100000000	0.0100000000	100	100	0	0.829101
2373000	0.2000000000	0.0100000000	0.0100000000	100	100	0	0.831020
2374000	0.2000000000	0.0100000000	0.0100000000	100	100	0	0.824072
2375000	0.2000000000	0.0100000000	0.0100000000	100	100	0	0.833061
2376000	0.2000000000	0.0100000000	0.0100000000	100	100	0	0.833813
2377000	0.2000000000	0.0100000000	0.0100000000	100	100	0	0.841816
2378000	0.2000000000	0.0100000000	0.0100000000	100	100	0	0.839182
2379000	0.2000000000	0.0100000000	0.0100000000	100	100	0	0.827638
2380000	0.2000000000	0.0100000000	0.0100000000	100	100	0	0.827433
2381000	0.2000000000	0.0100000000	0.0100000000	100	100	0	0.839675
2382000	0.2000000000	0.0100000000	0.0100000000	100	100	0	0.824060
2383000	0.2000000000	0.0100000000	0.0100000000	100	100	0	0.816712
2384000	0.2000000000	0.0100000000	0.0100000000	100	100	0	0.813142
2385000	0.2000000000	0.0100000000	0.0100000000	100	100	0	0.832260
2386000	0.2000000000	0.0100000000	0.0100000000	100	100	0	0.823401
2387000	0.2000000000	0.0100000000	0.0100000000	100	100	0	0.836334
2388000	0.2000000000	0.0100000000	0.0100000000	100	100	0	0.833943
2389000	0.2000000000	0.0100000000	0.0100000000	100	100	0	0.840296
2390000	0.2000000000	0.0100000000	0.0100000000	100	100	0	0.839443
2391000	0.2000000000	0.0100000000	0.0100000000	100	100	0	0.851580
2392000	0.2000000000	0.0100000000	0.0100000000	100	100	0	0.834703
2393000	0.2000000000	0.0100000000	0.0100000000	100	100	0	0.835227
2394000	0.2000000000	0.0100000000	0.0100000000	100	100	0	0.834227
2395000	0.2000000000	0.0100000000	0.0100000000	100	100	0	0.843934
2396000	0.2000000000	0.0100000000	0.0100000000	100	100	0	0.864620
2397000	0.2000000000	0.0100000000	0.0100000000	100	100	0	0.866554
2398000	0.2000000000	0.0100000000	0.0100000000	100	100	0	0.864553
2399000	0.2000000000	0.0100000000	0.0100000000	100	100	0	0.840727
2400000	0.2000000000	0.0100000000	0.0100000000	100	100	0	0.835956
2401000	0.2000000000	0.0100000000	0.0100000000	100	100	0	0.831490
2402000	0.2000000000	0.0100000000	0.0100000000	100	100	0	0.838242
2403000	0.2000000000	0.0100000000	0.0100000000	100	100	0	0.832093
2404000	0.2000000000	0.0100000000	0.0100000000	100	100	0	0.823553
2405000	0.2000000000	0.0100000000	0.0100000000	100	100	0	0.825219
2406000	0.2000000000	0.0100000000	0.0100000000	100	100	0	0.826080
2407000	0.2000000000	0.0100000000	0.0100000000	100	100	0	0.837018
2408000	0.2000000000	0.0100000000	0.0100000000	100	100	0	0.845187
2409000	0.2000000000	0.0100000000	0.0100000000	100	100	0	0.844352
2410000	0.2000000000	0.0100000000	0.0100000000	100	100	0	0.840091
2411000	0.2000000000	0.0100000000	0.0100000000	100	100	0	0.851059
2412000	0.2000000000	0.0100000000	0.0100000000	100	100	0	0.851767
2413000	0.2000000000	0.0100000000	0.0100000000	100	100	0	0.865592
2414000	0.2000000000	0.0100000000	0.0100000000	100	100	0	0.866502
2415000	0.2000000000	0.0100000000	0.0100000000	100	100	0	0.843011
2416000	0.2000000000	0.0100000000	0.0100000000	100	100	0	0.848727
2417000	0.2000000000	0.0100000000	0.0100000000	100	100	0	0.851063
2418000	0.2000000000	0.0100000000	0.0100000000	100	100	0	0.832938
2419000	0.2000000000	0.0100000000	0.0100000000	100	100	0	0.836768
2420000	0.2000000000	0.0100000000	0.0100000000	100	100	0	0.840754
2421000	0.2000000000	0.0100000000	0.0100000000	100	100	0	0.835988
2422000	0.2000000000	0.0100000000	0.0100000000	100	100	0	0.823649
2423000	0.2000000000	0.0100000000	0.0100000000	100	100	0	0.838583
2424000	0.2000000000	0.0100000000	0.0100000000	100	100	0	0.838601
2425000	0.2000000000	0.0100000000	0.0100000000	100	100	0	0.843829
2426000	0.2000000000	0.0100000000	0.0100000000	100	100	0	0.835262
2427000	0.2000000000	0.0100000000	0.0100000000	100	100	0	0.842047
2428000	0.2000000000	0.0100000000	0.0100000000	100	100	0	0.831553
2429000	0.2000000000	0.0100000000	0.0100000000	100	100	0	0.834234
2430000	0.2000000000	0.0100000000	0.0100000000	100	100	0	0.842238
2431000	0.2000000000	0.0100000000	0.0100000000	100	100	0	0.843569
2432000	0.2000000000	0.0100000000	0.0100000000	100	100	0	0.843504
2433000	0.2000000000	0.0100000000	0.0100000000	100	100	0	0.846272
2434000	0.2000000000	0.0100000000	0.0100000000	100	100	0	0.835337
2435000	0.2000000000	0.0100000000	0.0100000000	100	100	0	0.839520
2436000	0.2000000000	0.0100000000	0.0100000000	100	100	0	0.843374
2437000	0.2000000000	0.0100000000	0.0100000000	100	100	0	0.837484
2438000	0.2000000000	0.0100000000	0.0100000000	100	100	0	0.830173
2439000	0.2000000000	0.0100000000	0.0100000000	100	100	0	0.840873
2440000	0.2000000000	0.0100000000	0.0100000000	100	100	0	0.854031
2441000	0.2000000000	0.0100000000	0.0100000000	100	100	0	0.851165
2442000	0.2000000000	0.0100000000	0.0100000000	100	100	0	0.848991
2443000	0.2000000000	0.0100000000	0.0100000000	100	100	0	0.815914
2444000	0.2000000000	0.0100000000	0.0100000000	100	100	0	0.821268
2445000	0.2000000000	0.0100000000	0.0100000000	100	100	0	0.837657
2446000	0.2000000000	0.0100000000	0.0100000000	100	100	0	0.844685
2447000	0.2000000000	0.0100000000	0.0100000000	100	100	0	0.840372
2448000	0.2000000000	0.0100000000	0.0100000000	100	100	0	0.824532
2449000	0.2000000000	0.0100000000	0.0100000000	100	100	0	0.835749
2450000	0.2000000000	0.0100000000	0.0100000000	100	100	0	0.839241
2451000	0.2000000000	0.0100000000	0.0100000000	100	100	0	0.843908
2452000	0.2000000000	0.0100000000	0.0100000000	100	100	0	0.848197
2453000	0.2000000000	0.0100000000	0.0100000000	100	100	0	0.851940
2454000	0.2000000000	0.0100000000	0.0100000000	100	100	0	0.841252
2455000	0.2000000000	0.0100000000	0.0100000000	100	100	0	0.858236
2456000	0.2000000000	0.0100000000	0.0100000000	100	100	0	0.843576
2457000	0.2000000000	0.0100000000	0.0100000000	100	100	0	0.833033
2458000	0.2000000000	0.0100000000	0.0100000000	100	100	0	0.827415
2459000	0.2000000000	0.0100000000	0.0100000000	100	100	0	0.830909
2460000	0.2000000000	0.0100000000	0.0100000000	100	100	0	0.820613
2461000	0.2000000000	0.0100000000	0.0100000000	100	100	0	0.824151
2462000	0.2000000000	0.0100000000	0.0100000000	100	100	0	0.819220
2463000	0.2000000000	0.0100000000	0.0100000000	100	100	0	0.819398
2464000	0.2000000000	0.0100000000	0.0100000000	100	100	0	0.837946
2465000	0.2000000000	0.0100000000	0.0100000000	100	100	0	0.847447
2466000	0.2000000000	0.0100000000	0.0100000000	100	100	0	0.853355
2467000	0.2000000000	0.0100000000	0.0100000000	100	100	0	0.838551
2468000	0.2000000000	0.0100000000	0.0100000000	100	100	0	0.839310
2469000	0.2000000000	0.0100000000	0.0100000000	100	100	0	0.852865
2470000	0.2000000000	0.0100000000	0.0100000000	100	100	0	0.852556
2471000	0.2000000000	0.0100000000	0.0100000000	100	100	0	0.851873
2472000	0.2000000000	0.0100000000	0.0100000000	100	100	0	0.845297
2473000	0.2000000000	0.0100000000	0.0100000000	100	100	0	0.857997
2474000	0.2000000000	0.0100000000	0.0100000000	100	100	0	0.845075
2475000	0.2000000000	0.0100000000	0.0100000000	100	100	0	0.847422
2476000	0.2000000000	0.0100000000	0.0100000000	100	100	0	0.864732
2477000	0.2000000000	0.0100000000	0.0100000000	100	100	0	0.859885
2478000	0.2000000000	0.0100000000	0.0100000000	100	100	0	0.859314
2479000	0.2000000000	0.0100000000	0.0100000000	100	100	0	0.853275
2480000	0.2000000000	0.0100000000	0.0100000000	100	100	0	0.853893
2481000	0.2000000000	0.0100000000	0.0100000000	100	100	0	0.845498
2482000	0.2000000000	0.0100000000	0.0100000000	100	100	0	0.867944
2483000	0.2000000000	0.0100000000	0.0100000000	100	100	0	0.866729
2484000	0.2000000000	0.0100000000	0.0100000000	100	100	0	0.868973
2485000	0.2000000000	0.0100000000	0.0100000000	100	100	0	0.871321
2486000	0.2000000000	0.0100000000	0.0100000000	100	100	0	0.863324
2487000	0.2000000000	0.0100000000	0.0100000000	100	100	0	0.851988
2488000	0.2000000000	0.0100000000	0.0100000000	100	100	0	0.849602
2489000	0.2000000000	0.0100000000	0.0100000000	100	100	0	0.837164
2490000	0.2000000000	0.0100000000	0.0100000000	100	100	0	0.837962
2491000	0.2000000000	0.0100000000	0.0100000000	100	100	0	0.837121
2492000	0.2000000000	0.0100000000	0.0100000000	100	100	0	0.838826
2493000	0.2000000000	0.0100000000	0.0100000000	100	100	0	0.827952
2494000	0.2000000000	0.0100000000	0.0100000000	100	100	0	0.826239
2495000	0.2000000000	0.0100000000	0.0100000000	100	100	0	0.825392
2496000	0.2000000000	0.0100000000	0.0100000000	100	100	0	0.831683
2497000	0.2000000000	0.0100000000	0.0100000000	100	100	0	0.851030
2498000	0.2000000000	0.0100000000	0.0100000000	100	100	0	0.856347
2499000	0.2000000000	0.0100000000	0.0100000000	100	100	0	0.865409
2500000	0.2000000000	0.0100000000	0.0100000000	100	100	0	0.861140
