time	epistasis_coef	sel_coef	mu_prob	Ne	L	k_start	mean_fitness
1500000	0.8000000000	0.0100000000	1.0000000000	100	100	0	0.978335
1501000	0.8000000000	0.0100000000	1.0000000000	100	100	0	0.978245
1502000	0.8000000000	0.0100000000	1.0000000000	100	100	0	0.978313
1503000	0.8000000000	0.0100000000	1.0000000000	100	100	0	0.978282
1504000	0.8000000000	0.0100000000	1.0000000000	100	100	0	0.978592
1505000	0.8000000000	0.0100000000	1.0000000000	100	100	0	0.978327
1506000	0.8000000000	0.0100000000	1.0000000000	100	100	0	0.978528
1507000	0.8000000000	0.0100000000	1.0000000000	100	100	0	0.978575
1508000	0.8000000000	0.0100000000	1.0000000000	100	100	0	0.978676
1509000	0.8000000000	0.0100000000	1.0000000000	100	100	0	0.978384
1510000	0.8000000000	0.0100000000	1.0000000000	100	100	0	0.978153
1511000	0.8000000000	0.0100000000	1.0000000000	100	100	0	0.978389
1512000	0.8000000000	0.0100000000	1.0000000000	100	100	0	0.978609
1513000	0.8000000000	0.0100000000	1.0000000000	100	100	0	0.978569
1514000	0.8000000000	0.0100000000	1.0000000000	100	100	0	0.978571
1515000	0.8000000000	0.0100000000	1.0000000000	100	100	0	0.978183
1516000	0.8000000000	0.0100000000	1.0000000000	100	100	0	0.978098
1517000	0.8000000000	0.0100000000	1.0000000000	100	100	0	0.978408
1518000	0.8000000000	0.0100000000	1.0000000000	100	100	0	0.978381
1519000	0.8000000000	0.0100000000	1.0000000000	100	100	0	0.978191
1520000	0.8000000000	0.0100000000	1.0000000000	100	100	0	0.978391
1521000	0.8000000000	0.0100000000	1.0000000000	100	100	0	0.978323
1522000	0.8000000000	0.0100000000	1.0000000000	100	100	0	0.978387
1523000	0.8000000000	0.0100000000	1.0000000000	100	100	0	0.978387
1524000	0.8000000000	0.0100000000	1.0000000000	100	100	0	0.978286
1525000	0.8000000000	0.0100000000	1.0000000000	100	100	0	0.978151
1526000	0.8000000000	0.0100000000	1.0000000000	100	100	0	0.978290
1527000	0.8000000000	0.0100000000	1.0000000000	100	100	0	0.978408
1528000	0.8000000000	0.0100000000	1.0000000000	100	100	0	0.978433
1529000	0.8000000000	0.0100000000	1.0000000000	100	100	0	0.978658
1530000	0.8000000000	0.0100000000	1.0000000000	100	100	0	0.978397
1531000	0.8000000000	0.0100000000	1.0000000000	100	100	0	0.978334
1532000	0.8000000000	0.0100000000	1.0000000000	100	100	0	0.978481
1533000	0.8000000000	0.0100000000	1.0000000000	100	100	0	0.978414
1534000	0.8000000000	0.0100000000	1.0000000000	100	100	0	0.978332
1535000	0.8000000000	0.0100000000	1.0000000000	100	100	0	0.978568
1536000	0.8000000000	0.0100000000	1.0000000000	100	100	0	0.978483
1537000	0.8000000000	0.0100000000	1.0000000000	100	100	0	0.978163
1538000	0.8000000000	0.0100000000	1.0000000000	100	100	0	0.978314
1539000	0.8000000000	0.0100000000	1.0000000000	100	100	0	0.978297
1540000	0.8000000000	0.0100000000	1.0000000000	100	100	0	0.978669
1541000	0.8000000000	0.0100000000	1.0000000000	100	100	0	0.978017
1542000	0.8000000000	0.0100000000	1.0000000000	100	100	0	0.978584
1543000	0.8000000000	0.0100000000	1.0000000000	100	100	0	0.978678
1544000	0.8000000000	0.0100000000	1.0000000000	100	100	0	0.977883
1545000	0.8000000000	0.0100000000	1.0000000000	100	100	0	0.978188
1546000	0.8000000000	0.0100000000	1.0000000000	100	100	0	0.977956
1547000	0.8000000000	0.0100000000	1.0000000000	100	100	0	0.978315
1548000	0.8000000000	0.0100000000	1.0000000000	100	100	0	0.978462
1549000	0.8000000000	0.0100000000	1.0000000000	100	100	0	0.978516
1550000	0.8000000000	0.0100000000	1.0000000000	100	100	0	0.978078
1551000	0.8000000000	0.0100000000	1.0000000000	100	100	0	0.978375
1552000	0.8000000000	0.0100000000	1.0000000000	100	100	0	0.978523
1553000	0.8000000000	0.0100000000	1.0000000000	100	100	0	0.978264
1554000	0.8000000000	0.0100000000	1.0000000000	100	100	0	0.978339
1555000	0.8000000000	0.0100000000	1.0000000000	100	100	0	0.978253
1556000	0.8000000000	0.0100000000	1.0000000000	100	100	0	0.978069
1557000	0.8000000000	0.0100000000	1.0000000000	100	100	0	0.978410
1558000	0.8000000000	0.0100000000	1.0000000000	100	100	0	0.978433
1559000	0.8000000000	0.0100000000	1.0000000000	100	100	0	0.978319
1560000	0.8000000000	0.0100000000	1.0000000000	100	100	0	0.978538
1561000	0.8000000000	0.0100000000	1.0000000000	100	100	0	0.978280
1562000	0.8000000000	0.0100000000	1.0000000000	100	100	0	0.978035
1563000	0.8000000000	0.0100000000	1.0000000000	100	100	0	0.978381
1564000	0.8000000000	0.0100000000	1.0000000000	100	100	0	0.978291
1565000	0.8000000000	0.0100000000	1.0000000000	100	100	0	0.978343
1566000	0.8000000000	0.0100000000	1.0000000000	100	100	0	0.978273
1567000	0.8000000000	0.0100000000	1.0000000000	100	100	0	0.978616
1568000	0.8000000000	0.0100000000	1.0000000000	100	100	0	0.978378
1569000	0.8000000000	0.0100000000	1.0000000000	100	100	0	0.978304
1570000	0.8000000000	0.0100000000	1.0000000000	100	100	0	0.978183
1571000	0.8000000000	0.0100000000	1.0000000000	100	100	0	0.978645
1572000	0.8000000000	0.0100000000	1.0000000000	100	100	0	0.978371
1573000	0.8000000000	0.0100000000	1.0000000000	100	100	0	0.978173
1574000	0.8000000000	0.0100000000	1.0000000000	100	100	0	0.978411
1575000	0.8000000000	0.0100000000	1.0000000000	100	100	0	0.978531
1576000	0.8000000000	0.0100000000	1.0000000000	100	100	0	0.978483
1577000	0.8000000000	0.0100000000	1.0000000000	100	100	0	0.978364
1578000	0.8000000000	0.0100000000	1.0000000000	100	100	0	0.978524
1579000	0.8000000000	0.0100000000	1.0000000000	100	100	0	0.978564
1580000	0.8000000000	0.0100000000	1.0000000000	100	100	0	0.978281
1581000	0.8000000000	0.0100000000	1.0000000000	100	100	0	0.978642
1582000	0.8000000000	0.0100000000	1.0000000000	100	100	0	0.978279
1583000	0.8000000000	0.0100000000	1.0000000000	100	100	0	0.978461
1584000	0.8000000000	0.0100000000	1.0000000000	100	100	0	0.978301
1585000	0.8000000000	0.0100000000	1.0000000000	100	100	0	0.978633
1586000	0.8000000000	0.0100000000	1.0000000000	100	100	0	0.978323
1587000	0.8000000000	0.0100000000	1.0000000000	100	100	0	0.978407
1588000	0.8000000000	0.0100000000	1.0000000000	100	100	0	0.978265
1589000	0.8000000000	0.0100000000	1.0000000000	100	100	0	0.978425
1590000	0.8000000000	0.0100000000	1.0000000000	100	100	0	0.978536
1591000	0.8000000000	0.0100000000	1.0000000000	100	100	0	0.978356
1592000	0.8000000000	0.0100000000	1.0000000000	100	100	0	0.978317
1593000	0.8000000000	0.0100000000	1.0000000000	100	100	0	0.978009
1594000	0.8000000000	0.0100000000	1.0000000000	100	100	0	0.978280
1595000	0.8000000000	0.0100000000	1.0000000000	100	100	0	0.978504
1596000	0.8000000000	0.0100000000	1.0000000000	100	100	0	0.978235
1597000	0.8000000000	0.0100000000	1.0000000000	100	100	0	0.978316
1598000	0.8000000000	0.0100000000	1.0000000000	100	100	0	0.978258
1599000	0.8000000000	0.0100000000	1.0000000000	100	100	0	0.978440
1600000	0.8000000000	0.0100000000	1.0000000000	100	100	0	0.978152
1601000	0.8000000000	0.0100000000	1.0000000000	100	100	0	0.978532
1602000	0.8000000000	0.0100000000	1.0000000000	100	100	0	0.978423
1603000	0.8000000000	0.0100000000	1.0000000000	100	100	0	0.978332
1604000	0.8000000000	0.0100000000	1.0000000000	100	100	0	0.978893
1605000	0.8000000000	0.0100000000	1.0000000000	100	100	0	0.978206
1606000	0.8000000000	0.0100000000	1.0000000000	100	100	0	0.979178
1607000	0.8000000000	0.0100000000	1.0000000000	100	100	0	0.978372
1608000	0.8000000000	0.0100000000	1.0000000000	100	100	0	0.978576
1609000	0.8000000000	0.0100000000	1.0000000000	100	100	0	0.978492
1610000	0.8000000000	0.0100000000	1.0000000000	100	100	0	0.978395
1611000	0.8000000000	0.0100000000	1.0000000000	100	100	0	0.978585
1612000	0.8000000000	0.0100000000	1.0000000000	100	100	0	0.978130
1613000	0.8000000000	0.0100000000	1.0000000000	100	100	0	0.978779
1614000	0.8000000000	0.0100000000	1.0000000000	100	100	0	0.978295
1615000	0.8000000000	0.0100000000	1.0000000000	100	100	0	0.978389
1616000	0.8000000000	0.0100000000	1.0000000000	100	100	0	0.978309
1617000	0.8000000000	0.0100000000	1.0000000000	100	100	0	0.978511
1618000	0.8000000000	0.0100000000	1.0000000000	100	100	0	0.978578
1619000	0.8000000000	0.0100000000	1.0000000000	100	100	0	0.978367
1620000	0.8000000000	0.0100000000	1.0000000000	100	100	0	0.978419
1621000	0.8000000000	0.0100000000	1.0000000000	100	100	0	0.978211
1622000	0.8000000000	0.0100000000	1.0000000000	100	100	0	0.978482
1623000	0.8000000000	0.0100000000	1.0000000000	100	100	0	0.978357
1624000	0.8000000000	0.0100000000	1.0000000000	100	100	0	0.978263
1625000	0.8000000000	0.0100000000	1.0000000000	100	100	0	0.978352
1626000	0.8000000000	0.0100000000	1.0000000000	100	100	0	0.978419
1627000	0.8000000000	0.0100000000	1.0000000000	100	100	0	0.978162
1628000	0.8000000000	0.0100000000	1.0000000000	100	100	0	0.978503
1629000	0.8000000000	0.0100000000	1.0000000000	100	100	0	0.978334
1630000	0.8000000000	0.0100000000	1.0000000000	100	100	0	0.978056
1631000	0.8000000000	0.0100000000	1.0000000000	100	100	0	0.978336
1632000	0.8000000000	0.0100000000	1.0000000000	100	100	0	0.978832
1633000	0.8000000000	0.0100000000	1.0000000000	100	100	0	0.978147
1634000	0.8000000000	0.0100000000	1.0000000000	100	100	0	0.978465
1635000	0.8000000000	0.0100000000	1.0000000000	100	100	0	0.978147
1636000	0.8000000000	0.0100000000	1.0000000000	100	100	0	0.978038
1637000	0.8000000000	0.0100000000	1.0000000000	100	100	0	0.978779
1638000	0.8000000000	0.0100000000	1.0000000000	100	100	0	0.978492
1639000	0.8000000000	0.0100000000	1.0000000000	100	100	0	0.978240
1640000	0.8000000000	0.0100000000	1.0000000000	100	100	0	0.978184
1641000	0.8000000000	0.0100000000	1.0000000000	100	100	0	0.977947
1642000	0.8000000000	0.0100000000	1.0000000000	100	100	0	0.978002
1643000	0.8000000000	0.0100000000	1.0000000000	100	100	0	0.978706
1644000	0.8000000000	0.0100000000	1.0000000000	100	100	0	0.978739
1645000	0.8000000000	0.0100000000	1.0000000000	100	100	0	0.978425
1646000	0.8000000000	0.0100000000	1.0000000000	100	100	0	0.978458
1647000	0.8000000000	0.0100000000	1.0000000000	100	100	0	0.978619
1648000	0.8000000000	0.0100000000	1.0000000000	100	100	0	0.978073
1649000	0.8000000000	0.0100000000	1.0000000000	100	100	0	0.978275
1650000	0.8000000000	0.0100000000	1.0000000000	100	100	0	0.978606
1651000	0.8000000000	0.0100000000	1.0000000000	100	100	0	0.978320
1652000	0.8000000000	0.0100000000	1.0000000000	100	100	0	0.978222
1653000	0.8000000000	0.0100000000	1.0000000000	100	100	0	0.978211
1654000	0.8000000000	0.0100000000	1.0000000000	100	100	0	0.978357
1655000	0.8000000000	0.0100000000	1.0000000000	100	100	0	0.978465
1656000	0.8000000000	0.0100000000	1.0000000000	100	100	0	0.978321
1657000	0.8000000000	0.0100000000	1.0000000000	100	100	0	0.978337
1658000	0.8000000000	0.0100000000	1.0000000000	100	100	0	0.978434
1659000	0.8000000000	0.0100000000	1.0000000000	100	100	0	0.978613
1660000	0.8000000000	0.0100000000	1.0000000000	100	100	0	0.978351
1661000	0.8000000000	0.0100000000	1.0000000000	100	100	0	0.978376
1662000	0.8000000000	0.0100000000	1.0000000000	100	100	0	0.978331
1663000	0.8000000000	0.0100000000	1.0000000000	100	100	0	0.978431
1664000	0.8000000000	0.0100000000	1.0000000000	100	100	0	0.978451
1665000	0.8000000000	0.0100000000	1.0000000000	100	100	0	0.978093
1666000	0.8000000000	0.0100000000	1.0000000000	100	100	0	0.978614
1667000	0.8000000000	0.0100000000	1.0000000000	100	100	0	0.978373
1668000	0.8000000000	0.0100000000	1.0000000000	100	100	0	0.978520
1669000	0.8000000000	0.0100000000	1.0000000000	100	100	0	0.978119
1670000	0.8000000000	0.0100000000	1.0000000000	100	100	0	0.978361
1671000	0.8000000000	0.0100000000	1.0000000000	100	100	0	0.978531
1672000	0.8000000000	0.0100000000	1.0000000000	100	100	0	0.978380
1673000	0.8000000000	0.0100000000	1.0000000000	100	100	0	0.978393
1674000	0.8000000000	0.0100000000	1.0000000000	100	100	0	0.978327
1675000	0.8000000000	0.0100000000	1.0000000000	100	100	0	0.978455
1676000	0.8000000000	0.0100000000	1.0000000000	100	100	0	0.978589
1677000	0.8000000000	0.0100000000	1.0000000000	100	100	0	0.978363
1678000	0.8000000000	0.0100000000	1.0000000000	100	100	0	0.978438
1679000	0.8000000000	0.0100000000	1.0000000000	100	100	0	0.978527
1680000	0.8000000000	0.0100000000	1.0000000000	100	100	0	0.978661
1681000	0.8000000000	0.0100000000	1.0000000000	100	100	0	0.978525
1682000	0.8000000000	0.0100000000	1.0000000000	100	100	0	0.978422
1683000	0.8000000000	0.0100000000	1.0000000000	100	100	0	0.978807
1684000	0.8000000000	0.0100000000	1.0000000000	100	100	0	0.978304
1685000	0.8000000000	0.0100000000	1.0000000000	100	100	0	0.978521
1686000	0.8000000000	0.0100000000	1.0000000000	100	100	0	0.978407
1687000	0.8000000000	0.0100000000	1.0000000000	100	100	0	0.978257
1688000	0.8000000000	0.0100000000	1.0000000000	100	100	0	0.978543
1689000	0.8000000000	0.0100000000	1.0000000000	100	100	0	0.978531
1690000	0.8000000000	0.0100000000	1.0000000000	100	100	0	0.978137
1691000	0.8000000000	0.0100000000	1.0000000000	100	100	0	0.978461
1692000	0.8000000000	0.0100000000	1.0000000000	100	100	0	0.978073
1693000	0.8000000000	0.0100000000	1.0000000000	100	100	0	0.978497
1694000	0.8000000000	0.0100000000	1.0000000000	100	100	0	0.978338
1695000	0.8000000000	0.0100000000	1.0000000000	100	100	0	0.978253
1696000	0.8000000000	0.0100000000	1.0000000000	100	100	0	0.978150
1697000	0.8000000000	0.0100000000	1.0000000000	100	100	0	0.978231
1698000	0.8000000000	0.0100000000	1.0000000000	100	100	0	0.978354
1699000	0.8000000000	0.0100000000	1.0000000000	100	100	0	0.978563
1700000	0.8000000000	0.0100000000	1.0000000000	100	100	0	0.978293
1701000	0.8000000000	0.0100000000	1.0000000000	100	100	0	0.978125
1702000	0.8000000000	0.0100000000	1.0000000000	100	100	0	0.978040
1703000	0.8000000000	0.0100000000	1.0000000000	100	100	0	0.978175
1704000	0.8000000000	0.0100000000	1.0000000000	100	100	0	0.978272
1705000	0.8000000000	0.0100000000	1.0000000000	100	100	0	0.978185
1706000	0.8000000000	0.0100000000	1.0000000000	100	100	0	0.978310
1707000	0.8000000000	0.0100000000	1.0000000000	100	100	0	0.978467
1708000	0.8000000000	0.0100000000	1.0000000000	100	100	0	0.978509
1709000	0.8000000000	0.0100000000	1.0000000000	100	100	0	0.978327
1710000	0.8000000000	0.0100000000	1.0000000000	100	100	0	0.978100
1711000	0.8000000000	0.0100000000	1.0000000000	100	100	0	0.978253
1712000	0.8000000000	0.0100000000	1.0000000000	100	100	0	0.978357
1713000	0.8000000000	0.0100000000	1.0000000000	100	100	0	0.978709
1714000	0.8000000000	0.0100000000	1.0000000000	100	100	0	0.978225
1715000	0.8000000000	0.0100000000	1.0000000000	100	100	0	0.978300
1716000	0.8000000000	0.0100000000	1.0000000000	100	100	0	0.978179
1717000	0.8000000000	0.0100000000	1.0000000000	100	100	0	0.978538
1718000	0.8000000000	0.0100000000	1.0000000000	100	100	0	0.978323
1719000	0.8000000000	0.0100000000	1.0000000000	100	100	0	0.978368
1720000	0.8000000000	0.0100000000	1.0000000000	100	100	0	0.978374
1721000	0.8000000000	0.0100000000	1.0000000000	100	100	0	0.977926
1722000	0.8000000000	0.0100000000	1.0000000000	100	100	0	0.978652
1723000	0.8000000000	0.0100000000	1.0000000000	100	100	0	0.978523
1724000	0.8000000000	0.0100000000	1.0000000000	100	100	0	0.978413
1725000	0.8000000000	0.0100000000	1.0000000000	100	100	0	0.978463
1726000	0.8000000000	0.0100000000	1.0000000000	100	100	0	0.978768
1727000	0.8000000000	0.0100000000	1.0000000000	100	100	0	0.978430
1728000	0.8000000000	0.0100000000	1.0000000000	100	100	0	0.978308
1729000	0.8000000000	0.0100000000	1.0000000000	100	100	0	0.978224
1730000	0.8000000000	0.0100000000	1.0000000000	100	100	0	0.978393
1731000	0.8000000000	0.0100000000	1.0000000000	100	100	0	0.978554
1732000	0.8000000000	0.0100000000	1.0000000000	100	100	0	0.978808
1733000	0.8000000000	0.0100000000	1.0000000000	100	100	0	0.978464
1734000	0.8000000000	0.0100000000	1.0000000000	100	100	0	0.978235
1735000	0.8000000000	0.0100000000	1.0000000000	100	100	0	0.978801
1736000	0.8000000000	0.0100000000	1.0000000000	100	100	0	0.977893
1737000	0.8000000000	0.0100000000	1.0000000000	100	100	0	0.978384
1738000	0.8000000000	0.0100000000	1.0000000000	100	100	0	0.978505
1739000	0.8000000000	0.0100000000	1.0000000000	100	100	0	0.978741
1740000	0.8000000000	0.0100000000	1.0000000000	100	100	0	0.978307
1741000	0.8000000000	0.0100000000	1.0000000000	100	100	0	0.978412
1742000	0.8000000000	0.0100000000	1.0000000000	100	100	0	0.978760
1743000	0.8000000000	0.0100000000	1.0000000000	100	100	0	0.978552
1744000	0.8000000000	0.0100000000	1.0000000000	100	100	0	0.978457
1745000	0.8000000000	0.0100000000	1.0000000000	100	100	0	0.978364
1746000	0.8000000000	0.0100000000	1.0000000000	100	100	0	0.978392
1747000	0.8000000000	0.0100000000	1.0000000000	100	100	0	0.978332
1748000	0.8000000000	0.0100000000	1.0000000000	100	100	0	0.978439
1749000	0.8000000000	0.0100000000	1.0000000000	100	100	0	0.978473
1750000	0.8000000000	0.0100000000	1.0000000000	100	100	0	0.978587
1751000	0.8000000000	0.0100000000	1.0000000000	100	100	0	0.978170
1752000	0.8000000000	0.0100000000	1.0000000000	100	100	0	0.978444
1753000	0.8000000000	0.0100000000	1.0000000000	100	100	0	0.978487
1754000	0.8000000000	0.0100000000	1.0000000000	100	100	0	0.978538
1755000	0.8000000000	0.0100000000	1.0000000000	100	100	0	0.978035
1756000	0.8000000000	0.0100000000	1.0000000000	100	100	0	0.978106
1757000	0.8000000000	0.0100000000	1.0000000000	100	100	0	0.978805
1758000	0.8000000000	0.0100000000	1.0000000000	100	100	0	0.978397
1759000	0.8000000000	0.0100000000	1.0000000000	100	100	0	0.978350
1760000	0.8000000000	0.0100000000	1.0000000000	100	100	0	0.978315
1761000	0.8000000000	0.0100000000	1.0000000000	100	100	0	0.978351
1762000	0.8000000000	0.0100000000	1.0000000000	100	100	0	0.978240
1763000	0.8000000000	0.0100000000	1.0000000000	100	100	0	0.978120
1764000	0.8000000000	0.0100000000	1.0000000000	100	100	0	0.978393
1765000	0.8000000000	0.0100000000	1.0000000000	100	100	0	0.978420
1766000	0.8000000000	0.0100000000	1.0000000000	100	100	0	0.978238
1767000	0.8000000000	0.0100000000	1.0000000000	100	100	0	0.978600
1768000	0.8000000000	0.0100000000	1.0000000000	100	100	0	0.978326
1769000	0.8000000000	0.0100000000	1.0000000000	100	100	0	0.978237
1770000	0.8000000000	0.0100000000	1.0000000000	100	100	0	0.978300
1771000	0.8000000000	0.0100000000	1.0000000000	100	100	0	0.978114
1772000	0.8000000000	0.0100000000	1.0000000000	100	100	0	0.978508
1773000	0.8000000000	0.0100000000	1.0000000000	100	100	0	0.978669
1774000	0.8000000000	0.0100000000	1.0000000000	100	100	0	0.978415
1775000	0.8000000000	0.0100000000	1.0000000000	100	100	0	0.978400
1776000	0.8000000000	0.0100000000	1.0000000000	100	100	0	0.978292
1777000	0.8000000000	0.0100000000	1.0000000000	100	100	0	0.978496
1778000	0.8000000000	0.0100000000	1.0000000000	100	100	0	0.978564
1779000	0.8000000000	0.0100000000	1.0000000000	100	100	0	0.978290
1780000	0.8000000000	0.0100000000	1.0000000000	100	100	0	0.978292
1781000	0.8000000000	0.0100000000	1.0000000000	100	100	0	0.978600
1782000	0.8000000000	0.0100000000	1.0000000000	100	100	0	0.978626
1783000	0.8000000000	0.0100000000	1.0000000000	100	100	0	0.978466
1784000	0.8000000000	0.0100000000	1.0000000000	100	100	0	0.978464
1785000	0.8000000000	0.0100000000	1.0000000000	100	100	0	0.978409
1786000	0.8000000000	0.0100000000	1.0000000000	100	100	0	0.978753
1787000	0.8000000000	0.0100000000	1.0000000000	100	100	0	0.978553
1788000	0.8000000000	0.0100000000	1.0000000000	100	100	0	0.978402
1789000	0.8000000000	0.0100000000	1.0000000000	100	100	0	0.978471
1790000	0.8000000000	0.0100000000	1.0000000000	100	100	0	0.978173
1791000	0.8000000000	0.0100000000	1.0000000000	100	100	0	0.978742
1792000	0.8000000000	0.0100000000	1.0000000000	100	100	0	0.978484
1793000	0.8000000000	0.0100000000	1.0000000000	100	100	0	0.978475
1794000	0.8000000000	0.0100000000	1.0000000000	100	100	0	0.978364
1795000	0.8000000000	0.0100000000	1.0000000000	100	100	0	0.978943
1796000	0.8000000000	0.0100000000	1.0000000000	100	100	0	0.978052
1797000	0.8000000000	0.0100000000	1.0000000000	100	100	0	0.978530
1798000	0.8000000000	0.0100000000	1.0000000000	100	100	0	0.978352
1799000	0.8000000000	0.0100000000	1.0000000000	100	100	0	0.978505
1800000	0.8000000000	0.0100000000	1.0000000000	100	100	0	0.978508
1801000	0.8000000000	0.0100000000	1.0000000000	100	100	0	0.978468
1802000	0.8000000000	0.0100000000	1.0000000000	100	100	0	0.978544
1803000	0.8000000000	0.0100000000	1.0000000000	100	100	0	0.978499
1804000	0.8000000000	0.0100000000	1.0000000000	100	100	0	0.978636
1805000	0.8000000000	0.0100000000	1.0000000000	100	100	0	0.978034
1806000	0.8000000000	0.0100000000	1.0000000000	100	100	0	0.978801
1807000	0.8000000000	0.0100000000	1.0000000000	100	100	0	0.978099
1808000	0.8000000000	0.0100000000	1.0000000000	100	100	0	0.978239
1809000	0.8000000000	0.0100000000	1.0000000000	100	100	0	0.978441
1810000	0.8000000000	0.0100000000	1.0000000000	100	100	0	0.978361
1811000	0.8000000000	0.0100000000	1.0000000000	100	100	0	0.978498
1812000	0.8000000000	0.0100000000	1.0000000000	100	100	0	0.978135
1813000	0.8000000000	0.0100000000	1.0000000000	100	100	0	0.978211
1814000	0.8000000000	0.0100000000	1.0000000000	100	100	0	0.978343
1815000	0.8000000000	0.0100000000	1.0000000000	100	100	0	0.978806
1816000	0.8000000000	0.0100000000	1.0000000000	100	100	0	0.978224
1817000	0.8000000000	0.0100000000	1.0000000000	100	100	0	0.978349
1818000	0.8000000000	0.0100000000	1.0000000000	100	100	0	0.978334
1819000	0.8000000000	0.0100000000	1.0000000000	100	100	0	0.978420
1820000	0.8000000000	0.0100000000	1.0000000000	100	100	0	0.978518
1821000	0.8000000000	0.0100000000	1.0000000000	100	100	0	0.978483
1822000	0.8000000000	0.0100000000	1.0000000000	100	100	0	0.978081
1823000	0.8000000000	0.0100000000	1.0000000000	100	100	0	0.978137
1824000	0.8000000000	0.0100000000	1.0000000000	100	100	0	0.978658
1825000	0.8000000000	0.0100000000	1.0000000000	100	100	0	0.978669
1826000	0.8000000000	0.0100000000	1.0000000000	100	100	0	0.978513
1827000	0.8000000000	0.0100000000	1.0000000000	100	100	0	0.978591
1828000	0.8000000000	0.0100000000	1.0000000000	100	100	0	0.978359
1829000	0.8000000000	0.0100000000	1.0000000000	100	100	0	0.978235
1830000	0.8000000000	0.0100000000	1.0000000000	100	100	0	0.978366
1831000	0.8000000000	0.0100000000	1.0000000000	100	100	0	0.978381
1832000	0.8000000000	0.0100000000	1.0000000000	100	100	0	0.978553
1833000	0.8000000000	0.0100000000	1.0000000000	100	100	0	0.978284
1834000	0.8000000000	0.0100000000	1.0000000000	100	100	0	0.978087
1835000	0.8000000000	0.0100000000	1.0000000000	100	100	0	0.978584
1836000	0.8000000000	0.0100000000	1.0000000000	100	100	0	0.978359
1837000	0.8000000000	0.0100000000	1.0000000000	100	100	0	0.978675
1838000	0.8000000000	0.0100000000	1.0000000000	100	100	0	0.978585
1839000	0.8000000000	0.0100000000	1.0000000000	100	100	0	0.978170
1840000	0.8000000000	0.0100000000	1.0000000000	100	100	0	0.978038
1841000	0.8000000000	0.0100000000	1.0000000000	100	100	0	0.978328
1842000	0.8000000000	0.0100000000	1.0000000000	100	100	0	0.978833
1843000	0.8000000000	0.0100000000	1.0000000000	100	100	0	0.978423
1844000	0.8000000000	0.0100000000	1.0000000000	100	100	0	0.978476
1845000	0.8000000000	0.0100000000	1.0000000000	100	100	0	0.978185
1846000	0.8000000000	0.0100000000	1.0000000000	100	100	0	0.978587
1847000	0.8000000000	0.0100000000	1.0000000000	100	100	0	0.978546
1848000	0.8000000000	0.0100000000	1.0000000000	100	100	0	0.978347
1849000	0.8000000000	0.0100000000	1.0000000000	100	100	0	0.978320
1850000	0.8000000000	0.0100000000	1.0000000000	100	100	0	0.978514
1851000	0.8000000000	0.0100000000	1.0000000000	100	100	0	0.978120
1852000	0.8000000000	0.0100000000	1.0000000000	100	100	0	0.978603
1853000	0.8000000000	0.0100000000	1.0000000000	100	100	0	0.978330
1854000	0.8000000000	0.0100000000	1.0000000000	100	100	0	0.978459
1855000	0.8000000000	0.0100000000	1.0000000000	100	100	0	0.978179
1856000	0.8000000000	0.0100000000	1.0000000000	100	100	0	0.978369
1857000	0.8000000000	0.0100000000	1.0000000000	100	100	0	0.978228
1858000	0.8000000000	0.0100000000	1.0000000000	100	100	0	0.978749
1859000	0.8000000000	0.0100000000	1.0000000000	100	100	0	0.978197
1860000	0.8000000000	0.0100000000	1.0000000000	100	100	0	0.978748
1861000	0.8000000000	0.0100000000	1.0000000000	100	100	0	0.978541
1862000	0.8000000000	0.0100000000	1.0000000000	100	100	0	0.978714
1863000	0.8000000000	0.0100000000	1.0000000000	100	100	0	0.978258
1864000	0.8000000000	0.0100000000	1.0000000000	100	100	0	0.978424
1865000	0.8000000000	0.0100000000	1.0000000000	100	100	0	0.978241
1866000	0.8000000000	0.0100000000	1.0000000000	100	100	0	0.978666
1867000	0.8000000000	0.0100000000	1.0000000000	100	100	0	0.977987
1868000	0.8000000000	0.0100000000	1.0000000000	100	100	0	0.978634
1869000	0.8000000000	0.0100000000	1.0000000000	100	100	0	0.978217
1870000	0.8000000000	0.0100000000	1.0000000000	100	100	0	0.978183
1871000	0.8000000000	0.0100000000	1.0000000000	100	100	0	0.978494
1872000	0.8000000000	0.0100000000	1.0000000000	100	100	0	0.978504
1873000	0.8000000000	0.0100000000	1.0000000000	100	100	0	0.978373
1874000	0.8000000000	0.0100000000	1.0000000000	100	100	0	0.978538
1875000	0.8000000000	0.0100000000	1.0000000000	100	100	0	0.978101
1876000	0.8000000000	0.0100000000	1.0000000000	100	100	0	0.978405
1877000	0.8000000000	0.0100000000	1.0000000000	100	100	0	0.978369
1878000	0.8000000000	0.0100000000	1.0000000000	100	100	0	0.978551
1879000	0.8000000000	0.0100000000	1.0000000000	100	100	0	0.978482
1880000	0.8000000000	0.0100000000	1.0000000000	100	100	0	0.978548
1881000	0.8000000000	0.0100000000	1.0000000000	100	100	0	0.978148
1882000	0.8000000000	0.0100000000	1.0000000000	100	100	0	0.978181
1883000	0.8000000000	0.0100000000	1.0000000000	100	100	0	0.978243
1884000	0.8000000000	0.0100000000	1.0000000000	100	100	0	0.978468
1885000	0.8000000000	0.0100000000	1.0000000000	100	100	0	0.978789
1886000	0.8000000000	0.0100000000	1.0000000000	100	100	0	0.978429
1887000	0.8000000000	0.0100000000	1.0000000000	100	100	0	0.978363
1888000	0.8000000000	0.0100000000	1.0000000000	100	100	0	0.978274
1889000	0.8000000000	0.0100000000	1.0000000000	100	100	0	0.978270
1890000	0.8000000000	0.0100000000	1.0000000000	100	100	0	0.978133
1891000	0.8000000000	0.0100000000	1.0000000000	100	100	0	0.978319
1892000	0.8000000000	0.0100000000	1.0000000000	100	100	0	0.978562
1893000	0.8000000000	0.0100000000	1.0000000000	100	100	0	0.978406
1894000	0.8000000000	0.0100000000	1.0000000000	100	100	0	0.978447
1895000	0.8000000000	0.0100000000	1.0000000000	100	100	0	0.978388
1896000	0.8000000000	0.0100000000	1.0000000000	100	100	0	0.978406
1897000	0.8000000000	0.0100000000	1.0000000000	100	100	0	0.978234
1898000	0.8000000000	0.0100000000	1.0000000000	100	100	0	0.978309
1899000	0.8000000000	0.0100000000	1.0000000000	100	100	0	0.978035
1900000	0.8000000000	0.0100000000	1.0000000000	100	100	0	0.978204
1901000	0.8000000000	0.0100000000	1.0000000000	100	100	0	0.978341
1902000	0.8000000000	0.0100000000	1.0000000000	100	100	0	0.978494
1903000	0.8000000000	0.0100000000	1.0000000000	100	100	0	0.978608
1904000	0.8000000000	0.0100000000	1.0000000000	100	100	0	0.978689
1905000	0.8000000000	0.0100000000	1.0000000000	100	100	0	0.978296
1906000	0.8000000000	0.0100000000	1.0000000000	100	100	0	0.978639
1907000	0.8000000000	0.0100000000	1.0000000000	100	100	0	0.978402
1908000	0.8000000000	0.0100000000	1.0000000000	100	100	0	0.978439
1909000	0.8000000000	0.0100000000	1.0000000000	100	100	0	0.978332
1910000	0.8000000000	0.0100000000	1.0000000000	100	100	0	0.978677
1911000	0.8000000000	0.0100000000	1.0000000000	100	100	0	0.978639
1912000	0.8000000000	0.0100000000	1.0000000000	100	100	0	0.978343
1913000	0.8000000000	0.0100000000	1.0000000000	100	100	0	0.978466
1914000	0.8000000000	0.0100000000	1.0000000000	100	100	0	0.978142
1915000	0.8000000000	0.0100000000	1.0000000000	100	100	0	0.978596
1916000	0.8000000000	0.0100000000	1.0000000000	100	100	0	0.978215
1917000	0.8000000000	0.0100000000	1.0000000000	100	100	0	0.978070
1918000	0.8000000000	0.0100000000	1.0000000000	100	100	0	0.977979
1919000	0.8000000000	0.0100000000	1.0000000000	100	100	0	0.978330
1920000	0.8000000000	0.0100000000	1.0000000000	100	100	0	0.978398
1921000	0.8000000000	0.0100000000	1.0000000000	100	100	0	0.978395
1922000	0.8000000000	0.0100000000	1.0000000000	100	100	0	0.978563
1923000	0.8000000000	0.0100000000	1.0000000000	100	100	0	0.978514
1924000	0.8000000000	0.0100000000	1.0000000000	100	100	0	0.978492
1925000	0.8000000000	0.0100000000	1.0000000000	100	100	0	0.978197
1926000	0.8000000000	0.0100000000	1.0000000000	100	100	0	0.978733
1927000	0.8000000000	0.0100000000	1.0000000000	100	100	0	0.978557
1928000	0.8000000000	0.0100000000	1.0000000000	100	100	0	0.978547
1929000	0.8000000000	0.0100000000	1.0000000000	100	100	0	0.978535
1930000	0.8000000000	0.0100000000	1.0000000000	100	100	0	0.978491
1931000	0.8000000000	0.0100000000	1.0000000000	100	100	0	0.978479
1932000	0.8000000000	0.0100000000	1.0000000000	100	100	0	0.978646
1933000	0.8000000000	0.0100000000	1.0000000000	100	100	0	0.978322
1934000	0.8000000000	0.0100000000	1.0000000000	100	100	0	0.978618
1935000	0.8000000000	0.0100000000	1.0000000000	100	100	0	0.978424
1936000	0.8000000000	0.0100000000	1.0000000000	100	100	0	0.978538
1937000	0.8000000000	0.0100000000	1.0000000000	100	100	0	0.978337
1938000	0.8000000000	0.0100000000	1.0000000000	100	100	0	0.978460
1939000	0.8000000000	0.0100000000	1.0000000000	100	100	0	0.978519
1940000	0.8000000000	0.0100000000	1.0000000000	100	100	0	0.978425
1941000	0.8000000000	0.0100000000	1.0000000000	100	100	0	0.978621
1942000	0.8000000000	0.0100000000	1.0000000000	100	100	0	0.978248
1943000	0.8000000000	0.0100000000	1.0000000000	100	100	0	0.978327
1944000	0.8000000000	0.0100000000	1.0000000000	100	100	0	0.978154
1945000	0.8000000000	0.0100000000	1.0000000000	100	100	0	0.978403
1946000	0.8000000000	0.0100000000	1.0000000000	100	100	0	0.978554
1947000	0.8000000000	0.0100000000	1.0000000000	100	100	0	0.978514
1948000	0.8000000000	0.0100000000	1.0000000000	100	100	0	0.978438
1949000	0.8000000000	0.0100000000	1.0000000000	100	100	0	0.978492
1950000	0.8000000000	0.0100000000	1.0000000000	100	100	0	0.978349
1951000	0.8000000000	0.0100000000	1.0000000000	100	100	0	0.978155
1952000	0.8000000000	0.0100000000	1.0000000000	100	100	0	0.978339
1953000	0.8000000000	0.0100000000	1.0000000000	100	100	0	0.978435
1954000	0.8000000000	0.0100000000	1.0000000000	100	100	0	0.978290
1955000	0.8000000000	0.0100000000	1.0000000000	100	100	0	0.978274
1956000	0.8000000000	0.0100000000	1.0000000000	100	100	0	0.978243
1957000	0.8000000000	0.0100000000	1.0000000000	100	100	0	0.978349
1958000	0.8000000000	0.0100000000	1.0000000000	100	100	0	0.978548
1959000	0.8000000000	0.0100000000	1.0000000000	100	100	0	0.978248
1960000	0.8000000000	0.0100000000	1.0000000000	100	100	0	0.978532
1961000	0.8000000000	0.0100000000	1.0000000000	100	100	0	0.978253
1962000	0.8000000000	0.0100000000	1.0000000000	100	100	0	0.978304
1963000	0.8000000000	0.0100000000	1.0000000000	100	100	0	0.978696
1964000	0.8000000000	0.0100000000	1.0000000000	100	100	0	0.978406
1965000	0.8000000000	0.0100000000	1.0000000000	100	100	0	0.978665
1966000	0.8000000000	0.0100000000	1.0000000000	100	100	0	0.978245
1967000	0.8000000000	0.0100000000	1.0000000000	100	100	0	0.978261
1968000	0.8000000000	0.0100000000	1.0000000000	100	100	0	0.978277
1969000	0.8000000000	0.0100000000	1.0000000000	100	100	0	0.978281
1970000	0.8000000000	0.0100000000	1.0000000000	100	100	0	0.978242
1971000	0.8000000000	0.0100000000	1.0000000000	100	100	0	0.978423
1972000	0.8000000000	0.0100000000	1.0000000000	100	100	0	0.978287
1973000	0.8000000000	0.0100000000	1.0000000000	100	100	0	0.978514
1974000	0.8000000000	0.0100000000	1.0000000000	100	100	0	0.978457
1975000	0.8000000000	0.0100000000	1.0000000000	100	100	0	0.978603
1976000	0.8000000000	0.0100000000	1.0000000000	100	100	0	0.978321
1977000	0.8000000000	0.0100000000	1.0000000000	100	100	0	0.978364
1978000	0.8000000000	0.0100000000	1.0000000000	100	100	0	0.978598
1979000	0.8000000000	0.0100000000	1.0000000000	100	100	0	0.978173
1980000	0.8000000000	0.0100000000	1.0000000000	100	100	0	0.978495
1981000	0.8000000000	0.0100000000	1.0000000000	100	100	0	0.978373
1982000	0.8000000000	0.0100000000	1.0000000000	100	100	0	0.978186
1983000	0.8000000000	0.0100000000	1.0000000000	100	100	0	0.978815
1984000	0.8000000000	0.0100000000	1.0000000000	100	100	0	0.978222
1985000	0.8000000000	0.0100000000	1.0000000000	100	100	0	0.978406
1986000	0.8000000000	0.0100000000	1.0000000000	100	100	0	0.978706
1987000	0.8000000000	0.0100000000	1.0000000000	100	100	0	0.978060
1988000	0.8000000000	0.0100000000	1.0000000000	100	100	0	0.978516
1989000	0.8000000000	0.0100000000	1.0000000000	100	100	0	0.978608
1990000	0.8000000000	0.0100000000	1.0000000000	100	100	0	0.978468
1991000	0.8000000000	0.0100000000	1.0000000000	100	100	0	0.978654
1992000	0.8000000000	0.0100000000	1.0000000000	100	100	0	0.978579
1993000	0.8000000000	0.0100000000	1.0000000000	100	100	0	0.978208
1994000	0.8000000000	0.0100000000	1.0000000000	100	100	0	0.977976
1995000	0.8000000000	0.0100000000	1.0000000000	100	100	0	0.978506
1996000	0.8000000000	0.0100000000	1.0000000000	100	100	0	0.978513
1997000	0.8000000000	0.0100000000	1.0000000000	100	100	0	0.978353
1998000	0.8000000000	0.0100000000	1.0000000000	100	100	0	0.978253
1999000	0.8000000000	0.0100000000	1.0000000000	100	100	0	0.978658
2000000	0.8000000000	0.0100000000	1.0000000000	100	100	0	0.978415
2001000	0.8000000000	0.0100000000	1.0000000000	100	100	0	0.978374
2002000	0.8000000000	0.0100000000	1.0000000000	100	100	0	0.978529
2003000	0.8000000000	0.0100000000	1.0000000000	100	100	0	0.978567
2004000	0.8000000000	0.0100000000	1.0000000000	100	100	0	0.978375
2005000	0.8000000000	0.0100000000	1.0000000000	100	100	0	0.978203
2006000	0.8000000000	0.0100000000	1.0000000000	100	100	0	0.978636
2007000	0.8000000000	0.0100000000	1.0000000000	100	100	0	0.978709
2008000	0.8000000000	0.0100000000	1.0000000000	100	100	0	0.978215
2009000	0.8000000000	0.0100000000	1.0000000000	100	100	0	0.978572
2010000	0.8000000000	0.0100000000	1.0000000000	100	100	0	0.978090
2011000	0.8000000000	0.0100000000	1.0000000000	100	100	0	0.978444
2012000	0.8000000000	0.0100000000	1.0000000000	100	100	0	0.978442
2013000	0.8000000000	0.0100000000	1.0000000000	100	100	0	0.978406
2014000	0.8000000000	0.0100000000	1.0000000000	100	100	0	0.978071
2015000	0.8000000000	0.0100000000	1.0000000000	100	100	0	0.978406
2016000	0.8000000000	0.0100000000	1.0000000000	100	100	0	0.978297
2017000	0.8000000000	0.0100000000	1.0000000000	100	100	0	0.978184
2018000	0.8000000000	0.0100000000	1.0000000000	100	100	0	0.978408
2019000	0.8000000000	0.0100000000	1.0000000000	100	100	0	0.978554
2020000	0.8000000000	0.0100000000	1.0000000000	100	100	0	0.977989
2021000	0.8000000000	0.0100000000	1.0000000000	100	100	0	0.978381
2022000	0.8000000000	0.0100000000	1.0000000000	100	100	0	0.978430
2023000	0.8000000000	0.0100000000	1.0000000000	100	100	0	0.978300
2024000	0.8000000000	0.0100000000	1.0000000000	100	100	0	0.978627
2025000	0.8000000000	0.0100000000	1.0000000000	100	100	0	0.978884
2026000	0.8000000000	0.0100000000	1.0000000000	100	100	0	0.978757
2027000	0.8000000000	0.0100000000	1.0000000000	100	100	0	0.978172
2028000	0.8000000000	0.0100000000	1.0000000000	100	100	0	0.978183
2029000	0.8000000000	0.0100000000	1.0000000000	100	100	0	0.978216
2030000	0.8000000000	0.0100000000	1.0000000000	100	100	0	0.978120
2031000	0.8000000000	0.0100000000	1.0000000000	100	100	0	0.978235
2032000	0.8000000000	0.0100000000	1.0000000000	100	100	0	0.978635
2033000	0.8000000000	0.0100000000	1.0000000000	100	100	0	0.978248
2034000	0.8000000000	0.0100000000	1.0000000000	100	100	0	0.978306
2035000	0.8000000000	0.0100000000	1.0000000000	100	100	0	0.978443
2036000	0.8000000000	0.0100000000	1.0000000000	100	100	0	0.978420
2037000	0.8000000000	0.0100000000	1.0000000000	100	100	0	0.978151
2038000	0.8000000000	0.0100000000	1.0000000000	100	100	0	0.978561
2039000	0.8000000000	0.0100000000	1.0000000000	100	100	0	0.978242
2040000	0.8000000000	0.0100000000	1.0000000000	100	100	0	0.978132
2041000	0.8000000000	0.0100000000	1.0000000000	100	100	0	0.978370
2042000	0.8000000000	0.0100000000	1.0000000000	100	100	0	0.978486
2043000	0.8000000000	0.0100000000	1.0000000000	100	100	0	0.978368
2044000	0.8000000000	0.0100000000	1.0000000000	100	100	0	0.978503
2045000	0.8000000000	0.0100000000	1.0000000000	100	100	0	0.978465
2046000	0.8000000000	0.0100000000	1.0000000000	100	100	0	0.978738
2047000	0.8000000000	0.0100000000	1.0000000000	100	100	0	0.978191
2048000	0.8000000000	0.0100000000	1.0000000000	100	100	0	0.978736
2049000	0.8000000000	0.0100000000	1.0000000000	100	100	0	0.978158
2050000	0.8000000000	0.0100000000	1.0000000000	100	100	0	0.978450
2051000	0.8000000000	0.0100000000	1.0000000000	100	100	0	0.978449
2052000	0.8000000000	0.0100000000	1.0000000000	100	100	0	0.978600
2053000	0.8000000000	0.0100000000	1.0000000000	100	100	0	0.978224
2054000	0.8000000000	0.0100000000	1.0000000000	100	100	0	0.978259
2055000	0.8000000000	0.0100000000	1.0000000000	100	100	0	0.978428
2056000	0.8000000000	0.0100000000	1.0000000000	100	100	0	0.978776
2057000	0.8000000000	0.0100000000	1.0000000000	100	100	0	0.978215
2058000	0.8000000000	0.0100000000	1.0000000000	100	100	0	0.978319
2059000	0.8000000000	0.0100000000	1.0000000000	100	100	0	0.978333
2060000	0.8000000000	0.0100000000	1.0000000000	100	100	0	0.978276
2061000	0.8000000000	0.0100000000	1.0000000000	100	100	0	0.978457
2062000	0.8000000000	0.0100000000	1.0000000000	100	100	0	0.978482
2063000	0.8000000000	0.0100000000	1.0000000000	100	100	0	0.978213
2064000	0.8000000000	0.0100000000	1.0000000000	100	100	0	0.978495
2065000	0.8000000000	0.0100000000	1.0000000000	100	100	0	0.978622
2066000	0.8000000000	0.0100000000	1.0000000000	100	100	0	0.978689
2067000	0.8000000000	0.0100000000	1.0000000000	100	100	0	0.978062
2068000	0.8000000000	0.0100000000	1.0000000000	100	100	0	0.978370
2069000	0.8000000000	0.0100000000	1.0000000000	100	100	0	0.978431
2070000	0.8000000000	0.0100000000	1.0000000000	100	100	0	0.978455
2071000	0.8000000000	0.0100000000	1.0000000000	100	100	0	0.978906
2072000	0.8000000000	0.0100000000	1.0000000000	100	100	0	0.978540
2073000	0.8000000000	0.0100000000	1.0000000000	100	100	0	0.978295
2074000	0.8000000000	0.0100000000	1.0000000000	100	100	0	0.978437
2075000	0.8000000000	0.0100000000	1.0000000000	100	100	0	0.978526
2076000	0.8000000000	0.0100000000	1.0000000000	100	100	0	0.978229
2077000	0.8000000000	0.0100000000	1.0000000000	100	100	0	0.978548
2078000	0.8000000000	0.0100000000	1.0000000000	100	100	0	0.978513
2079000	0.8000000000	0.0100000000	1.0000000000	100	100	0	0.978403
2080000	0.8000000000	0.0100000000	1.0000000000	100	100	0	0.978555
2081000	0.8000000000	0.0100000000	1.0000000000	100	100	0	0.978526
2082000	0.8000000000	0.0100000000	1.0000000000	100	100	0	0.978331
2083000	0.8000000000	0.0100000000	1.0000000000	100	100	0	0.978334
2084000	0.8000000000	0.0100000000	1.0000000000	100	100	0	0.978240
2085000	0.8000000000	0.0100000000	1.0000000000	100	100	0	0.978406
2086000	0.8000000000	0.0100000000	1.0000000000	100	100	0	0.978473
2087000	0.8000000000	0.0100000000	1.0000000000	100	100	0	0.978933
2088000	0.8000000000	0.0100000000	1.0000000000	100	100	0	0.978361
2089000	0.8000000000	0.0100000000	1.0000000000	100	100	0	0.978502
2090000	0.8000000000	0.0100000000	1.0000000000	100	100	0	0.978443
2091000	0.8000000000	0.0100000000	1.0000000000	100	100	0	0.978653
2092000	0.8000000000	0.0100000000	1.0000000000	100	100	0	0.978856
2093000	0.8000000000	0.0100000000	1.0000000000	100	100	0	0.978465
2094000	0.8000000000	0.0100000000	1.0000000000	100	100	0	0.978310
2095000	0.8000000000	0.0100000000	1.0000000000	100	100	0	0.978397
2096000	0.8000000000	0.0100000000	1.0000000000	100	100	0	0.978344
2097000	0.8000000000	0.0100000000	1.0000000000	100	100	0	0.978376
2098000	0.8000000000	0.0100000000	1.0000000000	100	100	0	0.978465
2099000	0.8000000000	0.0100000000	1.0000000000	100	100	0	0.978350
2100000	0.8000000000	0.0100000000	1.0000000000	100	100	0	0.978574
2101000	0.8000000000	0.0100000000	1.0000000000	100	100	0	0.978388
2102000	0.8000000000	0.0100000000	1.0000000000	100	100	0	0.978318
2103000	0.8000000000	0.0100000000	1.0000000000	100	100	0	0.978417
2104000	0.8000000000	0.0100000000	1.0000000000	100	100	0	0.978432
2105000	0.8000000000	0.0100000000	1.0000000000	100	100	0	0.978453
2106000	0.8000000000	0.0100000000	1.0000000000	100	100	0	0.978510
2107000	0.8000000000	0.0100000000	1.0000000000	100	100	0	0.978537
2108000	0.8000000000	0.0100000000	1.0000000000	100	100	0	0.978550
2109000	0.8000000000	0.0100000000	1.0000000000	100	100	0	0.978326
2110000	0.8000000000	0.0100000000	1.0000000000	100	100	0	0.978465
2111000	0.8000000000	0.0100000000	1.0000000000	100	100	0	0.978420
2112000	0.8000000000	0.0100000000	1.0000000000	100	100	0	0.978246
2113000	0.8000000000	0.0100000000	1.0000000000	100	100	0	0.978347
2114000	0.8000000000	0.0100000000	1.0000000000	100	100	0	0.978438
2115000	0.8000000000	0.0100000000	1.0000000000	100	100	0	0.978519
2116000	0.8000000000	0.0100000000	1.0000000000	100	100	0	0.978155
2117000	0.8000000000	0.0100000000	1.0000000000	100	100	0	0.978483
2118000	0.8000000000	0.0100000000	1.0000000000	100	100	0	0.978306
2119000	0.8000000000	0.0100000000	1.0000000000	100	100	0	0.978342
2120000	0.8000000000	0.0100000000	1.0000000000	100	100	0	0.977930
2121000	0.8000000000	0.0100000000	1.0000000000	100	100	0	0.978185
2122000	0.8000000000	0.0100000000	1.0000000000	100	100	0	0.978292
2123000	0.8000000000	0.0100000000	1.0000000000	100	100	0	0.978566
2124000	0.8000000000	0.0100000000	1.0000000000	100	100	0	0.978363
2125000	0.8000000000	0.0100000000	1.0000000000	100	100	0	0.978396
2126000	0.8000000000	0.0100000000	1.0000000000	100	100	0	0.978197
2127000	0.8000000000	0.0100000000	1.0000000000	100	100	0	0.978259
2128000	0.8000000000	0.0100000000	1.0000000000	100	100	0	0.978249
2129000	0.8000000000	0.0100000000	1.0000000000	100	100	0	0.978457
2130000	0.8000000000	0.0100000000	1.0000000000	100	100	0	0.978641
2131000	0.8000000000	0.0100000000	1.0000000000	100	100	0	0.978060
2132000	0.8000000000	0.0100000000	1.0000000000	100	100	0	0.978619
2133000	0.8000000000	0.0100000000	1.0000000000	100	100	0	0.978511
2134000	0.8000000000	0.0100000000	1.0000000000	100	100	0	0.978078
2135000	0.8000000000	0.0100000000	1.0000000000	100	100	0	0.978481
2136000	0.8000000000	0.0100000000	1.0000000000	100	100	0	0.978413
2137000	0.8000000000	0.0100000000	1.0000000000	100	100	0	0.978434
2138000	0.8000000000	0.0100000000	1.0000000000	100	100	0	0.978615
2139000	0.8000000000	0.0100000000	1.0000000000	100	100	0	0.978238
2140000	0.8000000000	0.0100000000	1.0000000000	100	100	0	0.978245
2141000	0.8000000000	0.0100000000	1.0000000000	100	100	0	0.978536
2142000	0.8000000000	0.0100000000	1.0000000000	100	100	0	0.978496
2143000	0.8000000000	0.0100000000	1.0000000000	100	100	0	0.978256
2144000	0.8000000000	0.0100000000	1.0000000000	100	100	0	0.978259
2145000	0.8000000000	0.0100000000	1.0000000000	100	100	0	0.978444
2146000	0.8000000000	0.0100000000	1.0000000000	100	100	0	0.978665
2147000	0.8000000000	0.0100000000	1.0000000000	100	100	0	0.978344
2148000	0.8000000000	0.0100000000	1.0000000000	100	100	0	0.978579
2149000	0.8000000000	0.0100000000	1.0000000000	100	100	0	0.978288
2150000	0.8000000000	0.0100000000	1.0000000000	100	100	0	0.978285
2151000	0.8000000000	0.0100000000	1.0000000000	100	100	0	0.978398
2152000	0.8000000000	0.0100000000	1.0000000000	100	100	0	0.978503
2153000	0.8000000000	0.0100000000	1.0000000000	100	100	0	0.978414
2154000	0.8000000000	0.0100000000	1.0000000000	100	100	0	0.978413
2155000	0.8000000000	0.0100000000	1.0000000000	100	100	0	0.977948
2156000	0.8000000000	0.0100000000	1.0000000000	100	100	0	0.978330
2157000	0.8000000000	0.0100000000	1.0000000000	100	100	0	0.978258
2158000	0.8000000000	0.0100000000	1.0000000000	100	100	0	0.978601
2159000	0.8000000000	0.0100000000	1.0000000000	100	100	0	0.978039
2160000	0.8000000000	0.0100000000	1.0000000000	100	100	0	0.978117
2161000	0.8000000000	0.0100000000	1.0000000000	100	100	0	0.978349
2162000	0.8000000000	0.0100000000	1.0000000000	100	100	0	0.978293
2163000	0.8000000000	0.0100000000	1.0000000000	100	100	0	0.978463
2164000	0.8000000000	0.0100000000	1.0000000000	100	100	0	0.978140
2165000	0.8000000000	0.0100000000	1.0000000000	100	100	0	0.978305
2166000	0.8000000000	0.0100000000	1.0000000000	100	100	0	0.978455
2167000	0.8000000000	0.0100000000	1.0000000000	100	100	0	0.978349
2168000	0.8000000000	0.0100000000	1.0000000000	100	100	0	0.977831
2169000	0.8000000000	0.0100000000	1.0000000000	100	100	0	0.978682
2170000	0.8000000000	0.0100000000	1.0000000000	100	100	0	0.978836
2171000	0.8000000000	0.0100000000	1.0000000000	100	100	0	0.978494
2172000	0.8000000000	0.0100000000	1.0000000000	100	100	0	0.978408
2173000	0.8000000000	0.0100000000	1.0000000000	100	100	0	0.978188
2174000	0.8000000000	0.0100000000	1.0000000000	100	100	0	0.978109
2175000	0.8000000000	0.0100000000	1.0000000000	100	100	0	0.978666
2176000	0.8000000000	0.0100000000	1.0000000000	100	100	0	0.978401
2177000	0.8000000000	0.0100000000	1.0000000000	100	100	0	0.978152
2178000	0.8000000000	0.0100000000	1.0000000000	100	100	0	0.978048
2179000	0.8000000000	0.0100000000	1.0000000000	100	100	0	0.978499
2180000	0.8000000000	0.0100000000	1.0000000000	100	100	0	0.978474
2181000	0.8000000000	0.0100000000	1.0000000000	100	100	0	0.978563
2182000	0.8000000000	0.0100000000	1.0000000000	100	100	0	0.978384
2183000	0.8000000000	0.0100000000	1.0000000000	100	100	0	0.978511
2184000	0.8000000000	0.0100000000	1.0000000000	100	100	0	0.978381
2185000	0.8000000000	0.0100000000	1.0000000000	100	100	0	0.978890
2186000	0.8000000000	0.0100000000	1.0000000000	100	100	0	0.978482
2187000	0.8000000000	0.0100000000	1.0000000000	100	100	0	0.978842
2188000	0.8000000000	0.0100000000	1.0000000000	100	100	0	0.978308
2189000	0.8000000000	0.0100000000	1.0000000000	100	100	0	0.978282
2190000	0.8000000000	0.0100000000	1.0000000000	100	100	0	0.978184
2191000	0.8000000000	0.0100000000	1.0000000000	100	100	0	0.978625
2192000	0.8000000000	0.0100000000	1.0000000000	100	100	0	0.978570
2193000	0.8000000000	0.0100000000	1.0000000000	100	100	0	0.978369
2194000	0.8000000000	0.0100000000	1.0000000000	100	100	0	0.978322
2195000	0.8000000000	0.0100000000	1.0000000000	100	100	0	0.978152
2196000	0.8000000000	0.0100000000	1.0000000000	100	100	0	0.978535
2197000	0.8000000000	0.0100000000	1.0000000000	100	100	0	0.978491
2198000	0.8000000000	0.0100000000	1.0000000000	100	100	0	0.978487
2199000	0.8000000000	0.0100000000	1.0000000000	100	100	0	0.978249
2200000	0.8000000000	0.0100000000	1.0000000000	100	100	0	0.978295
2201000	0.8000000000	0.0100000000	1.0000000000	100	100	0	0.978503
2202000	0.8000000000	0.0100000000	1.0000000000	100	100	0	0.978515
2203000	0.8000000000	0.0100000000	1.0000000000	100	100	0	0.978312
2204000	0.8000000000	0.0100000000	1.0000000000	100	100	0	0.978308
2205000	0.8000000000	0.0100000000	1.0000000000	100	100	0	0.978307
2206000	0.8000000000	0.0100000000	1.0000000000	100	100	0	0.978553
2207000	0.8000000000	0.0100000000	1.0000000000	100	100	0	0.978408
2208000	0.8000000000	0.0100000000	1.0000000000	100	100	0	0.978553
2209000	0.8000000000	0.0100000000	1.0000000000	100	100	0	0.978456
2210000	0.8000000000	0.0100000000	1.0000000000	100	100	0	0.978519
2211000	0.8000000000	0.0100000000	1.0000000000	100	100	0	0.978510
2212000	0.8000000000	0.0100000000	1.0000000000	100	100	0	0.978673
2213000	0.8000000000	0.0100000000	1.0000000000	100	100	0	0.978715
2214000	0.8000000000	0.0100000000	1.0000000000	100	100	0	0.978624
2215000	0.8000000000	0.0100000000	1.0000000000	100	100	0	0.978231
2216000	0.8000000000	0.0100000000	1.0000000000	100	100	0	0.978257
2217000	0.8000000000	0.0100000000	1.0000000000	100	100	0	0.978592
2218000	0.8000000000	0.0100000000	1.0000000000	100	100	0	0.978310
2219000	0.8000000000	0.0100000000	1.0000000000	100	100	0	0.978313
2220000	0.8000000000	0.0100000000	1.0000000000	100	100	0	0.978389
2221000	0.8000000000	0.0100000000	1.0000000000	100	100	0	0.978345
2222000	0.8000000000	0.0100000000	1.0000000000	100	100	0	0.978453
2223000	0.8000000000	0.0100000000	1.0000000000	100	100	0	0.978606
2224000	0.8000000000	0.0100000000	1.0000000000	100	100	0	0.978394
2225000	0.8000000000	0.0100000000	1.0000000000	100	100	0	0.978220
2226000	0.8000000000	0.0100000000	1.0000000000	100	100	0	0.978299
2227000	0.8000000000	0.0100000000	1.0000000000	100	100	0	0.978292
2228000	0.8000000000	0.0100000000	1.0000000000	100	100	0	0.978109
2229000	0.8000000000	0.0100000000	1.0000000000	100	100	0	0.978298
2230000	0.8000000000	0.0100000000	1.0000000000	100	100	0	0.978220
2231000	0.8000000000	0.0100000000	1.0000000000	100	100	0	0.978386
2232000	0.8000000000	0.0100000000	1.0000000000	100	100	0	0.978361
2233000	0.8000000000	0.0100000000	1.0000000000	100	100	0	0.978500
2234000	0.8000000000	0.0100000000	1.0000000000	100	100	0	0.978364
2235000	0.8000000000	0.0100000000	1.0000000000	100	100	0	0.978216
2236000	0.8000000000	0.0100000000	1.0000000000	100	100	0	0.978235
2237000	0.8000000000	0.0100000000	1.0000000000	100	100	0	0.978585
2238000	0.8000000000	0.0100000000	1.0000000000	100	100	0	0.978515
2239000	0.8000000000	0.0100000000	1.0000000000	100	100	0	0.978364
2240000	0.8000000000	0.0100000000	1.0000000000	100	100	0	0.978636
2241000	0.8000000000	0.0100000000	1.0000000000	100	100	0	0.978297
2242000	0.8000000000	0.0100000000	1.0000000000	100	100	0	0.978347
2243000	0.8000000000	0.0100000000	1.0000000000	100	100	0	0.978329
2244000	0.8000000000	0.0100000000	1.0000000000	100	100	0	0.978615
2245000	0.8000000000	0.0100000000	1.0000000000	100	100	0	0.978358
2246000	0.8000000000	0.0100000000	1.0000000000	100	100	0	0.978295
2247000	0.8000000000	0.0100000000	1.0000000000	100	100	0	0.978209
2248000	0.8000000000	0.0100000000	1.0000000000	100	100	0	0.978596
2249000	0.8000000000	0.0100000000	1.0000000000	100	100	0	0.978364
2250000	0.8000000000	0.0100000000	1.0000000000	100	100	0	0.978322
2251000	0.8000000000	0.0100000000	1.0000000000	100	100	0	0.978353
2252000	0.8000000000	0.0100000000	1.0000000000	100	100	0	0.978457
2253000	0.8000000000	0.0100000000	1.0000000000	100	100	0	0.978659
2254000	0.8000000000	0.0100000000	1.0000000000	100	100	0	0.978409
2255000	0.8000000000	0.0100000000	1.0000000000	100	100	0	0.978415
2256000	0.8000000000	0.0100000000	1.0000000000	100	100	0	0.978503
2257000	0.8000000000	0.0100000000	1.0000000000	100	100	0	0.978433
2258000	0.8000000000	0.0100000000	1.0000000000	100	100	0	0.978167
2259000	0.8000000000	0.0100000000	1.0000000000	100	100	0	0.978283
2260000	0.8000000000	0.0100000000	1.0000000000	100	100	0	0.978678
2261000	0.8000000000	0.0100000000	1.0000000000	100	100	0	0.978480
2262000	0.8000000000	0.0100000000	1.0000000000	100	100	0	0.978594
2263000	0.8000000000	0.0100000000	1.0000000000	100	100	0	0.978541
2264000	0.8000000000	0.0100000000	1.0000000000	100	100	0	0.978202
2265000	0.8000000000	0.0100000000	1.0000000000	100	100	0	0.978393
2266000	0.8000000000	0.0100000000	1.0000000000	100	100	0	0.978172
2267000	0.8000000000	0.0100000000	1.0000000000	100	100	0	0.978735
2268000	0.8000000000	0.0100000000	1.0000000000	100	100	0	0.978571
2269000	0.8000000000	0.0100000000	1.0000000000	100	100	0	0.978582
2270000	0.8000000000	0.0100000000	1.0000000000	100	100	0	0.978399
2271000	0.8000000000	0.0100000000	1.0000000000	100	100	0	0.978668
2272000	0.8000000000	0.0100000000	1.0000000000	100	100	0	0.978224
2273000	0.8000000000	0.0100000000	1.0000000000	100	100	0	0.978154
2274000	0.8000000000	0.0100000000	1.0000000000	100	100	0	0.978452
2275000	0.8000000000	0.0100000000	1.0000000000	100	100	0	0.978604
2276000	0.8000000000	0.0100000000	1.0000000000	100	100	0	0.978406
2277000	0.8000000000	0.0100000000	1.0000000000	100	100	0	0.978442
2278000	0.8000000000	0.0100000000	1.0000000000	100	100	0	0.978311
2279000	0.8000000000	0.0100000000	1.0000000000	100	100	0	0.978451
2280000	0.8000000000	0.0100000000	1.0000000000	100	100	0	0.978333
2281000	0.8000000000	0.0100000000	1.0000000000	100	100	0	0.978533
2282000	0.8000000000	0.0100000000	1.0000000000	100	100	0	0.978291
2283000	0.8000000000	0.0100000000	1.0000000000	100	100	0	0.978671
2284000	0.8000000000	0.0100000000	1.0000000000	100	100	0	0.978444
2285000	0.8000000000	0.0100000000	1.0000000000	100	100	0	0.978384
2286000	0.8000000000	0.0100000000	1.0000000000	100	100	0	0.978296
2287000	0.8000000000	0.0100000000	1.0000000000	100	100	0	0.978171
2288000	0.8000000000	0.0100000000	1.0000000000	100	100	0	0.978552
2289000	0.8000000000	0.0100000000	1.0000000000	100	100	0	0.978308
2290000	0.8000000000	0.0100000000	1.0000000000	100	100	0	0.978566
2291000	0.8000000000	0.0100000000	1.0000000000	100	100	0	0.978423
2292000	0.8000000000	0.0100000000	1.0000000000	100	100	0	0.978912
2293000	0.8000000000	0.0100000000	1.0000000000	100	100	0	0.978190
2294000	0.8000000000	0.0100000000	1.0000000000	100	100	0	0.978260
2295000	0.8000000000	0.0100000000	1.0000000000	100	100	0	0.978544
2296000	0.8000000000	0.0100000000	1.0000000000	100	100	0	0.978558
2297000	0.8000000000	0.0100000000	1.0000000000	100	100	0	0.978231
2298000	0.8000000000	0.0100000000	1.0000000000	100	100	0	0.978487
2299000	0.8000000000	0.0100000000	1.0000000000	100	100	0	0.978452
2300000	0.8000000000	0.0100000000	1.0000000000	100	100	0	0.978623
2301000	0.8000000000	0.0100000000	1.0000000000	100	100	0	0.978664
2302000	0.8000000000	0.0100000000	1.0000000000	100	100	0	0.978479
2303000	0.8000000000	0.0100000000	1.0000000000	100	100	0	0.978503
2304000	0.8000000000	0.0100000000	1.0000000000	100	100	0	0.978678
2305000	0.8000000000	0.0100000000	1.0000000000	100	100	0	0.978326
2306000	0.8000000000	0.0100000000	1.0000000000	100	100	0	0.978331
2307000	0.8000000000	0.0100000000	1.0000000000	100	100	0	0.978600
2308000	0.8000000000	0.0100000000	1.0000000000	100	100	0	0.978366
2309000	0.8000000000	0.0100000000	1.0000000000	100	100	0	0.978109
2310000	0.8000000000	0.0100000000	1.0000000000	100	100	0	0.978259
2311000	0.8000000000	0.0100000000	1.0000000000	100	100	0	0.978288
2312000	0.8000000000	0.0100000000	1.0000000000	100	100	0	0.978165
2313000	0.8000000000	0.0100000000	1.0000000000	100	100	0	0.978269
2314000	0.8000000000	0.0100000000	1.0000000000	100	100	0	0.978488
2315000	0.8000000000	0.0100000000	1.0000000000	100	100	0	0.978230
2316000	0.8000000000	0.0100000000	1.0000000000	100	100	0	0.978437
2317000	0.8000000000	0.0100000000	1.0000000000	100	100	0	0.978444
2318000	0.8000000000	0.0100000000	1.0000000000	100	100	0	0.978220
2319000	0.8000000000	0.0100000000	1.0000000000	100	100	0	0.978490
2320000	0.8000000000	0.0100000000	1.0000000000	100	100	0	0.978291
2321000	0.8000000000	0.0100000000	1.0000000000	100	100	0	0.978071
2322000	0.8000000000	0.0100000000	1.0000000000	100	100	0	0.978375
2323000	0.8000000000	0.0100000000	1.0000000000	100	100	0	0.978668
2324000	0.8000000000	0.0100000000	1.0000000000	100	100	0	0.978627
2325000	0.8000000000	0.0100000000	1.0000000000	100	100	0	0.978220
2326000	0.8000000000	0.0100000000	1.0000000000	100	100	0	0.978393
2327000	0.8000000000	0.0100000000	1.0000000000	100	100	0	0.978459
2328000	0.8000000000	0.0100000000	1.0000000000	100	100	0	0.978364
2329000	0.8000000000	0.0100000000	1.0000000000	100	100	0	0.978395
2330000	0.8000000000	0.0100000000	1.0000000000	100	100	0	0.978546
2331000	0.8000000000	0.0100000000	1.0000000000	100	100	0	0.978307
2332000	0.8000000000	0.0100000000	1.0000000000	100	100	0	0.978117
2333000	0.8000000000	0.0100000000	1.0000000000	100	100	0	0.978390
2334000	0.8000000000	0.0100000000	1.0000000000	100	100	0	0.978372
2335000	0.8000000000	0.0100000000	1.0000000000	100	100	0	0.978379
2336000	0.8000000000	0.0100000000	1.0000000000	100	100	0	0.978199
2337000	0.8000000000	0.0100000000	1.0000000000	100	100	0	0.978734
2338000	0.8000000000	0.0100000000	1.0000000000	100	100	0	0.978156
2339000	0.8000000000	0.0100000000	1.0000000000	100	100	0	0.978288
2340000	0.8000000000	0.0100000000	1.0000000000	100	100	0	0.978069
2341000	0.8000000000	0.0100000000	1.0000000000	100	100	0	0.978745
2342000	0.8000000000	0.0100000000	1.0000000000	100	100	0	0.978077
2343000	0.8000000000	0.0100000000	1.0000000000	100	100	0	0.978499
2344000	0.8000000000	0.0100000000	1.0000000000	100	100	0	0.978296
2345000	0.8000000000	0.0100000000	1.0000000000	100	100	0	0.978487
2346000	0.8000000000	0.0100000000	1.0000000000	100	100	0	0.978291
2347000	0.8000000000	0.0100000000	1.0000000000	100	100	0	0.978332
2348000	0.8000000000	0.0100000000	1.0000000000	100	100	0	0.978169
2349000	0.8000000000	0.0100000000	1.0000000000	100	100	0	0.978185
2350000	0.8000000000	0.0100000000	1.0000000000	100	100	0	0.978657
2351000	0.8000000000	0.0100000000	1.0000000000	100	100	0	0.979028
2352000	0.8000000000	0.0100000000	1.0000000000	100	100	0	0.978204
2353000	0.8000000000	0.0100000000	1.0000000000	100	100	0	0.978253
2354000	0.8000000000	0.0100000000	1.0000000000	100	100	0	0.978191
2355000	0.8000000000	0.0100000000	1.0000000000	100	100	0	0.978531
2356000	0.8000000000	0.0100000000	1.0000000000	100	100	0	0.978074
2357000	0.8000000000	0.0100000000	1.0000000000	100	100	0	0.978167
2358000	0.8000000000	0.0100000000	1.0000000000	100	100	0	0.978475
2359000	0.8000000000	0.0100000000	1.0000000000	100	100	0	0.978359
2360000	0.8000000000	0.0100000000	1.0000000000	100	100	0	0.978190
2361000	0.8000000000	0.0100000000	1.0000000000	100	100	0	0.978866
2362000	0.8000000000	0.0100000000	1.0000000000	100	100	0	0.978451
2363000	0.8000000000	0.0100000000	1.0000000000	100	100	0	0.978580
2364000	0.8000000000	0.0100000000	1.0000000000	100	100	0	0.978731
2365000	0.8000000000	0.0100000000	1.0000000000	100	100	0	0.978433
2366000	0.8000000000	0.0100000000	1.0000000000	100	100	0	0.978443
2367000	0.8000000000	0.0100000000	1.0000000000	100	100	0	0.978723
2368000	0.8000000000	0.0100000000	1.0000000000	100	100	0	0.978736
2369000	0.8000000000	0.0100000000	1.0000000000	100	100	0	0.978573
2370000	0.8000000000	0.0100000000	1.0000000000	100	100	0	0.978263
2371000	0.8000000000	0.0100000000	1.0000000000	100	100	0	0.978223
2372000	0.8000000000	0.0100000000	1.0000000000	100	100	0	0.978328
2373000	0.8000000000	0.0100000000	1.0000000000	100	100	0	0.978191
2374000	0.8000000000	0.0100000000	1.0000000000	100	100	0	0.978410
2375000	0.8000000000	0.0100000000	1.0000000000	100	100	0	0.978502
2376000	0.8000000000	0.0100000000	1.0000000000	100	100	0	0.978048
2377000	0.8000000000	0.0100000000	1.0000000000	100	100	0	0.978397
2378000	0.8000000000	0.0100000000	1.0000000000	100	100	0	0.978296
2379000	0.8000000000	0.0100000000	1.0000000000	100	100	0	0.978039
2380000	0.8000000000	0.0100000000	1.0000000000	100	100	0	0.977868
2381000	0.8000000000	0.0100000000	1.0000000000	100	100	0	0.978551
2382000	0.8000000000	0.0100000000	1.0000000000	100	100	0	0.978437
2383000	0.8000000000	0.0100000000	1.0000000000	100	100	0	0.978131
2384000	0.8000000000	0.0100000000	1.0000000000	100	100	0	0.978591
2385000	0.8000000000	0.0100000000	1.0000000000	100	100	0	0.978445
2386000	0.8000000000	0.0100000000	1.0000000000	100	100	0	0.978221
2387000	0.8000000000	0.0100000000	1.0000000000	100	100	0	0.978713
2388000	0.8000000000	0.0100000000	1.0000000000	100	100	0	0.978107
2389000	0.8000000000	0.0100000000	1.0000000000	100	100	0	0.978060
2390000	0.8000000000	0.0100000000	1.0000000000	100	100	0	0.978657
2391000	0.8000000000	0.0100000000	1.0000000000	100	100	0	0.978761
2392000	0.8000000000	0.0100000000	1.0000000000	100	100	0	0.978697
2393000	0.8000000000	0.0100000000	1.0000000000	100	100	0	0.978104
2394000	0.8000000000	0.0100000000	1.0000000000	100	100	0	0.978410
2395000	0.8000000000	0.0100000000	1.0000000000	100	100	0	0.977944
2396000	0.8000000000	0.0100000000	1.0000000000	100	100	0	0.978384
2397000	0.8000000000	0.0100000000	1.0000000000	100	100	0	0.978508
2398000	0.8000000000	0.0100000000	1.0000000000	100	100	0	0.978248
2399000	0.8000000000	0.0100000000	1.0000000000	100	100	0	0.978749
2400000	0.8000000000	0.0100000000	1.0000000000	100	100	0	0.978502
2401000	0.8000000000	0.0100000000	1.0000000000	100	100	0	0.978252
2402000	0.8000000000	0.0100000000	1.0000000000	100	100	0	0.977952
2403000	0.8000000000	0.0100000000	1.0000000000	100	100	0	0.978463
2404000	0.8000000000	0.0100000000	1.0000000000	100	100	0	0.978020
2405000	0.8000000000	0.0100000000	1.0000000000	100	100	0	0.978723
2406000	0.8000000000	0.0100000000	1.0000000000	100	100	0	0.978170
2407000	0.8000000000	0.0100000000	1.0000000000	100	100	0	0.978107
2408000	0.8000000000	0.0100000000	1.0000000000	100	100	0	0.978384
2409000	0.8000000000	0.0100000000	1.0000000000	100	100	0	0.978480
2410000	0.8000000000	0.0100000000	1.0000000000	100	100	0	0.978595
2411000	0.8000000000	0.0100000000	1.0000000000	100	100	0	0.978881
2412000	0.8000000000	0.0100000000	1.0000000000	100	100	0	0.978327
2413000	0.8000000000	0.0100000000	1.0000000000	100	100	0	0.978011
2414000	0.8000000000	0.0100000000	1.0000000000	100	100	0	0.978545
2415000	0.8000000000	0.0100000000	1.0000000000	100	100	0	0.978214
2416000	0.8000000000	0.0100000000	1.0000000000	100	100	0	0.978423
2417000	0.8000000000	0.0100000000	1.0000000000	100	100	0	0.978311
2418000	0.8000000000	0.0100000000	1.0000000000	100	100	0	0.978579
2419000	0.8000000000	0.0100000000	1.0000000000	100	100	0	0.978228
2420000	0.8000000000	0.0100000000	1.0000000000	100	100	0	0.978188
2421000	0.8000000000	0.0100000000	1.0000000000	100	100	0	0.978275
2422000	0.8000000000	0.0100000000	1.0000000000	100	100	0	0.978122
2423000	0.8000000000	0.0100000000	1.0000000000	100	100	0	0.978353
2424000	0.8000000000	0.0100000000	1.0000000000	100	100	0	0.978464
2425000	0.8000000000	0.0100000000	1.0000000000	100	100	0	0.978733
2426000	0.8000000000	0.0100000000	1.0000000000	100	100	0	0.978551
2427000	0.8000000000	0.0100000000	1.0000000000	100	100	0	0.978340
2428000	0.8000000000	0.0100000000	1.0000000000	100	100	0	0.978629
2429000	0.8000000000	0.0100000000	1.0000000000	100	100	0	0.978402
2430000	0.8000000000	0.0100000000	1.0000000000	100	100	0	0.978321
2431000	0.8000000000	0.0100000000	1.0000000000	100	100	0	0.978502
2432000	0.8000000000	0.0100000000	1.0000000000	100	100	0	0.978568
2433000	0.8000000000	0.0100000000	1.0000000000	100	100	0	0.978278
2434000	0.8000000000	0.0100000000	1.0000000000	100	100	0	0.978121
2435000	0.8000000000	0.0100000000	1.0000000000	100	100	0	0.978603
2436000	0.8000000000	0.0100000000	1.0000000000	100	100	0	0.978224
2437000	0.8000000000	0.0100000000	1.0000000000	100	100	0	0.978699
2438000	0.8000000000	0.0100000000	1.0000000000	100	100	0	0.978355
2439000	0.8000000000	0.0100000000	1.0000000000	100	100	0	0.978379
2440000	0.8000000000	0.0100000000	1.0000000000	100	100	0	0.978371
2441000	0.8000000000	0.0100000000	1.0000000000	100	100	0	0.978102
2442000	0.8000000000	0.0100000000	1.0000000000	100	100	0	0.978122
2443000	0.8000000000	0.0100000000	1.0000000000	100	100	0	0.978629
2444000	0.8000000000	0.0100000000	1.0000000000	100	100	0	0.978350
2445000	0.8000000000	0.0100000000	1.0000000000	100	100	0	0.978484
2446000	0.8000000000	0.0100000000	1.0000000000	100	100	0	0.978246
2447000	0.8000000000	0.0100000000	1.0000000000	100	100	0	0.978536
2448000	0.8000000000	0.0100000000	1.0000000000	100	100	0	0.978611
2449000	0.8000000000	0.0100000000	1.0000000000	100	100	0	0.978047
2450000	0.8000000000	0.0100000000	1.0000000000	100	100	0	0.978538
2451000	0.8000000000	0.0100000000	1.0000000000	100	100	0	0.978640
2452000	0.8000000000	0.0100000000	1.0000000000	100	100	0	0.978354
2453000	0.8000000000	0.0100000000	1.0000000000	100	100	0	0.978682
2454000	0.8000000000	0.0100000000	1.0000000000	100	100	0	0.978476
2455000	0.8000000000	0.0100000000	1.0000000000	100	100	0	0.978308
2456000	0.8000000000	0.0100000000	1.0000000000	100	100	0	0.978053
2457000	0.8000000000	0.0100000000	1.0000000000	100	100	0	0.978269
2458000	0.8000000000	0.0100000000	1.0000000000	100	100	0	0.978506
2459000	0.8000000000	0.0100000000	1.0000000000	100	100	0	0.978413
2460000	0.8000000000	0.0100000000	1.0000000000	100	100	0	0.978526
2461000	0.8000000000	0.0100000000	1.0000000000	100	100	0	0.978016
2462000	0.8000000000	0.0100000000	1.0000000000	100	100	0	0.978148
2463000	0.8000000000	0.0100000000	1.0000000000	100	100	0	0.978333
2464000	0.8000000000	0.0100000000	1.0000000000	100	100	0	0.978296
2465000	0.8000000000	0.0100000000	1.0000000000	100	100	0	0.978579
2466000	0.8000000000	0.0100000000	1.0000000000	100	100	0	0.978393
2467000	0.8000000000	0.0100000000	1.0000000000	100	100	0	0.978109
2468000	0.8000000000	0.0100000000	1.0000000000	100	100	0	0.978271
2469000	0.8000000000	0.0100000000	1.0000000000	100	100	0	0.978219
2470000	0.8000000000	0.0100000000	1.0000000000	100	100	0	0.978224
2471000	0.8000000000	0.0100000000	1.0000000000	100	100	0	0.978434
2472000	0.8000000000	0.0100000000	1.0000000000	100	100	0	0.978269
2473000	0.8000000000	0.0100000000	1.0000000000	100	100	0	0.978446
2474000	0.8000000000	0.0100000000	1.0000000000	100	100	0	0.978359
2475000	0.8000000000	0.0100000000	1.0000000000	100	100	0	0.978829
2476000	0.8000000000	0.0100000000	1.0000000000	100	100	0	0.978217
2477000	0.8000000000	0.0100000000	1.0000000000	100	100	0	0.978480
2478000	0.8000000000	0.0100000000	1.0000000000	100	100	0	0.978389
2479000	0.8000000000	0.0100000000	1.0000000000	100	100	0	0.978256
2480000	0.8000000000	0.0100000000	1.0000000000	100	100	0	0.978486
2481000	0.8000000000	0.0100000000	1.0000000000	100	100	0	0.978304
2482000	0.8000000000	0.0100000000	1.0000000000	100	100	0	0.978634
2483000	0.8000000000	0.0100000000	1.0000000000	100	100	0	0.978368
2484000	0.8000000000	0.0100000000	1.0000000000	100	100	0	0.978527
2485000	0.8000000000	0.0100000000	1.0000000000	100	100	0	0.978312
2486000	0.8000000000	0.0100000000	1.0000000000	100	100	0	0.978311
2487000	0.8000000000	0.0100000000	1.0000000000	100	100	0	0.978353
2488000	0.8000000000	0.0100000000	1.0000000000	100	100	0	0.978234
2489000	0.8000000000	0.0100000000	1.0000000000	100	100	0	0.978252
2490000	0.8000000000	0.0100000000	1.0000000000	100	100	0	0.978251
2491000	0.8000000000	0.0100000000	1.0000000000	100	100	0	0.978127
2492000	0.8000000000	0.0100000000	1.0000000000	100	100	0	0.978309
2493000	0.8000000000	0.0100000000	1.0000000000	100	100	0	0.978198
2494000	0.8000000000	0.0100000000	1.0000000000	100	100	0	0.978333
2495000	0.8000000000	0.0100000000	1.0000000000	100	100	0	0.978302
2496000	0.8000000000	0.0100000000	1.0000000000	100	100	0	0.978483
2497000	0.8000000000	0.0100000000	1.0000000000	100	100	0	0.978488
2498000	0.8000000000	0.0100000000	1.0000000000	100	100	0	0.978499
2499000	0.8000000000	0.0100000000	1.0000000000	100	100	0	0.978400
2500000	0.8000000000	0.0100000000	1.0000000000	100	100	0	0.978045
