time	epistasis_coef	sel_coef	mu_prob	Ne	L	k_start	mean_fitness
2000000	-0.4000000000	0.0100000000	0.0010000000	10	100	0	0.248234
2001000	-0.4000000000	0.0100000000	0.0010000000	10	100	0	0.278037
2002000	-0.4000000000	0.0100000000	0.0010000000	10	100	0	0.278037
2003000	-0.4000000000	0.0100000000	0.0010000000	10	100	0	0.278037
2004000	-0.4000000000	0.0100000000	0.0010000000	10	100	0	0.278037
2005000	-0.4000000000	0.0100000000	0.0010000000	10	100	0	0.262804
2006000	-0.4000000000	0.0100000000	0.0010000000	10	100	0	0.261347
2007000	-0.4000000000	0.0100000000	0.0010000000	10	100	0	0.270421
2008000	-0.4000000000	0.0100000000	0.0010000000	10	100	0	0.262804
2009000	-0.4000000000	0.0100000000	0.0010000000	10	100	0	0.262804
2010000	-0.4000000000	0.0100000000	0.0010000000	10	100	0	0.246842
2011000	-0.4000000000	0.0100000000	0.0010000000	10	100	0	0.262804
2012000	-0.4000000000	0.0100000000	0.0010000000	10	100	0	0.262804
2013000	-0.4000000000	0.0100000000	0.0010000000	10	100	0	0.278037
2014000	-0.4000000000	0.0100000000	0.0010000000	10	100	0	0.268897
2015000	-0.4000000000	0.0100000000	0.0010000000	10	100	0	0.262804
2016000	-0.4000000000	0.0100000000	0.0010000000	10	100	0	0.262804
2017000	-0.4000000000	0.0100000000	0.0010000000	10	100	0	0.262804
2018000	-0.4000000000	0.0100000000	0.0010000000	10	100	0	0.293948
2019000	-0.4000000000	0.0100000000	0.0010000000	10	100	0	0.293948
2020000	-0.4000000000	0.0100000000	0.0010000000	10	100	0	0.278037
2021000	-0.4000000000	0.0100000000	0.0010000000	10	100	0	0.278037
2022000	-0.4000000000	0.0100000000	0.0010000000	10	100	0	0.293948
2023000	-0.4000000000	0.0100000000	0.0010000000	10	100	0	0.310548
2024000	-0.4000000000	0.0100000000	0.0010000000	10	100	0	0.310548
2025000	-0.4000000000	0.0100000000	0.0010000000	10	100	0	0.310548
2026000	-0.4000000000	0.0100000000	0.0010000000	10	100	0	0.310548
2027000	-0.4000000000	0.0100000000	0.0010000000	10	100	0	0.310548
2028000	-0.4000000000	0.0100000000	0.0010000000	10	100	0	0.310548
2029000	-0.4000000000	0.0100000000	0.0010000000	10	100	0	0.338649
2030000	-0.4000000000	0.0100000000	0.0010000000	10	100	0	0.364568
2031000	-0.4000000000	0.0100000000	0.0010000000	10	100	0	0.364568
2032000	-0.4000000000	0.0100000000	0.0010000000	10	100	0	0.364568
2033000	-0.4000000000	0.0100000000	0.0010000000	10	100	0	0.364568
2034000	-0.4000000000	0.0100000000	0.0010000000	10	100	0	0.310548
2035000	-0.4000000000	0.0100000000	0.0010000000	10	100	0	0.327846
2036000	-0.4000000000	0.0100000000	0.0010000000	10	100	0	0.327846
2037000	-0.4000000000	0.0100000000	0.0010000000	10	100	0	0.327846
2038000	-0.4000000000	0.0100000000	0.0010000000	10	100	0	0.345851
2039000	-0.4000000000	0.0100000000	0.0010000000	10	100	0	0.327846
2040000	-0.4000000000	0.0100000000	0.0010000000	10	100	0	0.327846
2041000	-0.4000000000	0.0100000000	0.0010000000	10	100	0	0.310548
2042000	-0.4000000000	0.0100000000	0.0010000000	10	100	0	0.278037
2043000	-0.4000000000	0.0100000000	0.0010000000	10	100	0	0.262804
2044000	-0.4000000000	0.0100000000	0.0010000000	10	100	0	0.251148
2045000	-0.4000000000	0.0100000000	0.0010000000	10	100	0	0.278037
2046000	-0.4000000000	0.0100000000	0.0010000000	10	100	0	0.278037
2047000	-0.4000000000	0.0100000000	0.0010000000	10	100	0	0.293948
2048000	-0.4000000000	0.0100000000	0.0010000000	10	100	0	0.292357
2049000	-0.4000000000	0.0100000000	0.0010000000	10	100	0	0.278037
2050000	-0.4000000000	0.0100000000	0.0010000000	10	100	0	0.278037
2051000	-0.4000000000	0.0100000000	0.0010000000	10	100	0	0.264327
2052000	-0.4000000000	0.0100000000	0.0010000000	10	100	0	0.262804
2053000	-0.4000000000	0.0100000000	0.0010000000	10	100	0	0.262804
2054000	-0.4000000000	0.0100000000	0.0010000000	10	100	0	0.262804
2055000	-0.4000000000	0.0100000000	0.0010000000	10	100	0	0.262804
2056000	-0.4000000000	0.0100000000	0.0010000000	10	100	0	0.262804
2057000	-0.4000000000	0.0100000000	0.0010000000	10	100	0	0.262804
2058000	-0.4000000000	0.0100000000	0.0010000000	10	100	0	0.262804
2059000	-0.4000000000	0.0100000000	0.0010000000	10	100	0	0.234314
2060000	-0.4000000000	0.0100000000	0.0010000000	10	100	0	0.234314
2061000	-0.4000000000	0.0100000000	0.0010000000	10	100	0	0.234314
2062000	-0.4000000000	0.0100000000	0.0010000000	10	100	0	0.221028
2063000	-0.4000000000	0.0100000000	0.0010000000	10	100	0	0.234314
2064000	-0.4000000000	0.0100000000	0.0010000000	10	100	0	0.248234
2065000	-0.4000000000	0.0100000000	0.0010000000	10	100	0	0.248234
2066000	-0.4000000000	0.0100000000	0.0010000000	10	100	0	0.262804
2067000	-0.4000000000	0.0100000000	0.0010000000	10	100	0	0.262804
2068000	-0.4000000000	0.0100000000	0.0010000000	10	100	0	0.262804
2069000	-0.4000000000	0.0100000000	0.0010000000	10	100	0	0.276514
2070000	-0.4000000000	0.0100000000	0.0010000000	10	100	0	0.276514
2071000	-0.4000000000	0.0100000000	0.0010000000	10	100	0	0.262804
2072000	-0.4000000000	0.0100000000	0.0010000000	10	100	0	0.262804
2073000	-0.4000000000	0.0100000000	0.0010000000	10	100	0	0.262804
2074000	-0.4000000000	0.0100000000	0.0010000000	10	100	0	0.262804
2075000	-0.4000000000	0.0100000000	0.0010000000	10	100	0	0.278037
2076000	-0.4000000000	0.0100000000	0.0010000000	10	100	0	0.278037
2077000	-0.4000000000	0.0100000000	0.0010000000	10	100	0	0.278037
2078000	-0.4000000000	0.0100000000	0.0010000000	10	100	0	0.273467
2079000	-0.4000000000	0.0100000000	0.0010000000	10	100	0	0.278037
2080000	-0.4000000000	0.0100000000	0.0010000000	10	100	0	0.293948
2081000	-0.4000000000	0.0100000000	0.0010000000	10	100	0	0.293948
2082000	-0.4000000000	0.0100000000	0.0010000000	10	100	0	0.310548
2083000	-0.4000000000	0.0100000000	0.0010000000	10	100	0	0.327846
2084000	-0.4000000000	0.0100000000	0.0010000000	10	100	0	0.327846
2085000	-0.4000000000	0.0100000000	0.0010000000	10	100	0	0.327846
2086000	-0.4000000000	0.0100000000	0.0010000000	10	100	0	0.327846
2087000	-0.4000000000	0.0100000000	0.0010000000	10	100	0	0.345851
2088000	-0.4000000000	0.0100000000	0.0010000000	10	100	0	0.327846
2089000	-0.4000000000	0.0100000000	0.0010000000	10	100	0	0.310548
2090000	-0.4000000000	0.0100000000	0.0010000000	10	100	0	0.293948
2091000	-0.4000000000	0.0100000000	0.0010000000	10	100	0	0.293948
2092000	-0.4000000000	0.0100000000	0.0010000000	10	100	0	0.293948
2093000	-0.4000000000	0.0100000000	0.0010000000	10	100	0	0.293948
2094000	-0.4000000000	0.0100000000	0.0010000000	10	100	0	0.293948
2095000	-0.4000000000	0.0100000000	0.0010000000	10	100	0	0.293948
2096000	-0.4000000000	0.0100000000	0.0010000000	10	100	0	0.292357
2097000	-0.4000000000	0.0100000000	0.0010000000	10	100	0	0.293948
2098000	-0.4000000000	0.0100000000	0.0010000000	10	100	0	0.293948
2099000	-0.4000000000	0.0100000000	0.0010000000	10	100	0	0.310548
2100000	-0.4000000000	0.0100000000	0.0010000000	10	100	0	0.327846
2101000	-0.4000000000	0.0100000000	0.0010000000	10	100	0	0.327846
2102000	-0.4000000000	0.0100000000	0.0010000000	10	100	0	0.327846
2103000	-0.4000000000	0.0100000000	0.0010000000	10	100	0	0.345851
2104000	-0.4000000000	0.0100000000	0.0010000000	10	100	0	0.345851
2105000	-0.4000000000	0.0100000000	0.0010000000	10	100	0	0.345851
2106000	-0.4000000000	0.0100000000	0.0010000000	10	100	0	0.370398
2107000	-0.4000000000	0.0100000000	0.0010000000	10	100	0	0.364568
2108000	-0.4000000000	0.0100000000	0.0010000000	10	100	0	0.364568
2109000	-0.4000000000	0.0100000000	0.0010000000	10	100	0	0.364568
2110000	-0.4000000000	0.0100000000	0.0010000000	10	100	0	0.345851
2111000	-0.4000000000	0.0100000000	0.0010000000	10	100	0	0.345851
2112000	-0.4000000000	0.0100000000	0.0010000000	10	100	0	0.310548
2113000	-0.4000000000	0.0100000000	0.0010000000	10	100	0	0.327846
2114000	-0.4000000000	0.0100000000	0.0010000000	10	100	0	0.345851
2115000	-0.4000000000	0.0100000000	0.0010000000	10	100	0	0.364568
2116000	-0.4000000000	0.0100000000	0.0010000000	10	100	0	0.364568
2117000	-0.4000000000	0.0100000000	0.0010000000	10	100	0	0.384000
2118000	-0.4000000000	0.0100000000	0.0010000000	10	100	0	0.364568
2119000	-0.4000000000	0.0100000000	0.0010000000	10	100	0	0.364568
2120000	-0.4000000000	0.0100000000	0.0010000000	10	100	0	0.345851
2121000	-0.4000000000	0.0100000000	0.0010000000	10	100	0	0.345851
2122000	-0.4000000000	0.0100000000	0.0010000000	10	100	0	0.384000
2123000	-0.4000000000	0.0100000000	0.0010000000	10	100	0	0.384000
2124000	-0.4000000000	0.0100000000	0.0010000000	10	100	0	0.345851
2125000	-0.4000000000	0.0100000000	0.0010000000	10	100	0	0.345851
2126000	-0.4000000000	0.0100000000	0.0010000000	10	100	0	0.364568
2127000	-0.4000000000	0.0100000000	0.0010000000	10	100	0	0.364568
2128000	-0.4000000000	0.0100000000	0.0010000000	10	100	0	0.364568
2129000	-0.4000000000	0.0100000000	0.0010000000	10	100	0	0.345851
2130000	-0.4000000000	0.0100000000	0.0010000000	10	100	0	0.345851
2131000	-0.4000000000	0.0100000000	0.0010000000	10	100	0	0.345851
2132000	-0.4000000000	0.0100000000	0.0010000000	10	100	0	0.345851
2133000	-0.4000000000	0.0100000000	0.0010000000	10	100	0	0.345851
2134000	-0.4000000000	0.0100000000	0.0010000000	10	100	0	0.345851
2135000	-0.4000000000	0.0100000000	0.0010000000	10	100	0	0.345851
2136000	-0.4000000000	0.0100000000	0.0010000000	10	100	0	0.345851
2137000	-0.4000000000	0.0100000000	0.0010000000	10	100	0	0.327846
2138000	-0.4000000000	0.0100000000	0.0010000000	10	100	0	0.327846
2139000	-0.4000000000	0.0100000000	0.0010000000	10	100	0	0.327846
2140000	-0.4000000000	0.0100000000	0.0010000000	10	100	0	0.327846
2141000	-0.4000000000	0.0100000000	0.0010000000	10	100	0	0.345851
2142000	-0.4000000000	0.0100000000	0.0010000000	10	100	0	0.345851
2143000	-0.4000000000	0.0100000000	0.0010000000	10	100	0	0.345851
2144000	-0.4000000000	0.0100000000	0.0010000000	10	100	0	0.345851
2145000	-0.4000000000	0.0100000000	0.0010000000	10	100	0	0.327846
2146000	-0.4000000000	0.0100000000	0.0010000000	10	100	0	0.310548
2147000	-0.4000000000	0.0100000000	0.0010000000	10	100	0	0.310548
2148000	-0.4000000000	0.0100000000	0.0010000000	10	100	0	0.327846
2149000	-0.4000000000	0.0100000000	0.0010000000	10	100	0	0.327846
2150000	-0.4000000000	0.0100000000	0.0010000000	10	100	0	0.345851
2151000	-0.4000000000	0.0100000000	0.0010000000	10	100	0	0.364568
2152000	-0.4000000000	0.0100000000	0.0010000000	10	100	0	0.345851
2153000	-0.4000000000	0.0100000000	0.0010000000	10	100	0	0.357081
2154000	-0.4000000000	0.0100000000	0.0010000000	10	100	0	0.364568
2155000	-0.4000000000	0.0100000000	0.0010000000	10	100	0	0.364568
2156000	-0.4000000000	0.0100000000	0.0010000000	10	100	0	0.345851
2157000	-0.4000000000	0.0100000000	0.0010000000	10	100	0	0.364568
2158000	-0.4000000000	0.0100000000	0.0010000000	10	100	0	0.364568
2159000	-0.4000000000	0.0100000000	0.0010000000	10	100	0	0.364568
2160000	-0.4000000000	0.0100000000	0.0010000000	10	100	0	0.364568
2161000	-0.4000000000	0.0100000000	0.0010000000	10	100	0	0.362696
2162000	-0.4000000000	0.0100000000	0.0010000000	10	100	0	0.364568
2163000	-0.4000000000	0.0100000000	0.0010000000	10	100	0	0.364568
2164000	-0.4000000000	0.0100000000	0.0010000000	10	100	0	0.384000
2165000	-0.4000000000	0.0100000000	0.0010000000	10	100	0	0.384000
2166000	-0.4000000000	0.0100000000	0.0010000000	10	100	0	0.364568
2167000	-0.4000000000	0.0100000000	0.0010000000	10	100	0	0.384000
2168000	-0.4000000000	0.0100000000	0.0010000000	10	100	0	0.384000
2169000	-0.4000000000	0.0100000000	0.0010000000	10	100	0	0.384000
2170000	-0.4000000000	0.0100000000	0.0010000000	10	100	0	0.404148
2171000	-0.4000000000	0.0100000000	0.0010000000	10	100	0	0.425007
2172000	-0.4000000000	0.0100000000	0.0010000000	10	100	0	0.404148
2173000	-0.4000000000	0.0100000000	0.0010000000	10	100	0	0.425007
2174000	-0.4000000000	0.0100000000	0.0010000000	10	100	0	0.404148
2175000	-0.4000000000	0.0100000000	0.0010000000	10	100	0	0.425007
2176000	-0.4000000000	0.0100000000	0.0010000000	10	100	0	0.425007
2177000	-0.4000000000	0.0100000000	0.0010000000	10	100	0	0.425007
2178000	-0.4000000000	0.0100000000	0.0010000000	10	100	0	0.425007
2179000	-0.4000000000	0.0100000000	0.0010000000	10	100	0	0.425007
2180000	-0.4000000000	0.0100000000	0.0010000000	10	100	0	0.384000
2181000	-0.4000000000	0.0100000000	0.0010000000	10	100	0	0.384000
2182000	-0.4000000000	0.0100000000	0.0010000000	10	100	0	0.384000
2183000	-0.4000000000	0.0100000000	0.0010000000	10	100	0	0.384000
2184000	-0.4000000000	0.0100000000	0.0010000000	10	100	0	0.384000
2185000	-0.4000000000	0.0100000000	0.0010000000	10	100	0	0.357081
2186000	-0.4000000000	0.0100000000	0.0010000000	10	100	0	0.345851
2187000	-0.4000000000	0.0100000000	0.0010000000	10	100	0	0.345851
2188000	-0.4000000000	0.0100000000	0.0010000000	10	100	0	0.345851
2189000	-0.4000000000	0.0100000000	0.0010000000	10	100	0	0.364568
2190000	-0.4000000000	0.0100000000	0.0010000000	10	100	0	0.364568
2191000	-0.4000000000	0.0100000000	0.0010000000	10	100	0	0.364568
2192000	-0.4000000000	0.0100000000	0.0010000000	10	100	0	0.327846
2193000	-0.4000000000	0.0100000000	0.0010000000	10	100	0	0.331447
2194000	-0.4000000000	0.0100000000	0.0010000000	10	100	0	0.327846
2195000	-0.4000000000	0.0100000000	0.0010000000	10	100	0	0.345851
2196000	-0.4000000000	0.0100000000	0.0010000000	10	100	0	0.345851
2197000	-0.4000000000	0.0100000000	0.0010000000	10	100	0	0.345851
2198000	-0.4000000000	0.0100000000	0.0010000000	10	100	0	0.327846
2199000	-0.4000000000	0.0100000000	0.0010000000	10	100	0	0.345851
2200000	-0.4000000000	0.0100000000	0.0010000000	10	100	0	0.327846
2201000	-0.4000000000	0.0100000000	0.0010000000	10	100	0	0.324386
2202000	-0.4000000000	0.0100000000	0.0010000000	10	100	0	0.347723
2203000	-0.4000000000	0.0100000000	0.0010000000	10	100	0	0.364568
2204000	-0.4000000000	0.0100000000	0.0010000000	10	100	0	0.384000
2205000	-0.4000000000	0.0100000000	0.0010000000	10	100	0	0.384000
2206000	-0.4000000000	0.0100000000	0.0010000000	10	100	0	0.384000
2207000	-0.4000000000	0.0100000000	0.0010000000	10	100	0	0.384000
2208000	-0.4000000000	0.0100000000	0.0010000000	10	100	0	0.384000
2209000	-0.4000000000	0.0100000000	0.0010000000	10	100	0	0.384000
2210000	-0.4000000000	0.0100000000	0.0010000000	10	100	0	0.364568
2211000	-0.4000000000	0.0100000000	0.0010000000	10	100	0	0.345851
2212000	-0.4000000000	0.0100000000	0.0010000000	10	100	0	0.364568
2213000	-0.4000000000	0.0100000000	0.0010000000	10	100	0	0.364568
2214000	-0.4000000000	0.0100000000	0.0010000000	10	100	0	0.404148
2215000	-0.4000000000	0.0100000000	0.0010000000	10	100	0	0.404148
2216000	-0.4000000000	0.0100000000	0.0010000000	10	100	0	0.384000
2217000	-0.4000000000	0.0100000000	0.0010000000	10	100	0	0.364568
2218000	-0.4000000000	0.0100000000	0.0010000000	10	100	0	0.364568
2219000	-0.4000000000	0.0100000000	0.0010000000	10	100	0	0.364568
2220000	-0.4000000000	0.0100000000	0.0010000000	10	100	0	0.345851
2221000	-0.4000000000	0.0100000000	0.0010000000	10	100	0	0.345851
2222000	-0.4000000000	0.0100000000	0.0010000000	10	100	0	0.345851
2223000	-0.4000000000	0.0100000000	0.0010000000	10	100	0	0.327846
2224000	-0.4000000000	0.0100000000	0.0010000000	10	100	0	0.327846
2225000	-0.4000000000	0.0100000000	0.0010000000	10	100	0	0.310548
2226000	-0.4000000000	0.0100000000	0.0010000000	10	100	0	0.310548
2227000	-0.4000000000	0.0100000000	0.0010000000	10	100	0	0.327846
2228000	-0.4000000000	0.0100000000	0.0010000000	10	100	0	0.310548
2229000	-0.4000000000	0.0100000000	0.0010000000	10	100	0	0.327846
2230000	-0.4000000000	0.0100000000	0.0010000000	10	100	0	0.327846
2231000	-0.4000000000	0.0100000000	0.0010000000	10	100	0	0.345851
2232000	-0.4000000000	0.0100000000	0.0010000000	10	100	0	0.327846
2233000	-0.4000000000	0.0100000000	0.0010000000	10	100	0	0.327846
2234000	-0.4000000000	0.0100000000	0.0010000000	10	100	0	0.327846
2235000	-0.4000000000	0.0100000000	0.0010000000	10	100	0	0.327846
2236000	-0.4000000000	0.0100000000	0.0010000000	10	100	0	0.327846
2237000	-0.4000000000	0.0100000000	0.0010000000	10	100	0	0.327846
2238000	-0.4000000000	0.0100000000	0.0010000000	10	100	0	0.310548
2239000	-0.4000000000	0.0100000000	0.0010000000	10	100	0	0.310548
2240000	-0.4000000000	0.0100000000	0.0010000000	10	100	0	0.310548
2241000	-0.4000000000	0.0100000000	0.0010000000	10	100	0	0.293948
2242000	-0.4000000000	0.0100000000	0.0010000000	10	100	0	0.310548
2243000	-0.4000000000	0.0100000000	0.0010000000	10	100	0	0.327846
2244000	-0.4000000000	0.0100000000	0.0010000000	10	100	0	0.345851
2245000	-0.4000000000	0.0100000000	0.0010000000	10	100	0	0.345851
2246000	-0.4000000000	0.0100000000	0.0010000000	10	100	0	0.345851
2247000	-0.4000000000	0.0100000000	0.0010000000	10	100	0	0.345851
2248000	-0.4000000000	0.0100000000	0.0010000000	10	100	0	0.345851
2249000	-0.4000000000	0.0100000000	0.0010000000	10	100	0	0.345851
2250000	-0.4000000000	0.0100000000	0.0010000000	10	100	0	0.345851
2251000	-0.4000000000	0.0100000000	0.0010000000	10	100	0	0.345851
2252000	-0.4000000000	0.0100000000	0.0010000000	10	100	0	0.345851
2253000	-0.4000000000	0.0100000000	0.0010000000	10	100	0	0.345851
2254000	-0.4000000000	0.0100000000	0.0010000000	10	100	0	0.345851
2255000	-0.4000000000	0.0100000000	0.0010000000	10	100	0	0.345851
2256000	-0.4000000000	0.0100000000	0.0010000000	10	100	0	0.345851
2257000	-0.4000000000	0.0100000000	0.0010000000	10	100	0	0.364568
2258000	-0.4000000000	0.0100000000	0.0010000000	10	100	0	0.364568
2259000	-0.4000000000	0.0100000000	0.0010000000	10	100	0	0.345851
2260000	-0.4000000000	0.0100000000	0.0010000000	10	100	0	0.345851
2261000	-0.4000000000	0.0100000000	0.0010000000	10	100	0	0.351466
2262000	-0.4000000000	0.0100000000	0.0010000000	10	100	0	0.364568
2263000	-0.4000000000	0.0100000000	0.0010000000	10	100	0	0.384000
2264000	-0.4000000000	0.0100000000	0.0010000000	10	100	0	0.364568
2265000	-0.4000000000	0.0100000000	0.0010000000	10	100	0	0.404148
2266000	-0.4000000000	0.0100000000	0.0010000000	10	100	0	0.384000
2267000	-0.4000000000	0.0100000000	0.0010000000	10	100	0	0.404148
2268000	-0.4000000000	0.0100000000	0.0010000000	10	100	0	0.404148
2269000	-0.4000000000	0.0100000000	0.0010000000	10	100	0	0.404148
2270000	-0.4000000000	0.0100000000	0.0010000000	10	100	0	0.404148
2271000	-0.4000000000	0.0100000000	0.0010000000	10	100	0	0.384000
2272000	-0.4000000000	0.0100000000	0.0010000000	10	100	0	0.364568
2273000	-0.4000000000	0.0100000000	0.0010000000	10	100	0	0.364568
2274000	-0.4000000000	0.0100000000	0.0010000000	10	100	0	0.364568
2275000	-0.4000000000	0.0100000000	0.0010000000	10	100	0	0.364568
2276000	-0.4000000000	0.0100000000	0.0010000000	10	100	0	0.384000
2277000	-0.4000000000	0.0100000000	0.0010000000	10	100	0	0.404148
2278000	-0.4000000000	0.0100000000	0.0010000000	10	100	0	0.404148
2279000	-0.4000000000	0.0100000000	0.0010000000	10	100	0	0.425007
2280000	-0.4000000000	0.0100000000	0.0010000000	10	100	0	0.404148
2281000	-0.4000000000	0.0100000000	0.0010000000	10	100	0	0.404148
2282000	-0.4000000000	0.0100000000	0.0010000000	10	100	0	0.404148
2283000	-0.4000000000	0.0100000000	0.0010000000	10	100	0	0.404148
2284000	-0.4000000000	0.0100000000	0.0010000000	10	100	0	0.384000
2285000	-0.4000000000	0.0100000000	0.0010000000	10	100	0	0.384000
2286000	-0.4000000000	0.0100000000	0.0010000000	10	100	0	0.384000
2287000	-0.4000000000	0.0100000000	0.0010000000	10	100	0	0.384000
2288000	-0.4000000000	0.0100000000	0.0010000000	10	100	0	0.384000
2289000	-0.4000000000	0.0100000000	0.0010000000	10	100	0	0.384000
2290000	-0.4000000000	0.0100000000	0.0010000000	10	100	0	0.364568
2291000	-0.4000000000	0.0100000000	0.0010000000	10	100	0	0.364568
2292000	-0.4000000000	0.0100000000	0.0010000000	10	100	0	0.344050
2293000	-0.4000000000	0.0100000000	0.0010000000	10	100	0	0.364568
2294000	-0.4000000000	0.0100000000	0.0010000000	10	100	0	0.364568
2295000	-0.4000000000	0.0100000000	0.0010000000	10	100	0	0.384000
2296000	-0.4000000000	0.0100000000	0.0010000000	10	100	0	0.345851
2297000	-0.4000000000	0.0100000000	0.0010000000	10	100	0	0.345851
2298000	-0.4000000000	0.0100000000	0.0010000000	10	100	0	0.345851
2299000	-0.4000000000	0.0100000000	0.0010000000	10	100	0	0.331447
2300000	-0.4000000000	0.0100000000	0.0010000000	10	100	0	0.345851
2301000	-0.4000000000	0.0100000000	0.0010000000	10	100	0	0.345851
2302000	-0.4000000000	0.0100000000	0.0010000000	10	100	0	0.345851
2303000	-0.4000000000	0.0100000000	0.0010000000	10	100	0	0.384000
2304000	-0.4000000000	0.0100000000	0.0010000000	10	100	0	0.404148
2305000	-0.4000000000	0.0100000000	0.0010000000	10	100	0	0.404148
2306000	-0.4000000000	0.0100000000	0.0010000000	10	100	0	0.384000
2307000	-0.4000000000	0.0100000000	0.0010000000	10	100	0	0.404148
2308000	-0.4000000000	0.0100000000	0.0010000000	10	100	0	0.404148
2309000	-0.4000000000	0.0100000000	0.0010000000	10	100	0	0.404148
2310000	-0.4000000000	0.0100000000	0.0010000000	10	100	0	0.404148
2311000	-0.4000000000	0.0100000000	0.0010000000	10	100	0	0.404148
2312000	-0.4000000000	0.0100000000	0.0010000000	10	100	0	0.384000
2313000	-0.4000000000	0.0100000000	0.0010000000	10	100	0	0.384000
2314000	-0.4000000000	0.0100000000	0.0010000000	10	100	0	0.425007
2315000	-0.4000000000	0.0100000000	0.0010000000	10	100	0	0.425007
2316000	-0.4000000000	0.0100000000	0.0010000000	10	100	0	0.425007
2317000	-0.4000000000	0.0100000000	0.0010000000	10	100	0	0.404148
2318000	-0.4000000000	0.0100000000	0.0010000000	10	100	0	0.382057
2319000	-0.4000000000	0.0100000000	0.0010000000	10	100	0	0.384000
2320000	-0.4000000000	0.0100000000	0.0010000000	10	100	0	0.384000
2321000	-0.4000000000	0.0100000000	0.0010000000	10	100	0	0.384000
2322000	-0.4000000000	0.0100000000	0.0010000000	10	100	0	0.384000
2323000	-0.4000000000	0.0100000000	0.0010000000	10	100	0	0.327846
2324000	-0.4000000000	0.0100000000	0.0010000000	10	100	0	0.278037
2325000	-0.4000000000	0.0100000000	0.0010000000	10	100	0	0.293948
2326000	-0.4000000000	0.0100000000	0.0010000000	10	100	0	0.327846
2327000	-0.4000000000	0.0100000000	0.0010000000	10	100	0	0.327846
2328000	-0.4000000000	0.0100000000	0.0010000000	10	100	0	0.345851
2329000	-0.4000000000	0.0100000000	0.0010000000	10	100	0	0.345851
2330000	-0.4000000000	0.0100000000	0.0010000000	10	100	0	0.351466
2331000	-0.4000000000	0.0100000000	0.0010000000	10	100	0	0.345851
2332000	-0.4000000000	0.0100000000	0.0010000000	10	100	0	0.345851
2333000	-0.4000000000	0.0100000000	0.0010000000	10	100	0	0.364568
2334000	-0.4000000000	0.0100000000	0.0010000000	10	100	0	0.364568
2335000	-0.4000000000	0.0100000000	0.0010000000	10	100	0	0.345851
2336000	-0.4000000000	0.0100000000	0.0010000000	10	100	0	0.345851
2337000	-0.4000000000	0.0100000000	0.0010000000	10	100	0	0.364568
2338000	-0.4000000000	0.0100000000	0.0010000000	10	100	0	0.362696
2339000	-0.4000000000	0.0100000000	0.0010000000	10	100	0	0.345851
2340000	-0.4000000000	0.0100000000	0.0010000000	10	100	0	0.345851
2341000	-0.4000000000	0.0100000000	0.0010000000	10	100	0	0.345851
2342000	-0.4000000000	0.0100000000	0.0010000000	10	100	0	0.345851
2343000	-0.4000000000	0.0100000000	0.0010000000	10	100	0	0.345851
2344000	-0.4000000000	0.0100000000	0.0010000000	10	100	0	0.310548
2345000	-0.4000000000	0.0100000000	0.0010000000	10	100	0	0.310548
2346000	-0.4000000000	0.0100000000	0.0010000000	10	100	0	0.327846
2347000	-0.4000000000	0.0100000000	0.0010000000	10	100	0	0.327846
2348000	-0.4000000000	0.0100000000	0.0010000000	10	100	0	0.345851
2349000	-0.4000000000	0.0100000000	0.0010000000	10	100	0	0.345851
2350000	-0.4000000000	0.0100000000	0.0010000000	10	100	0	0.327846
2351000	-0.4000000000	0.0100000000	0.0010000000	10	100	0	0.327846
2352000	-0.4000000000	0.0100000000	0.0010000000	10	100	0	0.310548
2353000	-0.4000000000	0.0100000000	0.0010000000	10	100	0	0.327846
2354000	-0.4000000000	0.0100000000	0.0010000000	10	100	0	0.327846
2355000	-0.4000000000	0.0100000000	0.0010000000	10	100	0	0.327846
2356000	-0.4000000000	0.0100000000	0.0010000000	10	100	0	0.345851
2357000	-0.4000000000	0.0100000000	0.0010000000	10	100	0	0.345851
2358000	-0.4000000000	0.0100000000	0.0010000000	10	100	0	0.364568
2359000	-0.4000000000	0.0100000000	0.0010000000	10	100	0	0.364568
2360000	-0.4000000000	0.0100000000	0.0010000000	10	100	0	0.364568
2361000	-0.4000000000	0.0100000000	0.0010000000	10	100	0	0.384000
2362000	-0.4000000000	0.0100000000	0.0010000000	10	100	0	0.384000
2363000	-0.4000000000	0.0100000000	0.0010000000	10	100	0	0.384000
2364000	-0.4000000000	0.0100000000	0.0010000000	10	100	0	0.384000
2365000	-0.4000000000	0.0100000000	0.0010000000	10	100	0	0.345851
2366000	-0.4000000000	0.0100000000	0.0010000000	10	100	0	0.364568
2367000	-0.4000000000	0.0100000000	0.0010000000	10	100	0	0.364568
2368000	-0.4000000000	0.0100000000	0.0010000000	10	100	0	0.327846
2369000	-0.4000000000	0.0100000000	0.0010000000	10	100	0	0.327846
2370000	-0.4000000000	0.0100000000	0.0010000000	10	100	0	0.336848
2371000	-0.4000000000	0.0100000000	0.0010000000	10	100	0	0.345851
2372000	-0.4000000000	0.0100000000	0.0010000000	10	100	0	0.327846
2373000	-0.4000000000	0.0100000000	0.0010000000	10	100	0	0.345851
2374000	-0.4000000000	0.0100000000	0.0010000000	10	100	0	0.364568
2375000	-0.4000000000	0.0100000000	0.0010000000	10	100	0	0.364568
2376000	-0.4000000000	0.0100000000	0.0010000000	10	100	0	0.384000
2377000	-0.4000000000	0.0100000000	0.0010000000	10	100	0	0.384000
2378000	-0.4000000000	0.0100000000	0.0010000000	10	100	0	0.364568
2379000	-0.4000000000	0.0100000000	0.0010000000	10	100	0	0.310548
2380000	-0.4000000000	0.0100000000	0.0010000000	10	100	0	0.310548
2381000	-0.4000000000	0.0100000000	0.0010000000	10	100	0	0.308888
2382000	-0.4000000000	0.0100000000	0.0010000000	10	100	0	0.310548
2383000	-0.4000000000	0.0100000000	0.0010000000	10	100	0	0.310548
2384000	-0.4000000000	0.0100000000	0.0010000000	10	100	0	0.345851
2385000	-0.4000000000	0.0100000000	0.0010000000	10	100	0	0.327846
2386000	-0.4000000000	0.0100000000	0.0010000000	10	100	0	0.327846
2387000	-0.4000000000	0.0100000000	0.0010000000	10	100	0	0.327846
2388000	-0.4000000000	0.0100000000	0.0010000000	10	100	0	0.345851
2389000	-0.4000000000	0.0100000000	0.0010000000	10	100	0	0.345851
2390000	-0.4000000000	0.0100000000	0.0010000000	10	100	0	0.384000
2391000	-0.4000000000	0.0100000000	0.0010000000	10	100	0	0.364568
2392000	-0.4000000000	0.0100000000	0.0010000000	10	100	0	0.364568
2393000	-0.4000000000	0.0100000000	0.0010000000	10	100	0	0.345851
2394000	-0.4000000000	0.0100000000	0.0010000000	10	100	0	0.345851
2395000	-0.4000000000	0.0100000000	0.0010000000	10	100	0	0.327846
2396000	-0.4000000000	0.0100000000	0.0010000000	10	100	0	0.327846
2397000	-0.4000000000	0.0100000000	0.0010000000	10	100	0	0.293948
2398000	-0.4000000000	0.0100000000	0.0010000000	10	100	0	0.278037
2399000	-0.4000000000	0.0100000000	0.0010000000	10	100	0	0.262804
2400000	-0.4000000000	0.0100000000	0.0010000000	10	100	0	0.278037
2401000	-0.4000000000	0.0100000000	0.0010000000	10	100	0	0.293948
2402000	-0.4000000000	0.0100000000	0.0010000000	10	100	0	0.278037
2403000	-0.4000000000	0.0100000000	0.0010000000	10	100	0	0.310548
2404000	-0.4000000000	0.0100000000	0.0010000000	10	100	0	0.293948
2405000	-0.4000000000	0.0100000000	0.0010000000	10	100	0	0.310548
2406000	-0.4000000000	0.0100000000	0.0010000000	10	100	0	0.310548
2407000	-0.4000000000	0.0100000000	0.0010000000	10	100	0	0.282811
2408000	-0.4000000000	0.0100000000	0.0010000000	10	100	0	0.293948
2409000	-0.4000000000	0.0100000000	0.0010000000	10	100	0	0.345851
2410000	-0.4000000000	0.0100000000	0.0010000000	10	100	0	0.345851
2411000	-0.4000000000	0.0100000000	0.0010000000	10	100	0	0.345851
2412000	-0.4000000000	0.0100000000	0.0010000000	10	100	0	0.327846
2413000	-0.4000000000	0.0100000000	0.0010000000	10	100	0	0.384000
2414000	-0.4000000000	0.0100000000	0.0010000000	10	100	0	0.384000
2415000	-0.4000000000	0.0100000000	0.0010000000	10	100	0	0.384000
2416000	-0.4000000000	0.0100000000	0.0010000000	10	100	0	0.384000
2417000	-0.4000000000	0.0100000000	0.0010000000	10	100	0	0.345851
2418000	-0.4000000000	0.0100000000	0.0010000000	10	100	0	0.345851
2419000	-0.4000000000	0.0100000000	0.0010000000	10	100	0	0.327846
2420000	-0.4000000000	0.0100000000	0.0010000000	10	100	0	0.345851
2421000	-0.4000000000	0.0100000000	0.0010000000	10	100	0	0.364568
2422000	-0.4000000000	0.0100000000	0.0010000000	10	100	0	0.364568
2423000	-0.4000000000	0.0100000000	0.0010000000	10	100	0	0.345851
2424000	-0.4000000000	0.0100000000	0.0010000000	10	100	0	0.293948
2425000	-0.4000000000	0.0100000000	0.0010000000	10	100	0	0.293948
2426000	-0.4000000000	0.0100000000	0.0010000000	10	100	0	0.310548
2427000	-0.4000000000	0.0100000000	0.0010000000	10	100	0	0.310548
2428000	-0.4000000000	0.0100000000	0.0010000000	10	100	0	0.310548
2429000	-0.4000000000	0.0100000000	0.0010000000	10	100	0	0.310548
2430000	-0.4000000000	0.0100000000	0.0010000000	10	100	0	0.327846
2431000	-0.4000000000	0.0100000000	0.0010000000	10	100	0	0.307228
2432000	-0.4000000000	0.0100000000	0.0010000000	10	100	0	0.293948
2433000	-0.4000000000	0.0100000000	0.0010000000	10	100	0	0.278037
2434000	-0.4000000000	0.0100000000	0.0010000000	10	100	0	0.278037
2435000	-0.4000000000	0.0100000000	0.0010000000	10	100	0	0.278037
2436000	-0.4000000000	0.0100000000	0.0010000000	10	100	0	0.293948
2437000	-0.4000000000	0.0100000000	0.0010000000	10	100	0	0.293948
2438000	-0.4000000000	0.0100000000	0.0010000000	10	100	0	0.310548
2439000	-0.4000000000	0.0100000000	0.0010000000	10	100	0	0.310548
2440000	-0.4000000000	0.0100000000	0.0010000000	10	100	0	0.327846
2441000	-0.4000000000	0.0100000000	0.0010000000	10	100	0	0.293948
2442000	-0.4000000000	0.0100000000	0.0010000000	10	100	0	0.293948
2443000	-0.4000000000	0.0100000000	0.0010000000	10	100	0	0.293948
2444000	-0.4000000000	0.0100000000	0.0010000000	10	100	0	0.262804
2445000	-0.4000000000	0.0100000000	0.0010000000	10	100	0	0.278037
2446000	-0.4000000000	0.0100000000	0.0010000000	10	100	0	0.278037
2447000	-0.4000000000	0.0100000000	0.0010000000	10	100	0	0.310548
2448000	-0.4000000000	0.0100000000	0.0010000000	10	100	0	0.293948
2449000	-0.4000000000	0.0100000000	0.0010000000	10	100	0	0.262804
2450000	-0.4000000000	0.0100000000	0.0010000000	10	100	0	0.278037
2451000	-0.4000000000	0.0100000000	0.0010000000	10	100	0	0.278037
2452000	-0.4000000000	0.0100000000	0.0010000000	10	100	0	0.310548
2453000	-0.4000000000	0.0100000000	0.0010000000	10	100	0	0.310548
2454000	-0.4000000000	0.0100000000	0.0010000000	10	100	0	0.310548
2455000	-0.4000000000	0.0100000000	0.0010000000	10	100	0	0.327846
2456000	-0.4000000000	0.0100000000	0.0010000000	10	100	0	0.327846
2457000	-0.4000000000	0.0100000000	0.0010000000	10	100	0	0.327846
2458000	-0.4000000000	0.0100000000	0.0010000000	10	100	0	0.327846
2459000	-0.4000000000	0.0100000000	0.0010000000	10	100	0	0.327846
2460000	-0.4000000000	0.0100000000	0.0010000000	10	100	0	0.308888
2461000	-0.4000000000	0.0100000000	0.0010000000	10	100	0	0.310548
2462000	-0.4000000000	0.0100000000	0.0010000000	10	100	0	0.310548
2463000	-0.4000000000	0.0100000000	0.0010000000	10	100	0	0.310548
2464000	-0.4000000000	0.0100000000	0.0010000000	10	100	0	0.345851
2465000	-0.4000000000	0.0100000000	0.0010000000	10	100	0	0.327846
2466000	-0.4000000000	0.0100000000	0.0010000000	10	100	0	0.364568
2467000	-0.4000000000	0.0100000000	0.0010000000	10	100	0	0.345851
2468000	-0.4000000000	0.0100000000	0.0010000000	10	100	0	0.364568
2469000	-0.4000000000	0.0100000000	0.0010000000	10	100	0	0.327846
2470000	-0.4000000000	0.0100000000	0.0010000000	10	100	0	0.310548
2471000	-0.4000000000	0.0100000000	0.0010000000	10	100	0	0.310548
2472000	-0.4000000000	0.0100000000	0.0010000000	10	100	0	0.345851
2473000	-0.4000000000	0.0100000000	0.0010000000	10	100	0	0.384000
2474000	-0.4000000000	0.0100000000	0.0010000000	10	100	0	0.404148
2475000	-0.4000000000	0.0100000000	0.0010000000	10	100	0	0.384000
2476000	-0.4000000000	0.0100000000	0.0010000000	10	100	0	0.364568
2477000	-0.4000000000	0.0100000000	0.0010000000	10	100	0	0.364568
2478000	-0.4000000000	0.0100000000	0.0010000000	10	100	0	0.358953
2479000	-0.4000000000	0.0100000000	0.0010000000	10	100	0	0.404148
2480000	-0.4000000000	0.0100000000	0.0010000000	10	100	0	0.425007
2481000	-0.4000000000	0.0100000000	0.0010000000	10	100	0	0.404148
2482000	-0.4000000000	0.0100000000	0.0010000000	10	100	0	0.364568
2483000	-0.4000000000	0.0100000000	0.0010000000	10	100	0	0.364568
2484000	-0.4000000000	0.0100000000	0.0010000000	10	100	0	0.345851
2485000	-0.4000000000	0.0100000000	0.0010000000	10	100	0	0.345851
2486000	-0.4000000000	0.0100000000	0.0010000000	10	100	0	0.384000
2487000	-0.4000000000	0.0100000000	0.0010000000	10	100	0	0.384000
2488000	-0.4000000000	0.0100000000	0.0010000000	10	100	0	0.384000
2489000	-0.4000000000	0.0100000000	0.0010000000	10	100	0	0.364568
2490000	-0.4000000000	0.0100000000	0.0010000000	10	100	0	0.384000
2491000	-0.4000000000	0.0100000000	0.0010000000	10	100	0	0.384000
2492000	-0.4000000000	0.0100000000	0.0010000000	10	100	0	0.404148
2493000	-0.4000000000	0.0100000000	0.0010000000	10	100	0	0.468830
2494000	-0.4000000000	0.0100000000	0.0010000000	10	100	0	0.464378
2495000	-0.4000000000	0.0100000000	0.0010000000	10	100	0	0.468830
2496000	-0.4000000000	0.0100000000	0.0010000000	10	100	0	0.468830
2497000	-0.4000000000	0.0100000000	0.0010000000	10	100	0	0.468830
2498000	-0.4000000000	0.0100000000	0.0010000000	10	100	0	0.446571
2499000	-0.4000000000	0.0100000000	0.0010000000	10	100	0	0.425007
2500000	-0.4000000000	0.0100000000	0.0010000000	10	100	0	0.425007
2501000	-0.4000000000	0.0100000000	0.0010000000	10	100	0	0.425007
2502000	-0.4000000000	0.0100000000	0.0010000000	10	100	0	0.404148
2503000	-0.4000000000	0.0100000000	0.0010000000	10	100	0	0.404148
2504000	-0.4000000000	0.0100000000	0.0010000000	10	100	0	0.384000
2505000	-0.4000000000	0.0100000000	0.0010000000	10	100	0	0.364568
2506000	-0.4000000000	0.0100000000	0.0010000000	10	100	0	0.364568
2507000	-0.4000000000	0.0100000000	0.0010000000	10	100	0	0.384000
2508000	-0.4000000000	0.0100000000	0.0010000000	10	100	0	0.404148
2509000	-0.4000000000	0.0100000000	0.0010000000	10	100	0	0.404148
2510000	-0.4000000000	0.0100000000	0.0010000000	10	100	0	0.384000
2511000	-0.4000000000	0.0100000000	0.0010000000	10	100	0	0.382057
2512000	-0.4000000000	0.0100000000	0.0010000000	10	100	0	0.384000
2513000	-0.4000000000	0.0100000000	0.0010000000	10	100	0	0.345851
2514000	-0.4000000000	0.0100000000	0.0010000000	10	100	0	0.364568
2515000	-0.4000000000	0.0100000000	0.0010000000	10	100	0	0.345851
2516000	-0.4000000000	0.0100000000	0.0010000000	10	100	0	0.327846
2517000	-0.4000000000	0.0100000000	0.0010000000	10	100	0	0.327846
2518000	-0.4000000000	0.0100000000	0.0010000000	10	100	0	0.327846
2519000	-0.4000000000	0.0100000000	0.0010000000	10	100	0	0.345851
2520000	-0.4000000000	0.0100000000	0.0010000000	10	100	0	0.364568
2521000	-0.4000000000	0.0100000000	0.0010000000	10	100	0	0.384000
2522000	-0.4000000000	0.0100000000	0.0010000000	10	100	0	0.384000
2523000	-0.4000000000	0.0100000000	0.0010000000	10	100	0	0.384000
2524000	-0.4000000000	0.0100000000	0.0010000000	10	100	0	0.364568
2525000	-0.4000000000	0.0100000000	0.0010000000	10	100	0	0.345851
2526000	-0.4000000000	0.0100000000	0.0010000000	10	100	0	0.327846
2527000	-0.4000000000	0.0100000000	0.0010000000	10	100	0	0.344050
2528000	-0.4000000000	0.0100000000	0.0010000000	10	100	0	0.364568
2529000	-0.4000000000	0.0100000000	0.0010000000	10	100	0	0.404148
2530000	-0.4000000000	0.0100000000	0.0010000000	10	100	0	0.404148
2531000	-0.4000000000	0.0100000000	0.0010000000	10	100	0	0.404148
2532000	-0.4000000000	0.0100000000	0.0010000000	10	100	0	0.384000
2533000	-0.4000000000	0.0100000000	0.0010000000	10	100	0	0.384000
2534000	-0.4000000000	0.0100000000	0.0010000000	10	100	0	0.384000
2535000	-0.4000000000	0.0100000000	0.0010000000	10	100	0	0.404148
2536000	-0.4000000000	0.0100000000	0.0010000000	10	100	0	0.404148
2537000	-0.4000000000	0.0100000000	0.0010000000	10	100	0	0.425007
2538000	-0.4000000000	0.0100000000	0.0010000000	10	100	0	0.446571
2539000	-0.4000000000	0.0100000000	0.0010000000	10	100	0	0.425007
2540000	-0.4000000000	0.0100000000	0.0010000000	10	100	0	0.425007
2541000	-0.4000000000	0.0100000000	0.0010000000	10	100	0	0.425007
2542000	-0.4000000000	0.0100000000	0.0010000000	10	100	0	0.446571
2543000	-0.4000000000	0.0100000000	0.0010000000	10	100	0	0.446571
2544000	-0.4000000000	0.0100000000	0.0010000000	10	100	0	0.446571
2545000	-0.4000000000	0.0100000000	0.0010000000	10	100	0	0.446571
2546000	-0.4000000000	0.0100000000	0.0010000000	10	100	0	0.425007
2547000	-0.4000000000	0.0100000000	0.0010000000	10	100	0	0.425007
2548000	-0.4000000000	0.0100000000	0.0010000000	10	100	0	0.425007
2549000	-0.4000000000	0.0100000000	0.0010000000	10	100	0	0.425007
2550000	-0.4000000000	0.0100000000	0.0010000000	10	100	0	0.425007
2551000	-0.4000000000	0.0100000000	0.0010000000	10	100	0	0.429320
2552000	-0.4000000000	0.0100000000	0.0010000000	10	100	0	0.425007
2553000	-0.4000000000	0.0100000000	0.0010000000	10	100	0	0.425007
2554000	-0.4000000000	0.0100000000	0.0010000000	10	100	0	0.491766
2555000	-0.4000000000	0.0100000000	0.0010000000	10	100	0	0.468830
2556000	-0.4000000000	0.0100000000	0.0010000000	10	100	0	0.491766
2557000	-0.4000000000	0.0100000000	0.0010000000	10	100	0	0.491766
2558000	-0.4000000000	0.0100000000	0.0010000000	10	100	0	0.468830
2559000	-0.4000000000	0.0100000000	0.0010000000	10	100	0	0.468830
2560000	-0.4000000000	0.0100000000	0.0010000000	10	100	0	0.468830
2561000	-0.4000000000	0.0100000000	0.0010000000	10	100	0	0.468830
2562000	-0.4000000000	0.0100000000	0.0010000000	10	100	0	0.468830
2563000	-0.4000000000	0.0100000000	0.0010000000	10	100	0	0.446571
2564000	-0.4000000000	0.0100000000	0.0010000000	10	100	0	0.446571
2565000	-0.4000000000	0.0100000000	0.0010000000	10	100	0	0.451023
2566000	-0.4000000000	0.0100000000	0.0010000000	10	100	0	0.425007
2567000	-0.4000000000	0.0100000000	0.0010000000	10	100	0	0.404148
2568000	-0.4000000000	0.0100000000	0.0010000000	10	100	0	0.384000
2569000	-0.4000000000	0.0100000000	0.0010000000	10	100	0	0.364568
2570000	-0.4000000000	0.0100000000	0.0010000000	10	100	0	0.376227
2571000	-0.4000000000	0.0100000000	0.0010000000	10	100	0	0.404148
2572000	-0.4000000000	0.0100000000	0.0010000000	10	100	0	0.404148
2573000	-0.4000000000	0.0100000000	0.0010000000	10	100	0	0.384000
2574000	-0.4000000000	0.0100000000	0.0010000000	10	100	0	0.364568
2575000	-0.4000000000	0.0100000000	0.0010000000	10	100	0	0.362696
2576000	-0.4000000000	0.0100000000	0.0010000000	10	100	0	0.404148
2577000	-0.4000000000	0.0100000000	0.0010000000	10	100	0	0.404148
2578000	-0.4000000000	0.0100000000	0.0010000000	10	100	0	0.384000
2579000	-0.4000000000	0.0100000000	0.0010000000	10	100	0	0.364568
2580000	-0.4000000000	0.0100000000	0.0010000000	10	100	0	0.384000
2581000	-0.4000000000	0.0100000000	0.0010000000	10	100	0	0.364568
2582000	-0.4000000000	0.0100000000	0.0010000000	10	100	0	0.364568
2583000	-0.4000000000	0.0100000000	0.0010000000	10	100	0	0.364568
2584000	-0.4000000000	0.0100000000	0.0010000000	10	100	0	0.364568
2585000	-0.4000000000	0.0100000000	0.0010000000	10	100	0	0.364568
2586000	-0.4000000000	0.0100000000	0.0010000000	10	100	0	0.384000
2587000	-0.4000000000	0.0100000000	0.0010000000	10	100	0	0.404148
2588000	-0.4000000000	0.0100000000	0.0010000000	10	100	0	0.404148
2589000	-0.4000000000	0.0100000000	0.0010000000	10	100	0	0.384000
2590000	-0.4000000000	0.0100000000	0.0010000000	10	100	0	0.384000
2591000	-0.4000000000	0.0100000000	0.0010000000	10	100	0	0.404148
2592000	-0.4000000000	0.0100000000	0.0010000000	10	100	0	0.404148
2593000	-0.4000000000	0.0100000000	0.0010000000	10	100	0	0.384000
2594000	-0.4000000000	0.0100000000	0.0010000000	10	100	0	0.384000
2595000	-0.4000000000	0.0100000000	0.0010000000	10	100	0	0.364568
2596000	-0.4000000000	0.0100000000	0.0010000000	10	100	0	0.364568
2597000	-0.4000000000	0.0100000000	0.0010000000	10	100	0	0.364568
2598000	-0.4000000000	0.0100000000	0.0010000000	10	100	0	0.364568
2599000	-0.4000000000	0.0100000000	0.0010000000	10	100	0	0.384000
2600000	-0.4000000000	0.0100000000	0.0010000000	10	100	0	0.327846
2601000	-0.4000000000	0.0100000000	0.0010000000	10	100	0	0.344050
2602000	-0.4000000000	0.0100000000	0.0010000000	10	100	0	0.364568
2603000	-0.4000000000	0.0100000000	0.0010000000	10	100	0	0.364568
2604000	-0.4000000000	0.0100000000	0.0010000000	10	100	0	0.327846
2605000	-0.4000000000	0.0100000000	0.0010000000	10	100	0	0.364568
2606000	-0.4000000000	0.0100000000	0.0010000000	10	100	0	0.384000
2607000	-0.4000000000	0.0100000000	0.0010000000	10	100	0	0.364568
2608000	-0.4000000000	0.0100000000	0.0010000000	10	100	0	0.364568
2609000	-0.4000000000	0.0100000000	0.0010000000	10	100	0	0.364568
2610000	-0.4000000000	0.0100000000	0.0010000000	10	100	0	0.364568
2611000	-0.4000000000	0.0100000000	0.0010000000	10	100	0	0.364568
2612000	-0.4000000000	0.0100000000	0.0010000000	10	100	0	0.327846
2613000	-0.4000000000	0.0100000000	0.0010000000	10	100	0	0.327846
2614000	-0.4000000000	0.0100000000	0.0010000000	10	100	0	0.326116
2615000	-0.4000000000	0.0100000000	0.0010000000	10	100	0	0.364568
2616000	-0.4000000000	0.0100000000	0.0010000000	10	100	0	0.384000
2617000	-0.4000000000	0.0100000000	0.0010000000	10	100	0	0.425007
2618000	-0.4000000000	0.0100000000	0.0010000000	10	100	0	0.446571
2619000	-0.4000000000	0.0100000000	0.0010000000	10	100	0	0.425007
2620000	-0.4000000000	0.0100000000	0.0010000000	10	100	0	0.446571
2621000	-0.4000000000	0.0100000000	0.0010000000	10	100	0	0.446571
2622000	-0.4000000000	0.0100000000	0.0010000000	10	100	0	0.491766
2623000	-0.4000000000	0.0100000000	0.0010000000	10	100	0	0.425007
2624000	-0.4000000000	0.0100000000	0.0010000000	10	100	0	0.446571
2625000	-0.4000000000	0.0100000000	0.0010000000	10	100	0	0.446571
2626000	-0.4000000000	0.0100000000	0.0010000000	10	100	0	0.404148
2627000	-0.4000000000	0.0100000000	0.0010000000	10	100	0	0.404148
2628000	-0.4000000000	0.0100000000	0.0010000000	10	100	0	0.404148
2629000	-0.4000000000	0.0100000000	0.0010000000	10	100	0	0.404148
2630000	-0.4000000000	0.0100000000	0.0010000000	10	100	0	0.404148
2631000	-0.4000000000	0.0100000000	0.0010000000	10	100	0	0.404148
2632000	-0.4000000000	0.0100000000	0.0010000000	10	100	0	0.404148
2633000	-0.4000000000	0.0100000000	0.0010000000	10	100	0	0.420835
2634000	-0.4000000000	0.0100000000	0.0010000000	10	100	0	0.425007
2635000	-0.4000000000	0.0100000000	0.0010000000	10	100	0	0.425007
2636000	-0.4000000000	0.0100000000	0.0010000000	10	100	0	0.404148
2637000	-0.4000000000	0.0100000000	0.0010000000	10	100	0	0.384000
2638000	-0.4000000000	0.0100000000	0.0010000000	10	100	0	0.386015
2639000	-0.4000000000	0.0100000000	0.0010000000	10	100	0	0.384000
2640000	-0.4000000000	0.0100000000	0.0010000000	10	100	0	0.384000
2641000	-0.4000000000	0.0100000000	0.0010000000	10	100	0	0.404148
2642000	-0.4000000000	0.0100000000	0.0010000000	10	100	0	0.404148
2643000	-0.4000000000	0.0100000000	0.0010000000	10	100	0	0.404148
2644000	-0.4000000000	0.0100000000	0.0010000000	10	100	0	0.425007
2645000	-0.4000000000	0.0100000000	0.0010000000	10	100	0	0.425007
2646000	-0.4000000000	0.0100000000	0.0010000000	10	100	0	0.400118
2647000	-0.4000000000	0.0100000000	0.0010000000	10	100	0	0.446571
2648000	-0.4000000000	0.0100000000	0.0010000000	10	100	0	0.446571
2649000	-0.4000000000	0.0100000000	0.0010000000	10	100	0	0.414578
2650000	-0.4000000000	0.0100000000	0.0010000000	10	100	0	0.404148
2651000	-0.4000000000	0.0100000000	0.0010000000	10	100	0	0.425007
2652000	-0.4000000000	0.0100000000	0.0010000000	10	100	0	0.404148
2653000	-0.4000000000	0.0100000000	0.0010000000	10	100	0	0.384000
2654000	-0.4000000000	0.0100000000	0.0010000000	10	100	0	0.404148
2655000	-0.4000000000	0.0100000000	0.0010000000	10	100	0	0.384000
2656000	-0.4000000000	0.0100000000	0.0010000000	10	100	0	0.384000
2657000	-0.4000000000	0.0100000000	0.0010000000	10	100	0	0.364568
2658000	-0.4000000000	0.0100000000	0.0010000000	10	100	0	0.364568
2659000	-0.4000000000	0.0100000000	0.0010000000	10	100	0	0.364568
2660000	-0.4000000000	0.0100000000	0.0010000000	10	100	0	0.364568
2661000	-0.4000000000	0.0100000000	0.0010000000	10	100	0	0.384000
2662000	-0.4000000000	0.0100000000	0.0010000000	10	100	0	0.345851
2663000	-0.4000000000	0.0100000000	0.0010000000	10	100	0	0.345851
2664000	-0.4000000000	0.0100000000	0.0010000000	10	100	0	0.345851
2665000	-0.4000000000	0.0100000000	0.0010000000	10	100	0	0.310548
2666000	-0.4000000000	0.0100000000	0.0010000000	10	100	0	0.293948
2667000	-0.4000000000	0.0100000000	0.0010000000	10	100	0	0.310548
2668000	-0.4000000000	0.0100000000	0.0010000000	10	100	0	0.310548
2669000	-0.4000000000	0.0100000000	0.0010000000	10	100	0	0.293948
2670000	-0.4000000000	0.0100000000	0.0010000000	10	100	0	0.293948
2671000	-0.4000000000	0.0100000000	0.0010000000	10	100	0	0.293948
2672000	-0.4000000000	0.0100000000	0.0010000000	10	100	0	0.327846
2673000	-0.4000000000	0.0100000000	0.0010000000	10	100	0	0.293948
2674000	-0.4000000000	0.0100000000	0.0010000000	10	100	0	0.278037
2675000	-0.4000000000	0.0100000000	0.0010000000	10	100	0	0.278037
2676000	-0.4000000000	0.0100000000	0.0010000000	10	100	0	0.310548
2677000	-0.4000000000	0.0100000000	0.0010000000	10	100	0	0.310548
2678000	-0.4000000000	0.0100000000	0.0010000000	10	100	0	0.310548
2679000	-0.4000000000	0.0100000000	0.0010000000	10	100	0	0.293948
2680000	-0.4000000000	0.0100000000	0.0010000000	10	100	0	0.278037
2681000	-0.4000000000	0.0100000000	0.0010000000	10	100	0	0.262804
2682000	-0.4000000000	0.0100000000	0.0010000000	10	100	0	0.262804
2683000	-0.4000000000	0.0100000000	0.0010000000	10	100	0	0.248234
2684000	-0.4000000000	0.0100000000	0.0010000000	10	100	0	0.262804
2685000	-0.4000000000	0.0100000000	0.0010000000	10	100	0	0.278037
2686000	-0.4000000000	0.0100000000	0.0010000000	10	100	0	0.262804
2687000	-0.4000000000	0.0100000000	0.0010000000	10	100	0	0.262804
2688000	-0.4000000000	0.0100000000	0.0010000000	10	100	0	0.262804
2689000	-0.4000000000	0.0100000000	0.0010000000	10	100	0	0.234314
2690000	-0.4000000000	0.0100000000	0.0010000000	10	100	0	0.234314
2691000	-0.4000000000	0.0100000000	0.0010000000	10	100	0	0.234314
2692000	-0.4000000000	0.0100000000	0.0010000000	10	100	0	0.248234
2693000	-0.4000000000	0.0100000000	0.0010000000	10	100	0	0.248234
2694000	-0.4000000000	0.0100000000	0.0010000000	10	100	0	0.234314
2695000	-0.4000000000	0.0100000000	0.0010000000	10	100	0	0.234314
2696000	-0.4000000000	0.0100000000	0.0010000000	10	100	0	0.261347
2697000	-0.4000000000	0.0100000000	0.0010000000	10	100	0	0.262804
2698000	-0.4000000000	0.0100000000	0.0010000000	10	100	0	0.248234
2699000	-0.4000000000	0.0100000000	0.0010000000	10	100	0	0.248234
2700000	-0.4000000000	0.0100000000	0.0010000000	10	100	0	0.248234
2701000	-0.4000000000	0.0100000000	0.0010000000	10	100	0	0.262804
2702000	-0.4000000000	0.0100000000	0.0010000000	10	100	0	0.278037
2703000	-0.4000000000	0.0100000000	0.0010000000	10	100	0	0.278037
2704000	-0.4000000000	0.0100000000	0.0010000000	10	100	0	0.278037
2705000	-0.4000000000	0.0100000000	0.0010000000	10	100	0	0.278037
2706000	-0.4000000000	0.0100000000	0.0010000000	10	100	0	0.262804
2707000	-0.4000000000	0.0100000000	0.0010000000	10	100	0	0.262804
2708000	-0.4000000000	0.0100000000	0.0010000000	10	100	0	0.262804
2709000	-0.4000000000	0.0100000000	0.0010000000	10	100	0	0.261347
2710000	-0.4000000000	0.0100000000	0.0010000000	10	100	0	0.262804
2711000	-0.4000000000	0.0100000000	0.0010000000	10	100	0	0.262804
2712000	-0.4000000000	0.0100000000	0.0010000000	10	100	0	0.278037
2713000	-0.4000000000	0.0100000000	0.0010000000	10	100	0	0.293948
2714000	-0.4000000000	0.0100000000	0.0010000000	10	100	0	0.278037
2715000	-0.4000000000	0.0100000000	0.0010000000	10	100	0	0.262804
2716000	-0.4000000000	0.0100000000	0.0010000000	10	100	0	0.248234
2717000	-0.4000000000	0.0100000000	0.0010000000	10	100	0	0.248234
2718000	-0.4000000000	0.0100000000	0.0010000000	10	100	0	0.248234
2719000	-0.4000000000	0.0100000000	0.0010000000	10	100	0	0.262804
2720000	-0.4000000000	0.0100000000	0.0010000000	10	100	0	0.262804
2721000	-0.4000000000	0.0100000000	0.0010000000	10	100	0	0.278037
2722000	-0.4000000000	0.0100000000	0.0010000000	10	100	0	0.262804
2723000	-0.4000000000	0.0100000000	0.0010000000	10	100	0	0.278037
2724000	-0.4000000000	0.0100000000	0.0010000000	10	100	0	0.278037
2725000	-0.4000000000	0.0100000000	0.0010000000	10	100	0	0.278037
2726000	-0.4000000000	0.0100000000	0.0010000000	10	100	0	0.293948
2727000	-0.4000000000	0.0100000000	0.0010000000	10	100	0	0.293948
2728000	-0.4000000000	0.0100000000	0.0010000000	10	100	0	0.293948
2729000	-0.4000000000	0.0100000000	0.0010000000	10	100	0	0.293948
2730000	-0.4000000000	0.0100000000	0.0010000000	10	100	0	0.278037
2731000	-0.4000000000	0.0100000000	0.0010000000	10	100	0	0.293948
2732000	-0.4000000000	0.0100000000	0.0010000000	10	100	0	0.302248
2733000	-0.4000000000	0.0100000000	0.0010000000	10	100	0	0.327846
2734000	-0.4000000000	0.0100000000	0.0010000000	10	100	0	0.345851
2735000	-0.4000000000	0.0100000000	0.0010000000	10	100	0	0.364568
2736000	-0.4000000000	0.0100000000	0.0010000000	10	100	0	0.364568
2737000	-0.4000000000	0.0100000000	0.0010000000	10	100	0	0.364568
2738000	-0.4000000000	0.0100000000	0.0010000000	10	100	0	0.384000
2739000	-0.4000000000	0.0100000000	0.0010000000	10	100	0	0.384000
2740000	-0.4000000000	0.0100000000	0.0010000000	10	100	0	0.384000
2741000	-0.4000000000	0.0100000000	0.0010000000	10	100	0	0.404148
2742000	-0.4000000000	0.0100000000	0.0010000000	10	100	0	0.425007
2743000	-0.4000000000	0.0100000000	0.0010000000	10	100	0	0.446571
2744000	-0.4000000000	0.0100000000	0.0010000000	10	100	0	0.446571
2745000	-0.4000000000	0.0100000000	0.0010000000	10	100	0	0.446571
2746000	-0.4000000000	0.0100000000	0.0010000000	10	100	0	0.446571
2747000	-0.4000000000	0.0100000000	0.0010000000	10	100	0	0.446571
2748000	-0.4000000000	0.0100000000	0.0010000000	10	100	0	0.468830
2749000	-0.4000000000	0.0100000000	0.0010000000	10	100	0	0.491766
2750000	-0.4000000000	0.0100000000	0.0010000000	10	100	0	0.468830
2751000	-0.4000000000	0.0100000000	0.0010000000	10	100	0	0.491766
2752000	-0.4000000000	0.0100000000	0.0010000000	10	100	0	0.468830
2753000	-0.4000000000	0.0100000000	0.0010000000	10	100	0	0.468830
2754000	-0.4000000000	0.0100000000	0.0010000000	10	100	0	0.468830
2755000	-0.4000000000	0.0100000000	0.0010000000	10	100	0	0.425007
2756000	-0.4000000000	0.0100000000	0.0010000000	10	100	0	0.425007
2757000	-0.4000000000	0.0100000000	0.0010000000	10	100	0	0.446571
2758000	-0.4000000000	0.0100000000	0.0010000000	10	100	0	0.444415
2759000	-0.4000000000	0.0100000000	0.0010000000	10	100	0	0.425007
2760000	-0.4000000000	0.0100000000	0.0010000000	10	100	0	0.425007
2761000	-0.4000000000	0.0100000000	0.0010000000	10	100	0	0.422921
2762000	-0.4000000000	0.0100000000	0.0010000000	10	100	0	0.425007
2763000	-0.4000000000	0.0100000000	0.0010000000	10	100	0	0.468830
2764000	-0.4000000000	0.0100000000	0.0010000000	10	100	0	0.468830
2765000	-0.4000000000	0.0100000000	0.0010000000	10	100	0	0.446571
2766000	-0.4000000000	0.0100000000	0.0010000000	10	100	0	0.446571
2767000	-0.4000000000	0.0100000000	0.0010000000	10	100	0	0.425007
2768000	-0.4000000000	0.0100000000	0.0010000000	10	100	0	0.425007
2769000	-0.4000000000	0.0100000000	0.0010000000	10	100	0	0.446571
2770000	-0.4000000000	0.0100000000	0.0010000000	10	100	0	0.446571
2771000	-0.4000000000	0.0100000000	0.0010000000	10	100	0	0.446571
2772000	-0.4000000000	0.0100000000	0.0010000000	10	100	0	0.446571
2773000	-0.4000000000	0.0100000000	0.0010000000	10	100	0	0.425007
2774000	-0.4000000000	0.0100000000	0.0010000000	10	100	0	0.425007
2775000	-0.4000000000	0.0100000000	0.0010000000	10	100	0	0.404148
2776000	-0.4000000000	0.0100000000	0.0010000000	10	100	0	0.384000
2777000	-0.4000000000	0.0100000000	0.0010000000	10	100	0	0.364568
2778000	-0.4000000000	0.0100000000	0.0010000000	10	100	0	0.364568
2779000	-0.4000000000	0.0100000000	0.0010000000	10	100	0	0.364568
2780000	-0.4000000000	0.0100000000	0.0010000000	10	100	0	0.384000
2781000	-0.4000000000	0.0100000000	0.0010000000	10	100	0	0.364568
2782000	-0.4000000000	0.0100000000	0.0010000000	10	100	0	0.384000
2783000	-0.4000000000	0.0100000000	0.0010000000	10	100	0	0.364568
2784000	-0.4000000000	0.0100000000	0.0010000000	10	100	0	0.364568
2785000	-0.4000000000	0.0100000000	0.0010000000	10	100	0	0.364568
2786000	-0.4000000000	0.0100000000	0.0010000000	10	100	0	0.364568
2787000	-0.4000000000	0.0100000000	0.0010000000	10	100	0	0.364568
2788000	-0.4000000000	0.0100000000	0.0010000000	10	100	0	0.384000
2789000	-0.4000000000	0.0100000000	0.0010000000	10	100	0	0.412492
2790000	-0.4000000000	0.0100000000	0.0010000000	10	100	0	0.425007
2791000	-0.4000000000	0.0100000000	0.0010000000	10	100	0	0.404148
2792000	-0.4000000000	0.0100000000	0.0010000000	10	100	0	0.425007
2793000	-0.4000000000	0.0100000000	0.0010000000	10	100	0	0.446571
2794000	-0.4000000000	0.0100000000	0.0010000000	10	100	0	0.446571
2795000	-0.4000000000	0.0100000000	0.0010000000	10	100	0	0.468830
2796000	-0.4000000000	0.0100000000	0.0010000000	10	100	0	0.446571
2797000	-0.4000000000	0.0100000000	0.0010000000	10	100	0	0.446571
2798000	-0.4000000000	0.0100000000	0.0010000000	10	100	0	0.404148
2799000	-0.4000000000	0.0100000000	0.0010000000	10	100	0	0.425007
2800000	-0.4000000000	0.0100000000	0.0010000000	10	100	0	0.425007
2801000	-0.4000000000	0.0100000000	0.0010000000	10	100	0	0.384000
2802000	-0.4000000000	0.0100000000	0.0010000000	10	100	0	0.364568
2803000	-0.4000000000	0.0100000000	0.0010000000	10	100	0	0.342250
2804000	-0.4000000000	0.0100000000	0.0010000000	10	100	0	0.364568
2805000	-0.4000000000	0.0100000000	0.0010000000	10	100	0	0.345851
2806000	-0.4000000000	0.0100000000	0.0010000000	10	100	0	0.345851
2807000	-0.4000000000	0.0100000000	0.0010000000	10	100	0	0.345851
2808000	-0.4000000000	0.0100000000	0.0010000000	10	100	0	0.345851
2809000	-0.4000000000	0.0100000000	0.0010000000	10	100	0	0.364568
2810000	-0.4000000000	0.0100000000	0.0010000000	10	100	0	0.364568
2811000	-0.4000000000	0.0100000000	0.0010000000	10	100	0	0.327846
2812000	-0.4000000000	0.0100000000	0.0010000000	10	100	0	0.327846
2813000	-0.4000000000	0.0100000000	0.0010000000	10	100	0	0.303908
2814000	-0.4000000000	0.0100000000	0.0010000000	10	100	0	0.310548
2815000	-0.4000000000	0.0100000000	0.0010000000	10	100	0	0.327846
2816000	-0.4000000000	0.0100000000	0.0010000000	10	100	0	0.364568
2817000	-0.4000000000	0.0100000000	0.0010000000	10	100	0	0.364568
2818000	-0.4000000000	0.0100000000	0.0010000000	10	100	0	0.364568
2819000	-0.4000000000	0.0100000000	0.0010000000	10	100	0	0.364568
2820000	-0.4000000000	0.0100000000	0.0010000000	10	100	0	0.345851
2821000	-0.4000000000	0.0100000000	0.0010000000	10	100	0	0.345851
2822000	-0.4000000000	0.0100000000	0.0010000000	10	100	0	0.345851
2823000	-0.4000000000	0.0100000000	0.0010000000	10	100	0	0.345851
2824000	-0.4000000000	0.0100000000	0.0010000000	10	100	0	0.327846
2825000	-0.4000000000	0.0100000000	0.0010000000	10	100	0	0.345851
2826000	-0.4000000000	0.0100000000	0.0010000000	10	100	0	0.364568
2827000	-0.4000000000	0.0100000000	0.0010000000	10	100	0	0.364568
2828000	-0.4000000000	0.0100000000	0.0010000000	10	100	0	0.364568
2829000	-0.4000000000	0.0100000000	0.0010000000	10	100	0	0.384000
2830000	-0.4000000000	0.0100000000	0.0010000000	10	100	0	0.404148
2831000	-0.4000000000	0.0100000000	0.0010000000	10	100	0	0.402133
2832000	-0.4000000000	0.0100000000	0.0010000000	10	100	0	0.404148
2833000	-0.4000000000	0.0100000000	0.0010000000	10	100	0	0.404148
2834000	-0.4000000000	0.0100000000	0.0010000000	10	100	0	0.404148
2835000	-0.4000000000	0.0100000000	0.0010000000	10	100	0	0.364568
2836000	-0.4000000000	0.0100000000	0.0010000000	10	100	0	0.384000
2837000	-0.4000000000	0.0100000000	0.0010000000	10	100	0	0.404148
2838000	-0.4000000000	0.0100000000	0.0010000000	10	100	0	0.404148
2839000	-0.4000000000	0.0100000000	0.0010000000	10	100	0	0.404148
2840000	-0.4000000000	0.0100000000	0.0010000000	10	100	0	0.384000
2841000	-0.4000000000	0.0100000000	0.0010000000	10	100	0	0.384000
2842000	-0.4000000000	0.0100000000	0.0010000000	10	100	0	0.384000
2843000	-0.4000000000	0.0100000000	0.0010000000	10	100	0	0.384000
2844000	-0.4000000000	0.0100000000	0.0010000000	10	100	0	0.364568
2845000	-0.4000000000	0.0100000000	0.0010000000	10	100	0	0.364568
2846000	-0.4000000000	0.0100000000	0.0010000000	10	100	0	0.364568
2847000	-0.4000000000	0.0100000000	0.0010000000	10	100	0	0.364568
2848000	-0.4000000000	0.0100000000	0.0010000000	10	100	0	0.384000
2849000	-0.4000000000	0.0100000000	0.0010000000	10	100	0	0.384000
2850000	-0.4000000000	0.0100000000	0.0010000000	10	100	0	0.384000
2851000	-0.4000000000	0.0100000000	0.0010000000	10	100	0	0.384000
2852000	-0.4000000000	0.0100000000	0.0010000000	10	100	0	0.404148
2853000	-0.4000000000	0.0100000000	0.0010000000	10	100	0	0.384000
2854000	-0.4000000000	0.0100000000	0.0010000000	10	100	0	0.345851
2855000	-0.4000000000	0.0100000000	0.0010000000	10	100	0	0.327846
2856000	-0.4000000000	0.0100000000	0.0010000000	10	100	0	0.327846
2857000	-0.4000000000	0.0100000000	0.0010000000	10	100	0	0.345851
2858000	-0.4000000000	0.0100000000	0.0010000000	10	100	0	0.310548
2859000	-0.4000000000	0.0100000000	0.0010000000	10	100	0	0.327846
2860000	-0.4000000000	0.0100000000	0.0010000000	10	100	0	0.310548
2861000	-0.4000000000	0.0100000000	0.0010000000	10	100	0	0.327846
2862000	-0.4000000000	0.0100000000	0.0010000000	10	100	0	0.345851
2863000	-0.4000000000	0.0100000000	0.0010000000	10	100	0	0.345851
2864000	-0.4000000000	0.0100000000	0.0010000000	10	100	0	0.345851
2865000	-0.4000000000	0.0100000000	0.0010000000	10	100	0	0.364568
2866000	-0.4000000000	0.0100000000	0.0010000000	10	100	0	0.384000
2867000	-0.4000000000	0.0100000000	0.0010000000	10	100	0	0.364568
2868000	-0.4000000000	0.0100000000	0.0010000000	10	100	0	0.364568
2869000	-0.4000000000	0.0100000000	0.0010000000	10	100	0	0.384000
2870000	-0.4000000000	0.0100000000	0.0010000000	10	100	0	0.384000
2871000	-0.4000000000	0.0100000000	0.0010000000	10	100	0	0.364568
2872000	-0.4000000000	0.0100000000	0.0010000000	10	100	0	0.384000
2873000	-0.4000000000	0.0100000000	0.0010000000	10	100	0	0.404148
2874000	-0.4000000000	0.0100000000	0.0010000000	10	100	0	0.404148
2875000	-0.4000000000	0.0100000000	0.0010000000	10	100	0	0.384000
2876000	-0.4000000000	0.0100000000	0.0010000000	10	100	0	0.384000
2877000	-0.4000000000	0.0100000000	0.0010000000	10	100	0	0.404148
2878000	-0.4000000000	0.0100000000	0.0010000000	10	100	0	0.425007
2879000	-0.4000000000	0.0100000000	0.0010000000	10	100	0	0.425007
2880000	-0.4000000000	0.0100000000	0.0010000000	10	100	0	0.425007
2881000	-0.4000000000	0.0100000000	0.0010000000	10	100	0	0.425007
2882000	-0.4000000000	0.0100000000	0.0010000000	10	100	0	0.425007
2883000	-0.4000000000	0.0100000000	0.0010000000	10	100	0	0.446571
2884000	-0.4000000000	0.0100000000	0.0010000000	10	100	0	0.468830
2885000	-0.4000000000	0.0100000000	0.0010000000	10	100	0	0.468830
2886000	-0.4000000000	0.0100000000	0.0010000000	10	100	0	0.468830
2887000	-0.4000000000	0.0100000000	0.0010000000	10	100	0	0.491766
2888000	-0.4000000000	0.0100000000	0.0010000000	10	100	0	0.491766
2889000	-0.4000000000	0.0100000000	0.0010000000	10	100	0	0.446571
2890000	-0.4000000000	0.0100000000	0.0010000000	10	100	0	0.468830
2891000	-0.4000000000	0.0100000000	0.0010000000	10	100	0	0.468830
2892000	-0.4000000000	0.0100000000	0.0010000000	10	100	0	0.446571
2893000	-0.4000000000	0.0100000000	0.0010000000	10	100	0	0.446571
2894000	-0.4000000000	0.0100000000	0.0010000000	10	100	0	0.446571
2895000	-0.4000000000	0.0100000000	0.0010000000	10	100	0	0.468830
2896000	-0.4000000000	0.0100000000	0.0010000000	10	100	0	0.491766
2897000	-0.4000000000	0.0100000000	0.0010000000	10	100	0	0.491766
2898000	-0.4000000000	0.0100000000	0.0010000000	10	100	0	0.491766
2899000	-0.4000000000	0.0100000000	0.0010000000	10	100	0	0.515359
2900000	-0.4000000000	0.0100000000	0.0010000000	10	100	0	0.539584
2901000	-0.4000000000	0.0100000000	0.0010000000	10	100	0	0.491766
2902000	-0.4000000000	0.0100000000	0.0010000000	10	100	0	0.468830
2903000	-0.4000000000	0.0100000000	0.0010000000	10	100	0	0.446571
2904000	-0.4000000000	0.0100000000	0.0010000000	10	100	0	0.446571
2905000	-0.4000000000	0.0100000000	0.0010000000	10	100	0	0.425007
2906000	-0.4000000000	0.0100000000	0.0010000000	10	100	0	0.425007
2907000	-0.4000000000	0.0100000000	0.0010000000	10	100	0	0.425007
2908000	-0.4000000000	0.0100000000	0.0010000000	10	100	0	0.425007
2909000	-0.4000000000	0.0100000000	0.0010000000	10	100	0	0.425007
2910000	-0.4000000000	0.0100000000	0.0010000000	10	100	0	0.404148
2911000	-0.4000000000	0.0100000000	0.0010000000	10	100	0	0.384000
2912000	-0.4000000000	0.0100000000	0.0010000000	10	100	0	0.384000
2913000	-0.4000000000	0.0100000000	0.0010000000	10	100	0	0.384000
2914000	-0.4000000000	0.0100000000	0.0010000000	10	100	0	0.364568
2915000	-0.4000000000	0.0100000000	0.0010000000	10	100	0	0.384000
2916000	-0.4000000000	0.0100000000	0.0010000000	10	100	0	0.364568
2917000	-0.4000000000	0.0100000000	0.0010000000	10	100	0	0.364568
2918000	-0.4000000000	0.0100000000	0.0010000000	10	100	0	0.364568
2919000	-0.4000000000	0.0100000000	0.0010000000	10	100	0	0.364568
2920000	-0.4000000000	0.0100000000	0.0010000000	10	100	0	0.364568
2921000	-0.4000000000	0.0100000000	0.0010000000	10	100	0	0.364568
2922000	-0.4000000000	0.0100000000	0.0010000000	10	100	0	0.384000
2923000	-0.4000000000	0.0100000000	0.0010000000	10	100	0	0.384000
2924000	-0.4000000000	0.0100000000	0.0010000000	10	100	0	0.384000
2925000	-0.4000000000	0.0100000000	0.0010000000	10	100	0	0.404148
2926000	-0.4000000000	0.0100000000	0.0010000000	10	100	0	0.384000
2927000	-0.4000000000	0.0100000000	0.0010000000	10	100	0	0.364568
2928000	-0.4000000000	0.0100000000	0.0010000000	10	100	0	0.364568
2929000	-0.4000000000	0.0100000000	0.0010000000	10	100	0	0.364568
2930000	-0.4000000000	0.0100000000	0.0010000000	10	100	0	0.345851
2931000	-0.4000000000	0.0100000000	0.0010000000	10	100	0	0.345851
2932000	-0.4000000000	0.0100000000	0.0010000000	10	100	0	0.327846
2933000	-0.4000000000	0.0100000000	0.0010000000	10	100	0	0.293948
2934000	-0.4000000000	0.0100000000	0.0010000000	10	100	0	0.364568
2935000	-0.4000000000	0.0100000000	0.0010000000	10	100	0	0.384000
2936000	-0.4000000000	0.0100000000	0.0010000000	10	100	0	0.384000
2937000	-0.4000000000	0.0100000000	0.0010000000	10	100	0	0.384000
2938000	-0.4000000000	0.0100000000	0.0010000000	10	100	0	0.384000
2939000	-0.4000000000	0.0100000000	0.0010000000	10	100	0	0.384000
2940000	-0.4000000000	0.0100000000	0.0010000000	10	100	0	0.364568
2941000	-0.4000000000	0.0100000000	0.0010000000	10	100	0	0.364568
2942000	-0.4000000000	0.0100000000	0.0010000000	10	100	0	0.364568
2943000	-0.4000000000	0.0100000000	0.0010000000	10	100	0	0.364568
2944000	-0.4000000000	0.0100000000	0.0010000000	10	100	0	0.364568
2945000	-0.4000000000	0.0100000000	0.0010000000	10	100	0	0.364568
2946000	-0.4000000000	0.0100000000	0.0010000000	10	100	0	0.364568
2947000	-0.4000000000	0.0100000000	0.0010000000	10	100	0	0.364568
2948000	-0.4000000000	0.0100000000	0.0010000000	10	100	0	0.364568
2949000	-0.4000000000	0.0100000000	0.0010000000	10	100	0	0.364568
2950000	-0.4000000000	0.0100000000	0.0010000000	10	100	0	0.345851
2951000	-0.4000000000	0.0100000000	0.0010000000	10	100	0	0.345851
2952000	-0.4000000000	0.0100000000	0.0010000000	10	100	0	0.349594
2953000	-0.4000000000	0.0100000000	0.0010000000	10	100	0	0.364568
2954000	-0.4000000000	0.0100000000	0.0010000000	10	100	0	0.345851
2955000	-0.4000000000	0.0100000000	0.0010000000	10	100	0	0.345851
2956000	-0.4000000000	0.0100000000	0.0010000000	10	100	0	0.345851
2957000	-0.4000000000	0.0100000000	0.0010000000	10	100	0	0.293948
2958000	-0.4000000000	0.0100000000	0.0010000000	10	100	0	0.278037
2959000	-0.4000000000	0.0100000000	0.0010000000	10	100	0	0.293948
2960000	-0.4000000000	0.0100000000	0.0010000000	10	100	0	0.278037
2961000	-0.4000000000	0.0100000000	0.0010000000	10	100	0	0.262804
2962000	-0.4000000000	0.0100000000	0.0010000000	10	100	0	0.278037
2963000	-0.4000000000	0.0100000000	0.0010000000	10	100	0	0.278037
2964000	-0.4000000000	0.0100000000	0.0010000000	10	100	0	0.293948
2965000	-0.4000000000	0.0100000000	0.0010000000	10	100	0	0.327846
2966000	-0.4000000000	0.0100000000	0.0010000000	10	100	0	0.310548
2967000	-0.4000000000	0.0100000000	0.0010000000	10	100	0	0.293948
2968000	-0.4000000000	0.0100000000	0.0010000000	10	100	0	0.310548
2969000	-0.4000000000	0.0100000000	0.0010000000	10	100	0	0.310548
2970000	-0.4000000000	0.0100000000	0.0010000000	10	100	0	0.310548
2971000	-0.4000000000	0.0100000000	0.0010000000	10	100	0	0.310548
2972000	-0.4000000000	0.0100000000	0.0010000000	10	100	0	0.310548
2973000	-0.4000000000	0.0100000000	0.0010000000	10	100	0	0.327846
2974000	-0.4000000000	0.0100000000	0.0010000000	10	100	0	0.327846
2975000	-0.4000000000	0.0100000000	0.0010000000	10	100	0	0.327846
2976000	-0.4000000000	0.0100000000	0.0010000000	10	100	0	0.327846
2977000	-0.4000000000	0.0100000000	0.0010000000	10	100	0	0.345851
2978000	-0.4000000000	0.0100000000	0.0010000000	10	100	0	0.345851
2979000	-0.4000000000	0.0100000000	0.0010000000	10	100	0	0.345851
2980000	-0.4000000000	0.0100000000	0.0010000000	10	100	0	0.345851
2981000	-0.4000000000	0.0100000000	0.0010000000	10	100	0	0.345851
2982000	-0.4000000000	0.0100000000	0.0010000000	10	100	0	0.327846
2983000	-0.4000000000	0.0100000000	0.0010000000	10	100	0	0.310548
2984000	-0.4000000000	0.0100000000	0.0010000000	10	100	0	0.310548
2985000	-0.4000000000	0.0100000000	0.0010000000	10	100	0	0.310548
2986000	-0.4000000000	0.0100000000	0.0010000000	10	100	0	0.293948
2987000	-0.4000000000	0.0100000000	0.0010000000	10	100	0	0.293948
2988000	-0.4000000000	0.0100000000	0.0010000000	10	100	0	0.278037
2989000	-0.4000000000	0.0100000000	0.0010000000	10	100	0	0.278037
2990000	-0.4000000000	0.0100000000	0.0010000000	10	100	0	0.278037
2991000	-0.4000000000	0.0100000000	0.0010000000	10	100	0	0.262804
2992000	-0.4000000000	0.0100000000	0.0010000000	10	100	0	0.262804
2993000	-0.4000000000	0.0100000000	0.0010000000	10	100	0	0.234314
2994000	-0.4000000000	0.0100000000	0.0010000000	10	100	0	0.208359
2995000	-0.4000000000	0.0100000000	0.0010000000	10	100	0	0.208359
2996000	-0.4000000000	0.0100000000	0.0010000000	10	100	0	0.208359
2997000	-0.4000000000	0.0100000000	0.0010000000	10	100	0	0.221028
2998000	-0.4000000000	0.0100000000	0.0010000000	10	100	0	0.208359
2999000	-0.4000000000	0.0100000000	0.0010000000	10	100	0	0.221028
3000000	-0.4000000000	0.0100000000	0.0010000000	10	100	0	0.221028
