time	epistasis_coef	sel_coef	mu_prob	Ne	L	k_start	mean_fitness
2000000	-1.0000000000	0.0010000000	0.0010000000	10	100	0	0.482391
2001000	-1.0000000000	0.0010000000	0.0010000000	10	100	0	0.535261
2002000	-1.0000000000	0.0010000000	0.0010000000	10	100	0	0.535261
2003000	-1.0000000000	0.0010000000	0.0010000000	10	100	0	0.559454
2004000	-1.0000000000	0.0010000000	0.0010000000	10	100	0	0.535261
2005000	-1.0000000000	0.0010000000	0.0010000000	10	100	0	0.562142
2006000	-1.0000000000	0.0010000000	0.0010000000	10	100	0	0.562142
2007000	-1.0000000000	0.0010000000	0.0010000000	10	100	0	0.589194
2008000	-1.0000000000	0.0010000000	0.0010000000	10	100	0	0.589194
2009000	-1.0000000000	0.0010000000	0.0010000000	10	100	0	0.562142
2010000	-1.0000000000	0.0010000000	0.0010000000	10	100	0	0.535261
2011000	-1.0000000000	0.0010000000	0.0010000000	10	100	0	0.535261
2012000	-1.0000000000	0.0010000000	0.0010000000	10	100	0	0.562142
2013000	-1.0000000000	0.0010000000	0.0010000000	10	100	0	0.535261
2014000	-1.0000000000	0.0010000000	0.0010000000	10	100	0	0.535261
2015000	-1.0000000000	0.0010000000	0.0010000000	10	100	0	0.508648
2016000	-1.0000000000	0.0010000000	0.0010000000	10	100	0	0.482391
2017000	-1.0000000000	0.0010000000	0.0010000000	10	100	0	0.482391
2018000	-1.0000000000	0.0010000000	0.0010000000	10	100	0	0.482391
2019000	-1.0000000000	0.0010000000	0.0010000000	10	100	0	0.482391
2020000	-1.0000000000	0.0010000000	0.0010000000	10	100	0	0.482391
2021000	-1.0000000000	0.0010000000	0.0010000000	10	100	0	0.456576
2022000	-1.0000000000	0.0010000000	0.0010000000	10	100	0	0.431279
2023000	-1.0000000000	0.0010000000	0.0010000000	10	100	0	0.431279
2024000	-1.0000000000	0.0010000000	0.0010000000	10	100	0	0.431279
2025000	-1.0000000000	0.0010000000	0.0010000000	10	100	0	0.431279
2026000	-1.0000000000	0.0010000000	0.0010000000	10	100	0	0.431279
2027000	-1.0000000000	0.0010000000	0.0010000000	10	100	0	0.431279
2028000	-1.0000000000	0.0010000000	0.0010000000	10	100	0	0.406570
2029000	-1.0000000000	0.0010000000	0.0010000000	10	100	0	0.382510
2030000	-1.0000000000	0.0010000000	0.0010000000	10	100	0	0.382510
2031000	-1.0000000000	0.0010000000	0.0010000000	10	100	0	0.359155
2032000	-1.0000000000	0.0010000000	0.0010000000	10	100	0	0.382510
2033000	-1.0000000000	0.0010000000	0.0010000000	10	100	0	0.406570
2034000	-1.0000000000	0.0010000000	0.0010000000	10	100	0	0.406570
2035000	-1.0000000000	0.0010000000	0.0010000000	10	100	0	0.382510
2036000	-1.0000000000	0.0010000000	0.0010000000	10	100	0	0.382510
2037000	-1.0000000000	0.0010000000	0.0010000000	10	100	0	0.382510
2038000	-1.0000000000	0.0010000000	0.0010000000	10	100	0	0.406570
2039000	-1.0000000000	0.0010000000	0.0010000000	10	100	0	0.431279
2040000	-1.0000000000	0.0010000000	0.0010000000	10	100	0	0.406570
2041000	-1.0000000000	0.0010000000	0.0010000000	10	100	0	0.382510
2042000	-1.0000000000	0.0010000000	0.0010000000	10	100	0	0.359155
2043000	-1.0000000000	0.0010000000	0.0010000000	10	100	0	0.334372
2044000	-1.0000000000	0.0010000000	0.0010000000	10	100	0	0.359155
2045000	-1.0000000000	0.0010000000	0.0010000000	10	100	0	0.336553
2046000	-1.0000000000	0.0010000000	0.0010000000	10	100	0	0.314743
2047000	-1.0000000000	0.0010000000	0.0010000000	10	100	0	0.314743
2048000	-1.0000000000	0.0010000000	0.0010000000	10	100	0	0.336553
2049000	-1.0000000000	0.0010000000	0.0010000000	10	100	0	0.359155
2050000	-1.0000000000	0.0010000000	0.0010000000	10	100	0	0.359155
2051000	-1.0000000000	0.0010000000	0.0010000000	10	100	0	0.336553
2052000	-1.0000000000	0.0010000000	0.0010000000	10	100	0	0.336553
2053000	-1.0000000000	0.0010000000	0.0010000000	10	100	0	0.336553
2054000	-1.0000000000	0.0010000000	0.0010000000	10	100	0	0.336553
2055000	-1.0000000000	0.0010000000	0.0010000000	10	100	0	0.293758
2056000	-1.0000000000	0.0010000000	0.0010000000	10	100	0	0.336553
2057000	-1.0000000000	0.0010000000	0.0010000000	10	100	0	0.336553
2058000	-1.0000000000	0.0010000000	0.0010000000	10	100	0	0.336553
2059000	-1.0000000000	0.0010000000	0.0010000000	10	100	0	0.336553
2060000	-1.0000000000	0.0010000000	0.0010000000	10	100	0	0.336553
2061000	-1.0000000000	0.0010000000	0.0010000000	10	100	0	0.359155
2062000	-1.0000000000	0.0010000000	0.0010000000	10	100	0	0.359155
2063000	-1.0000000000	0.0010000000	0.0010000000	10	100	0	0.359155
2064000	-1.0000000000	0.0010000000	0.0010000000	10	100	0	0.359155
2065000	-1.0000000000	0.0010000000	0.0010000000	10	100	0	0.382510
2066000	-1.0000000000	0.0010000000	0.0010000000	10	100	0	0.382510
2067000	-1.0000000000	0.0010000000	0.0010000000	10	100	0	0.382510
2068000	-1.0000000000	0.0010000000	0.0010000000	10	100	0	0.359155
2069000	-1.0000000000	0.0010000000	0.0010000000	10	100	0	0.359155
2070000	-1.0000000000	0.0010000000	0.0010000000	10	100	0	0.382510
2071000	-1.0000000000	0.0010000000	0.0010000000	10	100	0	0.406570
2072000	-1.0000000000	0.0010000000	0.0010000000	10	100	0	0.431279
2073000	-1.0000000000	0.0010000000	0.0010000000	10	100	0	0.431279
2074000	-1.0000000000	0.0010000000	0.0010000000	10	100	0	0.508648
2075000	-1.0000000000	0.0010000000	0.0010000000	10	100	0	0.482391
2076000	-1.0000000000	0.0010000000	0.0010000000	10	100	0	0.508648
2077000	-1.0000000000	0.0010000000	0.0010000000	10	100	0	0.508648
2078000	-1.0000000000	0.0010000000	0.0010000000	10	100	0	0.508648
2079000	-1.0000000000	0.0010000000	0.0010000000	10	100	0	0.508648
2080000	-1.0000000000	0.0010000000	0.0010000000	10	100	0	0.482391
2081000	-1.0000000000	0.0010000000	0.0010000000	10	100	0	0.482391
2082000	-1.0000000000	0.0010000000	0.0010000000	10	100	0	0.482391
2083000	-1.0000000000	0.0010000000	0.0010000000	10	100	0	0.456576
2084000	-1.0000000000	0.0010000000	0.0010000000	10	100	0	0.508648
2085000	-1.0000000000	0.0010000000	0.0010000000	10	100	0	0.508648
2086000	-1.0000000000	0.0010000000	0.0010000000	10	100	0	0.508648
2087000	-1.0000000000	0.0010000000	0.0010000000	10	100	0	0.508648
2088000	-1.0000000000	0.0010000000	0.0010000000	10	100	0	0.508648
2089000	-1.0000000000	0.0010000000	0.0010000000	10	100	0	0.535261
2090000	-1.0000000000	0.0010000000	0.0010000000	10	100	0	0.535261
2091000	-1.0000000000	0.0010000000	0.0010000000	10	100	0	0.535261
2092000	-1.0000000000	0.0010000000	0.0010000000	10	100	0	0.562142
2093000	-1.0000000000	0.0010000000	0.0010000000	10	100	0	0.562142
2094000	-1.0000000000	0.0010000000	0.0010000000	10	100	0	0.562142
2095000	-1.0000000000	0.0010000000	0.0010000000	10	100	0	0.589194
2096000	-1.0000000000	0.0010000000	0.0010000000	10	100	0	0.586489
2097000	-1.0000000000	0.0010000000	0.0010000000	10	100	0	0.589194
2098000	-1.0000000000	0.0010000000	0.0010000000	10	100	0	0.589194
2099000	-1.0000000000	0.0010000000	0.0010000000	10	100	0	0.535261
2100000	-1.0000000000	0.0010000000	0.0010000000	10	100	0	0.535261
2101000	-1.0000000000	0.0010000000	0.0010000000	10	100	0	0.535261
2102000	-1.0000000000	0.0010000000	0.0010000000	10	100	0	0.535261
2103000	-1.0000000000	0.0010000000	0.0010000000	10	100	0	0.482391
2104000	-1.0000000000	0.0010000000	0.0010000000	10	100	0	0.482391
2105000	-1.0000000000	0.0010000000	0.0010000000	10	100	0	0.482391
2106000	-1.0000000000	0.0010000000	0.0010000000	10	100	0	0.482391
2107000	-1.0000000000	0.0010000000	0.0010000000	10	100	0	0.508648
2108000	-1.0000000000	0.0010000000	0.0010000000	10	100	0	0.535261
2109000	-1.0000000000	0.0010000000	0.0010000000	10	100	0	0.535261
2110000	-1.0000000000	0.0010000000	0.0010000000	10	100	0	0.535261
2111000	-1.0000000000	0.0010000000	0.0010000000	10	100	0	0.508648
2112000	-1.0000000000	0.0010000000	0.0010000000	10	100	0	0.508648
2113000	-1.0000000000	0.0010000000	0.0010000000	10	100	0	0.535261
2114000	-1.0000000000	0.0010000000	0.0010000000	10	100	0	0.508648
2115000	-1.0000000000	0.0010000000	0.0010000000	10	100	0	0.482391
2116000	-1.0000000000	0.0010000000	0.0010000000	10	100	0	0.456576
2117000	-1.0000000000	0.0010000000	0.0010000000	10	100	0	0.456576
2118000	-1.0000000000	0.0010000000	0.0010000000	10	100	0	0.482391
2119000	-1.0000000000	0.0010000000	0.0010000000	10	100	0	0.456576
2120000	-1.0000000000	0.0010000000	0.0010000000	10	100	0	0.456576
2121000	-1.0000000000	0.0010000000	0.0010000000	10	100	0	0.482391
2122000	-1.0000000000	0.0010000000	0.0010000000	10	100	0	0.482391
2123000	-1.0000000000	0.0010000000	0.0010000000	10	100	0	0.508648
2124000	-1.0000000000	0.0010000000	0.0010000000	10	100	0	0.508648
2125000	-1.0000000000	0.0010000000	0.0010000000	10	100	0	0.508648
2126000	-1.0000000000	0.0010000000	0.0010000000	10	100	0	0.508648
2127000	-1.0000000000	0.0010000000	0.0010000000	10	100	0	0.508648
2128000	-1.0000000000	0.0010000000	0.0010000000	10	100	0	0.508648
2129000	-1.0000000000	0.0010000000	0.0010000000	10	100	0	0.508648
2130000	-1.0000000000	0.0010000000	0.0010000000	10	100	0	0.508648
2131000	-1.0000000000	0.0010000000	0.0010000000	10	100	0	0.508648
2132000	-1.0000000000	0.0010000000	0.0010000000	10	100	0	0.508648
2133000	-1.0000000000	0.0010000000	0.0010000000	10	100	0	0.508648
2134000	-1.0000000000	0.0010000000	0.0010000000	10	100	0	0.456576
2135000	-1.0000000000	0.0010000000	0.0010000000	10	100	0	0.431279
2136000	-1.0000000000	0.0010000000	0.0010000000	10	100	0	0.431279
2137000	-1.0000000000	0.0010000000	0.0010000000	10	100	0	0.431279
2138000	-1.0000000000	0.0010000000	0.0010000000	10	100	0	0.431279
2139000	-1.0000000000	0.0010000000	0.0010000000	10	100	0	0.431279
2140000	-1.0000000000	0.0010000000	0.0010000000	10	100	0	0.456576
2141000	-1.0000000000	0.0010000000	0.0010000000	10	100	0	0.456576
2142000	-1.0000000000	0.0010000000	0.0010000000	10	100	0	0.456576
2143000	-1.0000000000	0.0010000000	0.0010000000	10	100	0	0.456576
2144000	-1.0000000000	0.0010000000	0.0010000000	10	100	0	0.456576
2145000	-1.0000000000	0.0010000000	0.0010000000	10	100	0	0.431279
2146000	-1.0000000000	0.0010000000	0.0010000000	10	100	0	0.431279
2147000	-1.0000000000	0.0010000000	0.0010000000	10	100	0	0.406570
2148000	-1.0000000000	0.0010000000	0.0010000000	10	100	0	0.406570
2149000	-1.0000000000	0.0010000000	0.0010000000	10	100	0	0.431279
2150000	-1.0000000000	0.0010000000	0.0010000000	10	100	0	0.406570
2151000	-1.0000000000	0.0010000000	0.0010000000	10	100	0	0.406570
2152000	-1.0000000000	0.0010000000	0.0010000000	10	100	0	0.406570
2153000	-1.0000000000	0.0010000000	0.0010000000	10	100	0	0.406570
2154000	-1.0000000000	0.0010000000	0.0010000000	10	100	0	0.431279
2155000	-1.0000000000	0.0010000000	0.0010000000	10	100	0	0.431279
2156000	-1.0000000000	0.0010000000	0.0010000000	10	100	0	0.431279
2157000	-1.0000000000	0.0010000000	0.0010000000	10	100	0	0.431279
2158000	-1.0000000000	0.0010000000	0.0010000000	10	100	0	0.456576
2159000	-1.0000000000	0.0010000000	0.0010000000	10	100	0	0.482391
2160000	-1.0000000000	0.0010000000	0.0010000000	10	100	0	0.482391
2161000	-1.0000000000	0.0010000000	0.0010000000	10	100	0	0.482391
2162000	-1.0000000000	0.0010000000	0.0010000000	10	100	0	0.482391
2163000	-1.0000000000	0.0010000000	0.0010000000	10	100	0	0.456576
2164000	-1.0000000000	0.0010000000	0.0010000000	10	100	0	0.456576
2165000	-1.0000000000	0.0010000000	0.0010000000	10	100	0	0.456576
2166000	-1.0000000000	0.0010000000	0.0010000000	10	100	0	0.382510
2167000	-1.0000000000	0.0010000000	0.0010000000	10	100	0	0.406570
2168000	-1.0000000000	0.0010000000	0.0010000000	10	100	0	0.406570
2169000	-1.0000000000	0.0010000000	0.0010000000	10	100	0	0.406570
2170000	-1.0000000000	0.0010000000	0.0010000000	10	100	0	0.359155
2171000	-1.0000000000	0.0010000000	0.0010000000	10	100	0	0.359155
2172000	-1.0000000000	0.0010000000	0.0010000000	10	100	0	0.359155
2173000	-1.0000000000	0.0010000000	0.0010000000	10	100	0	0.336553
2174000	-1.0000000000	0.0010000000	0.0010000000	10	100	0	0.336553
2175000	-1.0000000000	0.0010000000	0.0010000000	10	100	0	0.359155
2176000	-1.0000000000	0.0010000000	0.0010000000	10	100	0	0.359155
2177000	-1.0000000000	0.0010000000	0.0010000000	10	100	0	0.359155
2178000	-1.0000000000	0.0010000000	0.0010000000	10	100	0	0.359155
2179000	-1.0000000000	0.0010000000	0.0010000000	10	100	0	0.359155
2180000	-1.0000000000	0.0010000000	0.0010000000	10	100	0	0.382510
2181000	-1.0000000000	0.0010000000	0.0010000000	10	100	0	0.382510
2182000	-1.0000000000	0.0010000000	0.0010000000	10	100	0	0.359155
2183000	-1.0000000000	0.0010000000	0.0010000000	10	100	0	0.382510
2184000	-1.0000000000	0.0010000000	0.0010000000	10	100	0	0.382510
2185000	-1.0000000000	0.0010000000	0.0010000000	10	100	0	0.431279
2186000	-1.0000000000	0.0010000000	0.0010000000	10	100	0	0.431279
2187000	-1.0000000000	0.0010000000	0.0010000000	10	100	0	0.431279
2188000	-1.0000000000	0.0010000000	0.0010000000	10	100	0	0.431279
2189000	-1.0000000000	0.0010000000	0.0010000000	10	100	0	0.456576
2190000	-1.0000000000	0.0010000000	0.0010000000	10	100	0	0.456576
2191000	-1.0000000000	0.0010000000	0.0010000000	10	100	0	0.482391
2192000	-1.0000000000	0.0010000000	0.0010000000	10	100	0	0.508648
2193000	-1.0000000000	0.0010000000	0.0010000000	10	100	0	0.508648
2194000	-1.0000000000	0.0010000000	0.0010000000	10	100	0	0.508648
2195000	-1.0000000000	0.0010000000	0.0010000000	10	100	0	0.508648
2196000	-1.0000000000	0.0010000000	0.0010000000	10	100	0	0.562142
2197000	-1.0000000000	0.0010000000	0.0010000000	10	100	0	0.562142
2198000	-1.0000000000	0.0010000000	0.0010000000	10	100	0	0.562142
2199000	-1.0000000000	0.0010000000	0.0010000000	10	100	0	0.535261
2200000	-1.0000000000	0.0010000000	0.0010000000	10	100	0	0.562142
2201000	-1.0000000000	0.0010000000	0.0010000000	10	100	0	0.548702
2202000	-1.0000000000	0.0010000000	0.0010000000	10	100	0	0.562142
2203000	-1.0000000000	0.0010000000	0.0010000000	10	100	0	0.562142
2204000	-1.0000000000	0.0010000000	0.0010000000	10	100	0	0.532600
2205000	-1.0000000000	0.0010000000	0.0010000000	10	100	0	0.562142
2206000	-1.0000000000	0.0010000000	0.0010000000	10	100	0	0.562142
2207000	-1.0000000000	0.0010000000	0.0010000000	10	100	0	0.589194
2208000	-1.0000000000	0.0010000000	0.0010000000	10	100	0	0.589194
2209000	-1.0000000000	0.0010000000	0.0010000000	10	100	0	0.589194
2210000	-1.0000000000	0.0010000000	0.0010000000	10	100	0	0.586489
2211000	-1.0000000000	0.0010000000	0.0010000000	10	100	0	0.589194
2212000	-1.0000000000	0.0010000000	0.0010000000	10	100	0	0.616313
2213000	-1.0000000000	0.0010000000	0.0010000000	10	100	0	0.616313
2214000	-1.0000000000	0.0010000000	0.0010000000	10	100	0	0.643393
2215000	-1.0000000000	0.0010000000	0.0010000000	10	100	0	0.696979
2216000	-1.0000000000	0.0010000000	0.0010000000	10	100	0	0.616313
2217000	-1.0000000000	0.0010000000	0.0010000000	10	100	0	0.616313
2218000	-1.0000000000	0.0010000000	0.0010000000	10	100	0	0.643393
2219000	-1.0000000000	0.0010000000	0.0010000000	10	100	0	0.670320
2220000	-1.0000000000	0.0010000000	0.0010000000	10	100	0	0.670320
2221000	-1.0000000000	0.0010000000	0.0010000000	10	100	0	0.670320
2222000	-1.0000000000	0.0010000000	0.0010000000	10	100	0	0.670320
2223000	-1.0000000000	0.0010000000	0.0010000000	10	100	0	0.643393
2224000	-1.0000000000	0.0010000000	0.0010000000	10	100	0	0.670320
2225000	-1.0000000000	0.0010000000	0.0010000000	10	100	0	0.691647
2226000	-1.0000000000	0.0010000000	0.0010000000	10	100	0	0.696979
2227000	-1.0000000000	0.0010000000	0.0010000000	10	100	0	0.723250
2228000	-1.0000000000	0.0010000000	0.0010000000	10	100	0	0.723250
2229000	-1.0000000000	0.0010000000	0.0010000000	10	100	0	0.723250
2230000	-1.0000000000	0.0010000000	0.0010000000	10	100	0	0.723250
2231000	-1.0000000000	0.0010000000	0.0010000000	10	100	0	0.696979
2232000	-1.0000000000	0.0010000000	0.0010000000	10	100	0	0.696979
2233000	-1.0000000000	0.0010000000	0.0010000000	10	100	0	0.696979
2234000	-1.0000000000	0.0010000000	0.0010000000	10	100	0	0.696979
2235000	-1.0000000000	0.0010000000	0.0010000000	10	100	0	0.670320
2236000	-1.0000000000	0.0010000000	0.0010000000	10	100	0	0.643393
2237000	-1.0000000000	0.0010000000	0.0010000000	10	100	0	0.696979
2238000	-1.0000000000	0.0010000000	0.0010000000	10	100	0	0.696979
2239000	-1.0000000000	0.0010000000	0.0010000000	10	100	0	0.696979
2240000	-1.0000000000	0.0010000000	0.0010000000	10	100	0	0.616313
2241000	-1.0000000000	0.0010000000	0.0010000000	10	100	0	0.589194
2242000	-1.0000000000	0.0010000000	0.0010000000	10	100	0	0.616313
2243000	-1.0000000000	0.0010000000	0.0010000000	10	100	0	0.616313
2244000	-1.0000000000	0.0010000000	0.0010000000	10	100	0	0.589194
2245000	-1.0000000000	0.0010000000	0.0010000000	10	100	0	0.589194
2246000	-1.0000000000	0.0010000000	0.0010000000	10	100	0	0.589194
2247000	-1.0000000000	0.0010000000	0.0010000000	10	100	0	0.589194
2248000	-1.0000000000	0.0010000000	0.0010000000	10	100	0	0.562142
2249000	-1.0000000000	0.0010000000	0.0010000000	10	100	0	0.532600
2250000	-1.0000000000	0.0010000000	0.0010000000	10	100	0	0.535261
2251000	-1.0000000000	0.0010000000	0.0010000000	10	100	0	0.508648
2252000	-1.0000000000	0.0010000000	0.0010000000	10	100	0	0.535261
2253000	-1.0000000000	0.0010000000	0.0010000000	10	100	0	0.535261
2254000	-1.0000000000	0.0010000000	0.0010000000	10	100	0	0.535261
2255000	-1.0000000000	0.0010000000	0.0010000000	10	100	0	0.508648
2256000	-1.0000000000	0.0010000000	0.0010000000	10	100	0	0.562142
2257000	-1.0000000000	0.0010000000	0.0010000000	10	100	0	0.535261
2258000	-1.0000000000	0.0010000000	0.0010000000	10	100	0	0.535261
2259000	-1.0000000000	0.0010000000	0.0010000000	10	100	0	0.562142
2260000	-1.0000000000	0.0010000000	0.0010000000	10	100	0	0.535261
2261000	-1.0000000000	0.0010000000	0.0010000000	10	100	0	0.535261
2262000	-1.0000000000	0.0010000000	0.0010000000	10	100	0	0.562142
2263000	-1.0000000000	0.0010000000	0.0010000000	10	100	0	0.562142
2264000	-1.0000000000	0.0010000000	0.0010000000	10	100	0	0.535261
2265000	-1.0000000000	0.0010000000	0.0010000000	10	100	0	0.508648
2266000	-1.0000000000	0.0010000000	0.0010000000	10	100	0	0.482391
2267000	-1.0000000000	0.0010000000	0.0010000000	10	100	0	0.482391
2268000	-1.0000000000	0.0010000000	0.0010000000	10	100	0	0.508648
2269000	-1.0000000000	0.0010000000	0.0010000000	10	100	0	0.508648
2270000	-1.0000000000	0.0010000000	0.0010000000	10	100	0	0.535261
2271000	-1.0000000000	0.0010000000	0.0010000000	10	100	0	0.535261
2272000	-1.0000000000	0.0010000000	0.0010000000	10	100	0	0.508648
2273000	-1.0000000000	0.0010000000	0.0010000000	10	100	0	0.456576
2274000	-1.0000000000	0.0010000000	0.0010000000	10	100	0	0.456576
2275000	-1.0000000000	0.0010000000	0.0010000000	10	100	0	0.428808
2276000	-1.0000000000	0.0010000000	0.0010000000	10	100	0	0.416453
2277000	-1.0000000000	0.0010000000	0.0010000000	10	100	0	0.431279
2278000	-1.0000000000	0.0010000000	0.0010000000	10	100	0	0.406570
2279000	-1.0000000000	0.0010000000	0.0010000000	10	100	0	0.431279
2280000	-1.0000000000	0.0010000000	0.0010000000	10	100	0	0.406570
2281000	-1.0000000000	0.0010000000	0.0010000000	10	100	0	0.406570
2282000	-1.0000000000	0.0010000000	0.0010000000	10	100	0	0.431279
2283000	-1.0000000000	0.0010000000	0.0010000000	10	100	0	0.461739
2284000	-1.0000000000	0.0010000000	0.0010000000	10	100	0	0.456576
2285000	-1.0000000000	0.0010000000	0.0010000000	10	100	0	0.456576
2286000	-1.0000000000	0.0010000000	0.0010000000	10	100	0	0.456576
2287000	-1.0000000000	0.0010000000	0.0010000000	10	100	0	0.406570
2288000	-1.0000000000	0.0010000000	0.0010000000	10	100	0	0.406570
2289000	-1.0000000000	0.0010000000	0.0010000000	10	100	0	0.406570
2290000	-1.0000000000	0.0010000000	0.0010000000	10	100	0	0.382510
2291000	-1.0000000000	0.0010000000	0.0010000000	10	100	0	0.382510
2292000	-1.0000000000	0.0010000000	0.0010000000	10	100	0	0.406570
2293000	-1.0000000000	0.0010000000	0.0010000000	10	100	0	0.406570
2294000	-1.0000000000	0.0010000000	0.0010000000	10	100	0	0.382510
2295000	-1.0000000000	0.0010000000	0.0010000000	10	100	0	0.382510
2296000	-1.0000000000	0.0010000000	0.0010000000	10	100	0	0.382510
2297000	-1.0000000000	0.0010000000	0.0010000000	10	100	0	0.406570
2298000	-1.0000000000	0.0010000000	0.0010000000	10	100	0	0.382510
2299000	-1.0000000000	0.0010000000	0.0010000000	10	100	0	0.406570
2300000	-1.0000000000	0.0010000000	0.0010000000	10	100	0	0.406570
2301000	-1.0000000000	0.0010000000	0.0010000000	10	100	0	0.406570
2302000	-1.0000000000	0.0010000000	0.0010000000	10	100	0	0.382510
2303000	-1.0000000000	0.0010000000	0.0010000000	10	100	0	0.382510
2304000	-1.0000000000	0.0010000000	0.0010000000	10	100	0	0.456576
2305000	-1.0000000000	0.0010000000	0.0010000000	10	100	0	0.456576
2306000	-1.0000000000	0.0010000000	0.0010000000	10	100	0	0.431279
2307000	-1.0000000000	0.0010000000	0.0010000000	10	100	0	0.431279
2308000	-1.0000000000	0.0010000000	0.0010000000	10	100	0	0.431279
2309000	-1.0000000000	0.0010000000	0.0010000000	10	100	0	0.436338
2310000	-1.0000000000	0.0010000000	0.0010000000	10	100	0	0.431279
2311000	-1.0000000000	0.0010000000	0.0010000000	10	100	0	0.431279
2312000	-1.0000000000	0.0010000000	0.0010000000	10	100	0	0.431279
2313000	-1.0000000000	0.0010000000	0.0010000000	10	100	0	0.431279
2314000	-1.0000000000	0.0010000000	0.0010000000	10	100	0	0.431279
2315000	-1.0000000000	0.0010000000	0.0010000000	10	100	0	0.482391
2316000	-1.0000000000	0.0010000000	0.0010000000	10	100	0	0.456576
2317000	-1.0000000000	0.0010000000	0.0010000000	10	100	0	0.431279
2318000	-1.0000000000	0.0010000000	0.0010000000	10	100	0	0.431279
2319000	-1.0000000000	0.0010000000	0.0010000000	10	100	0	0.406570
2320000	-1.0000000000	0.0010000000	0.0010000000	10	100	0	0.406570
2321000	-1.0000000000	0.0010000000	0.0010000000	10	100	0	0.406570
2322000	-1.0000000000	0.0010000000	0.0010000000	10	100	0	0.404164
2323000	-1.0000000000	0.0010000000	0.0010000000	10	100	0	0.406570
2324000	-1.0000000000	0.0010000000	0.0010000000	10	100	0	0.382510
2325000	-1.0000000000	0.0010000000	0.0010000000	10	100	0	0.359155
2326000	-1.0000000000	0.0010000000	0.0010000000	10	100	0	0.359155
2327000	-1.0000000000	0.0010000000	0.0010000000	10	100	0	0.382510
2328000	-1.0000000000	0.0010000000	0.0010000000	10	100	0	0.336553
2329000	-1.0000000000	0.0010000000	0.0010000000	10	100	0	0.336553
2330000	-1.0000000000	0.0010000000	0.0010000000	10	100	0	0.336553
2331000	-1.0000000000	0.0010000000	0.0010000000	10	100	0	0.314743
2332000	-1.0000000000	0.0010000000	0.0010000000	10	100	0	0.336553
2333000	-1.0000000000	0.0010000000	0.0010000000	10	100	0	0.336553
2334000	-1.0000000000	0.0010000000	0.0010000000	10	100	0	0.336553
2335000	-1.0000000000	0.0010000000	0.0010000000	10	100	0	0.314743
2336000	-1.0000000000	0.0010000000	0.0010000000	10	100	0	0.314743
2337000	-1.0000000000	0.0010000000	0.0010000000	10	100	0	0.293758
2338000	-1.0000000000	0.0010000000	0.0010000000	10	100	0	0.293758
2339000	-1.0000000000	0.0010000000	0.0010000000	10	100	0	0.293758
2340000	-1.0000000000	0.0010000000	0.0010000000	10	100	0	0.254361
2341000	-1.0000000000	0.0010000000	0.0010000000	10	100	0	0.254361
2342000	-1.0000000000	0.0010000000	0.0010000000	10	100	0	0.256287
2343000	-1.0000000000	0.0010000000	0.0010000000	10	100	0	0.254361
2344000	-1.0000000000	0.0010000000	0.0010000000	10	100	0	0.254361
2345000	-1.0000000000	0.0010000000	0.0010000000	10	100	0	0.293758
2346000	-1.0000000000	0.0010000000	0.0010000000	10	100	0	0.293758
2347000	-1.0000000000	0.0010000000	0.0010000000	10	100	0	0.314743
2348000	-1.0000000000	0.0010000000	0.0010000000	10	100	0	0.314743
2349000	-1.0000000000	0.0010000000	0.0010000000	10	100	0	0.314743
2350000	-1.0000000000	0.0010000000	0.0010000000	10	100	0	0.314743
2351000	-1.0000000000	0.0010000000	0.0010000000	10	100	0	0.359155
2352000	-1.0000000000	0.0010000000	0.0010000000	10	100	0	0.359155
2353000	-1.0000000000	0.0010000000	0.0010000000	10	100	0	0.359155
2354000	-1.0000000000	0.0010000000	0.0010000000	10	100	0	0.359155
2355000	-1.0000000000	0.0010000000	0.0010000000	10	100	0	0.336553
2356000	-1.0000000000	0.0010000000	0.0010000000	10	100	0	0.336553
2357000	-1.0000000000	0.0010000000	0.0010000000	10	100	0	0.336553
2358000	-1.0000000000	0.0010000000	0.0010000000	10	100	0	0.336553
2359000	-1.0000000000	0.0010000000	0.0010000000	10	100	0	0.336553
2360000	-1.0000000000	0.0010000000	0.0010000000	10	100	0	0.336553
2361000	-1.0000000000	0.0010000000	0.0010000000	10	100	0	0.382510
2362000	-1.0000000000	0.0010000000	0.0010000000	10	100	0	0.382510
2363000	-1.0000000000	0.0010000000	0.0010000000	10	100	0	0.382510
2364000	-1.0000000000	0.0010000000	0.0010000000	10	100	0	0.406570
2365000	-1.0000000000	0.0010000000	0.0010000000	10	100	0	0.382510
2366000	-1.0000000000	0.0010000000	0.0010000000	10	100	0	0.431279
2367000	-1.0000000000	0.0010000000	0.0010000000	10	100	0	0.456576
2368000	-1.0000000000	0.0010000000	0.0010000000	10	100	0	0.406570
2369000	-1.0000000000	0.0010000000	0.0010000000	10	100	0	0.406570
2370000	-1.0000000000	0.0010000000	0.0010000000	10	100	0	0.406570
2371000	-1.0000000000	0.0010000000	0.0010000000	10	100	0	0.406570
2372000	-1.0000000000	0.0010000000	0.0010000000	10	100	0	0.431279
2373000	-1.0000000000	0.0010000000	0.0010000000	10	100	0	0.431279
2374000	-1.0000000000	0.0010000000	0.0010000000	10	100	0	0.406570
2375000	-1.0000000000	0.0010000000	0.0010000000	10	100	0	0.431279
2376000	-1.0000000000	0.0010000000	0.0010000000	10	100	0	0.431279
2377000	-1.0000000000	0.0010000000	0.0010000000	10	100	0	0.431279
2378000	-1.0000000000	0.0010000000	0.0010000000	10	100	0	0.431279
2379000	-1.0000000000	0.0010000000	0.0010000000	10	100	0	0.406570
2380000	-1.0000000000	0.0010000000	0.0010000000	10	100	0	0.382510
2381000	-1.0000000000	0.0010000000	0.0010000000	10	100	0	0.431279
2382000	-1.0000000000	0.0010000000	0.0010000000	10	100	0	0.431279
2383000	-1.0000000000	0.0010000000	0.0010000000	10	100	0	0.431279
2384000	-1.0000000000	0.0010000000	0.0010000000	10	100	0	0.456576
2385000	-1.0000000000	0.0010000000	0.0010000000	10	100	0	0.482391
2386000	-1.0000000000	0.0010000000	0.0010000000	10	100	0	0.535261
2387000	-1.0000000000	0.0010000000	0.0010000000	10	100	0	0.535261
2388000	-1.0000000000	0.0010000000	0.0010000000	10	100	0	0.535261
2389000	-1.0000000000	0.0010000000	0.0010000000	10	100	0	0.535261
2390000	-1.0000000000	0.0010000000	0.0010000000	10	100	0	0.508648
2391000	-1.0000000000	0.0010000000	0.0010000000	10	100	0	0.508648
2392000	-1.0000000000	0.0010000000	0.0010000000	10	100	0	0.508648
2393000	-1.0000000000	0.0010000000	0.0010000000	10	100	0	0.532600
2394000	-1.0000000000	0.0010000000	0.0010000000	10	100	0	0.589194
2395000	-1.0000000000	0.0010000000	0.0010000000	10	100	0	0.589194
2396000	-1.0000000000	0.0010000000	0.0010000000	10	100	0	0.589194
2397000	-1.0000000000	0.0010000000	0.0010000000	10	100	0	0.589194
2398000	-1.0000000000	0.0010000000	0.0010000000	10	100	0	0.589194
2399000	-1.0000000000	0.0010000000	0.0010000000	10	100	0	0.567553
2400000	-1.0000000000	0.0010000000	0.0010000000	10	100	0	0.562142
2401000	-1.0000000000	0.0010000000	0.0010000000	10	100	0	0.535261
2402000	-1.0000000000	0.0010000000	0.0010000000	10	100	0	0.535261
2403000	-1.0000000000	0.0010000000	0.0010000000	10	100	0	0.535261
2404000	-1.0000000000	0.0010000000	0.0010000000	10	100	0	0.562142
2405000	-1.0000000000	0.0010000000	0.0010000000	10	100	0	0.508648
2406000	-1.0000000000	0.0010000000	0.0010000000	10	100	0	0.482391
2407000	-1.0000000000	0.0010000000	0.0010000000	10	100	0	0.479810
2408000	-1.0000000000	0.0010000000	0.0010000000	10	100	0	0.506022
2409000	-1.0000000000	0.0010000000	0.0010000000	10	100	0	0.508648
2410000	-1.0000000000	0.0010000000	0.0010000000	10	100	0	0.508648
2411000	-1.0000000000	0.0010000000	0.0010000000	10	100	0	0.508648
2412000	-1.0000000000	0.0010000000	0.0010000000	10	100	0	0.508648
2413000	-1.0000000000	0.0010000000	0.0010000000	10	100	0	0.508648
2414000	-1.0000000000	0.0010000000	0.0010000000	10	100	0	0.508648
2415000	-1.0000000000	0.0010000000	0.0010000000	10	100	0	0.482391
2416000	-1.0000000000	0.0010000000	0.0010000000	10	100	0	0.535261
2417000	-1.0000000000	0.0010000000	0.0010000000	10	100	0	0.508648
2418000	-1.0000000000	0.0010000000	0.0010000000	10	100	0	0.508648
2419000	-1.0000000000	0.0010000000	0.0010000000	10	100	0	0.508648
2420000	-1.0000000000	0.0010000000	0.0010000000	10	100	0	0.535261
2421000	-1.0000000000	0.0010000000	0.0010000000	10	100	0	0.535261
2422000	-1.0000000000	0.0010000000	0.0010000000	10	100	0	0.508648
2423000	-1.0000000000	0.0010000000	0.0010000000	10	100	0	0.508648
2424000	-1.0000000000	0.0010000000	0.0010000000	10	100	0	0.508648
2425000	-1.0000000000	0.0010000000	0.0010000000	10	100	0	0.535261
2426000	-1.0000000000	0.0010000000	0.0010000000	10	100	0	0.562142
2427000	-1.0000000000	0.0010000000	0.0010000000	10	100	0	0.562142
2428000	-1.0000000000	0.0010000000	0.0010000000	10	100	0	0.535261
2429000	-1.0000000000	0.0010000000	0.0010000000	10	100	0	0.562142
2430000	-1.0000000000	0.0010000000	0.0010000000	10	100	0	0.562142
2431000	-1.0000000000	0.0010000000	0.0010000000	10	100	0	0.535261
2432000	-1.0000000000	0.0010000000	0.0010000000	10	100	0	0.508648
2433000	-1.0000000000	0.0010000000	0.0010000000	10	100	0	0.506022
2434000	-1.0000000000	0.0010000000	0.0010000000	10	100	0	0.535261
2435000	-1.0000000000	0.0010000000	0.0010000000	10	100	0	0.562142
2436000	-1.0000000000	0.0010000000	0.0010000000	10	100	0	0.535261
2437000	-1.0000000000	0.0010000000	0.0010000000	10	100	0	0.535261
2438000	-1.0000000000	0.0010000000	0.0010000000	10	100	0	0.535261
2439000	-1.0000000000	0.0010000000	0.0010000000	10	100	0	0.535261
2440000	-1.0000000000	0.0010000000	0.0010000000	10	100	0	0.535261
2441000	-1.0000000000	0.0010000000	0.0010000000	10	100	0	0.535261
2442000	-1.0000000000	0.0010000000	0.0010000000	10	100	0	0.535261
2443000	-1.0000000000	0.0010000000	0.0010000000	10	100	0	0.562142
2444000	-1.0000000000	0.0010000000	0.0010000000	10	100	0	0.508648
2445000	-1.0000000000	0.0010000000	0.0010000000	10	100	0	0.508648
2446000	-1.0000000000	0.0010000000	0.0010000000	10	100	0	0.535261
2447000	-1.0000000000	0.0010000000	0.0010000000	10	100	0	0.508648
2448000	-1.0000000000	0.0010000000	0.0010000000	10	100	0	0.508648
2449000	-1.0000000000	0.0010000000	0.0010000000	10	100	0	0.508648
2450000	-1.0000000000	0.0010000000	0.0010000000	10	100	0	0.535261
2451000	-1.0000000000	0.0010000000	0.0010000000	10	100	0	0.535261
2452000	-1.0000000000	0.0010000000	0.0010000000	10	100	0	0.508648
2453000	-1.0000000000	0.0010000000	0.0010000000	10	100	0	0.482391
2454000	-1.0000000000	0.0010000000	0.0010000000	10	100	0	0.482391
2455000	-1.0000000000	0.0010000000	0.0010000000	10	100	0	0.456576
2456000	-1.0000000000	0.0010000000	0.0010000000	10	100	0	0.482391
2457000	-1.0000000000	0.0010000000	0.0010000000	10	100	0	0.508648
2458000	-1.0000000000	0.0010000000	0.0010000000	10	100	0	0.535261
2459000	-1.0000000000	0.0010000000	0.0010000000	10	100	0	0.535261
2460000	-1.0000000000	0.0010000000	0.0010000000	10	100	0	0.535261
2461000	-1.0000000000	0.0010000000	0.0010000000	10	100	0	0.508648
2462000	-1.0000000000	0.0010000000	0.0010000000	10	100	0	0.482391
2463000	-1.0000000000	0.0010000000	0.0010000000	10	100	0	0.482391
2464000	-1.0000000000	0.0010000000	0.0010000000	10	100	0	0.508648
2465000	-1.0000000000	0.0010000000	0.0010000000	10	100	0	0.535261
2466000	-1.0000000000	0.0010000000	0.0010000000	10	100	0	0.524616
2467000	-1.0000000000	0.0010000000	0.0010000000	10	100	0	0.535261
2468000	-1.0000000000	0.0010000000	0.0010000000	10	100	0	0.535261
2469000	-1.0000000000	0.0010000000	0.0010000000	10	100	0	0.535261
2470000	-1.0000000000	0.0010000000	0.0010000000	10	100	0	0.562142
2471000	-1.0000000000	0.0010000000	0.0010000000	10	100	0	0.562142
2472000	-1.0000000000	0.0010000000	0.0010000000	10	100	0	0.562142
2473000	-1.0000000000	0.0010000000	0.0010000000	10	100	0	0.556766
2474000	-1.0000000000	0.0010000000	0.0010000000	10	100	0	0.535261
2475000	-1.0000000000	0.0010000000	0.0010000000	10	100	0	0.562142
2476000	-1.0000000000	0.0010000000	0.0010000000	10	100	0	0.562142
2477000	-1.0000000000	0.0010000000	0.0010000000	10	100	0	0.562142
2478000	-1.0000000000	0.0010000000	0.0010000000	10	100	0	0.535261
2479000	-1.0000000000	0.0010000000	0.0010000000	10	100	0	0.535261
2480000	-1.0000000000	0.0010000000	0.0010000000	10	100	0	0.535261
2481000	-1.0000000000	0.0010000000	0.0010000000	10	100	0	0.535261
2482000	-1.0000000000	0.0010000000	0.0010000000	10	100	0	0.535261
2483000	-1.0000000000	0.0010000000	0.0010000000	10	100	0	0.589194
2484000	-1.0000000000	0.0010000000	0.0010000000	10	100	0	0.562142
2485000	-1.0000000000	0.0010000000	0.0010000000	10	100	0	0.562142
2486000	-1.0000000000	0.0010000000	0.0010000000	10	100	0	0.562142
2487000	-1.0000000000	0.0010000000	0.0010000000	10	100	0	0.562142
2488000	-1.0000000000	0.0010000000	0.0010000000	10	100	0	0.535261
2489000	-1.0000000000	0.0010000000	0.0010000000	10	100	0	0.508648
2490000	-1.0000000000	0.0010000000	0.0010000000	10	100	0	0.508648
2491000	-1.0000000000	0.0010000000	0.0010000000	10	100	0	0.535261
2492000	-1.0000000000	0.0010000000	0.0010000000	10	100	0	0.562142
2493000	-1.0000000000	0.0010000000	0.0010000000	10	100	0	0.562142
2494000	-1.0000000000	0.0010000000	0.0010000000	10	100	0	0.562142
2495000	-1.0000000000	0.0010000000	0.0010000000	10	100	0	0.562142
2496000	-1.0000000000	0.0010000000	0.0010000000	10	100	0	0.562142
2497000	-1.0000000000	0.0010000000	0.0010000000	10	100	0	0.562142
2498000	-1.0000000000	0.0010000000	0.0010000000	10	100	0	0.535261
2499000	-1.0000000000	0.0010000000	0.0010000000	10	100	0	0.535261
2500000	-1.0000000000	0.0010000000	0.0010000000	10	100	0	0.508648
2501000	-1.0000000000	0.0010000000	0.0010000000	10	100	0	0.508648
2502000	-1.0000000000	0.0010000000	0.0010000000	10	100	0	0.508648
2503000	-1.0000000000	0.0010000000	0.0010000000	10	100	0	0.508648
2504000	-1.0000000000	0.0010000000	0.0010000000	10	100	0	0.508648
2505000	-1.0000000000	0.0010000000	0.0010000000	10	100	0	0.508648
2506000	-1.0000000000	0.0010000000	0.0010000000	10	100	0	0.479810
2507000	-1.0000000000	0.0010000000	0.0010000000	10	100	0	0.508648
2508000	-1.0000000000	0.0010000000	0.0010000000	10	100	0	0.482391
2509000	-1.0000000000	0.0010000000	0.0010000000	10	100	0	0.482391
2510000	-1.0000000000	0.0010000000	0.0010000000	10	100	0	0.482391
2511000	-1.0000000000	0.0010000000	0.0010000000	10	100	0	0.482391
2512000	-1.0000000000	0.0010000000	0.0010000000	10	100	0	0.482391
2513000	-1.0000000000	0.0010000000	0.0010000000	10	100	0	0.482391
2514000	-1.0000000000	0.0010000000	0.0010000000	10	100	0	0.508648
2515000	-1.0000000000	0.0010000000	0.0010000000	10	100	0	0.535261
2516000	-1.0000000000	0.0010000000	0.0010000000	10	100	0	0.535261
2517000	-1.0000000000	0.0010000000	0.0010000000	10	100	0	0.589194
2518000	-1.0000000000	0.0010000000	0.0010000000	10	100	0	0.586489
2519000	-1.0000000000	0.0010000000	0.0010000000	10	100	0	0.589194
2520000	-1.0000000000	0.0010000000	0.0010000000	10	100	0	0.616313
2521000	-1.0000000000	0.0010000000	0.0010000000	10	100	0	0.643393
2522000	-1.0000000000	0.0010000000	0.0010000000	10	100	0	0.696979
2523000	-1.0000000000	0.0010000000	0.0010000000	10	100	0	0.696979
2524000	-1.0000000000	0.0010000000	0.0010000000	10	100	0	0.670320
2525000	-1.0000000000	0.0010000000	0.0010000000	10	100	0	0.670320
2526000	-1.0000000000	0.0010000000	0.0010000000	10	100	0	0.670320
2527000	-1.0000000000	0.0010000000	0.0010000000	10	100	0	0.670320
2528000	-1.0000000000	0.0010000000	0.0010000000	10	100	0	0.670320
2529000	-1.0000000000	0.0010000000	0.0010000000	10	100	0	0.670320
2530000	-1.0000000000	0.0010000000	0.0010000000	10	100	0	0.643393
2531000	-1.0000000000	0.0010000000	0.0010000000	10	100	0	0.643393
2532000	-1.0000000000	0.0010000000	0.0010000000	10	100	0	0.616313
2533000	-1.0000000000	0.0010000000	0.0010000000	10	100	0	0.616313
2534000	-1.0000000000	0.0010000000	0.0010000000	10	100	0	0.589194
2535000	-1.0000000000	0.0010000000	0.0010000000	10	100	0	0.589194
2536000	-1.0000000000	0.0010000000	0.0010000000	10	100	0	0.589194
2537000	-1.0000000000	0.0010000000	0.0010000000	10	100	0	0.597330
2538000	-1.0000000000	0.0010000000	0.0010000000	10	100	0	0.589194
2539000	-1.0000000000	0.0010000000	0.0010000000	10	100	0	0.535261
2540000	-1.0000000000	0.0010000000	0.0010000000	10	100	0	0.482391
2541000	-1.0000000000	0.0010000000	0.0010000000	10	100	0	0.508648
2542000	-1.0000000000	0.0010000000	0.0010000000	10	100	0	0.562142
2543000	-1.0000000000	0.0010000000	0.0010000000	10	100	0	0.535261
2544000	-1.0000000000	0.0010000000	0.0010000000	10	100	0	0.508648
2545000	-1.0000000000	0.0010000000	0.0010000000	10	100	0	0.456576
2546000	-1.0000000000	0.0010000000	0.0010000000	10	100	0	0.456576
2547000	-1.0000000000	0.0010000000	0.0010000000	10	100	0	0.431279
2548000	-1.0000000000	0.0010000000	0.0010000000	10	100	0	0.431279
2549000	-1.0000000000	0.0010000000	0.0010000000	10	100	0	0.456576
2550000	-1.0000000000	0.0010000000	0.0010000000	10	100	0	0.508648
2551000	-1.0000000000	0.0010000000	0.0010000000	10	100	0	0.508648
2552000	-1.0000000000	0.0010000000	0.0010000000	10	100	0	0.456576
2553000	-1.0000000000	0.0010000000	0.0010000000	10	100	0	0.482391
2554000	-1.0000000000	0.0010000000	0.0010000000	10	100	0	0.431279
2555000	-1.0000000000	0.0010000000	0.0010000000	10	100	0	0.431279
2556000	-1.0000000000	0.0010000000	0.0010000000	10	100	0	0.431279
2557000	-1.0000000000	0.0010000000	0.0010000000	10	100	0	0.431279
2558000	-1.0000000000	0.0010000000	0.0010000000	10	100	0	0.482391
2559000	-1.0000000000	0.0010000000	0.0010000000	10	100	0	0.482391
2560000	-1.0000000000	0.0010000000	0.0010000000	10	100	0	0.482391
2561000	-1.0000000000	0.0010000000	0.0010000000	10	100	0	0.482391
2562000	-1.0000000000	0.0010000000	0.0010000000	10	100	0	0.482391
2563000	-1.0000000000	0.0010000000	0.0010000000	10	100	0	0.482391
2564000	-1.0000000000	0.0010000000	0.0010000000	10	100	0	0.456576
2565000	-1.0000000000	0.0010000000	0.0010000000	10	100	0	0.431279
2566000	-1.0000000000	0.0010000000	0.0010000000	10	100	0	0.431279
2567000	-1.0000000000	0.0010000000	0.0010000000	10	100	0	0.456576
2568000	-1.0000000000	0.0010000000	0.0010000000	10	100	0	0.456576
2569000	-1.0000000000	0.0010000000	0.0010000000	10	100	0	0.431279
2570000	-1.0000000000	0.0010000000	0.0010000000	10	100	0	0.431279
2571000	-1.0000000000	0.0010000000	0.0010000000	10	100	0	0.431279
2572000	-1.0000000000	0.0010000000	0.0010000000	10	100	0	0.431279
2573000	-1.0000000000	0.0010000000	0.0010000000	10	100	0	0.431279
2574000	-1.0000000000	0.0010000000	0.0010000000	10	100	0	0.431279
2575000	-1.0000000000	0.0010000000	0.0010000000	10	100	0	0.431279
2576000	-1.0000000000	0.0010000000	0.0010000000	10	100	0	0.431279
2577000	-1.0000000000	0.0010000000	0.0010000000	10	100	0	0.431279
2578000	-1.0000000000	0.0010000000	0.0010000000	10	100	0	0.456576
2579000	-1.0000000000	0.0010000000	0.0010000000	10	100	0	0.456576
2580000	-1.0000000000	0.0010000000	0.0010000000	10	100	0	0.456576
2581000	-1.0000000000	0.0010000000	0.0010000000	10	100	0	0.456576
2582000	-1.0000000000	0.0010000000	0.0010000000	10	100	0	0.482391
2583000	-1.0000000000	0.0010000000	0.0010000000	10	100	0	0.482391
2584000	-1.0000000000	0.0010000000	0.0010000000	10	100	0	0.482391
2585000	-1.0000000000	0.0010000000	0.0010000000	10	100	0	0.508648
2586000	-1.0000000000	0.0010000000	0.0010000000	10	100	0	0.508648
2587000	-1.0000000000	0.0010000000	0.0010000000	10	100	0	0.482391
2588000	-1.0000000000	0.0010000000	0.0010000000	10	100	0	0.482391
2589000	-1.0000000000	0.0010000000	0.0010000000	10	100	0	0.482391
2590000	-1.0000000000	0.0010000000	0.0010000000	10	100	0	0.482391
2591000	-1.0000000000	0.0010000000	0.0010000000	10	100	0	0.456576
2592000	-1.0000000000	0.0010000000	0.0010000000	10	100	0	0.431279
2593000	-1.0000000000	0.0010000000	0.0010000000	10	100	0	0.406570
2594000	-1.0000000000	0.0010000000	0.0010000000	10	100	0	0.431279
2595000	-1.0000000000	0.0010000000	0.0010000000	10	100	0	0.456576
2596000	-1.0000000000	0.0010000000	0.0010000000	10	100	0	0.456576
2597000	-1.0000000000	0.0010000000	0.0010000000	10	100	0	0.406570
2598000	-1.0000000000	0.0010000000	0.0010000000	10	100	0	0.406570
2599000	-1.0000000000	0.0010000000	0.0010000000	10	100	0	0.382510
2600000	-1.0000000000	0.0010000000	0.0010000000	10	100	0	0.336553
2601000	-1.0000000000	0.0010000000	0.0010000000	10	100	0	0.336553
2602000	-1.0000000000	0.0010000000	0.0010000000	10	100	0	0.359155
2603000	-1.0000000000	0.0010000000	0.0010000000	10	100	0	0.382510
2604000	-1.0000000000	0.0010000000	0.0010000000	10	100	0	0.406570
2605000	-1.0000000000	0.0010000000	0.0010000000	10	100	0	0.406570
2606000	-1.0000000000	0.0010000000	0.0010000000	10	100	0	0.406570
2607000	-1.0000000000	0.0010000000	0.0010000000	10	100	0	0.406570
2608000	-1.0000000000	0.0010000000	0.0010000000	10	100	0	0.382510
2609000	-1.0000000000	0.0010000000	0.0010000000	10	100	0	0.382510
2610000	-1.0000000000	0.0010000000	0.0010000000	10	100	0	0.431279
2611000	-1.0000000000	0.0010000000	0.0010000000	10	100	0	0.431279
2612000	-1.0000000000	0.0010000000	0.0010000000	10	100	0	0.406570
2613000	-1.0000000000	0.0010000000	0.0010000000	10	100	0	0.382510
2614000	-1.0000000000	0.0010000000	0.0010000000	10	100	0	0.382510
2615000	-1.0000000000	0.0010000000	0.0010000000	10	100	0	0.382510
2616000	-1.0000000000	0.0010000000	0.0010000000	10	100	0	0.382510
2617000	-1.0000000000	0.0010000000	0.0010000000	10	100	0	0.336553
2618000	-1.0000000000	0.0010000000	0.0010000000	10	100	0	0.336553
2619000	-1.0000000000	0.0010000000	0.0010000000	10	100	0	0.332191
2620000	-1.0000000000	0.0010000000	0.0010000000	10	100	0	0.336553
2621000	-1.0000000000	0.0010000000	0.0010000000	10	100	0	0.336553
2622000	-1.0000000000	0.0010000000	0.0010000000	10	100	0	0.336553
2623000	-1.0000000000	0.0010000000	0.0010000000	10	100	0	0.314743
2624000	-1.0000000000	0.0010000000	0.0010000000	10	100	0	0.336553
2625000	-1.0000000000	0.0010000000	0.0010000000	10	100	0	0.359155
2626000	-1.0000000000	0.0010000000	0.0010000000	10	100	0	0.359155
2627000	-1.0000000000	0.0010000000	0.0010000000	10	100	0	0.382510
2628000	-1.0000000000	0.0010000000	0.0010000000	10	100	0	0.382510
2629000	-1.0000000000	0.0010000000	0.0010000000	10	100	0	0.406570
2630000	-1.0000000000	0.0010000000	0.0010000000	10	100	0	0.406570
2631000	-1.0000000000	0.0010000000	0.0010000000	10	100	0	0.406570
2632000	-1.0000000000	0.0010000000	0.0010000000	10	100	0	0.431279
2633000	-1.0000000000	0.0010000000	0.0010000000	10	100	0	0.431279
2634000	-1.0000000000	0.0010000000	0.0010000000	10	100	0	0.456576
2635000	-1.0000000000	0.0010000000	0.0010000000	10	100	0	0.456576
2636000	-1.0000000000	0.0010000000	0.0010000000	10	100	0	0.482391
2637000	-1.0000000000	0.0010000000	0.0010000000	10	100	0	0.482391
2638000	-1.0000000000	0.0010000000	0.0010000000	10	100	0	0.508648
2639000	-1.0000000000	0.0010000000	0.0010000000	10	100	0	0.469484
2640000	-1.0000000000	0.0010000000	0.0010000000	10	100	0	0.431279
2641000	-1.0000000000	0.0010000000	0.0010000000	10	100	0	0.431279
2642000	-1.0000000000	0.0010000000	0.0010000000	10	100	0	0.431279
2643000	-1.0000000000	0.0010000000	0.0010000000	10	100	0	0.406570
2644000	-1.0000000000	0.0010000000	0.0010000000	10	100	0	0.406570
2645000	-1.0000000000	0.0010000000	0.0010000000	10	100	0	0.406570
2646000	-1.0000000000	0.0010000000	0.0010000000	10	100	0	0.456576
2647000	-1.0000000000	0.0010000000	0.0010000000	10	100	0	0.431279
2648000	-1.0000000000	0.0010000000	0.0010000000	10	100	0	0.406570
2649000	-1.0000000000	0.0010000000	0.0010000000	10	100	0	0.406570
2650000	-1.0000000000	0.0010000000	0.0010000000	10	100	0	0.406570
2651000	-1.0000000000	0.0010000000	0.0010000000	10	100	0	0.406570
2652000	-1.0000000000	0.0010000000	0.0010000000	10	100	0	0.406570
2653000	-1.0000000000	0.0010000000	0.0010000000	10	100	0	0.431279
2654000	-1.0000000000	0.0010000000	0.0010000000	10	100	0	0.431279
2655000	-1.0000000000	0.0010000000	0.0010000000	10	100	0	0.406570
2656000	-1.0000000000	0.0010000000	0.0010000000	10	100	0	0.431279
2657000	-1.0000000000	0.0010000000	0.0010000000	10	100	0	0.406570
2658000	-1.0000000000	0.0010000000	0.0010000000	10	100	0	0.431279
2659000	-1.0000000000	0.0010000000	0.0010000000	10	100	0	0.431279
2660000	-1.0000000000	0.0010000000	0.0010000000	10	100	0	0.431279
2661000	-1.0000000000	0.0010000000	0.0010000000	10	100	0	0.456576
2662000	-1.0000000000	0.0010000000	0.0010000000	10	100	0	0.456576
2663000	-1.0000000000	0.0010000000	0.0010000000	10	100	0	0.456576
2664000	-1.0000000000	0.0010000000	0.0010000000	10	100	0	0.482391
2665000	-1.0000000000	0.0010000000	0.0010000000	10	100	0	0.508648
2666000	-1.0000000000	0.0010000000	0.0010000000	10	100	0	0.508648
2667000	-1.0000000000	0.0010000000	0.0010000000	10	100	0	0.508648
2668000	-1.0000000000	0.0010000000	0.0010000000	10	100	0	0.456576
2669000	-1.0000000000	0.0010000000	0.0010000000	10	100	0	0.508648
2670000	-1.0000000000	0.0010000000	0.0010000000	10	100	0	0.508648
2671000	-1.0000000000	0.0010000000	0.0010000000	10	100	0	0.431279
2672000	-1.0000000000	0.0010000000	0.0010000000	10	100	0	0.431279
2673000	-1.0000000000	0.0010000000	0.0010000000	10	100	0	0.456576
2674000	-1.0000000000	0.0010000000	0.0010000000	10	100	0	0.456576
2675000	-1.0000000000	0.0010000000	0.0010000000	10	100	0	0.482391
2676000	-1.0000000000	0.0010000000	0.0010000000	10	100	0	0.508648
2677000	-1.0000000000	0.0010000000	0.0010000000	10	100	0	0.482391
2678000	-1.0000000000	0.0010000000	0.0010000000	10	100	0	0.508648
2679000	-1.0000000000	0.0010000000	0.0010000000	10	100	0	0.482391
2680000	-1.0000000000	0.0010000000	0.0010000000	10	100	0	0.456576
2681000	-1.0000000000	0.0010000000	0.0010000000	10	100	0	0.482391
2682000	-1.0000000000	0.0010000000	0.0010000000	10	100	0	0.456576
2683000	-1.0000000000	0.0010000000	0.0010000000	10	100	0	0.456576
2684000	-1.0000000000	0.0010000000	0.0010000000	10	100	0	0.431279
2685000	-1.0000000000	0.0010000000	0.0010000000	10	100	0	0.431279
2686000	-1.0000000000	0.0010000000	0.0010000000	10	100	0	0.406570
2687000	-1.0000000000	0.0010000000	0.0010000000	10	100	0	0.406570
2688000	-1.0000000000	0.0010000000	0.0010000000	10	100	0	0.382510
2689000	-1.0000000000	0.0010000000	0.0010000000	10	100	0	0.406570
2690000	-1.0000000000	0.0010000000	0.0010000000	10	100	0	0.406570
2691000	-1.0000000000	0.0010000000	0.0010000000	10	100	0	0.406570
2692000	-1.0000000000	0.0010000000	0.0010000000	10	100	0	0.431279
2693000	-1.0000000000	0.0010000000	0.0010000000	10	100	0	0.431279
2694000	-1.0000000000	0.0010000000	0.0010000000	10	100	0	0.456576
2695000	-1.0000000000	0.0010000000	0.0010000000	10	100	0	0.456576
2696000	-1.0000000000	0.0010000000	0.0010000000	10	100	0	0.456576
2697000	-1.0000000000	0.0010000000	0.0010000000	10	100	0	0.456576
2698000	-1.0000000000	0.0010000000	0.0010000000	10	100	0	0.411512
2699000	-1.0000000000	0.0010000000	0.0010000000	10	100	0	0.406570
2700000	-1.0000000000	0.0010000000	0.0010000000	10	100	0	0.382510
2701000	-1.0000000000	0.0010000000	0.0010000000	10	100	0	0.406570
2702000	-1.0000000000	0.0010000000	0.0010000000	10	100	0	0.406570
2703000	-1.0000000000	0.0010000000	0.0010000000	10	100	0	0.406570
2704000	-1.0000000000	0.0010000000	0.0010000000	10	100	0	0.406570
2705000	-1.0000000000	0.0010000000	0.0010000000	10	100	0	0.431279
2706000	-1.0000000000	0.0010000000	0.0010000000	10	100	0	0.431279
2707000	-1.0000000000	0.0010000000	0.0010000000	10	100	0	0.431279
2708000	-1.0000000000	0.0010000000	0.0010000000	10	100	0	0.482391
2709000	-1.0000000000	0.0010000000	0.0010000000	10	100	0	0.482391
2710000	-1.0000000000	0.0010000000	0.0010000000	10	100	0	0.456576
2711000	-1.0000000000	0.0010000000	0.0010000000	10	100	0	0.456576
2712000	-1.0000000000	0.0010000000	0.0010000000	10	100	0	0.456576
2713000	-1.0000000000	0.0010000000	0.0010000000	10	100	0	0.482391
2714000	-1.0000000000	0.0010000000	0.0010000000	10	100	0	0.508648
2715000	-1.0000000000	0.0010000000	0.0010000000	10	100	0	0.508648
2716000	-1.0000000000	0.0010000000	0.0010000000	10	100	0	0.508648
2717000	-1.0000000000	0.0010000000	0.0010000000	10	100	0	0.482391
2718000	-1.0000000000	0.0010000000	0.0010000000	10	100	0	0.508648
2719000	-1.0000000000	0.0010000000	0.0010000000	10	100	0	0.508648
2720000	-1.0000000000	0.0010000000	0.0010000000	10	100	0	0.508648
2721000	-1.0000000000	0.0010000000	0.0010000000	10	100	0	0.508648
2722000	-1.0000000000	0.0010000000	0.0010000000	10	100	0	0.482391
2723000	-1.0000000000	0.0010000000	0.0010000000	10	100	0	0.482391
2724000	-1.0000000000	0.0010000000	0.0010000000	10	100	0	0.508648
2725000	-1.0000000000	0.0010000000	0.0010000000	10	100	0	0.482391
2726000	-1.0000000000	0.0010000000	0.0010000000	10	100	0	0.482391
2727000	-1.0000000000	0.0010000000	0.0010000000	10	100	0	0.406570
2728000	-1.0000000000	0.0010000000	0.0010000000	10	100	0	0.382510
2729000	-1.0000000000	0.0010000000	0.0010000000	10	100	0	0.382510
2730000	-1.0000000000	0.0010000000	0.0010000000	10	100	0	0.382510
2731000	-1.0000000000	0.0010000000	0.0010000000	10	100	0	0.406570
2732000	-1.0000000000	0.0010000000	0.0010000000	10	100	0	0.406570
2733000	-1.0000000000	0.0010000000	0.0010000000	10	100	0	0.359155
2734000	-1.0000000000	0.0010000000	0.0010000000	10	100	0	0.382510
2735000	-1.0000000000	0.0010000000	0.0010000000	10	100	0	0.359155
2736000	-1.0000000000	0.0010000000	0.0010000000	10	100	0	0.359155
2737000	-1.0000000000	0.0010000000	0.0010000000	10	100	0	0.359155
2738000	-1.0000000000	0.0010000000	0.0010000000	10	100	0	0.382510
2739000	-1.0000000000	0.0010000000	0.0010000000	10	100	0	0.406570
2740000	-1.0000000000	0.0010000000	0.0010000000	10	100	0	0.406570
2741000	-1.0000000000	0.0010000000	0.0010000000	10	100	0	0.431279
2742000	-1.0000000000	0.0010000000	0.0010000000	10	100	0	0.406570
2743000	-1.0000000000	0.0010000000	0.0010000000	10	100	0	0.382510
2744000	-1.0000000000	0.0010000000	0.0010000000	10	100	0	0.359155
2745000	-1.0000000000	0.0010000000	0.0010000000	10	100	0	0.359155
2746000	-1.0000000000	0.0010000000	0.0010000000	10	100	0	0.359155
2747000	-1.0000000000	0.0010000000	0.0010000000	10	100	0	0.382510
2748000	-1.0000000000	0.0010000000	0.0010000000	10	100	0	0.406570
2749000	-1.0000000000	0.0010000000	0.0010000000	10	100	0	0.382510
2750000	-1.0000000000	0.0010000000	0.0010000000	10	100	0	0.382510
2751000	-1.0000000000	0.0010000000	0.0010000000	10	100	0	0.382510
2752000	-1.0000000000	0.0010000000	0.0010000000	10	100	0	0.382510
2753000	-1.0000000000	0.0010000000	0.0010000000	10	100	0	0.382510
2754000	-1.0000000000	0.0010000000	0.0010000000	10	100	0	0.350114
2755000	-1.0000000000	0.0010000000	0.0010000000	10	100	0	0.336553
2756000	-1.0000000000	0.0010000000	0.0010000000	10	100	0	0.336553
2757000	-1.0000000000	0.0010000000	0.0010000000	10	100	0	0.336553
2758000	-1.0000000000	0.0010000000	0.0010000000	10	100	0	0.336553
2759000	-1.0000000000	0.0010000000	0.0010000000	10	100	0	0.314743
2760000	-1.0000000000	0.0010000000	0.0010000000	10	100	0	0.314743
2761000	-1.0000000000	0.0010000000	0.0010000000	10	100	0	0.314743
2762000	-1.0000000000	0.0010000000	0.0010000000	10	100	0	0.314743
2763000	-1.0000000000	0.0010000000	0.0010000000	10	100	0	0.314743
2764000	-1.0000000000	0.0010000000	0.0010000000	10	100	0	0.314743
2765000	-1.0000000000	0.0010000000	0.0010000000	10	100	0	0.273624
2766000	-1.0000000000	0.0010000000	0.0010000000	10	100	0	0.273624
2767000	-1.0000000000	0.0010000000	0.0010000000	10	100	0	0.293758
2768000	-1.0000000000	0.0010000000	0.0010000000	10	100	0	0.293758
2769000	-1.0000000000	0.0010000000	0.0010000000	10	100	0	0.336553
2770000	-1.0000000000	0.0010000000	0.0010000000	10	100	0	0.293758
2771000	-1.0000000000	0.0010000000	0.0010000000	10	100	0	0.293758
2772000	-1.0000000000	0.0010000000	0.0010000000	10	100	0	0.293758
2773000	-1.0000000000	0.0010000000	0.0010000000	10	100	0	0.314743
2774000	-1.0000000000	0.0010000000	0.0010000000	10	100	0	0.314743
2775000	-1.0000000000	0.0010000000	0.0010000000	10	100	0	0.314743
2776000	-1.0000000000	0.0010000000	0.0010000000	10	100	0	0.314743
2777000	-1.0000000000	0.0010000000	0.0010000000	10	100	0	0.336553
2778000	-1.0000000000	0.0010000000	0.0010000000	10	100	0	0.336553
2779000	-1.0000000000	0.0010000000	0.0010000000	10	100	0	0.336553
2780000	-1.0000000000	0.0010000000	0.0010000000	10	100	0	0.314743
2781000	-1.0000000000	0.0010000000	0.0010000000	10	100	0	0.334372
2782000	-1.0000000000	0.0010000000	0.0010000000	10	100	0	0.314743
2783000	-1.0000000000	0.0010000000	0.0010000000	10	100	0	0.314743
2784000	-1.0000000000	0.0010000000	0.0010000000	10	100	0	0.293758
2785000	-1.0000000000	0.0010000000	0.0010000000	10	100	0	0.273624
2786000	-1.0000000000	0.0010000000	0.0010000000	10	100	0	0.273624
2787000	-1.0000000000	0.0010000000	0.0010000000	10	100	0	0.273624
2788000	-1.0000000000	0.0010000000	0.0010000000	10	100	0	0.273624
2789000	-1.0000000000	0.0010000000	0.0010000000	10	100	0	0.273624
2790000	-1.0000000000	0.0010000000	0.0010000000	10	100	0	0.267845
2791000	-1.0000000000	0.0010000000	0.0010000000	10	100	0	0.273624
2792000	-1.0000000000	0.0010000000	0.0010000000	10	100	0	0.293758
2793000	-1.0000000000	0.0010000000	0.0010000000	10	100	0	0.273624
2794000	-1.0000000000	0.0010000000	0.0010000000	10	100	0	0.273624
2795000	-1.0000000000	0.0010000000	0.0010000000	10	100	0	0.293758
2796000	-1.0000000000	0.0010000000	0.0010000000	10	100	0	0.273624
2797000	-1.0000000000	0.0010000000	0.0010000000	10	100	0	0.273624
2798000	-1.0000000000	0.0010000000	0.0010000000	10	100	0	0.273624
2799000	-1.0000000000	0.0010000000	0.0010000000	10	100	0	0.273624
2800000	-1.0000000000	0.0010000000	0.0010000000	10	100	0	0.273624
2801000	-1.0000000000	0.0010000000	0.0010000000	10	100	0	0.293758
2802000	-1.0000000000	0.0010000000	0.0010000000	10	100	0	0.293758
2803000	-1.0000000000	0.0010000000	0.0010000000	10	100	0	0.314743
2804000	-1.0000000000	0.0010000000	0.0010000000	10	100	0	0.321286
2805000	-1.0000000000	0.0010000000	0.0010000000	10	100	0	0.336553
2806000	-1.0000000000	0.0010000000	0.0010000000	10	100	0	0.336553
2807000	-1.0000000000	0.0010000000	0.0010000000	10	100	0	0.336553
2808000	-1.0000000000	0.0010000000	0.0010000000	10	100	0	0.359155
2809000	-1.0000000000	0.0010000000	0.0010000000	10	100	0	0.406570
2810000	-1.0000000000	0.0010000000	0.0010000000	10	100	0	0.406570
2811000	-1.0000000000	0.0010000000	0.0010000000	10	100	0	0.431279
2812000	-1.0000000000	0.0010000000	0.0010000000	10	100	0	0.431279
2813000	-1.0000000000	0.0010000000	0.0010000000	10	100	0	0.456576
2814000	-1.0000000000	0.0010000000	0.0010000000	10	100	0	0.431279
2815000	-1.0000000000	0.0010000000	0.0010000000	10	100	0	0.382510
2816000	-1.0000000000	0.0010000000	0.0010000000	10	100	0	0.406570
2817000	-1.0000000000	0.0010000000	0.0010000000	10	100	0	0.431279
2818000	-1.0000000000	0.0010000000	0.0010000000	10	100	0	0.456576
2819000	-1.0000000000	0.0010000000	0.0010000000	10	100	0	0.456576
2820000	-1.0000000000	0.0010000000	0.0010000000	10	100	0	0.482391
2821000	-1.0000000000	0.0010000000	0.0010000000	10	100	0	0.456576
2822000	-1.0000000000	0.0010000000	0.0010000000	10	100	0	0.482391
2823000	-1.0000000000	0.0010000000	0.0010000000	10	100	0	0.482391
2824000	-1.0000000000	0.0010000000	0.0010000000	10	100	0	0.456576
2825000	-1.0000000000	0.0010000000	0.0010000000	10	100	0	0.431279
2826000	-1.0000000000	0.0010000000	0.0010000000	10	100	0	0.456576
2827000	-1.0000000000	0.0010000000	0.0010000000	10	100	0	0.431279
2828000	-1.0000000000	0.0010000000	0.0010000000	10	100	0	0.456576
2829000	-1.0000000000	0.0010000000	0.0010000000	10	100	0	0.482391
2830000	-1.0000000000	0.0010000000	0.0010000000	10	100	0	0.482391
2831000	-1.0000000000	0.0010000000	0.0010000000	10	100	0	0.456576
2832000	-1.0000000000	0.0010000000	0.0010000000	10	100	0	0.508648
2833000	-1.0000000000	0.0010000000	0.0010000000	10	100	0	0.535261
2834000	-1.0000000000	0.0010000000	0.0010000000	10	100	0	0.508648
2835000	-1.0000000000	0.0010000000	0.0010000000	10	100	0	0.508648
2836000	-1.0000000000	0.0010000000	0.0010000000	10	100	0	0.535261
2837000	-1.0000000000	0.0010000000	0.0010000000	10	100	0	0.535261
2838000	-1.0000000000	0.0010000000	0.0010000000	10	100	0	0.508648
2839000	-1.0000000000	0.0010000000	0.0010000000	10	100	0	0.508648
2840000	-1.0000000000	0.0010000000	0.0010000000	10	100	0	0.482391
2841000	-1.0000000000	0.0010000000	0.0010000000	10	100	0	0.482391
2842000	-1.0000000000	0.0010000000	0.0010000000	10	100	0	0.456576
2843000	-1.0000000000	0.0010000000	0.0010000000	10	100	0	0.456576
2844000	-1.0000000000	0.0010000000	0.0010000000	10	100	0	0.406570
2845000	-1.0000000000	0.0010000000	0.0010000000	10	100	0	0.406570
2846000	-1.0000000000	0.0010000000	0.0010000000	10	100	0	0.404164
2847000	-1.0000000000	0.0010000000	0.0010000000	10	100	0	0.406570
2848000	-1.0000000000	0.0010000000	0.0010000000	10	100	0	0.431279
2849000	-1.0000000000	0.0010000000	0.0010000000	10	100	0	0.431279
2850000	-1.0000000000	0.0010000000	0.0010000000	10	100	0	0.431279
2851000	-1.0000000000	0.0010000000	0.0010000000	10	100	0	0.431279
2852000	-1.0000000000	0.0010000000	0.0010000000	10	100	0	0.431279
2853000	-1.0000000000	0.0010000000	0.0010000000	10	100	0	0.456576
2854000	-1.0000000000	0.0010000000	0.0010000000	10	100	0	0.448987
2855000	-1.0000000000	0.0010000000	0.0010000000	10	100	0	0.482391
2856000	-1.0000000000	0.0010000000	0.0010000000	10	100	0	0.508648
2857000	-1.0000000000	0.0010000000	0.0010000000	10	100	0	0.508648
2858000	-1.0000000000	0.0010000000	0.0010000000	10	100	0	0.508648
2859000	-1.0000000000	0.0010000000	0.0010000000	10	100	0	0.508648
2860000	-1.0000000000	0.0010000000	0.0010000000	10	100	0	0.482391
2861000	-1.0000000000	0.0010000000	0.0010000000	10	100	0	0.508648
2862000	-1.0000000000	0.0010000000	0.0010000000	10	100	0	0.508648
2863000	-1.0000000000	0.0010000000	0.0010000000	10	100	0	0.508648
2864000	-1.0000000000	0.0010000000	0.0010000000	10	100	0	0.482391
2865000	-1.0000000000	0.0010000000	0.0010000000	10	100	0	0.482391
2866000	-1.0000000000	0.0010000000	0.0010000000	10	100	0	0.482391
2867000	-1.0000000000	0.0010000000	0.0010000000	10	100	0	0.461739
2868000	-1.0000000000	0.0010000000	0.0010000000	10	100	0	0.456576
2869000	-1.0000000000	0.0010000000	0.0010000000	10	100	0	0.456576
2870000	-1.0000000000	0.0010000000	0.0010000000	10	100	0	0.482391
2871000	-1.0000000000	0.0010000000	0.0010000000	10	100	0	0.535261
2872000	-1.0000000000	0.0010000000	0.0010000000	10	100	0	0.562142
2873000	-1.0000000000	0.0010000000	0.0010000000	10	100	0	0.589194
2874000	-1.0000000000	0.0010000000	0.0010000000	10	100	0	0.535261
2875000	-1.0000000000	0.0010000000	0.0010000000	10	100	0	0.562142
2876000	-1.0000000000	0.0010000000	0.0010000000	10	100	0	0.589194
2877000	-1.0000000000	0.0010000000	0.0010000000	10	100	0	0.589194
2878000	-1.0000000000	0.0010000000	0.0010000000	10	100	0	0.562142
2879000	-1.0000000000	0.0010000000	0.0010000000	10	100	0	0.562142
2880000	-1.0000000000	0.0010000000	0.0010000000	10	100	0	0.589194
2881000	-1.0000000000	0.0010000000	0.0010000000	10	100	0	0.589194
2882000	-1.0000000000	0.0010000000	0.0010000000	10	100	0	0.535261
2883000	-1.0000000000	0.0010000000	0.0010000000	10	100	0	0.535261
2884000	-1.0000000000	0.0010000000	0.0010000000	10	100	0	0.562142
2885000	-1.0000000000	0.0010000000	0.0010000000	10	100	0	0.562142
2886000	-1.0000000000	0.0010000000	0.0010000000	10	100	0	0.589194
2887000	-1.0000000000	0.0010000000	0.0010000000	10	100	0	0.589194
2888000	-1.0000000000	0.0010000000	0.0010000000	10	100	0	0.589194
2889000	-1.0000000000	0.0010000000	0.0010000000	10	100	0	0.616313
2890000	-1.0000000000	0.0010000000	0.0010000000	10	100	0	0.616313
2891000	-1.0000000000	0.0010000000	0.0010000000	10	100	0	0.589194
2892000	-1.0000000000	0.0010000000	0.0010000000	10	100	0	0.616313
2893000	-1.0000000000	0.0010000000	0.0010000000	10	100	0	0.616313
2894000	-1.0000000000	0.0010000000	0.0010000000	10	100	0	0.616313
2895000	-1.0000000000	0.0010000000	0.0010000000	10	100	0	0.616313
2896000	-1.0000000000	0.0010000000	0.0010000000	10	100	0	0.643393
2897000	-1.0000000000	0.0010000000	0.0010000000	10	100	0	0.616313
2898000	-1.0000000000	0.0010000000	0.0010000000	10	100	0	0.589194
2899000	-1.0000000000	0.0010000000	0.0010000000	10	100	0	0.562142
2900000	-1.0000000000	0.0010000000	0.0010000000	10	100	0	0.540638
2901000	-1.0000000000	0.0010000000	0.0010000000	10	100	0	0.535261
2902000	-1.0000000000	0.0010000000	0.0010000000	10	100	0	0.562142
2903000	-1.0000000000	0.0010000000	0.0010000000	10	100	0	0.562142
2904000	-1.0000000000	0.0010000000	0.0010000000	10	100	0	0.562142
2905000	-1.0000000000	0.0010000000	0.0010000000	10	100	0	0.562142
2906000	-1.0000000000	0.0010000000	0.0010000000	10	100	0	0.562142
2907000	-1.0000000000	0.0010000000	0.0010000000	10	100	0	0.589194
2908000	-1.0000000000	0.0010000000	0.0010000000	10	100	0	0.562142
2909000	-1.0000000000	0.0010000000	0.0010000000	10	100	0	0.616313
2910000	-1.0000000000	0.0010000000	0.0010000000	10	100	0	0.616313
2911000	-1.0000000000	0.0010000000	0.0010000000	10	100	0	0.616313
2912000	-1.0000000000	0.0010000000	0.0010000000	10	100	0	0.616313
2913000	-1.0000000000	0.0010000000	0.0010000000	10	100	0	0.616313
2914000	-1.0000000000	0.0010000000	0.0010000000	10	100	0	0.610889
2915000	-1.0000000000	0.0010000000	0.0010000000	10	100	0	0.616313
2916000	-1.0000000000	0.0010000000	0.0010000000	10	100	0	0.589194
2917000	-1.0000000000	0.0010000000	0.0010000000	10	100	0	0.562142
2918000	-1.0000000000	0.0010000000	0.0010000000	10	100	0	0.562142
2919000	-1.0000000000	0.0010000000	0.0010000000	10	100	0	0.562142
2920000	-1.0000000000	0.0010000000	0.0010000000	10	100	0	0.562142
2921000	-1.0000000000	0.0010000000	0.0010000000	10	100	0	0.589194
2922000	-1.0000000000	0.0010000000	0.0010000000	10	100	0	0.616313
2923000	-1.0000000000	0.0010000000	0.0010000000	10	100	0	0.616313
2924000	-1.0000000000	0.0010000000	0.0010000000	10	100	0	0.616313
2925000	-1.0000000000	0.0010000000	0.0010000000	10	100	0	0.616313
2926000	-1.0000000000	0.0010000000	0.0010000000	10	100	0	0.616313
2927000	-1.0000000000	0.0010000000	0.0010000000	10	100	0	0.616313
2928000	-1.0000000000	0.0010000000	0.0010000000	10	100	0	0.613601
2929000	-1.0000000000	0.0010000000	0.0010000000	10	100	0	0.589194
2930000	-1.0000000000	0.0010000000	0.0010000000	10	100	0	0.589194
2931000	-1.0000000000	0.0010000000	0.0010000000	10	100	0	0.562142
2932000	-1.0000000000	0.0010000000	0.0010000000	10	100	0	0.562142
2933000	-1.0000000000	0.0010000000	0.0010000000	10	100	0	0.586489
2934000	-1.0000000000	0.0010000000	0.0010000000	10	100	0	0.589194
2935000	-1.0000000000	0.0010000000	0.0010000000	10	100	0	0.562142
2936000	-1.0000000000	0.0010000000	0.0010000000	10	100	0	0.616313
2937000	-1.0000000000	0.0010000000	0.0010000000	10	100	0	0.616313
2938000	-1.0000000000	0.0010000000	0.0010000000	10	100	0	0.589194
2939000	-1.0000000000	0.0010000000	0.0010000000	10	100	0	0.572963
2940000	-1.0000000000	0.0010000000	0.0010000000	10	100	0	0.589194
2941000	-1.0000000000	0.0010000000	0.0010000000	10	100	0	0.589194
2942000	-1.0000000000	0.0010000000	0.0010000000	10	100	0	0.589194
2943000	-1.0000000000	0.0010000000	0.0010000000	10	100	0	0.589194
2944000	-1.0000000000	0.0010000000	0.0010000000	10	100	0	0.562142
2945000	-1.0000000000	0.0010000000	0.0010000000	10	100	0	0.535261
2946000	-1.0000000000	0.0010000000	0.0010000000	10	100	0	0.508648
2947000	-1.0000000000	0.0010000000	0.0010000000	10	100	0	0.508648
2948000	-1.0000000000	0.0010000000	0.0010000000	10	100	0	0.535261
2949000	-1.0000000000	0.0010000000	0.0010000000	10	100	0	0.562142
2950000	-1.0000000000	0.0010000000	0.0010000000	10	100	0	0.562142
2951000	-1.0000000000	0.0010000000	0.0010000000	10	100	0	0.562142
2952000	-1.0000000000	0.0010000000	0.0010000000	10	100	0	0.616313
2953000	-1.0000000000	0.0010000000	0.0010000000	10	100	0	0.643393
2954000	-1.0000000000	0.0010000000	0.0010000000	10	100	0	0.643393
2955000	-1.0000000000	0.0010000000	0.0010000000	10	100	0	0.616313
2956000	-1.0000000000	0.0010000000	0.0010000000	10	100	0	0.616313
2957000	-1.0000000000	0.0010000000	0.0010000000	10	100	0	0.616313
2958000	-1.0000000000	0.0010000000	0.0010000000	10	100	0	0.589194
2959000	-1.0000000000	0.0010000000	0.0010000000	10	100	0	0.562142
2960000	-1.0000000000	0.0010000000	0.0010000000	10	100	0	0.562142
2961000	-1.0000000000	0.0010000000	0.0010000000	10	100	0	0.562142
2962000	-1.0000000000	0.0010000000	0.0010000000	10	100	0	0.589194
2963000	-1.0000000000	0.0010000000	0.0010000000	10	100	0	0.616313
2964000	-1.0000000000	0.0010000000	0.0010000000	10	100	0	0.589194
2965000	-1.0000000000	0.0010000000	0.0010000000	10	100	0	0.589194
2966000	-1.0000000000	0.0010000000	0.0010000000	10	100	0	0.589194
2967000	-1.0000000000	0.0010000000	0.0010000000	10	100	0	0.589194
2968000	-1.0000000000	0.0010000000	0.0010000000	10	100	0	0.482391
2969000	-1.0000000000	0.0010000000	0.0010000000	10	100	0	0.482391
2970000	-1.0000000000	0.0010000000	0.0010000000	10	100	0	0.482391
2971000	-1.0000000000	0.0010000000	0.0010000000	10	100	0	0.508648
2972000	-1.0000000000	0.0010000000	0.0010000000	10	100	0	0.508648
2973000	-1.0000000000	0.0010000000	0.0010000000	10	100	0	0.521954
2974000	-1.0000000000	0.0010000000	0.0010000000	10	100	0	0.482391
2975000	-1.0000000000	0.0010000000	0.0010000000	10	100	0	0.508648
2976000	-1.0000000000	0.0010000000	0.0010000000	10	100	0	0.508648
2977000	-1.0000000000	0.0010000000	0.0010000000	10	100	0	0.482391
2978000	-1.0000000000	0.0010000000	0.0010000000	10	100	0	0.482391
2979000	-1.0000000000	0.0010000000	0.0010000000	10	100	0	0.482391
2980000	-1.0000000000	0.0010000000	0.0010000000	10	100	0	0.482391
2981000	-1.0000000000	0.0010000000	0.0010000000	10	100	0	0.482391
2982000	-1.0000000000	0.0010000000	0.0010000000	10	100	0	0.482391
2983000	-1.0000000000	0.0010000000	0.0010000000	10	100	0	0.482391
2984000	-1.0000000000	0.0010000000	0.0010000000	10	100	0	0.456576
2985000	-1.0000000000	0.0010000000	0.0010000000	10	100	0	0.448987
2986000	-1.0000000000	0.0010000000	0.0010000000	10	100	0	0.508648
2987000	-1.0000000000	0.0010000000	0.0010000000	10	100	0	0.508648
2988000	-1.0000000000	0.0010000000	0.0010000000	10	100	0	0.535261
2989000	-1.0000000000	0.0010000000	0.0010000000	10	100	0	0.508648
2990000	-1.0000000000	0.0010000000	0.0010000000	10	100	0	0.508648
2991000	-1.0000000000	0.0010000000	0.0010000000	10	100	0	0.508648
2992000	-1.0000000000	0.0010000000	0.0010000000	10	100	0	0.535261
2993000	-1.0000000000	0.0010000000	0.0010000000	10	100	0	0.508648
2994000	-1.0000000000	0.0010000000	0.0010000000	10	100	0	0.535261
2995000	-1.0000000000	0.0010000000	0.0010000000	10	100	0	0.508648
2996000	-1.0000000000	0.0010000000	0.0010000000	10	100	0	0.508648
2997000	-1.0000000000	0.0010000000	0.0010000000	10	100	0	0.508648
2998000	-1.0000000000	0.0010000000	0.0010000000	10	100	0	0.508648
2999000	-1.0000000000	0.0010000000	0.0010000000	10	100	0	0.508648
3000000	-1.0000000000	0.0010000000	0.0010000000	10	100	0	0.482391
