time	epistasis_coef	sel_coef	mu_prob	Ne	L	k_start	mean_fitness
2000000	-0.2000000000	0.0001000000	0.1000000000	10	100	0	0.990002
2001000	-0.2000000000	0.0001000000	0.1000000000	10	100	0	0.989125
2002000	-0.2000000000	0.0001000000	0.1000000000	10	100	0	0.989307
2003000	-0.2000000000	0.0001000000	0.1000000000	10	100	0	0.990052
2004000	-0.2000000000	0.0001000000	0.1000000000	10	100	0	0.990741
2005000	-0.2000000000	0.0001000000	0.1000000000	10	100	0	0.988996
2006000	-0.2000000000	0.0001000000	0.1000000000	10	100	0	0.989820
2007000	-0.2000000000	0.0001000000	0.1000000000	10	100	0	0.986215
2008000	-0.2000000000	0.0001000000	0.1000000000	10	100	0	0.988915
2009000	-0.2000000000	0.0001000000	0.1000000000	10	100	0	0.989488
2010000	-0.2000000000	0.0001000000	0.1000000000	10	100	0	0.987525
2011000	-0.2000000000	0.0001000000	0.1000000000	10	100	0	0.988840
2012000	-0.2000000000	0.0001000000	0.1000000000	10	100	0	0.991170
2013000	-0.2000000000	0.0001000000	0.1000000000	10	100	0	0.990156
2014000	-0.2000000000	0.0001000000	0.1000000000	10	100	0	0.988473
2015000	-0.2000000000	0.0001000000	0.1000000000	10	100	0	0.988996
2016000	-0.2000000000	0.0001000000	0.1000000000	10	100	0	0.990893
2017000	-0.2000000000	0.0001000000	0.1000000000	10	100	0	0.988369
2018000	-0.2000000000	0.0001000000	0.1000000000	10	100	0	0.990766
2019000	-0.2000000000	0.0001000000	0.1000000000	10	100	0	0.990232
2020000	-0.2000000000	0.0001000000	0.1000000000	10	100	0	0.989048
2021000	-0.2000000000	0.0001000000	0.1000000000	10	100	0	0.989591
2022000	-0.2000000000	0.0001000000	0.1000000000	10	100	0	0.989177
2023000	-0.2000000000	0.0001000000	0.1000000000	10	100	0	0.990512
2024000	-0.2000000000	0.0001000000	0.1000000000	10	100	0	0.989514
2025000	-0.2000000000	0.0001000000	0.1000000000	10	100	0	0.989307
2026000	-0.2000000000	0.0001000000	0.1000000000	10	100	0	0.989278
2027000	-0.2000000000	0.0001000000	0.1000000000	10	100	0	0.990665
2028000	-0.2000000000	0.0001000000	0.1000000000	10	100	0	0.989540
2029000	-0.2000000000	0.0001000000	0.1000000000	10	100	0	0.989462
2030000	-0.2000000000	0.0001000000	0.1000000000	10	100	0	0.987816
2031000	-0.2000000000	0.0001000000	0.1000000000	10	100	0	0.989874
2032000	-0.2000000000	0.0001000000	0.1000000000	10	100	0	0.987578
2033000	-0.2000000000	0.0001000000	0.1000000000	10	100	0	0.988891
2034000	-0.2000000000	0.0001000000	0.1000000000	10	100	0	0.989848
2035000	-0.2000000000	0.0001000000	0.1000000000	10	100	0	0.989720
2036000	-0.2000000000	0.0001000000	0.1000000000	10	100	0	0.990867
2037000	-0.2000000000	0.0001000000	0.1000000000	10	100	0	0.991195
2038000	-0.2000000000	0.0001000000	0.1000000000	10	100	0	0.990156
2039000	-0.2000000000	0.0001000000	0.1000000000	10	100	0	0.990207
2040000	-0.2000000000	0.0001000000	0.1000000000	10	100	0	0.986805
2041000	-0.2000000000	0.0001000000	0.1000000000	10	100	0	0.988105
2042000	-0.2000000000	0.0001000000	0.1000000000	10	100	0	0.988866
2043000	-0.2000000000	0.0001000000	0.1000000000	10	100	0	0.987869
2044000	-0.2000000000	0.0001000000	0.1000000000	10	100	0	0.988552
2045000	-0.2000000000	0.0001000000	0.1000000000	10	100	0	0.989306
2046000	-0.2000000000	0.0001000000	0.1000000000	10	100	0	0.987816
2047000	-0.2000000000	0.0001000000	0.1000000000	10	100	0	0.989977
2048000	-0.2000000000	0.0001000000	0.1000000000	10	100	0	0.990842
2049000	-0.2000000000	0.0001000000	0.1000000000	10	100	0	0.989951
2050000	-0.2000000000	0.0001000000	0.1000000000	10	100	0	0.987711
2051000	-0.2000000000	0.0001000000	0.1000000000	10	100	0	0.990386
2052000	-0.2000000000	0.0001000000	0.1000000000	10	100	0	0.988866
2053000	-0.2000000000	0.0001000000	0.1000000000	10	100	0	0.988918
2054000	-0.2000000000	0.0001000000	0.1000000000	10	100	0	0.988238
2055000	-0.2000000000	0.0001000000	0.1000000000	10	100	0	0.988762
2056000	-0.2000000000	0.0001000000	0.1000000000	10	100	0	0.988131
2057000	-0.2000000000	0.0001000000	0.1000000000	10	100	0	0.990025
2058000	-0.2000000000	0.0001000000	0.1000000000	10	100	0	0.991169
2059000	-0.2000000000	0.0001000000	0.1000000000	10	100	0	0.987684
2060000	-0.2000000000	0.0001000000	0.1000000000	10	100	0	0.987339
2061000	-0.2000000000	0.0001000000	0.1000000000	10	100	0	0.989281
2062000	-0.2000000000	0.0001000000	0.1000000000	10	100	0	0.990156
2063000	-0.2000000000	0.0001000000	0.1000000000	10	100	0	0.987498
2064000	-0.2000000000	0.0001000000	0.1000000000	10	100	0	0.989230
2065000	-0.2000000000	0.0001000000	0.1000000000	10	100	0	0.989926
2066000	-0.2000000000	0.0001000000	0.1000000000	10	100	0	0.990589
2067000	-0.2000000000	0.0001000000	0.1000000000	10	100	0	0.987975
2068000	-0.2000000000	0.0001000000	0.1000000000	10	100	0	0.989513
2069000	-0.2000000000	0.0001000000	0.1000000000	10	100	0	0.990842
2070000	-0.2000000000	0.0001000000	0.1000000000	10	100	0	0.990690
2071000	-0.2000000000	0.0001000000	0.1000000000	10	100	0	0.989720
2072000	-0.2000000000	0.0001000000	0.1000000000	10	100	0	0.989590
2073000	-0.2000000000	0.0001000000	0.1000000000	10	100	0	0.989048
2074000	-0.2000000000	0.0001000000	0.1000000000	10	100	0	0.987498
2075000	-0.2000000000	0.0001000000	0.1000000000	10	100	0	0.988866
2076000	-0.2000000000	0.0001000000	0.1000000000	10	100	0	0.988395
2077000	-0.2000000000	0.0001000000	0.1000000000	10	100	0	0.988395
2078000	-0.2000000000	0.0001000000	0.1000000000	10	100	0	0.989925
2079000	-0.2000000000	0.0001000000	0.1000000000	10	100	0	0.988422
2080000	-0.2000000000	0.0001000000	0.1000000000	10	100	0	0.989643
2081000	-0.2000000000	0.0001000000	0.1000000000	10	100	0	0.987313
2082000	-0.2000000000	0.0001000000	0.1000000000	10	100	0	0.988290
2083000	-0.2000000000	0.0001000000	0.1000000000	10	100	0	0.989487
2084000	-0.2000000000	0.0001000000	0.1000000000	10	100	0	0.988131
2085000	-0.2000000000	0.0001000000	0.1000000000	10	100	0	0.989643
2086000	-0.2000000000	0.0001000000	0.1000000000	10	100	0	0.987366
2087000	-0.2000000000	0.0001000000	0.1000000000	10	100	0	0.990613
2088000	-0.2000000000	0.0001000000	0.1000000000	10	100	0	0.991219
2089000	-0.2000000000	0.0001000000	0.1000000000	10	100	0	0.990079
2090000	-0.2000000000	0.0001000000	0.1000000000	10	100	0	0.990892
2091000	-0.2000000000	0.0001000000	0.1000000000	10	100	0	0.987260
2092000	-0.2000000000	0.0001000000	0.1000000000	10	100	0	0.988709
2093000	-0.2000000000	0.0001000000	0.1000000000	10	100	0	0.987922
2094000	-0.2000000000	0.0001000000	0.1000000000	10	100	0	0.989462
2095000	-0.2000000000	0.0001000000	0.1000000000	10	100	0	0.990156
2096000	-0.2000000000	0.0001000000	0.1000000000	10	100	0	0.990258
2097000	-0.2000000000	0.0001000000	0.1000000000	10	100	0	0.987552
2098000	-0.2000000000	0.0001000000	0.1000000000	10	100	0	0.991245
2099000	-0.2000000000	0.0001000000	0.1000000000	10	100	0	0.991220
2100000	-0.2000000000	0.0001000000	0.1000000000	10	100	0	0.991466
2101000	-0.2000000000	0.0001000000	0.1000000000	10	100	0	0.991569
2102000	-0.2000000000	0.0001000000	0.1000000000	10	100	0	0.990232
2103000	-0.2000000000	0.0001000000	0.1000000000	10	100	0	0.991094
2104000	-0.2000000000	0.0001000000	0.1000000000	10	100	0	0.989333
2105000	-0.2000000000	0.0001000000	0.1000000000	10	100	0	0.991094
2106000	-0.2000000000	0.0001000000	0.1000000000	10	100	0	0.991245
2107000	-0.2000000000	0.0001000000	0.1000000000	10	100	0	0.987578
2108000	-0.2000000000	0.0001000000	0.1000000000	10	100	0	0.988526
2109000	-0.2000000000	0.0001000000	0.1000000000	10	100	0	0.989900
2110000	-0.2000000000	0.0001000000	0.1000000000	10	100	0	0.989177
2111000	-0.2000000000	0.0001000000	0.1000000000	10	100	0	0.990130
2112000	-0.2000000000	0.0001000000	0.1000000000	10	100	0	0.989694
2113000	-0.2000000000	0.0001000000	0.1000000000	10	100	0	0.988317
2114000	-0.2000000000	0.0001000000	0.1000000000	10	100	0	0.988578
2115000	-0.2000000000	0.0001000000	0.1000000000	10	100	0	0.990207
2116000	-0.2000000000	0.0001000000	0.1000000000	10	100	0	0.989022
2117000	-0.2000000000	0.0001000000	0.1000000000	10	100	0	0.989359
2118000	-0.2000000000	0.0001000000	0.1000000000	10	100	0	0.988317
2119000	-0.2000000000	0.0001000000	0.1000000000	10	100	0	0.990690
2120000	-0.2000000000	0.0001000000	0.1000000000	10	100	0	0.988735
2121000	-0.2000000000	0.0001000000	0.1000000000	10	100	0	0.990563
2122000	-0.2000000000	0.0001000000	0.1000000000	10	100	0	0.990589
2123000	-0.2000000000	0.0001000000	0.1000000000	10	100	0	0.990053
2124000	-0.2000000000	0.0001000000	0.1000000000	10	100	0	0.991918
2125000	-0.2000000000	0.0001000000	0.1000000000	10	100	0	0.988526
2126000	-0.2000000000	0.0001000000	0.1000000000	10	100	0	0.991170
2127000	-0.2000000000	0.0001000000	0.1000000000	10	100	0	0.988605
2128000	-0.2000000000	0.0001000000	0.1000000000	10	100	0	0.990563
2129000	-0.2000000000	0.0001000000	0.1000000000	10	100	0	0.990360
2130000	-0.2000000000	0.0001000000	0.1000000000	10	100	0	0.992116
2131000	-0.2000000000	0.0001000000	0.1000000000	10	100	0	0.989770
2132000	-0.2000000000	0.0001000000	0.1000000000	10	100	0	0.992386
2133000	-0.2000000000	0.0001000000	0.1000000000	10	100	0	0.992238
2134000	-0.2000000000	0.0001000000	0.1000000000	10	100	0	0.988866
2135000	-0.2000000000	0.0001000000	0.1000000000	10	100	0	0.990206
2136000	-0.2000000000	0.0001000000	0.1000000000	10	100	0	0.988369
2137000	-0.2000000000	0.0001000000	0.1000000000	10	100	0	0.989022
2138000	-0.2000000000	0.0001000000	0.1000000000	10	100	0	0.988369
2139000	-0.2000000000	0.0001000000	0.1000000000	10	100	0	0.988472
2140000	-0.2000000000	0.0001000000	0.1000000000	10	100	0	0.988080
2141000	-0.2000000000	0.0001000000	0.1000000000	10	100	0	0.989411
2142000	-0.2000000000	0.0001000000	0.1000000000	10	100	0	0.991044
2143000	-0.2000000000	0.0001000000	0.1000000000	10	100	0	0.989411
2144000	-0.2000000000	0.0001000000	0.1000000000	10	100	0	0.988709
2145000	-0.2000000000	0.0001000000	0.1000000000	10	100	0	0.990892
2146000	-0.2000000000	0.0001000000	0.1000000000	10	100	0	0.987525
2147000	-0.2000000000	0.0001000000	0.1000000000	10	100	0	0.987974
2148000	-0.2000000000	0.0001000000	0.1000000000	10	100	0	0.990233
2149000	-0.2000000000	0.0001000000	0.1000000000	10	100	0	0.990283
2150000	-0.2000000000	0.0001000000	0.1000000000	10	100	0	0.989797
2151000	-0.2000000000	0.0001000000	0.1000000000	10	100	0	0.989203
2152000	-0.2000000000	0.0001000000	0.1000000000	10	100	0	0.988813
2153000	-0.2000000000	0.0001000000	0.1000000000	10	100	0	0.989796
2154000	-0.2000000000	0.0001000000	0.1000000000	10	100	0	0.990410
2155000	-0.2000000000	0.0001000000	0.1000000000	10	100	0	0.990335
2156000	-0.2000000000	0.0001000000	0.1000000000	10	100	0	0.988944
2157000	-0.2000000000	0.0001000000	0.1000000000	10	100	0	0.988996
2158000	-0.2000000000	0.0001000000	0.1000000000	10	100	0	0.991495
2159000	-0.2000000000	0.0001000000	0.1000000000	10	100	0	0.989900
2160000	-0.2000000000	0.0001000000	0.1000000000	10	100	0	0.989151
2161000	-0.2000000000	0.0001000000	0.1000000000	10	100	0	0.989591
2162000	-0.2000000000	0.0001000000	0.1000000000	10	100	0	0.990258
2163000	-0.2000000000	0.0001000000	0.1000000000	10	100	0	0.989540
2164000	-0.2000000000	0.0001000000	0.1000000000	10	100	0	0.989772
2165000	-0.2000000000	0.0001000000	0.1000000000	10	100	0	0.989359
2166000	-0.2000000000	0.0001000000	0.1000000000	10	100	0	0.989281
2167000	-0.2000000000	0.0001000000	0.1000000000	10	100	0	0.991320
2168000	-0.2000000000	0.0001000000	0.1000000000	10	100	0	0.990131
2169000	-0.2000000000	0.0001000000	0.1000000000	10	100	0	0.988001
2170000	-0.2000000000	0.0001000000	0.1000000000	10	100	0	0.989900
2171000	-0.2000000000	0.0001000000	0.1000000000	10	100	0	0.987975
2172000	-0.2000000000	0.0001000000	0.1000000000	10	100	0	0.990916
2173000	-0.2000000000	0.0001000000	0.1000000000	10	100	0	0.989385
2174000	-0.2000000000	0.0001000000	0.1000000000	10	100	0	0.989203
2175000	-0.2000000000	0.0001000000	0.1000000000	10	100	0	0.991893
2176000	-0.2000000000	0.0001000000	0.1000000000	10	100	0	0.990889
2177000	-0.2000000000	0.0001000000	0.1000000000	10	100	0	0.987179
2178000	-0.2000000000	0.0001000000	0.1000000000	10	100	0	0.988499
2179000	-0.2000000000	0.0001000000	0.1000000000	10	100	0	0.989643
2180000	-0.2000000000	0.0001000000	0.1000000000	10	100	0	0.989074
2181000	-0.2000000000	0.0001000000	0.1000000000	10	100	0	0.988421
2182000	-0.2000000000	0.0001000000	0.1000000000	10	100	0	0.987392
2183000	-0.2000000000	0.0001000000	0.1000000000	10	100	0	0.989976
2184000	-0.2000000000	0.0001000000	0.1000000000	10	100	0	0.990232
2185000	-0.2000000000	0.0001000000	0.1000000000	10	100	0	0.989384
2186000	-0.2000000000	0.0001000000	0.1000000000	10	100	0	0.990130
2187000	-0.2000000000	0.0001000000	0.1000000000	10	100	0	0.989977
2188000	-0.2000000000	0.0001000000	0.1000000000	10	100	0	0.988474
2189000	-0.2000000000	0.0001000000	0.1000000000	10	100	0	0.990386
2190000	-0.2000000000	0.0001000000	0.1000000000	10	100	0	0.991545
2191000	-0.2000000000	0.0001000000	0.1000000000	10	100	0	0.988526
2192000	-0.2000000000	0.0001000000	0.1000000000	10	100	0	0.987604
2193000	-0.2000000000	0.0001000000	0.1000000000	10	100	0	0.990487
2194000	-0.2000000000	0.0001000000	0.1000000000	10	100	0	0.989926
2195000	-0.2000000000	0.0001000000	0.1000000000	10	100	0	0.986645
2196000	-0.2000000000	0.0001000000	0.1000000000	10	100	0	0.989047
2197000	-0.2000000000	0.0001000000	0.1000000000	10	100	0	0.989746
2198000	-0.2000000000	0.0001000000	0.1000000000	10	100	0	0.987498
2199000	-0.2000000000	0.0001000000	0.1000000000	10	100	0	0.989436
2200000	-0.2000000000	0.0001000000	0.1000000000	10	100	0	0.989694
2201000	-0.2000000000	0.0001000000	0.1000000000	10	100	0	0.991245
2202000	-0.2000000000	0.0001000000	0.1000000000	10	100	0	0.989281
2203000	-0.2000000000	0.0001000000	0.1000000000	10	100	0	0.988264
2204000	-0.2000000000	0.0001000000	0.1000000000	10	100	0	0.986402
2205000	-0.2000000000	0.0001000000	0.1000000000	10	100	0	0.989022
2206000	-0.2000000000	0.0001000000	0.1000000000	10	100	0	0.990614
2207000	-0.2000000000	0.0001000000	0.1000000000	10	100	0	0.989977
2208000	-0.2000000000	0.0001000000	0.1000000000	10	100	0	0.988448
2209000	-0.2000000000	0.0001000000	0.1000000000	10	100	0	0.987947
2210000	-0.2000000000	0.0001000000	0.1000000000	10	100	0	0.991719
2211000	-0.2000000000	0.0001000000	0.1000000000	10	100	0	0.992015
2212000	-0.2000000000	0.0001000000	0.1000000000	10	100	0	0.986404
2213000	-0.2000000000	0.0001000000	0.1000000000	10	100	0	0.986645
2214000	-0.2000000000	0.0001000000	0.1000000000	10	100	0	0.986404
2215000	-0.2000000000	0.0001000000	0.1000000000	10	100	0	0.988369
2216000	-0.2000000000	0.0001000000	0.1000000000	10	100	0	0.990205
2217000	-0.2000000000	0.0001000000	0.1000000000	10	100	0	0.988579
2218000	-0.2000000000	0.0001000000	0.1000000000	10	100	0	0.987391
2219000	-0.2000000000	0.0001000000	0.1000000000	10	100	0	0.989694
2220000	-0.2000000000	0.0001000000	0.1000000000	10	100	0	0.988579
2221000	-0.2000000000	0.0001000000	0.1000000000	10	100	0	0.987869
2222000	-0.2000000000	0.0001000000	0.1000000000	10	100	0	0.988185
2223000	-0.2000000000	0.0001000000	0.1000000000	10	100	0	0.990817
2224000	-0.2000000000	0.0001000000	0.1000000000	10	100	0	0.989410
2225000	-0.2000000000	0.0001000000	0.1000000000	10	100	0	0.988106
2226000	-0.2000000000	0.0001000000	0.1000000000	10	100	0	0.987472
2227000	-0.2000000000	0.0001000000	0.1000000000	10	100	0	0.990284
2228000	-0.2000000000	0.0001000000	0.1000000000	10	100	0	0.988839
2229000	-0.2000000000	0.0001000000	0.1000000000	10	100	0	0.990538
2230000	-0.2000000000	0.0001000000	0.1000000000	10	100	0	0.990766
2231000	-0.2000000000	0.0001000000	0.1000000000	10	100	0	0.990842
2232000	-0.2000000000	0.0001000000	0.1000000000	10	100	0	0.990665
2233000	-0.2000000000	0.0001000000	0.1000000000	10	100	0	0.992362
2234000	-0.2000000000	0.0001000000	0.1000000000	10	100	0	0.989977
2235000	-0.2000000000	0.0001000000	0.1000000000	10	100	0	0.989126
2236000	-0.2000000000	0.0001000000	0.1000000000	10	100	0	0.990002
2237000	-0.2000000000	0.0001000000	0.1000000000	10	100	0	0.988264
2238000	-0.2000000000	0.0001000000	0.1000000000	10	100	0	0.988631
2239000	-0.2000000000	0.0001000000	0.1000000000	10	100	0	0.989126
2240000	-0.2000000000	0.0001000000	0.1000000000	10	100	0	0.986645
2241000	-0.2000000000	0.0001000000	0.1000000000	10	100	0	0.988343
2242000	-0.2000000000	0.0001000000	0.1000000000	10	100	0	0.988238
2243000	-0.2000000000	0.0001000000	0.1000000000	10	100	0	0.990817
2244000	-0.2000000000	0.0001000000	0.1000000000	10	100	0	0.988840
2245000	-0.2000000000	0.0001000000	0.1000000000	10	100	0	0.988787
2246000	-0.2000000000	0.0001000000	0.1000000000	10	100	0	0.988343
2247000	-0.2000000000	0.0001000000	0.1000000000	10	100	0	0.988969
2248000	-0.2000000000	0.0001000000	0.1000000000	10	100	0	0.990741
2249000	-0.2000000000	0.0001000000	0.1000000000	10	100	0	0.989281
2250000	-0.2000000000	0.0001000000	0.1000000000	10	100	0	0.989617
2251000	-0.2000000000	0.0001000000	0.1000000000	10	100	0	0.989720
2252000	-0.2000000000	0.0001000000	0.1000000000	10	100	0	0.988395
2253000	-0.2000000000	0.0001000000	0.1000000000	10	100	0	0.987658
2254000	-0.2000000000	0.0001000000	0.1000000000	10	100	0	0.990207
2255000	-0.2000000000	0.0001000000	0.1000000000	10	100	0	0.988552
2256000	-0.2000000000	0.0001000000	0.1000000000	10	100	0	0.987869
2257000	-0.2000000000	0.0001000000	0.1000000000	10	100	0	0.988526
2258000	-0.2000000000	0.0001000000	0.1000000000	10	100	0	0.988500
2259000	-0.2000000000	0.0001000000	0.1000000000	10	100	0	0.988761
2260000	-0.2000000000	0.0001000000	0.1000000000	10	100	0	0.988106
2261000	-0.2000000000	0.0001000000	0.1000000000	10	100	0	0.990054
2262000	-0.2000000000	0.0001000000	0.1000000000	10	100	0	0.988212
2263000	-0.2000000000	0.0001000000	0.1000000000	10	100	0	0.990334
2264000	-0.2000000000	0.0001000000	0.1000000000	10	100	0	0.989746
2265000	-0.2000000000	0.0001000000	0.1000000000	10	100	0	0.988631
2266000	-0.2000000000	0.0001000000	0.1000000000	10	100	0	0.989436
2267000	-0.2000000000	0.0001000000	0.1000000000	10	100	0	0.985892
2268000	-0.2000000000	0.0001000000	0.1000000000	10	100	0	0.989048
2269000	-0.2000000000	0.0001000000	0.1000000000	10	100	0	0.987974
2270000	-0.2000000000	0.0001000000	0.1000000000	10	100	0	0.989230
2271000	-0.2000000000	0.0001000000	0.1000000000	10	100	0	0.988317
2272000	-0.2000000000	0.0001000000	0.1000000000	10	100	0	0.989126
2273000	-0.2000000000	0.0001000000	0.1000000000	10	100	0	0.990512
2274000	-0.2000000000	0.0001000000	0.1000000000	10	100	0	0.989668
2275000	-0.2000000000	0.0001000000	0.1000000000	10	100	0	0.990436
2276000	-0.2000000000	0.0001000000	0.1000000000	10	100	0	0.988813
2277000	-0.2000000000	0.0001000000	0.1000000000	10	100	0	0.988839
2278000	-0.2000000000	0.0001000000	0.1000000000	10	100	0	0.987947
2279000	-0.2000000000	0.0001000000	0.1000000000	10	100	0	0.990841
2280000	-0.2000000000	0.0001000000	0.1000000000	10	100	0	0.990283
2281000	-0.2000000000	0.0001000000	0.1000000000	10	100	0	0.988995
2282000	-0.2000000000	0.0001000000	0.1000000000	10	100	0	0.989693
2283000	-0.2000000000	0.0001000000	0.1000000000	10	100	0	0.989204
2284000	-0.2000000000	0.0001000000	0.1000000000	10	100	0	0.989797
2285000	-0.2000000000	0.0001000000	0.1000000000	10	100	0	0.989617
2286000	-0.2000000000	0.0001000000	0.1000000000	10	100	0	0.990130
2287000	-0.2000000000	0.0001000000	0.1000000000	10	100	0	0.991943
2288000	-0.2000000000	0.0001000000	0.1000000000	10	100	0	0.989359
2289000	-0.2000000000	0.0001000000	0.1000000000	10	100	0	0.988526
2290000	-0.2000000000	0.0001000000	0.1000000000	10	100	0	0.989126
2291000	-0.2000000000	0.0001000000	0.1000000000	10	100	0	0.988788
2292000	-0.2000000000	0.0001000000	0.1000000000	10	100	0	0.987895
2293000	-0.2000000000	0.0001000000	0.1000000000	10	100	0	0.991495
2294000	-0.2000000000	0.0001000000	0.1000000000	10	100	0	0.990257
2295000	-0.2000000000	0.0001000000	0.1000000000	10	100	0	0.990028
2296000	-0.2000000000	0.0001000000	0.1000000000	10	100	0	0.989385
2297000	-0.2000000000	0.0001000000	0.1000000000	10	100	0	0.988709
2298000	-0.2000000000	0.0001000000	0.1000000000	10	100	0	0.987419
2299000	-0.2000000000	0.0001000000	0.1000000000	10	100	0	0.989436
2300000	-0.2000000000	0.0001000000	0.1000000000	10	100	0	0.990053
2301000	-0.2000000000	0.0001000000	0.1000000000	10	100	0	0.986993
2302000	-0.2000000000	0.0001000000	0.1000000000	10	100	0	0.988787
2303000	-0.2000000000	0.0001000000	0.1000000000	10	100	0	0.987471
2304000	-0.2000000000	0.0001000000	0.1000000000	10	100	0	0.988657
2305000	-0.2000000000	0.0001000000	0.1000000000	10	100	0	0.991295
2306000	-0.2000000000	0.0001000000	0.1000000000	10	100	0	0.987392
2307000	-0.2000000000	0.0001000000	0.1000000000	10	100	0	0.988343
2308000	-0.2000000000	0.0001000000	0.1000000000	10	100	0	0.988579
2309000	-0.2000000000	0.0001000000	0.1000000000	10	100	0	0.985973
2310000	-0.2000000000	0.0001000000	0.1000000000	10	100	0	0.988993
2311000	-0.2000000000	0.0001000000	0.1000000000	10	100	0	0.988840
2312000	-0.2000000000	0.0001000000	0.1000000000	10	100	0	0.988865
2313000	-0.2000000000	0.0001000000	0.1000000000	10	100	0	0.991320
2314000	-0.2000000000	0.0001000000	0.1000000000	10	100	0	0.991769
2315000	-0.2000000000	0.0001000000	0.1000000000	10	100	0	0.988054
2316000	-0.2000000000	0.0001000000	0.1000000000	10	100	0	0.988840
2317000	-0.2000000000	0.0001000000	0.1000000000	10	100	0	0.990968
2318000	-0.2000000000	0.0001000000	0.1000000000	10	100	0	0.988264
2319000	-0.2000000000	0.0001000000	0.1000000000	10	100	0	0.989306
2320000	-0.2000000000	0.0001000000	0.1000000000	10	100	0	0.988447
2321000	-0.2000000000	0.0001000000	0.1000000000	10	100	0	0.988814
2322000	-0.2000000000	0.0001000000	0.1000000000	10	100	0	0.987153
2323000	-0.2000000000	0.0001000000	0.1000000000	10	100	0	0.987471
2324000	-0.2000000000	0.0001000000	0.1000000000	10	100	0	0.989436
2325000	-0.2000000000	0.0001000000	0.1000000000	10	100	0	0.990233
2326000	-0.2000000000	0.0001000000	0.1000000000	10	100	0	0.989385
2327000	-0.2000000000	0.0001000000	0.1000000000	10	100	0	0.990918
2328000	-0.2000000000	0.0001000000	0.1000000000	10	100	0	0.991495
2329000	-0.2000000000	0.0001000000	0.1000000000	10	100	0	0.992826
2330000	-0.2000000000	0.0001000000	0.1000000000	10	100	0	0.990003
2331000	-0.2000000000	0.0001000000	0.1000000000	10	100	0	0.989307
2332000	-0.2000000000	0.0001000000	0.1000000000	10	100	0	0.988605
2333000	-0.2000000000	0.0001000000	0.1000000000	10	100	0	0.988054
2334000	-0.2000000000	0.0001000000	0.1000000000	10	100	0	0.988369
2335000	-0.2000000000	0.0001000000	0.1000000000	10	100	0	0.992165
2336000	-0.2000000000	0.0001000000	0.1000000000	10	100	0	0.988605
2337000	-0.2000000000	0.0001000000	0.1000000000	10	100	0	0.989462
2338000	-0.2000000000	0.0001000000	0.1000000000	10	100	0	0.987578
2339000	-0.2000000000	0.0001000000	0.1000000000	10	100	0	0.988132
2340000	-0.2000000000	0.0001000000	0.1000000000	10	100	0	0.987711
2341000	-0.2000000000	0.0001000000	0.1000000000	10	100	0	0.989462
2342000	-0.2000000000	0.0001000000	0.1000000000	10	100	0	0.991219
2343000	-0.2000000000	0.0001000000	0.1000000000	10	100	0	0.988917
2344000	-0.2000000000	0.0001000000	0.1000000000	10	100	0	0.989771
2345000	-0.2000000000	0.0001000000	0.1000000000	10	100	0	0.990410
2346000	-0.2000000000	0.0001000000	0.1000000000	10	100	0	0.985674
2347000	-0.2000000000	0.0001000000	0.1000000000	10	100	0	0.988263
2348000	-0.2000000000	0.0001000000	0.1000000000	10	100	0	0.991068
2349000	-0.2000000000	0.0001000000	0.1000000000	10	100	0	0.990665
2350000	-0.2000000000	0.0001000000	0.1000000000	10	100	0	0.992533
2351000	-0.2000000000	0.0001000000	0.1000000000	10	100	0	0.989566
2352000	-0.2000000000	0.0001000000	0.1000000000	10	100	0	0.989074
2353000	-0.2000000000	0.0001000000	0.1000000000	10	100	0	0.989900
2354000	-0.2000000000	0.0001000000	0.1000000000	10	100	0	0.989617
2355000	-0.2000000000	0.0001000000	0.1000000000	10	100	0	0.987392
2356000	-0.2000000000	0.0001000000	0.1000000000	10	100	0	0.988865
2357000	-0.2000000000	0.0001000000	0.1000000000	10	100	0	0.988840
2358000	-0.2000000000	0.0001000000	0.1000000000	10	100	0	0.991495
2359000	-0.2000000000	0.0001000000	0.1000000000	10	100	0	0.987578
2360000	-0.2000000000	0.0001000000	0.1000000000	10	100	0	0.989333
2361000	-0.2000000000	0.0001000000	0.1000000000	10	100	0	0.988264
2362000	-0.2000000000	0.0001000000	0.1000000000	10	100	0	0.989900
2363000	-0.2000000000	0.0001000000	0.1000000000	10	100	0	0.990156
2364000	-0.2000000000	0.0001000000	0.1000000000	10	100	0	0.990385
2365000	-0.2000000000	0.0001000000	0.1000000000	10	100	0	0.990360
2366000	-0.2000000000	0.0001000000	0.1000000000	10	100	0	0.989977
2367000	-0.2000000000	0.0001000000	0.1000000000	10	100	0	0.988657
2368000	-0.2000000000	0.0001000000	0.1000000000	10	100	0	0.987947
2369000	-0.2000000000	0.0001000000	0.1000000000	10	100	0	0.990182
2370000	-0.2000000000	0.0001000000	0.1000000000	10	100	0	0.986966
2371000	-0.2000000000	0.0001000000	0.1000000000	10	100	0	0.990156
2372000	-0.2000000000	0.0001000000	0.1000000000	10	100	0	0.990156
2373000	-0.2000000000	0.0001000000	0.1000000000	10	100	0	0.988395
2374000	-0.2000000000	0.0001000000	0.1000000000	10	100	0	0.988080
2375000	-0.2000000000	0.0001000000	0.1000000000	10	100	0	0.990563
2376000	-0.2000000000	0.0001000000	0.1000000000	10	100	0	0.990740
2377000	-0.2000000000	0.0001000000	0.1000000000	10	100	0	0.988761
2378000	-0.2000000000	0.0001000000	0.1000000000	10	100	0	0.992434
2379000	-0.2000000000	0.0001000000	0.1000000000	10	100	0	0.990640
2380000	-0.2000000000	0.0001000000	0.1000000000	10	100	0	0.990943
2381000	-0.2000000000	0.0001000000	0.1000000000	10	100	0	0.990028
2382000	-0.2000000000	0.0001000000	0.1000000000	10	100	0	0.990258
2383000	-0.2000000000	0.0001000000	0.1000000000	10	100	0	0.989098
2384000	-0.2000000000	0.0001000000	0.1000000000	10	100	0	0.989899
2385000	-0.2000000000	0.0001000000	0.1000000000	10	100	0	0.989643
2386000	-0.2000000000	0.0001000000	0.1000000000	10	100	0	0.988683
2387000	-0.2000000000	0.0001000000	0.1000000000	10	100	0	0.991094
2388000	-0.2000000000	0.0001000000	0.1000000000	10	100	0	0.989823
2389000	-0.2000000000	0.0001000000	0.1000000000	10	100	0	0.988735
2390000	-0.2000000000	0.0001000000	0.1000000000	10	100	0	0.987472
2391000	-0.2000000000	0.0001000000	0.1000000000	10	100	0	0.988422
2392000	-0.2000000000	0.0001000000	0.1000000000	10	100	0	0.989359
2393000	-0.2000000000	0.0001000000	0.1000000000	10	100	0	0.986753
2394000	-0.2000000000	0.0001000000	0.1000000000	10	100	0	0.989643
2395000	-0.2000000000	0.0001000000	0.1000000000	10	100	0	0.989437
2396000	-0.2000000000	0.0001000000	0.1000000000	10	100	0	0.989100
2397000	-0.2000000000	0.0001000000	0.1000000000	10	100	0	0.991119
2398000	-0.2000000000	0.0001000000	0.1000000000	10	100	0	0.989411
2399000	-0.2000000000	0.0001000000	0.1000000000	10	100	0	0.989950
2400000	-0.2000000000	0.0001000000	0.1000000000	10	100	0	0.988053
2401000	-0.2000000000	0.0001000000	0.1000000000	10	100	0	0.988290
2402000	-0.2000000000	0.0001000000	0.1000000000	10	100	0	0.989643
2403000	-0.2000000000	0.0001000000	0.1000000000	10	100	0	0.990360
2404000	-0.2000000000	0.0001000000	0.1000000000	10	100	0	0.987763
2405000	-0.2000000000	0.0001000000	0.1000000000	10	100	0	0.988395
2406000	-0.2000000000	0.0001000000	0.1000000000	10	100	0	0.989100
2407000	-0.2000000000	0.0001000000	0.1000000000	10	100	0	0.987710
2408000	-0.2000000000	0.0001000000	0.1000000000	10	100	0	0.989333
2409000	-0.2000000000	0.0001000000	0.1000000000	10	100	0	0.990918
2410000	-0.2000000000	0.0001000000	0.1000000000	10	100	0	0.990993
2411000	-0.2000000000	0.0001000000	0.1000000000	10	100	0	0.988838
2412000	-0.2000000000	0.0001000000	0.1000000000	10	100	0	0.988290
2413000	-0.2000000000	0.0001000000	0.1000000000	10	100	0	0.987737
2414000	-0.2000000000	0.0001000000	0.1000000000	10	100	0	0.989514
2415000	-0.2000000000	0.0001000000	0.1000000000	10	100	0	0.988132
2416000	-0.2000000000	0.0001000000	0.1000000000	10	100	0	0.990842
2417000	-0.2000000000	0.0001000000	0.1000000000	10	100	0	0.988970
2418000	-0.2000000000	0.0001000000	0.1000000000	10	100	0	0.988605
2419000	-0.2000000000	0.0001000000	0.1000000000	10	100	0	0.988840
2420000	-0.2000000000	0.0001000000	0.1000000000	10	100	0	0.988317
2421000	-0.2000000000	0.0001000000	0.1000000000	10	100	0	0.989462
2422000	-0.2000000000	0.0001000000	0.1000000000	10	100	0	0.990740
2423000	-0.2000000000	0.0001000000	0.1000000000	10	100	0	0.987947
2424000	-0.2000000000	0.0001000000	0.1000000000	10	100	0	0.988970
2425000	-0.2000000000	0.0001000000	0.1000000000	10	100	0	0.989797
2426000	-0.2000000000	0.0001000000	0.1000000000	10	100	0	0.988001
2427000	-0.2000000000	0.0001000000	0.1000000000	10	100	0	0.989307
2428000	-0.2000000000	0.0001000000	0.1000000000	10	100	0	0.988735
2429000	-0.2000000000	0.0001000000	0.1000000000	10	100	0	0.990028
2430000	-0.2000000000	0.0001000000	0.1000000000	10	100	0	0.990994
2431000	-0.2000000000	0.0001000000	0.1000000000	10	100	0	0.990309
2432000	-0.2000000000	0.0001000000	0.1000000000	10	100	0	0.987552
2433000	-0.2000000000	0.0001000000	0.1000000000	10	100	0	0.990411
2434000	-0.2000000000	0.0001000000	0.1000000000	10	100	0	0.987922
2435000	-0.2000000000	0.0001000000	0.1000000000	10	100	0	0.989900
2436000	-0.2000000000	0.0001000000	0.1000000000	10	100	0	0.989255
2437000	-0.2000000000	0.0001000000	0.1000000000	10	100	0	0.991744
2438000	-0.2000000000	0.0001000000	0.1000000000	10	100	0	0.989307
2439000	-0.2000000000	0.0001000000	0.1000000000	10	100	0	0.987472
2440000	-0.2000000000	0.0001000000	0.1000000000	10	100	0	0.988211
2441000	-0.2000000000	0.0001000000	0.1000000000	10	100	0	0.988159
2442000	-0.2000000000	0.0001000000	0.1000000000	10	100	0	0.990867
2443000	-0.2000000000	0.0001000000	0.1000000000	10	100	0	0.988054
2444000	-0.2000000000	0.0001000000	0.1000000000	10	100	0	0.989383
2445000	-0.2000000000	0.0001000000	0.1000000000	10	100	0	0.986831
2446000	-0.2000000000	0.0001000000	0.1000000000	10	100	0	0.988343
2447000	-0.2000000000	0.0001000000	0.1000000000	10	100	0	0.990766
2448000	-0.2000000000	0.0001000000	0.1000000000	10	100	0	0.987736
2449000	-0.2000000000	0.0001000000	0.1000000000	10	100	0	0.988395
2450000	-0.2000000000	0.0001000000	0.1000000000	10	100	0	0.988290
2451000	-0.2000000000	0.0001000000	0.1000000000	10	100	0	0.989565
2452000	-0.2000000000	0.0001000000	0.1000000000	10	100	0	0.990918
2453000	-0.2000000000	0.0001000000	0.1000000000	10	100	0	0.991445
2454000	-0.2000000000	0.0001000000	0.1000000000	10	100	0	0.989617
2455000	-0.2000000000	0.0001000000	0.1000000000	10	100	0	0.991195
2456000	-0.2000000000	0.0001000000	0.1000000000	10	100	0	0.990665
2457000	-0.2000000000	0.0001000000	0.1000000000	10	100	0	0.988866
2458000	-0.2000000000	0.0001000000	0.1000000000	10	100	0	0.988969
2459000	-0.2000000000	0.0001000000	0.1000000000	10	100	0	0.991195
2460000	-0.2000000000	0.0001000000	0.1000000000	10	100	0	0.991244
2461000	-0.2000000000	0.0001000000	0.1000000000	10	100	0	0.988917
2462000	-0.2000000000	0.0001000000	0.1000000000	10	100	0	0.990437
2463000	-0.2000000000	0.0001000000	0.1000000000	10	100	0	0.990436
2464000	-0.2000000000	0.0001000000	0.1000000000	10	100	0	0.989772
2465000	-0.2000000000	0.0001000000	0.1000000000	10	100	0	0.989359
2466000	-0.2000000000	0.0001000000	0.1000000000	10	100	0	0.988918
2467000	-0.2000000000	0.0001000000	0.1000000000	10	100	0	0.988683
2468000	-0.2000000000	0.0001000000	0.1000000000	10	100	0	0.991420
2469000	-0.2000000000	0.0001000000	0.1000000000	10	100	0	0.990156
2470000	-0.2000000000	0.0001000000	0.1000000000	10	100	0	0.988735
2471000	-0.2000000000	0.0001000000	0.1000000000	10	100	0	0.988552
2472000	-0.2000000000	0.0001000000	0.1000000000	10	100	0	0.989126
2473000	-0.2000000000	0.0001000000	0.1000000000	10	100	0	0.988890
2474000	-0.2000000000	0.0001000000	0.1000000000	10	100	0	0.989925
2475000	-0.2000000000	0.0001000000	0.1000000000	10	100	0	0.988814
2476000	-0.2000000000	0.0001000000	0.1000000000	10	100	0	0.991595
2477000	-0.2000000000	0.0001000000	0.1000000000	10	100	0	0.988814
2478000	-0.2000000000	0.0001000000	0.1000000000	10	100	0	0.986913
2479000	-0.2000000000	0.0001000000	0.1000000000	10	100	0	0.989152
2480000	-0.2000000000	0.0001000000	0.1000000000	10	100	0	0.988969
2481000	-0.2000000000	0.0001000000	0.1000000000	10	100	0	0.988447
2482000	-0.2000000000	0.0001000000	0.1000000000	10	100	0	0.988761
2483000	-0.2000000000	0.0001000000	0.1000000000	10	100	0	0.988578
2484000	-0.2000000000	0.0001000000	0.1000000000	10	100	0	0.990105
2485000	-0.2000000000	0.0001000000	0.1000000000	10	100	0	0.989694
2486000	-0.2000000000	0.0001000000	0.1000000000	10	100	0	0.991019
2487000	-0.2000000000	0.0001000000	0.1000000000	10	100	0	0.988552
2488000	-0.2000000000	0.0001000000	0.1000000000	10	100	0	0.989565
2489000	-0.2000000000	0.0001000000	0.1000000000	10	100	0	0.989462
2490000	-0.2000000000	0.0001000000	0.1000000000	10	100	0	0.989488
2491000	-0.2000000000	0.0001000000	0.1000000000	10	100	0	0.990003
2492000	-0.2000000000	0.0001000000	0.1000000000	10	100	0	0.989177
2493000	-0.2000000000	0.0001000000	0.1000000000	10	100	0	0.990334
2494000	-0.2000000000	0.0001000000	0.1000000000	10	100	0	0.991294
2495000	-0.2000000000	0.0001000000	0.1000000000	10	100	0	0.989874
2496000	-0.2000000000	0.0001000000	0.1000000000	10	100	0	0.988343
2497000	-0.2000000000	0.0001000000	0.1000000000	10	100	0	0.987895
2498000	-0.2000000000	0.0001000000	0.1000000000	10	100	0	0.986592
2499000	-0.2000000000	0.0001000000	0.1000000000	10	100	0	0.985892
2500000	-0.2000000000	0.0001000000	0.1000000000	10	100	0	0.990155
2501000	-0.2000000000	0.0001000000	0.1000000000	10	100	0	0.989616
2502000	-0.2000000000	0.0001000000	0.1000000000	10	100	0	0.991170
2503000	-0.2000000000	0.0001000000	0.1000000000	10	100	0	0.988944
2504000	-0.2000000000	0.0001000000	0.1000000000	10	100	0	0.987551
2505000	-0.2000000000	0.0001000000	0.1000000000	10	100	0	0.988709
2506000	-0.2000000000	0.0001000000	0.1000000000	10	100	0	0.987126
2507000	-0.2000000000	0.0001000000	0.1000000000	10	100	0	0.990105
2508000	-0.2000000000	0.0001000000	0.1000000000	10	100	0	0.986779
2509000	-0.2000000000	0.0001000000	0.1000000000	10	100	0	0.988970
2510000	-0.2000000000	0.0001000000	0.1000000000	10	100	0	0.988996
2511000	-0.2000000000	0.0001000000	0.1000000000	10	100	0	0.987125
2512000	-0.2000000000	0.0001000000	0.1000000000	10	100	0	0.990360
2513000	-0.2000000000	0.0001000000	0.1000000000	10	100	0	0.988182
2514000	-0.2000000000	0.0001000000	0.1000000000	10	100	0	0.988631
2515000	-0.2000000000	0.0001000000	0.1000000000	10	100	0	0.989668
2516000	-0.2000000000	0.0001000000	0.1000000000	10	100	0	0.991694
2517000	-0.2000000000	0.0001000000	0.1000000000	10	100	0	0.989668
2518000	-0.2000000000	0.0001000000	0.1000000000	10	100	0	0.990130
2519000	-0.2000000000	0.0001000000	0.1000000000	10	100	0	0.989514
2520000	-0.2000000000	0.0001000000	0.1000000000	10	100	0	0.991967
2521000	-0.2000000000	0.0001000000	0.1000000000	10	100	0	0.987816
2522000	-0.2000000000	0.0001000000	0.1000000000	10	100	0	0.987630
2523000	-0.2000000000	0.0001000000	0.1000000000	10	100	0	0.988970
2524000	-0.2000000000	0.0001000000	0.1000000000	10	100	0	0.989591
2525000	-0.2000000000	0.0001000000	0.1000000000	10	100	0	0.986993
2526000	-0.2000000000	0.0001000000	0.1000000000	10	100	0	0.988343
2527000	-0.2000000000	0.0001000000	0.1000000000	10	100	0	0.989745
2528000	-0.2000000000	0.0001000000	0.1000000000	10	100	0	0.989359
2529000	-0.2000000000	0.0001000000	0.1000000000	10	100	0	0.989488
2530000	-0.2000000000	0.0001000000	0.1000000000	10	100	0	0.992066
2531000	-0.2000000000	0.0001000000	0.1000000000	10	100	0	0.989642
2532000	-0.2000000000	0.0001000000	0.1000000000	10	100	0	0.988264
2533000	-0.2000000000	0.0001000000	0.1000000000	10	100	0	0.990258
2534000	-0.2000000000	0.0001000000	0.1000000000	10	100	0	0.989100
2535000	-0.2000000000	0.0001000000	0.1000000000	10	100	0	0.988761
2536000	-0.2000000000	0.0001000000	0.1000000000	10	100	0	0.989514
2537000	-0.2000000000	0.0001000000	0.1000000000	10	100	0	0.988500
2538000	-0.2000000000	0.0001000000	0.1000000000	10	100	0	0.989048
2539000	-0.2000000000	0.0001000000	0.1000000000	10	100	0	0.988579
2540000	-0.2000000000	0.0001000000	0.1000000000	10	100	0	0.990054
2541000	-0.2000000000	0.0001000000	0.1000000000	10	100	0	0.989022
2542000	-0.2000000000	0.0001000000	0.1000000000	10	100	0	0.988788
2543000	-0.2000000000	0.0001000000	0.1000000000	10	100	0	0.988185
2544000	-0.2000000000	0.0001000000	0.1000000000	10	100	0	0.990156
2545000	-0.2000000000	0.0001000000	0.1000000000	10	100	0	0.986538
2546000	-0.2000000000	0.0001000000	0.1000000000	10	100	0	0.988996
2547000	-0.2000000000	0.0001000000	0.1000000000	10	100	0	0.989694
2548000	-0.2000000000	0.0001000000	0.1000000000	10	100	0	0.988970
2549000	-0.2000000000	0.0001000000	0.1000000000	10	100	0	0.988631
2550000	-0.2000000000	0.0001000000	0.1000000000	10	100	0	0.989074
2551000	-0.2000000000	0.0001000000	0.1000000000	10	100	0	0.988892
2552000	-0.2000000000	0.0001000000	0.1000000000	10	100	0	0.990258
2553000	-0.2000000000	0.0001000000	0.1000000000	10	100	0	0.987578
2554000	-0.2000000000	0.0001000000	0.1000000000	10	100	0	0.992582
2555000	-0.2000000000	0.0001000000	0.1000000000	10	100	0	0.990436
2556000	-0.2000000000	0.0001000000	0.1000000000	10	100	0	0.989745
2557000	-0.2000000000	0.0001000000	0.1000000000	10	100	0	0.987605
2558000	-0.2000000000	0.0001000000	0.1000000000	10	100	0	0.988106
2559000	-0.2000000000	0.0001000000	0.1000000000	10	100	0	0.990791
2560000	-0.2000000000	0.0001000000	0.1000000000	10	100	0	0.988342
2561000	-0.2000000000	0.0001000000	0.1000000000	10	100	0	0.989951
2562000	-0.2000000000	0.0001000000	0.1000000000	10	100	0	0.991495
2563000	-0.2000000000	0.0001000000	0.1000000000	10	100	0	0.987975
2564000	-0.2000000000	0.0001000000	0.1000000000	10	100	0	0.988761
2565000	-0.2000000000	0.0001000000	0.1000000000	10	100	0	0.987286
2566000	-0.2000000000	0.0001000000	0.1000000000	10	100	0	0.990487
2567000	-0.2000000000	0.0001000000	0.1000000000	10	100	0	0.988708
2568000	-0.2000000000	0.0001000000	0.1000000000	10	100	0	0.991217
2569000	-0.2000000000	0.0001000000	0.1000000000	10	100	0	0.990028
2570000	-0.2000000000	0.0001000000	0.1000000000	10	100	0	0.989333
2571000	-0.2000000000	0.0001000000	0.1000000000	10	100	0	0.987790
2572000	-0.2000000000	0.0001000000	0.1000000000	10	100	0	0.990614
2573000	-0.2000000000	0.0001000000	0.1000000000	10	100	0	0.989745
2574000	-0.2000000000	0.0001000000	0.1000000000	10	100	0	0.987524
2575000	-0.2000000000	0.0001000000	0.1000000000	10	100	0	0.989461
2576000	-0.2000000000	0.0001000000	0.1000000000	10	100	0	0.987392
2577000	-0.2000000000	0.0001000000	0.1000000000	10	100	0	0.988892
2578000	-0.2000000000	0.0001000000	0.1000000000	10	100	0	0.988864
2579000	-0.2000000000	0.0001000000	0.1000000000	10	100	0	0.987869
2580000	-0.2000000000	0.0001000000	0.1000000000	10	100	0	0.988657
2581000	-0.2000000000	0.0001000000	0.1000000000	10	100	0	0.989333
2582000	-0.2000000000	0.0001000000	0.1000000000	10	100	0	0.986886
2583000	-0.2000000000	0.0001000000	0.1000000000	10	100	0	0.991220
2584000	-0.2000000000	0.0001000000	0.1000000000	10	100	0	0.988290
2585000	-0.2000000000	0.0001000000	0.1000000000	10	100	0	0.989333
2586000	-0.2000000000	0.0001000000	0.1000000000	10	100	0	0.988369
2587000	-0.2000000000	0.0001000000	0.1000000000	10	100	0	0.989951
2588000	-0.2000000000	0.0001000000	0.1000000000	10	100	0	0.989411
2589000	-0.2000000000	0.0001000000	0.1000000000	10	100	0	0.988918
2590000	-0.2000000000	0.0001000000	0.1000000000	10	100	0	0.988343
2591000	-0.2000000000	0.0001000000	0.1000000000	10	100	0	0.986592
2592000	-0.2000000000	0.0001000000	0.1000000000	10	100	0	0.987710
2593000	-0.2000000000	0.0001000000	0.1000000000	10	100	0	0.986940
2594000	-0.2000000000	0.0001000000	0.1000000000	10	100	0	0.990690
2595000	-0.2000000000	0.0001000000	0.1000000000	10	100	0	0.989900
2596000	-0.2000000000	0.0001000000	0.1000000000	10	100	0	0.988813
2597000	-0.2000000000	0.0001000000	0.1000000000	10	100	0	0.987180
2598000	-0.2000000000	0.0001000000	0.1000000000	10	100	0	0.988080
2599000	-0.2000000000	0.0001000000	0.1000000000	10	100	0	0.988395
2600000	-0.2000000000	0.0001000000	0.1000000000	10	100	0	0.988027
2601000	-0.2000000000	0.0001000000	0.1000000000	10	100	0	0.989488
2602000	-0.2000000000	0.0001000000	0.1000000000	10	100	0	0.989746
2603000	-0.2000000000	0.0001000000	0.1000000000	10	100	0	0.988814
2604000	-0.2000000000	0.0001000000	0.1000000000	10	100	0	0.989823
2605000	-0.2000000000	0.0001000000	0.1000000000	10	100	0	0.991518
2606000	-0.2000000000	0.0001000000	0.1000000000	10	100	0	0.988918
2607000	-0.2000000000	0.0001000000	0.1000000000	10	100	0	0.990437
2608000	-0.2000000000	0.0001000000	0.1000000000	10	100	0	0.989539
2609000	-0.2000000000	0.0001000000	0.1000000000	10	100	0	0.991570
2610000	-0.2000000000	0.0001000000	0.1000000000	10	100	0	0.989333
2611000	-0.2000000000	0.0001000000	0.1000000000	10	100	0	0.990815
2612000	-0.2000000000	0.0001000000	0.1000000000	10	100	0	0.990842
2613000	-0.2000000000	0.0001000000	0.1000000000	10	100	0	0.986993
2614000	-0.2000000000	0.0001000000	0.1000000000	10	100	0	0.988605
2615000	-0.2000000000	0.0001000000	0.1000000000	10	100	0	0.986135
2616000	-0.2000000000	0.0001000000	0.1000000000	10	100	0	0.988892
2617000	-0.2000000000	0.0001000000	0.1000000000	10	100	0	0.988317
2618000	-0.2000000000	0.0001000000	0.1000000000	10	100	0	0.987073
2619000	-0.2000000000	0.0001000000	0.1000000000	10	100	0	0.989771
2620000	-0.2000000000	0.0001000000	0.1000000000	10	100	0	0.989230
2621000	-0.2000000000	0.0001000000	0.1000000000	10	100	0	0.987895
2622000	-0.2000000000	0.0001000000	0.1000000000	10	100	0	0.987259
2623000	-0.2000000000	0.0001000000	0.1000000000	10	100	0	0.987551
2624000	-0.2000000000	0.0001000000	0.1000000000	10	100	0	0.988918
2625000	-0.2000000000	0.0001000000	0.1000000000	10	100	0	0.990102
2626000	-0.2000000000	0.0001000000	0.1000000000	10	100	0	0.990309
2627000	-0.2000000000	0.0001000000	0.1000000000	10	100	0	0.988317
2628000	-0.2000000000	0.0001000000	0.1000000000	10	100	0	0.991420
2629000	-0.2000000000	0.0001000000	0.1000000000	10	100	0	0.989951
2630000	-0.2000000000	0.0001000000	0.1000000000	10	100	0	0.990182
2631000	-0.2000000000	0.0001000000	0.1000000000	10	100	0	0.990435
2632000	-0.2000000000	0.0001000000	0.1000000000	10	100	0	0.989099
2633000	-0.2000000000	0.0001000000	0.1000000000	10	100	0	0.989359
2634000	-0.2000000000	0.0001000000	0.1000000000	10	100	0	0.988866
2635000	-0.2000000000	0.0001000000	0.1000000000	10	100	0	0.988317
2636000	-0.2000000000	0.0001000000	0.1000000000	10	100	0	0.990943
2637000	-0.2000000000	0.0001000000	0.1000000000	10	100	0	0.989307
2638000	-0.2000000000	0.0001000000	0.1000000000	10	100	0	0.989203
2639000	-0.2000000000	0.0001000000	0.1000000000	10	100	0	0.992115
2640000	-0.2000000000	0.0001000000	0.1000000000	10	100	0	0.987790
2641000	-0.2000000000	0.0001000000	0.1000000000	10	100	0	0.989384
2642000	-0.2000000000	0.0001000000	0.1000000000	10	100	0	0.992263
2643000	-0.2000000000	0.0001000000	0.1000000000	10	100	0	0.987869
2644000	-0.2000000000	0.0001000000	0.1000000000	10	100	0	0.989849
2645000	-0.2000000000	0.0001000000	0.1000000000	10	100	0	0.988369
2646000	-0.2000000000	0.0001000000	0.1000000000	10	100	0	0.988317
2647000	-0.2000000000	0.0001000000	0.1000000000	10	100	0	0.988264
2648000	-0.2000000000	0.0001000000	0.1000000000	10	100	0	0.988185
2649000	-0.2000000000	0.0001000000	0.1000000000	10	100	0	0.988605
2650000	-0.2000000000	0.0001000000	0.1000000000	10	100	0	0.988106
2651000	-0.2000000000	0.0001000000	0.1000000000	10	100	0	0.990156
2652000	-0.2000000000	0.0001000000	0.1000000000	10	100	0	0.988787
2653000	-0.2000000000	0.0001000000	0.1000000000	10	100	0	0.991818
2654000	-0.2000000000	0.0001000000	0.1000000000	10	100	0	0.988263
2655000	-0.2000000000	0.0001000000	0.1000000000	10	100	0	0.988657
2656000	-0.2000000000	0.0001000000	0.1000000000	10	100	0	0.991169
2657000	-0.2000000000	0.0001000000	0.1000000000	10	100	0	0.989073
2658000	-0.2000000000	0.0001000000	0.1000000000	10	100	0	0.989772
2659000	-0.2000000000	0.0001000000	0.1000000000	10	100	0	0.989281
2660000	-0.2000000000	0.0001000000	0.1000000000	10	100	0	0.988762
2661000	-0.2000000000	0.0001000000	0.1000000000	10	100	0	0.991270
2662000	-0.2000000000	0.0001000000	0.1000000000	10	100	0	0.989229
2663000	-0.2000000000	0.0001000000	0.1000000000	10	100	0	0.992239
2664000	-0.2000000000	0.0001000000	0.1000000000	10	100	0	0.989514
2665000	-0.2000000000	0.0001000000	0.1000000000	10	100	0	0.989048
2666000	-0.2000000000	0.0001000000	0.1000000000	10	100	0	0.988892
2667000	-0.2000000000	0.0001000000	0.1000000000	10	100	0	0.987843
2668000	-0.2000000000	0.0001000000	0.1000000000	10	100	0	0.988106
2669000	-0.2000000000	0.0001000000	0.1000000000	10	100	0	0.989281
2670000	-0.2000000000	0.0001000000	0.1000000000	10	100	0	0.989874
2671000	-0.2000000000	0.0001000000	0.1000000000	10	100	0	0.989255
2672000	-0.2000000000	0.0001000000	0.1000000000	10	100	0	0.990360
2673000	-0.2000000000	0.0001000000	0.1000000000	10	100	0	0.989591
2674000	-0.2000000000	0.0001000000	0.1000000000	10	100	0	0.990741
2675000	-0.2000000000	0.0001000000	0.1000000000	10	100	0	0.987472
2676000	-0.2000000000	0.0001000000	0.1000000000	10	100	0	0.990791
2677000	-0.2000000000	0.0001000000	0.1000000000	10	100	0	0.989797
2678000	-0.2000000000	0.0001000000	0.1000000000	10	100	0	0.988474
2679000	-0.2000000000	0.0001000000	0.1000000000	10	100	0	0.986296
2680000	-0.2000000000	0.0001000000	0.1000000000	10	100	0	0.990816
2681000	-0.2000000000	0.0001000000	0.1000000000	10	100	0	0.988238
2682000	-0.2000000000	0.0001000000	0.1000000000	10	100	0	0.987100
2683000	-0.2000000000	0.0001000000	0.1000000000	10	100	0	0.988970
2684000	-0.2000000000	0.0001000000	0.1000000000	10	100	0	0.989823
2685000	-0.2000000000	0.0001000000	0.1000000000	10	100	0	0.988944
2686000	-0.2000000000	0.0001000000	0.1000000000	10	100	0	0.987975
2687000	-0.2000000000	0.0001000000	0.1000000000	10	100	0	0.990792
2688000	-0.2000000000	0.0001000000	0.1000000000	10	100	0	0.989591
2689000	-0.2000000000	0.0001000000	0.1000000000	10	100	0	0.987737
2690000	-0.2000000000	0.0001000000	0.1000000000	10	100	0	0.988892
2691000	-0.2000000000	0.0001000000	0.1000000000	10	100	0	0.987790
2692000	-0.2000000000	0.0001000000	0.1000000000	10	100	0	0.988866
2693000	-0.2000000000	0.0001000000	0.1000000000	10	100	0	0.988132
2694000	-0.2000000000	0.0001000000	0.1000000000	10	100	0	0.987869
2695000	-0.2000000000	0.0001000000	0.1000000000	10	100	0	0.988892
2696000	-0.2000000000	0.0001000000	0.1000000000	10	100	0	0.989849
2697000	-0.2000000000	0.0001000000	0.1000000000	10	100	0	0.988448
2698000	-0.2000000000	0.0001000000	0.1000000000	10	100	0	0.989255
2699000	-0.2000000000	0.0001000000	0.1000000000	10	100	0	0.989899
2700000	-0.2000000000	0.0001000000	0.1000000000	10	100	0	0.988970
2701000	-0.2000000000	0.0001000000	0.1000000000	10	100	0	0.989255
2702000	-0.2000000000	0.0001000000	0.1000000000	10	100	0	0.987552
2703000	-0.2000000000	0.0001000000	0.1000000000	10	100	0	0.988552
2704000	-0.2000000000	0.0001000000	0.1000000000	10	100	0	0.989048
2705000	-0.2000000000	0.0001000000	0.1000000000	10	100	0	0.987445
2706000	-0.2000000000	0.0001000000	0.1000000000	10	100	0	0.986939
2707000	-0.2000000000	0.0001000000	0.1000000000	10	100	0	0.990335
2708000	-0.2000000000	0.0001000000	0.1000000000	10	100	0	0.988552
2709000	-0.2000000000	0.0001000000	0.1000000000	10	100	0	0.988579
2710000	-0.2000000000	0.0001000000	0.1000000000	10	100	0	0.990411
2711000	-0.2000000000	0.0001000000	0.1000000000	10	100	0	0.989720
2712000	-0.2000000000	0.0001000000	0.1000000000	10	100	0	0.990968
2713000	-0.2000000000	0.0001000000	0.1000000000	10	100	0	0.988683
2714000	-0.2000000000	0.0001000000	0.1000000000	10	100	0	0.987816
2715000	-0.2000000000	0.0001000000	0.1000000000	10	100	0	0.988238
2716000	-0.2000000000	0.0001000000	0.1000000000	10	100	0	0.988395
2717000	-0.2000000000	0.0001000000	0.1000000000	10	100	0	0.989668
2718000	-0.2000000000	0.0001000000	0.1000000000	10	100	0	0.987604
2719000	-0.2000000000	0.0001000000	0.1000000000	10	100	0	0.992214
2720000	-0.2000000000	0.0001000000	0.1000000000	10	100	0	0.990968
2721000	-0.2000000000	0.0001000000	0.1000000000	10	100	0	0.988631
2722000	-0.2000000000	0.0001000000	0.1000000000	10	100	0	0.990640
2723000	-0.2000000000	0.0001000000	0.1000000000	10	100	0	0.989021
2724000	-0.2000000000	0.0001000000	0.1000000000	10	100	0	0.986993
2725000	-0.2000000000	0.0001000000	0.1000000000	10	100	0	0.988157
2726000	-0.2000000000	0.0001000000	0.1000000000	10	100	0	0.989849
2727000	-0.2000000000	0.0001000000	0.1000000000	10	100	0	0.988473
2728000	-0.2000000000	0.0001000000	0.1000000000	10	100	0	0.988657
2729000	-0.2000000000	0.0001000000	0.1000000000	10	100	0	0.988996
2730000	-0.2000000000	0.0001000000	0.1000000000	10	100	0	0.986162
2731000	-0.2000000000	0.0001000000	0.1000000000	10	100	0	0.987790
2732000	-0.2000000000	0.0001000000	0.1000000000	10	100	0	0.987020
2733000	-0.2000000000	0.0001000000	0.1000000000	10	100	0	0.989126
2734000	-0.2000000000	0.0001000000	0.1000000000	10	100	0	0.986538
2735000	-0.2000000000	0.0001000000	0.1000000000	10	100	0	0.989229
2736000	-0.2000000000	0.0001000000	0.1000000000	10	100	0	0.989668
2737000	-0.2000000000	0.0001000000	0.1000000000	10	100	0	0.990486
2738000	-0.2000000000	0.0001000000	0.1000000000	10	100	0	0.989849
2739000	-0.2000000000	0.0001000000	0.1000000000	10	100	0	0.989823
2740000	-0.2000000000	0.0001000000	0.1000000000	10	100	0	0.988579
2741000	-0.2000000000	0.0001000000	0.1000000000	10	100	0	0.988316
2742000	-0.2000000000	0.0001000000	0.1000000000	10	100	0	0.990487
2743000	-0.2000000000	0.0001000000	0.1000000000	10	100	0	0.989047
2744000	-0.2000000000	0.0001000000	0.1000000000	10	100	0	0.986699
2745000	-0.2000000000	0.0001000000	0.1000000000	10	100	0	0.989152
2746000	-0.2000000000	0.0001000000	0.1000000000	10	100	0	0.987869
2747000	-0.2000000000	0.0001000000	0.1000000000	10	100	0	0.989333
2748000	-0.2000000000	0.0001000000	0.1000000000	10	100	0	0.987100
2749000	-0.2000000000	0.0001000000	0.1000000000	10	100	0	0.989359
2750000	-0.2000000000	0.0001000000	0.1000000000	10	100	0	0.989462
2751000	-0.2000000000	0.0001000000	0.1000000000	10	100	0	0.987499
2752000	-0.2000000000	0.0001000000	0.1000000000	10	100	0	0.985621
2753000	-0.2000000000	0.0001000000	0.1000000000	10	100	0	0.984968
2754000	-0.2000000000	0.0001000000	0.1000000000	10	100	0	0.988264
2755000	-0.2000000000	0.0001000000	0.1000000000	10	100	0	0.989900
2756000	-0.2000000000	0.0001000000	0.1000000000	10	100	0	0.989823
2757000	-0.2000000000	0.0001000000	0.1000000000	10	100	0	0.988448
2758000	-0.2000000000	0.0001000000	0.1000000000	10	100	0	0.989151
2759000	-0.2000000000	0.0001000000	0.1000000000	10	100	0	0.989152
2760000	-0.2000000000	0.0001000000	0.1000000000	10	100	0	0.986912
2761000	-0.2000000000	0.0001000000	0.1000000000	10	100	0	0.988080
2762000	-0.2000000000	0.0001000000	0.1000000000	10	100	0	0.988211
2763000	-0.2000000000	0.0001000000	0.1000000000	10	100	0	0.988238
2764000	-0.2000000000	0.0001000000	0.1000000000	10	100	0	0.987179
2765000	-0.2000000000	0.0001000000	0.1000000000	10	100	0	0.989229
2766000	-0.2000000000	0.0001000000	0.1000000000	10	100	0	0.990385
2767000	-0.2000000000	0.0001000000	0.1000000000	10	100	0	0.987869
2768000	-0.2000000000	0.0001000000	0.1000000000	10	100	0	0.988970
2769000	-0.2000000000	0.0001000000	0.1000000000	10	100	0	0.989384
2770000	-0.2000000000	0.0001000000	0.1000000000	10	100	0	0.989900
2771000	-0.2000000000	0.0001000000	0.1000000000	10	100	0	0.986779
2772000	-0.2000000000	0.0001000000	0.1000000000	10	100	0	0.990232
2773000	-0.2000000000	0.0001000000	0.1000000000	10	100	0	0.987974
2774000	-0.2000000000	0.0001000000	0.1000000000	10	100	0	0.988317
2775000	-0.2000000000	0.0001000000	0.1000000000	10	100	0	0.989281
2776000	-0.2000000000	0.0001000000	0.1000000000	10	100	0	0.990309
2777000	-0.2000000000	0.0001000000	0.1000000000	10	100	0	0.988944
2778000	-0.2000000000	0.0001000000	0.1000000000	10	100	0	0.989540
2779000	-0.2000000000	0.0001000000	0.1000000000	10	100	0	0.988630
2780000	-0.2000000000	0.0001000000	0.1000000000	10	100	0	0.986913
2781000	-0.2000000000	0.0001000000	0.1000000000	10	100	0	0.989048
2782000	-0.2000000000	0.0001000000	0.1000000000	10	100	0	0.990207
2783000	-0.2000000000	0.0001000000	0.1000000000	10	100	0	0.988106
2784000	-0.2000000000	0.0001000000	0.1000000000	10	100	0	0.987206
2785000	-0.2000000000	0.0001000000	0.1000000000	10	100	0	0.987843
2786000	-0.2000000000	0.0001000000	0.1000000000	10	100	0	0.989255
2787000	-0.2000000000	0.0001000000	0.1000000000	10	100	0	0.988683
2788000	-0.2000000000	0.0001000000	0.1000000000	10	100	0	0.989694
2789000	-0.2000000000	0.0001000000	0.1000000000	10	100	0	0.988631
2790000	-0.2000000000	0.0001000000	0.1000000000	10	100	0	0.988500
2791000	-0.2000000000	0.0001000000	0.1000000000	10	100	0	0.988317
2792000	-0.2000000000	0.0001000000	0.1000000000	10	100	0	0.988866
2793000	-0.2000000000	0.0001000000	0.1000000000	10	100	0	0.987366
2794000	-0.2000000000	0.0001000000	0.1000000000	10	100	0	0.988027
2795000	-0.2000000000	0.0001000000	0.1000000000	10	100	0	0.990487
2796000	-0.2000000000	0.0001000000	0.1000000000	10	100	0	0.989306
2797000	-0.2000000000	0.0001000000	0.1000000000	10	100	0	0.989359
2798000	-0.2000000000	0.0001000000	0.1000000000	10	100	0	0.989048
2799000	-0.2000000000	0.0001000000	0.1000000000	10	100	0	0.989872
2800000	-0.2000000000	0.0001000000	0.1000000000	10	100	0	0.988448
2801000	-0.2000000000	0.0001000000	0.1000000000	10	100	0	0.989437
2802000	-0.2000000000	0.0001000000	0.1000000000	10	100	0	0.988761
2803000	-0.2000000000	0.0001000000	0.1000000000	10	100	0	0.990309
2804000	-0.2000000000	0.0001000000	0.1000000000	10	100	0	0.988106
2805000	-0.2000000000	0.0001000000	0.1000000000	10	100	0	0.989074
2806000	-0.2000000000	0.0001000000	0.1000000000	10	100	0	0.987233
2807000	-0.2000000000	0.0001000000	0.1000000000	10	100	0	0.989409
2808000	-0.2000000000	0.0001000000	0.1000000000	10	100	0	0.987975
2809000	-0.2000000000	0.0001000000	0.1000000000	10	100	0	0.989514
2810000	-0.2000000000	0.0001000000	0.1000000000	10	100	0	0.989203
2811000	-0.2000000000	0.0001000000	0.1000000000	10	100	0	0.989771
2812000	-0.2000000000	0.0001000000	0.1000000000	10	100	0	0.988290
2813000	-0.2000000000	0.0001000000	0.1000000000	10	100	0	0.990993
2814000	-0.2000000000	0.0001000000	0.1000000000	10	100	0	0.988709
2815000	-0.2000000000	0.0001000000	0.1000000000	10	100	0	0.987710
2816000	-0.2000000000	0.0001000000	0.1000000000	10	100	0	0.989126
2817000	-0.2000000000	0.0001000000	0.1000000000	10	100	0	0.989281
2818000	-0.2000000000	0.0001000000	0.1000000000	10	100	0	0.989152
2819000	-0.2000000000	0.0001000000	0.1000000000	10	100	0	0.987126
2820000	-0.2000000000	0.0001000000	0.1000000000	10	100	0	0.987816
2821000	-0.2000000000	0.0001000000	0.1000000000	10	100	0	0.989643
2822000	-0.2000000000	0.0001000000	0.1000000000	10	100	0	0.988290
2823000	-0.2000000000	0.0001000000	0.1000000000	10	100	0	0.989307
2824000	-0.2000000000	0.0001000000	0.1000000000	10	100	0	0.989359
2825000	-0.2000000000	0.0001000000	0.1000000000	10	100	0	0.988159
2826000	-0.2000000000	0.0001000000	0.1000000000	10	100	0	0.987392
2827000	-0.2000000000	0.0001000000	0.1000000000	10	100	0	0.988735
2828000	-0.2000000000	0.0001000000	0.1000000000	10	100	0	0.990538
2829000	-0.2000000000	0.0001000000	0.1000000000	10	100	0	0.989178
2830000	-0.2000000000	0.0001000000	0.1000000000	10	100	0	0.991145
2831000	-0.2000000000	0.0001000000	0.1000000000	10	100	0	0.988526
2832000	-0.2000000000	0.0001000000	0.1000000000	10	100	0	0.991939
2833000	-0.2000000000	0.0001000000	0.1000000000	10	100	0	0.989255
2834000	-0.2000000000	0.0001000000	0.1000000000	10	100	0	0.988604
2835000	-0.2000000000	0.0001000000	0.1000000000	10	100	0	0.989152
2836000	-0.2000000000	0.0001000000	0.1000000000	10	100	0	0.990207
2837000	-0.2000000000	0.0001000000	0.1000000000	10	100	0	0.989720
2838000	-0.2000000000	0.0001000000	0.1000000000	10	100	0	0.987895
2839000	-0.2000000000	0.0001000000	0.1000000000	10	100	0	0.989384
2840000	-0.2000000000	0.0001000000	0.1000000000	10	100	0	0.988735
2841000	-0.2000000000	0.0001000000	0.1000000000	10	100	0	0.988421
2842000	-0.2000000000	0.0001000000	0.1000000000	10	100	0	0.989669
2843000	-0.2000000000	0.0001000000	0.1000000000	10	100	0	0.992116
2844000	-0.2000000000	0.0001000000	0.1000000000	10	100	0	0.990741
2845000	-0.2000000000	0.0001000000	0.1000000000	10	100	0	0.989797
2846000	-0.2000000000	0.0001000000	0.1000000000	10	100	0	0.986753
2847000	-0.2000000000	0.0001000000	0.1000000000	10	100	0	0.989951
2848000	-0.2000000000	0.0001000000	0.1000000000	10	100	0	0.988133
2849000	-0.2000000000	0.0001000000	0.1000000000	10	100	0	0.990842
2850000	-0.2000000000	0.0001000000	0.1000000000	10	100	0	0.987946
2851000	-0.2000000000	0.0001000000	0.1000000000	10	100	0	0.986511
2852000	-0.2000000000	0.0001000000	0.1000000000	10	100	0	0.987605
2853000	-0.2000000000	0.0001000000	0.1000000000	10	100	0	0.989643
2854000	-0.2000000000	0.0001000000	0.1000000000	10	100	0	0.990130
2855000	-0.2000000000	0.0001000000	0.1000000000	10	100	0	0.991768
2856000	-0.2000000000	0.0001000000	0.1000000000	10	100	0	0.987975
2857000	-0.2000000000	0.0001000000	0.1000000000	10	100	0	0.989255
2858000	-0.2000000000	0.0001000000	0.1000000000	10	100	0	0.988761
2859000	-0.2000000000	0.0001000000	0.1000000000	10	100	0	0.988369
2860000	-0.2000000000	0.0001000000	0.1000000000	10	100	0	0.988605
2861000	-0.2000000000	0.0001000000	0.1000000000	10	100	0	0.988891
2862000	-0.2000000000	0.0001000000	0.1000000000	10	100	0	0.988001
2863000	-0.2000000000	0.0001000000	0.1000000000	10	100	0	0.988474
2864000	-0.2000000000	0.0001000000	0.1000000000	10	100	0	0.990715
2865000	-0.2000000000	0.0001000000	0.1000000000	10	100	0	0.985267
2866000	-0.2000000000	0.0001000000	0.1000000000	10	100	0	0.988578
2867000	-0.2000000000	0.0001000000	0.1000000000	10	100	0	0.988001
2868000	-0.2000000000	0.0001000000	0.1000000000	10	100	0	0.990131
2869000	-0.2000000000	0.0001000000	0.1000000000	10	100	0	0.989951
2870000	-0.2000000000	0.0001000000	0.1000000000	10	100	0	0.990766
2871000	-0.2000000000	0.0001000000	0.1000000000	10	100	0	0.988212
2872000	-0.2000000000	0.0001000000	0.1000000000	10	100	0	0.988395
2873000	-0.2000000000	0.0001000000	0.1000000000	10	100	0	0.986108
2874000	-0.2000000000	0.0001000000	0.1000000000	10	100	0	0.988369
2875000	-0.2000000000	0.0001000000	0.1000000000	10	100	0	0.989074
2876000	-0.2000000000	0.0001000000	0.1000000000	10	100	0	0.989048
2877000	-0.2000000000	0.0001000000	0.1000000000	10	100	0	0.991170
2878000	-0.2000000000	0.0001000000	0.1000000000	10	100	0	0.990385
2879000	-0.2000000000	0.0001000000	0.1000000000	10	100	0	0.989591
2880000	-0.2000000000	0.0001000000	0.1000000000	10	100	0	0.987339
2881000	-0.2000000000	0.0001000000	0.1000000000	10	100	0	0.991420
2882000	-0.2000000000	0.0001000000	0.1000000000	10	100	0	0.989100
2883000	-0.2000000000	0.0001000000	0.1000000000	10	100	0	0.988474
2884000	-0.2000000000	0.0001000000	0.1000000000	10	100	0	0.991370
2885000	-0.2000000000	0.0001000000	0.1000000000	10	100	0	0.987019
2886000	-0.2000000000	0.0001000000	0.1000000000	10	100	0	0.990842
2887000	-0.2000000000	0.0001000000	0.1000000000	10	100	0	0.990563
2888000	-0.2000000000	0.0001000000	0.1000000000	10	100	0	0.989307
2889000	-0.2000000000	0.0001000000	0.1000000000	10	100	0	0.988343
2890000	-0.2000000000	0.0001000000	0.1000000000	10	100	0	0.986162
2891000	-0.2000000000	0.0001000000	0.1000000000	10	100	0	0.988866
2892000	-0.2000000000	0.0001000000	0.1000000000	10	100	0	0.989333
2893000	-0.2000000000	0.0001000000	0.1000000000	10	100	0	0.988054
2894000	-0.2000000000	0.0001000000	0.1000000000	10	100	0	0.988866
2895000	-0.2000000000	0.0001000000	0.1000000000	10	100	0	0.990690
2896000	-0.2000000000	0.0001000000	0.1000000000	10	100	0	0.989229
2897000	-0.2000000000	0.0001000000	0.1000000000	10	100	0	0.987896
2898000	-0.2000000000	0.0001000000	0.1000000000	10	100	0	0.989694
2899000	-0.2000000000	0.0001000000	0.1000000000	10	100	0	0.988970
2900000	-0.2000000000	0.0001000000	0.1000000000	10	100	0	0.988342
2901000	-0.2000000000	0.0001000000	0.1000000000	10	100	0	0.987153
2902000	-0.2000000000	0.0001000000	0.1000000000	10	100	0	0.989926
2903000	-0.2000000000	0.0001000000	0.1000000000	10	100	0	0.989230
2904000	-0.2000000000	0.0001000000	0.1000000000	10	100	0	0.989333
2905000	-0.2000000000	0.0001000000	0.1000000000	10	100	0	0.989617
2906000	-0.2000000000	0.0001000000	0.1000000000	10	100	0	0.989951
2907000	-0.2000000000	0.0001000000	0.1000000000	10	100	0	0.990436
2908000	-0.2000000000	0.0001000000	0.1000000000	10	100	0	0.991119
2909000	-0.2000000000	0.0001000000	0.1000000000	10	100	0	0.988892
2910000	-0.2000000000	0.0001000000	0.1000000000	10	100	0	0.989384
2911000	-0.2000000000	0.0001000000	0.1000000000	10	100	0	0.988682
2912000	-0.2000000000	0.0001000000	0.1000000000	10	100	0	0.987445
2913000	-0.2000000000	0.0001000000	0.1000000000	10	100	0	0.988840
2914000	-0.2000000000	0.0001000000	0.1000000000	10	100	0	0.989100
2915000	-0.2000000000	0.0001000000	0.1000000000	10	100	0	0.988343
2916000	-0.2000000000	0.0001000000	0.1000000000	10	100	0	0.988159
2917000	-0.2000000000	0.0001000000	0.1000000000	10	100	0	0.987816
2918000	-0.2000000000	0.0001000000	0.1000000000	10	100	0	0.988500
2919000	-0.2000000000	0.0001000000	0.1000000000	10	100	0	0.990513
2920000	-0.2000000000	0.0001000000	0.1000000000	10	100	0	0.989100
2921000	-0.2000000000	0.0001000000	0.1000000000	10	100	0	0.988159
2922000	-0.2000000000	0.0001000000	0.1000000000	10	100	0	0.988237
2923000	-0.2000000000	0.0001000000	0.1000000000	10	100	0	0.989925
2924000	-0.2000000000	0.0001000000	0.1000000000	10	100	0	0.988605
2925000	-0.2000000000	0.0001000000	0.1000000000	10	100	0	0.988630
2926000	-0.2000000000	0.0001000000	0.1000000000	10	100	0	0.989048
2927000	-0.2000000000	0.0001000000	0.1000000000	10	100	0	0.987259
2928000	-0.2000000000	0.0001000000	0.1000000000	10	100	0	0.990207
2929000	-0.2000000000	0.0001000000	0.1000000000	10	100	0	0.990233
2930000	-0.2000000000	0.0001000000	0.1000000000	10	100	0	0.987816
2931000	-0.2000000000	0.0001000000	0.1000000000	10	100	0	0.988944
2932000	-0.2000000000	0.0001000000	0.1000000000	10	100	0	0.990918
2933000	-0.2000000000	0.0001000000	0.1000000000	10	100	0	0.989591
2934000	-0.2000000000	0.0001000000	0.1000000000	10	100	0	0.991568
2935000	-0.2000000000	0.0001000000	0.1000000000	10	100	0	0.991495
2936000	-0.2000000000	0.0001000000	0.1000000000	10	100	0	0.990283
2937000	-0.2000000000	0.0001000000	0.1000000000	10	100	0	0.988500
2938000	-0.2000000000	0.0001000000	0.1000000000	10	100	0	0.990943
2939000	-0.2000000000	0.0001000000	0.1000000000	10	100	0	0.990513
2940000	-0.2000000000	0.0001000000	0.1000000000	10	100	0	0.988579
2941000	-0.2000000000	0.0001000000	0.1000000000	10	100	0	0.989977
2942000	-0.2000000000	0.0001000000	0.1000000000	10	100	0	0.987895
2943000	-0.2000000000	0.0001000000	0.1000000000	10	100	0	0.988553
2944000	-0.2000000000	0.0001000000	0.1000000000	10	100	0	0.990207
2945000	-0.2000000000	0.0001000000	0.1000000000	10	100	0	0.991370
2946000	-0.2000000000	0.0001000000	0.1000000000	10	100	0	0.990436
2947000	-0.2000000000	0.0001000000	0.1000000000	10	100	0	0.989178
2948000	-0.2000000000	0.0001000000	0.1000000000	10	100	0	0.987153
2949000	-0.2000000000	0.0001000000	0.1000000000	10	100	0	0.986912
2950000	-0.2000000000	0.0001000000	0.1000000000	10	100	0	0.987153
2951000	-0.2000000000	0.0001000000	0.1000000000	10	100	0	0.988631
2952000	-0.2000000000	0.0001000000	0.1000000000	10	100	0	0.988709
2953000	-0.2000000000	0.0001000000	0.1000000000	10	100	0	0.990614
2954000	-0.2000000000	0.0001000000	0.1000000000	10	100	0	0.989100
2955000	-0.2000000000	0.0001000000	0.1000000000	10	100	0	0.986134
2956000	-0.2000000000	0.0001000000	0.1000000000	10	100	0	0.990639
2957000	-0.2000000000	0.0001000000	0.1000000000	10	100	0	0.989617
2958000	-0.2000000000	0.0001000000	0.1000000000	10	100	0	0.987710
2959000	-0.2000000000	0.0001000000	0.1000000000	10	100	0	0.988447
2960000	-0.2000000000	0.0001000000	0.1000000000	10	100	0	0.988500
2961000	-0.2000000000	0.0001000000	0.1000000000	10	100	0	0.987816
2962000	-0.2000000000	0.0001000000	0.1000000000	10	100	0	0.990943
2963000	-0.2000000000	0.0001000000	0.1000000000	10	100	0	0.989772
2964000	-0.2000000000	0.0001000000	0.1000000000	10	100	0	0.988735
2965000	-0.2000000000	0.0001000000	0.1000000000	10	100	0	0.989566
2966000	-0.2000000000	0.0001000000	0.1000000000	10	100	0	0.988474
2967000	-0.2000000000	0.0001000000	0.1000000000	10	100	0	0.989540
2968000	-0.2000000000	0.0001000000	0.1000000000	10	100	0	0.986859
2969000	-0.2000000000	0.0001000000	0.1000000000	10	100	0	0.987020
2970000	-0.2000000000	0.0001000000	0.1000000000	10	100	0	0.988709
2971000	-0.2000000000	0.0001000000	0.1000000000	10	100	0	0.988683
2972000	-0.2000000000	0.0001000000	0.1000000000	10	100	0	0.988317
2973000	-0.2000000000	0.0001000000	0.1000000000	10	100	0	0.989900
2974000	-0.2000000000	0.0001000000	0.1000000000	10	100	0	0.988788
2975000	-0.2000000000	0.0001000000	0.1000000000	10	100	0	0.989668
2976000	-0.2000000000	0.0001000000	0.1000000000	10	100	0	0.989411
2977000	-0.2000000000	0.0001000000	0.1000000000	10	100	0	0.989022
2978000	-0.2000000000	0.0001000000	0.1000000000	10	100	0	0.987896
2979000	-0.2000000000	0.0001000000	0.1000000000	10	100	0	0.989410
2980000	-0.2000000000	0.0001000000	0.1000000000	10	100	0	0.990309
2981000	-0.2000000000	0.0001000000	0.1000000000	10	100	0	0.988106
2982000	-0.2000000000	0.0001000000	0.1000000000	10	100	0	0.988027
2983000	-0.2000000000	0.0001000000	0.1000000000	10	100	0	0.990462
2984000	-0.2000000000	0.0001000000	0.1000000000	10	100	0	0.988631
2985000	-0.2000000000	0.0001000000	0.1000000000	10	100	0	0.989848
2986000	-0.2000000000	0.0001000000	0.1000000000	10	100	0	0.990487
2987000	-0.2000000000	0.0001000000	0.1000000000	10	100	0	0.990538
2988000	-0.2000000000	0.0001000000	0.1000000000	10	100	0	0.988866
2989000	-0.2000000000	0.0001000000	0.1000000000	10	100	0	0.988579
2990000	-0.2000000000	0.0001000000	0.1000000000	10	100	0	0.987737
2991000	-0.2000000000	0.0001000000	0.1000000000	10	100	0	0.989436
2992000	-0.2000000000	0.0001000000	0.1000000000	10	100	0	0.989823
2993000	-0.2000000000	0.0001000000	0.1000000000	10	100	0	0.988500
2994000	-0.2000000000	0.0001000000	0.1000000000	10	100	0	0.989410
2995000	-0.2000000000	0.0001000000	0.1000000000	10	100	0	0.987578
2996000	-0.2000000000	0.0001000000	0.1000000000	10	100	0	0.989540
2997000	-0.2000000000	0.0001000000	0.1000000000	10	100	0	0.988709
2998000	-0.2000000000	0.0001000000	0.1000000000	10	100	0	0.989951
2999000	-0.2000000000	0.0001000000	0.1000000000	10	100	0	0.988474
3000000	-0.2000000000	0.0001000000	0.1000000000	10	100	0	0.987153
