time	epistasis_coef	sel_coef	mu_prob	Ne	L	k_start	mean_fitness
2000000	-1.0000000000	0.0001000000	0.0010000000	10	100	0	0.794216
2001000	-1.0000000000	0.0001000000	0.0010000000	10	100	0	0.794216
2002000	-1.0000000000	0.0001000000	0.0010000000	10	100	0	0.794216
2003000	-1.0000000000	0.0001000000	0.0010000000	10	100	0	0.786549
2004000	-1.0000000000	0.0001000000	0.0010000000	10	100	0	0.778801
2005000	-1.0000000000	0.0001000000	0.0010000000	10	100	0	0.778801
2006000	-1.0000000000	0.0001000000	0.0010000000	10	100	0	0.770974
2007000	-1.0000000000	0.0001000000	0.0010000000	10	100	0	0.778801
2008000	-1.0000000000	0.0001000000	0.0010000000	10	100	0	0.770974
2009000	-1.0000000000	0.0001000000	0.0010000000	10	100	0	0.770974
2010000	-1.0000000000	0.0001000000	0.0010000000	10	100	0	0.763074
2011000	-1.0000000000	0.0001000000	0.0010000000	10	100	0	0.763074
2012000	-1.0000000000	0.0001000000	0.0010000000	10	100	0	0.763074
2013000	-1.0000000000	0.0001000000	0.0010000000	10	100	0	0.763074
2014000	-1.0000000000	0.0001000000	0.0010000000	10	100	0	0.763074
2015000	-1.0000000000	0.0001000000	0.0010000000	10	100	0	0.755104
2016000	-1.0000000000	0.0001000000	0.0010000000	10	100	0	0.763074
2017000	-1.0000000000	0.0001000000	0.0010000000	10	100	0	0.763074
2018000	-1.0000000000	0.0001000000	0.0010000000	10	100	0	0.763074
2019000	-1.0000000000	0.0001000000	0.0010000000	10	100	0	0.755104
2020000	-1.0000000000	0.0001000000	0.0010000000	10	100	0	0.755104
2021000	-1.0000000000	0.0001000000	0.0010000000	10	100	0	0.763074
2022000	-1.0000000000	0.0001000000	0.0010000000	10	100	0	0.770974
2023000	-1.0000000000	0.0001000000	0.0010000000	10	100	0	0.769394
2024000	-1.0000000000	0.0001000000	0.0010000000	10	100	0	0.755104
2025000	-1.0000000000	0.0001000000	0.0010000000	10	100	0	0.770974
2026000	-1.0000000000	0.0001000000	0.0010000000	10	100	0	0.770974
2027000	-1.0000000000	0.0001000000	0.0010000000	10	100	0	0.763074
2028000	-1.0000000000	0.0001000000	0.0010000000	10	100	0	0.763074
2029000	-1.0000000000	0.0001000000	0.0010000000	10	100	0	0.747067
2030000	-1.0000000000	0.0001000000	0.0010000000	10	100	0	0.738968
2031000	-1.0000000000	0.0001000000	0.0010000000	10	100	0	0.738968
2032000	-1.0000000000	0.0001000000	0.0010000000	10	100	0	0.738968
2033000	-1.0000000000	0.0001000000	0.0010000000	10	100	0	0.730811
2034000	-1.0000000000	0.0001000000	0.0010000000	10	100	0	0.726705
2035000	-1.0000000000	0.0001000000	0.0010000000	10	100	0	0.722600
2036000	-1.0000000000	0.0001000000	0.0010000000	10	100	0	0.738968
2037000	-1.0000000000	0.0001000000	0.0010000000	10	100	0	0.747067
2038000	-1.0000000000	0.0001000000	0.0010000000	10	100	0	0.763074
2039000	-1.0000000000	0.0001000000	0.0010000000	10	100	0	0.747871
2040000	-1.0000000000	0.0001000000	0.0010000000	10	100	0	0.755104
2041000	-1.0000000000	0.0001000000	0.0010000000	10	100	0	0.747067
2042000	-1.0000000000	0.0001000000	0.0010000000	10	100	0	0.747067
2043000	-1.0000000000	0.0001000000	0.0010000000	10	100	0	0.747067
2044000	-1.0000000000	0.0001000000	0.0010000000	10	100	0	0.747067
2045000	-1.0000000000	0.0001000000	0.0010000000	10	100	0	0.747067
2046000	-1.0000000000	0.0001000000	0.0010000000	10	100	0	0.738968
2047000	-1.0000000000	0.0001000000	0.0010000000	10	100	0	0.747067
2048000	-1.0000000000	0.0001000000	0.0010000000	10	100	0	0.755104
2049000	-1.0000000000	0.0001000000	0.0010000000	10	100	0	0.755104
2050000	-1.0000000000	0.0001000000	0.0010000000	10	100	0	0.755104
2051000	-1.0000000000	0.0001000000	0.0010000000	10	100	0	0.763074
2052000	-1.0000000000	0.0001000000	0.0010000000	10	100	0	0.763074
2053000	-1.0000000000	0.0001000000	0.0010000000	10	100	0	0.763074
2054000	-1.0000000000	0.0001000000	0.0010000000	10	100	0	0.770974
2055000	-1.0000000000	0.0001000000	0.0010000000	10	100	0	0.788083
2056000	-1.0000000000	0.0001000000	0.0010000000	10	100	0	0.794216
2057000	-1.0000000000	0.0001000000	0.0010000000	10	100	0	0.794216
2058000	-1.0000000000	0.0001000000	0.0010000000	10	100	0	0.786549
2059000	-1.0000000000	0.0001000000	0.0010000000	10	100	0	0.794216
2060000	-1.0000000000	0.0001000000	0.0010000000	10	100	0	0.801797
2061000	-1.0000000000	0.0001000000	0.0010000000	10	100	0	0.801797
2062000	-1.0000000000	0.0001000000	0.0010000000	10	100	0	0.816686
2063000	-1.0000000000	0.0001000000	0.0010000000	10	100	0	0.801797
2064000	-1.0000000000	0.0001000000	0.0010000000	10	100	0	0.794216
2065000	-1.0000000000	0.0001000000	0.0010000000	10	100	0	0.801797
2066000	-1.0000000000	0.0001000000	0.0010000000	10	100	0	0.809288
2067000	-1.0000000000	0.0001000000	0.0010000000	10	100	0	0.809288
2068000	-1.0000000000	0.0001000000	0.0010000000	10	100	0	0.816686
2069000	-1.0000000000	0.0001000000	0.0010000000	10	100	0	0.801797
2070000	-1.0000000000	0.0001000000	0.0010000000	10	100	0	0.794216
2071000	-1.0000000000	0.0001000000	0.0010000000	10	100	0	0.801797
2072000	-1.0000000000	0.0001000000	0.0010000000	10	100	0	0.801797
2073000	-1.0000000000	0.0001000000	0.0010000000	10	100	0	0.801797
2074000	-1.0000000000	0.0001000000	0.0010000000	10	100	0	0.816686
2075000	-1.0000000000	0.0001000000	0.0010000000	10	100	0	0.831187
2076000	-1.0000000000	0.0001000000	0.0010000000	10	100	0	0.831187
2077000	-1.0000000000	0.0001000000	0.0010000000	10	100	0	0.832606
2078000	-1.0000000000	0.0001000000	0.0010000000	10	100	0	0.823987
2079000	-1.0000000000	0.0001000000	0.0010000000	10	100	0	0.823987
2080000	-1.0000000000	0.0001000000	0.0010000000	10	100	0	0.816686
2081000	-1.0000000000	0.0001000000	0.0010000000	10	100	0	0.816686
2082000	-1.0000000000	0.0001000000	0.0010000000	10	100	0	0.809288
2083000	-1.0000000000	0.0001000000	0.0010000000	10	100	0	0.801797
2084000	-1.0000000000	0.0001000000	0.0010000000	10	100	0	0.809288
2085000	-1.0000000000	0.0001000000	0.0010000000	10	100	0	0.809288
2086000	-1.0000000000	0.0001000000	0.0010000000	10	100	0	0.816686
2087000	-1.0000000000	0.0001000000	0.0010000000	10	100	0	0.816686
2088000	-1.0000000000	0.0001000000	0.0010000000	10	100	0	0.823987
2089000	-1.0000000000	0.0001000000	0.0010000000	10	100	0	0.816686
2090000	-1.0000000000	0.0001000000	0.0010000000	10	100	0	0.831187
2091000	-1.0000000000	0.0001000000	0.0010000000	10	100	0	0.831187
2092000	-1.0000000000	0.0001000000	0.0010000000	10	100	0	0.831187
2093000	-1.0000000000	0.0001000000	0.0010000000	10	100	0	0.838283
2094000	-1.0000000000	0.0001000000	0.0010000000	10	100	0	0.845269
2095000	-1.0000000000	0.0001000000	0.0010000000	10	100	0	0.845269
2096000	-1.0000000000	0.0001000000	0.0010000000	10	100	0	0.838283
2097000	-1.0000000000	0.0001000000	0.0010000000	10	100	0	0.838283
2098000	-1.0000000000	0.0001000000	0.0010000000	10	100	0	0.845269
2099000	-1.0000000000	0.0001000000	0.0010000000	10	100	0	0.845269
2100000	-1.0000000000	0.0001000000	0.0010000000	10	100	0	0.845269
2101000	-1.0000000000	0.0001000000	0.0010000000	10	100	0	0.845269
2102000	-1.0000000000	0.0001000000	0.0010000000	10	100	0	0.845269
2103000	-1.0000000000	0.0001000000	0.0010000000	10	100	0	0.841077
2104000	-1.0000000000	0.0001000000	0.0010000000	10	100	0	0.838283
2105000	-1.0000000000	0.0001000000	0.0010000000	10	100	0	0.858902
2106000	-1.0000000000	0.0001000000	0.0010000000	10	100	0	0.845269
2107000	-1.0000000000	0.0001000000	0.0010000000	10	100	0	0.852144
2108000	-1.0000000000	0.0001000000	0.0010000000	10	100	0	0.831187
2109000	-1.0000000000	0.0001000000	0.0010000000	10	100	0	0.831187
2110000	-1.0000000000	0.0001000000	0.0010000000	10	100	0	0.831187
2111000	-1.0000000000	0.0001000000	0.0010000000	10	100	0	0.831187
2112000	-1.0000000000	0.0001000000	0.0010000000	10	100	0	0.831187
2113000	-1.0000000000	0.0001000000	0.0010000000	10	100	0	0.831187
2114000	-1.0000000000	0.0001000000	0.0010000000	10	100	0	0.831187
2115000	-1.0000000000	0.0001000000	0.0010000000	10	100	0	0.831187
2116000	-1.0000000000	0.0001000000	0.0010000000	10	100	0	0.831187
2117000	-1.0000000000	0.0001000000	0.0010000000	10	100	0	0.838283
2118000	-1.0000000000	0.0001000000	0.0010000000	10	100	0	0.845269
2119000	-1.0000000000	0.0001000000	0.0010000000	10	100	0	0.838283
2120000	-1.0000000000	0.0001000000	0.0010000000	10	100	0	0.838283
2121000	-1.0000000000	0.0001000000	0.0010000000	10	100	0	0.838283
2122000	-1.0000000000	0.0001000000	0.0010000000	10	100	0	0.838283
2123000	-1.0000000000	0.0001000000	0.0010000000	10	100	0	0.845269
2124000	-1.0000000000	0.0001000000	0.0010000000	10	100	0	0.845269
2125000	-1.0000000000	0.0001000000	0.0010000000	10	100	0	0.838283
2126000	-1.0000000000	0.0001000000	0.0010000000	10	100	0	0.831187
2127000	-1.0000000000	0.0001000000	0.0010000000	10	100	0	0.845269
2128000	-1.0000000000	0.0001000000	0.0010000000	10	100	0	0.852144
2129000	-1.0000000000	0.0001000000	0.0010000000	10	100	0	0.852144
2130000	-1.0000000000	0.0001000000	0.0010000000	10	100	0	0.852144
2131000	-1.0000000000	0.0001000000	0.0010000000	10	100	0	0.831187
2132000	-1.0000000000	0.0001000000	0.0010000000	10	100	0	0.838283
2133000	-1.0000000000	0.0001000000	0.0010000000	10	100	0	0.831187
2134000	-1.0000000000	0.0001000000	0.0010000000	10	100	0	0.830467
2135000	-1.0000000000	0.0001000000	0.0010000000	10	100	0	0.831187
2136000	-1.0000000000	0.0001000000	0.0010000000	10	100	0	0.816686
2137000	-1.0000000000	0.0001000000	0.0010000000	10	100	0	0.816686
2138000	-1.0000000000	0.0001000000	0.0010000000	10	100	0	0.816686
2139000	-1.0000000000	0.0001000000	0.0010000000	10	100	0	0.816686
2140000	-1.0000000000	0.0001000000	0.0010000000	10	100	0	0.786549
2141000	-1.0000000000	0.0001000000	0.0010000000	10	100	0	0.786549
2142000	-1.0000000000	0.0001000000	0.0010000000	10	100	0	0.794216
2143000	-1.0000000000	0.0001000000	0.0010000000	10	100	0	0.801797
2144000	-1.0000000000	0.0001000000	0.0010000000	10	100	0	0.801797
2145000	-1.0000000000	0.0001000000	0.0010000000	10	100	0	0.794216
2146000	-1.0000000000	0.0001000000	0.0010000000	10	100	0	0.794216
2147000	-1.0000000000	0.0001000000	0.0010000000	10	100	0	0.786549
2148000	-1.0000000000	0.0001000000	0.0010000000	10	100	0	0.794216
2149000	-1.0000000000	0.0001000000	0.0010000000	10	100	0	0.786549
2150000	-1.0000000000	0.0001000000	0.0010000000	10	100	0	0.794216
2151000	-1.0000000000	0.0001000000	0.0010000000	10	100	0	0.794216
2152000	-1.0000000000	0.0001000000	0.0010000000	10	100	0	0.794216
2153000	-1.0000000000	0.0001000000	0.0010000000	10	100	0	0.794216
2154000	-1.0000000000	0.0001000000	0.0010000000	10	100	0	0.786549
2155000	-1.0000000000	0.0001000000	0.0010000000	10	100	0	0.786549
2156000	-1.0000000000	0.0001000000	0.0010000000	10	100	0	0.786549
2157000	-1.0000000000	0.0001000000	0.0010000000	10	100	0	0.794216
2158000	-1.0000000000	0.0001000000	0.0010000000	10	100	0	0.786549
2159000	-1.0000000000	0.0001000000	0.0010000000	10	100	0	0.816686
2160000	-1.0000000000	0.0001000000	0.0010000000	10	100	0	0.823987
2161000	-1.0000000000	0.0001000000	0.0010000000	10	100	0	0.823987
2162000	-1.0000000000	0.0001000000	0.0010000000	10	100	0	0.809288
2163000	-1.0000000000	0.0001000000	0.0010000000	10	100	0	0.809288
2164000	-1.0000000000	0.0001000000	0.0010000000	10	100	0	0.823987
2165000	-1.0000000000	0.0001000000	0.0010000000	10	100	0	0.823987
2166000	-1.0000000000	0.0001000000	0.0010000000	10	100	0	0.823987
2167000	-1.0000000000	0.0001000000	0.0010000000	10	100	0	0.809288
2168000	-1.0000000000	0.0001000000	0.0010000000	10	100	0	0.816686
2169000	-1.0000000000	0.0001000000	0.0010000000	10	100	0	0.823987
2170000	-1.0000000000	0.0001000000	0.0010000000	10	100	0	0.838283
2171000	-1.0000000000	0.0001000000	0.0010000000	10	100	0	0.831187
2172000	-1.0000000000	0.0001000000	0.0010000000	10	100	0	0.838283
2173000	-1.0000000000	0.0001000000	0.0010000000	10	100	0	0.838283
2174000	-1.0000000000	0.0001000000	0.0010000000	10	100	0	0.838283
2175000	-1.0000000000	0.0001000000	0.0010000000	10	100	0	0.841077
2176000	-1.0000000000	0.0001000000	0.0010000000	10	100	0	0.858902
2177000	-1.0000000000	0.0001000000	0.0010000000	10	100	0	0.878447
2178000	-1.0000000000	0.0001000000	0.0010000000	10	100	0	0.878447
2179000	-1.0000000000	0.0001000000	0.0010000000	10	100	0	0.872696
2180000	-1.0000000000	0.0001000000	0.0010000000	10	100	0	0.872057
2181000	-1.0000000000	0.0001000000	0.0010000000	10	100	0	0.872057
2182000	-1.0000000000	0.0001000000	0.0010000000	10	100	0	0.865541
2183000	-1.0000000000	0.0001000000	0.0010000000	10	100	0	0.858902
2184000	-1.0000000000	0.0001000000	0.0010000000	10	100	0	0.852144
2185000	-1.0000000000	0.0001000000	0.0010000000	10	100	0	0.852144
2186000	-1.0000000000	0.0001000000	0.0010000000	10	100	0	0.863550
2187000	-1.0000000000	0.0001000000	0.0010000000	10	100	0	0.845269
2188000	-1.0000000000	0.0001000000	0.0010000000	10	100	0	0.838283
2189000	-1.0000000000	0.0001000000	0.0010000000	10	100	0	0.831187
2190000	-1.0000000000	0.0001000000	0.0010000000	10	100	0	0.823987
2191000	-1.0000000000	0.0001000000	0.0010000000	10	100	0	0.823987
2192000	-1.0000000000	0.0001000000	0.0010000000	10	100	0	0.823987
2193000	-1.0000000000	0.0001000000	0.0010000000	10	100	0	0.823987
2194000	-1.0000000000	0.0001000000	0.0010000000	10	100	0	0.838283
2195000	-1.0000000000	0.0001000000	0.0010000000	10	100	0	0.838283
2196000	-1.0000000000	0.0001000000	0.0010000000	10	100	0	0.852144
2197000	-1.0000000000	0.0001000000	0.0010000000	10	100	0	0.858902
2198000	-1.0000000000	0.0001000000	0.0010000000	10	100	0	0.858902
2199000	-1.0000000000	0.0001000000	0.0010000000	10	100	0	0.858902
2200000	-1.0000000000	0.0001000000	0.0010000000	10	100	0	0.858902
2201000	-1.0000000000	0.0001000000	0.0010000000	10	100	0	0.858902
2202000	-1.0000000000	0.0001000000	0.0010000000	10	100	0	0.858902
2203000	-1.0000000000	0.0001000000	0.0010000000	10	100	0	0.858902
2204000	-1.0000000000	0.0001000000	0.0010000000	10	100	0	0.858902
2205000	-1.0000000000	0.0001000000	0.0010000000	10	100	0	0.852144
2206000	-1.0000000000	0.0001000000	0.0010000000	10	100	0	0.837573
2207000	-1.0000000000	0.0001000000	0.0010000000	10	100	0	0.838283
2208000	-1.0000000000	0.0001000000	0.0010000000	10	100	0	0.838283
2209000	-1.0000000000	0.0001000000	0.0010000000	10	100	0	0.838283
2210000	-1.0000000000	0.0001000000	0.0010000000	10	100	0	0.831187
2211000	-1.0000000000	0.0001000000	0.0010000000	10	100	0	0.823987
2212000	-1.0000000000	0.0001000000	0.0010000000	10	100	0	0.838283
2213000	-1.0000000000	0.0001000000	0.0010000000	10	100	0	0.838283
2214000	-1.0000000000	0.0001000000	0.0010000000	10	100	0	0.838283
2215000	-1.0000000000	0.0001000000	0.0010000000	10	100	0	0.838283
2216000	-1.0000000000	0.0001000000	0.0010000000	10	100	0	0.838283
2217000	-1.0000000000	0.0001000000	0.0010000000	10	100	0	0.845269
2218000	-1.0000000000	0.0001000000	0.0010000000	10	100	0	0.852144
2219000	-1.0000000000	0.0001000000	0.0010000000	10	100	0	0.852144
2220000	-1.0000000000	0.0001000000	0.0010000000	10	100	0	0.852144
2221000	-1.0000000000	0.0001000000	0.0010000000	10	100	0	0.852144
2222000	-1.0000000000	0.0001000000	0.0010000000	10	100	0	0.858902
2223000	-1.0000000000	0.0001000000	0.0010000000	10	100	0	0.865541
2224000	-1.0000000000	0.0001000000	0.0010000000	10	100	0	0.865541
2225000	-1.0000000000	0.0001000000	0.0010000000	10	100	0	0.872057
2226000	-1.0000000000	0.0001000000	0.0010000000	10	100	0	0.872057
2227000	-1.0000000000	0.0001000000	0.0010000000	10	100	0	0.872057
2228000	-1.0000000000	0.0001000000	0.0010000000	10	100	0	0.865541
2229000	-1.0000000000	0.0001000000	0.0010000000	10	100	0	0.858902
2230000	-1.0000000000	0.0001000000	0.0010000000	10	100	0	0.845269
2231000	-1.0000000000	0.0001000000	0.0010000000	10	100	0	0.845269
2232000	-1.0000000000	0.0001000000	0.0010000000	10	100	0	0.838283
2233000	-1.0000000000	0.0001000000	0.0010000000	10	100	0	0.845269
2234000	-1.0000000000	0.0001000000	0.0010000000	10	100	0	0.852144
2235000	-1.0000000000	0.0001000000	0.0010000000	10	100	0	0.858902
2236000	-1.0000000000	0.0001000000	0.0010000000	10	100	0	0.858902
2237000	-1.0000000000	0.0001000000	0.0010000000	10	100	0	0.852144
2238000	-1.0000000000	0.0001000000	0.0010000000	10	100	0	0.845269
2239000	-1.0000000000	0.0001000000	0.0010000000	10	100	0	0.831187
2240000	-1.0000000000	0.0001000000	0.0010000000	10	100	0	0.831187
2241000	-1.0000000000	0.0001000000	0.0010000000	10	100	0	0.831187
2242000	-1.0000000000	0.0001000000	0.0010000000	10	100	0	0.816686
2243000	-1.0000000000	0.0001000000	0.0010000000	10	100	0	0.809288
2244000	-1.0000000000	0.0001000000	0.0010000000	10	100	0	0.809288
2245000	-1.0000000000	0.0001000000	0.0010000000	10	100	0	0.794216
2246000	-1.0000000000	0.0001000000	0.0010000000	10	100	0	0.809288
2247000	-1.0000000000	0.0001000000	0.0010000000	10	100	0	0.823987
2248000	-1.0000000000	0.0001000000	0.0010000000	10	100	0	0.816686
2249000	-1.0000000000	0.0001000000	0.0010000000	10	100	0	0.816686
2250000	-1.0000000000	0.0001000000	0.0010000000	10	100	0	0.816686
2251000	-1.0000000000	0.0001000000	0.0010000000	10	100	0	0.823987
2252000	-1.0000000000	0.0001000000	0.0010000000	10	100	0	0.823987
2253000	-1.0000000000	0.0001000000	0.0010000000	10	100	0	0.816686
2254000	-1.0000000000	0.0001000000	0.0010000000	10	100	0	0.816686
2255000	-1.0000000000	0.0001000000	0.0010000000	10	100	0	0.816686
2256000	-1.0000000000	0.0001000000	0.0010000000	10	100	0	0.823987
2257000	-1.0000000000	0.0001000000	0.0010000000	10	100	0	0.831187
2258000	-1.0000000000	0.0001000000	0.0010000000	10	100	0	0.831187
2259000	-1.0000000000	0.0001000000	0.0010000000	10	100	0	0.831187
2260000	-1.0000000000	0.0001000000	0.0010000000	10	100	0	0.838283
2261000	-1.0000000000	0.0001000000	0.0010000000	10	100	0	0.838283
2262000	-1.0000000000	0.0001000000	0.0010000000	10	100	0	0.838283
2263000	-1.0000000000	0.0001000000	0.0010000000	10	100	0	0.831187
2264000	-1.0000000000	0.0001000000	0.0010000000	10	100	0	0.831187
2265000	-1.0000000000	0.0001000000	0.0010000000	10	100	0	0.831187
2266000	-1.0000000000	0.0001000000	0.0010000000	10	100	0	0.845269
2267000	-1.0000000000	0.0001000000	0.0010000000	10	100	0	0.838283
2268000	-1.0000000000	0.0001000000	0.0010000000	10	100	0	0.845269
2269000	-1.0000000000	0.0001000000	0.0010000000	10	100	0	0.858902
2270000	-1.0000000000	0.0001000000	0.0010000000	10	100	0	0.852144
2271000	-1.0000000000	0.0001000000	0.0010000000	10	100	0	0.852144
2272000	-1.0000000000	0.0001000000	0.0010000000	10	100	0	0.845269
2273000	-1.0000000000	0.0001000000	0.0010000000	10	100	0	0.845269
2274000	-1.0000000000	0.0001000000	0.0010000000	10	100	0	0.838283
2275000	-1.0000000000	0.0001000000	0.0010000000	10	100	0	0.823987
2276000	-1.0000000000	0.0001000000	0.0010000000	10	100	0	0.823987
2277000	-1.0000000000	0.0001000000	0.0010000000	10	100	0	0.831187
2278000	-1.0000000000	0.0001000000	0.0010000000	10	100	0	0.823987
2279000	-1.0000000000	0.0001000000	0.0010000000	10	100	0	0.831187
2280000	-1.0000000000	0.0001000000	0.0010000000	10	100	0	0.823987
2281000	-1.0000000000	0.0001000000	0.0010000000	10	100	0	0.831187
2282000	-1.0000000000	0.0001000000	0.0010000000	10	100	0	0.823987
2283000	-1.0000000000	0.0001000000	0.0010000000	10	100	0	0.809288
2284000	-1.0000000000	0.0001000000	0.0010000000	10	100	0	0.809288
2285000	-1.0000000000	0.0001000000	0.0010000000	10	100	0	0.809288
2286000	-1.0000000000	0.0001000000	0.0010000000	10	100	0	0.801797
2287000	-1.0000000000	0.0001000000	0.0010000000	10	100	0	0.809288
2288000	-1.0000000000	0.0001000000	0.0010000000	10	100	0	0.794216
2289000	-1.0000000000	0.0001000000	0.0010000000	10	100	0	0.801797
2290000	-1.0000000000	0.0001000000	0.0010000000	10	100	0	0.809288
2291000	-1.0000000000	0.0001000000	0.0010000000	10	100	0	0.809288
2292000	-1.0000000000	0.0001000000	0.0010000000	10	100	0	0.801797
2293000	-1.0000000000	0.0001000000	0.0010000000	10	100	0	0.801797
2294000	-1.0000000000	0.0001000000	0.0010000000	10	100	0	0.801797
2295000	-1.0000000000	0.0001000000	0.0010000000	10	100	0	0.794216
2296000	-1.0000000000	0.0001000000	0.0010000000	10	100	0	0.794216
2297000	-1.0000000000	0.0001000000	0.0010000000	10	100	0	0.794216
2298000	-1.0000000000	0.0001000000	0.0010000000	10	100	0	0.786549
2299000	-1.0000000000	0.0001000000	0.0010000000	10	100	0	0.794216
2300000	-1.0000000000	0.0001000000	0.0010000000	10	100	0	0.786549
2301000	-1.0000000000	0.0001000000	0.0010000000	10	100	0	0.801797
2302000	-1.0000000000	0.0001000000	0.0010000000	10	100	0	0.801797
2303000	-1.0000000000	0.0001000000	0.0010000000	10	100	0	0.801797
2304000	-1.0000000000	0.0001000000	0.0010000000	10	100	0	0.816686
2305000	-1.0000000000	0.0001000000	0.0010000000	10	100	0	0.816686
2306000	-1.0000000000	0.0001000000	0.0010000000	10	100	0	0.823987
2307000	-1.0000000000	0.0001000000	0.0010000000	10	100	0	0.823987
2308000	-1.0000000000	0.0001000000	0.0010000000	10	100	0	0.831187
2309000	-1.0000000000	0.0001000000	0.0010000000	10	100	0	0.822527
2310000	-1.0000000000	0.0001000000	0.0010000000	10	100	0	0.838283
2311000	-1.0000000000	0.0001000000	0.0010000000	10	100	0	0.823987
2312000	-1.0000000000	0.0001000000	0.0010000000	10	100	0	0.809288
2313000	-1.0000000000	0.0001000000	0.0010000000	10	100	0	0.809288
2314000	-1.0000000000	0.0001000000	0.0010000000	10	100	0	0.809288
2315000	-1.0000000000	0.0001000000	0.0010000000	10	100	0	0.809288
2316000	-1.0000000000	0.0001000000	0.0010000000	10	100	0	0.816686
2317000	-1.0000000000	0.0001000000	0.0010000000	10	100	0	0.816686
2318000	-1.0000000000	0.0001000000	0.0010000000	10	100	0	0.831187
2319000	-1.0000000000	0.0001000000	0.0010000000	10	100	0	0.838283
2320000	-1.0000000000	0.0001000000	0.0010000000	10	100	0	0.838283
2321000	-1.0000000000	0.0001000000	0.0010000000	10	100	0	0.838283
2322000	-1.0000000000	0.0001000000	0.0010000000	10	100	0	0.838283
2323000	-1.0000000000	0.0001000000	0.0010000000	10	100	0	0.845269
2324000	-1.0000000000	0.0001000000	0.0010000000	10	100	0	0.845269
2325000	-1.0000000000	0.0001000000	0.0010000000	10	100	0	0.845269
2326000	-1.0000000000	0.0001000000	0.0010000000	10	100	0	0.852144
2327000	-1.0000000000	0.0001000000	0.0010000000	10	100	0	0.858902
2328000	-1.0000000000	0.0001000000	0.0010000000	10	100	0	0.852144
2329000	-1.0000000000	0.0001000000	0.0010000000	10	100	0	0.852144
2330000	-1.0000000000	0.0001000000	0.0010000000	10	100	0	0.852144
2331000	-1.0000000000	0.0001000000	0.0010000000	10	100	0	0.852144
2332000	-1.0000000000	0.0001000000	0.0010000000	10	100	0	0.852144
2333000	-1.0000000000	0.0001000000	0.0010000000	10	100	0	0.845269
2334000	-1.0000000000	0.0001000000	0.0010000000	10	100	0	0.845269
2335000	-1.0000000000	0.0001000000	0.0010000000	10	100	0	0.845269
2336000	-1.0000000000	0.0001000000	0.0010000000	10	100	0	0.831187
2337000	-1.0000000000	0.0001000000	0.0010000000	10	100	0	0.831187
2338000	-1.0000000000	0.0001000000	0.0010000000	10	100	0	0.831187
2339000	-1.0000000000	0.0001000000	0.0010000000	10	100	0	0.831187
2340000	-1.0000000000	0.0001000000	0.0010000000	10	100	0	0.831187
2341000	-1.0000000000	0.0001000000	0.0010000000	10	100	0	0.838283
2342000	-1.0000000000	0.0001000000	0.0010000000	10	100	0	0.838283
2343000	-1.0000000000	0.0001000000	0.0010000000	10	100	0	0.831187
2344000	-1.0000000000	0.0001000000	0.0010000000	10	100	0	0.831187
2345000	-1.0000000000	0.0001000000	0.0010000000	10	100	0	0.831187
2346000	-1.0000000000	0.0001000000	0.0010000000	10	100	0	0.838283
2347000	-1.0000000000	0.0001000000	0.0010000000	10	100	0	0.838283
2348000	-1.0000000000	0.0001000000	0.0010000000	10	100	0	0.831187
2349000	-1.0000000000	0.0001000000	0.0010000000	10	100	0	0.831187
2350000	-1.0000000000	0.0001000000	0.0010000000	10	100	0	0.838283
2351000	-1.0000000000	0.0001000000	0.0010000000	10	100	0	0.823987
2352000	-1.0000000000	0.0001000000	0.0010000000	10	100	0	0.823987
2353000	-1.0000000000	0.0001000000	0.0010000000	10	100	0	0.823987
2354000	-1.0000000000	0.0001000000	0.0010000000	10	100	0	0.823987
2355000	-1.0000000000	0.0001000000	0.0010000000	10	100	0	0.830467
2356000	-1.0000000000	0.0001000000	0.0010000000	10	100	0	0.838283
2357000	-1.0000000000	0.0001000000	0.0010000000	10	100	0	0.838283
2358000	-1.0000000000	0.0001000000	0.0010000000	10	100	0	0.845269
2359000	-1.0000000000	0.0001000000	0.0010000000	10	100	0	0.845269
2360000	-1.0000000000	0.0001000000	0.0010000000	10	100	0	0.845269
2361000	-1.0000000000	0.0001000000	0.0010000000	10	100	0	0.858902
2362000	-1.0000000000	0.0001000000	0.0010000000	10	100	0	0.852144
2363000	-1.0000000000	0.0001000000	0.0010000000	10	100	0	0.845269
2364000	-1.0000000000	0.0001000000	0.0010000000	10	100	0	0.845269
2365000	-1.0000000000	0.0001000000	0.0010000000	10	100	0	0.845269
2366000	-1.0000000000	0.0001000000	0.0010000000	10	100	0	0.852144
2367000	-1.0000000000	0.0001000000	0.0010000000	10	100	0	0.845269
2368000	-1.0000000000	0.0001000000	0.0010000000	10	100	0	0.845269
2369000	-1.0000000000	0.0001000000	0.0010000000	10	100	0	0.831187
2370000	-1.0000000000	0.0001000000	0.0010000000	10	100	0	0.823987
2371000	-1.0000000000	0.0001000000	0.0010000000	10	100	0	0.816686
2372000	-1.0000000000	0.0001000000	0.0010000000	10	100	0	0.816686
2373000	-1.0000000000	0.0001000000	0.0010000000	10	100	0	0.831187
2374000	-1.0000000000	0.0001000000	0.0010000000	10	100	0	0.801797
2375000	-1.0000000000	0.0001000000	0.0010000000	10	100	0	0.809288
2376000	-1.0000000000	0.0001000000	0.0010000000	10	100	0	0.809288
2377000	-1.0000000000	0.0001000000	0.0010000000	10	100	0	0.809288
2378000	-1.0000000000	0.0001000000	0.0010000000	10	100	0	0.809288
2379000	-1.0000000000	0.0001000000	0.0010000000	10	100	0	0.801797
2380000	-1.0000000000	0.0001000000	0.0010000000	10	100	0	0.801797
2381000	-1.0000000000	0.0001000000	0.0010000000	10	100	0	0.794216
2382000	-1.0000000000	0.0001000000	0.0010000000	10	100	0	0.794216
2383000	-1.0000000000	0.0001000000	0.0010000000	10	100	0	0.786549
2384000	-1.0000000000	0.0001000000	0.0010000000	10	100	0	0.784225
2385000	-1.0000000000	0.0001000000	0.0010000000	10	100	0	0.794216
2386000	-1.0000000000	0.0001000000	0.0010000000	10	100	0	0.794216
2387000	-1.0000000000	0.0001000000	0.0010000000	10	100	0	0.786549
2388000	-1.0000000000	0.0001000000	0.0010000000	10	100	0	0.778801
2389000	-1.0000000000	0.0001000000	0.0010000000	10	100	0	0.778801
2390000	-1.0000000000	0.0001000000	0.0010000000	10	100	0	0.786549
2391000	-1.0000000000	0.0001000000	0.0010000000	10	100	0	0.801797
2392000	-1.0000000000	0.0001000000	0.0010000000	10	100	0	0.801797
2393000	-1.0000000000	0.0001000000	0.0010000000	10	100	0	0.801797
2394000	-1.0000000000	0.0001000000	0.0010000000	10	100	0	0.801797
2395000	-1.0000000000	0.0001000000	0.0010000000	10	100	0	0.809288
2396000	-1.0000000000	0.0001000000	0.0010000000	10	100	0	0.809288
2397000	-1.0000000000	0.0001000000	0.0010000000	10	100	0	0.809288
2398000	-1.0000000000	0.0001000000	0.0010000000	10	100	0	0.809288
2399000	-1.0000000000	0.0001000000	0.0010000000	10	100	0	0.809288
2400000	-1.0000000000	0.0001000000	0.0010000000	10	100	0	0.801797
2401000	-1.0000000000	0.0001000000	0.0010000000	10	100	0	0.810028
2402000	-1.0000000000	0.0001000000	0.0010000000	10	100	0	0.801797
2403000	-1.0000000000	0.0001000000	0.0010000000	10	100	0	0.794216
2404000	-1.0000000000	0.0001000000	0.0010000000	10	100	0	0.809288
2405000	-1.0000000000	0.0001000000	0.0010000000	10	100	0	0.801797
2406000	-1.0000000000	0.0001000000	0.0010000000	10	100	0	0.801797
2407000	-1.0000000000	0.0001000000	0.0010000000	10	100	0	0.801797
2408000	-1.0000000000	0.0001000000	0.0010000000	10	100	0	0.801797
2409000	-1.0000000000	0.0001000000	0.0010000000	10	100	0	0.816686
2410000	-1.0000000000	0.0001000000	0.0010000000	10	100	0	0.801797
2411000	-1.0000000000	0.0001000000	0.0010000000	10	100	0	0.794216
2412000	-1.0000000000	0.0001000000	0.0010000000	10	100	0	0.786549
2413000	-1.0000000000	0.0001000000	0.0010000000	10	100	0	0.786549
2414000	-1.0000000000	0.0001000000	0.0010000000	10	100	0	0.786549
2415000	-1.0000000000	0.0001000000	0.0010000000	10	100	0	0.794216
2416000	-1.0000000000	0.0001000000	0.0010000000	10	100	0	0.794216
2417000	-1.0000000000	0.0001000000	0.0010000000	10	100	0	0.794216
2418000	-1.0000000000	0.0001000000	0.0010000000	10	100	0	0.794216
2419000	-1.0000000000	0.0001000000	0.0010000000	10	100	0	0.801797
2420000	-1.0000000000	0.0001000000	0.0010000000	10	100	0	0.809288
2421000	-1.0000000000	0.0001000000	0.0010000000	10	100	0	0.809288
2422000	-1.0000000000	0.0001000000	0.0010000000	10	100	0	0.809288
2423000	-1.0000000000	0.0001000000	0.0010000000	10	100	0	0.823987
2424000	-1.0000000000	0.0001000000	0.0010000000	10	100	0	0.816686
2425000	-1.0000000000	0.0001000000	0.0010000000	10	100	0	0.816686
2426000	-1.0000000000	0.0001000000	0.0010000000	10	100	0	0.809288
2427000	-1.0000000000	0.0001000000	0.0010000000	10	100	0	0.794216
2428000	-1.0000000000	0.0001000000	0.0010000000	10	100	0	0.794216
2429000	-1.0000000000	0.0001000000	0.0010000000	10	100	0	0.786549
2430000	-1.0000000000	0.0001000000	0.0010000000	10	100	0	0.794216
2431000	-1.0000000000	0.0001000000	0.0010000000	10	100	0	0.801797
2432000	-1.0000000000	0.0001000000	0.0010000000	10	100	0	0.801797
2433000	-1.0000000000	0.0001000000	0.0010000000	10	100	0	0.801797
2434000	-1.0000000000	0.0001000000	0.0010000000	10	100	0	0.809288
2435000	-1.0000000000	0.0001000000	0.0010000000	10	100	0	0.816686
2436000	-1.0000000000	0.0001000000	0.0010000000	10	100	0	0.823987
2437000	-1.0000000000	0.0001000000	0.0010000000	10	100	0	0.816686
2438000	-1.0000000000	0.0001000000	0.0010000000	10	100	0	0.816686
2439000	-1.0000000000	0.0001000000	0.0010000000	10	100	0	0.821067
2440000	-1.0000000000	0.0001000000	0.0010000000	10	100	0	0.823987
2441000	-1.0000000000	0.0001000000	0.0010000000	10	100	0	0.816686
2442000	-1.0000000000	0.0001000000	0.0010000000	10	100	0	0.831187
2443000	-1.0000000000	0.0001000000	0.0010000000	10	100	0	0.823987
2444000	-1.0000000000	0.0001000000	0.0010000000	10	100	0	0.831187
2445000	-1.0000000000	0.0001000000	0.0010000000	10	100	0	0.831187
2446000	-1.0000000000	0.0001000000	0.0010000000	10	100	0	0.823987
2447000	-1.0000000000	0.0001000000	0.0010000000	10	100	0	0.823987
2448000	-1.0000000000	0.0001000000	0.0010000000	10	100	0	0.816686
2449000	-1.0000000000	0.0001000000	0.0010000000	10	100	0	0.809288
2450000	-1.0000000000	0.0001000000	0.0010000000	10	100	0	0.794216
2451000	-1.0000000000	0.0001000000	0.0010000000	10	100	0	0.786549
2452000	-1.0000000000	0.0001000000	0.0010000000	10	100	0	0.776453
2453000	-1.0000000000	0.0001000000	0.0010000000	10	100	0	0.786549
2454000	-1.0000000000	0.0001000000	0.0010000000	10	100	0	0.778801
2455000	-1.0000000000	0.0001000000	0.0010000000	10	100	0	0.786549
2456000	-1.0000000000	0.0001000000	0.0010000000	10	100	0	0.794216
2457000	-1.0000000000	0.0001000000	0.0010000000	10	100	0	0.794216
2458000	-1.0000000000	0.0001000000	0.0010000000	10	100	0	0.778801
2459000	-1.0000000000	0.0001000000	0.0010000000	10	100	0	0.786549
2460000	-1.0000000000	0.0001000000	0.0010000000	10	100	0	0.786549
2461000	-1.0000000000	0.0001000000	0.0010000000	10	100	0	0.786549
2462000	-1.0000000000	0.0001000000	0.0010000000	10	100	0	0.786549
2463000	-1.0000000000	0.0001000000	0.0010000000	10	100	0	0.786549
2464000	-1.0000000000	0.0001000000	0.0010000000	10	100	0	0.794216
2465000	-1.0000000000	0.0001000000	0.0010000000	10	100	0	0.794216
2466000	-1.0000000000	0.0001000000	0.0010000000	10	100	0	0.786549
2467000	-1.0000000000	0.0001000000	0.0010000000	10	100	0	0.786549
2468000	-1.0000000000	0.0001000000	0.0010000000	10	100	0	0.786549
2469000	-1.0000000000	0.0001000000	0.0010000000	10	100	0	0.778801
2470000	-1.0000000000	0.0001000000	0.0010000000	10	100	0	0.781125
2471000	-1.0000000000	0.0001000000	0.0010000000	10	100	0	0.778801
2472000	-1.0000000000	0.0001000000	0.0010000000	10	100	0	0.778801
2473000	-1.0000000000	0.0001000000	0.0010000000	10	100	0	0.794974
2474000	-1.0000000000	0.0001000000	0.0010000000	10	100	0	0.793449
2475000	-1.0000000000	0.0001000000	0.0010000000	10	100	0	0.794216
2476000	-1.0000000000	0.0001000000	0.0010000000	10	100	0	0.786549
2477000	-1.0000000000	0.0001000000	0.0010000000	10	100	0	0.778801
2478000	-1.0000000000	0.0001000000	0.0010000000	10	100	0	0.778801
2479000	-1.0000000000	0.0001000000	0.0010000000	10	100	0	0.770974
2480000	-1.0000000000	0.0001000000	0.0010000000	10	100	0	0.763074
2481000	-1.0000000000	0.0001000000	0.0010000000	10	100	0	0.763074
2482000	-1.0000000000	0.0001000000	0.0010000000	10	100	0	0.763074
2483000	-1.0000000000	0.0001000000	0.0010000000	10	100	0	0.755104
2484000	-1.0000000000	0.0001000000	0.0010000000	10	100	0	0.755104
2485000	-1.0000000000	0.0001000000	0.0010000000	10	100	0	0.755104
2486000	-1.0000000000	0.0001000000	0.0010000000	10	100	0	0.755104
2487000	-1.0000000000	0.0001000000	0.0010000000	10	100	0	0.747067
2488000	-1.0000000000	0.0001000000	0.0010000000	10	100	0	0.747067
2489000	-1.0000000000	0.0001000000	0.0010000000	10	100	0	0.763074
2490000	-1.0000000000	0.0001000000	0.0010000000	10	100	0	0.770974
2491000	-1.0000000000	0.0001000000	0.0010000000	10	100	0	0.774888
2492000	-1.0000000000	0.0001000000	0.0010000000	10	100	0	0.770974
2493000	-1.0000000000	0.0001000000	0.0010000000	10	100	0	0.770974
2494000	-1.0000000000	0.0001000000	0.0010000000	10	100	0	0.762277
2495000	-1.0000000000	0.0001000000	0.0010000000	10	100	0	0.763074
2496000	-1.0000000000	0.0001000000	0.0010000000	10	100	0	0.755104
2497000	-1.0000000000	0.0001000000	0.0010000000	10	100	0	0.755104
2498000	-1.0000000000	0.0001000000	0.0010000000	10	100	0	0.763074
2499000	-1.0000000000	0.0001000000	0.0010000000	10	100	0	0.763074
2500000	-1.0000000000	0.0001000000	0.0010000000	10	100	0	0.754300
2501000	-1.0000000000	0.0001000000	0.0010000000	10	100	0	0.755901
2502000	-1.0000000000	0.0001000000	0.0010000000	10	100	0	0.763074
2503000	-1.0000000000	0.0001000000	0.0010000000	10	100	0	0.763074
2504000	-1.0000000000	0.0001000000	0.0010000000	10	100	0	0.763074
2505000	-1.0000000000	0.0001000000	0.0010000000	10	100	0	0.763074
2506000	-1.0000000000	0.0001000000	0.0010000000	10	100	0	0.763074
2507000	-1.0000000000	0.0001000000	0.0010000000	10	100	0	0.770974
2508000	-1.0000000000	0.0001000000	0.0010000000	10	100	0	0.747067
2509000	-1.0000000000	0.0001000000	0.0010000000	10	100	0	0.755104
2510000	-1.0000000000	0.0001000000	0.0010000000	10	100	0	0.755104
2511000	-1.0000000000	0.0001000000	0.0010000000	10	100	0	0.755104
2512000	-1.0000000000	0.0001000000	0.0010000000	10	100	0	0.747067
2513000	-1.0000000000	0.0001000000	0.0010000000	10	100	0	0.738968
2514000	-1.0000000000	0.0001000000	0.0010000000	10	100	0	0.738968
2515000	-1.0000000000	0.0001000000	0.0010000000	10	100	0	0.722600
2516000	-1.0000000000	0.0001000000	0.0010000000	10	100	0	0.730811
2517000	-1.0000000000	0.0001000000	0.0010000000	10	100	0	0.730811
2518000	-1.0000000000	0.0001000000	0.0010000000	10	100	0	0.730811
2519000	-1.0000000000	0.0001000000	0.0010000000	10	100	0	0.722600
2520000	-1.0000000000	0.0001000000	0.0010000000	10	100	0	0.722600
2521000	-1.0000000000	0.0001000000	0.0010000000	10	100	0	0.730811
2522000	-1.0000000000	0.0001000000	0.0010000000	10	100	0	0.730811
2523000	-1.0000000000	0.0001000000	0.0010000000	10	100	0	0.730811
2524000	-1.0000000000	0.0001000000	0.0010000000	10	100	0	0.738968
2525000	-1.0000000000	0.0001000000	0.0010000000	10	100	0	0.724242
2526000	-1.0000000000	0.0001000000	0.0010000000	10	100	0	0.714337
2527000	-1.0000000000	0.0001000000	0.0010000000	10	100	0	0.714337
2528000	-1.0000000000	0.0001000000	0.0010000000	10	100	0	0.706028
2529000	-1.0000000000	0.0001000000	0.0010000000	10	100	0	0.722600
2530000	-1.0000000000	0.0001000000	0.0010000000	10	100	0	0.738968
2531000	-1.0000000000	0.0001000000	0.0010000000	10	100	0	0.755104
2532000	-1.0000000000	0.0001000000	0.0010000000	10	100	0	0.747067
2533000	-1.0000000000	0.0001000000	0.0010000000	10	100	0	0.755104
2534000	-1.0000000000	0.0001000000	0.0010000000	10	100	0	0.747067
2535000	-1.0000000000	0.0001000000	0.0010000000	10	100	0	0.747067
2536000	-1.0000000000	0.0001000000	0.0010000000	10	100	0	0.755104
2537000	-1.0000000000	0.0001000000	0.0010000000	10	100	0	0.755104
2538000	-1.0000000000	0.0001000000	0.0010000000	10	100	0	0.763074
2539000	-1.0000000000	0.0001000000	0.0010000000	10	100	0	0.763074
2540000	-1.0000000000	0.0001000000	0.0010000000	10	100	0	0.763074
2541000	-1.0000000000	0.0001000000	0.0010000000	10	100	0	0.763074
2542000	-1.0000000000	0.0001000000	0.0010000000	10	100	0	0.763074
2543000	-1.0000000000	0.0001000000	0.0010000000	10	100	0	0.763074
2544000	-1.0000000000	0.0001000000	0.0010000000	10	100	0	0.763074
2545000	-1.0000000000	0.0001000000	0.0010000000	10	100	0	0.755104
2546000	-1.0000000000	0.0001000000	0.0010000000	10	100	0	0.738968
2547000	-1.0000000000	0.0001000000	0.0010000000	10	100	0	0.730811
2548000	-1.0000000000	0.0001000000	0.0010000000	10	100	0	0.730811
2549000	-1.0000000000	0.0001000000	0.0010000000	10	100	0	0.722600
2550000	-1.0000000000	0.0001000000	0.0010000000	10	100	0	0.722600
2551000	-1.0000000000	0.0001000000	0.0010000000	10	100	0	0.722600
2552000	-1.0000000000	0.0001000000	0.0010000000	10	100	0	0.730811
2553000	-1.0000000000	0.0001000000	0.0010000000	10	100	0	0.763074
2554000	-1.0000000000	0.0001000000	0.0010000000	10	100	0	0.763074
2555000	-1.0000000000	0.0001000000	0.0010000000	10	100	0	0.762277
2556000	-1.0000000000	0.0001000000	0.0010000000	10	100	0	0.770974
2557000	-1.0000000000	0.0001000000	0.0010000000	10	100	0	0.770974
2558000	-1.0000000000	0.0001000000	0.0010000000	10	100	0	0.763074
2559000	-1.0000000000	0.0001000000	0.0010000000	10	100	0	0.763074
2560000	-1.0000000000	0.0001000000	0.0010000000	10	100	0	0.763074
2561000	-1.0000000000	0.0001000000	0.0010000000	10	100	0	0.770974
2562000	-1.0000000000	0.0001000000	0.0010000000	10	100	0	0.779576
2563000	-1.0000000000	0.0001000000	0.0010000000	10	100	0	0.770974
2564000	-1.0000000000	0.0001000000	0.0010000000	10	100	0	0.770974
2565000	-1.0000000000	0.0001000000	0.0010000000	10	100	0	0.770974
2566000	-1.0000000000	0.0001000000	0.0010000000	10	100	0	0.770974
2567000	-1.0000000000	0.0001000000	0.0010000000	10	100	0	0.763074
2568000	-1.0000000000	0.0001000000	0.0010000000	10	100	0	0.762277
2569000	-1.0000000000	0.0001000000	0.0010000000	10	100	0	0.747067
2570000	-1.0000000000	0.0001000000	0.0010000000	10	100	0	0.747067
2571000	-1.0000000000	0.0001000000	0.0010000000	10	100	0	0.747067
2572000	-1.0000000000	0.0001000000	0.0010000000	10	100	0	0.755104
2573000	-1.0000000000	0.0001000000	0.0010000000	10	100	0	0.755104
2574000	-1.0000000000	0.0001000000	0.0010000000	10	100	0	0.755104
2575000	-1.0000000000	0.0001000000	0.0010000000	10	100	0	0.763074
2576000	-1.0000000000	0.0001000000	0.0010000000	10	100	0	0.755104
2577000	-1.0000000000	0.0001000000	0.0010000000	10	100	0	0.755104
2578000	-1.0000000000	0.0001000000	0.0010000000	10	100	0	0.747067
2579000	-1.0000000000	0.0001000000	0.0010000000	10	100	0	0.747067
2580000	-1.0000000000	0.0001000000	0.0010000000	10	100	0	0.747067
2581000	-1.0000000000	0.0001000000	0.0010000000	10	100	0	0.747067
2582000	-1.0000000000	0.0001000000	0.0010000000	10	100	0	0.747067
2583000	-1.0000000000	0.0001000000	0.0010000000	10	100	0	0.747067
2584000	-1.0000000000	0.0001000000	0.0010000000	10	100	0	0.747067
2585000	-1.0000000000	0.0001000000	0.0010000000	10	100	0	0.747067
2586000	-1.0000000000	0.0001000000	0.0010000000	10	100	0	0.755104
2587000	-1.0000000000	0.0001000000	0.0010000000	10	100	0	0.747067
2588000	-1.0000000000	0.0001000000	0.0010000000	10	100	0	0.755104
2589000	-1.0000000000	0.0001000000	0.0010000000	10	100	0	0.763074
2590000	-1.0000000000	0.0001000000	0.0010000000	10	100	0	0.755104
2591000	-1.0000000000	0.0001000000	0.0010000000	10	100	0	0.755104
2592000	-1.0000000000	0.0001000000	0.0010000000	10	100	0	0.747067
2593000	-1.0000000000	0.0001000000	0.0010000000	10	100	0	0.759886
2594000	-1.0000000000	0.0001000000	0.0010000000	10	100	0	0.763074
2595000	-1.0000000000	0.0001000000	0.0010000000	10	100	0	0.763074
2596000	-1.0000000000	0.0001000000	0.0010000000	10	100	0	0.763074
2597000	-1.0000000000	0.0001000000	0.0010000000	10	100	0	0.763074
2598000	-1.0000000000	0.0001000000	0.0010000000	10	100	0	0.763074
2599000	-1.0000000000	0.0001000000	0.0010000000	10	100	0	0.764654
2600000	-1.0000000000	0.0001000000	0.0010000000	10	100	0	0.763074
2601000	-1.0000000000	0.0001000000	0.0010000000	10	100	0	0.763074
2602000	-1.0000000000	0.0001000000	0.0010000000	10	100	0	0.763074
2603000	-1.0000000000	0.0001000000	0.0010000000	10	100	0	0.763074
2604000	-1.0000000000	0.0001000000	0.0010000000	10	100	0	0.763074
2605000	-1.0000000000	0.0001000000	0.0010000000	10	100	0	0.763074
2606000	-1.0000000000	0.0001000000	0.0010000000	10	100	0	0.755104
2607000	-1.0000000000	0.0001000000	0.0010000000	10	100	0	0.755104
2608000	-1.0000000000	0.0001000000	0.0010000000	10	100	0	0.755104
2609000	-1.0000000000	0.0001000000	0.0010000000	10	100	0	0.751086
2610000	-1.0000000000	0.0001000000	0.0010000000	10	100	0	0.747067
2611000	-1.0000000000	0.0001000000	0.0010000000	10	100	0	0.747067
2612000	-1.0000000000	0.0001000000	0.0010000000	10	100	0	0.763074
2613000	-1.0000000000	0.0001000000	0.0010000000	10	100	0	0.763074
2614000	-1.0000000000	0.0001000000	0.0010000000	10	100	0	0.770974
2615000	-1.0000000000	0.0001000000	0.0010000000	10	100	0	0.770974
2616000	-1.0000000000	0.0001000000	0.0010000000	10	100	0	0.770974
2617000	-1.0000000000	0.0001000000	0.0010000000	10	100	0	0.770974
2618000	-1.0000000000	0.0001000000	0.0010000000	10	100	0	0.770974
2619000	-1.0000000000	0.0001000000	0.0010000000	10	100	0	0.778801
2620000	-1.0000000000	0.0001000000	0.0010000000	10	100	0	0.778801
2621000	-1.0000000000	0.0001000000	0.0010000000	10	100	0	0.794216
2622000	-1.0000000000	0.0001000000	0.0010000000	10	100	0	0.794216
2623000	-1.0000000000	0.0001000000	0.0010000000	10	100	0	0.778801
2624000	-1.0000000000	0.0001000000	0.0010000000	10	100	0	0.778801
2625000	-1.0000000000	0.0001000000	0.0010000000	10	100	0	0.778801
2626000	-1.0000000000	0.0001000000	0.0010000000	10	100	0	0.778801
2627000	-1.0000000000	0.0001000000	0.0010000000	10	100	0	0.786549
2628000	-1.0000000000	0.0001000000	0.0010000000	10	100	0	0.801797
2629000	-1.0000000000	0.0001000000	0.0010000000	10	100	0	0.794216
2630000	-1.0000000000	0.0001000000	0.0010000000	10	100	0	0.801797
2631000	-1.0000000000	0.0001000000	0.0010000000	10	100	0	0.816686
2632000	-1.0000000000	0.0001000000	0.0010000000	10	100	0	0.816686
2633000	-1.0000000000	0.0001000000	0.0010000000	10	100	0	0.816686
2634000	-1.0000000000	0.0001000000	0.0010000000	10	100	0	0.814467
2635000	-1.0000000000	0.0001000000	0.0010000000	10	100	0	0.816686
2636000	-1.0000000000	0.0001000000	0.0010000000	10	100	0	0.809288
2637000	-1.0000000000	0.0001000000	0.0010000000	10	100	0	0.799523
2638000	-1.0000000000	0.0001000000	0.0010000000	10	100	0	0.801797
2639000	-1.0000000000	0.0001000000	0.0010000000	10	100	0	0.801797
2640000	-1.0000000000	0.0001000000	0.0010000000	10	100	0	0.809288
2641000	-1.0000000000	0.0001000000	0.0010000000	10	100	0	0.801797
2642000	-1.0000000000	0.0001000000	0.0010000000	10	100	0	0.794216
2643000	-1.0000000000	0.0001000000	0.0010000000	10	100	0	0.801797
2644000	-1.0000000000	0.0001000000	0.0010000000	10	100	0	0.801797
2645000	-1.0000000000	0.0001000000	0.0010000000	10	100	0	0.801797
2646000	-1.0000000000	0.0001000000	0.0010000000	10	100	0	0.809288
2647000	-1.0000000000	0.0001000000	0.0010000000	10	100	0	0.816686
2648000	-1.0000000000	0.0001000000	0.0010000000	10	100	0	0.816686
2649000	-1.0000000000	0.0001000000	0.0010000000	10	100	0	0.816686
2650000	-1.0000000000	0.0001000000	0.0010000000	10	100	0	0.816686
2651000	-1.0000000000	0.0001000000	0.0010000000	10	100	0	0.823987
2652000	-1.0000000000	0.0001000000	0.0010000000	10	100	0	0.823987
2653000	-1.0000000000	0.0001000000	0.0010000000	10	100	0	0.809288
2654000	-1.0000000000	0.0001000000	0.0010000000	10	100	0	0.801797
2655000	-1.0000000000	0.0001000000	0.0010000000	10	100	0	0.801797
2656000	-1.0000000000	0.0001000000	0.0010000000	10	100	0	0.794216
2657000	-1.0000000000	0.0001000000	0.0010000000	10	100	0	0.786549
2658000	-1.0000000000	0.0001000000	0.0010000000	10	100	0	0.790383
2659000	-1.0000000000	0.0001000000	0.0010000000	10	100	0	0.786549
2660000	-1.0000000000	0.0001000000	0.0010000000	10	100	0	0.801797
2661000	-1.0000000000	0.0001000000	0.0010000000	10	100	0	0.794216
2662000	-1.0000000000	0.0001000000	0.0010000000	10	100	0	0.794216
2663000	-1.0000000000	0.0001000000	0.0010000000	10	100	0	0.786549
2664000	-1.0000000000	0.0001000000	0.0010000000	10	100	0	0.786549
2665000	-1.0000000000	0.0001000000	0.0010000000	10	100	0	0.786549
2666000	-1.0000000000	0.0001000000	0.0010000000	10	100	0	0.809288
2667000	-1.0000000000	0.0001000000	0.0010000000	10	100	0	0.801797
2668000	-1.0000000000	0.0001000000	0.0010000000	10	100	0	0.801797
2669000	-1.0000000000	0.0001000000	0.0010000000	10	100	0	0.809288
2670000	-1.0000000000	0.0001000000	0.0010000000	10	100	0	0.809288
2671000	-1.0000000000	0.0001000000	0.0010000000	10	100	0	0.816686
2672000	-1.0000000000	0.0001000000	0.0010000000	10	100	0	0.816686
2673000	-1.0000000000	0.0001000000	0.0010000000	10	100	0	0.816686
2674000	-1.0000000000	0.0001000000	0.0010000000	10	100	0	0.816686
2675000	-1.0000000000	0.0001000000	0.0010000000	10	100	0	0.816686
2676000	-1.0000000000	0.0001000000	0.0010000000	10	100	0	0.816686
2677000	-1.0000000000	0.0001000000	0.0010000000	10	100	0	0.823987
2678000	-1.0000000000	0.0001000000	0.0010000000	10	100	0	0.823987
2679000	-1.0000000000	0.0001000000	0.0010000000	10	100	0	0.823987
2680000	-1.0000000000	0.0001000000	0.0010000000	10	100	0	0.831187
2681000	-1.0000000000	0.0001000000	0.0010000000	10	100	0	0.838283
2682000	-1.0000000000	0.0001000000	0.0010000000	10	100	0	0.838283
2683000	-1.0000000000	0.0001000000	0.0010000000	10	100	0	0.838283
2684000	-1.0000000000	0.0001000000	0.0010000000	10	100	0	0.831187
2685000	-1.0000000000	0.0001000000	0.0010000000	10	100	0	0.838283
2686000	-1.0000000000	0.0001000000	0.0010000000	10	100	0	0.845269
2687000	-1.0000000000	0.0001000000	0.0010000000	10	100	0	0.845269
2688000	-1.0000000000	0.0001000000	0.0010000000	10	100	0	0.838283
2689000	-1.0000000000	0.0001000000	0.0010000000	10	100	0	0.831187
2690000	-1.0000000000	0.0001000000	0.0010000000	10	100	0	0.831187
2691000	-1.0000000000	0.0001000000	0.0010000000	10	100	0	0.831187
2692000	-1.0000000000	0.0001000000	0.0010000000	10	100	0	0.838283
2693000	-1.0000000000	0.0001000000	0.0010000000	10	100	0	0.838283
2694000	-1.0000000000	0.0001000000	0.0010000000	10	100	0	0.835445
2695000	-1.0000000000	0.0001000000	0.0010000000	10	100	0	0.842475
2696000	-1.0000000000	0.0001000000	0.0010000000	10	100	0	0.838283
2697000	-1.0000000000	0.0001000000	0.0010000000	10	100	0	0.838283
2698000	-1.0000000000	0.0001000000	0.0010000000	10	100	0	0.838283
2699000	-1.0000000000	0.0001000000	0.0010000000	10	100	0	0.845269
2700000	-1.0000000000	0.0001000000	0.0010000000	10	100	0	0.831187
2701000	-1.0000000000	0.0001000000	0.0010000000	10	100	0	0.838283
2702000	-1.0000000000	0.0001000000	0.0010000000	10	100	0	0.845269
2703000	-1.0000000000	0.0001000000	0.0010000000	10	100	0	0.838283
2704000	-1.0000000000	0.0001000000	0.0010000000	10	100	0	0.838283
2705000	-1.0000000000	0.0001000000	0.0010000000	10	100	0	0.838283
2706000	-1.0000000000	0.0001000000	0.0010000000	10	100	0	0.838283
2707000	-1.0000000000	0.0001000000	0.0010000000	10	100	0	0.845269
2708000	-1.0000000000	0.0001000000	0.0010000000	10	100	0	0.845269
2709000	-1.0000000000	0.0001000000	0.0010000000	10	100	0	0.845269
2710000	-1.0000000000	0.0001000000	0.0010000000	10	100	0	0.838283
2711000	-1.0000000000	0.0001000000	0.0010000000	10	100	0	0.852144
2712000	-1.0000000000	0.0001000000	0.0010000000	10	100	0	0.852144
2713000	-1.0000000000	0.0001000000	0.0010000000	10	100	0	0.858902
2714000	-1.0000000000	0.0001000000	0.0010000000	10	100	0	0.858902
2715000	-1.0000000000	0.0001000000	0.0010000000	10	100	0	0.852144
2716000	-1.0000000000	0.0001000000	0.0010000000	10	100	0	0.852144
2717000	-1.0000000000	0.0001000000	0.0010000000	10	100	0	0.858902
2718000	-1.0000000000	0.0001000000	0.0010000000	10	100	0	0.858902
2719000	-1.0000000000	0.0001000000	0.0010000000	10	100	0	0.852144
2720000	-1.0000000000	0.0001000000	0.0010000000	10	100	0	0.865541
2721000	-1.0000000000	0.0001000000	0.0010000000	10	100	0	0.865541
2722000	-1.0000000000	0.0001000000	0.0010000000	10	100	0	0.872057
2723000	-1.0000000000	0.0001000000	0.0010000000	10	100	0	0.865541
2724000	-1.0000000000	0.0001000000	0.0010000000	10	100	0	0.858902
2725000	-1.0000000000	0.0001000000	0.0010000000	10	100	0	0.845269
2726000	-1.0000000000	0.0001000000	0.0010000000	10	100	0	0.852144
2727000	-1.0000000000	0.0001000000	0.0010000000	10	100	0	0.852144
2728000	-1.0000000000	0.0001000000	0.0010000000	10	100	0	0.845269
2729000	-1.0000000000	0.0001000000	0.0010000000	10	100	0	0.838283
2730000	-1.0000000000	0.0001000000	0.0010000000	10	100	0	0.831187
2731000	-1.0000000000	0.0001000000	0.0010000000	10	100	0	0.838283
2732000	-1.0000000000	0.0001000000	0.0010000000	10	100	0	0.831187
2733000	-1.0000000000	0.0001000000	0.0010000000	10	100	0	0.831187
2734000	-1.0000000000	0.0001000000	0.0010000000	10	100	0	0.823987
2735000	-1.0000000000	0.0001000000	0.0010000000	10	100	0	0.823987
2736000	-1.0000000000	0.0001000000	0.0010000000	10	100	0	0.831187
2737000	-1.0000000000	0.0001000000	0.0010000000	10	100	0	0.823987
2738000	-1.0000000000	0.0001000000	0.0010000000	10	100	0	0.831187
2739000	-1.0000000000	0.0001000000	0.0010000000	10	100	0	0.831187
2740000	-1.0000000000	0.0001000000	0.0010000000	10	100	0	0.831187
2741000	-1.0000000000	0.0001000000	0.0010000000	10	100	0	0.831187
2742000	-1.0000000000	0.0001000000	0.0010000000	10	100	0	0.823987
2743000	-1.0000000000	0.0001000000	0.0010000000	10	100	0	0.823987
2744000	-1.0000000000	0.0001000000	0.0010000000	10	100	0	0.826867
2745000	-1.0000000000	0.0001000000	0.0010000000	10	100	0	0.838283
2746000	-1.0000000000	0.0001000000	0.0010000000	10	100	0	0.837573
2747000	-1.0000000000	0.0001000000	0.0010000000	10	100	0	0.838283
2748000	-1.0000000000	0.0001000000	0.0010000000	10	100	0	0.831187
2749000	-1.0000000000	0.0001000000	0.0010000000	10	100	0	0.823987
2750000	-1.0000000000	0.0001000000	0.0010000000	10	100	0	0.837573
2751000	-1.0000000000	0.0001000000	0.0010000000	10	100	0	0.838283
2752000	-1.0000000000	0.0001000000	0.0010000000	10	100	0	0.845269
2753000	-1.0000000000	0.0001000000	0.0010000000	10	100	0	0.838283
2754000	-1.0000000000	0.0001000000	0.0010000000	10	100	0	0.838283
2755000	-1.0000000000	0.0001000000	0.0010000000	10	100	0	0.845269
2756000	-1.0000000000	0.0001000000	0.0010000000	10	100	0	0.838283
2757000	-1.0000000000	0.0001000000	0.0010000000	10	100	0	0.831187
2758000	-1.0000000000	0.0001000000	0.0010000000	10	100	0	0.831187
2759000	-1.0000000000	0.0001000000	0.0010000000	10	100	0	0.831187
2760000	-1.0000000000	0.0001000000	0.0010000000	10	100	0	0.831187
2761000	-1.0000000000	0.0001000000	0.0010000000	10	100	0	0.831187
2762000	-1.0000000000	0.0001000000	0.0010000000	10	100	0	0.831187
2763000	-1.0000000000	0.0001000000	0.0010000000	10	100	0	0.831187
2764000	-1.0000000000	0.0001000000	0.0010000000	10	100	0	0.823987
2765000	-1.0000000000	0.0001000000	0.0010000000	10	100	0	0.831187
2766000	-1.0000000000	0.0001000000	0.0010000000	10	100	0	0.823987
2767000	-1.0000000000	0.0001000000	0.0010000000	10	100	0	0.816686
2768000	-1.0000000000	0.0001000000	0.0010000000	10	100	0	0.816686
2769000	-1.0000000000	0.0001000000	0.0010000000	10	100	0	0.809288
2770000	-1.0000000000	0.0001000000	0.0010000000	10	100	0	0.809288
2771000	-1.0000000000	0.0001000000	0.0010000000	10	100	0	0.809288
2772000	-1.0000000000	0.0001000000	0.0010000000	10	100	0	0.801039
2773000	-1.0000000000	0.0001000000	0.0010000000	10	100	0	0.816686
2774000	-1.0000000000	0.0001000000	0.0010000000	10	100	0	0.809288
2775000	-1.0000000000	0.0001000000	0.0010000000	10	100	0	0.809288
2776000	-1.0000000000	0.0001000000	0.0010000000	10	100	0	0.809288
2777000	-1.0000000000	0.0001000000	0.0010000000	10	100	0	0.816686
2778000	-1.0000000000	0.0001000000	0.0010000000	10	100	0	0.823987
2779000	-1.0000000000	0.0001000000	0.0010000000	10	100	0	0.816686
2780000	-1.0000000000	0.0001000000	0.0010000000	10	100	0	0.816686
2781000	-1.0000000000	0.0001000000	0.0010000000	10	100	0	0.816686
2782000	-1.0000000000	0.0001000000	0.0010000000	10	100	0	0.794216
2783000	-1.0000000000	0.0001000000	0.0010000000	10	100	0	0.794216
2784000	-1.0000000000	0.0001000000	0.0010000000	10	100	0	0.794216
2785000	-1.0000000000	0.0001000000	0.0010000000	10	100	0	0.794216
2786000	-1.0000000000	0.0001000000	0.0010000000	10	100	0	0.794216
2787000	-1.0000000000	0.0001000000	0.0010000000	10	100	0	0.778801
2788000	-1.0000000000	0.0001000000	0.0010000000	10	100	0	0.786549
2789000	-1.0000000000	0.0001000000	0.0010000000	10	100	0	0.794216
2790000	-1.0000000000	0.0001000000	0.0010000000	10	100	0	0.801797
2791000	-1.0000000000	0.0001000000	0.0010000000	10	100	0	0.801797
2792000	-1.0000000000	0.0001000000	0.0010000000	10	100	0	0.801797
2793000	-1.0000000000	0.0001000000	0.0010000000	10	100	0	0.794216
2794000	-1.0000000000	0.0001000000	0.0010000000	10	100	0	0.809288
2795000	-1.0000000000	0.0001000000	0.0010000000	10	100	0	0.816686
2796000	-1.0000000000	0.0001000000	0.0010000000	10	100	0	0.823987
2797000	-1.0000000000	0.0001000000	0.0010000000	10	100	0	0.831187
2798000	-1.0000000000	0.0001000000	0.0010000000	10	100	0	0.831187
2799000	-1.0000000000	0.0001000000	0.0010000000	10	100	0	0.823987
2800000	-1.0000000000	0.0001000000	0.0010000000	10	100	0	0.823987
2801000	-1.0000000000	0.0001000000	0.0010000000	10	100	0	0.816686
2802000	-1.0000000000	0.0001000000	0.0010000000	10	100	0	0.809288
2803000	-1.0000000000	0.0001000000	0.0010000000	10	100	0	0.801797
2804000	-1.0000000000	0.0001000000	0.0010000000	10	100	0	0.801797
2805000	-1.0000000000	0.0001000000	0.0010000000	10	100	0	0.791149
2806000	-1.0000000000	0.0001000000	0.0010000000	10	100	0	0.794216
2807000	-1.0000000000	0.0001000000	0.0010000000	10	100	0	0.801797
2808000	-1.0000000000	0.0001000000	0.0010000000	10	100	0	0.801797
2809000	-1.0000000000	0.0001000000	0.0010000000	10	100	0	0.809288
2810000	-1.0000000000	0.0001000000	0.0010000000	10	100	0	0.816686
2811000	-1.0000000000	0.0001000000	0.0010000000	10	100	0	0.816686
2812000	-1.0000000000	0.0001000000	0.0010000000	10	100	0	0.809288
2813000	-1.0000000000	0.0001000000	0.0010000000	10	100	0	0.816686
2814000	-1.0000000000	0.0001000000	0.0010000000	10	100	0	0.831187
2815000	-1.0000000000	0.0001000000	0.0010000000	10	100	0	0.823987
2816000	-1.0000000000	0.0001000000	0.0010000000	10	100	0	0.823987
2817000	-1.0000000000	0.0001000000	0.0010000000	10	100	0	0.831187
2818000	-1.0000000000	0.0001000000	0.0010000000	10	100	0	0.823987
2819000	-1.0000000000	0.0001000000	0.0010000000	10	100	0	0.816686
2820000	-1.0000000000	0.0001000000	0.0010000000	10	100	0	0.809288
2821000	-1.0000000000	0.0001000000	0.0010000000	10	100	0	0.801797
2822000	-1.0000000000	0.0001000000	0.0010000000	10	100	0	0.794216
2823000	-1.0000000000	0.0001000000	0.0010000000	10	100	0	0.794216
2824000	-1.0000000000	0.0001000000	0.0010000000	10	100	0	0.794216
2825000	-1.0000000000	0.0001000000	0.0010000000	10	100	0	0.801797
2826000	-1.0000000000	0.0001000000	0.0010000000	10	100	0	0.801797
2827000	-1.0000000000	0.0001000000	0.0010000000	10	100	0	0.801797
2828000	-1.0000000000	0.0001000000	0.0010000000	10	100	0	0.801797
2829000	-1.0000000000	0.0001000000	0.0010000000	10	100	0	0.816686
2830000	-1.0000000000	0.0001000000	0.0010000000	10	100	0	0.809288
2831000	-1.0000000000	0.0001000000	0.0010000000	10	100	0	0.809288
2832000	-1.0000000000	0.0001000000	0.0010000000	10	100	0	0.823987
2833000	-1.0000000000	0.0001000000	0.0010000000	10	100	0	0.816686
2834000	-1.0000000000	0.0001000000	0.0010000000	10	100	0	0.809288
2835000	-1.0000000000	0.0001000000	0.0010000000	10	100	0	0.801797
2836000	-1.0000000000	0.0001000000	0.0010000000	10	100	0	0.794216
2837000	-1.0000000000	0.0001000000	0.0010000000	10	100	0	0.801797
2838000	-1.0000000000	0.0001000000	0.0010000000	10	100	0	0.801797
2839000	-1.0000000000	0.0001000000	0.0010000000	10	100	0	0.788849
2840000	-1.0000000000	0.0001000000	0.0010000000	10	100	0	0.801797
2841000	-1.0000000000	0.0001000000	0.0010000000	10	100	0	0.794216
2842000	-1.0000000000	0.0001000000	0.0010000000	10	100	0	0.794216
2843000	-1.0000000000	0.0001000000	0.0010000000	10	100	0	0.794216
2844000	-1.0000000000	0.0001000000	0.0010000000	10	100	0	0.801797
2845000	-1.0000000000	0.0001000000	0.0010000000	10	100	0	0.801797
2846000	-1.0000000000	0.0001000000	0.0010000000	10	100	0	0.809288
2847000	-1.0000000000	0.0001000000	0.0010000000	10	100	0	0.809288
2848000	-1.0000000000	0.0001000000	0.0010000000	10	100	0	0.823987
2849000	-1.0000000000	0.0001000000	0.0010000000	10	100	0	0.831187
2850000	-1.0000000000	0.0001000000	0.0010000000	10	100	0	0.831187
2851000	-1.0000000000	0.0001000000	0.0010000000	10	100	0	0.831187
2852000	-1.0000000000	0.0001000000	0.0010000000	10	100	0	0.831187
2853000	-1.0000000000	0.0001000000	0.0010000000	10	100	0	0.831187
2854000	-1.0000000000	0.0001000000	0.0010000000	10	100	0	0.816686
2855000	-1.0000000000	0.0001000000	0.0010000000	10	100	0	0.816686
2856000	-1.0000000000	0.0001000000	0.0010000000	10	100	0	0.823987
2857000	-1.0000000000	0.0001000000	0.0010000000	10	100	0	0.830467
2858000	-1.0000000000	0.0001000000	0.0010000000	10	100	0	0.831187
2859000	-1.0000000000	0.0001000000	0.0010000000	10	100	0	0.831187
2860000	-1.0000000000	0.0001000000	0.0010000000	10	100	0	0.831187
2861000	-1.0000000000	0.0001000000	0.0010000000	10	100	0	0.838283
2862000	-1.0000000000	0.0001000000	0.0010000000	10	100	0	0.838283
2863000	-1.0000000000	0.0001000000	0.0010000000	10	100	0	0.831187
2864000	-1.0000000000	0.0001000000	0.0010000000	10	100	0	0.831187
2865000	-1.0000000000	0.0001000000	0.0010000000	10	100	0	0.831187
2866000	-1.0000000000	0.0001000000	0.0010000000	10	100	0	0.838283
2867000	-1.0000000000	0.0001000000	0.0010000000	10	100	0	0.831187
2868000	-1.0000000000	0.0001000000	0.0010000000	10	100	0	0.831187
2869000	-1.0000000000	0.0001000000	0.0010000000	10	100	0	0.838283
2870000	-1.0000000000	0.0001000000	0.0010000000	10	100	0	0.838283
2871000	-1.0000000000	0.0001000000	0.0010000000	10	100	0	0.838283
2872000	-1.0000000000	0.0001000000	0.0010000000	10	100	0	0.838283
2873000	-1.0000000000	0.0001000000	0.0010000000	10	100	0	0.838283
2874000	-1.0000000000	0.0001000000	0.0010000000	10	100	0	0.838283
2875000	-1.0000000000	0.0001000000	0.0010000000	10	100	0	0.838283
2876000	-1.0000000000	0.0001000000	0.0010000000	10	100	0	0.838283
2877000	-1.0000000000	0.0001000000	0.0010000000	10	100	0	0.823987
2878000	-1.0000000000	0.0001000000	0.0010000000	10	100	0	0.831187
2879000	-1.0000000000	0.0001000000	0.0010000000	10	100	0	0.838283
2880000	-1.0000000000	0.0001000000	0.0010000000	10	100	0	0.838283
2881000	-1.0000000000	0.0001000000	0.0010000000	10	100	0	0.845269
2882000	-1.0000000000	0.0001000000	0.0010000000	10	100	0	0.852144
2883000	-1.0000000000	0.0001000000	0.0010000000	10	100	0	0.852144
2884000	-1.0000000000	0.0001000000	0.0010000000	10	100	0	0.845269
2885000	-1.0000000000	0.0001000000	0.0010000000	10	100	0	0.831187
2886000	-1.0000000000	0.0001000000	0.0010000000	10	100	0	0.831187
2887000	-1.0000000000	0.0001000000	0.0010000000	10	100	0	0.852144
2888000	-1.0000000000	0.0001000000	0.0010000000	10	100	0	0.838283
2889000	-1.0000000000	0.0001000000	0.0010000000	10	100	0	0.831187
2890000	-1.0000000000	0.0001000000	0.0010000000	10	100	0	0.823987
2891000	-1.0000000000	0.0001000000	0.0010000000	10	100	0	0.809288
2892000	-1.0000000000	0.0001000000	0.0010000000	10	100	0	0.823987
2893000	-1.0000000000	0.0001000000	0.0010000000	10	100	0	0.823987
2894000	-1.0000000000	0.0001000000	0.0010000000	10	100	0	0.823987
2895000	-1.0000000000	0.0001000000	0.0010000000	10	100	0	0.823987
2896000	-1.0000000000	0.0001000000	0.0010000000	10	100	0	0.823987
2897000	-1.0000000000	0.0001000000	0.0010000000	10	100	0	0.816686
2898000	-1.0000000000	0.0001000000	0.0010000000	10	100	0	0.816686
2899000	-1.0000000000	0.0001000000	0.0010000000	10	100	0	0.823987
2900000	-1.0000000000	0.0001000000	0.0010000000	10	100	0	0.831187
2901000	-1.0000000000	0.0001000000	0.0010000000	10	100	0	0.845269
2902000	-1.0000000000	0.0001000000	0.0010000000	10	100	0	0.838283
2903000	-1.0000000000	0.0001000000	0.0010000000	10	100	0	0.816686
2904000	-1.0000000000	0.0001000000	0.0010000000	10	100	0	0.816686
2905000	-1.0000000000	0.0001000000	0.0010000000	10	100	0	0.816686
2906000	-1.0000000000	0.0001000000	0.0010000000	10	100	0	0.823987
2907000	-1.0000000000	0.0001000000	0.0010000000	10	100	0	0.831187
2908000	-1.0000000000	0.0001000000	0.0010000000	10	100	0	0.831187
2909000	-1.0000000000	0.0001000000	0.0010000000	10	100	0	0.833316
2910000	-1.0000000000	0.0001000000	0.0010000000	10	100	0	0.823987
2911000	-1.0000000000	0.0001000000	0.0010000000	10	100	0	0.823987
2912000	-1.0000000000	0.0001000000	0.0010000000	10	100	0	0.831187
2913000	-1.0000000000	0.0001000000	0.0010000000	10	100	0	0.831187
2914000	-1.0000000000	0.0001000000	0.0010000000	10	100	0	0.823987
2915000	-1.0000000000	0.0001000000	0.0010000000	10	100	0	0.831187
2916000	-1.0000000000	0.0001000000	0.0010000000	10	100	0	0.831187
2917000	-1.0000000000	0.0001000000	0.0010000000	10	100	0	0.837573
2918000	-1.0000000000	0.0001000000	0.0010000000	10	100	0	0.838283
2919000	-1.0000000000	0.0001000000	0.0010000000	10	100	0	0.845269
2920000	-1.0000000000	0.0001000000	0.0010000000	10	100	0	0.845269
2921000	-1.0000000000	0.0001000000	0.0010000000	10	100	0	0.834025
2922000	-1.0000000000	0.0001000000	0.0010000000	10	100	0	0.845269
2923000	-1.0000000000	0.0001000000	0.0010000000	10	100	0	0.852144
2924000	-1.0000000000	0.0001000000	0.0010000000	10	100	0	0.838283
2925000	-1.0000000000	0.0001000000	0.0010000000	10	100	0	0.831187
2926000	-1.0000000000	0.0001000000	0.0010000000	10	100	0	0.823987
2927000	-1.0000000000	0.0001000000	0.0010000000	10	100	0	0.816686
2928000	-1.0000000000	0.0001000000	0.0010000000	10	100	0	0.838283
2929000	-1.0000000000	0.0001000000	0.0010000000	10	100	0	0.843173
2930000	-1.0000000000	0.0001000000	0.0010000000	10	100	0	0.838283
2931000	-1.0000000000	0.0001000000	0.0010000000	10	100	0	0.838283
2932000	-1.0000000000	0.0001000000	0.0010000000	10	100	0	0.845269
2933000	-1.0000000000	0.0001000000	0.0010000000	10	100	0	0.852144
2934000	-1.0000000000	0.0001000000	0.0010000000	10	100	0	0.852144
2935000	-1.0000000000	0.0001000000	0.0010000000	10	100	0	0.858902
2936000	-1.0000000000	0.0001000000	0.0010000000	10	100	0	0.858902
2937000	-1.0000000000	0.0001000000	0.0010000000	10	100	0	0.852144
2938000	-1.0000000000	0.0001000000	0.0010000000	10	100	0	0.852144
2939000	-1.0000000000	0.0001000000	0.0010000000	10	100	0	0.845269
2940000	-1.0000000000	0.0001000000	0.0010000000	10	100	0	0.838283
2941000	-1.0000000000	0.0001000000	0.0010000000	10	100	0	0.845269
2942000	-1.0000000000	0.0001000000	0.0010000000	10	100	0	0.845269
2943000	-1.0000000000	0.0001000000	0.0010000000	10	100	0	0.845269
2944000	-1.0000000000	0.0001000000	0.0010000000	10	100	0	0.852144
2945000	-1.0000000000	0.0001000000	0.0010000000	10	100	0	0.845269
2946000	-1.0000000000	0.0001000000	0.0010000000	10	100	0	0.838283
2947000	-1.0000000000	0.0001000000	0.0010000000	10	100	0	0.831187
2948000	-1.0000000000	0.0001000000	0.0010000000	10	100	0	0.838283
2949000	-1.0000000000	0.0001000000	0.0010000000	10	100	0	0.838283
2950000	-1.0000000000	0.0001000000	0.0010000000	10	100	0	0.852144
2951000	-1.0000000000	0.0001000000	0.0010000000	10	100	0	0.838283
2952000	-1.0000000000	0.0001000000	0.0010000000	10	100	0	0.831187
2953000	-1.0000000000	0.0001000000	0.0010000000	10	100	0	0.831187
2954000	-1.0000000000	0.0001000000	0.0010000000	10	100	0	0.838283
2955000	-1.0000000000	0.0001000000	0.0010000000	10	100	0	0.823987
2956000	-1.0000000000	0.0001000000	0.0010000000	10	100	0	0.823987
2957000	-1.0000000000	0.0001000000	0.0010000000	10	100	0	0.816686
2958000	-1.0000000000	0.0001000000	0.0010000000	10	100	0	0.823987
2959000	-1.0000000000	0.0001000000	0.0010000000	10	100	0	0.816686
2960000	-1.0000000000	0.0001000000	0.0010000000	10	100	0	0.823987
2961000	-1.0000000000	0.0001000000	0.0010000000	10	100	0	0.816686
2962000	-1.0000000000	0.0001000000	0.0010000000	10	100	0	0.816686
2963000	-1.0000000000	0.0001000000	0.0010000000	10	100	0	0.816686
2964000	-1.0000000000	0.0001000000	0.0010000000	10	100	0	0.816686
2965000	-1.0000000000	0.0001000000	0.0010000000	10	100	0	0.809288
2966000	-1.0000000000	0.0001000000	0.0010000000	10	100	0	0.801797
2967000	-1.0000000000	0.0001000000	0.0010000000	10	100	0	0.809288
2968000	-1.0000000000	0.0001000000	0.0010000000	10	100	0	0.809288
2969000	-1.0000000000	0.0001000000	0.0010000000	10	100	0	0.809288
2970000	-1.0000000000	0.0001000000	0.0010000000	10	100	0	0.809288
2971000	-1.0000000000	0.0001000000	0.0010000000	10	100	0	0.809288
2972000	-1.0000000000	0.0001000000	0.0010000000	10	100	0	0.809288
2973000	-1.0000000000	0.0001000000	0.0010000000	10	100	0	0.801797
2974000	-1.0000000000	0.0001000000	0.0010000000	10	100	0	0.801797
2975000	-1.0000000000	0.0001000000	0.0010000000	10	100	0	0.794216
2976000	-1.0000000000	0.0001000000	0.0010000000	10	100	0	0.794216
2977000	-1.0000000000	0.0001000000	0.0010000000	10	100	0	0.801797
2978000	-1.0000000000	0.0001000000	0.0010000000	10	100	0	0.801797
2979000	-1.0000000000	0.0001000000	0.0010000000	10	100	0	0.794216
2980000	-1.0000000000	0.0001000000	0.0010000000	10	100	0	0.801797
2981000	-1.0000000000	0.0001000000	0.0010000000	10	100	0	0.801797
2982000	-1.0000000000	0.0001000000	0.0010000000	10	100	0	0.801797
2983000	-1.0000000000	0.0001000000	0.0010000000	10	100	0	0.823987
2984000	-1.0000000000	0.0001000000	0.0010000000	10	100	0	0.816686
2985000	-1.0000000000	0.0001000000	0.0010000000	10	100	0	0.816686
2986000	-1.0000000000	0.0001000000	0.0010000000	10	100	0	0.816686
2987000	-1.0000000000	0.0001000000	0.0010000000	10	100	0	0.816686
2988000	-1.0000000000	0.0001000000	0.0010000000	10	100	0	0.823987
2989000	-1.0000000000	0.0001000000	0.0010000000	10	100	0	0.838283
2990000	-1.0000000000	0.0001000000	0.0010000000	10	100	0	0.838283
2991000	-1.0000000000	0.0001000000	0.0010000000	10	100	0	0.845269
2992000	-1.0000000000	0.0001000000	0.0010000000	10	100	0	0.852144
2993000	-1.0000000000	0.0001000000	0.0010000000	10	100	0	0.852144
2994000	-1.0000000000	0.0001000000	0.0010000000	10	100	0	0.852144
2995000	-1.0000000000	0.0001000000	0.0010000000	10	100	0	0.845269
2996000	-1.0000000000	0.0001000000	0.0010000000	10	100	0	0.852144
2997000	-1.0000000000	0.0001000000	0.0010000000	10	100	0	0.852144
2998000	-1.0000000000	0.0001000000	0.0010000000	10	100	0	0.823987
2999000	-1.0000000000	0.0001000000	0.0010000000	10	100	0	0.816686
3000000	-1.0000000000	0.0001000000	0.0010000000	10	100	0	0.809288
