time	epistasis_coef	sel_coef	mu_prob	Ne	L	k_start	mean_fitness
2000000	-0.8000000000	0.0100000000	0.0001000000	10	100	0	0.532082
2001000	-0.8000000000	0.0100000000	0.0001000000	10	100	0	0.532082
2002000	-0.8000000000	0.0100000000	0.0001000000	10	100	0	0.593357
2003000	-0.8000000000	0.0100000000	0.0001000000	10	100	0	0.593357
2004000	-0.8000000000	0.0100000000	0.0001000000	10	100	0	0.593357
2005000	-0.8000000000	0.0100000000	0.0001000000	10	100	0	0.593357
2006000	-0.8000000000	0.0100000000	0.0001000000	10	100	0	0.593357
2007000	-0.8000000000	0.0100000000	0.0001000000	10	100	0	0.593357
2008000	-0.8000000000	0.0100000000	0.0001000000	10	100	0	0.593357
2009000	-0.8000000000	0.0100000000	0.0001000000	10	100	0	0.593357
2010000	-0.8000000000	0.0100000000	0.0001000000	10	100	0	0.593357
2011000	-0.8000000000	0.0100000000	0.0001000000	10	100	0	0.593357
2012000	-0.8000000000	0.0100000000	0.0001000000	10	100	0	0.593357
2013000	-0.8000000000	0.0100000000	0.0001000000	10	100	0	0.593357
2014000	-0.8000000000	0.0100000000	0.0001000000	10	100	0	0.593357
2015000	-0.8000000000	0.0100000000	0.0001000000	10	100	0	0.593357
2016000	-0.8000000000	0.0100000000	0.0001000000	10	100	0	0.593357
2017000	-0.8000000000	0.0100000000	0.0001000000	10	100	0	0.593357
2018000	-0.8000000000	0.0100000000	0.0001000000	10	100	0	0.593357
2019000	-0.8000000000	0.0100000000	0.0001000000	10	100	0	0.593357
2020000	-0.8000000000	0.0100000000	0.0001000000	10	100	0	0.593357
2021000	-0.8000000000	0.0100000000	0.0001000000	10	100	0	0.593357
2022000	-0.8000000000	0.0100000000	0.0001000000	10	100	0	0.593357
2023000	-0.8000000000	0.0100000000	0.0001000000	10	100	0	0.593357
2024000	-0.8000000000	0.0100000000	0.0001000000	10	100	0	0.593357
2025000	-0.8000000000	0.0100000000	0.0001000000	10	100	0	0.593357
2026000	-0.8000000000	0.0100000000	0.0001000000	10	100	0	0.593357
2027000	-0.8000000000	0.0100000000	0.0001000000	10	100	0	0.655575
2028000	-0.8000000000	0.0100000000	0.0001000000	10	100	0	0.655575
2029000	-0.8000000000	0.0100000000	0.0001000000	10	100	0	0.655575
2030000	-0.8000000000	0.0100000000	0.0001000000	10	100	0	0.655575
2031000	-0.8000000000	0.0100000000	0.0001000000	10	100	0	0.655575
2032000	-0.8000000000	0.0100000000	0.0001000000	10	100	0	0.655575
2033000	-0.8000000000	0.0100000000	0.0001000000	10	100	0	0.655575
2034000	-0.8000000000	0.0100000000	0.0001000000	10	100	0	0.655575
2035000	-0.8000000000	0.0100000000	0.0001000000	10	100	0	0.655575
2036000	-0.8000000000	0.0100000000	0.0001000000	10	100	0	0.655575
2037000	-0.8000000000	0.0100000000	0.0001000000	10	100	0	0.655575
2038000	-0.8000000000	0.0100000000	0.0001000000	10	100	0	0.655575
2039000	-0.8000000000	0.0100000000	0.0001000000	10	100	0	0.655575
2040000	-0.8000000000	0.0100000000	0.0001000000	10	100	0	0.655575
2041000	-0.8000000000	0.0100000000	0.0001000000	10	100	0	0.655575
2042000	-0.8000000000	0.0100000000	0.0001000000	10	100	0	0.655575
2043000	-0.8000000000	0.0100000000	0.0001000000	10	100	0	0.655575
2044000	-0.8000000000	0.0100000000	0.0001000000	10	100	0	0.655575
2045000	-0.8000000000	0.0100000000	0.0001000000	10	100	0	0.655575
2046000	-0.8000000000	0.0100000000	0.0001000000	10	100	0	0.655575
2047000	-0.8000000000	0.0100000000	0.0001000000	10	100	0	0.655575
2048000	-0.8000000000	0.0100000000	0.0001000000	10	100	0	0.655575
2049000	-0.8000000000	0.0100000000	0.0001000000	10	100	0	0.655575
2050000	-0.8000000000	0.0100000000	0.0001000000	10	100	0	0.655575
2051000	-0.8000000000	0.0100000000	0.0001000000	10	100	0	0.655575
2052000	-0.8000000000	0.0100000000	0.0001000000	10	100	0	0.655575
2053000	-0.8000000000	0.0100000000	0.0001000000	10	100	0	0.655575
2054000	-0.8000000000	0.0100000000	0.0001000000	10	100	0	0.655575
2055000	-0.8000000000	0.0100000000	0.0001000000	10	100	0	0.655575
2056000	-0.8000000000	0.0100000000	0.0001000000	10	100	0	0.655575
2057000	-0.8000000000	0.0100000000	0.0001000000	10	100	0	0.655575
2058000	-0.8000000000	0.0100000000	0.0001000000	10	100	0	0.655575
2059000	-0.8000000000	0.0100000000	0.0001000000	10	100	0	0.655575
2060000	-0.8000000000	0.0100000000	0.0001000000	10	100	0	0.655575
2061000	-0.8000000000	0.0100000000	0.0001000000	10	100	0	0.655575
2062000	-0.8000000000	0.0100000000	0.0001000000	10	100	0	0.655575
2063000	-0.8000000000	0.0100000000	0.0001000000	10	100	0	0.655575
2064000	-0.8000000000	0.0100000000	0.0001000000	10	100	0	0.655575
2065000	-0.8000000000	0.0100000000	0.0001000000	10	100	0	0.655575
2066000	-0.8000000000	0.0100000000	0.0001000000	10	100	0	0.655575
2067000	-0.8000000000	0.0100000000	0.0001000000	10	100	0	0.655575
2068000	-0.8000000000	0.0100000000	0.0001000000	10	100	0	0.655575
2069000	-0.8000000000	0.0100000000	0.0001000000	10	100	0	0.655575
2070000	-0.8000000000	0.0100000000	0.0001000000	10	100	0	0.655575
2071000	-0.8000000000	0.0100000000	0.0001000000	10	100	0	0.655575
2072000	-0.8000000000	0.0100000000	0.0001000000	10	100	0	0.655575
2073000	-0.8000000000	0.0100000000	0.0001000000	10	100	0	0.655575
2074000	-0.8000000000	0.0100000000	0.0001000000	10	100	0	0.655575
2075000	-0.8000000000	0.0100000000	0.0001000000	10	100	0	0.655575
2076000	-0.8000000000	0.0100000000	0.0001000000	10	100	0	0.655575
2077000	-0.8000000000	0.0100000000	0.0001000000	10	100	0	0.655575
2078000	-0.8000000000	0.0100000000	0.0001000000	10	100	0	0.655575
2079000	-0.8000000000	0.0100000000	0.0001000000	10	100	0	0.655575
2080000	-0.8000000000	0.0100000000	0.0001000000	10	100	0	0.655575
2081000	-0.8000000000	0.0100000000	0.0001000000	10	100	0	0.655575
2082000	-0.8000000000	0.0100000000	0.0001000000	10	100	0	0.655575
2083000	-0.8000000000	0.0100000000	0.0001000000	10	100	0	0.655575
2084000	-0.8000000000	0.0100000000	0.0001000000	10	100	0	0.655575
2085000	-0.8000000000	0.0100000000	0.0001000000	10	100	0	0.655575
2086000	-0.8000000000	0.0100000000	0.0001000000	10	100	0	0.655575
2087000	-0.8000000000	0.0100000000	0.0001000000	10	100	0	0.655575
2088000	-0.8000000000	0.0100000000	0.0001000000	10	100	0	0.655575
2089000	-0.8000000000	0.0100000000	0.0001000000	10	100	0	0.655575
2090000	-0.8000000000	0.0100000000	0.0001000000	10	100	0	0.655575
2091000	-0.8000000000	0.0100000000	0.0001000000	10	100	0	0.655575
2092000	-0.8000000000	0.0100000000	0.0001000000	10	100	0	0.655575
2093000	-0.8000000000	0.0100000000	0.0001000000	10	100	0	0.655575
2094000	-0.8000000000	0.0100000000	0.0001000000	10	100	0	0.655575
2095000	-0.8000000000	0.0100000000	0.0001000000	10	100	0	0.655575
2096000	-0.8000000000	0.0100000000	0.0001000000	10	100	0	0.655575
2097000	-0.8000000000	0.0100000000	0.0001000000	10	100	0	0.655575
2098000	-0.8000000000	0.0100000000	0.0001000000	10	100	0	0.717466
2099000	-0.8000000000	0.0100000000	0.0001000000	10	100	0	0.717466
2100000	-0.8000000000	0.0100000000	0.0001000000	10	100	0	0.717466
2101000	-0.8000000000	0.0100000000	0.0001000000	10	100	0	0.692710
2102000	-0.8000000000	0.0100000000	0.0001000000	10	100	0	0.717466
2103000	-0.8000000000	0.0100000000	0.0001000000	10	100	0	0.717466
2104000	-0.8000000000	0.0100000000	0.0001000000	10	100	0	0.717466
2105000	-0.8000000000	0.0100000000	0.0001000000	10	100	0	0.717466
2106000	-0.8000000000	0.0100000000	0.0001000000	10	100	0	0.717466
2107000	-0.8000000000	0.0100000000	0.0001000000	10	100	0	0.717466
2108000	-0.8000000000	0.0100000000	0.0001000000	10	100	0	0.717466
2109000	-0.8000000000	0.0100000000	0.0001000000	10	100	0	0.717466
2110000	-0.8000000000	0.0100000000	0.0001000000	10	100	0	0.717466
2111000	-0.8000000000	0.0100000000	0.0001000000	10	100	0	0.717466
2112000	-0.8000000000	0.0100000000	0.0001000000	10	100	0	0.717466
2113000	-0.8000000000	0.0100000000	0.0001000000	10	100	0	0.717466
2114000	-0.8000000000	0.0100000000	0.0001000000	10	100	0	0.655575
2115000	-0.8000000000	0.0100000000	0.0001000000	10	100	0	0.655575
2116000	-0.8000000000	0.0100000000	0.0001000000	10	100	0	0.655575
2117000	-0.8000000000	0.0100000000	0.0001000000	10	100	0	0.655575
2118000	-0.8000000000	0.0100000000	0.0001000000	10	100	0	0.643131
2119000	-0.8000000000	0.0100000000	0.0001000000	10	100	0	0.593357
2120000	-0.8000000000	0.0100000000	0.0001000000	10	100	0	0.593357
2121000	-0.8000000000	0.0100000000	0.0001000000	10	100	0	0.593357
2122000	-0.8000000000	0.0100000000	0.0001000000	10	100	0	0.593357
2123000	-0.8000000000	0.0100000000	0.0001000000	10	100	0	0.593357
2124000	-0.8000000000	0.0100000000	0.0001000000	10	100	0	0.593357
2125000	-0.8000000000	0.0100000000	0.0001000000	10	100	0	0.593357
2126000	-0.8000000000	0.0100000000	0.0001000000	10	100	0	0.593357
2127000	-0.8000000000	0.0100000000	0.0001000000	10	100	0	0.593357
2128000	-0.8000000000	0.0100000000	0.0001000000	10	100	0	0.593357
2129000	-0.8000000000	0.0100000000	0.0001000000	10	100	0	0.550666
2130000	-0.8000000000	0.0100000000	0.0001000000	10	100	0	0.532082
2131000	-0.8000000000	0.0100000000	0.0001000000	10	100	0	0.532082
2132000	-0.8000000000	0.0100000000	0.0001000000	10	100	0	0.532082
2133000	-0.8000000000	0.0100000000	0.0001000000	10	100	0	0.532082
2134000	-0.8000000000	0.0100000000	0.0001000000	10	100	0	0.532082
2135000	-0.8000000000	0.0100000000	0.0001000000	10	100	0	0.532082
2136000	-0.8000000000	0.0100000000	0.0001000000	10	100	0	0.532082
2137000	-0.8000000000	0.0100000000	0.0001000000	10	100	0	0.532082
2138000	-0.8000000000	0.0100000000	0.0001000000	10	100	0	0.532082
2139000	-0.8000000000	0.0100000000	0.0001000000	10	100	0	0.532082
2140000	-0.8000000000	0.0100000000	0.0001000000	10	100	0	0.532082
2141000	-0.8000000000	0.0100000000	0.0001000000	10	100	0	0.532082
2142000	-0.8000000000	0.0100000000	0.0001000000	10	100	0	0.532082
2143000	-0.8000000000	0.0100000000	0.0001000000	10	100	0	0.532082
2144000	-0.8000000000	0.0100000000	0.0001000000	10	100	0	0.532082
2145000	-0.8000000000	0.0100000000	0.0001000000	10	100	0	0.532082
2146000	-0.8000000000	0.0100000000	0.0001000000	10	100	0	0.472819
2147000	-0.8000000000	0.0100000000	0.0001000000	10	100	0	0.472819
2148000	-0.8000000000	0.0100000000	0.0001000000	10	100	0	0.472819
2149000	-0.8000000000	0.0100000000	0.0001000000	10	100	0	0.472819
2150000	-0.8000000000	0.0100000000	0.0001000000	10	100	0	0.472819
2151000	-0.8000000000	0.0100000000	0.0001000000	10	100	0	0.472819
2152000	-0.8000000000	0.0100000000	0.0001000000	10	100	0	0.472819
2153000	-0.8000000000	0.0100000000	0.0001000000	10	100	0	0.472819
2154000	-0.8000000000	0.0100000000	0.0001000000	10	100	0	0.472819
2155000	-0.8000000000	0.0100000000	0.0001000000	10	100	0	0.472819
2156000	-0.8000000000	0.0100000000	0.0001000000	10	100	0	0.472819
2157000	-0.8000000000	0.0100000000	0.0001000000	10	100	0	0.472819
2158000	-0.8000000000	0.0100000000	0.0001000000	10	100	0	0.472819
2159000	-0.8000000000	0.0100000000	0.0001000000	10	100	0	0.472819
2160000	-0.8000000000	0.0100000000	0.0001000000	10	100	0	0.472819
2161000	-0.8000000000	0.0100000000	0.0001000000	10	100	0	0.472819
2162000	-0.8000000000	0.0100000000	0.0001000000	10	100	0	0.472819
2163000	-0.8000000000	0.0100000000	0.0001000000	10	100	0	0.472819
2164000	-0.8000000000	0.0100000000	0.0001000000	10	100	0	0.472819
2165000	-0.8000000000	0.0100000000	0.0001000000	10	100	0	0.472819
2166000	-0.8000000000	0.0100000000	0.0001000000	10	100	0	0.472819
2167000	-0.8000000000	0.0100000000	0.0001000000	10	100	0	0.472819
2168000	-0.8000000000	0.0100000000	0.0001000000	10	100	0	0.472819
2169000	-0.8000000000	0.0100000000	0.0001000000	10	100	0	0.532082
2170000	-0.8000000000	0.0100000000	0.0001000000	10	100	0	0.532082
2171000	-0.8000000000	0.0100000000	0.0001000000	10	100	0	0.532082
2172000	-0.8000000000	0.0100000000	0.0001000000	10	100	0	0.532082
2173000	-0.8000000000	0.0100000000	0.0001000000	10	100	0	0.532082
2174000	-0.8000000000	0.0100000000	0.0001000000	10	100	0	0.532082
2175000	-0.8000000000	0.0100000000	0.0001000000	10	100	0	0.532082
2176000	-0.8000000000	0.0100000000	0.0001000000	10	100	0	0.532082
2177000	-0.8000000000	0.0100000000	0.0001000000	10	100	0	0.532082
2178000	-0.8000000000	0.0100000000	0.0001000000	10	100	0	0.532082
2179000	-0.8000000000	0.0100000000	0.0001000000	10	100	0	0.532082
2180000	-0.8000000000	0.0100000000	0.0001000000	10	100	0	0.532082
2181000	-0.8000000000	0.0100000000	0.0001000000	10	100	0	0.532082
2182000	-0.8000000000	0.0100000000	0.0001000000	10	100	0	0.532082
2183000	-0.8000000000	0.0100000000	0.0001000000	10	100	0	0.472819
2184000	-0.8000000000	0.0100000000	0.0001000000	10	100	0	0.472819
2185000	-0.8000000000	0.0100000000	0.0001000000	10	100	0	0.472819
2186000	-0.8000000000	0.0100000000	0.0001000000	10	100	0	0.472819
2187000	-0.8000000000	0.0100000000	0.0001000000	10	100	0	0.472819
2188000	-0.8000000000	0.0100000000	0.0001000000	10	100	0	0.472819
2189000	-0.8000000000	0.0100000000	0.0001000000	10	100	0	0.472819
2190000	-0.8000000000	0.0100000000	0.0001000000	10	100	0	0.472819
2191000	-0.8000000000	0.0100000000	0.0001000000	10	100	0	0.472819
2192000	-0.8000000000	0.0100000000	0.0001000000	10	100	0	0.416427
2193000	-0.8000000000	0.0100000000	0.0001000000	10	100	0	0.416427
2194000	-0.8000000000	0.0100000000	0.0001000000	10	100	0	0.416427
2195000	-0.8000000000	0.0100000000	0.0001000000	10	100	0	0.416427
2196000	-0.8000000000	0.0100000000	0.0001000000	10	100	0	0.416427
2197000	-0.8000000000	0.0100000000	0.0001000000	10	100	0	0.416427
2198000	-0.8000000000	0.0100000000	0.0001000000	10	100	0	0.416427
2199000	-0.8000000000	0.0100000000	0.0001000000	10	100	0	0.416427
2200000	-0.8000000000	0.0100000000	0.0001000000	10	100	0	0.416427
2201000	-0.8000000000	0.0100000000	0.0001000000	10	100	0	0.416427
2202000	-0.8000000000	0.0100000000	0.0001000000	10	100	0	0.416427
2203000	-0.8000000000	0.0100000000	0.0001000000	10	100	0	0.416427
2204000	-0.8000000000	0.0100000000	0.0001000000	10	100	0	0.416427
2205000	-0.8000000000	0.0100000000	0.0001000000	10	100	0	0.416427
2206000	-0.8000000000	0.0100000000	0.0001000000	10	100	0	0.416427
2207000	-0.8000000000	0.0100000000	0.0001000000	10	100	0	0.416427
2208000	-0.8000000000	0.0100000000	0.0001000000	10	100	0	0.416427
2209000	-0.8000000000	0.0100000000	0.0001000000	10	100	0	0.416427
2210000	-0.8000000000	0.0100000000	0.0001000000	10	100	0	0.416427
2211000	-0.8000000000	0.0100000000	0.0001000000	10	100	0	0.416427
2212000	-0.8000000000	0.0100000000	0.0001000000	10	100	0	0.416427
2213000	-0.8000000000	0.0100000000	0.0001000000	10	100	0	0.416427
2214000	-0.8000000000	0.0100000000	0.0001000000	10	100	0	0.416427
2215000	-0.8000000000	0.0100000000	0.0001000000	10	100	0	0.416427
2216000	-0.8000000000	0.0100000000	0.0001000000	10	100	0	0.416427
2217000	-0.8000000000	0.0100000000	0.0001000000	10	100	0	0.416427
2218000	-0.8000000000	0.0100000000	0.0001000000	10	100	0	0.472819
2219000	-0.8000000000	0.0100000000	0.0001000000	10	100	0	0.472819
2220000	-0.8000000000	0.0100000000	0.0001000000	10	100	0	0.472819
2221000	-0.8000000000	0.0100000000	0.0001000000	10	100	0	0.472819
2222000	-0.8000000000	0.0100000000	0.0001000000	10	100	0	0.472819
2223000	-0.8000000000	0.0100000000	0.0001000000	10	100	0	0.472819
2224000	-0.8000000000	0.0100000000	0.0001000000	10	100	0	0.472819
2225000	-0.8000000000	0.0100000000	0.0001000000	10	100	0	0.472819
2226000	-0.8000000000	0.0100000000	0.0001000000	10	100	0	0.472819
2227000	-0.8000000000	0.0100000000	0.0001000000	10	100	0	0.472819
2228000	-0.8000000000	0.0100000000	0.0001000000	10	100	0	0.472819
2229000	-0.8000000000	0.0100000000	0.0001000000	10	100	0	0.472819
2230000	-0.8000000000	0.0100000000	0.0001000000	10	100	0	0.472819
2231000	-0.8000000000	0.0100000000	0.0001000000	10	100	0	0.416427
2232000	-0.8000000000	0.0100000000	0.0001000000	10	100	0	0.416427
2233000	-0.8000000000	0.0100000000	0.0001000000	10	100	0	0.416427
2234000	-0.8000000000	0.0100000000	0.0001000000	10	100	0	0.416427
2235000	-0.8000000000	0.0100000000	0.0001000000	10	100	0	0.416427
2236000	-0.8000000000	0.0100000000	0.0001000000	10	100	0	0.416427
2237000	-0.8000000000	0.0100000000	0.0001000000	10	100	0	0.416427
2238000	-0.8000000000	0.0100000000	0.0001000000	10	100	0	0.416427
2239000	-0.8000000000	0.0100000000	0.0001000000	10	100	0	0.416427
2240000	-0.8000000000	0.0100000000	0.0001000000	10	100	0	0.416427
2241000	-0.8000000000	0.0100000000	0.0001000000	10	100	0	0.416427
2242000	-0.8000000000	0.0100000000	0.0001000000	10	100	0	0.416427
2243000	-0.8000000000	0.0100000000	0.0001000000	10	100	0	0.416427
2244000	-0.8000000000	0.0100000000	0.0001000000	10	100	0	0.416427
2245000	-0.8000000000	0.0100000000	0.0001000000	10	100	0	0.416427
2246000	-0.8000000000	0.0100000000	0.0001000000	10	100	0	0.416427
2247000	-0.8000000000	0.0100000000	0.0001000000	10	100	0	0.416427
2248000	-0.8000000000	0.0100000000	0.0001000000	10	100	0	0.416427
2249000	-0.8000000000	0.0100000000	0.0001000000	10	100	0	0.416427
2250000	-0.8000000000	0.0100000000	0.0001000000	10	100	0	0.416427
2251000	-0.8000000000	0.0100000000	0.0001000000	10	100	0	0.416427
2252000	-0.8000000000	0.0100000000	0.0001000000	10	100	0	0.416427
2253000	-0.8000000000	0.0100000000	0.0001000000	10	100	0	0.416427
2254000	-0.8000000000	0.0100000000	0.0001000000	10	100	0	0.416427
2255000	-0.8000000000	0.0100000000	0.0001000000	10	100	0	0.416427
2256000	-0.8000000000	0.0100000000	0.0001000000	10	100	0	0.416427
2257000	-0.8000000000	0.0100000000	0.0001000000	10	100	0	0.416427
2258000	-0.8000000000	0.0100000000	0.0001000000	10	100	0	0.472819
2259000	-0.8000000000	0.0100000000	0.0001000000	10	100	0	0.472819
2260000	-0.8000000000	0.0100000000	0.0001000000	10	100	0	0.472819
2261000	-0.8000000000	0.0100000000	0.0001000000	10	100	0	0.532082
2262000	-0.8000000000	0.0100000000	0.0001000000	10	100	0	0.532082
2263000	-0.8000000000	0.0100000000	0.0001000000	10	100	0	0.532082
2264000	-0.8000000000	0.0100000000	0.0001000000	10	100	0	0.532082
2265000	-0.8000000000	0.0100000000	0.0001000000	10	100	0	0.532082
2266000	-0.8000000000	0.0100000000	0.0001000000	10	100	0	0.593357
2267000	-0.8000000000	0.0100000000	0.0001000000	10	100	0	0.593357
2268000	-0.8000000000	0.0100000000	0.0001000000	10	100	0	0.593357
2269000	-0.8000000000	0.0100000000	0.0001000000	10	100	0	0.593357
2270000	-0.8000000000	0.0100000000	0.0001000000	10	100	0	0.593357
2271000	-0.8000000000	0.0100000000	0.0001000000	10	100	0	0.593357
2272000	-0.8000000000	0.0100000000	0.0001000000	10	100	0	0.593357
2273000	-0.8000000000	0.0100000000	0.0001000000	10	100	0	0.593357
2274000	-0.8000000000	0.0100000000	0.0001000000	10	100	0	0.593357
2275000	-0.8000000000	0.0100000000	0.0001000000	10	100	0	0.593357
2276000	-0.8000000000	0.0100000000	0.0001000000	10	100	0	0.593357
2277000	-0.8000000000	0.0100000000	0.0001000000	10	100	0	0.593357
2278000	-0.8000000000	0.0100000000	0.0001000000	10	100	0	0.593357
2279000	-0.8000000000	0.0100000000	0.0001000000	10	100	0	0.593357
2280000	-0.8000000000	0.0100000000	0.0001000000	10	100	0	0.532082
2281000	-0.8000000000	0.0100000000	0.0001000000	10	100	0	0.532082
2282000	-0.8000000000	0.0100000000	0.0001000000	10	100	0	0.532082
2283000	-0.8000000000	0.0100000000	0.0001000000	10	100	0	0.532082
2284000	-0.8000000000	0.0100000000	0.0001000000	10	100	0	0.532082
2285000	-0.8000000000	0.0100000000	0.0001000000	10	100	0	0.532082
2286000	-0.8000000000	0.0100000000	0.0001000000	10	100	0	0.532082
2287000	-0.8000000000	0.0100000000	0.0001000000	10	100	0	0.532082
2288000	-0.8000000000	0.0100000000	0.0001000000	10	100	0	0.532082
2289000	-0.8000000000	0.0100000000	0.0001000000	10	100	0	0.532082
2290000	-0.8000000000	0.0100000000	0.0001000000	10	100	0	0.532082
2291000	-0.8000000000	0.0100000000	0.0001000000	10	100	0	0.593357
2292000	-0.8000000000	0.0100000000	0.0001000000	10	100	0	0.593357
2293000	-0.8000000000	0.0100000000	0.0001000000	10	100	0	0.593357
2294000	-0.8000000000	0.0100000000	0.0001000000	10	100	0	0.593357
2295000	-0.8000000000	0.0100000000	0.0001000000	10	100	0	0.593357
2296000	-0.8000000000	0.0100000000	0.0001000000	10	100	0	0.593357
2297000	-0.8000000000	0.0100000000	0.0001000000	10	100	0	0.593357
2298000	-0.8000000000	0.0100000000	0.0001000000	10	100	0	0.593357
2299000	-0.8000000000	0.0100000000	0.0001000000	10	100	0	0.593357
2300000	-0.8000000000	0.0100000000	0.0001000000	10	100	0	0.593357
2301000	-0.8000000000	0.0100000000	0.0001000000	10	100	0	0.593357
2302000	-0.8000000000	0.0100000000	0.0001000000	10	100	0	0.593357
2303000	-0.8000000000	0.0100000000	0.0001000000	10	100	0	0.593357
2304000	-0.8000000000	0.0100000000	0.0001000000	10	100	0	0.593357
2305000	-0.8000000000	0.0100000000	0.0001000000	10	100	0	0.593357
2306000	-0.8000000000	0.0100000000	0.0001000000	10	100	0	0.593357
2307000	-0.8000000000	0.0100000000	0.0001000000	10	100	0	0.593357
2308000	-0.8000000000	0.0100000000	0.0001000000	10	100	0	0.593357
2309000	-0.8000000000	0.0100000000	0.0001000000	10	100	0	0.593357
2310000	-0.8000000000	0.0100000000	0.0001000000	10	100	0	0.593357
2311000	-0.8000000000	0.0100000000	0.0001000000	10	100	0	0.593357
2312000	-0.8000000000	0.0100000000	0.0001000000	10	100	0	0.593357
2313000	-0.8000000000	0.0100000000	0.0001000000	10	100	0	0.593357
2314000	-0.8000000000	0.0100000000	0.0001000000	10	100	0	0.593357
2315000	-0.8000000000	0.0100000000	0.0001000000	10	100	0	0.593357
2316000	-0.8000000000	0.0100000000	0.0001000000	10	100	0	0.593357
2317000	-0.8000000000	0.0100000000	0.0001000000	10	100	0	0.593357
2318000	-0.8000000000	0.0100000000	0.0001000000	10	100	0	0.593357
2319000	-0.8000000000	0.0100000000	0.0001000000	10	100	0	0.593357
2320000	-0.8000000000	0.0100000000	0.0001000000	10	100	0	0.593357
2321000	-0.8000000000	0.0100000000	0.0001000000	10	100	0	0.593357
2322000	-0.8000000000	0.0100000000	0.0001000000	10	100	0	0.593357
2323000	-0.8000000000	0.0100000000	0.0001000000	10	100	0	0.593357
2324000	-0.8000000000	0.0100000000	0.0001000000	10	100	0	0.593357
2325000	-0.8000000000	0.0100000000	0.0001000000	10	100	0	0.593357
2326000	-0.8000000000	0.0100000000	0.0001000000	10	100	0	0.593357
2327000	-0.8000000000	0.0100000000	0.0001000000	10	100	0	0.593357
2328000	-0.8000000000	0.0100000000	0.0001000000	10	100	0	0.593357
2329000	-0.8000000000	0.0100000000	0.0001000000	10	100	0	0.593357
2330000	-0.8000000000	0.0100000000	0.0001000000	10	100	0	0.593357
2331000	-0.8000000000	0.0100000000	0.0001000000	10	100	0	0.593357
2332000	-0.8000000000	0.0100000000	0.0001000000	10	100	0	0.593357
2333000	-0.8000000000	0.0100000000	0.0001000000	10	100	0	0.593357
2334000	-0.8000000000	0.0100000000	0.0001000000	10	100	0	0.593357
2335000	-0.8000000000	0.0100000000	0.0001000000	10	100	0	0.655575
2336000	-0.8000000000	0.0100000000	0.0001000000	10	100	0	0.655575
2337000	-0.8000000000	0.0100000000	0.0001000000	10	100	0	0.655575
2338000	-0.8000000000	0.0100000000	0.0001000000	10	100	0	0.655575
2339000	-0.8000000000	0.0100000000	0.0001000000	10	100	0	0.655575
2340000	-0.8000000000	0.0100000000	0.0001000000	10	100	0	0.655575
2341000	-0.8000000000	0.0100000000	0.0001000000	10	100	0	0.655575
2342000	-0.8000000000	0.0100000000	0.0001000000	10	100	0	0.655575
2343000	-0.8000000000	0.0100000000	0.0001000000	10	100	0	0.655575
2344000	-0.8000000000	0.0100000000	0.0001000000	10	100	0	0.655575
2345000	-0.8000000000	0.0100000000	0.0001000000	10	100	0	0.655575
2346000	-0.8000000000	0.0100000000	0.0001000000	10	100	0	0.655575
2347000	-0.8000000000	0.0100000000	0.0001000000	10	100	0	0.655575
2348000	-0.8000000000	0.0100000000	0.0001000000	10	100	0	0.655575
2349000	-0.8000000000	0.0100000000	0.0001000000	10	100	0	0.655575
2350000	-0.8000000000	0.0100000000	0.0001000000	10	100	0	0.655575
2351000	-0.8000000000	0.0100000000	0.0001000000	10	100	0	0.655575
2352000	-0.8000000000	0.0100000000	0.0001000000	10	100	0	0.655575
2353000	-0.8000000000	0.0100000000	0.0001000000	10	100	0	0.655575
2354000	-0.8000000000	0.0100000000	0.0001000000	10	100	0	0.655575
2355000	-0.8000000000	0.0100000000	0.0001000000	10	100	0	0.655575
2356000	-0.8000000000	0.0100000000	0.0001000000	10	100	0	0.655575
2357000	-0.8000000000	0.0100000000	0.0001000000	10	100	0	0.655575
2358000	-0.8000000000	0.0100000000	0.0001000000	10	100	0	0.655575
2359000	-0.8000000000	0.0100000000	0.0001000000	10	100	0	0.655575
2360000	-0.8000000000	0.0100000000	0.0001000000	10	100	0	0.655575
2361000	-0.8000000000	0.0100000000	0.0001000000	10	100	0	0.655575
2362000	-0.8000000000	0.0100000000	0.0001000000	10	100	0	0.655575
2363000	-0.8000000000	0.0100000000	0.0001000000	10	100	0	0.655575
2364000	-0.8000000000	0.0100000000	0.0001000000	10	100	0	0.655575
2365000	-0.8000000000	0.0100000000	0.0001000000	10	100	0	0.655575
2366000	-0.8000000000	0.0100000000	0.0001000000	10	100	0	0.655575
2367000	-0.8000000000	0.0100000000	0.0001000000	10	100	0	0.655575
2368000	-0.8000000000	0.0100000000	0.0001000000	10	100	0	0.655575
2369000	-0.8000000000	0.0100000000	0.0001000000	10	100	0	0.655575
2370000	-0.8000000000	0.0100000000	0.0001000000	10	100	0	0.655575
2371000	-0.8000000000	0.0100000000	0.0001000000	10	100	0	0.655575
2372000	-0.8000000000	0.0100000000	0.0001000000	10	100	0	0.655575
2373000	-0.8000000000	0.0100000000	0.0001000000	10	100	0	0.655575
2374000	-0.8000000000	0.0100000000	0.0001000000	10	100	0	0.655575
2375000	-0.8000000000	0.0100000000	0.0001000000	10	100	0	0.655575
2376000	-0.8000000000	0.0100000000	0.0001000000	10	100	0	0.655575
2377000	-0.8000000000	0.0100000000	0.0001000000	10	100	0	0.655575
2378000	-0.8000000000	0.0100000000	0.0001000000	10	100	0	0.655575
2379000	-0.8000000000	0.0100000000	0.0001000000	10	100	0	0.655575
2380000	-0.8000000000	0.0100000000	0.0001000000	10	100	0	0.655575
2381000	-0.8000000000	0.0100000000	0.0001000000	10	100	0	0.655575
2382000	-0.8000000000	0.0100000000	0.0001000000	10	100	0	0.655575
2383000	-0.8000000000	0.0100000000	0.0001000000	10	100	0	0.655575
2384000	-0.8000000000	0.0100000000	0.0001000000	10	100	0	0.655575
2385000	-0.8000000000	0.0100000000	0.0001000000	10	100	0	0.593357
2386000	-0.8000000000	0.0100000000	0.0001000000	10	100	0	0.593357
2387000	-0.8000000000	0.0100000000	0.0001000000	10	100	0	0.593357
2388000	-0.8000000000	0.0100000000	0.0001000000	10	100	0	0.593357
2389000	-0.8000000000	0.0100000000	0.0001000000	10	100	0	0.593357
2390000	-0.8000000000	0.0100000000	0.0001000000	10	100	0	0.593357
2391000	-0.8000000000	0.0100000000	0.0001000000	10	100	0	0.593357
2392000	-0.8000000000	0.0100000000	0.0001000000	10	100	0	0.593357
2393000	-0.8000000000	0.0100000000	0.0001000000	10	100	0	0.593357
2394000	-0.8000000000	0.0100000000	0.0001000000	10	100	0	0.593357
2395000	-0.8000000000	0.0100000000	0.0001000000	10	100	0	0.593357
2396000	-0.8000000000	0.0100000000	0.0001000000	10	100	0	0.593357
2397000	-0.8000000000	0.0100000000	0.0001000000	10	100	0	0.593357
2398000	-0.8000000000	0.0100000000	0.0001000000	10	100	0	0.593357
2399000	-0.8000000000	0.0100000000	0.0001000000	10	100	0	0.593357
2400000	-0.8000000000	0.0100000000	0.0001000000	10	100	0	0.593357
2401000	-0.8000000000	0.0100000000	0.0001000000	10	100	0	0.593357
2402000	-0.8000000000	0.0100000000	0.0001000000	10	100	0	0.593357
2403000	-0.8000000000	0.0100000000	0.0001000000	10	100	0	0.593357
2404000	-0.8000000000	0.0100000000	0.0001000000	10	100	0	0.593357
2405000	-0.8000000000	0.0100000000	0.0001000000	10	100	0	0.593357
2406000	-0.8000000000	0.0100000000	0.0001000000	10	100	0	0.593357
2407000	-0.8000000000	0.0100000000	0.0001000000	10	100	0	0.593357
2408000	-0.8000000000	0.0100000000	0.0001000000	10	100	0	0.593357
2409000	-0.8000000000	0.0100000000	0.0001000000	10	100	0	0.593357
2410000	-0.8000000000	0.0100000000	0.0001000000	10	100	0	0.593357
2411000	-0.8000000000	0.0100000000	0.0001000000	10	100	0	0.593357
2412000	-0.8000000000	0.0100000000	0.0001000000	10	100	0	0.593357
2413000	-0.8000000000	0.0100000000	0.0001000000	10	100	0	0.593357
2414000	-0.8000000000	0.0100000000	0.0001000000	10	100	0	0.593357
2415000	-0.8000000000	0.0100000000	0.0001000000	10	100	0	0.593357
2416000	-0.8000000000	0.0100000000	0.0001000000	10	100	0	0.472819
2417000	-0.8000000000	0.0100000000	0.0001000000	10	100	0	0.472819
2418000	-0.8000000000	0.0100000000	0.0001000000	10	100	0	0.472819
2419000	-0.8000000000	0.0100000000	0.0001000000	10	100	0	0.472819
2420000	-0.8000000000	0.0100000000	0.0001000000	10	100	0	0.472819
2421000	-0.8000000000	0.0100000000	0.0001000000	10	100	0	0.472819
2422000	-0.8000000000	0.0100000000	0.0001000000	10	100	0	0.472819
2423000	-0.8000000000	0.0100000000	0.0001000000	10	100	0	0.472819
2424000	-0.8000000000	0.0100000000	0.0001000000	10	100	0	0.472819
2425000	-0.8000000000	0.0100000000	0.0001000000	10	100	0	0.472819
2426000	-0.8000000000	0.0100000000	0.0001000000	10	100	0	0.472819
2427000	-0.8000000000	0.0100000000	0.0001000000	10	100	0	0.472819
2428000	-0.8000000000	0.0100000000	0.0001000000	10	100	0	0.472819
2429000	-0.8000000000	0.0100000000	0.0001000000	10	100	0	0.472819
2430000	-0.8000000000	0.0100000000	0.0001000000	10	100	0	0.472819
2431000	-0.8000000000	0.0100000000	0.0001000000	10	100	0	0.472819
2432000	-0.8000000000	0.0100000000	0.0001000000	10	100	0	0.472819
2433000	-0.8000000000	0.0100000000	0.0001000000	10	100	0	0.472819
2434000	-0.8000000000	0.0100000000	0.0001000000	10	100	0	0.472819
2435000	-0.8000000000	0.0100000000	0.0001000000	10	100	0	0.472819
2436000	-0.8000000000	0.0100000000	0.0001000000	10	100	0	0.472819
2437000	-0.8000000000	0.0100000000	0.0001000000	10	100	0	0.472819
2438000	-0.8000000000	0.0100000000	0.0001000000	10	100	0	0.472819
2439000	-0.8000000000	0.0100000000	0.0001000000	10	100	0	0.472819
2440000	-0.8000000000	0.0100000000	0.0001000000	10	100	0	0.472819
2441000	-0.8000000000	0.0100000000	0.0001000000	10	100	0	0.416427
2442000	-0.8000000000	0.0100000000	0.0001000000	10	100	0	0.416427
2443000	-0.8000000000	0.0100000000	0.0001000000	10	100	0	0.416427
2444000	-0.8000000000	0.0100000000	0.0001000000	10	100	0	0.416427
2445000	-0.8000000000	0.0100000000	0.0001000000	10	100	0	0.416427
2446000	-0.8000000000	0.0100000000	0.0001000000	10	100	0	0.416427
2447000	-0.8000000000	0.0100000000	0.0001000000	10	100	0	0.416427
2448000	-0.8000000000	0.0100000000	0.0001000000	10	100	0	0.416427
2449000	-0.8000000000	0.0100000000	0.0001000000	10	100	0	0.416427
2450000	-0.8000000000	0.0100000000	0.0001000000	10	100	0	0.416427
2451000	-0.8000000000	0.0100000000	0.0001000000	10	100	0	0.416427
2452000	-0.8000000000	0.0100000000	0.0001000000	10	100	0	0.416427
2453000	-0.8000000000	0.0100000000	0.0001000000	10	100	0	0.416427
2454000	-0.8000000000	0.0100000000	0.0001000000	10	100	0	0.416427
2455000	-0.8000000000	0.0100000000	0.0001000000	10	100	0	0.416427
2456000	-0.8000000000	0.0100000000	0.0001000000	10	100	0	0.416427
2457000	-0.8000000000	0.0100000000	0.0001000000	10	100	0	0.416427
2458000	-0.8000000000	0.0100000000	0.0001000000	10	100	0	0.416427
2459000	-0.8000000000	0.0100000000	0.0001000000	10	100	0	0.416427
2460000	-0.8000000000	0.0100000000	0.0001000000	10	100	0	0.416427
2461000	-0.8000000000	0.0100000000	0.0001000000	10	100	0	0.416427
2462000	-0.8000000000	0.0100000000	0.0001000000	10	100	0	0.416427
2463000	-0.8000000000	0.0100000000	0.0001000000	10	100	0	0.416427
2464000	-0.8000000000	0.0100000000	0.0001000000	10	100	0	0.416427
2465000	-0.8000000000	0.0100000000	0.0001000000	10	100	0	0.416427
2466000	-0.8000000000	0.0100000000	0.0001000000	10	100	0	0.416427
2467000	-0.8000000000	0.0100000000	0.0001000000	10	100	0	0.416427
2468000	-0.8000000000	0.0100000000	0.0001000000	10	100	0	0.416427
2469000	-0.8000000000	0.0100000000	0.0001000000	10	100	0	0.416427
2470000	-0.8000000000	0.0100000000	0.0001000000	10	100	0	0.416427
2471000	-0.8000000000	0.0100000000	0.0001000000	10	100	0	0.416427
2472000	-0.8000000000	0.0100000000	0.0001000000	10	100	0	0.416427
2473000	-0.8000000000	0.0100000000	0.0001000000	10	100	0	0.416427
2474000	-0.8000000000	0.0100000000	0.0001000000	10	100	0	0.416427
2475000	-0.8000000000	0.0100000000	0.0001000000	10	100	0	0.416427
2476000	-0.8000000000	0.0100000000	0.0001000000	10	100	0	0.416427
2477000	-0.8000000000	0.0100000000	0.0001000000	10	100	0	0.416427
2478000	-0.8000000000	0.0100000000	0.0001000000	10	100	0	0.416427
2479000	-0.8000000000	0.0100000000	0.0001000000	10	100	0	0.416427
2480000	-0.8000000000	0.0100000000	0.0001000000	10	100	0	0.416427
2481000	-0.8000000000	0.0100000000	0.0001000000	10	100	0	0.416427
2482000	-0.8000000000	0.0100000000	0.0001000000	10	100	0	0.416427
2483000	-0.8000000000	0.0100000000	0.0001000000	10	100	0	0.416427
2484000	-0.8000000000	0.0100000000	0.0001000000	10	100	0	0.416427
2485000	-0.8000000000	0.0100000000	0.0001000000	10	100	0	0.472819
2486000	-0.8000000000	0.0100000000	0.0001000000	10	100	0	0.472819
2487000	-0.8000000000	0.0100000000	0.0001000000	10	100	0	0.416427
2488000	-0.8000000000	0.0100000000	0.0001000000	10	100	0	0.472819
2489000	-0.8000000000	0.0100000000	0.0001000000	10	100	0	0.472819
2490000	-0.8000000000	0.0100000000	0.0001000000	10	100	0	0.472819
2491000	-0.8000000000	0.0100000000	0.0001000000	10	100	0	0.532082
2492000	-0.8000000000	0.0100000000	0.0001000000	10	100	0	0.532082
2493000	-0.8000000000	0.0100000000	0.0001000000	10	100	0	0.532082
2494000	-0.8000000000	0.0100000000	0.0001000000	10	100	0	0.532082
2495000	-0.8000000000	0.0100000000	0.0001000000	10	100	0	0.532082
2496000	-0.8000000000	0.0100000000	0.0001000000	10	100	0	0.532082
2497000	-0.8000000000	0.0100000000	0.0001000000	10	100	0	0.532082
2498000	-0.8000000000	0.0100000000	0.0001000000	10	100	0	0.532082
2499000	-0.8000000000	0.0100000000	0.0001000000	10	100	0	0.532082
2500000	-0.8000000000	0.0100000000	0.0001000000	10	100	0	0.532082
2501000	-0.8000000000	0.0100000000	0.0001000000	10	100	0	0.532082
2502000	-0.8000000000	0.0100000000	0.0001000000	10	100	0	0.532082
2503000	-0.8000000000	0.0100000000	0.0001000000	10	100	0	0.532082
2504000	-0.8000000000	0.0100000000	0.0001000000	10	100	0	0.532082
2505000	-0.8000000000	0.0100000000	0.0001000000	10	100	0	0.532082
2506000	-0.8000000000	0.0100000000	0.0001000000	10	100	0	0.532082
2507000	-0.8000000000	0.0100000000	0.0001000000	10	100	0	0.532082
2508000	-0.8000000000	0.0100000000	0.0001000000	10	100	0	0.532082
2509000	-0.8000000000	0.0100000000	0.0001000000	10	100	0	0.532082
2510000	-0.8000000000	0.0100000000	0.0001000000	10	100	0	0.532082
2511000	-0.8000000000	0.0100000000	0.0001000000	10	100	0	0.532082
2512000	-0.8000000000	0.0100000000	0.0001000000	10	100	0	0.532082
2513000	-0.8000000000	0.0100000000	0.0001000000	10	100	0	0.532082
2514000	-0.8000000000	0.0100000000	0.0001000000	10	100	0	0.532082
2515000	-0.8000000000	0.0100000000	0.0001000000	10	100	0	0.532082
2516000	-0.8000000000	0.0100000000	0.0001000000	10	100	0	0.532082
2517000	-0.8000000000	0.0100000000	0.0001000000	10	100	0	0.532082
2518000	-0.8000000000	0.0100000000	0.0001000000	10	100	0	0.532082
2519000	-0.8000000000	0.0100000000	0.0001000000	10	100	0	0.532082
2520000	-0.8000000000	0.0100000000	0.0001000000	10	100	0	0.532082
2521000	-0.8000000000	0.0100000000	0.0001000000	10	100	0	0.532082
2522000	-0.8000000000	0.0100000000	0.0001000000	10	100	0	0.532082
2523000	-0.8000000000	0.0100000000	0.0001000000	10	100	0	0.532082
2524000	-0.8000000000	0.0100000000	0.0001000000	10	100	0	0.532082
2525000	-0.8000000000	0.0100000000	0.0001000000	10	100	0	0.532082
2526000	-0.8000000000	0.0100000000	0.0001000000	10	100	0	0.593357
2527000	-0.8000000000	0.0100000000	0.0001000000	10	100	0	0.593357
2528000	-0.8000000000	0.0100000000	0.0001000000	10	100	0	0.593357
2529000	-0.8000000000	0.0100000000	0.0001000000	10	100	0	0.593357
2530000	-0.8000000000	0.0100000000	0.0001000000	10	100	0	0.593357
2531000	-0.8000000000	0.0100000000	0.0001000000	10	100	0	0.593357
2532000	-0.8000000000	0.0100000000	0.0001000000	10	100	0	0.593357
2533000	-0.8000000000	0.0100000000	0.0001000000	10	100	0	0.593357
2534000	-0.8000000000	0.0100000000	0.0001000000	10	100	0	0.593357
2535000	-0.8000000000	0.0100000000	0.0001000000	10	100	0	0.593357
2536000	-0.8000000000	0.0100000000	0.0001000000	10	100	0	0.593357
2537000	-0.8000000000	0.0100000000	0.0001000000	10	100	0	0.532082
2538000	-0.8000000000	0.0100000000	0.0001000000	10	100	0	0.532082
2539000	-0.8000000000	0.0100000000	0.0001000000	10	100	0	0.532082
2540000	-0.8000000000	0.0100000000	0.0001000000	10	100	0	0.532082
2541000	-0.8000000000	0.0100000000	0.0001000000	10	100	0	0.532082
2542000	-0.8000000000	0.0100000000	0.0001000000	10	100	0	0.532082
2543000	-0.8000000000	0.0100000000	0.0001000000	10	100	0	0.532082
2544000	-0.8000000000	0.0100000000	0.0001000000	10	100	0	0.532082
2545000	-0.8000000000	0.0100000000	0.0001000000	10	100	0	0.532082
2546000	-0.8000000000	0.0100000000	0.0001000000	10	100	0	0.532082
2547000	-0.8000000000	0.0100000000	0.0001000000	10	100	0	0.532082
2548000	-0.8000000000	0.0100000000	0.0001000000	10	100	0	0.532082
2549000	-0.8000000000	0.0100000000	0.0001000000	10	100	0	0.532082
2550000	-0.8000000000	0.0100000000	0.0001000000	10	100	0	0.532082
2551000	-0.8000000000	0.0100000000	0.0001000000	10	100	0	0.532082
2552000	-0.8000000000	0.0100000000	0.0001000000	10	100	0	0.532082
2553000	-0.8000000000	0.0100000000	0.0001000000	10	100	0	0.532082
2554000	-0.8000000000	0.0100000000	0.0001000000	10	100	0	0.532082
2555000	-0.8000000000	0.0100000000	0.0001000000	10	100	0	0.532082
2556000	-0.8000000000	0.0100000000	0.0001000000	10	100	0	0.532082
2557000	-0.8000000000	0.0100000000	0.0001000000	10	100	0	0.532082
2558000	-0.8000000000	0.0100000000	0.0001000000	10	100	0	0.532082
2559000	-0.8000000000	0.0100000000	0.0001000000	10	100	0	0.532082
2560000	-0.8000000000	0.0100000000	0.0001000000	10	100	0	0.532082
2561000	-0.8000000000	0.0100000000	0.0001000000	10	100	0	0.532082
2562000	-0.8000000000	0.0100000000	0.0001000000	10	100	0	0.532082
2563000	-0.8000000000	0.0100000000	0.0001000000	10	100	0	0.532082
2564000	-0.8000000000	0.0100000000	0.0001000000	10	100	0	0.532082
2565000	-0.8000000000	0.0100000000	0.0001000000	10	100	0	0.532082
2566000	-0.8000000000	0.0100000000	0.0001000000	10	100	0	0.532082
2567000	-0.8000000000	0.0100000000	0.0001000000	10	100	0	0.532082
2568000	-0.8000000000	0.0100000000	0.0001000000	10	100	0	0.532082
2569000	-0.8000000000	0.0100000000	0.0001000000	10	100	0	0.532082
2570000	-0.8000000000	0.0100000000	0.0001000000	10	100	0	0.532082
2571000	-0.8000000000	0.0100000000	0.0001000000	10	100	0	0.532082
2572000	-0.8000000000	0.0100000000	0.0001000000	10	100	0	0.532082
2573000	-0.8000000000	0.0100000000	0.0001000000	10	100	0	0.532082
2574000	-0.8000000000	0.0100000000	0.0001000000	10	100	0	0.532082
2575000	-0.8000000000	0.0100000000	0.0001000000	10	100	0	0.532082
2576000	-0.8000000000	0.0100000000	0.0001000000	10	100	0	0.532082
2577000	-0.8000000000	0.0100000000	0.0001000000	10	100	0	0.532082
2578000	-0.8000000000	0.0100000000	0.0001000000	10	100	0	0.532082
2579000	-0.8000000000	0.0100000000	0.0001000000	10	100	0	0.532082
2580000	-0.8000000000	0.0100000000	0.0001000000	10	100	0	0.532082
2581000	-0.8000000000	0.0100000000	0.0001000000	10	100	0	0.532082
2582000	-0.8000000000	0.0100000000	0.0001000000	10	100	0	0.532082
2583000	-0.8000000000	0.0100000000	0.0001000000	10	100	0	0.532082
2584000	-0.8000000000	0.0100000000	0.0001000000	10	100	0	0.532082
2585000	-0.8000000000	0.0100000000	0.0001000000	10	100	0	0.532082
2586000	-0.8000000000	0.0100000000	0.0001000000	10	100	0	0.532082
2587000	-0.8000000000	0.0100000000	0.0001000000	10	100	0	0.532082
2588000	-0.8000000000	0.0100000000	0.0001000000	10	100	0	0.532082
2589000	-0.8000000000	0.0100000000	0.0001000000	10	100	0	0.532082
2590000	-0.8000000000	0.0100000000	0.0001000000	10	100	0	0.532082
2591000	-0.8000000000	0.0100000000	0.0001000000	10	100	0	0.532082
2592000	-0.8000000000	0.0100000000	0.0001000000	10	100	0	0.532082
2593000	-0.8000000000	0.0100000000	0.0001000000	10	100	0	0.532082
2594000	-0.8000000000	0.0100000000	0.0001000000	10	100	0	0.532082
2595000	-0.8000000000	0.0100000000	0.0001000000	10	100	0	0.532082
2596000	-0.8000000000	0.0100000000	0.0001000000	10	100	0	0.532082
2597000	-0.8000000000	0.0100000000	0.0001000000	10	100	0	0.532082
2598000	-0.8000000000	0.0100000000	0.0001000000	10	100	0	0.532082
2599000	-0.8000000000	0.0100000000	0.0001000000	10	100	0	0.532082
2600000	-0.8000000000	0.0100000000	0.0001000000	10	100	0	0.532082
2601000	-0.8000000000	0.0100000000	0.0001000000	10	100	0	0.532082
2602000	-0.8000000000	0.0100000000	0.0001000000	10	100	0	0.472819
2603000	-0.8000000000	0.0100000000	0.0001000000	10	100	0	0.472819
2604000	-0.8000000000	0.0100000000	0.0001000000	10	100	0	0.472819
2605000	-0.8000000000	0.0100000000	0.0001000000	10	100	0	0.472819
2606000	-0.8000000000	0.0100000000	0.0001000000	10	100	0	0.472819
2607000	-0.8000000000	0.0100000000	0.0001000000	10	100	0	0.472819
2608000	-0.8000000000	0.0100000000	0.0001000000	10	100	0	0.472819
2609000	-0.8000000000	0.0100000000	0.0001000000	10	100	0	0.472819
2610000	-0.8000000000	0.0100000000	0.0001000000	10	100	0	0.472819
2611000	-0.8000000000	0.0100000000	0.0001000000	10	100	0	0.472819
2612000	-0.8000000000	0.0100000000	0.0001000000	10	100	0	0.472819
2613000	-0.8000000000	0.0100000000	0.0001000000	10	100	0	0.472819
2614000	-0.8000000000	0.0100000000	0.0001000000	10	100	0	0.472819
2615000	-0.8000000000	0.0100000000	0.0001000000	10	100	0	0.472819
2616000	-0.8000000000	0.0100000000	0.0001000000	10	100	0	0.472819
2617000	-0.8000000000	0.0100000000	0.0001000000	10	100	0	0.472819
2618000	-0.8000000000	0.0100000000	0.0001000000	10	100	0	0.472819
2619000	-0.8000000000	0.0100000000	0.0001000000	10	100	0	0.472819
2620000	-0.8000000000	0.0100000000	0.0001000000	10	100	0	0.472819
2621000	-0.8000000000	0.0100000000	0.0001000000	10	100	0	0.472819
2622000	-0.8000000000	0.0100000000	0.0001000000	10	100	0	0.472819
2623000	-0.8000000000	0.0100000000	0.0001000000	10	100	0	0.472819
2624000	-0.8000000000	0.0100000000	0.0001000000	10	100	0	0.472819
2625000	-0.8000000000	0.0100000000	0.0001000000	10	100	0	0.472819
2626000	-0.8000000000	0.0100000000	0.0001000000	10	100	0	0.472819
2627000	-0.8000000000	0.0100000000	0.0001000000	10	100	0	0.472819
2628000	-0.8000000000	0.0100000000	0.0001000000	10	100	0	0.472819
2629000	-0.8000000000	0.0100000000	0.0001000000	10	100	0	0.472819
2630000	-0.8000000000	0.0100000000	0.0001000000	10	100	0	0.472819
2631000	-0.8000000000	0.0100000000	0.0001000000	10	100	0	0.472819
2632000	-0.8000000000	0.0100000000	0.0001000000	10	100	0	0.472819
2633000	-0.8000000000	0.0100000000	0.0001000000	10	100	0	0.472819
2634000	-0.8000000000	0.0100000000	0.0001000000	10	100	0	0.472819
2635000	-0.8000000000	0.0100000000	0.0001000000	10	100	0	0.472819
2636000	-0.8000000000	0.0100000000	0.0001000000	10	100	0	0.472819
2637000	-0.8000000000	0.0100000000	0.0001000000	10	100	0	0.472819
2638000	-0.8000000000	0.0100000000	0.0001000000	10	100	0	0.472819
2639000	-0.8000000000	0.0100000000	0.0001000000	10	100	0	0.472819
2640000	-0.8000000000	0.0100000000	0.0001000000	10	100	0	0.472819
2641000	-0.8000000000	0.0100000000	0.0001000000	10	100	0	0.472819
2642000	-0.8000000000	0.0100000000	0.0001000000	10	100	0	0.472819
2643000	-0.8000000000	0.0100000000	0.0001000000	10	100	0	0.472819
2644000	-0.8000000000	0.0100000000	0.0001000000	10	100	0	0.472819
2645000	-0.8000000000	0.0100000000	0.0001000000	10	100	0	0.472819
2646000	-0.8000000000	0.0100000000	0.0001000000	10	100	0	0.416427
2647000	-0.8000000000	0.0100000000	0.0001000000	10	100	0	0.416427
2648000	-0.8000000000	0.0100000000	0.0001000000	10	100	0	0.416427
2649000	-0.8000000000	0.0100000000	0.0001000000	10	100	0	0.416427
2650000	-0.8000000000	0.0100000000	0.0001000000	10	100	0	0.416427
2651000	-0.8000000000	0.0100000000	0.0001000000	10	100	0	0.416427
2652000	-0.8000000000	0.0100000000	0.0001000000	10	100	0	0.416427
2653000	-0.8000000000	0.0100000000	0.0001000000	10	100	0	0.416427
2654000	-0.8000000000	0.0100000000	0.0001000000	10	100	0	0.416427
2655000	-0.8000000000	0.0100000000	0.0001000000	10	100	0	0.416427
2656000	-0.8000000000	0.0100000000	0.0001000000	10	100	0	0.416427
2657000	-0.8000000000	0.0100000000	0.0001000000	10	100	0	0.416427
2658000	-0.8000000000	0.0100000000	0.0001000000	10	100	0	0.416427
2659000	-0.8000000000	0.0100000000	0.0001000000	10	100	0	0.416427
2660000	-0.8000000000	0.0100000000	0.0001000000	10	100	0	0.416427
2661000	-0.8000000000	0.0100000000	0.0001000000	10	100	0	0.416427
2662000	-0.8000000000	0.0100000000	0.0001000000	10	100	0	0.416427
2663000	-0.8000000000	0.0100000000	0.0001000000	10	100	0	0.416427
2664000	-0.8000000000	0.0100000000	0.0001000000	10	100	0	0.416427
2665000	-0.8000000000	0.0100000000	0.0001000000	10	100	0	0.416427
2666000	-0.8000000000	0.0100000000	0.0001000000	10	100	0	0.416427
2667000	-0.8000000000	0.0100000000	0.0001000000	10	100	0	0.416427
2668000	-0.8000000000	0.0100000000	0.0001000000	10	100	0	0.416427
2669000	-0.8000000000	0.0100000000	0.0001000000	10	100	0	0.416427
2670000	-0.8000000000	0.0100000000	0.0001000000	10	100	0	0.416427
2671000	-0.8000000000	0.0100000000	0.0001000000	10	100	0	0.416427
2672000	-0.8000000000	0.0100000000	0.0001000000	10	100	0	0.416427
2673000	-0.8000000000	0.0100000000	0.0001000000	10	100	0	0.416427
2674000	-0.8000000000	0.0100000000	0.0001000000	10	100	0	0.416427
2675000	-0.8000000000	0.0100000000	0.0001000000	10	100	0	0.416427
2676000	-0.8000000000	0.0100000000	0.0001000000	10	100	0	0.416427
2677000	-0.8000000000	0.0100000000	0.0001000000	10	100	0	0.416427
2678000	-0.8000000000	0.0100000000	0.0001000000	10	100	0	0.416427
2679000	-0.8000000000	0.0100000000	0.0001000000	10	100	0	0.416427
2680000	-0.8000000000	0.0100000000	0.0001000000	10	100	0	0.416427
2681000	-0.8000000000	0.0100000000	0.0001000000	10	100	0	0.416427
2682000	-0.8000000000	0.0100000000	0.0001000000	10	100	0	0.416427
2683000	-0.8000000000	0.0100000000	0.0001000000	10	100	0	0.416427
2684000	-0.8000000000	0.0100000000	0.0001000000	10	100	0	0.416427
2685000	-0.8000000000	0.0100000000	0.0001000000	10	100	0	0.416427
2686000	-0.8000000000	0.0100000000	0.0001000000	10	100	0	0.416427
2687000	-0.8000000000	0.0100000000	0.0001000000	10	100	0	0.416427
2688000	-0.8000000000	0.0100000000	0.0001000000	10	100	0	0.472819
2689000	-0.8000000000	0.0100000000	0.0001000000	10	100	0	0.472819
2690000	-0.8000000000	0.0100000000	0.0001000000	10	100	0	0.472819
2691000	-0.8000000000	0.0100000000	0.0001000000	10	100	0	0.472819
2692000	-0.8000000000	0.0100000000	0.0001000000	10	100	0	0.472819
2693000	-0.8000000000	0.0100000000	0.0001000000	10	100	0	0.472819
2694000	-0.8000000000	0.0100000000	0.0001000000	10	100	0	0.472819
2695000	-0.8000000000	0.0100000000	0.0001000000	10	100	0	0.472819
2696000	-0.8000000000	0.0100000000	0.0001000000	10	100	0	0.472819
2697000	-0.8000000000	0.0100000000	0.0001000000	10	100	0	0.472819
2698000	-0.8000000000	0.0100000000	0.0001000000	10	100	0	0.472819
2699000	-0.8000000000	0.0100000000	0.0001000000	10	100	0	0.472819
2700000	-0.8000000000	0.0100000000	0.0001000000	10	100	0	0.472819
2701000	-0.8000000000	0.0100000000	0.0001000000	10	100	0	0.472819
2702000	-0.8000000000	0.0100000000	0.0001000000	10	100	0	0.472819
2703000	-0.8000000000	0.0100000000	0.0001000000	10	100	0	0.472819
2704000	-0.8000000000	0.0100000000	0.0001000000	10	100	0	0.472819
2705000	-0.8000000000	0.0100000000	0.0001000000	10	100	0	0.472819
2706000	-0.8000000000	0.0100000000	0.0001000000	10	100	0	0.472819
2707000	-0.8000000000	0.0100000000	0.0001000000	10	100	0	0.472819
2708000	-0.8000000000	0.0100000000	0.0001000000	10	100	0	0.472819
2709000	-0.8000000000	0.0100000000	0.0001000000	10	100	0	0.472819
2710000	-0.8000000000	0.0100000000	0.0001000000	10	100	0	0.472819
2711000	-0.8000000000	0.0100000000	0.0001000000	10	100	0	0.472819
2712000	-0.8000000000	0.0100000000	0.0001000000	10	100	0	0.472819
2713000	-0.8000000000	0.0100000000	0.0001000000	10	100	0	0.472819
2714000	-0.8000000000	0.0100000000	0.0001000000	10	100	0	0.472819
2715000	-0.8000000000	0.0100000000	0.0001000000	10	100	0	0.472819
2716000	-0.8000000000	0.0100000000	0.0001000000	10	100	0	0.472819
2717000	-0.8000000000	0.0100000000	0.0001000000	10	100	0	0.472819
2718000	-0.8000000000	0.0100000000	0.0001000000	10	100	0	0.472819
2719000	-0.8000000000	0.0100000000	0.0001000000	10	100	0	0.472819
2720000	-0.8000000000	0.0100000000	0.0001000000	10	100	0	0.472819
2721000	-0.8000000000	0.0100000000	0.0001000000	10	100	0	0.472819
2722000	-0.8000000000	0.0100000000	0.0001000000	10	100	0	0.472819
2723000	-0.8000000000	0.0100000000	0.0001000000	10	100	0	0.472819
2724000	-0.8000000000	0.0100000000	0.0001000000	10	100	0	0.472819
2725000	-0.8000000000	0.0100000000	0.0001000000	10	100	0	0.472819
2726000	-0.8000000000	0.0100000000	0.0001000000	10	100	0	0.472819
2727000	-0.8000000000	0.0100000000	0.0001000000	10	100	0	0.472819
2728000	-0.8000000000	0.0100000000	0.0001000000	10	100	0	0.472819
2729000	-0.8000000000	0.0100000000	0.0001000000	10	100	0	0.472819
2730000	-0.8000000000	0.0100000000	0.0001000000	10	100	0	0.472819
2731000	-0.8000000000	0.0100000000	0.0001000000	10	100	0	0.416427
2732000	-0.8000000000	0.0100000000	0.0001000000	10	100	0	0.416427
2733000	-0.8000000000	0.0100000000	0.0001000000	10	100	0	0.416427
2734000	-0.8000000000	0.0100000000	0.0001000000	10	100	0	0.416427
2735000	-0.8000000000	0.0100000000	0.0001000000	10	100	0	0.416427
2736000	-0.8000000000	0.0100000000	0.0001000000	10	100	0	0.416427
2737000	-0.8000000000	0.0100000000	0.0001000000	10	100	0	0.416427
2738000	-0.8000000000	0.0100000000	0.0001000000	10	100	0	0.416427
2739000	-0.8000000000	0.0100000000	0.0001000000	10	100	0	0.416427
2740000	-0.8000000000	0.0100000000	0.0001000000	10	100	0	0.416427
2741000	-0.8000000000	0.0100000000	0.0001000000	10	100	0	0.416427
2742000	-0.8000000000	0.0100000000	0.0001000000	10	100	0	0.416427
2743000	-0.8000000000	0.0100000000	0.0001000000	10	100	0	0.416427
2744000	-0.8000000000	0.0100000000	0.0001000000	10	100	0	0.416427
2745000	-0.8000000000	0.0100000000	0.0001000000	10	100	0	0.416427
2746000	-0.8000000000	0.0100000000	0.0001000000	10	100	0	0.416427
2747000	-0.8000000000	0.0100000000	0.0001000000	10	100	0	0.416427
2748000	-0.8000000000	0.0100000000	0.0001000000	10	100	0	0.416427
2749000	-0.8000000000	0.0100000000	0.0001000000	10	100	0	0.416427
2750000	-0.8000000000	0.0100000000	0.0001000000	10	100	0	0.416427
2751000	-0.8000000000	0.0100000000	0.0001000000	10	100	0	0.416427
2752000	-0.8000000000	0.0100000000	0.0001000000	10	100	0	0.416427
2753000	-0.8000000000	0.0100000000	0.0001000000	10	100	0	0.416427
2754000	-0.8000000000	0.0100000000	0.0001000000	10	100	0	0.416427
2755000	-0.8000000000	0.0100000000	0.0001000000	10	100	0	0.416427
2756000	-0.8000000000	0.0100000000	0.0001000000	10	100	0	0.416427
2757000	-0.8000000000	0.0100000000	0.0001000000	10	100	0	0.472819
2758000	-0.8000000000	0.0100000000	0.0001000000	10	100	0	0.532082
2759000	-0.8000000000	0.0100000000	0.0001000000	10	100	0	0.532082
2760000	-0.8000000000	0.0100000000	0.0001000000	10	100	0	0.532082
2761000	-0.8000000000	0.0100000000	0.0001000000	10	100	0	0.532082
2762000	-0.8000000000	0.0100000000	0.0001000000	10	100	0	0.532082
2763000	-0.8000000000	0.0100000000	0.0001000000	10	100	0	0.532082
2764000	-0.8000000000	0.0100000000	0.0001000000	10	100	0	0.532082
2765000	-0.8000000000	0.0100000000	0.0001000000	10	100	0	0.532082
2766000	-0.8000000000	0.0100000000	0.0001000000	10	100	0	0.532082
2767000	-0.8000000000	0.0100000000	0.0001000000	10	100	0	0.532082
2768000	-0.8000000000	0.0100000000	0.0001000000	10	100	0	0.532082
2769000	-0.8000000000	0.0100000000	0.0001000000	10	100	0	0.532082
2770000	-0.8000000000	0.0100000000	0.0001000000	10	100	0	0.532082
2771000	-0.8000000000	0.0100000000	0.0001000000	10	100	0	0.532082
2772000	-0.8000000000	0.0100000000	0.0001000000	10	100	0	0.532082
2773000	-0.8000000000	0.0100000000	0.0001000000	10	100	0	0.532082
2774000	-0.8000000000	0.0100000000	0.0001000000	10	100	0	0.532082
2775000	-0.8000000000	0.0100000000	0.0001000000	10	100	0	0.532082
2776000	-0.8000000000	0.0100000000	0.0001000000	10	100	0	0.526156
2777000	-0.8000000000	0.0100000000	0.0001000000	10	100	0	0.593357
2778000	-0.8000000000	0.0100000000	0.0001000000	10	100	0	0.593357
2779000	-0.8000000000	0.0100000000	0.0001000000	10	100	0	0.593357
2780000	-0.8000000000	0.0100000000	0.0001000000	10	100	0	0.593357
2781000	-0.8000000000	0.0100000000	0.0001000000	10	100	0	0.593357
2782000	-0.8000000000	0.0100000000	0.0001000000	10	100	0	0.593357
2783000	-0.8000000000	0.0100000000	0.0001000000	10	100	0	0.593357
2784000	-0.8000000000	0.0100000000	0.0001000000	10	100	0	0.593357
2785000	-0.8000000000	0.0100000000	0.0001000000	10	100	0	0.593357
2786000	-0.8000000000	0.0100000000	0.0001000000	10	100	0	0.593357
2787000	-0.8000000000	0.0100000000	0.0001000000	10	100	0	0.532082
2788000	-0.8000000000	0.0100000000	0.0001000000	10	100	0	0.532082
2789000	-0.8000000000	0.0100000000	0.0001000000	10	100	0	0.532082
2790000	-0.8000000000	0.0100000000	0.0001000000	10	100	0	0.532082
2791000	-0.8000000000	0.0100000000	0.0001000000	10	100	0	0.532082
2792000	-0.8000000000	0.0100000000	0.0001000000	10	100	0	0.532082
2793000	-0.8000000000	0.0100000000	0.0001000000	10	100	0	0.532082
2794000	-0.8000000000	0.0100000000	0.0001000000	10	100	0	0.532082
2795000	-0.8000000000	0.0100000000	0.0001000000	10	100	0	0.532082
2796000	-0.8000000000	0.0100000000	0.0001000000	10	100	0	0.593357
2797000	-0.8000000000	0.0100000000	0.0001000000	10	100	0	0.593357
2798000	-0.8000000000	0.0100000000	0.0001000000	10	100	0	0.593357
2799000	-0.8000000000	0.0100000000	0.0001000000	10	100	0	0.593357
2800000	-0.8000000000	0.0100000000	0.0001000000	10	100	0	0.593357
2801000	-0.8000000000	0.0100000000	0.0001000000	10	100	0	0.593357
2802000	-0.8000000000	0.0100000000	0.0001000000	10	100	0	0.593357
2803000	-0.8000000000	0.0100000000	0.0001000000	10	100	0	0.593357
2804000	-0.8000000000	0.0100000000	0.0001000000	10	100	0	0.593357
2805000	-0.8000000000	0.0100000000	0.0001000000	10	100	0	0.593357
2806000	-0.8000000000	0.0100000000	0.0001000000	10	100	0	0.593357
2807000	-0.8000000000	0.0100000000	0.0001000000	10	100	0	0.593357
2808000	-0.8000000000	0.0100000000	0.0001000000	10	100	0	0.593357
2809000	-0.8000000000	0.0100000000	0.0001000000	10	100	0	0.593357
2810000	-0.8000000000	0.0100000000	0.0001000000	10	100	0	0.593357
2811000	-0.8000000000	0.0100000000	0.0001000000	10	100	0	0.593357
2812000	-0.8000000000	0.0100000000	0.0001000000	10	100	0	0.593357
2813000	-0.8000000000	0.0100000000	0.0001000000	10	100	0	0.593357
2814000	-0.8000000000	0.0100000000	0.0001000000	10	100	0	0.593357
2815000	-0.8000000000	0.0100000000	0.0001000000	10	100	0	0.655575
2816000	-0.8000000000	0.0100000000	0.0001000000	10	100	0	0.655575
2817000	-0.8000000000	0.0100000000	0.0001000000	10	100	0	0.655575
2818000	-0.8000000000	0.0100000000	0.0001000000	10	100	0	0.655575
2819000	-0.8000000000	0.0100000000	0.0001000000	10	100	0	0.655575
2820000	-0.8000000000	0.0100000000	0.0001000000	10	100	0	0.655575
2821000	-0.8000000000	0.0100000000	0.0001000000	10	100	0	0.655575
2822000	-0.8000000000	0.0100000000	0.0001000000	10	100	0	0.655575
2823000	-0.8000000000	0.0100000000	0.0001000000	10	100	0	0.655575
2824000	-0.8000000000	0.0100000000	0.0001000000	10	100	0	0.655575
2825000	-0.8000000000	0.0100000000	0.0001000000	10	100	0	0.655575
2826000	-0.8000000000	0.0100000000	0.0001000000	10	100	0	0.655575
2827000	-0.8000000000	0.0100000000	0.0001000000	10	100	0	0.655575
2828000	-0.8000000000	0.0100000000	0.0001000000	10	100	0	0.655575
2829000	-0.8000000000	0.0100000000	0.0001000000	10	100	0	0.655575
2830000	-0.8000000000	0.0100000000	0.0001000000	10	100	0	0.655575
2831000	-0.8000000000	0.0100000000	0.0001000000	10	100	0	0.655575
2832000	-0.8000000000	0.0100000000	0.0001000000	10	100	0	0.655575
2833000	-0.8000000000	0.0100000000	0.0001000000	10	100	0	0.655575
2834000	-0.8000000000	0.0100000000	0.0001000000	10	100	0	0.655575
2835000	-0.8000000000	0.0100000000	0.0001000000	10	100	0	0.655575
2836000	-0.8000000000	0.0100000000	0.0001000000	10	100	0	0.655575
2837000	-0.8000000000	0.0100000000	0.0001000000	10	100	0	0.655575
2838000	-0.8000000000	0.0100000000	0.0001000000	10	100	0	0.655575
2839000	-0.8000000000	0.0100000000	0.0001000000	10	100	0	0.655575
2840000	-0.8000000000	0.0100000000	0.0001000000	10	100	0	0.655575
2841000	-0.8000000000	0.0100000000	0.0001000000	10	100	0	0.655575
2842000	-0.8000000000	0.0100000000	0.0001000000	10	100	0	0.655575
2843000	-0.8000000000	0.0100000000	0.0001000000	10	100	0	0.655575
2844000	-0.8000000000	0.0100000000	0.0001000000	10	100	0	0.655575
2845000	-0.8000000000	0.0100000000	0.0001000000	10	100	0	0.655575
2846000	-0.8000000000	0.0100000000	0.0001000000	10	100	0	0.655575
2847000	-0.8000000000	0.0100000000	0.0001000000	10	100	0	0.655575
2848000	-0.8000000000	0.0100000000	0.0001000000	10	100	0	0.655575
2849000	-0.8000000000	0.0100000000	0.0001000000	10	100	0	0.655575
2850000	-0.8000000000	0.0100000000	0.0001000000	10	100	0	0.655575
2851000	-0.8000000000	0.0100000000	0.0001000000	10	100	0	0.655575
2852000	-0.8000000000	0.0100000000	0.0001000000	10	100	0	0.655575
2853000	-0.8000000000	0.0100000000	0.0001000000	10	100	0	0.655575
2854000	-0.8000000000	0.0100000000	0.0001000000	10	100	0	0.655575
2855000	-0.8000000000	0.0100000000	0.0001000000	10	100	0	0.593357
2856000	-0.8000000000	0.0100000000	0.0001000000	10	100	0	0.593357
2857000	-0.8000000000	0.0100000000	0.0001000000	10	100	0	0.593357
2858000	-0.8000000000	0.0100000000	0.0001000000	10	100	0	0.593357
2859000	-0.8000000000	0.0100000000	0.0001000000	10	100	0	0.593357
2860000	-0.8000000000	0.0100000000	0.0001000000	10	100	0	0.593357
2861000	-0.8000000000	0.0100000000	0.0001000000	10	100	0	0.593357
2862000	-0.8000000000	0.0100000000	0.0001000000	10	100	0	0.593357
2863000	-0.8000000000	0.0100000000	0.0001000000	10	100	0	0.593357
2864000	-0.8000000000	0.0100000000	0.0001000000	10	100	0	0.593357
2865000	-0.8000000000	0.0100000000	0.0001000000	10	100	0	0.593357
2866000	-0.8000000000	0.0100000000	0.0001000000	10	100	0	0.593357
2867000	-0.8000000000	0.0100000000	0.0001000000	10	100	0	0.593357
2868000	-0.8000000000	0.0100000000	0.0001000000	10	100	0	0.593357
2869000	-0.8000000000	0.0100000000	0.0001000000	10	100	0	0.593357
2870000	-0.8000000000	0.0100000000	0.0001000000	10	100	0	0.593357
2871000	-0.8000000000	0.0100000000	0.0001000000	10	100	0	0.593357
2872000	-0.8000000000	0.0100000000	0.0001000000	10	100	0	0.593357
2873000	-0.8000000000	0.0100000000	0.0001000000	10	100	0	0.593357
2874000	-0.8000000000	0.0100000000	0.0001000000	10	100	0	0.593357
2875000	-0.8000000000	0.0100000000	0.0001000000	10	100	0	0.593357
2876000	-0.8000000000	0.0100000000	0.0001000000	10	100	0	0.593357
2877000	-0.8000000000	0.0100000000	0.0001000000	10	100	0	0.593357
2878000	-0.8000000000	0.0100000000	0.0001000000	10	100	0	0.593357
2879000	-0.8000000000	0.0100000000	0.0001000000	10	100	0	0.593357
2880000	-0.8000000000	0.0100000000	0.0001000000	10	100	0	0.593357
2881000	-0.8000000000	0.0100000000	0.0001000000	10	100	0	0.593357
2882000	-0.8000000000	0.0100000000	0.0001000000	10	100	0	0.593357
2883000	-0.8000000000	0.0100000000	0.0001000000	10	100	0	0.593357
2884000	-0.8000000000	0.0100000000	0.0001000000	10	100	0	0.593357
2885000	-0.8000000000	0.0100000000	0.0001000000	10	100	0	0.593357
2886000	-0.8000000000	0.0100000000	0.0001000000	10	100	0	0.593357
2887000	-0.8000000000	0.0100000000	0.0001000000	10	100	0	0.593357
2888000	-0.8000000000	0.0100000000	0.0001000000	10	100	0	0.593357
2889000	-0.8000000000	0.0100000000	0.0001000000	10	100	0	0.593357
2890000	-0.8000000000	0.0100000000	0.0001000000	10	100	0	0.593357
2891000	-0.8000000000	0.0100000000	0.0001000000	10	100	0	0.593357
2892000	-0.8000000000	0.0100000000	0.0001000000	10	100	0	0.593357
2893000	-0.8000000000	0.0100000000	0.0001000000	10	100	0	0.593357
2894000	-0.8000000000	0.0100000000	0.0001000000	10	100	0	0.593357
2895000	-0.8000000000	0.0100000000	0.0001000000	10	100	0	0.593357
2896000	-0.8000000000	0.0100000000	0.0001000000	10	100	0	0.593357
2897000	-0.8000000000	0.0100000000	0.0001000000	10	100	0	0.593357
2898000	-0.8000000000	0.0100000000	0.0001000000	10	100	0	0.593357
2899000	-0.8000000000	0.0100000000	0.0001000000	10	100	0	0.593357
2900000	-0.8000000000	0.0100000000	0.0001000000	10	100	0	0.593357
2901000	-0.8000000000	0.0100000000	0.0001000000	10	100	0	0.593357
2902000	-0.8000000000	0.0100000000	0.0001000000	10	100	0	0.593357
2903000	-0.8000000000	0.0100000000	0.0001000000	10	100	0	0.593357
2904000	-0.8000000000	0.0100000000	0.0001000000	10	100	0	0.593357
2905000	-0.8000000000	0.0100000000	0.0001000000	10	100	0	0.593357
2906000	-0.8000000000	0.0100000000	0.0001000000	10	100	0	0.593357
2907000	-0.8000000000	0.0100000000	0.0001000000	10	100	0	0.593357
2908000	-0.8000000000	0.0100000000	0.0001000000	10	100	0	0.593357
2909000	-0.8000000000	0.0100000000	0.0001000000	10	100	0	0.593357
2910000	-0.8000000000	0.0100000000	0.0001000000	10	100	0	0.593357
2911000	-0.8000000000	0.0100000000	0.0001000000	10	100	0	0.593357
2912000	-0.8000000000	0.0100000000	0.0001000000	10	100	0	0.593357
2913000	-0.8000000000	0.0100000000	0.0001000000	10	100	0	0.593357
2914000	-0.8000000000	0.0100000000	0.0001000000	10	100	0	0.593357
2915000	-0.8000000000	0.0100000000	0.0001000000	10	100	0	0.593357
2916000	-0.8000000000	0.0100000000	0.0001000000	10	100	0	0.593357
2917000	-0.8000000000	0.0100000000	0.0001000000	10	100	0	0.581102
2918000	-0.8000000000	0.0100000000	0.0001000000	10	100	0	0.593357
2919000	-0.8000000000	0.0100000000	0.0001000000	10	100	0	0.593357
2920000	-0.8000000000	0.0100000000	0.0001000000	10	100	0	0.593357
2921000	-0.8000000000	0.0100000000	0.0001000000	10	100	0	0.593357
2922000	-0.8000000000	0.0100000000	0.0001000000	10	100	0	0.593357
2923000	-0.8000000000	0.0100000000	0.0001000000	10	100	0	0.593357
2924000	-0.8000000000	0.0100000000	0.0001000000	10	100	0	0.593357
2925000	-0.8000000000	0.0100000000	0.0001000000	10	100	0	0.472819
2926000	-0.8000000000	0.0100000000	0.0001000000	10	100	0	0.472819
2927000	-0.8000000000	0.0100000000	0.0001000000	10	100	0	0.472819
2928000	-0.8000000000	0.0100000000	0.0001000000	10	100	0	0.472819
2929000	-0.8000000000	0.0100000000	0.0001000000	10	100	0	0.472819
2930000	-0.8000000000	0.0100000000	0.0001000000	10	100	0	0.472819
2931000	-0.8000000000	0.0100000000	0.0001000000	10	100	0	0.472819
2932000	-0.8000000000	0.0100000000	0.0001000000	10	100	0	0.472819
2933000	-0.8000000000	0.0100000000	0.0001000000	10	100	0	0.416427
2934000	-0.8000000000	0.0100000000	0.0001000000	10	100	0	0.416427
2935000	-0.8000000000	0.0100000000	0.0001000000	10	100	0	0.416427
2936000	-0.8000000000	0.0100000000	0.0001000000	10	100	0	0.416427
2937000	-0.8000000000	0.0100000000	0.0001000000	10	100	0	0.416427
2938000	-0.8000000000	0.0100000000	0.0001000000	10	100	0	0.416427
2939000	-0.8000000000	0.0100000000	0.0001000000	10	100	0	0.416427
2940000	-0.8000000000	0.0100000000	0.0001000000	10	100	0	0.416427
2941000	-0.8000000000	0.0100000000	0.0001000000	10	100	0	0.461540
2942000	-0.8000000000	0.0100000000	0.0001000000	10	100	0	0.472819
2943000	-0.8000000000	0.0100000000	0.0001000000	10	100	0	0.472819
2944000	-0.8000000000	0.0100000000	0.0001000000	10	100	0	0.472819
2945000	-0.8000000000	0.0100000000	0.0001000000	10	100	0	0.472819
2946000	-0.8000000000	0.0100000000	0.0001000000	10	100	0	0.472819
2947000	-0.8000000000	0.0100000000	0.0001000000	10	100	0	0.472819
2948000	-0.8000000000	0.0100000000	0.0001000000	10	100	0	0.472819
2949000	-0.8000000000	0.0100000000	0.0001000000	10	100	0	0.472819
2950000	-0.8000000000	0.0100000000	0.0001000000	10	100	0	0.472819
2951000	-0.8000000000	0.0100000000	0.0001000000	10	100	0	0.472819
2952000	-0.8000000000	0.0100000000	0.0001000000	10	100	0	0.472819
2953000	-0.8000000000	0.0100000000	0.0001000000	10	100	0	0.472819
2954000	-0.8000000000	0.0100000000	0.0001000000	10	100	0	0.472819
2955000	-0.8000000000	0.0100000000	0.0001000000	10	100	0	0.472819
2956000	-0.8000000000	0.0100000000	0.0001000000	10	100	0	0.472819
2957000	-0.8000000000	0.0100000000	0.0001000000	10	100	0	0.472819
2958000	-0.8000000000	0.0100000000	0.0001000000	10	100	0	0.532082
2959000	-0.8000000000	0.0100000000	0.0001000000	10	100	0	0.532082
2960000	-0.8000000000	0.0100000000	0.0001000000	10	100	0	0.532082
2961000	-0.8000000000	0.0100000000	0.0001000000	10	100	0	0.532082
2962000	-0.8000000000	0.0100000000	0.0001000000	10	100	0	0.532082
2963000	-0.8000000000	0.0100000000	0.0001000000	10	100	0	0.532082
2964000	-0.8000000000	0.0100000000	0.0001000000	10	100	0	0.532082
2965000	-0.8000000000	0.0100000000	0.0001000000	10	100	0	0.532082
2966000	-0.8000000000	0.0100000000	0.0001000000	10	100	0	0.532082
2967000	-0.8000000000	0.0100000000	0.0001000000	10	100	0	0.532082
2968000	-0.8000000000	0.0100000000	0.0001000000	10	100	0	0.532082
2969000	-0.8000000000	0.0100000000	0.0001000000	10	100	0	0.532082
2970000	-0.8000000000	0.0100000000	0.0001000000	10	100	0	0.532082
2971000	-0.8000000000	0.0100000000	0.0001000000	10	100	0	0.532082
2972000	-0.8000000000	0.0100000000	0.0001000000	10	100	0	0.532082
2973000	-0.8000000000	0.0100000000	0.0001000000	10	100	0	0.532082
2974000	-0.8000000000	0.0100000000	0.0001000000	10	100	0	0.532082
2975000	-0.8000000000	0.0100000000	0.0001000000	10	100	0	0.532082
2976000	-0.8000000000	0.0100000000	0.0001000000	10	100	0	0.532082
2977000	-0.8000000000	0.0100000000	0.0001000000	10	100	0	0.532082
2978000	-0.8000000000	0.0100000000	0.0001000000	10	100	0	0.532082
2979000	-0.8000000000	0.0100000000	0.0001000000	10	100	0	0.532082
2980000	-0.8000000000	0.0100000000	0.0001000000	10	100	0	0.532082
2981000	-0.8000000000	0.0100000000	0.0001000000	10	100	0	0.593357
2982000	-0.8000000000	0.0100000000	0.0001000000	10	100	0	0.593357
2983000	-0.8000000000	0.0100000000	0.0001000000	10	100	0	0.532082
2984000	-0.8000000000	0.0100000000	0.0001000000	10	100	0	0.532082
2985000	-0.8000000000	0.0100000000	0.0001000000	10	100	0	0.532082
2986000	-0.8000000000	0.0100000000	0.0001000000	10	100	0	0.532082
2987000	-0.8000000000	0.0100000000	0.0001000000	10	100	0	0.532082
2988000	-0.8000000000	0.0100000000	0.0001000000	10	100	0	0.532082
2989000	-0.8000000000	0.0100000000	0.0001000000	10	100	0	0.532082
2990000	-0.8000000000	0.0100000000	0.0001000000	10	100	0	0.532082
2991000	-0.8000000000	0.0100000000	0.0001000000	10	100	0	0.532082
2992000	-0.8000000000	0.0100000000	0.0001000000	10	100	0	0.532082
2993000	-0.8000000000	0.0100000000	0.0001000000	10	100	0	0.532082
2994000	-0.8000000000	0.0100000000	0.0001000000	10	100	0	0.532082
2995000	-0.8000000000	0.0100000000	0.0001000000	10	100	0	0.532082
2996000	-0.8000000000	0.0100000000	0.0001000000	10	100	0	0.532082
2997000	-0.8000000000	0.0100000000	0.0001000000	10	100	0	0.532082
2998000	-0.8000000000	0.0100000000	0.0001000000	10	100	0	0.532082
2999000	-0.8000000000	0.0100000000	0.0001000000	10	100	0	0.532082
3000000	-0.8000000000	0.0100000000	0.0001000000	10	100	0	0.532082
