time	epistasis_coef	sel_coef	mu_prob	Ne	L	k_start	mean_fitness
2000000	-0.6000000000	0.0001000000	0.0001000000	10	100	0	0.944225
2001000	-0.6000000000	0.0001000000	0.0001000000	10	100	0	0.944225
2002000	-0.6000000000	0.0001000000	0.0001000000	10	100	0	0.944225
2003000	-0.6000000000	0.0001000000	0.0001000000	10	100	0	0.944225
2004000	-0.6000000000	0.0001000000	0.0001000000	10	100	0	0.944225
2005000	-0.6000000000	0.0001000000	0.0001000000	10	100	0	0.942581
2006000	-0.6000000000	0.0001000000	0.0001000000	10	100	0	0.942581
2007000	-0.6000000000	0.0001000000	0.0001000000	10	100	0	0.942581
2008000	-0.6000000000	0.0001000000	0.0001000000	10	100	0	0.942581
2009000	-0.6000000000	0.0001000000	0.0001000000	10	100	0	0.942581
2010000	-0.6000000000	0.0001000000	0.0001000000	10	100	0	0.942581
2011000	-0.6000000000	0.0001000000	0.0001000000	10	100	0	0.942581
2012000	-0.6000000000	0.0001000000	0.0001000000	10	100	0	0.942581
2013000	-0.6000000000	0.0001000000	0.0001000000	10	100	0	0.942581
2014000	-0.6000000000	0.0001000000	0.0001000000	10	100	0	0.942581
2015000	-0.6000000000	0.0001000000	0.0001000000	10	100	0	0.942581
2016000	-0.6000000000	0.0001000000	0.0001000000	10	100	0	0.942581
2017000	-0.6000000000	0.0001000000	0.0001000000	10	100	0	0.942581
2018000	-0.6000000000	0.0001000000	0.0001000000	10	100	0	0.942581
2019000	-0.6000000000	0.0001000000	0.0001000000	10	100	0	0.942581
2020000	-0.6000000000	0.0001000000	0.0001000000	10	100	0	0.942581
2021000	-0.6000000000	0.0001000000	0.0001000000	10	100	0	0.940922
2022000	-0.6000000000	0.0001000000	0.0001000000	10	100	0	0.940922
2023000	-0.6000000000	0.0001000000	0.0001000000	10	100	0	0.940922
2024000	-0.6000000000	0.0001000000	0.0001000000	10	100	0	0.940922
2025000	-0.6000000000	0.0001000000	0.0001000000	10	100	0	0.940922
2026000	-0.6000000000	0.0001000000	0.0001000000	10	100	0	0.940922
2027000	-0.6000000000	0.0001000000	0.0001000000	10	100	0	0.940922
2028000	-0.6000000000	0.0001000000	0.0001000000	10	100	0	0.939248
2029000	-0.6000000000	0.0001000000	0.0001000000	10	100	0	0.939248
2030000	-0.6000000000	0.0001000000	0.0001000000	10	100	0	0.939248
2031000	-0.6000000000	0.0001000000	0.0001000000	10	100	0	0.937558
2032000	-0.6000000000	0.0001000000	0.0001000000	10	100	0	0.937558
2033000	-0.6000000000	0.0001000000	0.0001000000	10	100	0	0.937558
2034000	-0.6000000000	0.0001000000	0.0001000000	10	100	0	0.937558
2035000	-0.6000000000	0.0001000000	0.0001000000	10	100	0	0.937558
2036000	-0.6000000000	0.0001000000	0.0001000000	10	100	0	0.937558
2037000	-0.6000000000	0.0001000000	0.0001000000	10	100	0	0.937558
2038000	-0.6000000000	0.0001000000	0.0001000000	10	100	0	0.937558
2039000	-0.6000000000	0.0001000000	0.0001000000	10	100	0	0.937558
2040000	-0.6000000000	0.0001000000	0.0001000000	10	100	0	0.937558
2041000	-0.6000000000	0.0001000000	0.0001000000	10	100	0	0.937558
2042000	-0.6000000000	0.0001000000	0.0001000000	10	100	0	0.937558
2043000	-0.6000000000	0.0001000000	0.0001000000	10	100	0	0.937558
2044000	-0.6000000000	0.0001000000	0.0001000000	10	100	0	0.937558
2045000	-0.6000000000	0.0001000000	0.0001000000	10	100	0	0.937558
2046000	-0.6000000000	0.0001000000	0.0001000000	10	100	0	0.937558
2047000	-0.6000000000	0.0001000000	0.0001000000	10	100	0	0.937558
2048000	-0.6000000000	0.0001000000	0.0001000000	10	100	0	0.937558
2049000	-0.6000000000	0.0001000000	0.0001000000	10	100	0	0.937558
2050000	-0.6000000000	0.0001000000	0.0001000000	10	100	0	0.937558
2051000	-0.6000000000	0.0001000000	0.0001000000	10	100	0	0.939248
2052000	-0.6000000000	0.0001000000	0.0001000000	10	100	0	0.940922
2053000	-0.6000000000	0.0001000000	0.0001000000	10	100	0	0.942581
2054000	-0.6000000000	0.0001000000	0.0001000000	10	100	0	0.942581
2055000	-0.6000000000	0.0001000000	0.0001000000	10	100	0	0.942581
2056000	-0.6000000000	0.0001000000	0.0001000000	10	100	0	0.942581
2057000	-0.6000000000	0.0001000000	0.0001000000	10	100	0	0.942581
2058000	-0.6000000000	0.0001000000	0.0001000000	10	100	0	0.942581
2059000	-0.6000000000	0.0001000000	0.0001000000	10	100	0	0.942581
2060000	-0.6000000000	0.0001000000	0.0001000000	10	100	0	0.942581
2061000	-0.6000000000	0.0001000000	0.0001000000	10	100	0	0.942581
2062000	-0.6000000000	0.0001000000	0.0001000000	10	100	0	0.942581
2063000	-0.6000000000	0.0001000000	0.0001000000	10	100	0	0.942581
2064000	-0.6000000000	0.0001000000	0.0001000000	10	100	0	0.942581
2065000	-0.6000000000	0.0001000000	0.0001000000	10	100	0	0.942581
2066000	-0.6000000000	0.0001000000	0.0001000000	10	100	0	0.942581
2067000	-0.6000000000	0.0001000000	0.0001000000	10	100	0	0.942581
2068000	-0.6000000000	0.0001000000	0.0001000000	10	100	0	0.942581
2069000	-0.6000000000	0.0001000000	0.0001000000	10	100	0	0.942581
2070000	-0.6000000000	0.0001000000	0.0001000000	10	100	0	0.942581
2071000	-0.6000000000	0.0001000000	0.0001000000	10	100	0	0.942581
2072000	-0.6000000000	0.0001000000	0.0001000000	10	100	0	0.942581
2073000	-0.6000000000	0.0001000000	0.0001000000	10	100	0	0.942581
2074000	-0.6000000000	0.0001000000	0.0001000000	10	100	0	0.942581
2075000	-0.6000000000	0.0001000000	0.0001000000	10	100	0	0.944225
2076000	-0.6000000000	0.0001000000	0.0001000000	10	100	0	0.944225
2077000	-0.6000000000	0.0001000000	0.0001000000	10	100	0	0.944225
2078000	-0.6000000000	0.0001000000	0.0001000000	10	100	0	0.944225
2079000	-0.6000000000	0.0001000000	0.0001000000	10	100	0	0.944225
2080000	-0.6000000000	0.0001000000	0.0001000000	10	100	0	0.944225
2081000	-0.6000000000	0.0001000000	0.0001000000	10	100	0	0.944225
2082000	-0.6000000000	0.0001000000	0.0001000000	10	100	0	0.944225
2083000	-0.6000000000	0.0001000000	0.0001000000	10	100	0	0.944225
2084000	-0.6000000000	0.0001000000	0.0001000000	10	100	0	0.944225
2085000	-0.6000000000	0.0001000000	0.0001000000	10	100	0	0.944225
2086000	-0.6000000000	0.0001000000	0.0001000000	10	100	0	0.944225
2087000	-0.6000000000	0.0001000000	0.0001000000	10	100	0	0.944225
2088000	-0.6000000000	0.0001000000	0.0001000000	10	100	0	0.944225
2089000	-0.6000000000	0.0001000000	0.0001000000	10	100	0	0.944225
2090000	-0.6000000000	0.0001000000	0.0001000000	10	100	0	0.944225
2091000	-0.6000000000	0.0001000000	0.0001000000	10	100	0	0.944225
2092000	-0.6000000000	0.0001000000	0.0001000000	10	100	0	0.944225
2093000	-0.6000000000	0.0001000000	0.0001000000	10	100	0	0.944225
2094000	-0.6000000000	0.0001000000	0.0001000000	10	100	0	0.944225
2095000	-0.6000000000	0.0001000000	0.0001000000	10	100	0	0.944225
2096000	-0.6000000000	0.0001000000	0.0001000000	10	100	0	0.942581
2097000	-0.6000000000	0.0001000000	0.0001000000	10	100	0	0.942581
2098000	-0.6000000000	0.0001000000	0.0001000000	10	100	0	0.942581
2099000	-0.6000000000	0.0001000000	0.0001000000	10	100	0	0.942581
2100000	-0.6000000000	0.0001000000	0.0001000000	10	100	0	0.942581
2101000	-0.6000000000	0.0001000000	0.0001000000	10	100	0	0.942581
2102000	-0.6000000000	0.0001000000	0.0001000000	10	100	0	0.944225
2103000	-0.6000000000	0.0001000000	0.0001000000	10	100	0	0.945853
2104000	-0.6000000000	0.0001000000	0.0001000000	10	100	0	0.945853
2105000	-0.6000000000	0.0001000000	0.0001000000	10	100	0	0.945853
2106000	-0.6000000000	0.0001000000	0.0001000000	10	100	0	0.945853
2107000	-0.6000000000	0.0001000000	0.0001000000	10	100	0	0.947465
2108000	-0.6000000000	0.0001000000	0.0001000000	10	100	0	0.947465
2109000	-0.6000000000	0.0001000000	0.0001000000	10	100	0	0.947465
2110000	-0.6000000000	0.0001000000	0.0001000000	10	100	0	0.947465
2111000	-0.6000000000	0.0001000000	0.0001000000	10	100	0	0.947465
2112000	-0.6000000000	0.0001000000	0.0001000000	10	100	0	0.947465
2113000	-0.6000000000	0.0001000000	0.0001000000	10	100	0	0.947465
2114000	-0.6000000000	0.0001000000	0.0001000000	10	100	0	0.947465
2115000	-0.6000000000	0.0001000000	0.0001000000	10	100	0	0.947465
2116000	-0.6000000000	0.0001000000	0.0001000000	10	100	0	0.945853
2117000	-0.6000000000	0.0001000000	0.0001000000	10	100	0	0.945853
2118000	-0.6000000000	0.0001000000	0.0001000000	10	100	0	0.944225
2119000	-0.6000000000	0.0001000000	0.0001000000	10	100	0	0.945853
2120000	-0.6000000000	0.0001000000	0.0001000000	10	100	0	0.945853
2121000	-0.6000000000	0.0001000000	0.0001000000	10	100	0	0.945853
2122000	-0.6000000000	0.0001000000	0.0001000000	10	100	0	0.945853
2123000	-0.6000000000	0.0001000000	0.0001000000	10	100	0	0.945853
2124000	-0.6000000000	0.0001000000	0.0001000000	10	100	0	0.944225
2125000	-0.6000000000	0.0001000000	0.0001000000	10	100	0	0.944225
2126000	-0.6000000000	0.0001000000	0.0001000000	10	100	0	0.944225
2127000	-0.6000000000	0.0001000000	0.0001000000	10	100	0	0.944225
2128000	-0.6000000000	0.0001000000	0.0001000000	10	100	0	0.944225
2129000	-0.6000000000	0.0001000000	0.0001000000	10	100	0	0.944225
2130000	-0.6000000000	0.0001000000	0.0001000000	10	100	0	0.944225
2131000	-0.6000000000	0.0001000000	0.0001000000	10	100	0	0.945853
2132000	-0.6000000000	0.0001000000	0.0001000000	10	100	0	0.945853
2133000	-0.6000000000	0.0001000000	0.0001000000	10	100	0	0.945853
2134000	-0.6000000000	0.0001000000	0.0001000000	10	100	0	0.945853
2135000	-0.6000000000	0.0001000000	0.0001000000	10	100	0	0.945853
2136000	-0.6000000000	0.0001000000	0.0001000000	10	100	0	0.945853
2137000	-0.6000000000	0.0001000000	0.0001000000	10	100	0	0.945853
2138000	-0.6000000000	0.0001000000	0.0001000000	10	100	0	0.945853
2139000	-0.6000000000	0.0001000000	0.0001000000	10	100	0	0.945853
2140000	-0.6000000000	0.0001000000	0.0001000000	10	100	0	0.945853
2141000	-0.6000000000	0.0001000000	0.0001000000	10	100	0	0.945853
2142000	-0.6000000000	0.0001000000	0.0001000000	10	100	0	0.945853
2143000	-0.6000000000	0.0001000000	0.0001000000	10	100	0	0.945853
2144000	-0.6000000000	0.0001000000	0.0001000000	10	100	0	0.944225
2145000	-0.6000000000	0.0001000000	0.0001000000	10	100	0	0.944225
2146000	-0.6000000000	0.0001000000	0.0001000000	10	100	0	0.944225
2147000	-0.6000000000	0.0001000000	0.0001000000	10	100	0	0.945853
2148000	-0.6000000000	0.0001000000	0.0001000000	10	100	0	0.945853
2149000	-0.6000000000	0.0001000000	0.0001000000	10	100	0	0.945853
2150000	-0.6000000000	0.0001000000	0.0001000000	10	100	0	0.945853
2151000	-0.6000000000	0.0001000000	0.0001000000	10	100	0	0.945853
2152000	-0.6000000000	0.0001000000	0.0001000000	10	100	0	0.945853
2153000	-0.6000000000	0.0001000000	0.0001000000	10	100	0	0.945853
2154000	-0.6000000000	0.0001000000	0.0001000000	10	100	0	0.945853
2155000	-0.6000000000	0.0001000000	0.0001000000	10	100	0	0.945853
2156000	-0.6000000000	0.0001000000	0.0001000000	10	100	0	0.945853
2157000	-0.6000000000	0.0001000000	0.0001000000	10	100	0	0.947465
2158000	-0.6000000000	0.0001000000	0.0001000000	10	100	0	0.947465
2159000	-0.6000000000	0.0001000000	0.0001000000	10	100	0	0.947465
2160000	-0.6000000000	0.0001000000	0.0001000000	10	100	0	0.947465
2161000	-0.6000000000	0.0001000000	0.0001000000	10	100	0	0.947465
2162000	-0.6000000000	0.0001000000	0.0001000000	10	100	0	0.947465
2163000	-0.6000000000	0.0001000000	0.0001000000	10	100	0	0.947465
2164000	-0.6000000000	0.0001000000	0.0001000000	10	100	0	0.947465
2165000	-0.6000000000	0.0001000000	0.0001000000	10	100	0	0.947465
2166000	-0.6000000000	0.0001000000	0.0001000000	10	100	0	0.947465
2167000	-0.6000000000	0.0001000000	0.0001000000	10	100	0	0.947465
2168000	-0.6000000000	0.0001000000	0.0001000000	10	100	0	0.947465
2169000	-0.6000000000	0.0001000000	0.0001000000	10	100	0	0.947465
2170000	-0.6000000000	0.0001000000	0.0001000000	10	100	0	0.947465
2171000	-0.6000000000	0.0001000000	0.0001000000	10	100	0	0.945853
2172000	-0.6000000000	0.0001000000	0.0001000000	10	100	0	0.945853
2173000	-0.6000000000	0.0001000000	0.0001000000	10	100	0	0.945853
2174000	-0.6000000000	0.0001000000	0.0001000000	10	100	0	0.945853
2175000	-0.6000000000	0.0001000000	0.0001000000	10	100	0	0.945853
2176000	-0.6000000000	0.0001000000	0.0001000000	10	100	0	0.945853
2177000	-0.6000000000	0.0001000000	0.0001000000	10	100	0	0.945853
2178000	-0.6000000000	0.0001000000	0.0001000000	10	100	0	0.945853
2179000	-0.6000000000	0.0001000000	0.0001000000	10	100	0	0.945853
2180000	-0.6000000000	0.0001000000	0.0001000000	10	100	0	0.945853
2181000	-0.6000000000	0.0001000000	0.0001000000	10	100	0	0.945853
2182000	-0.6000000000	0.0001000000	0.0001000000	10	100	0	0.945853
2183000	-0.6000000000	0.0001000000	0.0001000000	10	100	0	0.945853
2184000	-0.6000000000	0.0001000000	0.0001000000	10	100	0	0.945853
2185000	-0.6000000000	0.0001000000	0.0001000000	10	100	0	0.945853
2186000	-0.6000000000	0.0001000000	0.0001000000	10	100	0	0.945853
2187000	-0.6000000000	0.0001000000	0.0001000000	10	100	0	0.947465
2188000	-0.6000000000	0.0001000000	0.0001000000	10	100	0	0.947465
2189000	-0.6000000000	0.0001000000	0.0001000000	10	100	0	0.947465
2190000	-0.6000000000	0.0001000000	0.0001000000	10	100	0	0.947465
2191000	-0.6000000000	0.0001000000	0.0001000000	10	100	0	0.947465
2192000	-0.6000000000	0.0001000000	0.0001000000	10	100	0	0.947465
2193000	-0.6000000000	0.0001000000	0.0001000000	10	100	0	0.947465
2194000	-0.6000000000	0.0001000000	0.0001000000	10	100	0	0.947465
2195000	-0.6000000000	0.0001000000	0.0001000000	10	100	0	0.947465
2196000	-0.6000000000	0.0001000000	0.0001000000	10	100	0	0.949061
2197000	-0.6000000000	0.0001000000	0.0001000000	10	100	0	0.949061
2198000	-0.6000000000	0.0001000000	0.0001000000	10	100	0	0.949061
2199000	-0.6000000000	0.0001000000	0.0001000000	10	100	0	0.949061
2200000	-0.6000000000	0.0001000000	0.0001000000	10	100	0	0.949061
2201000	-0.6000000000	0.0001000000	0.0001000000	10	100	0	0.949061
2202000	-0.6000000000	0.0001000000	0.0001000000	10	100	0	0.949061
2203000	-0.6000000000	0.0001000000	0.0001000000	10	100	0	0.949061
2204000	-0.6000000000	0.0001000000	0.0001000000	10	100	0	0.949061
2205000	-0.6000000000	0.0001000000	0.0001000000	10	100	0	0.949061
2206000	-0.6000000000	0.0001000000	0.0001000000	10	100	0	0.949061
2207000	-0.6000000000	0.0001000000	0.0001000000	10	100	0	0.949061
2208000	-0.6000000000	0.0001000000	0.0001000000	10	100	0	0.949061
2209000	-0.6000000000	0.0001000000	0.0001000000	10	100	0	0.950641
2210000	-0.6000000000	0.0001000000	0.0001000000	10	100	0	0.950641
2211000	-0.6000000000	0.0001000000	0.0001000000	10	100	0	0.950641
2212000	-0.6000000000	0.0001000000	0.0001000000	10	100	0	0.950641
2213000	-0.6000000000	0.0001000000	0.0001000000	10	100	0	0.950641
2214000	-0.6000000000	0.0001000000	0.0001000000	10	100	0	0.950641
2215000	-0.6000000000	0.0001000000	0.0001000000	10	100	0	0.950641
2216000	-0.6000000000	0.0001000000	0.0001000000	10	100	0	0.950641
2217000	-0.6000000000	0.0001000000	0.0001000000	10	100	0	0.950641
2218000	-0.6000000000	0.0001000000	0.0001000000	10	100	0	0.950641
2219000	-0.6000000000	0.0001000000	0.0001000000	10	100	0	0.950641
2220000	-0.6000000000	0.0001000000	0.0001000000	10	100	0	0.950641
2221000	-0.6000000000	0.0001000000	0.0001000000	10	100	0	0.950641
2222000	-0.6000000000	0.0001000000	0.0001000000	10	100	0	0.950641
2223000	-0.6000000000	0.0001000000	0.0001000000	10	100	0	0.949061
2224000	-0.6000000000	0.0001000000	0.0001000000	10	100	0	0.949061
2225000	-0.6000000000	0.0001000000	0.0001000000	10	100	0	0.949061
2226000	-0.6000000000	0.0001000000	0.0001000000	10	100	0	0.949061
2227000	-0.6000000000	0.0001000000	0.0001000000	10	100	0	0.949061
2228000	-0.6000000000	0.0001000000	0.0001000000	10	100	0	0.949061
2229000	-0.6000000000	0.0001000000	0.0001000000	10	100	0	0.949061
2230000	-0.6000000000	0.0001000000	0.0001000000	10	100	0	0.949061
2231000	-0.6000000000	0.0001000000	0.0001000000	10	100	0	0.949061
2232000	-0.6000000000	0.0001000000	0.0001000000	10	100	0	0.949061
2233000	-0.6000000000	0.0001000000	0.0001000000	10	100	0	0.949061
2234000	-0.6000000000	0.0001000000	0.0001000000	10	100	0	0.949061
2235000	-0.6000000000	0.0001000000	0.0001000000	10	100	0	0.949061
2236000	-0.6000000000	0.0001000000	0.0001000000	10	100	0	0.949061
2237000	-0.6000000000	0.0001000000	0.0001000000	10	100	0	0.949061
2238000	-0.6000000000	0.0001000000	0.0001000000	10	100	0	0.949061
2239000	-0.6000000000	0.0001000000	0.0001000000	10	100	0	0.949061
2240000	-0.6000000000	0.0001000000	0.0001000000	10	100	0	0.949061
2241000	-0.6000000000	0.0001000000	0.0001000000	10	100	0	0.949061
2242000	-0.6000000000	0.0001000000	0.0001000000	10	100	0	0.950641
2243000	-0.6000000000	0.0001000000	0.0001000000	10	100	0	0.950641
2244000	-0.6000000000	0.0001000000	0.0001000000	10	100	0	0.950641
2245000	-0.6000000000	0.0001000000	0.0001000000	10	100	0	0.950641
2246000	-0.6000000000	0.0001000000	0.0001000000	10	100	0	0.950641
2247000	-0.6000000000	0.0001000000	0.0001000000	10	100	0	0.950641
2248000	-0.6000000000	0.0001000000	0.0001000000	10	100	0	0.950641
2249000	-0.6000000000	0.0001000000	0.0001000000	10	100	0	0.949061
2250000	-0.6000000000	0.0001000000	0.0001000000	10	100	0	0.949061
2251000	-0.6000000000	0.0001000000	0.0001000000	10	100	0	0.947465
2252000	-0.6000000000	0.0001000000	0.0001000000	10	100	0	0.947465
2253000	-0.6000000000	0.0001000000	0.0001000000	10	100	0	0.947465
2254000	-0.6000000000	0.0001000000	0.0001000000	10	100	0	0.947465
2255000	-0.6000000000	0.0001000000	0.0001000000	10	100	0	0.947465
2256000	-0.6000000000	0.0001000000	0.0001000000	10	100	0	0.947465
2257000	-0.6000000000	0.0001000000	0.0001000000	10	100	0	0.947465
2258000	-0.6000000000	0.0001000000	0.0001000000	10	100	0	0.947465
2259000	-0.6000000000	0.0001000000	0.0001000000	10	100	0	0.947465
2260000	-0.6000000000	0.0001000000	0.0001000000	10	100	0	0.947465
2261000	-0.6000000000	0.0001000000	0.0001000000	10	100	0	0.947465
2262000	-0.6000000000	0.0001000000	0.0001000000	10	100	0	0.949061
2263000	-0.6000000000	0.0001000000	0.0001000000	10	100	0	0.949061
2264000	-0.6000000000	0.0001000000	0.0001000000	10	100	0	0.949061
2265000	-0.6000000000	0.0001000000	0.0001000000	10	100	0	0.949061
2266000	-0.6000000000	0.0001000000	0.0001000000	10	100	0	0.949061
2267000	-0.6000000000	0.0001000000	0.0001000000	10	100	0	0.949061
2268000	-0.6000000000	0.0001000000	0.0001000000	10	100	0	0.949061
2269000	-0.6000000000	0.0001000000	0.0001000000	10	100	0	0.948902
2270000	-0.6000000000	0.0001000000	0.0001000000	10	100	0	0.949061
2271000	-0.6000000000	0.0001000000	0.0001000000	10	100	0	0.949061
2272000	-0.6000000000	0.0001000000	0.0001000000	10	100	0	0.947465
2273000	-0.6000000000	0.0001000000	0.0001000000	10	100	0	0.947465
2274000	-0.6000000000	0.0001000000	0.0001000000	10	100	0	0.945853
2275000	-0.6000000000	0.0001000000	0.0001000000	10	100	0	0.945853
2276000	-0.6000000000	0.0001000000	0.0001000000	10	100	0	0.945853
2277000	-0.6000000000	0.0001000000	0.0001000000	10	100	0	0.945853
2278000	-0.6000000000	0.0001000000	0.0001000000	10	100	0	0.946014
2279000	-0.6000000000	0.0001000000	0.0001000000	10	100	0	0.945853
2280000	-0.6000000000	0.0001000000	0.0001000000	10	100	0	0.945853
2281000	-0.6000000000	0.0001000000	0.0001000000	10	100	0	0.945853
2282000	-0.6000000000	0.0001000000	0.0001000000	10	100	0	0.945853
2283000	-0.6000000000	0.0001000000	0.0001000000	10	100	0	0.945853
2284000	-0.6000000000	0.0001000000	0.0001000000	10	100	0	0.945853
2285000	-0.6000000000	0.0001000000	0.0001000000	10	100	0	0.945853
2286000	-0.6000000000	0.0001000000	0.0001000000	10	100	0	0.945853
2287000	-0.6000000000	0.0001000000	0.0001000000	10	100	0	0.945853
2288000	-0.6000000000	0.0001000000	0.0001000000	10	100	0	0.944225
2289000	-0.6000000000	0.0001000000	0.0001000000	10	100	0	0.944225
2290000	-0.6000000000	0.0001000000	0.0001000000	10	100	0	0.944225
2291000	-0.6000000000	0.0001000000	0.0001000000	10	100	0	0.944225
2292000	-0.6000000000	0.0001000000	0.0001000000	10	100	0	0.944225
2293000	-0.6000000000	0.0001000000	0.0001000000	10	100	0	0.944225
2294000	-0.6000000000	0.0001000000	0.0001000000	10	100	0	0.944225
2295000	-0.6000000000	0.0001000000	0.0001000000	10	100	0	0.944225
2296000	-0.6000000000	0.0001000000	0.0001000000	10	100	0	0.944225
2297000	-0.6000000000	0.0001000000	0.0001000000	10	100	0	0.944225
2298000	-0.6000000000	0.0001000000	0.0001000000	10	100	0	0.945853
2299000	-0.6000000000	0.0001000000	0.0001000000	10	100	0	0.947465
2300000	-0.6000000000	0.0001000000	0.0001000000	10	100	0	0.947465
2301000	-0.6000000000	0.0001000000	0.0001000000	10	100	0	0.947465
2302000	-0.6000000000	0.0001000000	0.0001000000	10	100	0	0.947465
2303000	-0.6000000000	0.0001000000	0.0001000000	10	100	0	0.947465
2304000	-0.6000000000	0.0001000000	0.0001000000	10	100	0	0.947465
2305000	-0.6000000000	0.0001000000	0.0001000000	10	100	0	0.947465
2306000	-0.6000000000	0.0001000000	0.0001000000	10	100	0	0.947465
2307000	-0.6000000000	0.0001000000	0.0001000000	10	100	0	0.947465
2308000	-0.6000000000	0.0001000000	0.0001000000	10	100	0	0.947465
2309000	-0.6000000000	0.0001000000	0.0001000000	10	100	0	0.947465
2310000	-0.6000000000	0.0001000000	0.0001000000	10	100	0	0.947465
2311000	-0.6000000000	0.0001000000	0.0001000000	10	100	0	0.947465
2312000	-0.6000000000	0.0001000000	0.0001000000	10	100	0	0.947465
2313000	-0.6000000000	0.0001000000	0.0001000000	10	100	0	0.947465
2314000	-0.6000000000	0.0001000000	0.0001000000	10	100	0	0.947465
2315000	-0.6000000000	0.0001000000	0.0001000000	10	100	0	0.947465
2316000	-0.6000000000	0.0001000000	0.0001000000	10	100	0	0.947465
2317000	-0.6000000000	0.0001000000	0.0001000000	10	100	0	0.947465
2318000	-0.6000000000	0.0001000000	0.0001000000	10	100	0	0.947465
2319000	-0.6000000000	0.0001000000	0.0001000000	10	100	0	0.947465
2320000	-0.6000000000	0.0001000000	0.0001000000	10	100	0	0.947465
2321000	-0.6000000000	0.0001000000	0.0001000000	10	100	0	0.947465
2322000	-0.6000000000	0.0001000000	0.0001000000	10	100	0	0.947465
2323000	-0.6000000000	0.0001000000	0.0001000000	10	100	0	0.947465
2324000	-0.6000000000	0.0001000000	0.0001000000	10	100	0	0.947465
2325000	-0.6000000000	0.0001000000	0.0001000000	10	100	0	0.947465
2326000	-0.6000000000	0.0001000000	0.0001000000	10	100	0	0.947465
2327000	-0.6000000000	0.0001000000	0.0001000000	10	100	0	0.947465
2328000	-0.6000000000	0.0001000000	0.0001000000	10	100	0	0.947465
2329000	-0.6000000000	0.0001000000	0.0001000000	10	100	0	0.947465
2330000	-0.6000000000	0.0001000000	0.0001000000	10	100	0	0.947465
2331000	-0.6000000000	0.0001000000	0.0001000000	10	100	0	0.947465
2332000	-0.6000000000	0.0001000000	0.0001000000	10	100	0	0.947465
2333000	-0.6000000000	0.0001000000	0.0001000000	10	100	0	0.947465
2334000	-0.6000000000	0.0001000000	0.0001000000	10	100	0	0.947465
2335000	-0.6000000000	0.0001000000	0.0001000000	10	100	0	0.947465
2336000	-0.6000000000	0.0001000000	0.0001000000	10	100	0	0.947465
2337000	-0.6000000000	0.0001000000	0.0001000000	10	100	0	0.947465
2338000	-0.6000000000	0.0001000000	0.0001000000	10	100	0	0.947465
2339000	-0.6000000000	0.0001000000	0.0001000000	10	100	0	0.947465
2340000	-0.6000000000	0.0001000000	0.0001000000	10	100	0	0.945853
2341000	-0.6000000000	0.0001000000	0.0001000000	10	100	0	0.945853
2342000	-0.6000000000	0.0001000000	0.0001000000	10	100	0	0.945853
2343000	-0.6000000000	0.0001000000	0.0001000000	10	100	0	0.945853
2344000	-0.6000000000	0.0001000000	0.0001000000	10	100	0	0.945853
2345000	-0.6000000000	0.0001000000	0.0001000000	10	100	0	0.945853
2346000	-0.6000000000	0.0001000000	0.0001000000	10	100	0	0.945853
2347000	-0.6000000000	0.0001000000	0.0001000000	10	100	0	0.945853
2348000	-0.6000000000	0.0001000000	0.0001000000	10	100	0	0.945853
2349000	-0.6000000000	0.0001000000	0.0001000000	10	100	0	0.947465
2350000	-0.6000000000	0.0001000000	0.0001000000	10	100	0	0.945853
2351000	-0.6000000000	0.0001000000	0.0001000000	10	100	0	0.945853
2352000	-0.6000000000	0.0001000000	0.0001000000	10	100	0	0.945853
2353000	-0.6000000000	0.0001000000	0.0001000000	10	100	0	0.945853
2354000	-0.6000000000	0.0001000000	0.0001000000	10	100	0	0.945853
2355000	-0.6000000000	0.0001000000	0.0001000000	10	100	0	0.945853
2356000	-0.6000000000	0.0001000000	0.0001000000	10	100	0	0.945853
2357000	-0.6000000000	0.0001000000	0.0001000000	10	100	0	0.945853
2358000	-0.6000000000	0.0001000000	0.0001000000	10	100	0	0.945853
2359000	-0.6000000000	0.0001000000	0.0001000000	10	100	0	0.945853
2360000	-0.6000000000	0.0001000000	0.0001000000	10	100	0	0.945853
2361000	-0.6000000000	0.0001000000	0.0001000000	10	100	0	0.945853
2362000	-0.6000000000	0.0001000000	0.0001000000	10	100	0	0.945853
2363000	-0.6000000000	0.0001000000	0.0001000000	10	100	0	0.944225
2364000	-0.6000000000	0.0001000000	0.0001000000	10	100	0	0.944225
2365000	-0.6000000000	0.0001000000	0.0001000000	10	100	0	0.944225
2366000	-0.6000000000	0.0001000000	0.0001000000	10	100	0	0.944225
2367000	-0.6000000000	0.0001000000	0.0001000000	10	100	0	0.944225
2368000	-0.6000000000	0.0001000000	0.0001000000	10	100	0	0.944225
2369000	-0.6000000000	0.0001000000	0.0001000000	10	100	0	0.944225
2370000	-0.6000000000	0.0001000000	0.0001000000	10	100	0	0.944225
2371000	-0.6000000000	0.0001000000	0.0001000000	10	100	0	0.944225
2372000	-0.6000000000	0.0001000000	0.0001000000	10	100	0	0.944225
2373000	-0.6000000000	0.0001000000	0.0001000000	10	100	0	0.944225
2374000	-0.6000000000	0.0001000000	0.0001000000	10	100	0	0.944225
2375000	-0.6000000000	0.0001000000	0.0001000000	10	100	0	0.944225
2376000	-0.6000000000	0.0001000000	0.0001000000	10	100	0	0.944225
2377000	-0.6000000000	0.0001000000	0.0001000000	10	100	0	0.942581
2378000	-0.6000000000	0.0001000000	0.0001000000	10	100	0	0.942581
2379000	-0.6000000000	0.0001000000	0.0001000000	10	100	0	0.942581
2380000	-0.6000000000	0.0001000000	0.0001000000	10	100	0	0.942581
2381000	-0.6000000000	0.0001000000	0.0001000000	10	100	0	0.942581
2382000	-0.6000000000	0.0001000000	0.0001000000	10	100	0	0.942581
2383000	-0.6000000000	0.0001000000	0.0001000000	10	100	0	0.942581
2384000	-0.6000000000	0.0001000000	0.0001000000	10	100	0	0.942581
2385000	-0.6000000000	0.0001000000	0.0001000000	10	100	0	0.942581
2386000	-0.6000000000	0.0001000000	0.0001000000	10	100	0	0.942581
2387000	-0.6000000000	0.0001000000	0.0001000000	10	100	0	0.942581
2388000	-0.6000000000	0.0001000000	0.0001000000	10	100	0	0.942581
2389000	-0.6000000000	0.0001000000	0.0001000000	10	100	0	0.944225
2390000	-0.6000000000	0.0001000000	0.0001000000	10	100	0	0.944225
2391000	-0.6000000000	0.0001000000	0.0001000000	10	100	0	0.944225
2392000	-0.6000000000	0.0001000000	0.0001000000	10	100	0	0.944225
2393000	-0.6000000000	0.0001000000	0.0001000000	10	100	0	0.944225
2394000	-0.6000000000	0.0001000000	0.0001000000	10	100	0	0.944225
2395000	-0.6000000000	0.0001000000	0.0001000000	10	100	0	0.944225
2396000	-0.6000000000	0.0001000000	0.0001000000	10	100	0	0.944225
2397000	-0.6000000000	0.0001000000	0.0001000000	10	100	0	0.944225
2398000	-0.6000000000	0.0001000000	0.0001000000	10	100	0	0.944225
2399000	-0.6000000000	0.0001000000	0.0001000000	10	100	0	0.944225
2400000	-0.6000000000	0.0001000000	0.0001000000	10	100	0	0.944225
2401000	-0.6000000000	0.0001000000	0.0001000000	10	100	0	0.944225
2402000	-0.6000000000	0.0001000000	0.0001000000	10	100	0	0.944225
2403000	-0.6000000000	0.0001000000	0.0001000000	10	100	0	0.944225
2404000	-0.6000000000	0.0001000000	0.0001000000	10	100	0	0.944225
2405000	-0.6000000000	0.0001000000	0.0001000000	10	100	0	0.944225
2406000	-0.6000000000	0.0001000000	0.0001000000	10	100	0	0.944225
2407000	-0.6000000000	0.0001000000	0.0001000000	10	100	0	0.944225
2408000	-0.6000000000	0.0001000000	0.0001000000	10	100	0	0.942581
2409000	-0.6000000000	0.0001000000	0.0001000000	10	100	0	0.942581
2410000	-0.6000000000	0.0001000000	0.0001000000	10	100	0	0.942581
2411000	-0.6000000000	0.0001000000	0.0001000000	10	100	0	0.942581
2412000	-0.6000000000	0.0001000000	0.0001000000	10	100	0	0.942581
2413000	-0.6000000000	0.0001000000	0.0001000000	10	100	0	0.942581
2414000	-0.6000000000	0.0001000000	0.0001000000	10	100	0	0.942581
2415000	-0.6000000000	0.0001000000	0.0001000000	10	100	0	0.942581
2416000	-0.6000000000	0.0001000000	0.0001000000	10	100	0	0.942581
2417000	-0.6000000000	0.0001000000	0.0001000000	10	100	0	0.942581
2418000	-0.6000000000	0.0001000000	0.0001000000	10	100	0	0.942581
2419000	-0.6000000000	0.0001000000	0.0001000000	10	100	0	0.942581
2420000	-0.6000000000	0.0001000000	0.0001000000	10	100	0	0.942581
2421000	-0.6000000000	0.0001000000	0.0001000000	10	100	0	0.942581
2422000	-0.6000000000	0.0001000000	0.0001000000	10	100	0	0.942581
2423000	-0.6000000000	0.0001000000	0.0001000000	10	100	0	0.942581
2424000	-0.6000000000	0.0001000000	0.0001000000	10	100	0	0.944225
2425000	-0.6000000000	0.0001000000	0.0001000000	10	100	0	0.944225
2426000	-0.6000000000	0.0001000000	0.0001000000	10	100	0	0.944225
2427000	-0.6000000000	0.0001000000	0.0001000000	10	100	0	0.944225
2428000	-0.6000000000	0.0001000000	0.0001000000	10	100	0	0.944225
2429000	-0.6000000000	0.0001000000	0.0001000000	10	100	0	0.944225
2430000	-0.6000000000	0.0001000000	0.0001000000	10	100	0	0.944225
2431000	-0.6000000000	0.0001000000	0.0001000000	10	100	0	0.944225
2432000	-0.6000000000	0.0001000000	0.0001000000	10	100	0	0.944225
2433000	-0.6000000000	0.0001000000	0.0001000000	10	100	0	0.945853
2434000	-0.6000000000	0.0001000000	0.0001000000	10	100	0	0.945853
2435000	-0.6000000000	0.0001000000	0.0001000000	10	100	0	0.945853
2436000	-0.6000000000	0.0001000000	0.0001000000	10	100	0	0.945853
2437000	-0.6000000000	0.0001000000	0.0001000000	10	100	0	0.945853
2438000	-0.6000000000	0.0001000000	0.0001000000	10	100	0	0.945853
2439000	-0.6000000000	0.0001000000	0.0001000000	10	100	0	0.945853
2440000	-0.6000000000	0.0001000000	0.0001000000	10	100	0	0.945853
2441000	-0.6000000000	0.0001000000	0.0001000000	10	100	0	0.944225
2442000	-0.6000000000	0.0001000000	0.0001000000	10	100	0	0.944225
2443000	-0.6000000000	0.0001000000	0.0001000000	10	100	0	0.944225
2444000	-0.6000000000	0.0001000000	0.0001000000	10	100	0	0.944225
2445000	-0.6000000000	0.0001000000	0.0001000000	10	100	0	0.944225
2446000	-0.6000000000	0.0001000000	0.0001000000	10	100	0	0.944225
2447000	-0.6000000000	0.0001000000	0.0001000000	10	100	0	0.944225
2448000	-0.6000000000	0.0001000000	0.0001000000	10	100	0	0.944225
2449000	-0.6000000000	0.0001000000	0.0001000000	10	100	0	0.944225
2450000	-0.6000000000	0.0001000000	0.0001000000	10	100	0	0.944225
2451000	-0.6000000000	0.0001000000	0.0001000000	10	100	0	0.944225
2452000	-0.6000000000	0.0001000000	0.0001000000	10	100	0	0.944225
2453000	-0.6000000000	0.0001000000	0.0001000000	10	100	0	0.944225
2454000	-0.6000000000	0.0001000000	0.0001000000	10	100	0	0.944225
2455000	-0.6000000000	0.0001000000	0.0001000000	10	100	0	0.944225
2456000	-0.6000000000	0.0001000000	0.0001000000	10	100	0	0.944225
2457000	-0.6000000000	0.0001000000	0.0001000000	10	100	0	0.944225
2458000	-0.6000000000	0.0001000000	0.0001000000	10	100	0	0.944225
2459000	-0.6000000000	0.0001000000	0.0001000000	10	100	0	0.944225
2460000	-0.6000000000	0.0001000000	0.0001000000	10	100	0	0.944225
2461000	-0.6000000000	0.0001000000	0.0001000000	10	100	0	0.944225
2462000	-0.6000000000	0.0001000000	0.0001000000	10	100	0	0.944225
2463000	-0.6000000000	0.0001000000	0.0001000000	10	100	0	0.944225
2464000	-0.6000000000	0.0001000000	0.0001000000	10	100	0	0.944225
2465000	-0.6000000000	0.0001000000	0.0001000000	10	100	0	0.944225
2466000	-0.6000000000	0.0001000000	0.0001000000	10	100	0	0.944225
2467000	-0.6000000000	0.0001000000	0.0001000000	10	100	0	0.944225
2468000	-0.6000000000	0.0001000000	0.0001000000	10	100	0	0.944225
2469000	-0.6000000000	0.0001000000	0.0001000000	10	100	0	0.944225
2470000	-0.6000000000	0.0001000000	0.0001000000	10	100	0	0.945853
2471000	-0.6000000000	0.0001000000	0.0001000000	10	100	0	0.947465
2472000	-0.6000000000	0.0001000000	0.0001000000	10	100	0	0.947465
2473000	-0.6000000000	0.0001000000	0.0001000000	10	100	0	0.947465
2474000	-0.6000000000	0.0001000000	0.0001000000	10	100	0	0.947465
2475000	-0.6000000000	0.0001000000	0.0001000000	10	100	0	0.947465
2476000	-0.6000000000	0.0001000000	0.0001000000	10	100	0	0.947465
2477000	-0.6000000000	0.0001000000	0.0001000000	10	100	0	0.947465
2478000	-0.6000000000	0.0001000000	0.0001000000	10	100	0	0.947465
2479000	-0.6000000000	0.0001000000	0.0001000000	10	100	0	0.947465
2480000	-0.6000000000	0.0001000000	0.0001000000	10	100	0	0.947465
2481000	-0.6000000000	0.0001000000	0.0001000000	10	100	0	0.947465
2482000	-0.6000000000	0.0001000000	0.0001000000	10	100	0	0.947465
2483000	-0.6000000000	0.0001000000	0.0001000000	10	100	0	0.947465
2484000	-0.6000000000	0.0001000000	0.0001000000	10	100	0	0.947465
2485000	-0.6000000000	0.0001000000	0.0001000000	10	100	0	0.947465
2486000	-0.6000000000	0.0001000000	0.0001000000	10	100	0	0.945853
2487000	-0.6000000000	0.0001000000	0.0001000000	10	100	0	0.944225
2488000	-0.6000000000	0.0001000000	0.0001000000	10	100	0	0.944225
2489000	-0.6000000000	0.0001000000	0.0001000000	10	100	0	0.944225
2490000	-0.6000000000	0.0001000000	0.0001000000	10	100	0	0.944225
2491000	-0.6000000000	0.0001000000	0.0001000000	10	100	0	0.944225
2492000	-0.6000000000	0.0001000000	0.0001000000	10	100	0	0.944225
2493000	-0.6000000000	0.0001000000	0.0001000000	10	100	0	0.944225
2494000	-0.6000000000	0.0001000000	0.0001000000	10	100	0	0.944225
2495000	-0.6000000000	0.0001000000	0.0001000000	10	100	0	0.944225
2496000	-0.6000000000	0.0001000000	0.0001000000	10	100	0	0.944225
2497000	-0.6000000000	0.0001000000	0.0001000000	10	100	0	0.944225
2498000	-0.6000000000	0.0001000000	0.0001000000	10	100	0	0.944225
2499000	-0.6000000000	0.0001000000	0.0001000000	10	100	0	0.944225
2500000	-0.6000000000	0.0001000000	0.0001000000	10	100	0	0.944225
2501000	-0.6000000000	0.0001000000	0.0001000000	10	100	0	0.944225
2502000	-0.6000000000	0.0001000000	0.0001000000	10	100	0	0.944225
2503000	-0.6000000000	0.0001000000	0.0001000000	10	100	0	0.945853
2504000	-0.6000000000	0.0001000000	0.0001000000	10	100	0	0.945853
2505000	-0.6000000000	0.0001000000	0.0001000000	10	100	0	0.945853
2506000	-0.6000000000	0.0001000000	0.0001000000	10	100	0	0.945853
2507000	-0.6000000000	0.0001000000	0.0001000000	10	100	0	0.945853
2508000	-0.6000000000	0.0001000000	0.0001000000	10	100	0	0.945853
2509000	-0.6000000000	0.0001000000	0.0001000000	10	100	0	0.947465
2510000	-0.6000000000	0.0001000000	0.0001000000	10	100	0	0.947465
2511000	-0.6000000000	0.0001000000	0.0001000000	10	100	0	0.947465
2512000	-0.6000000000	0.0001000000	0.0001000000	10	100	0	0.947465
2513000	-0.6000000000	0.0001000000	0.0001000000	10	100	0	0.949061
2514000	-0.6000000000	0.0001000000	0.0001000000	10	100	0	0.949061
2515000	-0.6000000000	0.0001000000	0.0001000000	10	100	0	0.949061
2516000	-0.6000000000	0.0001000000	0.0001000000	10	100	0	0.949061
2517000	-0.6000000000	0.0001000000	0.0001000000	10	100	0	0.949061
2518000	-0.6000000000	0.0001000000	0.0001000000	10	100	0	0.949061
2519000	-0.6000000000	0.0001000000	0.0001000000	10	100	0	0.949061
2520000	-0.6000000000	0.0001000000	0.0001000000	10	100	0	0.949061
2521000	-0.6000000000	0.0001000000	0.0001000000	10	100	0	0.949061
2522000	-0.6000000000	0.0001000000	0.0001000000	10	100	0	0.949061
2523000	-0.6000000000	0.0001000000	0.0001000000	10	100	0	0.949061
2524000	-0.6000000000	0.0001000000	0.0001000000	10	100	0	0.949061
2525000	-0.6000000000	0.0001000000	0.0001000000	10	100	0	0.949061
2526000	-0.6000000000	0.0001000000	0.0001000000	10	100	0	0.950641
2527000	-0.6000000000	0.0001000000	0.0001000000	10	100	0	0.950641
2528000	-0.6000000000	0.0001000000	0.0001000000	10	100	0	0.950641
2529000	-0.6000000000	0.0001000000	0.0001000000	10	100	0	0.950641
2530000	-0.6000000000	0.0001000000	0.0001000000	10	100	0	0.950641
2531000	-0.6000000000	0.0001000000	0.0001000000	10	100	0	0.950641
2532000	-0.6000000000	0.0001000000	0.0001000000	10	100	0	0.952204
2533000	-0.6000000000	0.0001000000	0.0001000000	10	100	0	0.952204
2534000	-0.6000000000	0.0001000000	0.0001000000	10	100	0	0.952204
2535000	-0.6000000000	0.0001000000	0.0001000000	10	100	0	0.952204
2536000	-0.6000000000	0.0001000000	0.0001000000	10	100	0	0.952204
2537000	-0.6000000000	0.0001000000	0.0001000000	10	100	0	0.952204
2538000	-0.6000000000	0.0001000000	0.0001000000	10	100	0	0.952204
2539000	-0.6000000000	0.0001000000	0.0001000000	10	100	0	0.952204
2540000	-0.6000000000	0.0001000000	0.0001000000	10	100	0	0.952204
2541000	-0.6000000000	0.0001000000	0.0001000000	10	100	0	0.952204
2542000	-0.6000000000	0.0001000000	0.0001000000	10	100	0	0.953750
2543000	-0.6000000000	0.0001000000	0.0001000000	10	100	0	0.953750
2544000	-0.6000000000	0.0001000000	0.0001000000	10	100	0	0.953750
2545000	-0.6000000000	0.0001000000	0.0001000000	10	100	0	0.953750
2546000	-0.6000000000	0.0001000000	0.0001000000	10	100	0	0.953750
2547000	-0.6000000000	0.0001000000	0.0001000000	10	100	0	0.953750
2548000	-0.6000000000	0.0001000000	0.0001000000	10	100	0	0.953750
2549000	-0.6000000000	0.0001000000	0.0001000000	10	100	0	0.953750
2550000	-0.6000000000	0.0001000000	0.0001000000	10	100	0	0.953750
2551000	-0.6000000000	0.0001000000	0.0001000000	10	100	0	0.953750
2552000	-0.6000000000	0.0001000000	0.0001000000	10	100	0	0.955279
2553000	-0.6000000000	0.0001000000	0.0001000000	10	100	0	0.953750
2554000	-0.6000000000	0.0001000000	0.0001000000	10	100	0	0.953750
2555000	-0.6000000000	0.0001000000	0.0001000000	10	100	0	0.953750
2556000	-0.6000000000	0.0001000000	0.0001000000	10	100	0	0.953750
2557000	-0.6000000000	0.0001000000	0.0001000000	10	100	0	0.953750
2558000	-0.6000000000	0.0001000000	0.0001000000	10	100	0	0.953750
2559000	-0.6000000000	0.0001000000	0.0001000000	10	100	0	0.953750
2560000	-0.6000000000	0.0001000000	0.0001000000	10	100	0	0.953750
2561000	-0.6000000000	0.0001000000	0.0001000000	10	100	0	0.953750
2562000	-0.6000000000	0.0001000000	0.0001000000	10	100	0	0.953750
2563000	-0.6000000000	0.0001000000	0.0001000000	10	100	0	0.953750
2564000	-0.6000000000	0.0001000000	0.0001000000	10	100	0	0.953750
2565000	-0.6000000000	0.0001000000	0.0001000000	10	100	0	0.953750
2566000	-0.6000000000	0.0001000000	0.0001000000	10	100	0	0.953750
2567000	-0.6000000000	0.0001000000	0.0001000000	10	100	0	0.953750
2568000	-0.6000000000	0.0001000000	0.0001000000	10	100	0	0.953750
2569000	-0.6000000000	0.0001000000	0.0001000000	10	100	0	0.953750
2570000	-0.6000000000	0.0001000000	0.0001000000	10	100	0	0.953750
2571000	-0.6000000000	0.0001000000	0.0001000000	10	100	0	0.953750
2572000	-0.6000000000	0.0001000000	0.0001000000	10	100	0	0.953750
2573000	-0.6000000000	0.0001000000	0.0001000000	10	100	0	0.953750
2574000	-0.6000000000	0.0001000000	0.0001000000	10	100	0	0.953750
2575000	-0.6000000000	0.0001000000	0.0001000000	10	100	0	0.953750
2576000	-0.6000000000	0.0001000000	0.0001000000	10	100	0	0.953750
2577000	-0.6000000000	0.0001000000	0.0001000000	10	100	0	0.953750
2578000	-0.6000000000	0.0001000000	0.0001000000	10	100	0	0.953750
2579000	-0.6000000000	0.0001000000	0.0001000000	10	100	0	0.953750
2580000	-0.6000000000	0.0001000000	0.0001000000	10	100	0	0.953750
2581000	-0.6000000000	0.0001000000	0.0001000000	10	100	0	0.955279
2582000	-0.6000000000	0.0001000000	0.0001000000	10	100	0	0.955279
2583000	-0.6000000000	0.0001000000	0.0001000000	10	100	0	0.955279
2584000	-0.6000000000	0.0001000000	0.0001000000	10	100	0	0.956790
2585000	-0.6000000000	0.0001000000	0.0001000000	10	100	0	0.956790
2586000	-0.6000000000	0.0001000000	0.0001000000	10	100	0	0.956790
2587000	-0.6000000000	0.0001000000	0.0001000000	10	100	0	0.955279
2588000	-0.6000000000	0.0001000000	0.0001000000	10	100	0	0.955279
2589000	-0.6000000000	0.0001000000	0.0001000000	10	100	0	0.955279
2590000	-0.6000000000	0.0001000000	0.0001000000	10	100	0	0.955279
2591000	-0.6000000000	0.0001000000	0.0001000000	10	100	0	0.955279
2592000	-0.6000000000	0.0001000000	0.0001000000	10	100	0	0.955279
2593000	-0.6000000000	0.0001000000	0.0001000000	10	100	0	0.955279
2594000	-0.6000000000	0.0001000000	0.0001000000	10	100	0	0.955279
2595000	-0.6000000000	0.0001000000	0.0001000000	10	100	0	0.955279
2596000	-0.6000000000	0.0001000000	0.0001000000	10	100	0	0.955279
2597000	-0.6000000000	0.0001000000	0.0001000000	10	100	0	0.953750
2598000	-0.6000000000	0.0001000000	0.0001000000	10	100	0	0.952204
2599000	-0.6000000000	0.0001000000	0.0001000000	10	100	0	0.953750
2600000	-0.6000000000	0.0001000000	0.0001000000	10	100	0	0.953750
2601000	-0.6000000000	0.0001000000	0.0001000000	10	100	0	0.953750
2602000	-0.6000000000	0.0001000000	0.0001000000	10	100	0	0.953750
2603000	-0.6000000000	0.0001000000	0.0001000000	10	100	0	0.953750
2604000	-0.6000000000	0.0001000000	0.0001000000	10	100	0	0.953750
2605000	-0.6000000000	0.0001000000	0.0001000000	10	100	0	0.953750
2606000	-0.6000000000	0.0001000000	0.0001000000	10	100	0	0.952204
2607000	-0.6000000000	0.0001000000	0.0001000000	10	100	0	0.953750
2608000	-0.6000000000	0.0001000000	0.0001000000	10	100	0	0.954055
2609000	-0.6000000000	0.0001000000	0.0001000000	10	100	0	0.953750
2610000	-0.6000000000	0.0001000000	0.0001000000	10	100	0	0.953750
2611000	-0.6000000000	0.0001000000	0.0001000000	10	100	0	0.953750
2612000	-0.6000000000	0.0001000000	0.0001000000	10	100	0	0.953750
2613000	-0.6000000000	0.0001000000	0.0001000000	10	100	0	0.953750
2614000	-0.6000000000	0.0001000000	0.0001000000	10	100	0	0.953750
2615000	-0.6000000000	0.0001000000	0.0001000000	10	100	0	0.953750
2616000	-0.6000000000	0.0001000000	0.0001000000	10	100	0	0.952204
2617000	-0.6000000000	0.0001000000	0.0001000000	10	100	0	0.952204
2618000	-0.6000000000	0.0001000000	0.0001000000	10	100	0	0.952204
2619000	-0.6000000000	0.0001000000	0.0001000000	10	100	0	0.952204
2620000	-0.6000000000	0.0001000000	0.0001000000	10	100	0	0.950641
2621000	-0.6000000000	0.0001000000	0.0001000000	10	100	0	0.950641
2622000	-0.6000000000	0.0001000000	0.0001000000	10	100	0	0.950641
2623000	-0.6000000000	0.0001000000	0.0001000000	10	100	0	0.950641
2624000	-0.6000000000	0.0001000000	0.0001000000	10	100	0	0.950641
2625000	-0.6000000000	0.0001000000	0.0001000000	10	100	0	0.950641
2626000	-0.6000000000	0.0001000000	0.0001000000	10	100	0	0.950641
2627000	-0.6000000000	0.0001000000	0.0001000000	10	100	0	0.950641
2628000	-0.6000000000	0.0001000000	0.0001000000	10	100	0	0.952204
2629000	-0.6000000000	0.0001000000	0.0001000000	10	100	0	0.952204
2630000	-0.6000000000	0.0001000000	0.0001000000	10	100	0	0.952204
2631000	-0.6000000000	0.0001000000	0.0001000000	10	100	0	0.952204
2632000	-0.6000000000	0.0001000000	0.0001000000	10	100	0	0.952204
2633000	-0.6000000000	0.0001000000	0.0001000000	10	100	0	0.952204
2634000	-0.6000000000	0.0001000000	0.0001000000	10	100	0	0.952204
2635000	-0.6000000000	0.0001000000	0.0001000000	10	100	0	0.952204
2636000	-0.6000000000	0.0001000000	0.0001000000	10	100	0	0.952204
2637000	-0.6000000000	0.0001000000	0.0001000000	10	100	0	0.952204
2638000	-0.6000000000	0.0001000000	0.0001000000	10	100	0	0.952204
2639000	-0.6000000000	0.0001000000	0.0001000000	10	100	0	0.953750
2640000	-0.6000000000	0.0001000000	0.0001000000	10	100	0	0.953750
2641000	-0.6000000000	0.0001000000	0.0001000000	10	100	0	0.953750
2642000	-0.6000000000	0.0001000000	0.0001000000	10	100	0	0.953750
2643000	-0.6000000000	0.0001000000	0.0001000000	10	100	0	0.953750
2644000	-0.6000000000	0.0001000000	0.0001000000	10	100	0	0.953750
2645000	-0.6000000000	0.0001000000	0.0001000000	10	100	0	0.953750
2646000	-0.6000000000	0.0001000000	0.0001000000	10	100	0	0.953750
2647000	-0.6000000000	0.0001000000	0.0001000000	10	100	0	0.953750
2648000	-0.6000000000	0.0001000000	0.0001000000	10	100	0	0.953750
2649000	-0.6000000000	0.0001000000	0.0001000000	10	100	0	0.953750
2650000	-0.6000000000	0.0001000000	0.0001000000	10	100	0	0.953750
2651000	-0.6000000000	0.0001000000	0.0001000000	10	100	0	0.952204
2652000	-0.6000000000	0.0001000000	0.0001000000	10	100	0	0.952204
2653000	-0.6000000000	0.0001000000	0.0001000000	10	100	0	0.952204
2654000	-0.6000000000	0.0001000000	0.0001000000	10	100	0	0.952204
2655000	-0.6000000000	0.0001000000	0.0001000000	10	100	0	0.952204
2656000	-0.6000000000	0.0001000000	0.0001000000	10	100	0	0.952204
2657000	-0.6000000000	0.0001000000	0.0001000000	10	100	0	0.952204
2658000	-0.6000000000	0.0001000000	0.0001000000	10	100	0	0.952204
2659000	-0.6000000000	0.0001000000	0.0001000000	10	100	0	0.952204
2660000	-0.6000000000	0.0001000000	0.0001000000	10	100	0	0.952204
2661000	-0.6000000000	0.0001000000	0.0001000000	10	100	0	0.952204
2662000	-0.6000000000	0.0001000000	0.0001000000	10	100	0	0.950641
2663000	-0.6000000000	0.0001000000	0.0001000000	10	100	0	0.950641
2664000	-0.6000000000	0.0001000000	0.0001000000	10	100	0	0.950641
2665000	-0.6000000000	0.0001000000	0.0001000000	10	100	0	0.950641
2666000	-0.6000000000	0.0001000000	0.0001000000	10	100	0	0.950641
2667000	-0.6000000000	0.0001000000	0.0001000000	10	100	0	0.949061
2668000	-0.6000000000	0.0001000000	0.0001000000	10	100	0	0.949061
2669000	-0.6000000000	0.0001000000	0.0001000000	10	100	0	0.949061
2670000	-0.6000000000	0.0001000000	0.0001000000	10	100	0	0.949061
2671000	-0.6000000000	0.0001000000	0.0001000000	10	100	0	0.947465
2672000	-0.6000000000	0.0001000000	0.0001000000	10	100	0	0.947465
2673000	-0.6000000000	0.0001000000	0.0001000000	10	100	0	0.947465
2674000	-0.6000000000	0.0001000000	0.0001000000	10	100	0	0.947465
2675000	-0.6000000000	0.0001000000	0.0001000000	10	100	0	0.947465
2676000	-0.6000000000	0.0001000000	0.0001000000	10	100	0	0.947465
2677000	-0.6000000000	0.0001000000	0.0001000000	10	100	0	0.947465
2678000	-0.6000000000	0.0001000000	0.0001000000	10	100	0	0.947465
2679000	-0.6000000000	0.0001000000	0.0001000000	10	100	0	0.947465
2680000	-0.6000000000	0.0001000000	0.0001000000	10	100	0	0.947465
2681000	-0.6000000000	0.0001000000	0.0001000000	10	100	0	0.945853
2682000	-0.6000000000	0.0001000000	0.0001000000	10	100	0	0.945853
2683000	-0.6000000000	0.0001000000	0.0001000000	10	100	0	0.945853
2684000	-0.6000000000	0.0001000000	0.0001000000	10	100	0	0.945853
2685000	-0.6000000000	0.0001000000	0.0001000000	10	100	0	0.945853
2686000	-0.6000000000	0.0001000000	0.0001000000	10	100	0	0.945853
2687000	-0.6000000000	0.0001000000	0.0001000000	10	100	0	0.945853
2688000	-0.6000000000	0.0001000000	0.0001000000	10	100	0	0.945853
2689000	-0.6000000000	0.0001000000	0.0001000000	10	100	0	0.945853
2690000	-0.6000000000	0.0001000000	0.0001000000	10	100	0	0.945853
2691000	-0.6000000000	0.0001000000	0.0001000000	10	100	0	0.945853
2692000	-0.6000000000	0.0001000000	0.0001000000	10	100	0	0.945853
2693000	-0.6000000000	0.0001000000	0.0001000000	10	100	0	0.944225
2694000	-0.6000000000	0.0001000000	0.0001000000	10	100	0	0.944225
2695000	-0.6000000000	0.0001000000	0.0001000000	10	100	0	0.944225
2696000	-0.6000000000	0.0001000000	0.0001000000	10	100	0	0.944225
2697000	-0.6000000000	0.0001000000	0.0001000000	10	100	0	0.944225
2698000	-0.6000000000	0.0001000000	0.0001000000	10	100	0	0.944225
2699000	-0.6000000000	0.0001000000	0.0001000000	10	100	0	0.944225
2700000	-0.6000000000	0.0001000000	0.0001000000	10	100	0	0.945853
2701000	-0.6000000000	0.0001000000	0.0001000000	10	100	0	0.945853
2702000	-0.6000000000	0.0001000000	0.0001000000	10	100	0	0.945853
2703000	-0.6000000000	0.0001000000	0.0001000000	10	100	0	0.945853
2704000	-0.6000000000	0.0001000000	0.0001000000	10	100	0	0.947465
2705000	-0.6000000000	0.0001000000	0.0001000000	10	100	0	0.947465
2706000	-0.6000000000	0.0001000000	0.0001000000	10	100	0	0.947465
2707000	-0.6000000000	0.0001000000	0.0001000000	10	100	0	0.945853
2708000	-0.6000000000	0.0001000000	0.0001000000	10	100	0	0.945853
2709000	-0.6000000000	0.0001000000	0.0001000000	10	100	0	0.945853
2710000	-0.6000000000	0.0001000000	0.0001000000	10	100	0	0.945853
2711000	-0.6000000000	0.0001000000	0.0001000000	10	100	0	0.945853
2712000	-0.6000000000	0.0001000000	0.0001000000	10	100	0	0.944225
2713000	-0.6000000000	0.0001000000	0.0001000000	10	100	0	0.944225
2714000	-0.6000000000	0.0001000000	0.0001000000	10	100	0	0.944225
2715000	-0.6000000000	0.0001000000	0.0001000000	10	100	0	0.944225
2716000	-0.6000000000	0.0001000000	0.0001000000	10	100	0	0.944225
2717000	-0.6000000000	0.0001000000	0.0001000000	10	100	0	0.944225
2718000	-0.6000000000	0.0001000000	0.0001000000	10	100	0	0.944225
2719000	-0.6000000000	0.0001000000	0.0001000000	10	100	0	0.944225
2720000	-0.6000000000	0.0001000000	0.0001000000	10	100	0	0.944225
2721000	-0.6000000000	0.0001000000	0.0001000000	10	100	0	0.944225
2722000	-0.6000000000	0.0001000000	0.0001000000	10	100	0	0.944225
2723000	-0.6000000000	0.0001000000	0.0001000000	10	100	0	0.944225
2724000	-0.6000000000	0.0001000000	0.0001000000	10	100	0	0.944225
2725000	-0.6000000000	0.0001000000	0.0001000000	10	100	0	0.944225
2726000	-0.6000000000	0.0001000000	0.0001000000	10	100	0	0.944225
2727000	-0.6000000000	0.0001000000	0.0001000000	10	100	0	0.944225
2728000	-0.6000000000	0.0001000000	0.0001000000	10	100	0	0.944225
2729000	-0.6000000000	0.0001000000	0.0001000000	10	100	0	0.945853
2730000	-0.6000000000	0.0001000000	0.0001000000	10	100	0	0.945853
2731000	-0.6000000000	0.0001000000	0.0001000000	10	100	0	0.945853
2732000	-0.6000000000	0.0001000000	0.0001000000	10	100	0	0.945853
2733000	-0.6000000000	0.0001000000	0.0001000000	10	100	0	0.945853
2734000	-0.6000000000	0.0001000000	0.0001000000	10	100	0	0.945853
2735000	-0.6000000000	0.0001000000	0.0001000000	10	100	0	0.945853
2736000	-0.6000000000	0.0001000000	0.0001000000	10	100	0	0.945853
2737000	-0.6000000000	0.0001000000	0.0001000000	10	100	0	0.945853
2738000	-0.6000000000	0.0001000000	0.0001000000	10	100	0	0.945853
2739000	-0.6000000000	0.0001000000	0.0001000000	10	100	0	0.945853
2740000	-0.6000000000	0.0001000000	0.0001000000	10	100	0	0.945853
2741000	-0.6000000000	0.0001000000	0.0001000000	10	100	0	0.947465
2742000	-0.6000000000	0.0001000000	0.0001000000	10	100	0	0.947465
2743000	-0.6000000000	0.0001000000	0.0001000000	10	100	0	0.947465
2744000	-0.6000000000	0.0001000000	0.0001000000	10	100	0	0.947465
2745000	-0.6000000000	0.0001000000	0.0001000000	10	100	0	0.947465
2746000	-0.6000000000	0.0001000000	0.0001000000	10	100	0	0.947465
2747000	-0.6000000000	0.0001000000	0.0001000000	10	100	0	0.947465
2748000	-0.6000000000	0.0001000000	0.0001000000	10	100	0	0.947465
2749000	-0.6000000000	0.0001000000	0.0001000000	10	100	0	0.947465
2750000	-0.6000000000	0.0001000000	0.0001000000	10	100	0	0.945853
2751000	-0.6000000000	0.0001000000	0.0001000000	10	100	0	0.945853
2752000	-0.6000000000	0.0001000000	0.0001000000	10	100	0	0.945853
2753000	-0.6000000000	0.0001000000	0.0001000000	10	100	0	0.945853
2754000	-0.6000000000	0.0001000000	0.0001000000	10	100	0	0.945853
2755000	-0.6000000000	0.0001000000	0.0001000000	10	100	0	0.945853
2756000	-0.6000000000	0.0001000000	0.0001000000	10	100	0	0.945853
2757000	-0.6000000000	0.0001000000	0.0001000000	10	100	0	0.945853
2758000	-0.6000000000	0.0001000000	0.0001000000	10	100	0	0.945853
2759000	-0.6000000000	0.0001000000	0.0001000000	10	100	0	0.945853
2760000	-0.6000000000	0.0001000000	0.0001000000	10	100	0	0.945853
2761000	-0.6000000000	0.0001000000	0.0001000000	10	100	0	0.945853
2762000	-0.6000000000	0.0001000000	0.0001000000	10	100	0	0.947465
2763000	-0.6000000000	0.0001000000	0.0001000000	10	100	0	0.947465
2764000	-0.6000000000	0.0001000000	0.0001000000	10	100	0	0.947465
2765000	-0.6000000000	0.0001000000	0.0001000000	10	100	0	0.947465
2766000	-0.6000000000	0.0001000000	0.0001000000	10	100	0	0.947465
2767000	-0.6000000000	0.0001000000	0.0001000000	10	100	0	0.947465
2768000	-0.6000000000	0.0001000000	0.0001000000	10	100	0	0.947465
2769000	-0.6000000000	0.0001000000	0.0001000000	10	100	0	0.947465
2770000	-0.6000000000	0.0001000000	0.0001000000	10	100	0	0.947465
2771000	-0.6000000000	0.0001000000	0.0001000000	10	100	0	0.947465
2772000	-0.6000000000	0.0001000000	0.0001000000	10	100	0	0.947465
2773000	-0.6000000000	0.0001000000	0.0001000000	10	100	0	0.947465
2774000	-0.6000000000	0.0001000000	0.0001000000	10	100	0	0.947465
2775000	-0.6000000000	0.0001000000	0.0001000000	10	100	0	0.947465
2776000	-0.6000000000	0.0001000000	0.0001000000	10	100	0	0.947465
2777000	-0.6000000000	0.0001000000	0.0001000000	10	100	0	0.947465
2778000	-0.6000000000	0.0001000000	0.0001000000	10	100	0	0.949061
2779000	-0.6000000000	0.0001000000	0.0001000000	10	100	0	0.949061
2780000	-0.6000000000	0.0001000000	0.0001000000	10	100	0	0.949061
2781000	-0.6000000000	0.0001000000	0.0001000000	10	100	0	0.949061
2782000	-0.6000000000	0.0001000000	0.0001000000	10	100	0	0.949061
2783000	-0.6000000000	0.0001000000	0.0001000000	10	100	0	0.949061
2784000	-0.6000000000	0.0001000000	0.0001000000	10	100	0	0.949061
2785000	-0.6000000000	0.0001000000	0.0001000000	10	100	0	0.949061
2786000	-0.6000000000	0.0001000000	0.0001000000	10	100	0	0.949061
2787000	-0.6000000000	0.0001000000	0.0001000000	10	100	0	0.949061
2788000	-0.6000000000	0.0001000000	0.0001000000	10	100	0	0.949061
2789000	-0.6000000000	0.0001000000	0.0001000000	10	100	0	0.949061
2790000	-0.6000000000	0.0001000000	0.0001000000	10	100	0	0.948742
2791000	-0.6000000000	0.0001000000	0.0001000000	10	100	0	0.949061
2792000	-0.6000000000	0.0001000000	0.0001000000	10	100	0	0.949061
2793000	-0.6000000000	0.0001000000	0.0001000000	10	100	0	0.949061
2794000	-0.6000000000	0.0001000000	0.0001000000	10	100	0	0.949061
2795000	-0.6000000000	0.0001000000	0.0001000000	10	100	0	0.949061
2796000	-0.6000000000	0.0001000000	0.0001000000	10	100	0	0.949061
2797000	-0.6000000000	0.0001000000	0.0001000000	10	100	0	0.949061
2798000	-0.6000000000	0.0001000000	0.0001000000	10	100	0	0.949061
2799000	-0.6000000000	0.0001000000	0.0001000000	10	100	0	0.949061
2800000	-0.6000000000	0.0001000000	0.0001000000	10	100	0	0.947465
2801000	-0.6000000000	0.0001000000	0.0001000000	10	100	0	0.947465
2802000	-0.6000000000	0.0001000000	0.0001000000	10	100	0	0.947465
2803000	-0.6000000000	0.0001000000	0.0001000000	10	100	0	0.947465
2804000	-0.6000000000	0.0001000000	0.0001000000	10	100	0	0.947465
2805000	-0.6000000000	0.0001000000	0.0001000000	10	100	0	0.947465
2806000	-0.6000000000	0.0001000000	0.0001000000	10	100	0	0.947465
2807000	-0.6000000000	0.0001000000	0.0001000000	10	100	0	0.947465
2808000	-0.6000000000	0.0001000000	0.0001000000	10	100	0	0.947465
2809000	-0.6000000000	0.0001000000	0.0001000000	10	100	0	0.947465
2810000	-0.6000000000	0.0001000000	0.0001000000	10	100	0	0.947465
2811000	-0.6000000000	0.0001000000	0.0001000000	10	100	0	0.947465
2812000	-0.6000000000	0.0001000000	0.0001000000	10	100	0	0.947465
2813000	-0.6000000000	0.0001000000	0.0001000000	10	100	0	0.947465
2814000	-0.6000000000	0.0001000000	0.0001000000	10	100	0	0.947465
2815000	-0.6000000000	0.0001000000	0.0001000000	10	100	0	0.947465
2816000	-0.6000000000	0.0001000000	0.0001000000	10	100	0	0.947465
2817000	-0.6000000000	0.0001000000	0.0001000000	10	100	0	0.947465
2818000	-0.6000000000	0.0001000000	0.0001000000	10	100	0	0.947465
2819000	-0.6000000000	0.0001000000	0.0001000000	10	100	0	0.947465
2820000	-0.6000000000	0.0001000000	0.0001000000	10	100	0	0.947465
2821000	-0.6000000000	0.0001000000	0.0001000000	10	100	0	0.947465
2822000	-0.6000000000	0.0001000000	0.0001000000	10	100	0	0.947465
2823000	-0.6000000000	0.0001000000	0.0001000000	10	100	0	0.947465
2824000	-0.6000000000	0.0001000000	0.0001000000	10	100	0	0.947465
2825000	-0.6000000000	0.0001000000	0.0001000000	10	100	0	0.947465
2826000	-0.6000000000	0.0001000000	0.0001000000	10	100	0	0.947465
2827000	-0.6000000000	0.0001000000	0.0001000000	10	100	0	0.947465
2828000	-0.6000000000	0.0001000000	0.0001000000	10	100	0	0.947465
2829000	-0.6000000000	0.0001000000	0.0001000000	10	100	0	0.947465
2830000	-0.6000000000	0.0001000000	0.0001000000	10	100	0	0.947465
2831000	-0.6000000000	0.0001000000	0.0001000000	10	100	0	0.947465
2832000	-0.6000000000	0.0001000000	0.0001000000	10	100	0	0.947465
2833000	-0.6000000000	0.0001000000	0.0001000000	10	100	0	0.947465
2834000	-0.6000000000	0.0001000000	0.0001000000	10	100	0	0.947465
2835000	-0.6000000000	0.0001000000	0.0001000000	10	100	0	0.947465
2836000	-0.6000000000	0.0001000000	0.0001000000	10	100	0	0.947465
2837000	-0.6000000000	0.0001000000	0.0001000000	10	100	0	0.947465
2838000	-0.6000000000	0.0001000000	0.0001000000	10	100	0	0.947465
2839000	-0.6000000000	0.0001000000	0.0001000000	10	100	0	0.947465
2840000	-0.6000000000	0.0001000000	0.0001000000	10	100	0	0.947465
2841000	-0.6000000000	0.0001000000	0.0001000000	10	100	0	0.947465
2842000	-0.6000000000	0.0001000000	0.0001000000	10	100	0	0.947465
2843000	-0.6000000000	0.0001000000	0.0001000000	10	100	0	0.947465
2844000	-0.6000000000	0.0001000000	0.0001000000	10	100	0	0.947465
2845000	-0.6000000000	0.0001000000	0.0001000000	10	100	0	0.947465
2846000	-0.6000000000	0.0001000000	0.0001000000	10	100	0	0.947465
2847000	-0.6000000000	0.0001000000	0.0001000000	10	100	0	0.947465
2848000	-0.6000000000	0.0001000000	0.0001000000	10	100	0	0.947465
2849000	-0.6000000000	0.0001000000	0.0001000000	10	100	0	0.947465
2850000	-0.6000000000	0.0001000000	0.0001000000	10	100	0	0.947465
2851000	-0.6000000000	0.0001000000	0.0001000000	10	100	0	0.945853
2852000	-0.6000000000	0.0001000000	0.0001000000	10	100	0	0.945853
2853000	-0.6000000000	0.0001000000	0.0001000000	10	100	0	0.945853
2854000	-0.6000000000	0.0001000000	0.0001000000	10	100	0	0.945853
2855000	-0.6000000000	0.0001000000	0.0001000000	10	100	0	0.945853
2856000	-0.6000000000	0.0001000000	0.0001000000	10	100	0	0.945853
2857000	-0.6000000000	0.0001000000	0.0001000000	10	100	0	0.945853
2858000	-0.6000000000	0.0001000000	0.0001000000	10	100	0	0.945853
2859000	-0.6000000000	0.0001000000	0.0001000000	10	100	0	0.945853
2860000	-0.6000000000	0.0001000000	0.0001000000	10	100	0	0.944225
2861000	-0.6000000000	0.0001000000	0.0001000000	10	100	0	0.944225
2862000	-0.6000000000	0.0001000000	0.0001000000	10	100	0	0.944225
2863000	-0.6000000000	0.0001000000	0.0001000000	10	100	0	0.944225
2864000	-0.6000000000	0.0001000000	0.0001000000	10	100	0	0.944225
2865000	-0.6000000000	0.0001000000	0.0001000000	10	100	0	0.944225
2866000	-0.6000000000	0.0001000000	0.0001000000	10	100	0	0.944225
2867000	-0.6000000000	0.0001000000	0.0001000000	10	100	0	0.942581
2868000	-0.6000000000	0.0001000000	0.0001000000	10	100	0	0.942581
2869000	-0.6000000000	0.0001000000	0.0001000000	10	100	0	0.942581
2870000	-0.6000000000	0.0001000000	0.0001000000	10	100	0	0.942581
2871000	-0.6000000000	0.0001000000	0.0001000000	10	100	0	0.942581
2872000	-0.6000000000	0.0001000000	0.0001000000	10	100	0	0.942581
2873000	-0.6000000000	0.0001000000	0.0001000000	10	100	0	0.942581
2874000	-0.6000000000	0.0001000000	0.0001000000	10	100	0	0.942581
2875000	-0.6000000000	0.0001000000	0.0001000000	10	100	0	0.942581
2876000	-0.6000000000	0.0001000000	0.0001000000	10	100	0	0.942581
2877000	-0.6000000000	0.0001000000	0.0001000000	10	100	0	0.942581
2878000	-0.6000000000	0.0001000000	0.0001000000	10	100	0	0.944225
2879000	-0.6000000000	0.0001000000	0.0001000000	10	100	0	0.944225
2880000	-0.6000000000	0.0001000000	0.0001000000	10	100	0	0.944225
2881000	-0.6000000000	0.0001000000	0.0001000000	10	100	0	0.944225
2882000	-0.6000000000	0.0001000000	0.0001000000	10	100	0	0.944225
2883000	-0.6000000000	0.0001000000	0.0001000000	10	100	0	0.944225
2884000	-0.6000000000	0.0001000000	0.0001000000	10	100	0	0.944225
2885000	-0.6000000000	0.0001000000	0.0001000000	10	100	0	0.944225
2886000	-0.6000000000	0.0001000000	0.0001000000	10	100	0	0.944225
2887000	-0.6000000000	0.0001000000	0.0001000000	10	100	0	0.944225
2888000	-0.6000000000	0.0001000000	0.0001000000	10	100	0	0.944225
2889000	-0.6000000000	0.0001000000	0.0001000000	10	100	0	0.944225
2890000	-0.6000000000	0.0001000000	0.0001000000	10	100	0	0.944225
2891000	-0.6000000000	0.0001000000	0.0001000000	10	100	0	0.944225
2892000	-0.6000000000	0.0001000000	0.0001000000	10	100	0	0.944225
2893000	-0.6000000000	0.0001000000	0.0001000000	10	100	0	0.944225
2894000	-0.6000000000	0.0001000000	0.0001000000	10	100	0	0.944225
2895000	-0.6000000000	0.0001000000	0.0001000000	10	100	0	0.944225
2896000	-0.6000000000	0.0001000000	0.0001000000	10	100	0	0.945853
2897000	-0.6000000000	0.0001000000	0.0001000000	10	100	0	0.945853
2898000	-0.6000000000	0.0001000000	0.0001000000	10	100	0	0.945853
2899000	-0.6000000000	0.0001000000	0.0001000000	10	100	0	0.947465
2900000	-0.6000000000	0.0001000000	0.0001000000	10	100	0	0.947465
2901000	-0.6000000000	0.0001000000	0.0001000000	10	100	0	0.947465
2902000	-0.6000000000	0.0001000000	0.0001000000	10	100	0	0.947465
2903000	-0.6000000000	0.0001000000	0.0001000000	10	100	0	0.947465
2904000	-0.6000000000	0.0001000000	0.0001000000	10	100	0	0.947465
2905000	-0.6000000000	0.0001000000	0.0001000000	10	100	0	0.947465
2906000	-0.6000000000	0.0001000000	0.0001000000	10	100	0	0.947465
2907000	-0.6000000000	0.0001000000	0.0001000000	10	100	0	0.947465
2908000	-0.6000000000	0.0001000000	0.0001000000	10	100	0	0.947465
2909000	-0.6000000000	0.0001000000	0.0001000000	10	100	0	0.947465
2910000	-0.6000000000	0.0001000000	0.0001000000	10	100	0	0.947465
2911000	-0.6000000000	0.0001000000	0.0001000000	10	100	0	0.947465
2912000	-0.6000000000	0.0001000000	0.0001000000	10	100	0	0.947465
2913000	-0.6000000000	0.0001000000	0.0001000000	10	100	0	0.947465
2914000	-0.6000000000	0.0001000000	0.0001000000	10	100	0	0.947784
2915000	-0.6000000000	0.0001000000	0.0001000000	10	100	0	0.947465
2916000	-0.6000000000	0.0001000000	0.0001000000	10	100	0	0.945853
2917000	-0.6000000000	0.0001000000	0.0001000000	10	100	0	0.945853
2918000	-0.6000000000	0.0001000000	0.0001000000	10	100	0	0.945853
2919000	-0.6000000000	0.0001000000	0.0001000000	10	100	0	0.945853
2920000	-0.6000000000	0.0001000000	0.0001000000	10	100	0	0.945853
2921000	-0.6000000000	0.0001000000	0.0001000000	10	100	0	0.945853
2922000	-0.6000000000	0.0001000000	0.0001000000	10	100	0	0.945853
2923000	-0.6000000000	0.0001000000	0.0001000000	10	100	0	0.945853
2924000	-0.6000000000	0.0001000000	0.0001000000	10	100	0	0.945853
2925000	-0.6000000000	0.0001000000	0.0001000000	10	100	0	0.945853
2926000	-0.6000000000	0.0001000000	0.0001000000	10	100	0	0.945853
2927000	-0.6000000000	0.0001000000	0.0001000000	10	100	0	0.945853
2928000	-0.6000000000	0.0001000000	0.0001000000	10	100	0	0.945853
2929000	-0.6000000000	0.0001000000	0.0001000000	10	100	0	0.945853
2930000	-0.6000000000	0.0001000000	0.0001000000	10	100	0	0.945853
2931000	-0.6000000000	0.0001000000	0.0001000000	10	100	0	0.945853
2932000	-0.6000000000	0.0001000000	0.0001000000	10	100	0	0.945853
2933000	-0.6000000000	0.0001000000	0.0001000000	10	100	0	0.945853
2934000	-0.6000000000	0.0001000000	0.0001000000	10	100	0	0.945853
2935000	-0.6000000000	0.0001000000	0.0001000000	10	100	0	0.945853
2936000	-0.6000000000	0.0001000000	0.0001000000	10	100	0	0.945853
2937000	-0.6000000000	0.0001000000	0.0001000000	10	100	0	0.945853
2938000	-0.6000000000	0.0001000000	0.0001000000	10	100	0	0.945853
2939000	-0.6000000000	0.0001000000	0.0001000000	10	100	0	0.945853
2940000	-0.6000000000	0.0001000000	0.0001000000	10	100	0	0.945853
2941000	-0.6000000000	0.0001000000	0.0001000000	10	100	0	0.945853
2942000	-0.6000000000	0.0001000000	0.0001000000	10	100	0	0.945853
2943000	-0.6000000000	0.0001000000	0.0001000000	10	100	0	0.945853
2944000	-0.6000000000	0.0001000000	0.0001000000	10	100	0	0.945853
2945000	-0.6000000000	0.0001000000	0.0001000000	10	100	0	0.945853
2946000	-0.6000000000	0.0001000000	0.0001000000	10	100	0	0.944225
2947000	-0.6000000000	0.0001000000	0.0001000000	10	100	0	0.944225
2948000	-0.6000000000	0.0001000000	0.0001000000	10	100	0	0.944225
2949000	-0.6000000000	0.0001000000	0.0001000000	10	100	0	0.944225
2950000	-0.6000000000	0.0001000000	0.0001000000	10	100	0	0.944225
2951000	-0.6000000000	0.0001000000	0.0001000000	10	100	0	0.942581
2952000	-0.6000000000	0.0001000000	0.0001000000	10	100	0	0.942581
2953000	-0.6000000000	0.0001000000	0.0001000000	10	100	0	0.942581
2954000	-0.6000000000	0.0001000000	0.0001000000	10	100	0	0.942581
2955000	-0.6000000000	0.0001000000	0.0001000000	10	100	0	0.942581
2956000	-0.6000000000	0.0001000000	0.0001000000	10	100	0	0.942581
2957000	-0.6000000000	0.0001000000	0.0001000000	10	100	0	0.942581
2958000	-0.6000000000	0.0001000000	0.0001000000	10	100	0	0.942581
2959000	-0.6000000000	0.0001000000	0.0001000000	10	100	0	0.944225
2960000	-0.6000000000	0.0001000000	0.0001000000	10	100	0	0.944225
2961000	-0.6000000000	0.0001000000	0.0001000000	10	100	0	0.944225
2962000	-0.6000000000	0.0001000000	0.0001000000	10	100	0	0.944225
2963000	-0.6000000000	0.0001000000	0.0001000000	10	100	0	0.944225
2964000	-0.6000000000	0.0001000000	0.0001000000	10	100	0	0.944225
2965000	-0.6000000000	0.0001000000	0.0001000000	10	100	0	0.944225
2966000	-0.6000000000	0.0001000000	0.0001000000	10	100	0	0.944225
2967000	-0.6000000000	0.0001000000	0.0001000000	10	100	0	0.944225
2968000	-0.6000000000	0.0001000000	0.0001000000	10	100	0	0.945853
2969000	-0.6000000000	0.0001000000	0.0001000000	10	100	0	0.945853
2970000	-0.6000000000	0.0001000000	0.0001000000	10	100	0	0.945853
2971000	-0.6000000000	0.0001000000	0.0001000000	10	100	0	0.945853
2972000	-0.6000000000	0.0001000000	0.0001000000	10	100	0	0.942581
2973000	-0.6000000000	0.0001000000	0.0001000000	10	100	0	0.942581
2974000	-0.6000000000	0.0001000000	0.0001000000	10	100	0	0.942581
2975000	-0.6000000000	0.0001000000	0.0001000000	10	100	0	0.942581
2976000	-0.6000000000	0.0001000000	0.0001000000	10	100	0	0.942581
2977000	-0.6000000000	0.0001000000	0.0001000000	10	100	0	0.944225
2978000	-0.6000000000	0.0001000000	0.0001000000	10	100	0	0.944225
2979000	-0.6000000000	0.0001000000	0.0001000000	10	100	0	0.944225
2980000	-0.6000000000	0.0001000000	0.0001000000	10	100	0	0.944225
2981000	-0.6000000000	0.0001000000	0.0001000000	10	100	0	0.945853
2982000	-0.6000000000	0.0001000000	0.0001000000	10	100	0	0.945853
2983000	-0.6000000000	0.0001000000	0.0001000000	10	100	0	0.945853
2984000	-0.6000000000	0.0001000000	0.0001000000	10	100	0	0.945853
2985000	-0.6000000000	0.0001000000	0.0001000000	10	100	0	0.945853
2986000	-0.6000000000	0.0001000000	0.0001000000	10	100	0	0.945853
2987000	-0.6000000000	0.0001000000	0.0001000000	10	100	0	0.945853
2988000	-0.6000000000	0.0001000000	0.0001000000	10	100	0	0.945853
2989000	-0.6000000000	0.0001000000	0.0001000000	10	100	0	0.945853
2990000	-0.6000000000	0.0001000000	0.0001000000	10	100	0	0.945853
2991000	-0.6000000000	0.0001000000	0.0001000000	10	100	0	0.945853
2992000	-0.6000000000	0.0001000000	0.0001000000	10	100	0	0.945853
2993000	-0.6000000000	0.0001000000	0.0001000000	10	100	0	0.945853
2994000	-0.6000000000	0.0001000000	0.0001000000	10	100	0	0.945853
2995000	-0.6000000000	0.0001000000	0.0001000000	10	100	0	0.945853
2996000	-0.6000000000	0.0001000000	0.0001000000	10	100	0	0.945853
2997000	-0.6000000000	0.0001000000	0.0001000000	10	100	0	0.945853
2998000	-0.6000000000	0.0001000000	0.0001000000	10	100	0	0.945853
2999000	-0.6000000000	0.0001000000	0.0001000000	10	100	0	0.945853
3000000	-0.6000000000	0.0001000000	0.0001000000	10	100	0	0.945853
