time	epistasis_coef	sel_coef	mu_prob	Ne	L	k_start	mean_fitness
2000000	0.6000000000	0.0001000000	0.0001000000	10	100	0	0.999507
2001000	0.6000000000	0.0001000000	0.0001000000	10	100	0	0.999507
2002000	0.6000000000	0.0001000000	0.0001000000	10	100	0	0.999507
2003000	0.6000000000	0.0001000000	0.0001000000	10	100	0	0.999507
2004000	0.6000000000	0.0001000000	0.0001000000	10	100	0	0.999507
2005000	0.6000000000	0.0001000000	0.0001000000	10	100	0	0.999507
2006000	0.6000000000	0.0001000000	0.0001000000	10	100	0	0.999507
2007000	0.6000000000	0.0001000000	0.0001000000	10	100	0	0.999507
2008000	0.6000000000	0.0001000000	0.0001000000	10	100	0	0.999507
2009000	0.6000000000	0.0001000000	0.0001000000	10	100	0	0.999507
2010000	0.6000000000	0.0001000000	0.0001000000	10	100	0	0.999507
2011000	0.6000000000	0.0001000000	0.0001000000	10	100	0	0.999507
2012000	0.6000000000	0.0001000000	0.0001000000	10	100	0	0.999507
2013000	0.6000000000	0.0001000000	0.0001000000	10	100	0	0.999507
2014000	0.6000000000	0.0001000000	0.0001000000	10	100	0	0.999507
2015000	0.6000000000	0.0001000000	0.0001000000	10	100	0	0.999507
2016000	0.6000000000	0.0001000000	0.0001000000	10	100	0	0.999511
2017000	0.6000000000	0.0001000000	0.0001000000	10	100	0	0.999511
2018000	0.6000000000	0.0001000000	0.0001000000	10	100	0	0.999507
2019000	0.6000000000	0.0001000000	0.0001000000	10	100	0	0.999507
2020000	0.6000000000	0.0001000000	0.0001000000	10	100	0	0.999511
2021000	0.6000000000	0.0001000000	0.0001000000	10	100	0	0.999511
2022000	0.6000000000	0.0001000000	0.0001000000	10	100	0	0.999514
2023000	0.6000000000	0.0001000000	0.0001000000	10	100	0	0.999514
2024000	0.6000000000	0.0001000000	0.0001000000	10	100	0	0.999514
2025000	0.6000000000	0.0001000000	0.0001000000	10	100	0	0.999514
2026000	0.6000000000	0.0001000000	0.0001000000	10	100	0	0.999511
2027000	0.6000000000	0.0001000000	0.0001000000	10	100	0	0.999511
2028000	0.6000000000	0.0001000000	0.0001000000	10	100	0	0.999511
2029000	0.6000000000	0.0001000000	0.0001000000	10	100	0	0.999511
2030000	0.6000000000	0.0001000000	0.0001000000	10	100	0	0.999511
2031000	0.6000000000	0.0001000000	0.0001000000	10	100	0	0.999511
2032000	0.6000000000	0.0001000000	0.0001000000	10	100	0	0.999511
2033000	0.6000000000	0.0001000000	0.0001000000	10	100	0	0.999511
2034000	0.6000000000	0.0001000000	0.0001000000	10	100	0	0.999511
2035000	0.6000000000	0.0001000000	0.0001000000	10	100	0	0.999511
2036000	0.6000000000	0.0001000000	0.0001000000	10	100	0	0.999511
2037000	0.6000000000	0.0001000000	0.0001000000	10	100	0	0.999511
2038000	0.6000000000	0.0001000000	0.0001000000	10	100	0	0.999511
2039000	0.6000000000	0.0001000000	0.0001000000	10	100	0	0.999507
2040000	0.6000000000	0.0001000000	0.0001000000	10	100	0	0.999507
2041000	0.6000000000	0.0001000000	0.0001000000	10	100	0	0.999507
2042000	0.6000000000	0.0001000000	0.0001000000	10	100	0	0.999507
2043000	0.6000000000	0.0001000000	0.0001000000	10	100	0	0.999507
2044000	0.6000000000	0.0001000000	0.0001000000	10	100	0	0.999507
2045000	0.6000000000	0.0001000000	0.0001000000	10	100	0	0.999507
2046000	0.6000000000	0.0001000000	0.0001000000	10	100	0	0.999507
2047000	0.6000000000	0.0001000000	0.0001000000	10	100	0	0.999507
2048000	0.6000000000	0.0001000000	0.0001000000	10	100	0	0.999507
2049000	0.6000000000	0.0001000000	0.0001000000	10	100	0	0.999511
2050000	0.6000000000	0.0001000000	0.0001000000	10	100	0	0.999511
2051000	0.6000000000	0.0001000000	0.0001000000	10	100	0	0.999511
2052000	0.6000000000	0.0001000000	0.0001000000	10	100	0	0.999511
2053000	0.6000000000	0.0001000000	0.0001000000	10	100	0	0.999511
2054000	0.6000000000	0.0001000000	0.0001000000	10	100	0	0.999511
2055000	0.6000000000	0.0001000000	0.0001000000	10	100	0	0.999511
2056000	0.6000000000	0.0001000000	0.0001000000	10	100	0	0.999511
2057000	0.6000000000	0.0001000000	0.0001000000	10	100	0	0.999511
2058000	0.6000000000	0.0001000000	0.0001000000	10	100	0	0.999511
2059000	0.6000000000	0.0001000000	0.0001000000	10	100	0	0.999511
2060000	0.6000000000	0.0001000000	0.0001000000	10	100	0	0.999514
2061000	0.6000000000	0.0001000000	0.0001000000	10	100	0	0.999514
2062000	0.6000000000	0.0001000000	0.0001000000	10	100	0	0.999514
2063000	0.6000000000	0.0001000000	0.0001000000	10	100	0	0.999514
2064000	0.6000000000	0.0001000000	0.0001000000	10	100	0	0.999514
2065000	0.6000000000	0.0001000000	0.0001000000	10	100	0	0.999514
2066000	0.6000000000	0.0001000000	0.0001000000	10	100	0	0.999514
2067000	0.6000000000	0.0001000000	0.0001000000	10	100	0	0.999514
2068000	0.6000000000	0.0001000000	0.0001000000	10	100	0	0.999514
2069000	0.6000000000	0.0001000000	0.0001000000	10	100	0	0.999514
2070000	0.6000000000	0.0001000000	0.0001000000	10	100	0	0.999514
2071000	0.6000000000	0.0001000000	0.0001000000	10	100	0	0.999518
2072000	0.6000000000	0.0001000000	0.0001000000	10	100	0	0.999518
2073000	0.6000000000	0.0001000000	0.0001000000	10	100	0	0.999518
2074000	0.6000000000	0.0001000000	0.0001000000	10	100	0	0.999518
2075000	0.6000000000	0.0001000000	0.0001000000	10	100	0	0.999518
2076000	0.6000000000	0.0001000000	0.0001000000	10	100	0	0.999518
2077000	0.6000000000	0.0001000000	0.0001000000	10	100	0	0.999518
2078000	0.6000000000	0.0001000000	0.0001000000	10	100	0	0.999518
2079000	0.6000000000	0.0001000000	0.0001000000	10	100	0	0.999518
2080000	0.6000000000	0.0001000000	0.0001000000	10	100	0	0.999518
2081000	0.6000000000	0.0001000000	0.0001000000	10	100	0	0.999518
2082000	0.6000000000	0.0001000000	0.0001000000	10	100	0	0.999518
2083000	0.6000000000	0.0001000000	0.0001000000	10	100	0	0.999518
2084000	0.6000000000	0.0001000000	0.0001000000	10	100	0	0.999518
2085000	0.6000000000	0.0001000000	0.0001000000	10	100	0	0.999518
2086000	0.6000000000	0.0001000000	0.0001000000	10	100	0	0.999518
2087000	0.6000000000	0.0001000000	0.0001000000	10	100	0	0.999518
2088000	0.6000000000	0.0001000000	0.0001000000	10	100	0	0.999518
2089000	0.6000000000	0.0001000000	0.0001000000	10	100	0	0.999518
2090000	0.6000000000	0.0001000000	0.0001000000	10	100	0	0.999518
2091000	0.6000000000	0.0001000000	0.0001000000	10	100	0	0.999518
2092000	0.6000000000	0.0001000000	0.0001000000	10	100	0	0.999518
2093000	0.6000000000	0.0001000000	0.0001000000	10	100	0	0.999518
2094000	0.6000000000	0.0001000000	0.0001000000	10	100	0	0.999518
2095000	0.6000000000	0.0001000000	0.0001000000	10	100	0	0.999518
2096000	0.6000000000	0.0001000000	0.0001000000	10	100	0	0.999518
2097000	0.6000000000	0.0001000000	0.0001000000	10	100	0	0.999518
2098000	0.6000000000	0.0001000000	0.0001000000	10	100	0	0.999518
2099000	0.6000000000	0.0001000000	0.0001000000	10	100	0	0.999518
2100000	0.6000000000	0.0001000000	0.0001000000	10	100	0	0.999518
2101000	0.6000000000	0.0001000000	0.0001000000	10	100	0	0.999518
2102000	0.6000000000	0.0001000000	0.0001000000	10	100	0	0.999518
2103000	0.6000000000	0.0001000000	0.0001000000	10	100	0	0.999518
2104000	0.6000000000	0.0001000000	0.0001000000	10	100	0	0.999518
2105000	0.6000000000	0.0001000000	0.0001000000	10	100	0	0.999518
2106000	0.6000000000	0.0001000000	0.0001000000	10	100	0	0.999518
2107000	0.6000000000	0.0001000000	0.0001000000	10	100	0	0.999518
2108000	0.6000000000	0.0001000000	0.0001000000	10	100	0	0.999518
2109000	0.6000000000	0.0001000000	0.0001000000	10	100	0	0.999518
2110000	0.6000000000	0.0001000000	0.0001000000	10	100	0	0.999518
2111000	0.6000000000	0.0001000000	0.0001000000	10	100	0	0.999518
2112000	0.6000000000	0.0001000000	0.0001000000	10	100	0	0.999518
2113000	0.6000000000	0.0001000000	0.0001000000	10	100	0	0.999518
2114000	0.6000000000	0.0001000000	0.0001000000	10	100	0	0.999518
2115000	0.6000000000	0.0001000000	0.0001000000	10	100	0	0.999518
2116000	0.6000000000	0.0001000000	0.0001000000	10	100	0	0.999518
2117000	0.6000000000	0.0001000000	0.0001000000	10	100	0	0.999518
2118000	0.6000000000	0.0001000000	0.0001000000	10	100	0	0.999518
2119000	0.6000000000	0.0001000000	0.0001000000	10	100	0	0.999518
2120000	0.6000000000	0.0001000000	0.0001000000	10	100	0	0.999514
2121000	0.6000000000	0.0001000000	0.0001000000	10	100	0	0.999514
2122000	0.6000000000	0.0001000000	0.0001000000	10	100	0	0.999514
2123000	0.6000000000	0.0001000000	0.0001000000	10	100	0	0.999514
2124000	0.6000000000	0.0001000000	0.0001000000	10	100	0	0.999514
2125000	0.6000000000	0.0001000000	0.0001000000	10	100	0	0.999514
2126000	0.6000000000	0.0001000000	0.0001000000	10	100	0	0.999514
2127000	0.6000000000	0.0001000000	0.0001000000	10	100	0	0.999514
2128000	0.6000000000	0.0001000000	0.0001000000	10	100	0	0.999514
2129000	0.6000000000	0.0001000000	0.0001000000	10	100	0	0.999514
2130000	0.6000000000	0.0001000000	0.0001000000	10	100	0	0.999518
2131000	0.6000000000	0.0001000000	0.0001000000	10	100	0	0.999518
2132000	0.6000000000	0.0001000000	0.0001000000	10	100	0	0.999518
2133000	0.6000000000	0.0001000000	0.0001000000	10	100	0	0.999518
2134000	0.6000000000	0.0001000000	0.0001000000	10	100	0	0.999518
2135000	0.6000000000	0.0001000000	0.0001000000	10	100	0	0.999518
2136000	0.6000000000	0.0001000000	0.0001000000	10	100	0	0.999518
2137000	0.6000000000	0.0001000000	0.0001000000	10	100	0	0.999518
2138000	0.6000000000	0.0001000000	0.0001000000	10	100	0	0.999518
2139000	0.6000000000	0.0001000000	0.0001000000	10	100	0	0.999518
2140000	0.6000000000	0.0001000000	0.0001000000	10	100	0	0.999518
2141000	0.6000000000	0.0001000000	0.0001000000	10	100	0	0.999518
2142000	0.6000000000	0.0001000000	0.0001000000	10	100	0	0.999518
2143000	0.6000000000	0.0001000000	0.0001000000	10	100	0	0.999518
2144000	0.6000000000	0.0001000000	0.0001000000	10	100	0	0.999518
2145000	0.6000000000	0.0001000000	0.0001000000	10	100	0	0.999518
2146000	0.6000000000	0.0001000000	0.0001000000	10	100	0	0.999518
2147000	0.6000000000	0.0001000000	0.0001000000	10	100	0	0.999518
2148000	0.6000000000	0.0001000000	0.0001000000	10	100	0	0.999522
2149000	0.6000000000	0.0001000000	0.0001000000	10	100	0	0.999522
2150000	0.6000000000	0.0001000000	0.0001000000	10	100	0	0.999522
2151000	0.6000000000	0.0001000000	0.0001000000	10	100	0	0.999522
2152000	0.6000000000	0.0001000000	0.0001000000	10	100	0	0.999522
2153000	0.6000000000	0.0001000000	0.0001000000	10	100	0	0.999522
2154000	0.6000000000	0.0001000000	0.0001000000	10	100	0	0.999522
2155000	0.6000000000	0.0001000000	0.0001000000	10	100	0	0.999522
2156000	0.6000000000	0.0001000000	0.0001000000	10	100	0	0.999522
2157000	0.6000000000	0.0001000000	0.0001000000	10	100	0	0.999518
2158000	0.6000000000	0.0001000000	0.0001000000	10	100	0	0.999518
2159000	0.6000000000	0.0001000000	0.0001000000	10	100	0	0.999518
2160000	0.6000000000	0.0001000000	0.0001000000	10	100	0	0.999518
2161000	0.6000000000	0.0001000000	0.0001000000	10	100	0	0.999518
2162000	0.6000000000	0.0001000000	0.0001000000	10	100	0	0.999518
2163000	0.6000000000	0.0001000000	0.0001000000	10	100	0	0.999518
2164000	0.6000000000	0.0001000000	0.0001000000	10	100	0	0.999518
2165000	0.6000000000	0.0001000000	0.0001000000	10	100	0	0.999518
2166000	0.6000000000	0.0001000000	0.0001000000	10	100	0	0.999518
2167000	0.6000000000	0.0001000000	0.0001000000	10	100	0	0.999518
2168000	0.6000000000	0.0001000000	0.0001000000	10	100	0	0.999518
2169000	0.6000000000	0.0001000000	0.0001000000	10	100	0	0.999518
2170000	0.6000000000	0.0001000000	0.0001000000	10	100	0	0.999518
2171000	0.6000000000	0.0001000000	0.0001000000	10	100	0	0.999518
2172000	0.6000000000	0.0001000000	0.0001000000	10	100	0	0.999518
2173000	0.6000000000	0.0001000000	0.0001000000	10	100	0	0.999518
2174000	0.6000000000	0.0001000000	0.0001000000	10	100	0	0.999518
2175000	0.6000000000	0.0001000000	0.0001000000	10	100	0	0.999518
2176000	0.6000000000	0.0001000000	0.0001000000	10	100	0	0.999518
2177000	0.6000000000	0.0001000000	0.0001000000	10	100	0	0.999518
2178000	0.6000000000	0.0001000000	0.0001000000	10	100	0	0.999518
2179000	0.6000000000	0.0001000000	0.0001000000	10	100	0	0.999518
2180000	0.6000000000	0.0001000000	0.0001000000	10	100	0	0.999518
2181000	0.6000000000	0.0001000000	0.0001000000	10	100	0	0.999518
2182000	0.6000000000	0.0001000000	0.0001000000	10	100	0	0.999518
2183000	0.6000000000	0.0001000000	0.0001000000	10	100	0	0.999518
2184000	0.6000000000	0.0001000000	0.0001000000	10	100	0	0.999514
2185000	0.6000000000	0.0001000000	0.0001000000	10	100	0	0.999518
2186000	0.6000000000	0.0001000000	0.0001000000	10	100	0	0.999518
2187000	0.6000000000	0.0001000000	0.0001000000	10	100	0	0.999518
2188000	0.6000000000	0.0001000000	0.0001000000	10	100	0	0.999518
2189000	0.6000000000	0.0001000000	0.0001000000	10	100	0	0.999518
2190000	0.6000000000	0.0001000000	0.0001000000	10	100	0	0.999518
2191000	0.6000000000	0.0001000000	0.0001000000	10	100	0	0.999518
2192000	0.6000000000	0.0001000000	0.0001000000	10	100	0	0.999518
2193000	0.6000000000	0.0001000000	0.0001000000	10	100	0	0.999518
2194000	0.6000000000	0.0001000000	0.0001000000	10	100	0	0.999518
2195000	0.6000000000	0.0001000000	0.0001000000	10	100	0	0.999522
2196000	0.6000000000	0.0001000000	0.0001000000	10	100	0	0.999522
2197000	0.6000000000	0.0001000000	0.0001000000	10	100	0	0.999522
2198000	0.6000000000	0.0001000000	0.0001000000	10	100	0	0.999518
2199000	0.6000000000	0.0001000000	0.0001000000	10	100	0	0.999518
2200000	0.6000000000	0.0001000000	0.0001000000	10	100	0	0.999518
2201000	0.6000000000	0.0001000000	0.0001000000	10	100	0	0.999518
2202000	0.6000000000	0.0001000000	0.0001000000	10	100	0	0.999518
2203000	0.6000000000	0.0001000000	0.0001000000	10	100	0	0.999518
2204000	0.6000000000	0.0001000000	0.0001000000	10	100	0	0.999518
2205000	0.6000000000	0.0001000000	0.0001000000	10	100	0	0.999518
2206000	0.6000000000	0.0001000000	0.0001000000	10	100	0	0.999518
2207000	0.6000000000	0.0001000000	0.0001000000	10	100	0	0.999518
2208000	0.6000000000	0.0001000000	0.0001000000	10	100	0	0.999518
2209000	0.6000000000	0.0001000000	0.0001000000	10	100	0	0.999518
2210000	0.6000000000	0.0001000000	0.0001000000	10	100	0	0.999518
2211000	0.6000000000	0.0001000000	0.0001000000	10	100	0	0.999518
2212000	0.6000000000	0.0001000000	0.0001000000	10	100	0	0.999522
2213000	0.6000000000	0.0001000000	0.0001000000	10	100	0	0.999522
2214000	0.6000000000	0.0001000000	0.0001000000	10	100	0	0.999522
2215000	0.6000000000	0.0001000000	0.0001000000	10	100	0	0.999522
2216000	0.6000000000	0.0001000000	0.0001000000	10	100	0	0.999522
2217000	0.6000000000	0.0001000000	0.0001000000	10	100	0	0.999522
2218000	0.6000000000	0.0001000000	0.0001000000	10	100	0	0.999522
2219000	0.6000000000	0.0001000000	0.0001000000	10	100	0	0.999522
2220000	0.6000000000	0.0001000000	0.0001000000	10	100	0	0.999522
2221000	0.6000000000	0.0001000000	0.0001000000	10	100	0	0.999518
2222000	0.6000000000	0.0001000000	0.0001000000	10	100	0	0.999518
2223000	0.6000000000	0.0001000000	0.0001000000	10	100	0	0.999518
2224000	0.6000000000	0.0001000000	0.0001000000	10	100	0	0.999518
2225000	0.6000000000	0.0001000000	0.0001000000	10	100	0	0.999518
2226000	0.6000000000	0.0001000000	0.0001000000	10	100	0	0.999518
2227000	0.6000000000	0.0001000000	0.0001000000	10	100	0	0.999518
2228000	0.6000000000	0.0001000000	0.0001000000	10	100	0	0.999518
2229000	0.6000000000	0.0001000000	0.0001000000	10	100	0	0.999514
2230000	0.6000000000	0.0001000000	0.0001000000	10	100	0	0.999514
2231000	0.6000000000	0.0001000000	0.0001000000	10	100	0	0.999514
2232000	0.6000000000	0.0001000000	0.0001000000	10	100	0	0.999514
2233000	0.6000000000	0.0001000000	0.0001000000	10	100	0	0.999514
2234000	0.6000000000	0.0001000000	0.0001000000	10	100	0	0.999514
2235000	0.6000000000	0.0001000000	0.0001000000	10	100	0	0.999514
2236000	0.6000000000	0.0001000000	0.0001000000	10	100	0	0.999514
2237000	0.6000000000	0.0001000000	0.0001000000	10	100	0	0.999514
2238000	0.6000000000	0.0001000000	0.0001000000	10	100	0	0.999514
2239000	0.6000000000	0.0001000000	0.0001000000	10	100	0	0.999514
2240000	0.6000000000	0.0001000000	0.0001000000	10	100	0	0.999514
2241000	0.6000000000	0.0001000000	0.0001000000	10	100	0	0.999514
2242000	0.6000000000	0.0001000000	0.0001000000	10	100	0	0.999514
2243000	0.6000000000	0.0001000000	0.0001000000	10	100	0	0.999514
2244000	0.6000000000	0.0001000000	0.0001000000	10	100	0	0.999514
2245000	0.6000000000	0.0001000000	0.0001000000	10	100	0	0.999514
2246000	0.6000000000	0.0001000000	0.0001000000	10	100	0	0.999514
2247000	0.6000000000	0.0001000000	0.0001000000	10	100	0	0.999514
2248000	0.6000000000	0.0001000000	0.0001000000	10	100	0	0.999514
2249000	0.6000000000	0.0001000000	0.0001000000	10	100	0	0.999514
2250000	0.6000000000	0.0001000000	0.0001000000	10	100	0	0.999514
2251000	0.6000000000	0.0001000000	0.0001000000	10	100	0	0.999514
2252000	0.6000000000	0.0001000000	0.0001000000	10	100	0	0.999514
2253000	0.6000000000	0.0001000000	0.0001000000	10	100	0	0.999514
2254000	0.6000000000	0.0001000000	0.0001000000	10	100	0	0.999514
2255000	0.6000000000	0.0001000000	0.0001000000	10	100	0	0.999514
2256000	0.6000000000	0.0001000000	0.0001000000	10	100	0	0.999518
2257000	0.6000000000	0.0001000000	0.0001000000	10	100	0	0.999518
2258000	0.6000000000	0.0001000000	0.0001000000	10	100	0	0.999518
2259000	0.6000000000	0.0001000000	0.0001000000	10	100	0	0.999518
2260000	0.6000000000	0.0001000000	0.0001000000	10	100	0	0.999518
2261000	0.6000000000	0.0001000000	0.0001000000	10	100	0	0.999518
2262000	0.6000000000	0.0001000000	0.0001000000	10	100	0	0.999518
2263000	0.6000000000	0.0001000000	0.0001000000	10	100	0	0.999518
2264000	0.6000000000	0.0001000000	0.0001000000	10	100	0	0.999518
2265000	0.6000000000	0.0001000000	0.0001000000	10	100	0	0.999518
2266000	0.6000000000	0.0001000000	0.0001000000	10	100	0	0.999518
2267000	0.6000000000	0.0001000000	0.0001000000	10	100	0	0.999518
2268000	0.6000000000	0.0001000000	0.0001000000	10	100	0	0.999518
2269000	0.6000000000	0.0001000000	0.0001000000	10	100	0	0.999514
2270000	0.6000000000	0.0001000000	0.0001000000	10	100	0	0.999514
2271000	0.6000000000	0.0001000000	0.0001000000	10	100	0	0.999511
2272000	0.6000000000	0.0001000000	0.0001000000	10	100	0	0.999511
2273000	0.6000000000	0.0001000000	0.0001000000	10	100	0	0.999511
2274000	0.6000000000	0.0001000000	0.0001000000	10	100	0	0.999510
2275000	0.6000000000	0.0001000000	0.0001000000	10	100	0	0.999511
2276000	0.6000000000	0.0001000000	0.0001000000	10	100	0	0.999511
2277000	0.6000000000	0.0001000000	0.0001000000	10	100	0	0.999511
2278000	0.6000000000	0.0001000000	0.0001000000	10	100	0	0.999511
2279000	0.6000000000	0.0001000000	0.0001000000	10	100	0	0.999511
2280000	0.6000000000	0.0001000000	0.0001000000	10	100	0	0.999511
2281000	0.6000000000	0.0001000000	0.0001000000	10	100	0	0.999511
2282000	0.6000000000	0.0001000000	0.0001000000	10	100	0	0.999511
2283000	0.6000000000	0.0001000000	0.0001000000	10	100	0	0.999511
2284000	0.6000000000	0.0001000000	0.0001000000	10	100	0	0.999511
2285000	0.6000000000	0.0001000000	0.0001000000	10	100	0	0.999507
2286000	0.6000000000	0.0001000000	0.0001000000	10	100	0	0.999507
2287000	0.6000000000	0.0001000000	0.0001000000	10	100	0	0.999507
2288000	0.6000000000	0.0001000000	0.0001000000	10	100	0	0.999507
2289000	0.6000000000	0.0001000000	0.0001000000	10	100	0	0.999507
2290000	0.6000000000	0.0001000000	0.0001000000	10	100	0	0.999507
2291000	0.6000000000	0.0001000000	0.0001000000	10	100	0	0.999507
2292000	0.6000000000	0.0001000000	0.0001000000	10	100	0	0.999507
2293000	0.6000000000	0.0001000000	0.0001000000	10	100	0	0.999507
2294000	0.6000000000	0.0001000000	0.0001000000	10	100	0	0.999507
2295000	0.6000000000	0.0001000000	0.0001000000	10	100	0	0.999507
2296000	0.6000000000	0.0001000000	0.0001000000	10	100	0	0.999507
2297000	0.6000000000	0.0001000000	0.0001000000	10	100	0	0.999507
2298000	0.6000000000	0.0001000000	0.0001000000	10	100	0	0.999507
2299000	0.6000000000	0.0001000000	0.0001000000	10	100	0	0.999507
2300000	0.6000000000	0.0001000000	0.0001000000	10	100	0	0.999503
2301000	0.6000000000	0.0001000000	0.0001000000	10	100	0	0.999503
2302000	0.6000000000	0.0001000000	0.0001000000	10	100	0	0.999507
2303000	0.6000000000	0.0001000000	0.0001000000	10	100	0	0.999507
2304000	0.6000000000	0.0001000000	0.0001000000	10	100	0	0.999507
2305000	0.6000000000	0.0001000000	0.0001000000	10	100	0	0.999511
2306000	0.6000000000	0.0001000000	0.0001000000	10	100	0	0.999511
2307000	0.6000000000	0.0001000000	0.0001000000	10	100	0	0.999511
2308000	0.6000000000	0.0001000000	0.0001000000	10	100	0	0.999514
2309000	0.6000000000	0.0001000000	0.0001000000	10	100	0	0.999514
2310000	0.6000000000	0.0001000000	0.0001000000	10	100	0	0.999514
2311000	0.6000000000	0.0001000000	0.0001000000	10	100	0	0.999511
2312000	0.6000000000	0.0001000000	0.0001000000	10	100	0	0.999511
2313000	0.6000000000	0.0001000000	0.0001000000	10	100	0	0.999511
2314000	0.6000000000	0.0001000000	0.0001000000	10	100	0	0.999511
2315000	0.6000000000	0.0001000000	0.0001000000	10	100	0	0.999511
2316000	0.6000000000	0.0001000000	0.0001000000	10	100	0	0.999511
2317000	0.6000000000	0.0001000000	0.0001000000	10	100	0	0.999511
2318000	0.6000000000	0.0001000000	0.0001000000	10	100	0	0.999511
2319000	0.6000000000	0.0001000000	0.0001000000	10	100	0	0.999511
2320000	0.6000000000	0.0001000000	0.0001000000	10	100	0	0.999511
2321000	0.6000000000	0.0001000000	0.0001000000	10	100	0	0.999511
2322000	0.6000000000	0.0001000000	0.0001000000	10	100	0	0.999511
2323000	0.6000000000	0.0001000000	0.0001000000	10	100	0	0.999511
2324000	0.6000000000	0.0001000000	0.0001000000	10	100	0	0.999511
2325000	0.6000000000	0.0001000000	0.0001000000	10	100	0	0.999507
2326000	0.6000000000	0.0001000000	0.0001000000	10	100	0	0.999507
2327000	0.6000000000	0.0001000000	0.0001000000	10	100	0	0.999507
2328000	0.6000000000	0.0001000000	0.0001000000	10	100	0	0.999507
2329000	0.6000000000	0.0001000000	0.0001000000	10	100	0	0.999507
2330000	0.6000000000	0.0001000000	0.0001000000	10	100	0	0.999507
2331000	0.6000000000	0.0001000000	0.0001000000	10	100	0	0.999507
2332000	0.6000000000	0.0001000000	0.0001000000	10	100	0	0.999507
2333000	0.6000000000	0.0001000000	0.0001000000	10	100	0	0.999507
2334000	0.6000000000	0.0001000000	0.0001000000	10	100	0	0.999507
2335000	0.6000000000	0.0001000000	0.0001000000	10	100	0	0.999507
2336000	0.6000000000	0.0001000000	0.0001000000	10	100	0	0.999507
2337000	0.6000000000	0.0001000000	0.0001000000	10	100	0	0.999507
2338000	0.6000000000	0.0001000000	0.0001000000	10	100	0	0.999508
2339000	0.6000000000	0.0001000000	0.0001000000	10	100	0	0.999507
2340000	0.6000000000	0.0001000000	0.0001000000	10	100	0	0.999507
2341000	0.6000000000	0.0001000000	0.0001000000	10	100	0	0.999507
2342000	0.6000000000	0.0001000000	0.0001000000	10	100	0	0.999507
2343000	0.6000000000	0.0001000000	0.0001000000	10	100	0	0.999507
2344000	0.6000000000	0.0001000000	0.0001000000	10	100	0	0.999507
2345000	0.6000000000	0.0001000000	0.0001000000	10	100	0	0.999507
2346000	0.6000000000	0.0001000000	0.0001000000	10	100	0	0.999507
2347000	0.6000000000	0.0001000000	0.0001000000	10	100	0	0.999507
2348000	0.6000000000	0.0001000000	0.0001000000	10	100	0	0.999507
2349000	0.6000000000	0.0001000000	0.0001000000	10	100	0	0.999507
2350000	0.6000000000	0.0001000000	0.0001000000	10	100	0	0.999507
2351000	0.6000000000	0.0001000000	0.0001000000	10	100	0	0.999507
2352000	0.6000000000	0.0001000000	0.0001000000	10	100	0	0.999507
2353000	0.6000000000	0.0001000000	0.0001000000	10	100	0	0.999507
2354000	0.6000000000	0.0001000000	0.0001000000	10	100	0	0.999507
2355000	0.6000000000	0.0001000000	0.0001000000	10	100	0	0.999507
2356000	0.6000000000	0.0001000000	0.0001000000	10	100	0	0.999507
2357000	0.6000000000	0.0001000000	0.0001000000	10	100	0	0.999507
2358000	0.6000000000	0.0001000000	0.0001000000	10	100	0	0.999507
2359000	0.6000000000	0.0001000000	0.0001000000	10	100	0	0.999507
2360000	0.6000000000	0.0001000000	0.0001000000	10	100	0	0.999507
2361000	0.6000000000	0.0001000000	0.0001000000	10	100	0	0.999507
2362000	0.6000000000	0.0001000000	0.0001000000	10	100	0	0.999507
2363000	0.6000000000	0.0001000000	0.0001000000	10	100	0	0.999507
2364000	0.6000000000	0.0001000000	0.0001000000	10	100	0	0.999503
2365000	0.6000000000	0.0001000000	0.0001000000	10	100	0	0.999503
2366000	0.6000000000	0.0001000000	0.0001000000	10	100	0	0.999503
2367000	0.6000000000	0.0001000000	0.0001000000	10	100	0	0.999503
2368000	0.6000000000	0.0001000000	0.0001000000	10	100	0	0.999503
2369000	0.6000000000	0.0001000000	0.0001000000	10	100	0	0.999503
2370000	0.6000000000	0.0001000000	0.0001000000	10	100	0	0.999503
2371000	0.6000000000	0.0001000000	0.0001000000	10	100	0	0.999503
2372000	0.6000000000	0.0001000000	0.0001000000	10	100	0	0.999503
2373000	0.6000000000	0.0001000000	0.0001000000	10	100	0	0.999504
2374000	0.6000000000	0.0001000000	0.0001000000	10	100	0	0.999507
2375000	0.6000000000	0.0001000000	0.0001000000	10	100	0	0.999507
2376000	0.6000000000	0.0001000000	0.0001000000	10	100	0	0.999507
2377000	0.6000000000	0.0001000000	0.0001000000	10	100	0	0.999507
2378000	0.6000000000	0.0001000000	0.0001000000	10	100	0	0.999507
2379000	0.6000000000	0.0001000000	0.0001000000	10	100	0	0.999507
2380000	0.6000000000	0.0001000000	0.0001000000	10	100	0	0.999507
2381000	0.6000000000	0.0001000000	0.0001000000	10	100	0	0.999507
2382000	0.6000000000	0.0001000000	0.0001000000	10	100	0	0.999511
2383000	0.6000000000	0.0001000000	0.0001000000	10	100	0	0.999511
2384000	0.6000000000	0.0001000000	0.0001000000	10	100	0	0.999511
2385000	0.6000000000	0.0001000000	0.0001000000	10	100	0	0.999511
2386000	0.6000000000	0.0001000000	0.0001000000	10	100	0	0.999507
2387000	0.6000000000	0.0001000000	0.0001000000	10	100	0	0.999507
2388000	0.6000000000	0.0001000000	0.0001000000	10	100	0	0.999507
2389000	0.6000000000	0.0001000000	0.0001000000	10	100	0	0.999507
2390000	0.6000000000	0.0001000000	0.0001000000	10	100	0	0.999507
2391000	0.6000000000	0.0001000000	0.0001000000	10	100	0	0.999507
2392000	0.6000000000	0.0001000000	0.0001000000	10	100	0	0.999507
2393000	0.6000000000	0.0001000000	0.0001000000	10	100	0	0.999507
2394000	0.6000000000	0.0001000000	0.0001000000	10	100	0	0.999507
2395000	0.6000000000	0.0001000000	0.0001000000	10	100	0	0.999510
2396000	0.6000000000	0.0001000000	0.0001000000	10	100	0	0.999511
2397000	0.6000000000	0.0001000000	0.0001000000	10	100	0	0.999511
2398000	0.6000000000	0.0001000000	0.0001000000	10	100	0	0.999511
2399000	0.6000000000	0.0001000000	0.0001000000	10	100	0	0.999511
2400000	0.6000000000	0.0001000000	0.0001000000	10	100	0	0.999511
2401000	0.6000000000	0.0001000000	0.0001000000	10	100	0	0.999511
2402000	0.6000000000	0.0001000000	0.0001000000	10	100	0	0.999511
2403000	0.6000000000	0.0001000000	0.0001000000	10	100	0	0.999511
2404000	0.6000000000	0.0001000000	0.0001000000	10	100	0	0.999511
2405000	0.6000000000	0.0001000000	0.0001000000	10	100	0	0.999511
2406000	0.6000000000	0.0001000000	0.0001000000	10	100	0	0.999511
2407000	0.6000000000	0.0001000000	0.0001000000	10	100	0	0.999511
2408000	0.6000000000	0.0001000000	0.0001000000	10	100	0	0.999511
2409000	0.6000000000	0.0001000000	0.0001000000	10	100	0	0.999511
2410000	0.6000000000	0.0001000000	0.0001000000	10	100	0	0.999511
2411000	0.6000000000	0.0001000000	0.0001000000	10	100	0	0.999511
2412000	0.6000000000	0.0001000000	0.0001000000	10	100	0	0.999511
2413000	0.6000000000	0.0001000000	0.0001000000	10	100	0	0.999511
2414000	0.6000000000	0.0001000000	0.0001000000	10	100	0	0.999511
2415000	0.6000000000	0.0001000000	0.0001000000	10	100	0	0.999511
2416000	0.6000000000	0.0001000000	0.0001000000	10	100	0	0.999511
2417000	0.6000000000	0.0001000000	0.0001000000	10	100	0	0.999511
2418000	0.6000000000	0.0001000000	0.0001000000	10	100	0	0.999511
2419000	0.6000000000	0.0001000000	0.0001000000	10	100	0	0.999511
2420000	0.6000000000	0.0001000000	0.0001000000	10	100	0	0.999511
2421000	0.6000000000	0.0001000000	0.0001000000	10	100	0	0.999511
2422000	0.6000000000	0.0001000000	0.0001000000	10	100	0	0.999511
2423000	0.6000000000	0.0001000000	0.0001000000	10	100	0	0.999511
2424000	0.6000000000	0.0001000000	0.0001000000	10	100	0	0.999511
2425000	0.6000000000	0.0001000000	0.0001000000	10	100	0	0.999511
2426000	0.6000000000	0.0001000000	0.0001000000	10	100	0	0.999511
2427000	0.6000000000	0.0001000000	0.0001000000	10	100	0	0.999511
2428000	0.6000000000	0.0001000000	0.0001000000	10	100	0	0.999511
2429000	0.6000000000	0.0001000000	0.0001000000	10	100	0	0.999511
2430000	0.6000000000	0.0001000000	0.0001000000	10	100	0	0.999511
2431000	0.6000000000	0.0001000000	0.0001000000	10	100	0	0.999514
2432000	0.6000000000	0.0001000000	0.0001000000	10	100	0	0.999514
2433000	0.6000000000	0.0001000000	0.0001000000	10	100	0	0.999514
2434000	0.6000000000	0.0001000000	0.0001000000	10	100	0	0.999514
2435000	0.6000000000	0.0001000000	0.0001000000	10	100	0	0.999518
2436000	0.6000000000	0.0001000000	0.0001000000	10	100	0	0.999518
2437000	0.6000000000	0.0001000000	0.0001000000	10	100	0	0.999518
2438000	0.6000000000	0.0001000000	0.0001000000	10	100	0	0.999518
2439000	0.6000000000	0.0001000000	0.0001000000	10	100	0	0.999518
2440000	0.6000000000	0.0001000000	0.0001000000	10	100	0	0.999518
2441000	0.6000000000	0.0001000000	0.0001000000	10	100	0	0.999518
2442000	0.6000000000	0.0001000000	0.0001000000	10	100	0	0.999518
2443000	0.6000000000	0.0001000000	0.0001000000	10	100	0	0.999518
2444000	0.6000000000	0.0001000000	0.0001000000	10	100	0	0.999514
2445000	0.6000000000	0.0001000000	0.0001000000	10	100	0	0.999514
2446000	0.6000000000	0.0001000000	0.0001000000	10	100	0	0.999514
2447000	0.6000000000	0.0001000000	0.0001000000	10	100	0	0.999514
2448000	0.6000000000	0.0001000000	0.0001000000	10	100	0	0.999514
2449000	0.6000000000	0.0001000000	0.0001000000	10	100	0	0.999514
2450000	0.6000000000	0.0001000000	0.0001000000	10	100	0	0.999514
2451000	0.6000000000	0.0001000000	0.0001000000	10	100	0	0.999514
2452000	0.6000000000	0.0001000000	0.0001000000	10	100	0	0.999514
2453000	0.6000000000	0.0001000000	0.0001000000	10	100	0	0.999514
2454000	0.6000000000	0.0001000000	0.0001000000	10	100	0	0.999514
2455000	0.6000000000	0.0001000000	0.0001000000	10	100	0	0.999514
2456000	0.6000000000	0.0001000000	0.0001000000	10	100	0	0.999511
2457000	0.6000000000	0.0001000000	0.0001000000	10	100	0	0.999511
2458000	0.6000000000	0.0001000000	0.0001000000	10	100	0	0.999511
2459000	0.6000000000	0.0001000000	0.0001000000	10	100	0	0.999511
2460000	0.6000000000	0.0001000000	0.0001000000	10	100	0	0.999511
2461000	0.6000000000	0.0001000000	0.0001000000	10	100	0	0.999507
2462000	0.6000000000	0.0001000000	0.0001000000	10	100	0	0.999507
2463000	0.6000000000	0.0001000000	0.0001000000	10	100	0	0.999507
2464000	0.6000000000	0.0001000000	0.0001000000	10	100	0	0.999507
2465000	0.6000000000	0.0001000000	0.0001000000	10	100	0	0.999507
2466000	0.6000000000	0.0001000000	0.0001000000	10	100	0	0.999507
2467000	0.6000000000	0.0001000000	0.0001000000	10	100	0	0.999507
2468000	0.6000000000	0.0001000000	0.0001000000	10	100	0	0.999507
2469000	0.6000000000	0.0001000000	0.0001000000	10	100	0	0.999507
2470000	0.6000000000	0.0001000000	0.0001000000	10	100	0	0.999507
2471000	0.6000000000	0.0001000000	0.0001000000	10	100	0	0.999507
2472000	0.6000000000	0.0001000000	0.0001000000	10	100	0	0.999507
2473000	0.6000000000	0.0001000000	0.0001000000	10	100	0	0.999507
2474000	0.6000000000	0.0001000000	0.0001000000	10	100	0	0.999507
2475000	0.6000000000	0.0001000000	0.0001000000	10	100	0	0.999507
2476000	0.6000000000	0.0001000000	0.0001000000	10	100	0	0.999507
2477000	0.6000000000	0.0001000000	0.0001000000	10	100	0	0.999511
2478000	0.6000000000	0.0001000000	0.0001000000	10	100	0	0.999511
2479000	0.6000000000	0.0001000000	0.0001000000	10	100	0	0.999511
2480000	0.6000000000	0.0001000000	0.0001000000	10	100	0	0.999514
2481000	0.6000000000	0.0001000000	0.0001000000	10	100	0	0.999514
2482000	0.6000000000	0.0001000000	0.0001000000	10	100	0	0.999514
2483000	0.6000000000	0.0001000000	0.0001000000	10	100	0	0.999511
2484000	0.6000000000	0.0001000000	0.0001000000	10	100	0	0.999511
2485000	0.6000000000	0.0001000000	0.0001000000	10	100	0	0.999511
2486000	0.6000000000	0.0001000000	0.0001000000	10	100	0	0.999511
2487000	0.6000000000	0.0001000000	0.0001000000	10	100	0	0.999514
2488000	0.6000000000	0.0001000000	0.0001000000	10	100	0	0.999514
2489000	0.6000000000	0.0001000000	0.0001000000	10	100	0	0.999514
2490000	0.6000000000	0.0001000000	0.0001000000	10	100	0	0.999514
2491000	0.6000000000	0.0001000000	0.0001000000	10	100	0	0.999514
2492000	0.6000000000	0.0001000000	0.0001000000	10	100	0	0.999514
2493000	0.6000000000	0.0001000000	0.0001000000	10	100	0	0.999514
2494000	0.6000000000	0.0001000000	0.0001000000	10	100	0	0.999514
2495000	0.6000000000	0.0001000000	0.0001000000	10	100	0	0.999514
2496000	0.6000000000	0.0001000000	0.0001000000	10	100	0	0.999514
2497000	0.6000000000	0.0001000000	0.0001000000	10	100	0	0.999514
2498000	0.6000000000	0.0001000000	0.0001000000	10	100	0	0.999514
2499000	0.6000000000	0.0001000000	0.0001000000	10	100	0	0.999514
2500000	0.6000000000	0.0001000000	0.0001000000	10	100	0	0.999514
2501000	0.6000000000	0.0001000000	0.0001000000	10	100	0	0.999514
2502000	0.6000000000	0.0001000000	0.0001000000	10	100	0	0.999514
2503000	0.6000000000	0.0001000000	0.0001000000	10	100	0	0.999514
2504000	0.6000000000	0.0001000000	0.0001000000	10	100	0	0.999514
2505000	0.6000000000	0.0001000000	0.0001000000	10	100	0	0.999514
2506000	0.6000000000	0.0001000000	0.0001000000	10	100	0	0.999514
2507000	0.6000000000	0.0001000000	0.0001000000	10	100	0	0.999514
2508000	0.6000000000	0.0001000000	0.0001000000	10	100	0	0.999514
2509000	0.6000000000	0.0001000000	0.0001000000	10	100	0	0.999514
2510000	0.6000000000	0.0001000000	0.0001000000	10	100	0	0.999514
2511000	0.6000000000	0.0001000000	0.0001000000	10	100	0	0.999514
2512000	0.6000000000	0.0001000000	0.0001000000	10	100	0	0.999514
2513000	0.6000000000	0.0001000000	0.0001000000	10	100	0	0.999514
2514000	0.6000000000	0.0001000000	0.0001000000	10	100	0	0.999514
2515000	0.6000000000	0.0001000000	0.0001000000	10	100	0	0.999514
2516000	0.6000000000	0.0001000000	0.0001000000	10	100	0	0.999514
2517000	0.6000000000	0.0001000000	0.0001000000	10	100	0	0.999514
2518000	0.6000000000	0.0001000000	0.0001000000	10	100	0	0.999514
2519000	0.6000000000	0.0001000000	0.0001000000	10	100	0	0.999514
2520000	0.6000000000	0.0001000000	0.0001000000	10	100	0	0.999514
2521000	0.6000000000	0.0001000000	0.0001000000	10	100	0	0.999514
2522000	0.6000000000	0.0001000000	0.0001000000	10	100	0	0.999514
2523000	0.6000000000	0.0001000000	0.0001000000	10	100	0	0.999518
2524000	0.6000000000	0.0001000000	0.0001000000	10	100	0	0.999518
2525000	0.6000000000	0.0001000000	0.0001000000	10	100	0	0.999518
2526000	0.6000000000	0.0001000000	0.0001000000	10	100	0	0.999518
2527000	0.6000000000	0.0001000000	0.0001000000	10	100	0	0.999518
2528000	0.6000000000	0.0001000000	0.0001000000	10	100	0	0.999518
2529000	0.6000000000	0.0001000000	0.0001000000	10	100	0	0.999518
2530000	0.6000000000	0.0001000000	0.0001000000	10	100	0	0.999518
2531000	0.6000000000	0.0001000000	0.0001000000	10	100	0	0.999518
2532000	0.6000000000	0.0001000000	0.0001000000	10	100	0	0.999518
2533000	0.6000000000	0.0001000000	0.0001000000	10	100	0	0.999518
2534000	0.6000000000	0.0001000000	0.0001000000	10	100	0	0.999518
2535000	0.6000000000	0.0001000000	0.0001000000	10	100	0	0.999518
2536000	0.6000000000	0.0001000000	0.0001000000	10	100	0	0.999518
2537000	0.6000000000	0.0001000000	0.0001000000	10	100	0	0.999518
2538000	0.6000000000	0.0001000000	0.0001000000	10	100	0	0.999518
2539000	0.6000000000	0.0001000000	0.0001000000	10	100	0	0.999518
2540000	0.6000000000	0.0001000000	0.0001000000	10	100	0	0.999518
2541000	0.6000000000	0.0001000000	0.0001000000	10	100	0	0.999518
2542000	0.6000000000	0.0001000000	0.0001000000	10	100	0	0.999518
2543000	0.6000000000	0.0001000000	0.0001000000	10	100	0	0.999518
2544000	0.6000000000	0.0001000000	0.0001000000	10	100	0	0.999518
2545000	0.6000000000	0.0001000000	0.0001000000	10	100	0	0.999518
2546000	0.6000000000	0.0001000000	0.0001000000	10	100	0	0.999518
2547000	0.6000000000	0.0001000000	0.0001000000	10	100	0	0.999518
2548000	0.6000000000	0.0001000000	0.0001000000	10	100	0	0.999518
2549000	0.6000000000	0.0001000000	0.0001000000	10	100	0	0.999518
2550000	0.6000000000	0.0001000000	0.0001000000	10	100	0	0.999518
2551000	0.6000000000	0.0001000000	0.0001000000	10	100	0	0.999514
2552000	0.6000000000	0.0001000000	0.0001000000	10	100	0	0.999514
2553000	0.6000000000	0.0001000000	0.0001000000	10	100	0	0.999514
2554000	0.6000000000	0.0001000000	0.0001000000	10	100	0	0.999514
2555000	0.6000000000	0.0001000000	0.0001000000	10	100	0	0.999518
2556000	0.6000000000	0.0001000000	0.0001000000	10	100	0	0.999518
2557000	0.6000000000	0.0001000000	0.0001000000	10	100	0	0.999518
2558000	0.6000000000	0.0001000000	0.0001000000	10	100	0	0.999518
2559000	0.6000000000	0.0001000000	0.0001000000	10	100	0	0.999518
2560000	0.6000000000	0.0001000000	0.0001000000	10	100	0	0.999518
2561000	0.6000000000	0.0001000000	0.0001000000	10	100	0	0.999518
2562000	0.6000000000	0.0001000000	0.0001000000	10	100	0	0.999518
2563000	0.6000000000	0.0001000000	0.0001000000	10	100	0	0.999518
2564000	0.6000000000	0.0001000000	0.0001000000	10	100	0	0.999518
2565000	0.6000000000	0.0001000000	0.0001000000	10	100	0	0.999518
2566000	0.6000000000	0.0001000000	0.0001000000	10	100	0	0.999518
2567000	0.6000000000	0.0001000000	0.0001000000	10	100	0	0.999518
2568000	0.6000000000	0.0001000000	0.0001000000	10	100	0	0.999518
2569000	0.6000000000	0.0001000000	0.0001000000	10	100	0	0.999518
2570000	0.6000000000	0.0001000000	0.0001000000	10	100	0	0.999518
2571000	0.6000000000	0.0001000000	0.0001000000	10	100	0	0.999518
2572000	0.6000000000	0.0001000000	0.0001000000	10	100	0	0.999518
2573000	0.6000000000	0.0001000000	0.0001000000	10	100	0	0.999518
2574000	0.6000000000	0.0001000000	0.0001000000	10	100	0	0.999518
2575000	0.6000000000	0.0001000000	0.0001000000	10	100	0	0.999518
2576000	0.6000000000	0.0001000000	0.0001000000	10	100	0	0.999518
2577000	0.6000000000	0.0001000000	0.0001000000	10	100	0	0.999518
2578000	0.6000000000	0.0001000000	0.0001000000	10	100	0	0.999518
2579000	0.6000000000	0.0001000000	0.0001000000	10	100	0	0.999522
2580000	0.6000000000	0.0001000000	0.0001000000	10	100	0	0.999522
2581000	0.6000000000	0.0001000000	0.0001000000	10	100	0	0.999514
2582000	0.6000000000	0.0001000000	0.0001000000	10	100	0	0.999511
2583000	0.6000000000	0.0001000000	0.0001000000	10	100	0	0.999511
2584000	0.6000000000	0.0001000000	0.0001000000	10	100	0	0.999511
2585000	0.6000000000	0.0001000000	0.0001000000	10	100	0	0.999511
2586000	0.6000000000	0.0001000000	0.0001000000	10	100	0	0.999511
2587000	0.6000000000	0.0001000000	0.0001000000	10	100	0	0.999511
2588000	0.6000000000	0.0001000000	0.0001000000	10	100	0	0.999511
2589000	0.6000000000	0.0001000000	0.0001000000	10	100	0	0.999511
2590000	0.6000000000	0.0001000000	0.0001000000	10	100	0	0.999511
2591000	0.6000000000	0.0001000000	0.0001000000	10	100	0	0.999511
2592000	0.6000000000	0.0001000000	0.0001000000	10	100	0	0.999511
2593000	0.6000000000	0.0001000000	0.0001000000	10	100	0	0.999511
2594000	0.6000000000	0.0001000000	0.0001000000	10	100	0	0.999511
2595000	0.6000000000	0.0001000000	0.0001000000	10	100	0	0.999511
2596000	0.6000000000	0.0001000000	0.0001000000	10	100	0	0.999511
2597000	0.6000000000	0.0001000000	0.0001000000	10	100	0	0.999511
2598000	0.6000000000	0.0001000000	0.0001000000	10	100	0	0.999514
2599000	0.6000000000	0.0001000000	0.0001000000	10	100	0	0.999511
2600000	0.6000000000	0.0001000000	0.0001000000	10	100	0	0.999511
2601000	0.6000000000	0.0001000000	0.0001000000	10	100	0	0.999511
2602000	0.6000000000	0.0001000000	0.0001000000	10	100	0	0.999511
2603000	0.6000000000	0.0001000000	0.0001000000	10	100	0	0.999511
2604000	0.6000000000	0.0001000000	0.0001000000	10	100	0	0.999511
2605000	0.6000000000	0.0001000000	0.0001000000	10	100	0	0.999511
2606000	0.6000000000	0.0001000000	0.0001000000	10	100	0	0.999511
2607000	0.6000000000	0.0001000000	0.0001000000	10	100	0	0.999511
2608000	0.6000000000	0.0001000000	0.0001000000	10	100	0	0.999511
2609000	0.6000000000	0.0001000000	0.0001000000	10	100	0	0.999514
2610000	0.6000000000	0.0001000000	0.0001000000	10	100	0	0.999514
2611000	0.6000000000	0.0001000000	0.0001000000	10	100	0	0.999514
2612000	0.6000000000	0.0001000000	0.0001000000	10	100	0	0.999514
2613000	0.6000000000	0.0001000000	0.0001000000	10	100	0	0.999514
2614000	0.6000000000	0.0001000000	0.0001000000	10	100	0	0.999514
2615000	0.6000000000	0.0001000000	0.0001000000	10	100	0	0.999514
2616000	0.6000000000	0.0001000000	0.0001000000	10	100	0	0.999514
2617000	0.6000000000	0.0001000000	0.0001000000	10	100	0	0.999514
2618000	0.6000000000	0.0001000000	0.0001000000	10	100	0	0.999514
2619000	0.6000000000	0.0001000000	0.0001000000	10	100	0	0.999514
2620000	0.6000000000	0.0001000000	0.0001000000	10	100	0	0.999511
2621000	0.6000000000	0.0001000000	0.0001000000	10	100	0	0.999511
2622000	0.6000000000	0.0001000000	0.0001000000	10	100	0	0.999511
2623000	0.6000000000	0.0001000000	0.0001000000	10	100	0	0.999511
2624000	0.6000000000	0.0001000000	0.0001000000	10	100	0	0.999511
2625000	0.6000000000	0.0001000000	0.0001000000	10	100	0	0.999511
2626000	0.6000000000	0.0001000000	0.0001000000	10	100	0	0.999511
2627000	0.6000000000	0.0001000000	0.0001000000	10	100	0	0.999511
2628000	0.6000000000	0.0001000000	0.0001000000	10	100	0	0.999511
2629000	0.6000000000	0.0001000000	0.0001000000	10	100	0	0.999511
2630000	0.6000000000	0.0001000000	0.0001000000	10	100	0	0.999511
2631000	0.6000000000	0.0001000000	0.0001000000	10	100	0	0.999511
2632000	0.6000000000	0.0001000000	0.0001000000	10	100	0	0.999511
2633000	0.6000000000	0.0001000000	0.0001000000	10	100	0	0.999511
2634000	0.6000000000	0.0001000000	0.0001000000	10	100	0	0.999511
2635000	0.6000000000	0.0001000000	0.0001000000	10	100	0	0.999514
2636000	0.6000000000	0.0001000000	0.0001000000	10	100	0	0.999514
2637000	0.6000000000	0.0001000000	0.0001000000	10	100	0	0.999514
2638000	0.6000000000	0.0001000000	0.0001000000	10	100	0	0.999511
2639000	0.6000000000	0.0001000000	0.0001000000	10	100	0	0.999511
2640000	0.6000000000	0.0001000000	0.0001000000	10	100	0	0.999511
2641000	0.6000000000	0.0001000000	0.0001000000	10	100	0	0.999511
2642000	0.6000000000	0.0001000000	0.0001000000	10	100	0	0.999511
2643000	0.6000000000	0.0001000000	0.0001000000	10	100	0	0.999511
2644000	0.6000000000	0.0001000000	0.0001000000	10	100	0	0.999511
2645000	0.6000000000	0.0001000000	0.0001000000	10	100	0	0.999511
2646000	0.6000000000	0.0001000000	0.0001000000	10	100	0	0.999511
2647000	0.6000000000	0.0001000000	0.0001000000	10	100	0	0.999514
2648000	0.6000000000	0.0001000000	0.0001000000	10	100	0	0.999514
2649000	0.6000000000	0.0001000000	0.0001000000	10	100	0	0.999514
2650000	0.6000000000	0.0001000000	0.0001000000	10	100	0	0.999514
2651000	0.6000000000	0.0001000000	0.0001000000	10	100	0	0.999514
2652000	0.6000000000	0.0001000000	0.0001000000	10	100	0	0.999514
2653000	0.6000000000	0.0001000000	0.0001000000	10	100	0	0.999514
2654000	0.6000000000	0.0001000000	0.0001000000	10	100	0	0.999514
2655000	0.6000000000	0.0001000000	0.0001000000	10	100	0	0.999514
2656000	0.6000000000	0.0001000000	0.0001000000	10	100	0	0.999514
2657000	0.6000000000	0.0001000000	0.0001000000	10	100	0	0.999514
2658000	0.6000000000	0.0001000000	0.0001000000	10	100	0	0.999514
2659000	0.6000000000	0.0001000000	0.0001000000	10	100	0	0.999514
2660000	0.6000000000	0.0001000000	0.0001000000	10	100	0	0.999514
2661000	0.6000000000	0.0001000000	0.0001000000	10	100	0	0.999514
2662000	0.6000000000	0.0001000000	0.0001000000	10	100	0	0.999514
2663000	0.6000000000	0.0001000000	0.0001000000	10	100	0	0.999514
2664000	0.6000000000	0.0001000000	0.0001000000	10	100	0	0.999514
2665000	0.6000000000	0.0001000000	0.0001000000	10	100	0	0.999514
2666000	0.6000000000	0.0001000000	0.0001000000	10	100	0	0.999514
2667000	0.6000000000	0.0001000000	0.0001000000	10	100	0	0.999514
2668000	0.6000000000	0.0001000000	0.0001000000	10	100	0	0.999514
2669000	0.6000000000	0.0001000000	0.0001000000	10	100	0	0.999514
2670000	0.6000000000	0.0001000000	0.0001000000	10	100	0	0.999514
2671000	0.6000000000	0.0001000000	0.0001000000	10	100	0	0.999514
2672000	0.6000000000	0.0001000000	0.0001000000	10	100	0	0.999514
2673000	0.6000000000	0.0001000000	0.0001000000	10	100	0	0.999514
2674000	0.6000000000	0.0001000000	0.0001000000	10	100	0	0.999514
2675000	0.6000000000	0.0001000000	0.0001000000	10	100	0	0.999514
2676000	0.6000000000	0.0001000000	0.0001000000	10	100	0	0.999514
2677000	0.6000000000	0.0001000000	0.0001000000	10	100	0	0.999518
2678000	0.6000000000	0.0001000000	0.0001000000	10	100	0	0.999518
2679000	0.6000000000	0.0001000000	0.0001000000	10	100	0	0.999518
2680000	0.6000000000	0.0001000000	0.0001000000	10	100	0	0.999518
2681000	0.6000000000	0.0001000000	0.0001000000	10	100	0	0.999518
2682000	0.6000000000	0.0001000000	0.0001000000	10	100	0	0.999518
2683000	0.6000000000	0.0001000000	0.0001000000	10	100	0	0.999518
2684000	0.6000000000	0.0001000000	0.0001000000	10	100	0	0.999518
2685000	0.6000000000	0.0001000000	0.0001000000	10	100	0	0.999518
2686000	0.6000000000	0.0001000000	0.0001000000	10	100	0	0.999518
2687000	0.6000000000	0.0001000000	0.0001000000	10	100	0	0.999518
2688000	0.6000000000	0.0001000000	0.0001000000	10	100	0	0.999518
2689000	0.6000000000	0.0001000000	0.0001000000	10	100	0	0.999518
2690000	0.6000000000	0.0001000000	0.0001000000	10	100	0	0.999518
2691000	0.6000000000	0.0001000000	0.0001000000	10	100	0	0.999518
2692000	0.6000000000	0.0001000000	0.0001000000	10	100	0	0.999518
2693000	0.6000000000	0.0001000000	0.0001000000	10	100	0	0.999518
2694000	0.6000000000	0.0001000000	0.0001000000	10	100	0	0.999518
2695000	0.6000000000	0.0001000000	0.0001000000	10	100	0	0.999518
2696000	0.6000000000	0.0001000000	0.0001000000	10	100	0	0.999518
2697000	0.6000000000	0.0001000000	0.0001000000	10	100	0	0.999518
2698000	0.6000000000	0.0001000000	0.0001000000	10	100	0	0.999518
2699000	0.6000000000	0.0001000000	0.0001000000	10	100	0	0.999518
2700000	0.6000000000	0.0001000000	0.0001000000	10	100	0	0.999522
2701000	0.6000000000	0.0001000000	0.0001000000	10	100	0	0.999518
2702000	0.6000000000	0.0001000000	0.0001000000	10	100	0	0.999518
2703000	0.6000000000	0.0001000000	0.0001000000	10	100	0	0.999518
2704000	0.6000000000	0.0001000000	0.0001000000	10	100	0	0.999518
2705000	0.6000000000	0.0001000000	0.0001000000	10	100	0	0.999518
2706000	0.6000000000	0.0001000000	0.0001000000	10	100	0	0.999518
2707000	0.6000000000	0.0001000000	0.0001000000	10	100	0	0.999518
2708000	0.6000000000	0.0001000000	0.0001000000	10	100	0	0.999518
2709000	0.6000000000	0.0001000000	0.0001000000	10	100	0	0.999518
2710000	0.6000000000	0.0001000000	0.0001000000	10	100	0	0.999518
2711000	0.6000000000	0.0001000000	0.0001000000	10	100	0	0.999518
2712000	0.6000000000	0.0001000000	0.0001000000	10	100	0	0.999518
2713000	0.6000000000	0.0001000000	0.0001000000	10	100	0	0.999522
2714000	0.6000000000	0.0001000000	0.0001000000	10	100	0	0.999522
2715000	0.6000000000	0.0001000000	0.0001000000	10	100	0	0.999522
2716000	0.6000000000	0.0001000000	0.0001000000	10	100	0	0.999522
2717000	0.6000000000	0.0001000000	0.0001000000	10	100	0	0.999522
2718000	0.6000000000	0.0001000000	0.0001000000	10	100	0	0.999522
2719000	0.6000000000	0.0001000000	0.0001000000	10	100	0	0.999522
2720000	0.6000000000	0.0001000000	0.0001000000	10	100	0	0.999522
2721000	0.6000000000	0.0001000000	0.0001000000	10	100	0	0.999522
2722000	0.6000000000	0.0001000000	0.0001000000	10	100	0	0.999522
2723000	0.6000000000	0.0001000000	0.0001000000	10	100	0	0.999531
2724000	0.6000000000	0.0001000000	0.0001000000	10	100	0	0.999534
2725000	0.6000000000	0.0001000000	0.0001000000	10	100	0	0.999534
2726000	0.6000000000	0.0001000000	0.0001000000	10	100	0	0.999534
2727000	0.6000000000	0.0001000000	0.0001000000	10	100	0	0.999534
2728000	0.6000000000	0.0001000000	0.0001000000	10	100	0	0.999530
2729000	0.6000000000	0.0001000000	0.0001000000	10	100	0	0.999530
2730000	0.6000000000	0.0001000000	0.0001000000	10	100	0	0.999530
2731000	0.6000000000	0.0001000000	0.0001000000	10	100	0	0.999530
2732000	0.6000000000	0.0001000000	0.0001000000	10	100	0	0.999530
2733000	0.6000000000	0.0001000000	0.0001000000	10	100	0	0.999534
2734000	0.6000000000	0.0001000000	0.0001000000	10	100	0	0.999534
2735000	0.6000000000	0.0001000000	0.0001000000	10	100	0	0.999534
2736000	0.6000000000	0.0001000000	0.0001000000	10	100	0	0.999534
2737000	0.6000000000	0.0001000000	0.0001000000	10	100	0	0.999534
2738000	0.6000000000	0.0001000000	0.0001000000	10	100	0	0.999534
2739000	0.6000000000	0.0001000000	0.0001000000	10	100	0	0.999534
2740000	0.6000000000	0.0001000000	0.0001000000	10	100	0	0.999534
2741000	0.6000000000	0.0001000000	0.0001000000	10	100	0	0.999534
2742000	0.6000000000	0.0001000000	0.0001000000	10	100	0	0.999534
2743000	0.6000000000	0.0001000000	0.0001000000	10	100	0	0.999534
2744000	0.6000000000	0.0001000000	0.0001000000	10	100	0	0.999534
2745000	0.6000000000	0.0001000000	0.0001000000	10	100	0	0.999534
2746000	0.6000000000	0.0001000000	0.0001000000	10	100	0	0.999534
2747000	0.6000000000	0.0001000000	0.0001000000	10	100	0	0.999534
2748000	0.6000000000	0.0001000000	0.0001000000	10	100	0	0.999534
2749000	0.6000000000	0.0001000000	0.0001000000	10	100	0	0.999534
2750000	0.6000000000	0.0001000000	0.0001000000	10	100	0	0.999534
2751000	0.6000000000	0.0001000000	0.0001000000	10	100	0	0.999534
2752000	0.6000000000	0.0001000000	0.0001000000	10	100	0	0.999534
2753000	0.6000000000	0.0001000000	0.0001000000	10	100	0	0.999534
2754000	0.6000000000	0.0001000000	0.0001000000	10	100	0	0.999534
2755000	0.6000000000	0.0001000000	0.0001000000	10	100	0	0.999534
2756000	0.6000000000	0.0001000000	0.0001000000	10	100	0	0.999534
2757000	0.6000000000	0.0001000000	0.0001000000	10	100	0	0.999530
2758000	0.6000000000	0.0001000000	0.0001000000	10	100	0	0.999530
2759000	0.6000000000	0.0001000000	0.0001000000	10	100	0	0.999530
2760000	0.6000000000	0.0001000000	0.0001000000	10	100	0	0.999530
2761000	0.6000000000	0.0001000000	0.0001000000	10	100	0	0.999530
2762000	0.6000000000	0.0001000000	0.0001000000	10	100	0	0.999530
2763000	0.6000000000	0.0001000000	0.0001000000	10	100	0	0.999530
2764000	0.6000000000	0.0001000000	0.0001000000	10	100	0	0.999530
2765000	0.6000000000	0.0001000000	0.0001000000	10	100	0	0.999530
2766000	0.6000000000	0.0001000000	0.0001000000	10	100	0	0.999530
2767000	0.6000000000	0.0001000000	0.0001000000	10	100	0	0.999530
2768000	0.6000000000	0.0001000000	0.0001000000	10	100	0	0.999534
2769000	0.6000000000	0.0001000000	0.0001000000	10	100	0	0.999534
2770000	0.6000000000	0.0001000000	0.0001000000	10	100	0	0.999534
2771000	0.6000000000	0.0001000000	0.0001000000	10	100	0	0.999534
2772000	0.6000000000	0.0001000000	0.0001000000	10	100	0	0.999534
2773000	0.6000000000	0.0001000000	0.0001000000	10	100	0	0.999534
2774000	0.6000000000	0.0001000000	0.0001000000	10	100	0	0.999534
2775000	0.6000000000	0.0001000000	0.0001000000	10	100	0	0.999534
2776000	0.6000000000	0.0001000000	0.0001000000	10	100	0	0.999534
2777000	0.6000000000	0.0001000000	0.0001000000	10	100	0	0.999534
2778000	0.6000000000	0.0001000000	0.0001000000	10	100	0	0.999534
2779000	0.6000000000	0.0001000000	0.0001000000	10	100	0	0.999534
2780000	0.6000000000	0.0001000000	0.0001000000	10	100	0	0.999534
2781000	0.6000000000	0.0001000000	0.0001000000	10	100	0	0.999534
2782000	0.6000000000	0.0001000000	0.0001000000	10	100	0	0.999534
2783000	0.6000000000	0.0001000000	0.0001000000	10	100	0	0.999534
2784000	0.6000000000	0.0001000000	0.0001000000	10	100	0	0.999538
2785000	0.6000000000	0.0001000000	0.0001000000	10	100	0	0.999538
2786000	0.6000000000	0.0001000000	0.0001000000	10	100	0	0.999538
2787000	0.6000000000	0.0001000000	0.0001000000	10	100	0	0.999538
2788000	0.6000000000	0.0001000000	0.0001000000	10	100	0	0.999538
2789000	0.6000000000	0.0001000000	0.0001000000	10	100	0	0.999538
2790000	0.6000000000	0.0001000000	0.0001000000	10	100	0	0.999538
2791000	0.6000000000	0.0001000000	0.0001000000	10	100	0	0.999538
2792000	0.6000000000	0.0001000000	0.0001000000	10	100	0	0.999538
2793000	0.6000000000	0.0001000000	0.0001000000	10	100	0	0.999538
2794000	0.6000000000	0.0001000000	0.0001000000	10	100	0	0.999538
2795000	0.6000000000	0.0001000000	0.0001000000	10	100	0	0.999538
2796000	0.6000000000	0.0001000000	0.0001000000	10	100	0	0.999538
2797000	0.6000000000	0.0001000000	0.0001000000	10	100	0	0.999534
2798000	0.6000000000	0.0001000000	0.0001000000	10	100	0	0.999534
2799000	0.6000000000	0.0001000000	0.0001000000	10	100	0	0.999534
2800000	0.6000000000	0.0001000000	0.0001000000	10	100	0	0.999534
2801000	0.6000000000	0.0001000000	0.0001000000	10	100	0	0.999534
2802000	0.6000000000	0.0001000000	0.0001000000	10	100	0	0.999534
2803000	0.6000000000	0.0001000000	0.0001000000	10	100	0	0.999534
2804000	0.6000000000	0.0001000000	0.0001000000	10	100	0	0.999534
2805000	0.6000000000	0.0001000000	0.0001000000	10	100	0	0.999534
2806000	0.6000000000	0.0001000000	0.0001000000	10	100	0	0.999534
2807000	0.6000000000	0.0001000000	0.0001000000	10	100	0	0.999534
2808000	0.6000000000	0.0001000000	0.0001000000	10	100	0	0.999534
2809000	0.6000000000	0.0001000000	0.0001000000	10	100	0	0.999534
2810000	0.6000000000	0.0001000000	0.0001000000	10	100	0	0.999534
2811000	0.6000000000	0.0001000000	0.0001000000	10	100	0	0.999534
2812000	0.6000000000	0.0001000000	0.0001000000	10	100	0	0.999534
2813000	0.6000000000	0.0001000000	0.0001000000	10	100	0	0.999530
2814000	0.6000000000	0.0001000000	0.0001000000	10	100	0	0.999530
2815000	0.6000000000	0.0001000000	0.0001000000	10	100	0	0.999530
2816000	0.6000000000	0.0001000000	0.0001000000	10	100	0	0.999530
2817000	0.6000000000	0.0001000000	0.0001000000	10	100	0	0.999530
2818000	0.6000000000	0.0001000000	0.0001000000	10	100	0	0.999530
2819000	0.6000000000	0.0001000000	0.0001000000	10	100	0	0.999530
2820000	0.6000000000	0.0001000000	0.0001000000	10	100	0	0.999530
2821000	0.6000000000	0.0001000000	0.0001000000	10	100	0	0.999530
2822000	0.6000000000	0.0001000000	0.0001000000	10	100	0	0.999530
2823000	0.6000000000	0.0001000000	0.0001000000	10	100	0	0.999530
2824000	0.6000000000	0.0001000000	0.0001000000	10	100	0	0.999530
2825000	0.6000000000	0.0001000000	0.0001000000	10	100	0	0.999530
2826000	0.6000000000	0.0001000000	0.0001000000	10	100	0	0.999530
2827000	0.6000000000	0.0001000000	0.0001000000	10	100	0	0.999534
2828000	0.6000000000	0.0001000000	0.0001000000	10	100	0	0.999534
2829000	0.6000000000	0.0001000000	0.0001000000	10	100	0	0.999534
2830000	0.6000000000	0.0001000000	0.0001000000	10	100	0	0.999534
2831000	0.6000000000	0.0001000000	0.0001000000	10	100	0	0.999534
2832000	0.6000000000	0.0001000000	0.0001000000	10	100	0	0.999534
2833000	0.6000000000	0.0001000000	0.0001000000	10	100	0	0.999534
2834000	0.6000000000	0.0001000000	0.0001000000	10	100	0	0.999534
2835000	0.6000000000	0.0001000000	0.0001000000	10	100	0	0.999534
2836000	0.6000000000	0.0001000000	0.0001000000	10	100	0	0.999534
2837000	0.6000000000	0.0001000000	0.0001000000	10	100	0	0.999534
2838000	0.6000000000	0.0001000000	0.0001000000	10	100	0	0.999534
2839000	0.6000000000	0.0001000000	0.0001000000	10	100	0	0.999534
2840000	0.6000000000	0.0001000000	0.0001000000	10	100	0	0.999534
2841000	0.6000000000	0.0001000000	0.0001000000	10	100	0	0.999534
2842000	0.6000000000	0.0001000000	0.0001000000	10	100	0	0.999534
2843000	0.6000000000	0.0001000000	0.0001000000	10	100	0	0.999534
2844000	0.6000000000	0.0001000000	0.0001000000	10	100	0	0.999534
2845000	0.6000000000	0.0001000000	0.0001000000	10	100	0	0.999534
2846000	0.6000000000	0.0001000000	0.0001000000	10	100	0	0.999534
2847000	0.6000000000	0.0001000000	0.0001000000	10	100	0	0.999534
2848000	0.6000000000	0.0001000000	0.0001000000	10	100	0	0.999534
2849000	0.6000000000	0.0001000000	0.0001000000	10	100	0	0.999534
2850000	0.6000000000	0.0001000000	0.0001000000	10	100	0	0.999534
2851000	0.6000000000	0.0001000000	0.0001000000	10	100	0	0.999534
2852000	0.6000000000	0.0001000000	0.0001000000	10	100	0	0.999534
2853000	0.6000000000	0.0001000000	0.0001000000	10	100	0	0.999534
2854000	0.6000000000	0.0001000000	0.0001000000	10	100	0	0.999534
2855000	0.6000000000	0.0001000000	0.0001000000	10	100	0	0.999534
2856000	0.6000000000	0.0001000000	0.0001000000	10	100	0	0.999534
2857000	0.6000000000	0.0001000000	0.0001000000	10	100	0	0.999534
2858000	0.6000000000	0.0001000000	0.0001000000	10	100	0	0.999538
2859000	0.6000000000	0.0001000000	0.0001000000	10	100	0	0.999538
2860000	0.6000000000	0.0001000000	0.0001000000	10	100	0	0.999538
2861000	0.6000000000	0.0001000000	0.0001000000	10	100	0	0.999538
2862000	0.6000000000	0.0001000000	0.0001000000	10	100	0	0.999538
2863000	0.6000000000	0.0001000000	0.0001000000	10	100	0	0.999538
2864000	0.6000000000	0.0001000000	0.0001000000	10	100	0	0.999538
2865000	0.6000000000	0.0001000000	0.0001000000	10	100	0	0.999538
2866000	0.6000000000	0.0001000000	0.0001000000	10	100	0	0.999538
2867000	0.6000000000	0.0001000000	0.0001000000	10	100	0	0.999538
2868000	0.6000000000	0.0001000000	0.0001000000	10	100	0	0.999534
2869000	0.6000000000	0.0001000000	0.0001000000	10	100	0	0.999538
2870000	0.6000000000	0.0001000000	0.0001000000	10	100	0	0.999538
2871000	0.6000000000	0.0001000000	0.0001000000	10	100	0	0.999538
2872000	0.6000000000	0.0001000000	0.0001000000	10	100	0	0.999538
2873000	0.6000000000	0.0001000000	0.0001000000	10	100	0	0.999538
2874000	0.6000000000	0.0001000000	0.0001000000	10	100	0	0.999538
2875000	0.6000000000	0.0001000000	0.0001000000	10	100	0	0.999538
2876000	0.6000000000	0.0001000000	0.0001000000	10	100	0	0.999538
2877000	0.6000000000	0.0001000000	0.0001000000	10	100	0	0.999542
2878000	0.6000000000	0.0001000000	0.0001000000	10	100	0	0.999542
2879000	0.6000000000	0.0001000000	0.0001000000	10	100	0	0.999542
2880000	0.6000000000	0.0001000000	0.0001000000	10	100	0	0.999542
2881000	0.6000000000	0.0001000000	0.0001000000	10	100	0	0.999542
2882000	0.6000000000	0.0001000000	0.0001000000	10	100	0	0.999542
2883000	0.6000000000	0.0001000000	0.0001000000	10	100	0	0.999542
2884000	0.6000000000	0.0001000000	0.0001000000	10	100	0	0.999542
2885000	0.6000000000	0.0001000000	0.0001000000	10	100	0	0.999542
2886000	0.6000000000	0.0001000000	0.0001000000	10	100	0	0.999542
2887000	0.6000000000	0.0001000000	0.0001000000	10	100	0	0.999542
2888000	0.6000000000	0.0001000000	0.0001000000	10	100	0	0.999542
2889000	0.6000000000	0.0001000000	0.0001000000	10	100	0	0.999542
2890000	0.6000000000	0.0001000000	0.0001000000	10	100	0	0.999542
2891000	0.6000000000	0.0001000000	0.0001000000	10	100	0	0.999542
2892000	0.6000000000	0.0001000000	0.0001000000	10	100	0	0.999542
2893000	0.6000000000	0.0001000000	0.0001000000	10	100	0	0.999542
2894000	0.6000000000	0.0001000000	0.0001000000	10	100	0	0.999542
2895000	0.6000000000	0.0001000000	0.0001000000	10	100	0	0.999542
2896000	0.6000000000	0.0001000000	0.0001000000	10	100	0	0.999542
2897000	0.6000000000	0.0001000000	0.0001000000	10	100	0	0.999542
2898000	0.6000000000	0.0001000000	0.0001000000	10	100	0	0.999538
2899000	0.6000000000	0.0001000000	0.0001000000	10	100	0	0.999538
2900000	0.6000000000	0.0001000000	0.0001000000	10	100	0	0.999538
2901000	0.6000000000	0.0001000000	0.0001000000	10	100	0	0.999538
2902000	0.6000000000	0.0001000000	0.0001000000	10	100	0	0.999538
2903000	0.6000000000	0.0001000000	0.0001000000	10	100	0	0.999538
2904000	0.6000000000	0.0001000000	0.0001000000	10	100	0	0.999538
2905000	0.6000000000	0.0001000000	0.0001000000	10	100	0	0.999538
2906000	0.6000000000	0.0001000000	0.0001000000	10	100	0	0.999538
2907000	0.6000000000	0.0001000000	0.0001000000	10	100	0	0.999538
2908000	0.6000000000	0.0001000000	0.0001000000	10	100	0	0.999538
2909000	0.6000000000	0.0001000000	0.0001000000	10	100	0	0.999538
2910000	0.6000000000	0.0001000000	0.0001000000	10	100	0	0.999542
2911000	0.6000000000	0.0001000000	0.0001000000	10	100	0	0.999542
2912000	0.6000000000	0.0001000000	0.0001000000	10	100	0	0.999542
2913000	0.6000000000	0.0001000000	0.0001000000	10	100	0	0.999542
2914000	0.6000000000	0.0001000000	0.0001000000	10	100	0	0.999542
2915000	0.6000000000	0.0001000000	0.0001000000	10	100	0	0.999542
2916000	0.6000000000	0.0001000000	0.0001000000	10	100	0	0.999542
2917000	0.6000000000	0.0001000000	0.0001000000	10	100	0	0.999542
2918000	0.6000000000	0.0001000000	0.0001000000	10	100	0	0.999542
2919000	0.6000000000	0.0001000000	0.0001000000	10	100	0	0.999542
2920000	0.6000000000	0.0001000000	0.0001000000	10	100	0	0.999542
2921000	0.6000000000	0.0001000000	0.0001000000	10	100	0	0.999542
2922000	0.6000000000	0.0001000000	0.0001000000	10	100	0	0.999542
2923000	0.6000000000	0.0001000000	0.0001000000	10	100	0	0.999542
2924000	0.6000000000	0.0001000000	0.0001000000	10	100	0	0.999542
2925000	0.6000000000	0.0001000000	0.0001000000	10	100	0	0.999542
2926000	0.6000000000	0.0001000000	0.0001000000	10	100	0	0.999542
2927000	0.6000000000	0.0001000000	0.0001000000	10	100	0	0.999542
2928000	0.6000000000	0.0001000000	0.0001000000	10	100	0	0.999542
2929000	0.6000000000	0.0001000000	0.0001000000	10	100	0	0.999542
2930000	0.6000000000	0.0001000000	0.0001000000	10	100	0	0.999542
2931000	0.6000000000	0.0001000000	0.0001000000	10	100	0	0.999542
2932000	0.6000000000	0.0001000000	0.0001000000	10	100	0	0.999542
2933000	0.6000000000	0.0001000000	0.0001000000	10	100	0	0.999542
2934000	0.6000000000	0.0001000000	0.0001000000	10	100	0	0.999542
2935000	0.6000000000	0.0001000000	0.0001000000	10	100	0	0.999542
2936000	0.6000000000	0.0001000000	0.0001000000	10	100	0	0.999542
2937000	0.6000000000	0.0001000000	0.0001000000	10	100	0	0.999542
2938000	0.6000000000	0.0001000000	0.0001000000	10	100	0	0.999542
2939000	0.6000000000	0.0001000000	0.0001000000	10	100	0	0.999542
2940000	0.6000000000	0.0001000000	0.0001000000	10	100	0	0.999542
2941000	0.6000000000	0.0001000000	0.0001000000	10	100	0	0.999542
2942000	0.6000000000	0.0001000000	0.0001000000	10	100	0	0.999542
2943000	0.6000000000	0.0001000000	0.0001000000	10	100	0	0.999542
2944000	0.6000000000	0.0001000000	0.0001000000	10	100	0	0.999542
2945000	0.6000000000	0.0001000000	0.0001000000	10	100	0	0.999542
2946000	0.6000000000	0.0001000000	0.0001000000	10	100	0	0.999542
2947000	0.6000000000	0.0001000000	0.0001000000	10	100	0	0.999546
2948000	0.6000000000	0.0001000000	0.0001000000	10	100	0	0.999546
2949000	0.6000000000	0.0001000000	0.0001000000	10	100	0	0.999546
2950000	0.6000000000	0.0001000000	0.0001000000	10	100	0	0.999550
2951000	0.6000000000	0.0001000000	0.0001000000	10	100	0	0.999550
2952000	0.6000000000	0.0001000000	0.0001000000	10	100	0	0.999550
2953000	0.6000000000	0.0001000000	0.0001000000	10	100	0	0.999550
2954000	0.6000000000	0.0001000000	0.0001000000	10	100	0	0.999550
2955000	0.6000000000	0.0001000000	0.0001000000	10	100	0	0.999550
2956000	0.6000000000	0.0001000000	0.0001000000	10	100	0	0.999550
2957000	0.6000000000	0.0001000000	0.0001000000	10	100	0	0.999550
2958000	0.6000000000	0.0001000000	0.0001000000	10	100	0	0.999550
2959000	0.6000000000	0.0001000000	0.0001000000	10	100	0	0.999550
2960000	0.6000000000	0.0001000000	0.0001000000	10	100	0	0.999550
2961000	0.6000000000	0.0001000000	0.0001000000	10	100	0	0.999550
2962000	0.6000000000	0.0001000000	0.0001000000	10	100	0	0.999550
2963000	0.6000000000	0.0001000000	0.0001000000	10	100	0	0.999550
2964000	0.6000000000	0.0001000000	0.0001000000	10	100	0	0.999550
2965000	0.6000000000	0.0001000000	0.0001000000	10	100	0	0.999550
2966000	0.6000000000	0.0001000000	0.0001000000	10	100	0	0.999550
2967000	0.6000000000	0.0001000000	0.0001000000	10	100	0	0.999546
2968000	0.6000000000	0.0001000000	0.0001000000	10	100	0	0.999546
2969000	0.6000000000	0.0001000000	0.0001000000	10	100	0	0.999546
2970000	0.6000000000	0.0001000000	0.0001000000	10	100	0	0.999546
2971000	0.6000000000	0.0001000000	0.0001000000	10	100	0	0.999542
2972000	0.6000000000	0.0001000000	0.0001000000	10	100	0	0.999542
2973000	0.6000000000	0.0001000000	0.0001000000	10	100	0	0.999542
2974000	0.6000000000	0.0001000000	0.0001000000	10	100	0	0.999542
2975000	0.6000000000	0.0001000000	0.0001000000	10	100	0	0.999546
2976000	0.6000000000	0.0001000000	0.0001000000	10	100	0	0.999546
2977000	0.6000000000	0.0001000000	0.0001000000	10	100	0	0.999546
2978000	0.6000000000	0.0001000000	0.0001000000	10	100	0	0.999542
2979000	0.6000000000	0.0001000000	0.0001000000	10	100	0	0.999542
2980000	0.6000000000	0.0001000000	0.0001000000	10	100	0	0.999542
2981000	0.6000000000	0.0001000000	0.0001000000	10	100	0	0.999542
2982000	0.6000000000	0.0001000000	0.0001000000	10	100	0	0.999542
2983000	0.6000000000	0.0001000000	0.0001000000	10	100	0	0.999542
2984000	0.6000000000	0.0001000000	0.0001000000	10	100	0	0.999542
2985000	0.6000000000	0.0001000000	0.0001000000	10	100	0	0.999542
2986000	0.6000000000	0.0001000000	0.0001000000	10	100	0	0.999542
2987000	0.6000000000	0.0001000000	0.0001000000	10	100	0	0.999542
2988000	0.6000000000	0.0001000000	0.0001000000	10	100	0	0.999542
2989000	0.6000000000	0.0001000000	0.0001000000	10	100	0	0.999542
2990000	0.6000000000	0.0001000000	0.0001000000	10	100	0	0.999538
2991000	0.6000000000	0.0001000000	0.0001000000	10	100	0	0.999538
2992000	0.6000000000	0.0001000000	0.0001000000	10	100	0	0.999538
2993000	0.6000000000	0.0001000000	0.0001000000	10	100	0	0.999538
2994000	0.6000000000	0.0001000000	0.0001000000	10	100	0	0.999538
2995000	0.6000000000	0.0001000000	0.0001000000	10	100	0	0.999538
2996000	0.6000000000	0.0001000000	0.0001000000	10	100	0	0.999542
2997000	0.6000000000	0.0001000000	0.0001000000	10	100	0	0.999542
2998000	0.6000000000	0.0001000000	0.0001000000	10	100	0	0.999542
2999000	0.6000000000	0.0001000000	0.0001000000	10	100	0	0.999538
3000000	0.6000000000	0.0001000000	0.0001000000	10	100	0	0.999538
