time	epistasis_coef	sel_coef	mu_prob	Ne	L	k_start	mean_fitness
2000000	0.4000000000	0.0010000000	0.1000000000	10	100	0	0.989352
2001000	0.4000000000	0.0010000000	0.1000000000	10	100	0	0.988906
2002000	0.4000000000	0.0010000000	0.1000000000	10	100	0	0.990246
2003000	0.4000000000	0.0010000000	0.1000000000	10	100	0	0.988242
2004000	0.4000000000	0.0010000000	0.1000000000	10	100	0	0.988859
2005000	0.4000000000	0.0010000000	0.1000000000	10	100	0	0.989499
2006000	0.4000000000	0.0010000000	0.1000000000	10	100	0	0.989451
2007000	0.4000000000	0.0010000000	0.1000000000	10	100	0	0.989255
2008000	0.4000000000	0.0010000000	0.1000000000	10	100	0	0.990155
2009000	0.4000000000	0.0010000000	0.1000000000	10	100	0	0.989487
2010000	0.4000000000	0.0010000000	0.1000000000	10	100	0	0.989025
2011000	0.4000000000	0.0010000000	0.1000000000	10	100	0	0.990349
2012000	0.4000000000	0.0010000000	0.1000000000	10	100	0	0.988847
2013000	0.4000000000	0.0010000000	0.1000000000	10	100	0	0.989085
2014000	0.4000000000	0.0010000000	0.1000000000	10	100	0	0.988811
2015000	0.4000000000	0.0010000000	0.1000000000	10	100	0	0.989698
2016000	0.4000000000	0.0010000000	0.1000000000	10	100	0	0.990653
2017000	0.4000000000	0.0010000000	0.1000000000	10	100	0	0.988966
2018000	0.4000000000	0.0010000000	0.1000000000	10	100	0	0.989598
2019000	0.4000000000	0.0010000000	0.1000000000	10	100	0	0.989512
2020000	0.4000000000	0.0010000000	0.1000000000	10	100	0	0.988484
2021000	0.4000000000	0.0010000000	0.1000000000	10	100	0	0.990925
2022000	0.4000000000	0.0010000000	0.1000000000	10	100	0	0.989364
2023000	0.4000000000	0.0010000000	0.1000000000	10	100	0	0.989159
2024000	0.4000000000	0.0010000000	0.1000000000	10	100	0	0.990336
2025000	0.4000000000	0.0010000000	0.1000000000	10	100	0	0.989218
2026000	0.4000000000	0.0010000000	0.1000000000	10	100	0	0.988577
2027000	0.4000000000	0.0010000000	0.1000000000	10	100	0	0.990181
2028000	0.4000000000	0.0010000000	0.1000000000	10	100	0	0.989952
2029000	0.4000000000	0.0010000000	0.1000000000	10	100	0	0.990415
2030000	0.4000000000	0.0010000000	0.1000000000	10	100	0	0.989231
2031000	0.4000000000	0.0010000000	0.1000000000	10	100	0	0.989438
2032000	0.4000000000	0.0010000000	0.1000000000	10	100	0	0.990588
2033000	0.4000000000	0.0010000000	0.1000000000	10	100	0	0.990014
2034000	0.4000000000	0.0010000000	0.1000000000	10	100	0	0.990377
2035000	0.4000000000	0.0010000000	0.1000000000	10	100	0	0.990336
2036000	0.4000000000	0.0010000000	0.1000000000	10	100	0	0.990855
2037000	0.4000000000	0.0010000000	0.1000000000	10	100	0	0.989242
2038000	0.4000000000	0.0010000000	0.1000000000	10	100	0	0.988612
2039000	0.4000000000	0.0010000000	0.1000000000	10	100	0	0.988823
2040000	0.4000000000	0.0010000000	0.1000000000	10	100	0	0.989512
2041000	0.4000000000	0.0010000000	0.1000000000	10	100	0	0.989315
2042000	0.4000000000	0.0010000000	0.1000000000	10	100	0	0.989598
2043000	0.4000000000	0.0010000000	0.1000000000	10	100	0	0.989219
2044000	0.4000000000	0.0010000000	0.1000000000	10	100	0	0.989316
2045000	0.4000000000	0.0010000000	0.1000000000	10	100	0	0.989574
2046000	0.4000000000	0.0010000000	0.1000000000	10	100	0	0.989748
2047000	0.4000000000	0.0010000000	0.1000000000	10	100	0	0.990014
2048000	0.4000000000	0.0010000000	0.1000000000	10	100	0	0.988930
2049000	0.4000000000	0.0010000000	0.1000000000	10	100	0	0.989158
2050000	0.4000000000	0.0010000000	0.1000000000	10	100	0	0.990284
2051000	0.4000000000	0.0010000000	0.1000000000	10	100	0	0.989218
2052000	0.4000000000	0.0010000000	0.1000000000	10	100	0	0.989512
2053000	0.4000000000	0.0010000000	0.1000000000	10	100	0	0.989279
2054000	0.4000000000	0.0010000000	0.1000000000	10	100	0	0.989773
2055000	0.4000000000	0.0010000000	0.1000000000	10	100	0	0.990468
2056000	0.4000000000	0.0010000000	0.1000000000	10	100	0	0.989327
2057000	0.4000000000	0.0010000000	0.1000000000	10	100	0	0.990142
2058000	0.4000000000	0.0010000000	0.1000000000	10	100	0	0.989861
2059000	0.4000000000	0.0010000000	0.1000000000	10	100	0	0.990219
2060000	0.4000000000	0.0010000000	0.1000000000	10	100	0	0.988659
2061000	0.4000000000	0.0010000000	0.1000000000	10	100	0	0.990090
2062000	0.4000000000	0.0010000000	0.1000000000	10	100	0	0.990245
2063000	0.4000000000	0.0010000000	0.1000000000	10	100	0	0.990774
2064000	0.4000000000	0.0010000000	0.1000000000	10	100	0	0.989425
2065000	0.4000000000	0.0010000000	0.1000000000	10	100	0	0.989823
2066000	0.4000000000	0.0010000000	0.1000000000	10	100	0	0.989328
2067000	0.4000000000	0.0010000000	0.1000000000	10	100	0	0.990285
2068000	0.4000000000	0.0010000000	0.1000000000	10	100	0	0.990169
2069000	0.4000000000	0.0010000000	0.1000000000	10	100	0	0.989487
2070000	0.4000000000	0.0010000000	0.1000000000	10	100	0	0.988942
2071000	0.4000000000	0.0010000000	0.1000000000	10	100	0	0.989146
2072000	0.4000000000	0.0010000000	0.1000000000	10	100	0	0.989837
2073000	0.4000000000	0.0010000000	0.1000000000	10	100	0	0.988776
2074000	0.4000000000	0.0010000000	0.1000000000	10	100	0	0.988357
2075000	0.4000000000	0.0010000000	0.1000000000	10	100	0	0.989402
2076000	0.4000000000	0.0010000000	0.1000000000	10	100	0	0.989026
2077000	0.4000000000	0.0010000000	0.1000000000	10	100	0	0.990298
2078000	0.4000000000	0.0010000000	0.1000000000	10	100	0	0.989900
2079000	0.4000000000	0.0010000000	0.1000000000	10	100	0	0.988930
2080000	0.4000000000	0.0010000000	0.1000000000	10	100	0	0.989586
2081000	0.4000000000	0.0010000000	0.1000000000	10	100	0	0.989586
2082000	0.4000000000	0.0010000000	0.1000000000	10	100	0	0.989340
2083000	0.4000000000	0.0010000000	0.1000000000	10	100	0	0.990520
2084000	0.4000000000	0.0010000000	0.1000000000	10	100	0	0.989950
2085000	0.4000000000	0.0010000000	0.1000000000	10	100	0	0.989950
2086000	0.4000000000	0.0010000000	0.1000000000	10	100	0	0.989661
2087000	0.4000000000	0.0010000000	0.1000000000	10	100	0	0.990694
2088000	0.4000000000	0.0010000000	0.1000000000	10	100	0	0.989975
2089000	0.4000000000	0.0010000000	0.1000000000	10	100	0	0.989463
2090000	0.4000000000	0.0010000000	0.1000000000	10	100	0	0.989340
2091000	0.4000000000	0.0010000000	0.1000000000	10	100	0	0.989049
2092000	0.4000000000	0.0010000000	0.1000000000	10	100	0	0.988870
2093000	0.4000000000	0.0010000000	0.1000000000	10	100	0	0.990027
2094000	0.4000000000	0.0010000000	0.1000000000	10	100	0	0.989685
2095000	0.4000000000	0.0010000000	0.1000000000	10	100	0	0.989536
2096000	0.4000000000	0.0010000000	0.1000000000	10	100	0	0.989648
2097000	0.4000000000	0.0010000000	0.1000000000	10	100	0	0.988977
2098000	0.4000000000	0.0010000000	0.1000000000	10	100	0	0.990206
2099000	0.4000000000	0.0010000000	0.1000000000	10	100	0	0.989925
2100000	0.4000000000	0.0010000000	0.1000000000	10	100	0	0.989194
2101000	0.4000000000	0.0010000000	0.1000000000	10	100	0	0.989963
2102000	0.4000000000	0.0010000000	0.1000000000	10	100	0	0.989242
2103000	0.4000000000	0.0010000000	0.1000000000	10	100	0	0.991782
2104000	0.4000000000	0.0010000000	0.1000000000	10	100	0	0.989014
2105000	0.4000000000	0.0010000000	0.1000000000	10	100	0	0.989439
2106000	0.4000000000	0.0010000000	0.1000000000	10	100	0	0.988299
2107000	0.4000000000	0.0010000000	0.1000000000	10	100	0	0.988461
2108000	0.4000000000	0.0010000000	0.1000000000	10	100	0	0.990323
2109000	0.4000000000	0.0010000000	0.1000000000	10	100	0	0.989352
2110000	0.4000000000	0.0010000000	0.1000000000	10	100	0	0.990442
2111000	0.4000000000	0.0010000000	0.1000000000	10	100	0	0.990014
2112000	0.4000000000	0.0010000000	0.1000000000	10	100	0	0.988930
2113000	0.4000000000	0.0010000000	0.1000000000	10	100	0	0.990103
2114000	0.4000000000	0.0010000000	0.1000000000	10	100	0	0.990363
2115000	0.4000000000	0.0010000000	0.1000000000	10	100	0	0.989848
2116000	0.4000000000	0.0010000000	0.1000000000	10	100	0	0.989925
2117000	0.4000000000	0.0010000000	0.1000000000	10	100	0	0.990219
2118000	0.4000000000	0.0010000000	0.1000000000	10	100	0	0.989649
2119000	0.4000000000	0.0010000000	0.1000000000	10	100	0	0.990349
2120000	0.4000000000	0.0010000000	0.1000000000	10	100	0	0.990232
2121000	0.4000000000	0.0010000000	0.1000000000	10	100	0	0.989975
2122000	0.4000000000	0.0010000000	0.1000000000	10	100	0	0.989085
2123000	0.4000000000	0.0010000000	0.1000000000	10	100	0	0.988895
2124000	0.4000000000	0.0010000000	0.1000000000	10	100	0	0.990842
2125000	0.4000000000	0.0010000000	0.1000000000	10	100	0	0.990143
2126000	0.4000000000	0.0010000000	0.1000000000	10	100	0	0.988894
2127000	0.4000000000	0.0010000000	0.1000000000	10	100	0	0.990116
2128000	0.4000000000	0.0010000000	0.1000000000	10	100	0	0.989937
2129000	0.4000000000	0.0010000000	0.1000000000	10	100	0	0.989158
2130000	0.4000000000	0.0010000000	0.1000000000	10	100	0	0.989598
2131000	0.4000000000	0.0010000000	0.1000000000	10	100	0	0.988741
2132000	0.4000000000	0.0010000000	0.1000000000	10	100	0	0.989218
2133000	0.4000000000	0.0010000000	0.1000000000	10	100	0	0.989474
2134000	0.4000000000	0.0010000000	0.1000000000	10	100	0	0.989026
2135000	0.4000000000	0.0010000000	0.1000000000	10	100	0	0.990233
2136000	0.4000000000	0.0010000000	0.1000000000	10	100	0	0.989574
2137000	0.4000000000	0.0010000000	0.1000000000	10	100	0	0.989352
2138000	0.4000000000	0.0010000000	0.1000000000	10	100	0	0.989389
2139000	0.4000000000	0.0010000000	0.1000000000	10	100	0	0.989950
2140000	0.4000000000	0.0010000000	0.1000000000	10	100	0	0.990181
2141000	0.4000000000	0.0010000000	0.1000000000	10	100	0	0.989773
2142000	0.4000000000	0.0010000000	0.1000000000	10	100	0	0.989061
2143000	0.4000000000	0.0010000000	0.1000000000	10	100	0	0.989773
2144000	0.4000000000	0.0010000000	0.1000000000	10	100	0	0.989586
2145000	0.4000000000	0.0010000000	0.1000000000	10	100	0	0.989123
2146000	0.4000000000	0.0010000000	0.1000000000	10	100	0	0.990747
2147000	0.4000000000	0.0010000000	0.1000000000	10	100	0	0.989823
2148000	0.4000000000	0.0010000000	0.1000000000	10	100	0	0.989462
2149000	0.4000000000	0.0010000000	0.1000000000	10	100	0	0.990324
2150000	0.4000000000	0.0010000000	0.1000000000	10	100	0	0.988883
2151000	0.4000000000	0.0010000000	0.1000000000	10	100	0	0.990142
2152000	0.4000000000	0.0010000000	0.1000000000	10	100	0	0.990653
2153000	0.4000000000	0.0010000000	0.1000000000	10	100	0	0.990428
2154000	0.4000000000	0.0010000000	0.1000000000	10	100	0	0.989293
2155000	0.4000000000	0.0010000000	0.1000000000	10	100	0	0.988380
2156000	0.4000000000	0.0010000000	0.1000000000	10	100	0	0.988391
2157000	0.4000000000	0.0010000000	0.1000000000	10	100	0	0.989085
2158000	0.4000000000	0.0010000000	0.1000000000	10	100	0	0.989438
2159000	0.4000000000	0.0010000000	0.1000000000	10	100	0	0.990720
2160000	0.4000000000	0.0010000000	0.1000000000	10	100	0	0.989976
2161000	0.4000000000	0.0010000000	0.1000000000	10	100	0	0.989061
2162000	0.4000000000	0.0010000000	0.1000000000	10	100	0	0.989863
2163000	0.4000000000	0.0010000000	0.1000000000	10	100	0	0.989170
2164000	0.4000000000	0.0010000000	0.1000000000	10	100	0	0.989773
2165000	0.4000000000	0.0010000000	0.1000000000	10	100	0	0.989145
2166000	0.4000000000	0.0010000000	0.1000000000	10	100	0	0.989811
2167000	0.4000000000	0.0010000000	0.1000000000	10	100	0	0.989749
2168000	0.4000000000	0.0010000000	0.1000000000	10	100	0	0.989230
2169000	0.4000000000	0.0010000000	0.1000000000	10	100	0	0.989937
2170000	0.4000000000	0.0010000000	0.1000000000	10	100	0	0.988752
2171000	0.4000000000	0.0010000000	0.1000000000	10	100	0	0.988859
2172000	0.4000000000	0.0010000000	0.1000000000	10	100	0	0.988942
2173000	0.4000000000	0.0010000000	0.1000000000	10	100	0	0.989218
2174000	0.4000000000	0.0010000000	0.1000000000	10	100	0	0.990455
2175000	0.4000000000	0.0010000000	0.1000000000	10	100	0	0.989925
2176000	0.4000000000	0.0010000000	0.1000000000	10	100	0	0.989573
2177000	0.4000000000	0.0010000000	0.1000000000	10	100	0	0.989937
2178000	0.4000000000	0.0010000000	0.1000000000	10	100	0	0.991158
2179000	0.4000000000	0.0010000000	0.1000000000	10	100	0	0.990801
2180000	0.4000000000	0.0010000000	0.1000000000	10	100	0	0.989413
2181000	0.4000000000	0.0010000000	0.1000000000	10	100	0	0.989352
2182000	0.4000000000	0.0010000000	0.1000000000	10	100	0	0.989194
2183000	0.4000000000	0.0010000000	0.1000000000	10	100	0	0.988811
2184000	0.4000000000	0.0010000000	0.1000000000	10	100	0	0.990130
2185000	0.4000000000	0.0010000000	0.1000000000	10	100	0	0.988565
2186000	0.4000000000	0.0010000000	0.1000000000	10	100	0	0.989050
2187000	0.4000000000	0.0010000000	0.1000000000	10	100	0	0.989811
2188000	0.4000000000	0.0010000000	0.1000000000	10	100	0	0.988565
2189000	0.4000000000	0.0010000000	0.1000000000	10	100	0	0.988590
2190000	0.4000000000	0.0010000000	0.1000000000	10	100	0	0.990233
2191000	0.4000000000	0.0010000000	0.1000000000	10	100	0	0.991143
2192000	0.4000000000	0.0010000000	0.1000000000	10	100	0	0.989975
2193000	0.4000000000	0.0010000000	0.1000000000	10	100	0	0.989799
2194000	0.4000000000	0.0010000000	0.1000000000	10	100	0	0.989636
2195000	0.4000000000	0.0010000000	0.1000000000	10	100	0	0.990467
2196000	0.4000000000	0.0010000000	0.1000000000	10	100	0	0.989037
2197000	0.4000000000	0.0010000000	0.1000000000	10	100	0	0.990001
2198000	0.4000000000	0.0010000000	0.1000000000	10	100	0	0.989242
2199000	0.4000000000	0.0010000000	0.1000000000	10	100	0	0.989612
2200000	0.4000000000	0.0010000000	0.1000000000	10	100	0	0.990494
2201000	0.4000000000	0.0010000000	0.1000000000	10	100	0	0.989786
2202000	0.4000000000	0.0010000000	0.1000000000	10	100	0	0.989255
2203000	0.4000000000	0.0010000000	0.1000000000	10	100	0	0.990323
2204000	0.4000000000	0.0010000000	0.1000000000	10	100	0	0.989451
2205000	0.4000000000	0.0010000000	0.1000000000	10	100	0	0.990978
2206000	0.4000000000	0.0010000000	0.1000000000	10	100	0	0.989364
2207000	0.4000000000	0.0010000000	0.1000000000	10	100	0	0.989279
2208000	0.4000000000	0.0010000000	0.1000000000	10	100	0	0.990078
2209000	0.4000000000	0.0010000000	0.1000000000	10	100	0	0.988896
2210000	0.4000000000	0.0010000000	0.1000000000	10	100	0	0.988859
2211000	0.4000000000	0.0010000000	0.1000000000	10	100	0	0.990078
2212000	0.4000000000	0.0010000000	0.1000000000	10	100	0	0.989937
2213000	0.4000000000	0.0010000000	0.1000000000	10	100	0	0.991214
2214000	0.4000000000	0.0010000000	0.1000000000	10	100	0	0.990232
2215000	0.4000000000	0.0010000000	0.1000000000	10	100	0	0.988600
2216000	0.4000000000	0.0010000000	0.1000000000	10	100	0	0.988542
2217000	0.4000000000	0.0010000000	0.1000000000	10	100	0	0.989950
2218000	0.4000000000	0.0010000000	0.1000000000	10	100	0	0.990001
2219000	0.4000000000	0.0010000000	0.1000000000	10	100	0	0.989836
2220000	0.4000000000	0.0010000000	0.1000000000	10	100	0	0.990654
2221000	0.4000000000	0.0010000000	0.1000000000	10	100	0	0.989255
2222000	0.4000000000	0.0010000000	0.1000000000	10	100	0	0.989874
2223000	0.4000000000	0.0010000000	0.1000000000	10	100	0	0.990284
2224000	0.4000000000	0.0010000000	0.1000000000	10	100	0	0.990520
2225000	0.4000000000	0.0010000000	0.1000000000	10	100	0	0.989377
2226000	0.4000000000	0.0010000000	0.1000000000	10	100	0	0.988812
2227000	0.4000000000	0.0010000000	0.1000000000	10	100	0	0.990455
2228000	0.4000000000	0.0010000000	0.1000000000	10	100	0	0.989598
2229000	0.4000000000	0.0010000000	0.1000000000	10	100	0	0.989887
2230000	0.4000000000	0.0010000000	0.1000000000	10	100	0	0.989661
2231000	0.4000000000	0.0010000000	0.1000000000	10	100	0	0.989206
2232000	0.4000000000	0.0010000000	0.1000000000	10	100	0	0.989899
2233000	0.4000000000	0.0010000000	0.1000000000	10	100	0	0.989937
2234000	0.4000000000	0.0010000000	0.1000000000	10	100	0	0.989109
2235000	0.4000000000	0.0010000000	0.1000000000	10	100	0	0.989158
2236000	0.4000000000	0.0010000000	0.1000000000	10	100	0	0.988954
2237000	0.4000000000	0.0010000000	0.1000000000	10	100	0	0.988334
2238000	0.4000000000	0.0010000000	0.1000000000	10	100	0	0.989109
2239000	0.4000000000	0.0010000000	0.1000000000	10	100	0	0.989377
2240000	0.4000000000	0.0010000000	0.1000000000	10	100	0	0.989425
2241000	0.4000000000	0.0010000000	0.1000000000	10	100	0	0.990078
2242000	0.4000000000	0.0010000000	0.1000000000	10	100	0	0.989624
2243000	0.4000000000	0.0010000000	0.1000000000	10	100	0	0.989874
2244000	0.4000000000	0.0010000000	0.1000000000	10	100	0	0.989624
2245000	0.4000000000	0.0010000000	0.1000000000	10	100	0	0.989291
2246000	0.4000000000	0.0010000000	0.1000000000	10	100	0	0.988978
2247000	0.4000000000	0.0010000000	0.1000000000	10	100	0	0.988404
2248000	0.4000000000	0.0010000000	0.1000000000	10	100	0	0.989267
2249000	0.4000000000	0.0010000000	0.1000000000	10	100	0	0.989462
2250000	0.4000000000	0.0010000000	0.1000000000	10	100	0	0.989849
2251000	0.4000000000	0.0010000000	0.1000000000	10	100	0	0.990323
2252000	0.4000000000	0.0010000000	0.1000000000	10	100	0	0.989887
2253000	0.4000000000	0.0010000000	0.1000000000	10	100	0	0.989291
2254000	0.4000000000	0.0010000000	0.1000000000	10	100	0	0.990168
2255000	0.4000000000	0.0010000000	0.1000000000	10	100	0	0.990039
2256000	0.4000000000	0.0010000000	0.1000000000	10	100	0	0.990520
2257000	0.4000000000	0.0010000000	0.1000000000	10	100	0	0.990843
2258000	0.4000000000	0.0010000000	0.1000000000	10	100	0	0.990467
2259000	0.4000000000	0.0010000000	0.1000000000	10	100	0	0.989450
2260000	0.4000000000	0.0010000000	0.1000000000	10	100	0	0.989267
2261000	0.4000000000	0.0010000000	0.1000000000	10	100	0	0.989450
2262000	0.4000000000	0.0010000000	0.1000000000	10	100	0	0.989685
2263000	0.4000000000	0.0010000000	0.1000000000	10	100	0	0.989635
2264000	0.4000000000	0.0010000000	0.1000000000	10	100	0	0.989513
2265000	0.4000000000	0.0010000000	0.1000000000	10	100	0	0.989389
2266000	0.4000000000	0.0010000000	0.1000000000	10	100	0	0.989963
2267000	0.4000000000	0.0010000000	0.1000000000	10	100	0	0.988835
2268000	0.4000000000	0.0010000000	0.1000000000	10	100	0	0.988894
2269000	0.4000000000	0.0010000000	0.1000000000	10	100	0	0.988658
2270000	0.4000000000	0.0010000000	0.1000000000	10	100	0	0.989366
2271000	0.4000000000	0.0010000000	0.1000000000	10	100	0	0.989900
2272000	0.4000000000	0.0010000000	0.1000000000	10	100	0	0.989340
2273000	0.4000000000	0.0010000000	0.1000000000	10	100	0	0.989636
2274000	0.4000000000	0.0010000000	0.1000000000	10	100	0	0.990415
2275000	0.4000000000	0.0010000000	0.1000000000	10	100	0	0.990337
2276000	0.4000000000	0.0010000000	0.1000000000	10	100	0	0.988623
2277000	0.4000000000	0.0010000000	0.1000000000	10	100	0	0.989549
2278000	0.4000000000	0.0010000000	0.1000000000	10	100	0	0.988740
2279000	0.4000000000	0.0010000000	0.1000000000	10	100	0	0.990053
2280000	0.4000000000	0.0010000000	0.1000000000	10	100	0	0.989512
2281000	0.4000000000	0.0010000000	0.1000000000	10	100	0	0.989561
2282000	0.4000000000	0.0010000000	0.1000000000	10	100	0	0.989364
2283000	0.4000000000	0.0010000000	0.1000000000	10	100	0	0.988392
2284000	0.4000000000	0.0010000000	0.1000000000	10	100	0	0.988776
2285000	0.4000000000	0.0010000000	0.1000000000	10	100	0	0.990747
2286000	0.4000000000	0.0010000000	0.1000000000	10	100	0	0.989462
2287000	0.4000000000	0.0010000000	0.1000000000	10	100	0	0.989912
2288000	0.4000000000	0.0010000000	0.1000000000	10	100	0	0.989292
2289000	0.4000000000	0.0010000000	0.1000000000	10	100	0	0.990168
2290000	0.4000000000	0.0010000000	0.1000000000	10	100	0	0.989340
2291000	0.4000000000	0.0010000000	0.1000000000	10	100	0	0.991005
2292000	0.4000000000	0.0010000000	0.1000000000	10	100	0	0.990441
2293000	0.4000000000	0.0010000000	0.1000000000	10	100	0	0.990155
2294000	0.4000000000	0.0010000000	0.1000000000	10	100	0	0.988859
2295000	0.4000000000	0.0010000000	0.1000000000	10	100	0	0.989475
2296000	0.4000000000	0.0010000000	0.1000000000	10	100	0	0.989376
2297000	0.4000000000	0.0010000000	0.1000000000	10	100	0	0.989292
2298000	0.4000000000	0.0010000000	0.1000000000	10	100	0	0.989315
2299000	0.4000000000	0.0010000000	0.1000000000	10	100	0	0.989450
2300000	0.4000000000	0.0010000000	0.1000000000	10	100	0	0.989256
2301000	0.4000000000	0.0010000000	0.1000000000	10	100	0	0.989462
2302000	0.4000000000	0.0010000000	0.1000000000	10	100	0	0.989849
2303000	0.4000000000	0.0010000000	0.1000000000	10	100	0	0.990441
2304000	0.4000000000	0.0010000000	0.1000000000	10	100	0	0.990613
2305000	0.4000000000	0.0010000000	0.1000000000	10	100	0	0.989975
2306000	0.4000000000	0.0010000000	0.1000000000	10	100	0	0.990052
2307000	0.4000000000	0.0010000000	0.1000000000	10	100	0	0.989401
2308000	0.4000000000	0.0010000000	0.1000000000	10	100	0	0.988460
2309000	0.4000000000	0.0010000000	0.1000000000	10	100	0	0.990104
2310000	0.4000000000	0.0010000000	0.1000000000	10	100	0	0.989786
2311000	0.4000000000	0.0010000000	0.1000000000	10	100	0	0.989230
2312000	0.4000000000	0.0010000000	0.1000000000	10	100	0	0.989598
2313000	0.4000000000	0.0010000000	0.1000000000	10	100	0	0.990246
2314000	0.4000000000	0.0010000000	0.1000000000	10	100	0	0.989536
2315000	0.4000000000	0.0010000000	0.1000000000	10	100	0	0.990909
2316000	0.4000000000	0.0010000000	0.1000000000	10	100	0	0.990587
2317000	0.4000000000	0.0010000000	0.1000000000	10	100	0	0.989661
2318000	0.4000000000	0.0010000000	0.1000000000	10	100	0	0.989206
2319000	0.4000000000	0.0010000000	0.1000000000	10	100	0	0.989279
2320000	0.4000000000	0.0010000000	0.1000000000	10	100	0	0.989963
2321000	0.4000000000	0.0010000000	0.1000000000	10	100	0	0.990481
2322000	0.4000000000	0.0010000000	0.1000000000	10	100	0	0.989340
2323000	0.4000000000	0.0010000000	0.1000000000	10	100	0	0.990129
2324000	0.4000000000	0.0010000000	0.1000000000	10	100	0	0.989230
2325000	0.4000000000	0.0010000000	0.1000000000	10	100	0	0.989912
2326000	0.4000000000	0.0010000000	0.1000000000	10	100	0	0.988565
2327000	0.4000000000	0.0010000000	0.1000000000	10	100	0	0.989037
2328000	0.4000000000	0.0010000000	0.1000000000	10	100	0	0.988253
2329000	0.4000000000	0.0010000000	0.1000000000	10	100	0	0.989352
2330000	0.4000000000	0.0010000000	0.1000000000	10	100	0	0.989963
2331000	0.4000000000	0.0010000000	0.1000000000	10	100	0	0.990896
2332000	0.4000000000	0.0010000000	0.1000000000	10	100	0	0.989219
2333000	0.4000000000	0.0010000000	0.1000000000	10	100	0	0.989524
2334000	0.4000000000	0.0010000000	0.1000000000	10	100	0	0.989438
2335000	0.4000000000	0.0010000000	0.1000000000	10	100	0	0.990311
2336000	0.4000000000	0.0010000000	0.1000000000	10	100	0	0.989256
2337000	0.4000000000	0.0010000000	0.1000000000	10	100	0	0.990001
2338000	0.4000000000	0.0010000000	0.1000000000	10	100	0	0.989611
2339000	0.4000000000	0.0010000000	0.1000000000	10	100	0	0.989837
2340000	0.4000000000	0.0010000000	0.1000000000	10	100	0	0.989315
2341000	0.4000000000	0.0010000000	0.1000000000	10	100	0	0.989537
2342000	0.4000000000	0.0010000000	0.1000000000	10	100	0	0.989761
2343000	0.4000000000	0.0010000000	0.1000000000	10	100	0	0.989623
2344000	0.4000000000	0.0010000000	0.1000000000	10	100	0	0.988334
2345000	0.4000000000	0.0010000000	0.1000000000	10	100	0	0.989315
2346000	0.4000000000	0.0010000000	0.1000000000	10	100	0	0.990001
2347000	0.4000000000	0.0010000000	0.1000000000	10	100	0	0.988542
2348000	0.4000000000	0.0010000000	0.1000000000	10	100	0	0.989636
2349000	0.4000000000	0.0010000000	0.1000000000	10	100	0	0.989837
2350000	0.4000000000	0.0010000000	0.1000000000	10	100	0	0.989623
2351000	0.4000000000	0.0010000000	0.1000000000	10	100	0	0.989586
2352000	0.4000000000	0.0010000000	0.1000000000	10	100	0	0.989218
2353000	0.4000000000	0.0010000000	0.1000000000	10	100	0	0.989255
2354000	0.4000000000	0.0010000000	0.1000000000	10	100	0	0.989749
2355000	0.4000000000	0.0010000000	0.1000000000	10	100	0	0.989975
2356000	0.4000000000	0.0010000000	0.1000000000	10	100	0	0.989588
2357000	0.4000000000	0.0010000000	0.1000000000	10	100	0	0.989242
2358000	0.4000000000	0.0010000000	0.1000000000	10	100	0	0.989724
2359000	0.4000000000	0.0010000000	0.1000000000	10	100	0	0.988835
2360000	0.4000000000	0.0010000000	0.1000000000	10	100	0	0.989037
2361000	0.4000000000	0.0010000000	0.1000000000	10	100	0	0.989549
2362000	0.4000000000	0.0010000000	0.1000000000	10	100	0	0.988764
2363000	0.4000000000	0.0010000000	0.1000000000	10	100	0	0.989134
2364000	0.4000000000	0.0010000000	0.1000000000	10	100	0	0.989376
2365000	0.4000000000	0.0010000000	0.1000000000	10	100	0	0.989037
2366000	0.4000000000	0.0010000000	0.1000000000	10	100	0	0.990103
2367000	0.4000000000	0.0010000000	0.1000000000	10	100	0	0.990207
2368000	0.4000000000	0.0010000000	0.1000000000	10	100	0	0.989975
2369000	0.4000000000	0.0010000000	0.1000000000	10	100	0	0.989086
2370000	0.4000000000	0.0010000000	0.1000000000	10	100	0	0.990402
2371000	0.4000000000	0.0010000000	0.1000000000	10	100	0	0.989798
2372000	0.4000000000	0.0010000000	0.1000000000	10	100	0	0.990181
2373000	0.4000000000	0.0010000000	0.1000000000	10	100	0	0.990014
2374000	0.4000000000	0.0010000000	0.1000000000	10	100	0	0.989748
2375000	0.4000000000	0.0010000000	0.1000000000	10	100	0	0.989900
2376000	0.4000000000	0.0010000000	0.1000000000	10	100	0	0.989462
2377000	0.4000000000	0.0010000000	0.1000000000	10	100	0	0.989206
2378000	0.4000000000	0.0010000000	0.1000000000	10	100	0	0.989711
2379000	0.4000000000	0.0010000000	0.1000000000	10	100	0	0.990129
2380000	0.4000000000	0.0010000000	0.1000000000	10	100	0	0.989887
2381000	0.4000000000	0.0010000000	0.1000000000	10	100	0	0.989686
2382000	0.4000000000	0.0010000000	0.1000000000	10	100	0	0.989824
2383000	0.4000000000	0.0010000000	0.1000000000	10	100	0	0.991296
2384000	0.4000000000	0.0010000000	0.1000000000	10	100	0	0.989170
2385000	0.4000000000	0.0010000000	0.1000000000	10	100	0	0.990297
2386000	0.4000000000	0.0010000000	0.1000000000	10	100	0	0.988694
2387000	0.4000000000	0.0010000000	0.1000000000	10	100	0	0.988694
2388000	0.4000000000	0.0010000000	0.1000000000	10	100	0	0.988682
2389000	0.4000000000	0.0010000000	0.1000000000	10	100	0	0.988740
2390000	0.4000000000	0.0010000000	0.1000000000	10	100	0	0.989158
2391000	0.4000000000	0.0010000000	0.1000000000	10	100	0	0.989291
2392000	0.4000000000	0.0010000000	0.1000000000	10	100	0	0.989574
2393000	0.4000000000	0.0010000000	0.1000000000	10	100	0	0.989122
2394000	0.4000000000	0.0010000000	0.1000000000	10	100	0	0.989462
2395000	0.4000000000	0.0010000000	0.1000000000	10	100	0	0.988847
2396000	0.4000000000	0.0010000000	0.1000000000	10	100	0	0.988403
2397000	0.4000000000	0.0010000000	0.1000000000	10	100	0	0.989964
2398000	0.4000000000	0.0010000000	0.1000000000	10	100	0	0.989450
2399000	0.4000000000	0.0010000000	0.1000000000	10	100	0	0.988174
2400000	0.4000000000	0.0010000000	0.1000000000	10	100	0	0.989450
2401000	0.4000000000	0.0010000000	0.1000000000	10	100	0	0.990271
2402000	0.4000000000	0.0010000000	0.1000000000	10	100	0	0.989304
2403000	0.4000000000	0.0010000000	0.1000000000	10	100	0	0.988776
2404000	0.4000000000	0.0010000000	0.1000000000	10	100	0	0.990336
2405000	0.4000000000	0.0010000000	0.1000000000	10	100	0	0.990298
2406000	0.4000000000	0.0010000000	0.1000000000	10	100	0	0.990104
2407000	0.4000000000	0.0010000000	0.1000000000	10	100	0	0.989913
2408000	0.4000000000	0.0010000000	0.1000000000	10	100	0	0.989586
2409000	0.4000000000	0.0010000000	0.1000000000	10	100	0	0.989925
2410000	0.4000000000	0.0010000000	0.1000000000	10	100	0	0.989849
2411000	0.4000000000	0.0010000000	0.1000000000	10	100	0	0.989913
2412000	0.4000000000	0.0010000000	0.1000000000	10	100	0	0.989097
2413000	0.4000000000	0.0010000000	0.1000000000	10	100	0	0.990090
2414000	0.4000000000	0.0010000000	0.1000000000	10	100	0	0.989736
2415000	0.4000000000	0.0010000000	0.1000000000	10	100	0	0.990030
2416000	0.4000000000	0.0010000000	0.1000000000	10	100	0	0.990181
2417000	0.4000000000	0.0010000000	0.1000000000	10	100	0	0.989761
2418000	0.4000000000	0.0010000000	0.1000000000	10	100	0	0.990104
2419000	0.4000000000	0.0010000000	0.1000000000	10	100	0	0.989723
2420000	0.4000000000	0.0010000000	0.1000000000	10	100	0	0.989134
2421000	0.4000000000	0.0010000000	0.1000000000	10	100	0	0.990065
2422000	0.4000000000	0.0010000000	0.1000000000	10	100	0	0.990092
2423000	0.4000000000	0.0010000000	0.1000000000	10	100	0	0.989073
2424000	0.4000000000	0.0010000000	0.1000000000	10	100	0	0.989849
2425000	0.4000000000	0.0010000000	0.1000000000	10	100	0	0.989074
2426000	0.4000000000	0.0010000000	0.1000000000	10	100	0	0.989811
2427000	0.4000000000	0.0010000000	0.1000000000	10	100	0	0.988990
2428000	0.4000000000	0.0010000000	0.1000000000	10	100	0	0.990642
2429000	0.4000000000	0.0010000000	0.1000000000	10	100	0	0.989824
2430000	0.4000000000	0.0010000000	0.1000000000	10	100	0	0.989352
2431000	0.4000000000	0.0010000000	0.1000000000	10	100	0	0.989963
2432000	0.4000000000	0.0010000000	0.1000000000	10	100	0	0.990001
2433000	0.4000000000	0.0010000000	0.1000000000	10	100	0	0.989086
2434000	0.4000000000	0.0010000000	0.1000000000	10	100	0	0.989899
2435000	0.4000000000	0.0010000000	0.1000000000	10	100	0	0.989364
2436000	0.4000000000	0.0010000000	0.1000000000	10	100	0	0.989861
2437000	0.4000000000	0.0010000000	0.1000000000	10	100	0	0.989352
2438000	0.4000000000	0.0010000000	0.1000000000	10	100	0	0.990223
2439000	0.4000000000	0.0010000000	0.1000000000	10	100	0	0.989352
2440000	0.4000000000	0.0010000000	0.1000000000	10	100	0	0.988577
2441000	0.4000000000	0.0010000000	0.1000000000	10	100	0	0.990245
2442000	0.4000000000	0.0010000000	0.1000000000	10	100	0	0.989243
2443000	0.4000000000	0.0010000000	0.1000000000	10	100	0	0.990014
2444000	0.4000000000	0.0010000000	0.1000000000	10	100	0	0.989901
2445000	0.4000000000	0.0010000000	0.1000000000	10	100	0	0.990774
2446000	0.4000000000	0.0010000000	0.1000000000	10	100	0	0.989537
2447000	0.4000000000	0.0010000000	0.1000000000	10	100	0	0.988299
2448000	0.4000000000	0.0010000000	0.1000000000	10	100	0	0.989001
2449000	0.4000000000	0.0010000000	0.1000000000	10	100	0	0.990039
2450000	0.4000000000	0.0010000000	0.1000000000	10	100	0	0.990169
2451000	0.4000000000	0.0010000000	0.1000000000	10	100	0	0.991594
2452000	0.4000000000	0.0010000000	0.1000000000	10	100	0	0.990116
2453000	0.4000000000	0.0010000000	0.1000000000	10	100	0	0.990416
2454000	0.4000000000	0.0010000000	0.1000000000	10	100	0	0.989574
2455000	0.4000000000	0.0010000000	0.1000000000	10	100	0	0.990707
2456000	0.4000000000	0.0010000000	0.1000000000	10	100	0	0.990001
2457000	0.4000000000	0.0010000000	0.1000000000	10	100	0	0.990014
2458000	0.4000000000	0.0010000000	0.1000000000	10	100	0	0.989329
2459000	0.4000000000	0.0010000000	0.1000000000	10	100	0	0.988835
2460000	0.4000000000	0.0010000000	0.1000000000	10	100	0	0.989774
2461000	0.4000000000	0.0010000000	0.1000000000	10	100	0	0.989812
2462000	0.4000000000	0.0010000000	0.1000000000	10	100	0	0.989526
2463000	0.4000000000	0.0010000000	0.1000000000	10	100	0	0.989376
2464000	0.4000000000	0.0010000000	0.1000000000	10	100	0	0.988345
2465000	0.4000000000	0.0010000000	0.1000000000	10	100	0	0.989038
2466000	0.4000000000	0.0010000000	0.1000000000	10	100	0	0.990337
2467000	0.4000000000	0.0010000000	0.1000000000	10	100	0	0.990148
2468000	0.4000000000	0.0010000000	0.1000000000	10	100	0	0.990298
2469000	0.4000000000	0.0010000000	0.1000000000	10	100	0	0.988693
2470000	0.4000000000	0.0010000000	0.1000000000	10	100	0	0.989305
2471000	0.4000000000	0.0010000000	0.1000000000	10	100	0	0.991310
2472000	0.4000000000	0.0010000000	0.1000000000	10	100	0	0.989685
2473000	0.4000000000	0.0010000000	0.1000000000	10	100	0	0.990788
2474000	0.4000000000	0.0010000000	0.1000000000	10	100	0	0.990350
2475000	0.4000000000	0.0010000000	0.1000000000	10	100	0	0.989723
2476000	0.4000000000	0.0010000000	0.1000000000	10	100	0	0.989611
2477000	0.4000000000	0.0010000000	0.1000000000	10	100	0	0.989499
2478000	0.4000000000	0.0010000000	0.1000000000	10	100	0	0.989537
2479000	0.4000000000	0.0010000000	0.1000000000	10	100	0	0.989013
2480000	0.4000000000	0.0010000000	0.1000000000	10	100	0	0.990311
2481000	0.4000000000	0.0010000000	0.1000000000	10	100	0	0.989194
2482000	0.4000000000	0.0010000000	0.1000000000	10	100	0	0.989329
2483000	0.4000000000	0.0010000000	0.1000000000	10	100	0	0.988978
2484000	0.4000000000	0.0010000000	0.1000000000	10	100	0	0.989561
2485000	0.4000000000	0.0010000000	0.1000000000	10	100	0	0.989206
2486000	0.4000000000	0.0010000000	0.1000000000	10	100	0	0.990245
2487000	0.4000000000	0.0010000000	0.1000000000	10	100	0	0.988729
2488000	0.4000000000	0.0010000000	0.1000000000	10	100	0	0.988894
2489000	0.4000000000	0.0010000000	0.1000000000	10	100	0	0.989686
2490000	0.4000000000	0.0010000000	0.1000000000	10	100	0	0.989376
2491000	0.4000000000	0.0010000000	0.1000000000	10	100	0	0.988507
2492000	0.4000000000	0.0010000000	0.1000000000	10	100	0	0.989773
2493000	0.4000000000	0.0010000000	0.1000000000	10	100	0	0.989207
2494000	0.4000000000	0.0010000000	0.1000000000	10	100	0	0.989487
2495000	0.4000000000	0.0010000000	0.1000000000	10	100	0	0.988647
2496000	0.4000000000	0.0010000000	0.1000000000	10	100	0	0.988577
2497000	0.4000000000	0.0010000000	0.1000000000	10	100	0	0.988823
2498000	0.4000000000	0.0010000000	0.1000000000	10	100	0	0.989061
2499000	0.4000000000	0.0010000000	0.1000000000	10	100	0	0.990747
2500000	0.4000000000	0.0010000000	0.1000000000	10	100	0	0.989146
2501000	0.4000000000	0.0010000000	0.1000000000	10	100	0	0.990747
2502000	0.4000000000	0.0010000000	0.1000000000	10	100	0	0.990442
2503000	0.4000000000	0.0010000000	0.1000000000	10	100	0	0.988776
2504000	0.4000000000	0.0010000000	0.1000000000	10	100	0	0.989712
2505000	0.4000000000	0.0010000000	0.1000000000	10	100	0	0.990693
2506000	0.4000000000	0.0010000000	0.1000000000	10	100	0	0.989328
2507000	0.4000000000	0.0010000000	0.1000000000	10	100	0	0.989598
2508000	0.4000000000	0.0010000000	0.1000000000	10	100	0	0.989925
2509000	0.4000000000	0.0010000000	0.1000000000	10	100	0	0.990052
2510000	0.4000000000	0.0010000000	0.1000000000	10	100	0	0.990206
2511000	0.4000000000	0.0010000000	0.1000000000	10	100	0	0.989279
2512000	0.4000000000	0.0010000000	0.1000000000	10	100	0	0.989849
2513000	0.4000000000	0.0010000000	0.1000000000	10	100	0	0.990467
2514000	0.4000000000	0.0010000000	0.1000000000	10	100	0	0.989899
2515000	0.4000000000	0.0010000000	0.1000000000	10	100	0	0.989376
2516000	0.4000000000	0.0010000000	0.1000000000	10	100	0	0.989145
2517000	0.4000000000	0.0010000000	0.1000000000	10	100	0	0.988635
2518000	0.4000000000	0.0010000000	0.1000000000	10	100	0	0.989599
2519000	0.4000000000	0.0010000000	0.1000000000	10	100	0	0.990520
2520000	0.4000000000	0.0010000000	0.1000000000	10	100	0	0.990026
2521000	0.4000000000	0.0010000000	0.1000000000	10	100	0	0.990454
2522000	0.4000000000	0.0010000000	0.1000000000	10	100	0	0.990207
2523000	0.4000000000	0.0010000000	0.1000000000	10	100	0	0.990065
2524000	0.4000000000	0.0010000000	0.1000000000	10	100	0	0.988729
2525000	0.4000000000	0.0010000000	0.1000000000	10	100	0	0.990521
2526000	0.4000000000	0.0010000000	0.1000000000	10	100	0	0.990547
2527000	0.4000000000	0.0010000000	0.1000000000	10	100	0	0.990951
2528000	0.4000000000	0.0010000000	0.1000000000	10	100	0	0.990052
2529000	0.4000000000	0.0010000000	0.1000000000	10	100	0	0.989146
2530000	0.4000000000	0.0010000000	0.1000000000	10	100	0	0.989254
2531000	0.4000000000	0.0010000000	0.1000000000	10	100	0	0.988835
2532000	0.4000000000	0.0010000000	0.1000000000	10	100	0	0.989376
2533000	0.4000000000	0.0010000000	0.1000000000	10	100	0	0.989462
2534000	0.4000000000	0.0010000000	0.1000000000	10	100	0	0.989377
2535000	0.4000000000	0.0010000000	0.1000000000	10	100	0	0.990259
2536000	0.4000000000	0.0010000000	0.1000000000	10	100	0	0.989025
2537000	0.4000000000	0.0010000000	0.1000000000	10	100	0	0.988670
2538000	0.4000000000	0.0010000000	0.1000000000	10	100	0	0.989401
2539000	0.4000000000	0.0010000000	0.1000000000	10	100	0	0.989786
2540000	0.4000000000	0.0010000000	0.1000000000	10	100	0	0.989390
2541000	0.4000000000	0.0010000000	0.1000000000	10	100	0	0.989026
2542000	0.4000000000	0.0010000000	0.1000000000	10	100	0	0.988208
2543000	0.4000000000	0.0010000000	0.1000000000	10	100	0	0.990363
2544000	0.4000000000	0.0010000000	0.1000000000	10	100	0	0.989170
2545000	0.4000000000	0.0010000000	0.1000000000	10	100	0	0.990376
2546000	0.4000000000	0.0010000000	0.1000000000	10	100	0	0.989267
2547000	0.4000000000	0.0010000000	0.1000000000	10	100	0	0.989561
2548000	0.4000000000	0.0010000000	0.1000000000	10	100	0	0.989836
2549000	0.4000000000	0.0010000000	0.1000000000	10	100	0	0.989723
2550000	0.4000000000	0.0010000000	0.1000000000	10	100	0	0.989364
2551000	0.4000000000	0.0010000000	0.1000000000	10	100	0	0.990428
2552000	0.4000000000	0.0010000000	0.1000000000	10	100	0	0.989963
2553000	0.4000000000	0.0010000000	0.1000000000	10	100	0	0.990053
2554000	0.4000000000	0.0010000000	0.1000000000	10	100	0	0.989975
2555000	0.4000000000	0.0010000000	0.1000000000	10	100	0	0.989586
2556000	0.4000000000	0.0010000000	0.1000000000	10	100	0	0.989889
2557000	0.4000000000	0.0010000000	0.1000000000	10	100	0	0.989014
2558000	0.4000000000	0.0010000000	0.1000000000	10	100	0	0.991033
2559000	0.4000000000	0.0010000000	0.1000000000	10	100	0	0.990026
2560000	0.4000000000	0.0010000000	0.1000000000	10	100	0	0.989097
2561000	0.4000000000	0.0010000000	0.1000000000	10	100	0	0.989365
2562000	0.4000000000	0.0010000000	0.1000000000	10	100	0	0.988647
2563000	0.4000000000	0.0010000000	0.1000000000	10	100	0	0.989698
2564000	0.4000000000	0.0010000000	0.1000000000	10	100	0	0.989611
2565000	0.4000000000	0.0010000000	0.1000000000	10	100	0	0.989537
2566000	0.4000000000	0.0010000000	0.1000000000	10	100	0	0.989698
2567000	0.4000000000	0.0010000000	0.1000000000	10	100	0	0.990040
2568000	0.4000000000	0.0010000000	0.1000000000	10	100	0	0.989598
2569000	0.4000000000	0.0010000000	0.1000000000	10	100	0	0.989887
2570000	0.4000000000	0.0010000000	0.1000000000	10	100	0	0.990298
2571000	0.4000000000	0.0010000000	0.1000000000	10	100	0	0.989698
2572000	0.4000000000	0.0010000000	0.1000000000	10	100	0	0.988694
2573000	0.4000000000	0.0010000000	0.1000000000	10	100	0	0.988658
2574000	0.4000000000	0.0010000000	0.1000000000	10	100	0	0.990065
2575000	0.4000000000	0.0010000000	0.1000000000	10	100	0	0.990535
2576000	0.4000000000	0.0010000000	0.1000000000	10	100	0	0.989598
2577000	0.4000000000	0.0010000000	0.1000000000	10	100	0	0.989352
2578000	0.4000000000	0.0010000000	0.1000000000	10	100	0	0.989861
2579000	0.4000000000	0.0010000000	0.1000000000	10	100	0	0.989963
2580000	0.4000000000	0.0010000000	0.1000000000	10	100	0	0.989760
2581000	0.4000000000	0.0010000000	0.1000000000	10	100	0	0.990467
2582000	0.4000000000	0.0010000000	0.1000000000	10	100	0	0.988965
2583000	0.4000000000	0.0010000000	0.1000000000	10	100	0	0.988930
2584000	0.4000000000	0.0010000000	0.1000000000	10	100	0	0.988530
2585000	0.4000000000	0.0010000000	0.1000000000	10	100	0	0.989426
2586000	0.4000000000	0.0010000000	0.1000000000	10	100	0	0.989963
2587000	0.4000000000	0.0010000000	0.1000000000	10	100	0	0.989014
2588000	0.4000000000	0.0010000000	0.1000000000	10	100	0	0.989950
2589000	0.4000000000	0.0010000000	0.1000000000	10	100	0	0.989524
2590000	0.4000000000	0.0010000000	0.1000000000	10	100	0	0.989648
2591000	0.4000000000	0.0010000000	0.1000000000	10	100	0	0.989328
2592000	0.4000000000	0.0010000000	0.1000000000	10	100	0	0.989598
2593000	0.4000000000	0.0010000000	0.1000000000	10	100	0	0.990129
2594000	0.4000000000	0.0010000000	0.1000000000	10	100	0	0.990628
2595000	0.4000000000	0.0010000000	0.1000000000	10	100	0	0.989811
2596000	0.4000000000	0.0010000000	0.1000000000	10	100	0	0.990053
2597000	0.4000000000	0.0010000000	0.1000000000	10	100	0	0.989218
2598000	0.4000000000	0.0010000000	0.1000000000	10	100	0	0.989206
2599000	0.4000000000	0.0010000000	0.1000000000	10	100	0	0.988414
2600000	0.4000000000	0.0010000000	0.1000000000	10	100	0	0.990258
2601000	0.4000000000	0.0010000000	0.1000000000	10	100	0	0.989836
2602000	0.4000000000	0.0010000000	0.1000000000	10	100	0	0.988942
2603000	0.4000000000	0.0010000000	0.1000000000	10	100	0	0.990494
2604000	0.4000000000	0.0010000000	0.1000000000	10	100	0	0.990481
2605000	0.4000000000	0.0010000000	0.1000000000	10	100	0	0.990494
2606000	0.4000000000	0.0010000000	0.1000000000	10	100	0	0.989438
2607000	0.4000000000	0.0010000000	0.1000000000	10	100	0	0.989315
2608000	0.4000000000	0.0010000000	0.1000000000	10	100	0	0.989698
2609000	0.4000000000	0.0010000000	0.1000000000	10	100	0	0.990310
2610000	0.4000000000	0.0010000000	0.1000000000	10	100	0	0.989475
2611000	0.4000000000	0.0010000000	0.1000000000	10	100	0	0.989328
2612000	0.4000000000	0.0010000000	0.1000000000	10	100	0	0.989648
2613000	0.4000000000	0.0010000000	0.1000000000	10	100	0	0.989512
2614000	0.4000000000	0.0010000000	0.1000000000	10	100	0	0.989364
2615000	0.4000000000	0.0010000000	0.1000000000	10	100	0	0.990207
2616000	0.4000000000	0.0010000000	0.1000000000	10	100	0	0.989475
2617000	0.4000000000	0.0010000000	0.1000000000	10	100	0	0.989462
2618000	0.4000000000	0.0010000000	0.1000000000	10	100	0	0.989413
2619000	0.4000000000	0.0010000000	0.1000000000	10	100	0	0.989660
2620000	0.4000000000	0.0010000000	0.1000000000	10	100	0	0.988495
2621000	0.4000000000	0.0010000000	0.1000000000	10	100	0	0.989462
2622000	0.4000000000	0.0010000000	0.1000000000	10	100	0	0.989963
2623000	0.4000000000	0.0010000000	0.1000000000	10	100	0	0.989950
2624000	0.4000000000	0.0010000000	0.1000000000	10	100	0	0.989761
2625000	0.4000000000	0.0010000000	0.1000000000	10	100	0	0.989146
2626000	0.4000000000	0.0010000000	0.1000000000	10	100	0	0.989561
2627000	0.4000000000	0.0010000000	0.1000000000	10	100	0	0.990001
2628000	0.4000000000	0.0010000000	0.1000000000	10	100	0	0.990014
2629000	0.4000000000	0.0010000000	0.1000000000	10	100	0	0.990707
2630000	0.4000000000	0.0010000000	0.1000000000	10	100	0	0.990001
2631000	0.4000000000	0.0010000000	0.1000000000	10	100	0	0.989887
2632000	0.4000000000	0.0010000000	0.1000000000	10	100	0	0.989599
2633000	0.4000000000	0.0010000000	0.1000000000	10	100	0	0.990105
2634000	0.4000000000	0.0010000000	0.1000000000	10	100	0	0.989451
2635000	0.4000000000	0.0010000000	0.1000000000	10	100	0	0.991032
2636000	0.4000000000	0.0010000000	0.1000000000	10	100	0	0.990129
2637000	0.4000000000	0.0010000000	0.1000000000	10	100	0	0.990351
2638000	0.4000000000	0.0010000000	0.1000000000	10	100	0	0.989438
2639000	0.4000000000	0.0010000000	0.1000000000	10	100	0	0.988977
2640000	0.4000000000	0.0010000000	0.1000000000	10	100	0	0.989925
2641000	0.4000000000	0.0010000000	0.1000000000	10	100	0	0.989686
2642000	0.4000000000	0.0010000000	0.1000000000	10	100	0	0.989525
2643000	0.4000000000	0.0010000000	0.1000000000	10	100	0	0.989775
2644000	0.4000000000	0.0010000000	0.1000000000	10	100	0	0.989524
2645000	0.4000000000	0.0010000000	0.1000000000	10	100	0	0.990039
2646000	0.4000000000	0.0010000000	0.1000000000	10	100	0	0.988894
2647000	0.4000000000	0.0010000000	0.1000000000	10	100	0	0.989158
2648000	0.4000000000	0.0010000000	0.1000000000	10	100	0	0.990014
2649000	0.4000000000	0.0010000000	0.1000000000	10	100	0	0.989751
2650000	0.4000000000	0.0010000000	0.1000000000	10	100	0	0.988870
2651000	0.4000000000	0.0010000000	0.1000000000	10	100	0	0.990680
2652000	0.4000000000	0.0010000000	0.1000000000	10	100	0	0.988623
2653000	0.4000000000	0.0010000000	0.1000000000	10	100	0	0.988635
2654000	0.4000000000	0.0010000000	0.1000000000	10	100	0	0.988416
2655000	0.4000000000	0.0010000000	0.1000000000	10	100	0	0.989340
2656000	0.4000000000	0.0010000000	0.1000000000	10	100	0	0.990078
2657000	0.4000000000	0.0010000000	0.1000000000	10	100	0	0.989587
2658000	0.4000000000	0.0010000000	0.1000000000	10	100	0	0.990442
2659000	0.4000000000	0.0010000000	0.1000000000	10	100	0	0.990764
2660000	0.4000000000	0.0010000000	0.1000000000	10	100	0	0.989963
2661000	0.4000000000	0.0010000000	0.1000000000	10	100	0	0.989475
2662000	0.4000000000	0.0010000000	0.1000000000	10	100	0	0.988870
2663000	0.4000000000	0.0010000000	0.1000000000	10	100	0	0.989013
2664000	0.4000000000	0.0010000000	0.1000000000	10	100	0	0.990443
2665000	0.4000000000	0.0010000000	0.1000000000	10	100	0	0.989145
2666000	0.4000000000	0.0010000000	0.1000000000	10	100	0	0.989121
2667000	0.4000000000	0.0010000000	0.1000000000	10	100	0	0.989025
2668000	0.4000000000	0.0010000000	0.1000000000	10	100	0	0.988496
2669000	0.4000000000	0.0010000000	0.1000000000	10	100	0	0.989303
2670000	0.4000000000	0.0010000000	0.1000000000	10	100	0	0.989475
2671000	0.4000000000	0.0010000000	0.1000000000	10	100	0	0.989194
2672000	0.4000000000	0.0010000000	0.1000000000	10	100	0	0.989315
2673000	0.4000000000	0.0010000000	0.1000000000	10	100	0	0.990494
2674000	0.4000000000	0.0010000000	0.1000000000	10	100	0	0.988612
2675000	0.4000000000	0.0010000000	0.1000000000	10	100	0	0.989475
2676000	0.4000000000	0.0010000000	0.1000000000	10	100	0	0.988870
2677000	0.4000000000	0.0010000000	0.1000000000	10	100	0	0.989315
2678000	0.4000000000	0.0010000000	0.1000000000	10	100	0	0.990103
2679000	0.4000000000	0.0010000000	0.1000000000	10	100	0	0.990734
2680000	0.4000000000	0.0010000000	0.1000000000	10	100	0	0.990297
2681000	0.4000000000	0.0010000000	0.1000000000	10	100	0	0.990091
2682000	0.4000000000	0.0010000000	0.1000000000	10	100	0	0.988942
2683000	0.4000000000	0.0010000000	0.1000000000	10	100	0	0.989355
2684000	0.4000000000	0.0010000000	0.1000000000	10	100	0	0.989364
2685000	0.4000000000	0.0010000000	0.1000000000	10	100	0	0.989887
2686000	0.4000000000	0.0010000000	0.1000000000	10	100	0	0.990389
2687000	0.4000000000	0.0010000000	0.1000000000	10	100	0	0.988752
2688000	0.4000000000	0.0010000000	0.1000000000	10	100	0	0.989661
2689000	0.4000000000	0.0010000000	0.1000000000	10	100	0	0.990103
2690000	0.4000000000	0.0010000000	0.1000000000	10	100	0	0.989279
2691000	0.4000000000	0.0010000000	0.1000000000	10	100	0	0.990078
2692000	0.4000000000	0.0010000000	0.1000000000	10	100	0	0.988942
2693000	0.4000000000	0.0010000000	0.1000000000	10	100	0	0.989963
2694000	0.4000000000	0.0010000000	0.1000000000	10	100	0	0.989950
2695000	0.4000000000	0.0010000000	0.1000000000	10	100	0	0.989463
2696000	0.4000000000	0.0010000000	0.1000000000	10	100	0	0.989888
2697000	0.4000000000	0.0010000000	0.1000000000	10	100	0	0.990195
2698000	0.4000000000	0.0010000000	0.1000000000	10	100	0	0.991782
2699000	0.4000000000	0.0010000000	0.1000000000	10	100	0	0.989450
2700000	0.4000000000	0.0010000000	0.1000000000	10	100	0	0.990869
2701000	0.4000000000	0.0010000000	0.1000000000	10	100	0	0.989401
2702000	0.4000000000	0.0010000000	0.1000000000	10	100	0	0.990052
2703000	0.4000000000	0.0010000000	0.1000000000	10	100	0	0.989761
2704000	0.4000000000	0.0010000000	0.1000000000	10	100	0	0.988612
2705000	0.4000000000	0.0010000000	0.1000000000	10	100	0	0.990363
2706000	0.4000000000	0.0010000000	0.1000000000	10	100	0	0.990245
2707000	0.4000000000	0.0010000000	0.1000000000	10	100	0	0.989624
2708000	0.4000000000	0.0010000000	0.1000000000	10	100	0	0.990909
2709000	0.4000000000	0.0010000000	0.1000000000	10	100	0	0.989562
2710000	0.4000000000	0.0010000000	0.1000000000	10	100	0	0.989512
2711000	0.4000000000	0.0010000000	0.1000000000	10	100	0	0.989315
2712000	0.4000000000	0.0010000000	0.1000000000	10	100	0	0.988380
2713000	0.4000000000	0.0010000000	0.1000000000	10	100	0	0.990311
2714000	0.4000000000	0.0010000000	0.1000000000	10	100	0	0.990992
2715000	0.4000000000	0.0010000000	0.1000000000	10	100	0	0.990761
2716000	0.4000000000	0.0010000000	0.1000000000	10	100	0	0.989874
2717000	0.4000000000	0.0010000000	0.1000000000	10	100	0	0.988220
2718000	0.4000000000	0.0010000000	0.1000000000	10	100	0	0.989849
2719000	0.4000000000	0.0010000000	0.1000000000	10	100	0	0.989352
2720000	0.4000000000	0.0010000000	0.1000000000	10	100	0	0.988473
2721000	0.4000000000	0.0010000000	0.1000000000	10	100	0	0.989146
2722000	0.4000000000	0.0010000000	0.1000000000	10	100	0	0.989636
2723000	0.4000000000	0.0010000000	0.1000000000	10	100	0	0.990923
2724000	0.4000000000	0.0010000000	0.1000000000	10	100	0	0.989315
2725000	0.4000000000	0.0010000000	0.1000000000	10	100	0	0.991366
2726000	0.4000000000	0.0010000000	0.1000000000	10	100	0	0.990155
2727000	0.4000000000	0.0010000000	0.1000000000	10	100	0	0.989303
2728000	0.4000000000	0.0010000000	0.1000000000	10	100	0	0.990039
2729000	0.4000000000	0.0010000000	0.1000000000	10	100	0	0.989586
2730000	0.4000000000	0.0010000000	0.1000000000	10	100	0	0.989723
2731000	0.4000000000	0.0010000000	0.1000000000	10	100	0	0.990258
2732000	0.4000000000	0.0010000000	0.1000000000	10	100	0	0.989950
2733000	0.4000000000	0.0010000000	0.1000000000	10	100	0	0.989073
2734000	0.4000000000	0.0010000000	0.1000000000	10	100	0	0.989685
2735000	0.4000000000	0.0010000000	0.1000000000	10	100	0	0.989849
2736000	0.4000000000	0.0010000000	0.1000000000	10	100	0	0.991032
2737000	0.4000000000	0.0010000000	0.1000000000	10	100	0	0.989243
2738000	0.4000000000	0.0010000000	0.1000000000	10	100	0	0.989218
2739000	0.4000000000	0.0010000000	0.1000000000	10	100	0	0.989824
2740000	0.4000000000	0.0010000000	0.1000000000	10	100	0	0.989549
2741000	0.4000000000	0.0010000000	0.1000000000	10	100	0	0.988835
2742000	0.4000000000	0.0010000000	0.1000000000	10	100	0	0.989389
2743000	0.4000000000	0.0010000000	0.1000000000	10	100	0	0.990001
2744000	0.4000000000	0.0010000000	0.1000000000	10	100	0	0.988531
2745000	0.4000000000	0.0010000000	0.1000000000	10	100	0	0.989389
2746000	0.4000000000	0.0010000000	0.1000000000	10	100	0	0.989773
2747000	0.4000000000	0.0010000000	0.1000000000	10	100	0	0.989499
2748000	0.4000000000	0.0010000000	0.1000000000	10	100	0	0.990233
2749000	0.4000000000	0.0010000000	0.1000000000	10	100	0	0.989340
2750000	0.4000000000	0.0010000000	0.1000000000	10	100	0	0.989254
2751000	0.4000000000	0.0010000000	0.1000000000	10	100	0	0.989206
2752000	0.4000000000	0.0010000000	0.1000000000	10	100	0	0.990091
2753000	0.4000000000	0.0010000000	0.1000000000	10	100	0	0.989133
2754000	0.4000000000	0.0010000000	0.1000000000	10	100	0	0.990431
2755000	0.4000000000	0.0010000000	0.1000000000	10	100	0	0.989963
2756000	0.4000000000	0.0010000000	0.1000000000	10	100	0	0.988989
2757000	0.4000000000	0.0010000000	0.1000000000	10	100	0	0.988978
2758000	0.4000000000	0.0010000000	0.1000000000	10	100	0	0.990040
2759000	0.4000000000	0.0010000000	0.1000000000	10	100	0	0.990363
2760000	0.4000000000	0.0010000000	0.1000000000	10	100	0	0.990494
2761000	0.4000000000	0.0010000000	0.1000000000	10	100	0	0.988647
2762000	0.4000000000	0.0010000000	0.1000000000	10	100	0	0.990271
2763000	0.4000000000	0.0010000000	0.1000000000	10	100	0	0.990441
2764000	0.4000000000	0.0010000000	0.1000000000	10	100	0	0.990600
2765000	0.4000000000	0.0010000000	0.1000000000	10	100	0	0.989635
2766000	0.4000000000	0.0010000000	0.1000000000	10	100	0	0.989748
2767000	0.4000000000	0.0010000000	0.1000000000	10	100	0	0.989573
2768000	0.4000000000	0.0010000000	0.1000000000	10	100	0	0.990168
2769000	0.4000000000	0.0010000000	0.1000000000	10	100	0	0.989524
2770000	0.4000000000	0.0010000000	0.1000000000	10	100	0	0.989315
2771000	0.4000000000	0.0010000000	0.1000000000	10	100	0	0.989963
2772000	0.4000000000	0.0010000000	0.1000000000	10	100	0	0.990039
2773000	0.4000000000	0.0010000000	0.1000000000	10	100	0	0.989537
2774000	0.4000000000	0.0010000000	0.1000000000	10	100	0	0.989549
2775000	0.4000000000	0.0010000000	0.1000000000	10	100	0	0.990312
2776000	0.4000000000	0.0010000000	0.1000000000	10	100	0	0.989414
2777000	0.4000000000	0.0010000000	0.1000000000	10	100	0	0.990040
2778000	0.4000000000	0.0010000000	0.1000000000	10	100	0	0.989207
2779000	0.4000000000	0.0010000000	0.1000000000	10	100	0	0.990208
2780000	0.4000000000	0.0010000000	0.1000000000	10	100	0	0.990311
2781000	0.4000000000	0.0010000000	0.1000000000	10	100	0	0.989787
2782000	0.4000000000	0.0010000000	0.1000000000	10	100	0	0.989575
2783000	0.4000000000	0.0010000000	0.1000000000	10	100	0	0.990091
2784000	0.4000000000	0.0010000000	0.1000000000	10	100	0	0.989303
2785000	0.4000000000	0.0010000000	0.1000000000	10	100	0	0.990220
2786000	0.4000000000	0.0010000000	0.1000000000	10	100	0	0.988989
2787000	0.4000000000	0.0010000000	0.1000000000	10	100	0	0.989242
2788000	0.4000000000	0.0010000000	0.1000000000	10	100	0	0.989512
2789000	0.4000000000	0.0010000000	0.1000000000	10	100	0	0.989798
2790000	0.4000000000	0.0010000000	0.1000000000	10	100	0	0.990091
2791000	0.4000000000	0.0010000000	0.1000000000	10	100	0	0.989111
2792000	0.4000000000	0.0010000000	0.1000000000	10	100	0	0.990129
2793000	0.4000000000	0.0010000000	0.1000000000	10	100	0	0.988870
2794000	0.4000000000	0.0010000000	0.1000000000	10	100	0	0.990103
2795000	0.4000000000	0.0010000000	0.1000000000	10	100	0	0.989824
2796000	0.4000000000	0.0010000000	0.1000000000	10	100	0	0.989536
2797000	0.4000000000	0.0010000000	0.1000000000	10	100	0	0.990129
2798000	0.4000000000	0.0010000000	0.1000000000	10	100	0	0.989256
2799000	0.4000000000	0.0010000000	0.1000000000	10	100	0	0.989623
2800000	0.4000000000	0.0010000000	0.1000000000	10	100	0	0.989110
2801000	0.4000000000	0.0010000000	0.1000000000	10	100	0	0.989798
2802000	0.4000000000	0.0010000000	0.1000000000	10	100	0	0.988635
2803000	0.4000000000	0.0010000000	0.1000000000	10	100	0	0.989611
2804000	0.4000000000	0.0010000000	0.1000000000	10	100	0	0.988117
2805000	0.4000000000	0.0010000000	0.1000000000	10	100	0	0.990415
2806000	0.4000000000	0.0010000000	0.1000000000	10	100	0	0.989874
2807000	0.4000000000	0.0010000000	0.1000000000	10	100	0	0.990129
2808000	0.4000000000	0.0010000000	0.1000000000	10	100	0	0.990297
2809000	0.4000000000	0.0010000000	0.1000000000	10	100	0	0.990828
2810000	0.4000000000	0.0010000000	0.1000000000	10	100	0	0.989963
2811000	0.4000000000	0.0010000000	0.1000000000	10	100	0	0.989158
2812000	0.4000000000	0.0010000000	0.1000000000	10	100	0	0.989673
2813000	0.4000000000	0.0010000000	0.1000000000	10	100	0	0.989315
2814000	0.4000000000	0.0010000000	0.1000000000	10	100	0	0.989401
2815000	0.4000000000	0.0010000000	0.1000000000	10	100	0	0.990039
2816000	0.4000000000	0.0010000000	0.1000000000	10	100	0	0.988847
2817000	0.4000000000	0.0010000000	0.1000000000	10	100	0	0.989242
2818000	0.4000000000	0.0010000000	0.1000000000	10	100	0	0.990014
2819000	0.4000000000	0.0010000000	0.1000000000	10	100	0	0.989182
2820000	0.4000000000	0.0010000000	0.1000000000	10	100	0	0.990078
2821000	0.4000000000	0.0010000000	0.1000000000	10	100	0	0.989573
2822000	0.4000000000	0.0010000000	0.1000000000	10	100	0	0.989988
2823000	0.4000000000	0.0010000000	0.1000000000	10	100	0	0.989951
2824000	0.4000000000	0.0010000000	0.1000000000	10	100	0	0.989887
2825000	0.4000000000	0.0010000000	0.1000000000	10	100	0	0.989988
2826000	0.4000000000	0.0010000000	0.1000000000	10	100	0	0.989699
2827000	0.4000000000	0.0010000000	0.1000000000	10	100	0	0.989426
2828000	0.4000000000	0.0010000000	0.1000000000	10	100	0	0.989218
2829000	0.4000000000	0.0010000000	0.1000000000	10	100	0	0.989636
2830000	0.4000000000	0.0010000000	0.1000000000	10	100	0	0.989050
2831000	0.4000000000	0.0010000000	0.1000000000	10	100	0	0.989074
2832000	0.4000000000	0.0010000000	0.1000000000	10	100	0	0.989002
2833000	0.4000000000	0.0010000000	0.1000000000	10	100	0	0.989279
2834000	0.4000000000	0.0010000000	0.1000000000	10	100	0	0.989475
2835000	0.4000000000	0.0010000000	0.1000000000	10	100	0	0.988847
2836000	0.4000000000	0.0010000000	0.1000000000	10	100	0	0.988788
2837000	0.4000000000	0.0010000000	0.1000000000	10	100	0	0.988990
2838000	0.4000000000	0.0010000000	0.1000000000	10	100	0	0.989862
2839000	0.4000000000	0.0010000000	0.1000000000	10	100	0	0.989899
2840000	0.4000000000	0.0010000000	0.1000000000	10	100	0	0.989170
2841000	0.4000000000	0.0010000000	0.1000000000	10	100	0	0.989389
2842000	0.4000000000	0.0010000000	0.1000000000	10	100	0	0.990311
2843000	0.4000000000	0.0010000000	0.1000000000	10	100	0	0.990181
2844000	0.4000000000	0.0010000000	0.1000000000	10	100	0	0.989875
2845000	0.4000000000	0.0010000000	0.1000000000	10	100	0	0.989242
2846000	0.4000000000	0.0010000000	0.1000000000	10	100	0	0.990520
2847000	0.4000000000	0.0010000000	0.1000000000	10	100	0	0.989512
2848000	0.4000000000	0.0010000000	0.1000000000	10	100	0	0.989279
2849000	0.4000000000	0.0010000000	0.1000000000	10	100	0	0.989194
2850000	0.4000000000	0.0010000000	0.1000000000	10	100	0	0.988788
2851000	0.4000000000	0.0010000000	0.1000000000	10	100	0	0.990909
2852000	0.4000000000	0.0010000000	0.1000000000	10	100	0	0.988882
2853000	0.4000000000	0.0010000000	0.1000000000	10	100	0	0.990194
2854000	0.4000000000	0.0010000000	0.1000000000	10	100	0	0.990103
2855000	0.4000000000	0.0010000000	0.1000000000	10	100	0	0.989001
2856000	0.4000000000	0.0010000000	0.1000000000	10	100	0	0.990667
2857000	0.4000000000	0.0010000000	0.1000000000	10	100	0	0.990508
2858000	0.4000000000	0.0010000000	0.1000000000	10	100	0	0.990950
2859000	0.4000000000	0.0010000000	0.1000000000	10	100	0	0.990116
2860000	0.4000000000	0.0010000000	0.1000000000	10	100	0	0.990549
2861000	0.4000000000	0.0010000000	0.1000000000	10	100	0	0.988930
2862000	0.4000000000	0.0010000000	0.1000000000	10	100	0	0.988990
2863000	0.4000000000	0.0010000000	0.1000000000	10	100	0	0.990324
2864000	0.4000000000	0.0010000000	0.1000000000	10	100	0	0.990143
2865000	0.4000000000	0.0010000000	0.1000000000	10	100	0	0.989512
2866000	0.4000000000	0.0010000000	0.1000000000	10	100	0	0.990285
2867000	0.4000000000	0.0010000000	0.1000000000	10	100	0	0.990482
2868000	0.4000000000	0.0010000000	0.1000000000	10	100	0	0.989279
2869000	0.4000000000	0.0010000000	0.1000000000	10	100	0	0.989549
2870000	0.4000000000	0.0010000000	0.1000000000	10	100	0	0.989414
2871000	0.4000000000	0.0010000000	0.1000000000	10	100	0	0.989389
2872000	0.4000000000	0.0010000000	0.1000000000	10	100	0	0.990168
2873000	0.4000000000	0.0010000000	0.1000000000	10	100	0	0.988942
2874000	0.4000000000	0.0010000000	0.1000000000	10	100	0	0.989376
2875000	0.4000000000	0.0010000000	0.1000000000	10	100	0	0.989710
2876000	0.4000000000	0.0010000000	0.1000000000	10	100	0	0.990389
2877000	0.4000000000	0.0010000000	0.1000000000	10	100	0	0.989134
2878000	0.4000000000	0.0010000000	0.1000000000	10	100	0	0.989748
2879000	0.4000000000	0.0010000000	0.1000000000	10	100	0	0.989673
2880000	0.4000000000	0.0010000000	0.1000000000	10	100	0	0.990964
2881000	0.4000000000	0.0010000000	0.1000000000	10	100	0	0.990389
2882000	0.4000000000	0.0010000000	0.1000000000	10	100	0	0.990774
2883000	0.4000000000	0.0010000000	0.1000000000	10	100	0	0.990547
2884000	0.4000000000	0.0010000000	0.1000000000	10	100	0	0.989611
2885000	0.4000000000	0.0010000000	0.1000000000	10	100	0	0.990363
2886000	0.4000000000	0.0010000000	0.1000000000	10	100	0	0.989800
2887000	0.4000000000	0.0010000000	0.1000000000	10	100	0	0.989574
2888000	0.4000000000	0.0010000000	0.1000000000	10	100	0	0.990801
2889000	0.4000000000	0.0010000000	0.1000000000	10	100	0	0.988812
2890000	0.4000000000	0.0010000000	0.1000000000	10	100	0	0.988682
2891000	0.4000000000	0.0010000000	0.1000000000	10	100	0	0.988776
2892000	0.4000000000	0.0010000000	0.1000000000	10	100	0	0.988357
2893000	0.4000000000	0.0010000000	0.1000000000	10	100	0	0.989574
2894000	0.4000000000	0.0010000000	0.1000000000	10	100	0	0.990614
2895000	0.4000000000	0.0010000000	0.1000000000	10	100	0	0.989085
2896000	0.4000000000	0.0010000000	0.1000000000	10	100	0	0.989122
2897000	0.4000000000	0.0010000000	0.1000000000	10	100	0	0.989328
2898000	0.4000000000	0.0010000000	0.1000000000	10	100	0	0.989049
2899000	0.4000000000	0.0010000000	0.1000000000	10	100	0	0.988670
2900000	0.4000000000	0.0010000000	0.1000000000	10	100	0	0.989218
2901000	0.4000000000	0.0010000000	0.1000000000	10	100	0	0.990468
2902000	0.4000000000	0.0010000000	0.1000000000	10	100	0	0.988954
2903000	0.4000000000	0.0010000000	0.1000000000	10	100	0	0.990014
2904000	0.4000000000	0.0010000000	0.1000000000	10	100	0	0.989899
2905000	0.4000000000	0.0010000000	0.1000000000	10	100	0	0.988954
2906000	0.4000000000	0.0010000000	0.1000000000	10	100	0	0.988554
2907000	0.4000000000	0.0010000000	0.1000000000	10	100	0	0.989850
2908000	0.4000000000	0.0010000000	0.1000000000	10	100	0	0.989438
2909000	0.4000000000	0.0010000000	0.1000000000	10	100	0	0.988894
2910000	0.4000000000	0.0010000000	0.1000000000	10	100	0	0.988942
2911000	0.4000000000	0.0010000000	0.1000000000	10	100	0	0.988577
2912000	0.4000000000	0.0010000000	0.1000000000	10	100	0	0.991608
2913000	0.4000000000	0.0010000000	0.1000000000	10	100	0	0.990923
2914000	0.4000000000	0.0010000000	0.1000000000	10	100	0	0.989133
2915000	0.4000000000	0.0010000000	0.1000000000	10	100	0	0.988978
2916000	0.4000000000	0.0010000000	0.1000000000	10	100	0	0.988776
2917000	0.4000000000	0.0010000000	0.1000000000	10	100	0	0.989623
2918000	0.4000000000	0.0010000000	0.1000000000	10	100	0	0.989912
2919000	0.4000000000	0.0010000000	0.1000000000	10	100	0	0.988990
2920000	0.4000000000	0.0010000000	0.1000000000	10	100	0	0.988415
2921000	0.4000000000	0.0010000000	0.1000000000	10	100	0	0.989450
2922000	0.4000000000	0.0010000000	0.1000000000	10	100	0	0.989774
2923000	0.4000000000	0.0010000000	0.1000000000	10	100	0	0.989786
2924000	0.4000000000	0.0010000000	0.1000000000	10	100	0	0.990001
2925000	0.4000000000	0.0010000000	0.1000000000	10	100	0	0.989773
2926000	0.4000000000	0.0010000000	0.1000000000	10	100	0	0.991033
2927000	0.4000000000	0.0010000000	0.1000000000	10	100	0	0.989561
2928000	0.4000000000	0.0010000000	0.1000000000	10	100	0	0.989988
2929000	0.4000000000	0.0010000000	0.1000000000	10	100	0	0.990298
2930000	0.4000000000	0.0010000000	0.1000000000	10	100	0	0.989206
2931000	0.4000000000	0.0010000000	0.1000000000	10	100	0	0.989499
2932000	0.4000000000	0.0010000000	0.1000000000	10	100	0	0.989364
2933000	0.4000000000	0.0010000000	0.1000000000	10	100	0	0.989303
2934000	0.4000000000	0.0010000000	0.1000000000	10	100	0	0.989938
2935000	0.4000000000	0.0010000000	0.1000000000	10	100	0	0.990157
2936000	0.4000000000	0.0010000000	0.1000000000	10	100	0	0.988894
2937000	0.4000000000	0.0010000000	0.1000000000	10	100	0	0.990614
2938000	0.4000000000	0.0010000000	0.1000000000	10	100	0	0.990468
2939000	0.4000000000	0.0010000000	0.1000000000	10	100	0	0.989573
2940000	0.4000000000	0.0010000000	0.1000000000	10	100	0	0.990246
2941000	0.4000000000	0.0010000000	0.1000000000	10	100	0	0.989438
2942000	0.4000000000	0.0010000000	0.1000000000	10	100	0	0.990116
2943000	0.4000000000	0.0010000000	0.1000000000	10	100	0	0.989242
2944000	0.4000000000	0.0010000000	0.1000000000	10	100	0	0.988015
2945000	0.4000000000	0.0010000000	0.1000000000	10	100	0	0.989218
2946000	0.4000000000	0.0010000000	0.1000000000	10	100	0	0.989786
2947000	0.4000000000	0.0010000000	0.1000000000	10	100	0	0.989887
2948000	0.4000000000	0.0010000000	0.1000000000	10	100	0	0.989364
2949000	0.4000000000	0.0010000000	0.1000000000	10	100	0	0.990116
2950000	0.4000000000	0.0010000000	0.1000000000	10	100	0	0.989061
2951000	0.4000000000	0.0010000000	0.1000000000	10	100	0	0.989098
2952000	0.4000000000	0.0010000000	0.1000000000	10	100	0	0.989900
2953000	0.4000000000	0.0010000000	0.1000000000	10	100	0	0.990494
2954000	0.4000000000	0.0010000000	0.1000000000	10	100	0	0.989026
2955000	0.4000000000	0.0010000000	0.1000000000	10	100	0	0.990653
2956000	0.4000000000	0.0010000000	0.1000000000	10	100	0	0.990052
2957000	0.4000000000	0.0010000000	0.1000000000	10	100	0	0.990455
2958000	0.4000000000	0.0010000000	0.1000000000	10	100	0	0.990454
2959000	0.4000000000	0.0010000000	0.1000000000	10	100	0	0.990015
2960000	0.4000000000	0.0010000000	0.1000000000	10	100	0	0.990169
2961000	0.4000000000	0.0010000000	0.1000000000	10	100	0	0.989836
2962000	0.4000000000	0.0010000000	0.1000000000	10	100	0	0.991143
2963000	0.4000000000	0.0010000000	0.1000000000	10	100	0	0.989450
2964000	0.4000000000	0.0010000000	0.1000000000	10	100	0	0.989098
2965000	0.4000000000	0.0010000000	0.1000000000	10	100	0	0.988612
2966000	0.4000000000	0.0010000000	0.1000000000	10	100	0	0.989912
2967000	0.4000000000	0.0010000000	0.1000000000	10	100	0	0.988659
2968000	0.4000000000	0.0010000000	0.1000000000	10	100	0	0.990168
2969000	0.4000000000	0.0010000000	0.1000000000	10	100	0	0.989242
2970000	0.4000000000	0.0010000000	0.1000000000	10	100	0	0.988918
2971000	0.4000000000	0.0010000000	0.1000000000	10	100	0	0.988658
2972000	0.4000000000	0.0010000000	0.1000000000	10	100	0	0.990442
2973000	0.4000000000	0.0010000000	0.1000000000	10	100	0	0.990040
2974000	0.4000000000	0.0010000000	0.1000000000	10	100	0	0.989651
2975000	0.4000000000	0.0010000000	0.1000000000	10	100	0	0.989812
2976000	0.4000000000	0.0010000000	0.1000000000	10	100	0	0.989711
2977000	0.4000000000	0.0010000000	0.1000000000	10	100	0	0.988718
2978000	0.4000000000	0.0010000000	0.1000000000	10	100	0	0.989109
2979000	0.4000000000	0.0010000000	0.1000000000	10	100	0	0.989340
2980000	0.4000000000	0.0010000000	0.1000000000	10	100	0	0.989611
2981000	0.4000000000	0.0010000000	0.1000000000	10	100	0	0.989989
2982000	0.4000000000	0.0010000000	0.1000000000	10	100	0	0.990951
2983000	0.4000000000	0.0010000000	0.1000000000	10	100	0	0.990026
2984000	0.4000000000	0.0010000000	0.1000000000	10	100	0	0.989874
2985000	0.4000000000	0.0010000000	0.1000000000	10	100	0	0.988635
2986000	0.4000000000	0.0010000000	0.1000000000	10	100	0	0.989328
2987000	0.4000000000	0.0010000000	0.1000000000	10	100	0	0.988966
2988000	0.4000000000	0.0010000000	0.1000000000	10	100	0	0.989049
2989000	0.4000000000	0.0010000000	0.1000000000	10	100	0	0.989194
2990000	0.4000000000	0.0010000000	0.1000000000	10	100	0	0.989748
2991000	0.4000000000	0.0010000000	0.1000000000	10	100	0	0.989039
2992000	0.4000000000	0.0010000000	0.1000000000	10	100	0	0.990350
2993000	0.4000000000	0.0010000000	0.1000000000	10	100	0	0.988978
2994000	0.4000000000	0.0010000000	0.1000000000	10	100	0	0.988847
2995000	0.4000000000	0.0010000000	0.1000000000	10	100	0	0.990284
2996000	0.4000000000	0.0010000000	0.1000000000	10	100	0	0.990014
2997000	0.4000000000	0.0010000000	0.1000000000	10	100	0	0.989146
2998000	0.4000000000	0.0010000000	0.1000000000	10	100	0	0.990298
2999000	0.4000000000	0.0010000000	0.1000000000	10	100	0	0.989586
3000000	0.4000000000	0.0010000000	0.1000000000	10	100	0	0.989327
