time	epistasis_coef	sel_coef	mu_prob	Ne	L	k_start	mean_fitness
2000000	0.8000000000	0.0010000000	0.0100000000	10	100	0	0.997843
2001000	0.8000000000	0.0010000000	0.0100000000	10	100	0	0.997816
2002000	0.8000000000	0.0010000000	0.0100000000	10	100	0	0.997837
2003000	0.8000000000	0.0010000000	0.0100000000	10	100	0	0.997832
2004000	0.8000000000	0.0010000000	0.0100000000	10	100	0	0.997790
2005000	0.8000000000	0.0010000000	0.0100000000	10	100	0	0.997782
2006000	0.8000000000	0.0010000000	0.0100000000	10	100	0	0.997774
2007000	0.8000000000	0.0010000000	0.0100000000	10	100	0	0.997824
2008000	0.8000000000	0.0010000000	0.0100000000	10	100	0	0.997805
2009000	0.8000000000	0.0010000000	0.0100000000	10	100	0	0.997852
2010000	0.8000000000	0.0010000000	0.0100000000	10	100	0	0.997833
2011000	0.8000000000	0.0010000000	0.0100000000	10	100	0	0.997833
2012000	0.8000000000	0.0010000000	0.0100000000	10	100	0	0.997814
2013000	0.8000000000	0.0010000000	0.0100000000	10	100	0	0.997861
2014000	0.8000000000	0.0010000000	0.0100000000	10	100	0	0.997871
2015000	0.8000000000	0.0010000000	0.0100000000	10	100	0	0.997880
2016000	0.8000000000	0.0010000000	0.0100000000	10	100	0	0.997805
2017000	0.8000000000	0.0010000000	0.0100000000	10	100	0	0.997824
2018000	0.8000000000	0.0010000000	0.0100000000	10	100	0	0.997837
2019000	0.8000000000	0.0010000000	0.0100000000	10	100	0	0.997824
2020000	0.8000000000	0.0010000000	0.0100000000	10	100	0	0.997833
2021000	0.8000000000	0.0010000000	0.0100000000	10	100	0	0.997816
2022000	0.8000000000	0.0010000000	0.0100000000	10	100	0	0.997824
2023000	0.8000000000	0.0010000000	0.0100000000	10	100	0	0.997852
2024000	0.8000000000	0.0010000000	0.0100000000	10	100	0	0.997843
2025000	0.8000000000	0.0010000000	0.0100000000	10	100	0	0.997807
2026000	0.8000000000	0.0010000000	0.0100000000	10	100	0	0.997782
2027000	0.8000000000	0.0010000000	0.0100000000	10	100	0	0.997782
2028000	0.8000000000	0.0010000000	0.0100000000	10	100	0	0.997816
2029000	0.8000000000	0.0010000000	0.0100000000	10	100	0	0.997816
2030000	0.8000000000	0.0010000000	0.0100000000	10	100	0	0.997798
2031000	0.8000000000	0.0010000000	0.0100000000	10	100	0	0.997798
2032000	0.8000000000	0.0010000000	0.0100000000	10	100	0	0.997782
2033000	0.8000000000	0.0010000000	0.0100000000	10	100	0	0.997807
2034000	0.8000000000	0.0010000000	0.0100000000	10	100	0	0.997766
2035000	0.8000000000	0.0010000000	0.0100000000	10	100	0	0.997779
2036000	0.8000000000	0.0010000000	0.0100000000	10	100	0	0.997766
2037000	0.8000000000	0.0010000000	0.0100000000	10	100	0	0.997772
2038000	0.8000000000	0.0010000000	0.0100000000	10	100	0	0.997824
2039000	0.8000000000	0.0010000000	0.0100000000	10	100	0	0.997823
2040000	0.8000000000	0.0010000000	0.0100000000	10	100	0	0.997843
2041000	0.8000000000	0.0010000000	0.0100000000	10	100	0	0.997852
2042000	0.8000000000	0.0010000000	0.0100000000	10	100	0	0.997843
2043000	0.8000000000	0.0010000000	0.0100000000	10	100	0	0.997861
2044000	0.8000000000	0.0010000000	0.0100000000	10	100	0	0.997866
2045000	0.8000000000	0.0010000000	0.0100000000	10	100	0	0.997842
2046000	0.8000000000	0.0010000000	0.0100000000	10	100	0	0.997870
2047000	0.8000000000	0.0010000000	0.0100000000	10	100	0	0.997879
2048000	0.8000000000	0.0010000000	0.0100000000	10	100	0	0.997824
2049000	0.8000000000	0.0010000000	0.0100000000	10	100	0	0.997861
2050000	0.8000000000	0.0010000000	0.0100000000	10	100	0	0.997871
2051000	0.8000000000	0.0010000000	0.0100000000	10	100	0	0.997852
2052000	0.8000000000	0.0010000000	0.0100000000	10	100	0	0.997798
2053000	0.8000000000	0.0010000000	0.0100000000	10	100	0	0.997782
2054000	0.8000000000	0.0010000000	0.0100000000	10	100	0	0.997790
2055000	0.8000000000	0.0010000000	0.0100000000	10	100	0	0.997798
2056000	0.8000000000	0.0010000000	0.0100000000	10	100	0	0.997816
2057000	0.8000000000	0.0010000000	0.0100000000	10	100	0	0.997817
2058000	0.8000000000	0.0010000000	0.0100000000	10	100	0	0.997783
2059000	0.8000000000	0.0010000000	0.0100000000	10	100	0	0.997764
2060000	0.8000000000	0.0010000000	0.0100000000	10	100	0	0.997735
2061000	0.8000000000	0.0010000000	0.0100000000	10	100	0	0.997732
2062000	0.8000000000	0.0010000000	0.0100000000	10	100	0	0.997735
2063000	0.8000000000	0.0010000000	0.0100000000	10	100	0	0.997742
2064000	0.8000000000	0.0010000000	0.0100000000	10	100	0	0.997766
2065000	0.8000000000	0.0010000000	0.0100000000	10	100	0	0.997816
2066000	0.8000000000	0.0010000000	0.0100000000	10	100	0	0.997781
2067000	0.8000000000	0.0010000000	0.0100000000	10	100	0	0.997766
2068000	0.8000000000	0.0010000000	0.0100000000	10	100	0	0.997757
2069000	0.8000000000	0.0010000000	0.0100000000	10	100	0	0.997818
2070000	0.8000000000	0.0010000000	0.0100000000	10	100	0	0.997798
2071000	0.8000000000	0.0010000000	0.0100000000	10	100	0	0.997824
2072000	0.8000000000	0.0010000000	0.0100000000	10	100	0	0.997853
2073000	0.8000000000	0.0010000000	0.0100000000	10	100	0	0.997852
2074000	0.8000000000	0.0010000000	0.0100000000	10	100	0	0.997843
2075000	0.8000000000	0.0010000000	0.0100000000	10	100	0	0.997861
2076000	0.8000000000	0.0010000000	0.0100000000	10	100	0	0.997871
2077000	0.8000000000	0.0010000000	0.0100000000	10	100	0	0.997843
2078000	0.8000000000	0.0010000000	0.0100000000	10	100	0	0.997793
2079000	0.8000000000	0.0010000000	0.0100000000	10	100	0	0.997782
2080000	0.8000000000	0.0010000000	0.0100000000	10	100	0	0.997780
2081000	0.8000000000	0.0010000000	0.0100000000	10	100	0	0.997799
2082000	0.8000000000	0.0010000000	0.0100000000	10	100	0	0.997758
2083000	0.8000000000	0.0010000000	0.0100000000	10	100	0	0.997736
2084000	0.8000000000	0.0010000000	0.0100000000	10	100	0	0.997735
2085000	0.8000000000	0.0010000000	0.0100000000	10	100	0	0.997742
2086000	0.8000000000	0.0010000000	0.0100000000	10	100	0	0.997774
2087000	0.8000000000	0.0010000000	0.0100000000	10	100	0	0.997767
2088000	0.8000000000	0.0010000000	0.0100000000	10	100	0	0.997782
2089000	0.8000000000	0.0010000000	0.0100000000	10	100	0	0.997833
2090000	0.8000000000	0.0010000000	0.0100000000	10	100	0	0.997824
2091000	0.8000000000	0.0010000000	0.0100000000	10	100	0	0.997816
2092000	0.8000000000	0.0010000000	0.0100000000	10	100	0	0.997823
2093000	0.8000000000	0.0010000000	0.0100000000	10	100	0	0.997782
2094000	0.8000000000	0.0010000000	0.0100000000	10	100	0	0.997758
2095000	0.8000000000	0.0010000000	0.0100000000	10	100	0	0.997775
2096000	0.8000000000	0.0010000000	0.0100000000	10	100	0	0.997757
2097000	0.8000000000	0.0010000000	0.0100000000	10	100	0	0.997742
2098000	0.8000000000	0.0010000000	0.0100000000	10	100	0	0.997751
2099000	0.8000000000	0.0010000000	0.0100000000	10	100	0	0.997745
2100000	0.8000000000	0.0010000000	0.0100000000	10	100	0	0.997818
2101000	0.8000000000	0.0010000000	0.0100000000	10	100	0	0.997800
2102000	0.8000000000	0.0010000000	0.0100000000	10	100	0	0.997773
2103000	0.8000000000	0.0010000000	0.0100000000	10	100	0	0.997791
2104000	0.8000000000	0.0010000000	0.0100000000	10	100	0	0.997807
2105000	0.8000000000	0.0010000000	0.0100000000	10	100	0	0.997798
2106000	0.8000000000	0.0010000000	0.0100000000	10	100	0	0.997782
2107000	0.8000000000	0.0010000000	0.0100000000	10	100	0	0.997852
2108000	0.8000000000	0.0010000000	0.0100000000	10	100	0	0.997843
2109000	0.8000000000	0.0010000000	0.0100000000	10	100	0	0.997833
2110000	0.8000000000	0.0010000000	0.0100000000	10	100	0	0.997842
2111000	0.8000000000	0.0010000000	0.0100000000	10	100	0	0.997812
2112000	0.8000000000	0.0010000000	0.0100000000	10	100	0	0.997838
2113000	0.8000000000	0.0010000000	0.0100000000	10	100	0	0.997852
2114000	0.8000000000	0.0010000000	0.0100000000	10	100	0	0.997835
2115000	0.8000000000	0.0010000000	0.0100000000	10	100	0	0.997807
2116000	0.8000000000	0.0010000000	0.0100000000	10	100	0	0.997790
2117000	0.8000000000	0.0010000000	0.0100000000	10	100	0	0.997807
2118000	0.8000000000	0.0010000000	0.0100000000	10	100	0	0.997816
2119000	0.8000000000	0.0010000000	0.0100000000	10	100	0	0.997816
2120000	0.8000000000	0.0010000000	0.0100000000	10	100	0	0.997799
2121000	0.8000000000	0.0010000000	0.0100000000	10	100	0	0.997824
2122000	0.8000000000	0.0010000000	0.0100000000	10	100	0	0.997824
2123000	0.8000000000	0.0010000000	0.0100000000	10	100	0	0.997817
2124000	0.8000000000	0.0010000000	0.0100000000	10	100	0	0.997861
2125000	0.8000000000	0.0010000000	0.0100000000	10	100	0	0.997881
2126000	0.8000000000	0.0010000000	0.0100000000	10	100	0	0.997885
2127000	0.8000000000	0.0010000000	0.0100000000	10	100	0	0.997898
2128000	0.8000000000	0.0010000000	0.0100000000	10	100	0	0.997881
2129000	0.8000000000	0.0010000000	0.0100000000	10	100	0	0.997847
2130000	0.8000000000	0.0010000000	0.0100000000	10	100	0	0.997871
2131000	0.8000000000	0.0010000000	0.0100000000	10	100	0	0.997871
2132000	0.8000000000	0.0010000000	0.0100000000	10	100	0	0.997880
2133000	0.8000000000	0.0010000000	0.0100000000	10	100	0	0.997852
2134000	0.8000000000	0.0010000000	0.0100000000	10	100	0	0.997824
2135000	0.8000000000	0.0010000000	0.0100000000	10	100	0	0.997842
2136000	0.8000000000	0.0010000000	0.0100000000	10	100	0	0.997798
2137000	0.8000000000	0.0010000000	0.0100000000	10	100	0	0.997833
2138000	0.8000000000	0.0010000000	0.0100000000	10	100	0	0.997860
2139000	0.8000000000	0.0010000000	0.0100000000	10	100	0	0.997860
2140000	0.8000000000	0.0010000000	0.0100000000	10	100	0	0.997879
2141000	0.8000000000	0.0010000000	0.0100000000	10	100	0	0.997852
2142000	0.8000000000	0.0010000000	0.0100000000	10	100	0	0.997852
2143000	0.8000000000	0.0010000000	0.0100000000	10	100	0	0.997824
2144000	0.8000000000	0.0010000000	0.0100000000	10	100	0	0.997806
2145000	0.8000000000	0.0010000000	0.0100000000	10	100	0	0.997798
2146000	0.8000000000	0.0010000000	0.0100000000	10	100	0	0.997790
2147000	0.8000000000	0.0010000000	0.0100000000	10	100	0	0.997790
2148000	0.8000000000	0.0010000000	0.0100000000	10	100	0	0.997801
2149000	0.8000000000	0.0010000000	0.0100000000	10	100	0	0.997799
2150000	0.8000000000	0.0010000000	0.0100000000	10	100	0	0.997809
2151000	0.8000000000	0.0010000000	0.0100000000	10	100	0	0.997824
2152000	0.8000000000	0.0010000000	0.0100000000	10	100	0	0.997852
2153000	0.8000000000	0.0010000000	0.0100000000	10	100	0	0.997873
2154000	0.8000000000	0.0010000000	0.0100000000	10	100	0	0.997871
2155000	0.8000000000	0.0010000000	0.0100000000	10	100	0	0.997871
2156000	0.8000000000	0.0010000000	0.0100000000	10	100	0	0.997824
2157000	0.8000000000	0.0010000000	0.0100000000	10	100	0	0.997807
2158000	0.8000000000	0.0010000000	0.0100000000	10	100	0	0.997783
2159000	0.8000000000	0.0010000000	0.0100000000	10	100	0	0.997824
2160000	0.8000000000	0.0010000000	0.0100000000	10	100	0	0.997833
2161000	0.8000000000	0.0010000000	0.0100000000	10	100	0	0.997797
2162000	0.8000000000	0.0010000000	0.0100000000	10	100	0	0.997766
2163000	0.8000000000	0.0010000000	0.0100000000	10	100	0	0.997766
2164000	0.8000000000	0.0010000000	0.0100000000	10	100	0	0.997798
2165000	0.8000000000	0.0010000000	0.0100000000	10	100	0	0.997798
2166000	0.8000000000	0.0010000000	0.0100000000	10	100	0	0.997824
2167000	0.8000000000	0.0010000000	0.0100000000	10	100	0	0.997793
2168000	0.8000000000	0.0010000000	0.0100000000	10	100	0	0.997783
2169000	0.8000000000	0.0010000000	0.0100000000	10	100	0	0.997783
2170000	0.8000000000	0.0010000000	0.0100000000	10	100	0	0.997755
2171000	0.8000000000	0.0010000000	0.0100000000	10	100	0	0.997793
2172000	0.8000000000	0.0010000000	0.0100000000	10	100	0	0.997790
2173000	0.8000000000	0.0010000000	0.0100000000	10	100	0	0.997758
2174000	0.8000000000	0.0010000000	0.0100000000	10	100	0	0.997751
2175000	0.8000000000	0.0010000000	0.0100000000	10	100	0	0.997722
2176000	0.8000000000	0.0010000000	0.0100000000	10	100	0	0.997758
2177000	0.8000000000	0.0010000000	0.0100000000	10	100	0	0.997762
2178000	0.8000000000	0.0010000000	0.0100000000	10	100	0	0.997758
2179000	0.8000000000	0.0010000000	0.0100000000	10	100	0	0.997774
2180000	0.8000000000	0.0010000000	0.0100000000	10	100	0	0.997790
2181000	0.8000000000	0.0010000000	0.0100000000	10	100	0	0.997783
2182000	0.8000000000	0.0010000000	0.0100000000	10	100	0	0.997782
2183000	0.8000000000	0.0010000000	0.0100000000	10	100	0	0.997758
2184000	0.8000000000	0.0010000000	0.0100000000	10	100	0	0.997751
2185000	0.8000000000	0.0010000000	0.0100000000	10	100	0	0.997743
2186000	0.8000000000	0.0010000000	0.0100000000	10	100	0	0.997813
2187000	0.8000000000	0.0010000000	0.0100000000	10	100	0	0.997798
2188000	0.8000000000	0.0010000000	0.0100000000	10	100	0	0.997807
2189000	0.8000000000	0.0010000000	0.0100000000	10	100	0	0.997811
2190000	0.8000000000	0.0010000000	0.0100000000	10	100	0	0.997793
2191000	0.8000000000	0.0010000000	0.0100000000	10	100	0	0.997778
2192000	0.8000000000	0.0010000000	0.0100000000	10	100	0	0.997758
2193000	0.8000000000	0.0010000000	0.0100000000	10	100	0	0.997750
2194000	0.8000000000	0.0010000000	0.0100000000	10	100	0	0.997809
2195000	0.8000000000	0.0010000000	0.0100000000	10	100	0	0.997863
2196000	0.8000000000	0.0010000000	0.0100000000	10	100	0	0.997843
2197000	0.8000000000	0.0010000000	0.0100000000	10	100	0	0.997833
2198000	0.8000000000	0.0010000000	0.0100000000	10	100	0	0.997824
2199000	0.8000000000	0.0010000000	0.0100000000	10	100	0	0.997815
2200000	0.8000000000	0.0010000000	0.0100000000	10	100	0	0.997843
2201000	0.8000000000	0.0010000000	0.0100000000	10	100	0	0.997851
2202000	0.8000000000	0.0010000000	0.0100000000	10	100	0	0.997856
2203000	0.8000000000	0.0010000000	0.0100000000	10	100	0	0.997844
2204000	0.8000000000	0.0010000000	0.0100000000	10	100	0	0.997809
2205000	0.8000000000	0.0010000000	0.0100000000	10	100	0	0.997820
2206000	0.8000000000	0.0010000000	0.0100000000	10	100	0	0.997800
2207000	0.8000000000	0.0010000000	0.0100000000	10	100	0	0.997824
2208000	0.8000000000	0.0010000000	0.0100000000	10	100	0	0.997807
2209000	0.8000000000	0.0010000000	0.0100000000	10	100	0	0.997833
2210000	0.8000000000	0.0010000000	0.0100000000	10	100	0	0.997833
2211000	0.8000000000	0.0010000000	0.0100000000	10	100	0	0.997852
2212000	0.8000000000	0.0010000000	0.0100000000	10	100	0	0.997871
2213000	0.8000000000	0.0010000000	0.0100000000	10	100	0	0.997891
2214000	0.8000000000	0.0010000000	0.0100000000	10	100	0	0.997857
2215000	0.8000000000	0.0010000000	0.0100000000	10	100	0	0.997824
2216000	0.8000000000	0.0010000000	0.0100000000	10	100	0	0.997833
2217000	0.8000000000	0.0010000000	0.0100000000	10	100	0	0.997782
2218000	0.8000000000	0.0010000000	0.0100000000	10	100	0	0.997815
2219000	0.8000000000	0.0010000000	0.0100000000	10	100	0	0.997798
2220000	0.8000000000	0.0010000000	0.0100000000	10	100	0	0.997782
2221000	0.8000000000	0.0010000000	0.0100000000	10	100	0	0.997782
2222000	0.8000000000	0.0010000000	0.0100000000	10	100	0	0.997774
2223000	0.8000000000	0.0010000000	0.0100000000	10	100	0	0.997805
2224000	0.8000000000	0.0010000000	0.0100000000	10	100	0	0.997798
2225000	0.8000000000	0.0010000000	0.0100000000	10	100	0	0.997750
2226000	0.8000000000	0.0010000000	0.0100000000	10	100	0	0.997735
2227000	0.8000000000	0.0010000000	0.0100000000	10	100	0	0.997728
2228000	0.8000000000	0.0010000000	0.0100000000	10	100	0	0.997774
2229000	0.8000000000	0.0010000000	0.0100000000	10	100	0	0.997783
2230000	0.8000000000	0.0010000000	0.0100000000	10	100	0	0.997843
2231000	0.8000000000	0.0010000000	0.0100000000	10	100	0	0.997871
2232000	0.8000000000	0.0010000000	0.0100000000	10	100	0	0.997889
2233000	0.8000000000	0.0010000000	0.0100000000	10	100	0	0.997869
2234000	0.8000000000	0.0010000000	0.0100000000	10	100	0	0.997807
2235000	0.8000000000	0.0010000000	0.0100000000	10	100	0	0.997807
2236000	0.8000000000	0.0010000000	0.0100000000	10	100	0	0.997807
2237000	0.8000000000	0.0010000000	0.0100000000	10	100	0	0.997824
2238000	0.8000000000	0.0010000000	0.0100000000	10	100	0	0.997816
2239000	0.8000000000	0.0010000000	0.0100000000	10	100	0	0.997824
2240000	0.8000000000	0.0010000000	0.0100000000	10	100	0	0.997824
2241000	0.8000000000	0.0010000000	0.0100000000	10	100	0	0.997849
2242000	0.8000000000	0.0010000000	0.0100000000	10	100	0	0.997807
2243000	0.8000000000	0.0010000000	0.0100000000	10	100	0	0.997841
2244000	0.8000000000	0.0010000000	0.0100000000	10	100	0	0.997824
2245000	0.8000000000	0.0010000000	0.0100000000	10	100	0	0.997816
2246000	0.8000000000	0.0010000000	0.0100000000	10	100	0	0.997843
2247000	0.8000000000	0.0010000000	0.0100000000	10	100	0	0.997809
2248000	0.8000000000	0.0010000000	0.0100000000	10	100	0	0.997807
2249000	0.8000000000	0.0010000000	0.0100000000	10	100	0	0.997798
2250000	0.8000000000	0.0010000000	0.0100000000	10	100	0	0.997839
2251000	0.8000000000	0.0010000000	0.0100000000	10	100	0	0.997784
2252000	0.8000000000	0.0010000000	0.0100000000	10	100	0	0.997824
2253000	0.8000000000	0.0010000000	0.0100000000	10	100	0	0.997798
2254000	0.8000000000	0.0010000000	0.0100000000	10	100	0	0.997833
2255000	0.8000000000	0.0010000000	0.0100000000	10	100	0	0.997849
2256000	0.8000000000	0.0010000000	0.0100000000	10	100	0	0.997833
2257000	0.8000000000	0.0010000000	0.0100000000	10	100	0	0.997841
2258000	0.8000000000	0.0010000000	0.0100000000	10	100	0	0.997891
2259000	0.8000000000	0.0010000000	0.0100000000	10	100	0	0.997857
2260000	0.8000000000	0.0010000000	0.0100000000	10	100	0	0.997852
2261000	0.8000000000	0.0010000000	0.0100000000	10	100	0	0.997807
2262000	0.8000000000	0.0010000000	0.0100000000	10	100	0	0.997837
2263000	0.8000000000	0.0010000000	0.0100000000	10	100	0	0.997852
2264000	0.8000000000	0.0010000000	0.0100000000	10	100	0	0.997849
2265000	0.8000000000	0.0010000000	0.0100000000	10	100	0	0.997824
2266000	0.8000000000	0.0010000000	0.0100000000	10	100	0	0.997856
2267000	0.8000000000	0.0010000000	0.0100000000	10	100	0	0.997852
2268000	0.8000000000	0.0010000000	0.0100000000	10	100	0	0.997801
2269000	0.8000000000	0.0010000000	0.0100000000	10	100	0	0.997798
2270000	0.8000000000	0.0010000000	0.0100000000	10	100	0	0.997766
2271000	0.8000000000	0.0010000000	0.0100000000	10	100	0	0.997778
2272000	0.8000000000	0.0010000000	0.0100000000	10	100	0	0.997816
2273000	0.8000000000	0.0010000000	0.0100000000	10	100	0	0.997835
2274000	0.8000000000	0.0010000000	0.0100000000	10	100	0	0.997833
2275000	0.8000000000	0.0010000000	0.0100000000	10	100	0	0.997824
2276000	0.8000000000	0.0010000000	0.0100000000	10	100	0	0.997824
2277000	0.8000000000	0.0010000000	0.0100000000	10	100	0	0.997833
2278000	0.8000000000	0.0010000000	0.0100000000	10	100	0	0.997843
2279000	0.8000000000	0.0010000000	0.0100000000	10	100	0	0.997843
2280000	0.8000000000	0.0010000000	0.0100000000	10	100	0	0.997843
2281000	0.8000000000	0.0010000000	0.0100000000	10	100	0	0.997833
2282000	0.8000000000	0.0010000000	0.0100000000	10	100	0	0.997838
2283000	0.8000000000	0.0010000000	0.0100000000	10	100	0	0.997816
2284000	0.8000000000	0.0010000000	0.0100000000	10	100	0	0.997773
2285000	0.8000000000	0.0010000000	0.0100000000	10	100	0	0.997782
2286000	0.8000000000	0.0010000000	0.0100000000	10	100	0	0.997774
2287000	0.8000000000	0.0010000000	0.0100000000	10	100	0	0.997790
2288000	0.8000000000	0.0010000000	0.0100000000	10	100	0	0.997792
2289000	0.8000000000	0.0010000000	0.0100000000	10	100	0	0.997788
2290000	0.8000000000	0.0010000000	0.0100000000	10	100	0	0.997798
2291000	0.8000000000	0.0010000000	0.0100000000	10	100	0	0.997861
2292000	0.8000000000	0.0010000000	0.0100000000	10	100	0	0.997901
2293000	0.8000000000	0.0010000000	0.0100000000	10	100	0	0.997878
2294000	0.8000000000	0.0010000000	0.0100000000	10	100	0	0.997843
2295000	0.8000000000	0.0010000000	0.0100000000	10	100	0	0.997852
2296000	0.8000000000	0.0010000000	0.0100000000	10	100	0	0.997820
2297000	0.8000000000	0.0010000000	0.0100000000	10	100	0	0.997843
2298000	0.8000000000	0.0010000000	0.0100000000	10	100	0	0.997798
2299000	0.8000000000	0.0010000000	0.0100000000	10	100	0	0.997807
2300000	0.8000000000	0.0010000000	0.0100000000	10	100	0	0.997842
2301000	0.8000000000	0.0010000000	0.0100000000	10	100	0	0.997788
2302000	0.8000000000	0.0010000000	0.0100000000	10	100	0	0.997814
2303000	0.8000000000	0.0010000000	0.0100000000	10	100	0	0.997798
2304000	0.8000000000	0.0010000000	0.0100000000	10	100	0	0.997816
2305000	0.8000000000	0.0010000000	0.0100000000	10	100	0	0.997814
2306000	0.8000000000	0.0010000000	0.0100000000	10	100	0	0.997826
2307000	0.8000000000	0.0010000000	0.0100000000	10	100	0	0.997816
2308000	0.8000000000	0.0010000000	0.0100000000	10	100	0	0.997766
2309000	0.8000000000	0.0010000000	0.0100000000	10	100	0	0.997774
2310000	0.8000000000	0.0010000000	0.0100000000	10	100	0	0.997774
2311000	0.8000000000	0.0010000000	0.0100000000	10	100	0	0.997781
2312000	0.8000000000	0.0010000000	0.0100000000	10	100	0	0.997766
2313000	0.8000000000	0.0010000000	0.0100000000	10	100	0	0.997774
2314000	0.8000000000	0.0010000000	0.0100000000	10	100	0	0.997798
2315000	0.8000000000	0.0010000000	0.0100000000	10	100	0	0.997782
2316000	0.8000000000	0.0010000000	0.0100000000	10	100	0	0.997774
2317000	0.8000000000	0.0010000000	0.0100000000	10	100	0	0.997742
2318000	0.8000000000	0.0010000000	0.0100000000	10	100	0	0.997751
2319000	0.8000000000	0.0010000000	0.0100000000	10	100	0	0.997791
2320000	0.8000000000	0.0010000000	0.0100000000	10	100	0	0.997818
2321000	0.8000000000	0.0010000000	0.0100000000	10	100	0	0.997782
2322000	0.8000000000	0.0010000000	0.0100000000	10	100	0	0.997790
2323000	0.8000000000	0.0010000000	0.0100000000	10	100	0	0.997766
2324000	0.8000000000	0.0010000000	0.0100000000	10	100	0	0.997790
2325000	0.8000000000	0.0010000000	0.0100000000	10	100	0	0.997807
2326000	0.8000000000	0.0010000000	0.0100000000	10	100	0	0.997824
2327000	0.8000000000	0.0010000000	0.0100000000	10	100	0	0.997817
2328000	0.8000000000	0.0010000000	0.0100000000	10	100	0	0.997790
2329000	0.8000000000	0.0010000000	0.0100000000	10	100	0	0.997780
2330000	0.8000000000	0.0010000000	0.0100000000	10	100	0	0.997790
2331000	0.8000000000	0.0010000000	0.0100000000	10	100	0	0.997824
2332000	0.8000000000	0.0010000000	0.0100000000	10	100	0	0.997833
2333000	0.8000000000	0.0010000000	0.0100000000	10	100	0	0.997882
2334000	0.8000000000	0.0010000000	0.0100000000	10	100	0	0.997816
2335000	0.8000000000	0.0010000000	0.0100000000	10	100	0	0.997825
2336000	0.8000000000	0.0010000000	0.0100000000	10	100	0	0.997810
2337000	0.8000000000	0.0010000000	0.0100000000	10	100	0	0.997771
2338000	0.8000000000	0.0010000000	0.0100000000	10	100	0	0.997798
2339000	0.8000000000	0.0010000000	0.0100000000	10	100	0	0.997846
2340000	0.8000000000	0.0010000000	0.0100000000	10	100	0	0.997862
2341000	0.8000000000	0.0010000000	0.0100000000	10	100	0	0.997861
2342000	0.8000000000	0.0010000000	0.0100000000	10	100	0	0.997810
2343000	0.8000000000	0.0010000000	0.0100000000	10	100	0	0.997835
2344000	0.8000000000	0.0010000000	0.0100000000	10	100	0	0.997861
2345000	0.8000000000	0.0010000000	0.0100000000	10	100	0	0.997862
2346000	0.8000000000	0.0010000000	0.0100000000	10	100	0	0.997854
2347000	0.8000000000	0.0010000000	0.0100000000	10	100	0	0.997835
2348000	0.8000000000	0.0010000000	0.0100000000	10	100	0	0.997886
2349000	0.8000000000	0.0010000000	0.0100000000	10	100	0	0.997850
2350000	0.8000000000	0.0010000000	0.0100000000	10	100	0	0.997863
2351000	0.8000000000	0.0010000000	0.0100000000	10	100	0	0.997852
2352000	0.8000000000	0.0010000000	0.0100000000	10	100	0	0.997852
2353000	0.8000000000	0.0010000000	0.0100000000	10	100	0	0.997861
2354000	0.8000000000	0.0010000000	0.0100000000	10	100	0	0.997893
2355000	0.8000000000	0.0010000000	0.0100000000	10	100	0	0.997943
2356000	0.8000000000	0.0010000000	0.0100000000	10	100	0	0.997911
2357000	0.8000000000	0.0010000000	0.0100000000	10	100	0	0.997890
2358000	0.8000000000	0.0010000000	0.0100000000	10	100	0	0.997892
2359000	0.8000000000	0.0010000000	0.0100000000	10	100	0	0.997911
2360000	0.8000000000	0.0010000000	0.0100000000	10	100	0	0.997890
2361000	0.8000000000	0.0010000000	0.0100000000	10	100	0	0.997890
2362000	0.8000000000	0.0010000000	0.0100000000	10	100	0	0.997857
2363000	0.8000000000	0.0010000000	0.0100000000	10	100	0	0.997890
2364000	0.8000000000	0.0010000000	0.0100000000	10	100	0	0.997862
2365000	0.8000000000	0.0010000000	0.0100000000	10	100	0	0.997871
2366000	0.8000000000	0.0010000000	0.0100000000	10	100	0	0.997871
2367000	0.8000000000	0.0010000000	0.0100000000	10	100	0	0.997927
2368000	0.8000000000	0.0010000000	0.0100000000	10	100	0	0.997911
2369000	0.8000000000	0.0010000000	0.0100000000	10	100	0	0.997871
2370000	0.8000000000	0.0010000000	0.0100000000	10	100	0	0.997881
2371000	0.8000000000	0.0010000000	0.0100000000	10	100	0	0.997843
2372000	0.8000000000	0.0010000000	0.0100000000	10	100	0	0.997861
2373000	0.8000000000	0.0010000000	0.0100000000	10	100	0	0.997870
2374000	0.8000000000	0.0010000000	0.0100000000	10	100	0	0.997852
2375000	0.8000000000	0.0010000000	0.0100000000	10	100	0	0.997782
2376000	0.8000000000	0.0010000000	0.0100000000	10	100	0	0.997782
2377000	0.8000000000	0.0010000000	0.0100000000	10	100	0	0.997766
2378000	0.8000000000	0.0010000000	0.0100000000	10	100	0	0.997816
2379000	0.8000000000	0.0010000000	0.0100000000	10	100	0	0.997790
2380000	0.8000000000	0.0010000000	0.0100000000	10	100	0	0.997782
2381000	0.8000000000	0.0010000000	0.0100000000	10	100	0	0.997800
2382000	0.8000000000	0.0010000000	0.0100000000	10	100	0	0.997833
2383000	0.8000000000	0.0010000000	0.0100000000	10	100	0	0.997870
2384000	0.8000000000	0.0010000000	0.0100000000	10	100	0	0.997881
2385000	0.8000000000	0.0010000000	0.0100000000	10	100	0	0.997901
2386000	0.8000000000	0.0010000000	0.0100000000	10	100	0	0.997871
2387000	0.8000000000	0.0010000000	0.0100000000	10	100	0	0.997861
2388000	0.8000000000	0.0010000000	0.0100000000	10	100	0	0.997920
2389000	0.8000000000	0.0010000000	0.0100000000	10	100	0	0.997865
2390000	0.8000000000	0.0010000000	0.0100000000	10	100	0	0.997790
2391000	0.8000000000	0.0010000000	0.0100000000	10	100	0	0.997797
2392000	0.8000000000	0.0010000000	0.0100000000	10	100	0	0.997807
2393000	0.8000000000	0.0010000000	0.0100000000	10	100	0	0.997852
2394000	0.8000000000	0.0010000000	0.0100000000	10	100	0	0.997853
2395000	0.8000000000	0.0010000000	0.0100000000	10	100	0	0.997824
2396000	0.8000000000	0.0010000000	0.0100000000	10	100	0	0.997841
2397000	0.8000000000	0.0010000000	0.0100000000	10	100	0	0.997818
2398000	0.8000000000	0.0010000000	0.0100000000	10	100	0	0.997873
2399000	0.8000000000	0.0010000000	0.0100000000	10	100	0	0.997871
2400000	0.8000000000	0.0010000000	0.0100000000	10	100	0	0.997852
2401000	0.8000000000	0.0010000000	0.0100000000	10	100	0	0.997843
2402000	0.8000000000	0.0010000000	0.0100000000	10	100	0	0.997852
2403000	0.8000000000	0.0010000000	0.0100000000	10	100	0	0.997861
2404000	0.8000000000	0.0010000000	0.0100000000	10	100	0	0.997808
2405000	0.8000000000	0.0010000000	0.0100000000	10	100	0	0.997852
2406000	0.8000000000	0.0010000000	0.0100000000	10	100	0	0.997851
2407000	0.8000000000	0.0010000000	0.0100000000	10	100	0	0.997852
2408000	0.8000000000	0.0010000000	0.0100000000	10	100	0	0.997853
2409000	0.8000000000	0.0010000000	0.0100000000	10	100	0	0.997808
2410000	0.8000000000	0.0010000000	0.0100000000	10	100	0	0.997787
2411000	0.8000000000	0.0010000000	0.0100000000	10	100	0	0.997817
2412000	0.8000000000	0.0010000000	0.0100000000	10	100	0	0.997820
2413000	0.8000000000	0.0010000000	0.0100000000	10	100	0	0.997842
2414000	0.8000000000	0.0010000000	0.0100000000	10	100	0	0.997831
2415000	0.8000000000	0.0010000000	0.0100000000	10	100	0	0.997798
2416000	0.8000000000	0.0010000000	0.0100000000	10	100	0	0.997773
2417000	0.8000000000	0.0010000000	0.0100000000	10	100	0	0.997751
2418000	0.8000000000	0.0010000000	0.0100000000	10	100	0	0.997758
2419000	0.8000000000	0.0010000000	0.0100000000	10	100	0	0.997774
2420000	0.8000000000	0.0010000000	0.0100000000	10	100	0	0.997789
2421000	0.8000000000	0.0010000000	0.0100000000	10	100	0	0.997782
2422000	0.8000000000	0.0010000000	0.0100000000	10	100	0	0.997790
2423000	0.8000000000	0.0010000000	0.0100000000	10	100	0	0.997816
2424000	0.8000000000	0.0010000000	0.0100000000	10	100	0	0.997798
2425000	0.8000000000	0.0010000000	0.0100000000	10	100	0	0.997768
2426000	0.8000000000	0.0010000000	0.0100000000	10	100	0	0.997816
2427000	0.8000000000	0.0010000000	0.0100000000	10	100	0	0.997833
2428000	0.8000000000	0.0010000000	0.0100000000	10	100	0	0.997843
2429000	0.8000000000	0.0010000000	0.0100000000	10	100	0	0.997810
2430000	0.8000000000	0.0010000000	0.0100000000	10	100	0	0.997824
2431000	0.8000000000	0.0010000000	0.0100000000	10	100	0	0.997833
2432000	0.8000000000	0.0010000000	0.0100000000	10	100	0	0.997798
2433000	0.8000000000	0.0010000000	0.0100000000	10	100	0	0.997816
2434000	0.8000000000	0.0010000000	0.0100000000	10	100	0	0.997800
2435000	0.8000000000	0.0010000000	0.0100000000	10	100	0	0.997825
2436000	0.8000000000	0.0010000000	0.0100000000	10	100	0	0.997816
2437000	0.8000000000	0.0010000000	0.0100000000	10	100	0	0.997812
2438000	0.8000000000	0.0010000000	0.0100000000	10	100	0	0.997824
2439000	0.8000000000	0.0010000000	0.0100000000	10	100	0	0.997817
2440000	0.8000000000	0.0010000000	0.0100000000	10	100	0	0.997824
2441000	0.8000000000	0.0010000000	0.0100000000	10	100	0	0.997807
2442000	0.8000000000	0.0010000000	0.0100000000	10	100	0	0.997782
2443000	0.8000000000	0.0010000000	0.0100000000	10	100	0	0.997774
2444000	0.8000000000	0.0010000000	0.0100000000	10	100	0	0.997782
2445000	0.8000000000	0.0010000000	0.0100000000	10	100	0	0.997760
2446000	0.8000000000	0.0010000000	0.0100000000	10	100	0	0.997776
2447000	0.8000000000	0.0010000000	0.0100000000	10	100	0	0.997750
2448000	0.8000000000	0.0010000000	0.0100000000	10	100	0	0.997761
2449000	0.8000000000	0.0010000000	0.0100000000	10	100	0	0.997824
2450000	0.8000000000	0.0010000000	0.0100000000	10	100	0	0.997794
2451000	0.8000000000	0.0010000000	0.0100000000	10	100	0	0.997790
2452000	0.8000000000	0.0010000000	0.0100000000	10	100	0	0.997782
2453000	0.8000000000	0.0010000000	0.0100000000	10	100	0	0.997798
2454000	0.8000000000	0.0010000000	0.0100000000	10	100	0	0.997774
2455000	0.8000000000	0.0010000000	0.0100000000	10	100	0	0.997788
2456000	0.8000000000	0.0010000000	0.0100000000	10	100	0	0.997790
2457000	0.8000000000	0.0010000000	0.0100000000	10	100	0	0.997766
2458000	0.8000000000	0.0010000000	0.0100000000	10	100	0	0.997759
2459000	0.8000000000	0.0010000000	0.0100000000	10	100	0	0.997719
2460000	0.8000000000	0.0010000000	0.0100000000	10	100	0	0.997765
2461000	0.8000000000	0.0010000000	0.0100000000	10	100	0	0.997808
2462000	0.8000000000	0.0010000000	0.0100000000	10	100	0	0.997758
2463000	0.8000000000	0.0010000000	0.0100000000	10	100	0	0.997758
2464000	0.8000000000	0.0010000000	0.0100000000	10	100	0	0.997766
2465000	0.8000000000	0.0010000000	0.0100000000	10	100	0	0.997766
2466000	0.8000000000	0.0010000000	0.0100000000	10	100	0	0.997779
2467000	0.8000000000	0.0010000000	0.0100000000	10	100	0	0.997804
2468000	0.8000000000	0.0010000000	0.0100000000	10	100	0	0.997799
2469000	0.8000000000	0.0010000000	0.0100000000	10	100	0	0.997766
2470000	0.8000000000	0.0010000000	0.0100000000	10	100	0	0.997742
2471000	0.8000000000	0.0010000000	0.0100000000	10	100	0	0.997737
2472000	0.8000000000	0.0010000000	0.0100000000	10	100	0	0.997738
2473000	0.8000000000	0.0010000000	0.0100000000	10	100	0	0.997742
2474000	0.8000000000	0.0010000000	0.0100000000	10	100	0	0.997766
2475000	0.8000000000	0.0010000000	0.0100000000	10	100	0	0.997790
2476000	0.8000000000	0.0010000000	0.0100000000	10	100	0	0.997818
2477000	0.8000000000	0.0010000000	0.0100000000	10	100	0	0.997807
2478000	0.8000000000	0.0010000000	0.0100000000	10	100	0	0.997774
2479000	0.8000000000	0.0010000000	0.0100000000	10	100	0	0.997797
2480000	0.8000000000	0.0010000000	0.0100000000	10	100	0	0.997833
2481000	0.8000000000	0.0010000000	0.0100000000	10	100	0	0.997852
2482000	0.8000000000	0.0010000000	0.0100000000	10	100	0	0.997833
2483000	0.8000000000	0.0010000000	0.0100000000	10	100	0	0.997820
2484000	0.8000000000	0.0010000000	0.0100000000	10	100	0	0.997832
2485000	0.8000000000	0.0010000000	0.0100000000	10	100	0	0.997806
2486000	0.8000000000	0.0010000000	0.0100000000	10	100	0	0.997787
2487000	0.8000000000	0.0010000000	0.0100000000	10	100	0	0.997807
2488000	0.8000000000	0.0010000000	0.0100000000	10	100	0	0.997856
2489000	0.8000000000	0.0010000000	0.0100000000	10	100	0	0.997881
2490000	0.8000000000	0.0010000000	0.0100000000	10	100	0	0.997901
2491000	0.8000000000	0.0010000000	0.0100000000	10	100	0	0.997878
2492000	0.8000000000	0.0010000000	0.0100000000	10	100	0	0.997843
2493000	0.8000000000	0.0010000000	0.0100000000	10	100	0	0.997816
2494000	0.8000000000	0.0010000000	0.0100000000	10	100	0	0.997782
2495000	0.8000000000	0.0010000000	0.0100000000	10	100	0	0.997784
2496000	0.8000000000	0.0010000000	0.0100000000	10	100	0	0.997798
2497000	0.8000000000	0.0010000000	0.0100000000	10	100	0	0.997735
2498000	0.8000000000	0.0010000000	0.0100000000	10	100	0	0.997750
2499000	0.8000000000	0.0010000000	0.0100000000	10	100	0	0.997784
2500000	0.8000000000	0.0010000000	0.0100000000	10	100	0	0.997783
2501000	0.8000000000	0.0010000000	0.0100000000	10	100	0	0.997751
2502000	0.8000000000	0.0010000000	0.0100000000	10	100	0	0.997758
2503000	0.8000000000	0.0010000000	0.0100000000	10	100	0	0.997758
2504000	0.8000000000	0.0010000000	0.0100000000	10	100	0	0.997774
2505000	0.8000000000	0.0010000000	0.0100000000	10	100	0	0.997774
2506000	0.8000000000	0.0010000000	0.0100000000	10	100	0	0.997750
2507000	0.8000000000	0.0010000000	0.0100000000	10	100	0	0.997755
2508000	0.8000000000	0.0010000000	0.0100000000	10	100	0	0.997767
2509000	0.8000000000	0.0010000000	0.0100000000	10	100	0	0.997759
2510000	0.8000000000	0.0010000000	0.0100000000	10	100	0	0.997712
2511000	0.8000000000	0.0010000000	0.0100000000	10	100	0	0.997744
2512000	0.8000000000	0.0010000000	0.0100000000	10	100	0	0.997726
2513000	0.8000000000	0.0010000000	0.0100000000	10	100	0	0.997729
2514000	0.8000000000	0.0010000000	0.0100000000	10	100	0	0.997735
2515000	0.8000000000	0.0010000000	0.0100000000	10	100	0	0.997742
2516000	0.8000000000	0.0010000000	0.0100000000	10	100	0	0.997740
2517000	0.8000000000	0.0010000000	0.0100000000	10	100	0	0.997763
2518000	0.8000000000	0.0010000000	0.0100000000	10	100	0	0.997727
2519000	0.8000000000	0.0010000000	0.0100000000	10	100	0	0.997790
2520000	0.8000000000	0.0010000000	0.0100000000	10	100	0	0.997790
2521000	0.8000000000	0.0010000000	0.0100000000	10	100	0	0.997780
2522000	0.8000000000	0.0010000000	0.0100000000	10	100	0	0.997798
2523000	0.8000000000	0.0010000000	0.0100000000	10	100	0	0.997824
2524000	0.8000000000	0.0010000000	0.0100000000	10	100	0	0.997810
2525000	0.8000000000	0.0010000000	0.0100000000	10	100	0	0.997834
2526000	0.8000000000	0.0010000000	0.0100000000	10	100	0	0.997861
2527000	0.8000000000	0.0010000000	0.0100000000	10	100	0	0.997790
2528000	0.8000000000	0.0010000000	0.0100000000	10	100	0	0.997805
2529000	0.8000000000	0.0010000000	0.0100000000	10	100	0	0.997788
2530000	0.8000000000	0.0010000000	0.0100000000	10	100	0	0.997788
2531000	0.8000000000	0.0010000000	0.0100000000	10	100	0	0.997836
2532000	0.8000000000	0.0010000000	0.0100000000	10	100	0	0.997845
2533000	0.8000000000	0.0010000000	0.0100000000	10	100	0	0.997875
2534000	0.8000000000	0.0010000000	0.0100000000	10	100	0	0.997836
2535000	0.8000000000	0.0010000000	0.0100000000	10	100	0	0.997824
2536000	0.8000000000	0.0010000000	0.0100000000	10	100	0	0.997824
2537000	0.8000000000	0.0010000000	0.0100000000	10	100	0	0.997843
2538000	0.8000000000	0.0010000000	0.0100000000	10	100	0	0.997824
2539000	0.8000000000	0.0010000000	0.0100000000	10	100	0	0.997861
2540000	0.8000000000	0.0010000000	0.0100000000	10	100	0	0.997833
2541000	0.8000000000	0.0010000000	0.0100000000	10	100	0	0.997861
2542000	0.8000000000	0.0010000000	0.0100000000	10	100	0	0.997847
2543000	0.8000000000	0.0010000000	0.0100000000	10	100	0	0.997823
2544000	0.8000000000	0.0010000000	0.0100000000	10	100	0	0.997766
2545000	0.8000000000	0.0010000000	0.0100000000	10	100	0	0.997784
2546000	0.8000000000	0.0010000000	0.0100000000	10	100	0	0.997796
2547000	0.8000000000	0.0010000000	0.0100000000	10	100	0	0.997807
2548000	0.8000000000	0.0010000000	0.0100000000	10	100	0	0.997824
2549000	0.8000000000	0.0010000000	0.0100000000	10	100	0	0.997817
2550000	0.8000000000	0.0010000000	0.0100000000	10	100	0	0.997798
2551000	0.8000000000	0.0010000000	0.0100000000	10	100	0	0.997781
2552000	0.8000000000	0.0010000000	0.0100000000	10	100	0	0.997782
2553000	0.8000000000	0.0010000000	0.0100000000	10	100	0	0.997789
2554000	0.8000000000	0.0010000000	0.0100000000	10	100	0	0.997817
2555000	0.8000000000	0.0010000000	0.0100000000	10	100	0	0.997798
2556000	0.8000000000	0.0010000000	0.0100000000	10	100	0	0.997811
2557000	0.8000000000	0.0010000000	0.0100000000	10	100	0	0.997843
2558000	0.8000000000	0.0010000000	0.0100000000	10	100	0	0.997861
2559000	0.8000000000	0.0010000000	0.0100000000	10	100	0	0.997844
2560000	0.8000000000	0.0010000000	0.0100000000	10	100	0	0.997835
2561000	0.8000000000	0.0010000000	0.0100000000	10	100	0	0.997809
2562000	0.8000000000	0.0010000000	0.0100000000	10	100	0	0.997833
2563000	0.8000000000	0.0010000000	0.0100000000	10	100	0	0.997852
2564000	0.8000000000	0.0010000000	0.0100000000	10	100	0	0.997843
2565000	0.8000000000	0.0010000000	0.0100000000	10	100	0	0.997843
2566000	0.8000000000	0.0010000000	0.0100000000	10	100	0	0.997842
2567000	0.8000000000	0.0010000000	0.0100000000	10	100	0	0.997848
2568000	0.8000000000	0.0010000000	0.0100000000	10	100	0	0.997807
2569000	0.8000000000	0.0010000000	0.0100000000	10	100	0	0.997798
2570000	0.8000000000	0.0010000000	0.0100000000	10	100	0	0.997813
2571000	0.8000000000	0.0010000000	0.0100000000	10	100	0	0.997824
2572000	0.8000000000	0.0010000000	0.0100000000	10	100	0	0.997853
2573000	0.8000000000	0.0010000000	0.0100000000	10	100	0	0.997876
2574000	0.8000000000	0.0010000000	0.0100000000	10	100	0	0.997881
2575000	0.8000000000	0.0010000000	0.0100000000	10	100	0	0.997881
2576000	0.8000000000	0.0010000000	0.0100000000	10	100	0	0.997852
2577000	0.8000000000	0.0010000000	0.0100000000	10	100	0	0.997890
2578000	0.8000000000	0.0010000000	0.0100000000	10	100	0	0.997911
2579000	0.8000000000	0.0010000000	0.0100000000	10	100	0	0.997858
2580000	0.8000000000	0.0010000000	0.0100000000	10	100	0	0.997827
2581000	0.8000000000	0.0010000000	0.0100000000	10	100	0	0.997804
2582000	0.8000000000	0.0010000000	0.0100000000	10	100	0	0.997818
2583000	0.8000000000	0.0010000000	0.0100000000	10	100	0	0.997798
2584000	0.8000000000	0.0010000000	0.0100000000	10	100	0	0.997773
2585000	0.8000000000	0.0010000000	0.0100000000	10	100	0	0.997816
2586000	0.8000000000	0.0010000000	0.0100000000	10	100	0	0.997814
2587000	0.8000000000	0.0010000000	0.0100000000	10	100	0	0.997843
2588000	0.8000000000	0.0010000000	0.0100000000	10	100	0	0.997824
2589000	0.8000000000	0.0010000000	0.0100000000	10	100	0	0.997831
2590000	0.8000000000	0.0010000000	0.0100000000	10	100	0	0.997824
2591000	0.8000000000	0.0010000000	0.0100000000	10	100	0	0.997792
2592000	0.8000000000	0.0010000000	0.0100000000	10	100	0	0.997790
2593000	0.8000000000	0.0010000000	0.0100000000	10	100	0	0.997782
2594000	0.8000000000	0.0010000000	0.0100000000	10	100	0	0.997790
2595000	0.8000000000	0.0010000000	0.0100000000	10	100	0	0.997807
2596000	0.8000000000	0.0010000000	0.0100000000	10	100	0	0.997782
2597000	0.8000000000	0.0010000000	0.0100000000	10	100	0	0.997798
2598000	0.8000000000	0.0010000000	0.0100000000	10	100	0	0.997783
2599000	0.8000000000	0.0010000000	0.0100000000	10	100	0	0.997851
2600000	0.8000000000	0.0010000000	0.0100000000	10	100	0	0.997892
2601000	0.8000000000	0.0010000000	0.0100000000	10	100	0	0.997900
2602000	0.8000000000	0.0010000000	0.0100000000	10	100	0	0.997921
2603000	0.8000000000	0.0010000000	0.0100000000	10	100	0	0.997883
2604000	0.8000000000	0.0010000000	0.0100000000	10	100	0	0.997865
2605000	0.8000000000	0.0010000000	0.0100000000	10	100	0	0.997921
2606000	0.8000000000	0.0010000000	0.0100000000	10	100	0	0.997871
2607000	0.8000000000	0.0010000000	0.0100000000	10	100	0	0.997833
2608000	0.8000000000	0.0010000000	0.0100000000	10	100	0	0.997833
2609000	0.8000000000	0.0010000000	0.0100000000	10	100	0	0.997816
2610000	0.8000000000	0.0010000000	0.0100000000	10	100	0	0.997843
2611000	0.8000000000	0.0010000000	0.0100000000	10	100	0	0.997789
2612000	0.8000000000	0.0010000000	0.0100000000	10	100	0	0.997758
2613000	0.8000000000	0.0010000000	0.0100000000	10	100	0	0.997774
2614000	0.8000000000	0.0010000000	0.0100000000	10	100	0	0.997774
2615000	0.8000000000	0.0010000000	0.0100000000	10	100	0	0.997758
2616000	0.8000000000	0.0010000000	0.0100000000	10	100	0	0.997742
2617000	0.8000000000	0.0010000000	0.0100000000	10	100	0	0.997755
2618000	0.8000000000	0.0010000000	0.0100000000	10	100	0	0.997797
2619000	0.8000000000	0.0010000000	0.0100000000	10	100	0	0.997807
2620000	0.8000000000	0.0010000000	0.0100000000	10	100	0	0.997766
2621000	0.8000000000	0.0010000000	0.0100000000	10	100	0	0.997766
2622000	0.8000000000	0.0010000000	0.0100000000	10	100	0	0.997774
2623000	0.8000000000	0.0010000000	0.0100000000	10	100	0	0.997806
2624000	0.8000000000	0.0010000000	0.0100000000	10	100	0	0.997825
2625000	0.8000000000	0.0010000000	0.0100000000	10	100	0	0.997833
2626000	0.8000000000	0.0010000000	0.0100000000	10	100	0	0.997870
2627000	0.8000000000	0.0010000000	0.0100000000	10	100	0	0.997787
2628000	0.8000000000	0.0010000000	0.0100000000	10	100	0	0.997782
2629000	0.8000000000	0.0010000000	0.0100000000	10	100	0	0.997789
2630000	0.8000000000	0.0010000000	0.0100000000	10	100	0	0.997783
2631000	0.8000000000	0.0010000000	0.0100000000	10	100	0	0.997766
2632000	0.8000000000	0.0010000000	0.0100000000	10	100	0	0.997782
2633000	0.8000000000	0.0010000000	0.0100000000	10	100	0	0.997802
2634000	0.8000000000	0.0010000000	0.0100000000	10	100	0	0.997782
2635000	0.8000000000	0.0010000000	0.0100000000	10	100	0	0.997782
2636000	0.8000000000	0.0010000000	0.0100000000	10	100	0	0.997777
2637000	0.8000000000	0.0010000000	0.0100000000	10	100	0	0.997782
2638000	0.8000000000	0.0010000000	0.0100000000	10	100	0	0.997779
2639000	0.8000000000	0.0010000000	0.0100000000	10	100	0	0.997782
2640000	0.8000000000	0.0010000000	0.0100000000	10	100	0	0.997832
2641000	0.8000000000	0.0010000000	0.0100000000	10	100	0	0.997809
2642000	0.8000000000	0.0010000000	0.0100000000	10	100	0	0.997807
2643000	0.8000000000	0.0010000000	0.0100000000	10	100	0	0.997799
2644000	0.8000000000	0.0010000000	0.0100000000	10	100	0	0.997779
2645000	0.8000000000	0.0010000000	0.0100000000	10	100	0	0.997790
2646000	0.8000000000	0.0010000000	0.0100000000	10	100	0	0.997816
2647000	0.8000000000	0.0010000000	0.0100000000	10	100	0	0.997852
2648000	0.8000000000	0.0010000000	0.0100000000	10	100	0	0.997882
2649000	0.8000000000	0.0010000000	0.0100000000	10	100	0	0.997886
2650000	0.8000000000	0.0010000000	0.0100000000	10	100	0	0.997882
2651000	0.8000000000	0.0010000000	0.0100000000	10	100	0	0.997868
2652000	0.8000000000	0.0010000000	0.0100000000	10	100	0	0.997843
2653000	0.8000000000	0.0010000000	0.0100000000	10	100	0	0.997831
2654000	0.8000000000	0.0010000000	0.0100000000	10	100	0	0.997806
2655000	0.8000000000	0.0010000000	0.0100000000	10	100	0	0.997829
2656000	0.8000000000	0.0010000000	0.0100000000	10	100	0	0.997843
2657000	0.8000000000	0.0010000000	0.0100000000	10	100	0	0.997817
2658000	0.8000000000	0.0010000000	0.0100000000	10	100	0	0.997807
2659000	0.8000000000	0.0010000000	0.0100000000	10	100	0	0.997790
2660000	0.8000000000	0.0010000000	0.0100000000	10	100	0	0.997824
2661000	0.8000000000	0.0010000000	0.0100000000	10	100	0	0.997807
2662000	0.8000000000	0.0010000000	0.0100000000	10	100	0	0.997825
2663000	0.8000000000	0.0010000000	0.0100000000	10	100	0	0.997833
2664000	0.8000000000	0.0010000000	0.0100000000	10	100	0	0.997789
2665000	0.8000000000	0.0010000000	0.0100000000	10	100	0	0.997816
2666000	0.8000000000	0.0010000000	0.0100000000	10	100	0	0.997816
2667000	0.8000000000	0.0010000000	0.0100000000	10	100	0	0.997843
2668000	0.8000000000	0.0010000000	0.0100000000	10	100	0	0.997807
2669000	0.8000000000	0.0010000000	0.0100000000	10	100	0	0.997807
2670000	0.8000000000	0.0010000000	0.0100000000	10	100	0	0.997816
2671000	0.8000000000	0.0010000000	0.0100000000	10	100	0	0.997782
2672000	0.8000000000	0.0010000000	0.0100000000	10	100	0	0.997742
2673000	0.8000000000	0.0010000000	0.0100000000	10	100	0	0.997754
2674000	0.8000000000	0.0010000000	0.0100000000	10	100	0	0.997781
2675000	0.8000000000	0.0010000000	0.0100000000	10	100	0	0.997747
2676000	0.8000000000	0.0010000000	0.0100000000	10	100	0	0.997758
2677000	0.8000000000	0.0010000000	0.0100000000	10	100	0	0.997798
2678000	0.8000000000	0.0010000000	0.0100000000	10	100	0	0.997784
2679000	0.8000000000	0.0010000000	0.0100000000	10	100	0	0.997790
2680000	0.8000000000	0.0010000000	0.0100000000	10	100	0	0.997758
2681000	0.8000000000	0.0010000000	0.0100000000	10	100	0	0.997798
2682000	0.8000000000	0.0010000000	0.0100000000	10	100	0	0.997768
2683000	0.8000000000	0.0010000000	0.0100000000	10	100	0	0.997807
2684000	0.8000000000	0.0010000000	0.0100000000	10	100	0	0.997807
2685000	0.8000000000	0.0010000000	0.0100000000	10	100	0	0.997861
2686000	0.8000000000	0.0010000000	0.0100000000	10	100	0	0.997861
2687000	0.8000000000	0.0010000000	0.0100000000	10	100	0	0.997871
2688000	0.8000000000	0.0010000000	0.0100000000	10	100	0	0.997885
2689000	0.8000000000	0.0010000000	0.0100000000	10	100	0	0.997861
2690000	0.8000000000	0.0010000000	0.0100000000	10	100	0	0.997807
2691000	0.8000000000	0.0010000000	0.0100000000	10	100	0	0.997815
2692000	0.8000000000	0.0010000000	0.0100000000	10	100	0	0.997817
2693000	0.8000000000	0.0010000000	0.0100000000	10	100	0	0.997843
2694000	0.8000000000	0.0010000000	0.0100000000	10	100	0	0.997784
2695000	0.8000000000	0.0010000000	0.0100000000	10	100	0	0.997774
2696000	0.8000000000	0.0010000000	0.0100000000	10	100	0	0.997832
2697000	0.8000000000	0.0010000000	0.0100000000	10	100	0	0.997852
2698000	0.8000000000	0.0010000000	0.0100000000	10	100	0	0.997871
2699000	0.8000000000	0.0010000000	0.0100000000	10	100	0	0.997852
2700000	0.8000000000	0.0010000000	0.0100000000	10	100	0	0.997868
2701000	0.8000000000	0.0010000000	0.0100000000	10	100	0	0.997839
2702000	0.8000000000	0.0010000000	0.0100000000	10	100	0	0.997853
2703000	0.8000000000	0.0010000000	0.0100000000	10	100	0	0.997827
2704000	0.8000000000	0.0010000000	0.0100000000	10	100	0	0.997790
2705000	0.8000000000	0.0010000000	0.0100000000	10	100	0	0.997766
2706000	0.8000000000	0.0010000000	0.0100000000	10	100	0	0.997809
2707000	0.8000000000	0.0010000000	0.0100000000	10	100	0	0.997790
2708000	0.8000000000	0.0010000000	0.0100000000	10	100	0	0.997774
2709000	0.8000000000	0.0010000000	0.0100000000	10	100	0	0.997735
2710000	0.8000000000	0.0010000000	0.0100000000	10	100	0	0.997766
2711000	0.8000000000	0.0010000000	0.0100000000	10	100	0	0.997798
2712000	0.8000000000	0.0010000000	0.0100000000	10	100	0	0.997779
2713000	0.8000000000	0.0010000000	0.0100000000	10	100	0	0.997766
2714000	0.8000000000	0.0010000000	0.0100000000	10	100	0	0.997772
2715000	0.8000000000	0.0010000000	0.0100000000	10	100	0	0.997766
2716000	0.8000000000	0.0010000000	0.0100000000	10	100	0	0.997763
2717000	0.8000000000	0.0010000000	0.0100000000	10	100	0	0.997740
2718000	0.8000000000	0.0010000000	0.0100000000	10	100	0	0.997735
2719000	0.8000000000	0.0010000000	0.0100000000	10	100	0	0.997755
2720000	0.8000000000	0.0010000000	0.0100000000	10	100	0	0.997776
2721000	0.8000000000	0.0010000000	0.0100000000	10	100	0	0.997758
2722000	0.8000000000	0.0010000000	0.0100000000	10	100	0	0.997750
2723000	0.8000000000	0.0010000000	0.0100000000	10	100	0	0.997778
2724000	0.8000000000	0.0010000000	0.0100000000	10	100	0	0.997774
2725000	0.8000000000	0.0010000000	0.0100000000	10	100	0	0.997774
2726000	0.8000000000	0.0010000000	0.0100000000	10	100	0	0.997790
2727000	0.8000000000	0.0010000000	0.0100000000	10	100	0	0.997774
2728000	0.8000000000	0.0010000000	0.0100000000	10	100	0	0.997789
2729000	0.8000000000	0.0010000000	0.0100000000	10	100	0	0.997816
2730000	0.8000000000	0.0010000000	0.0100000000	10	100	0	0.997798
2731000	0.8000000000	0.0010000000	0.0100000000	10	100	0	0.997774
2732000	0.8000000000	0.0010000000	0.0100000000	10	100	0	0.997790
2733000	0.8000000000	0.0010000000	0.0100000000	10	100	0	0.997774
2734000	0.8000000000	0.0010000000	0.0100000000	10	100	0	0.997797
2735000	0.8000000000	0.0010000000	0.0100000000	10	100	0	0.997796
2736000	0.8000000000	0.0010000000	0.0100000000	10	100	0	0.997799
2737000	0.8000000000	0.0010000000	0.0100000000	10	100	0	0.997824
2738000	0.8000000000	0.0010000000	0.0100000000	10	100	0	0.997841
2739000	0.8000000000	0.0010000000	0.0100000000	10	100	0	0.997852
2740000	0.8000000000	0.0010000000	0.0100000000	10	100	0	0.997843
2741000	0.8000000000	0.0010000000	0.0100000000	10	100	0	0.997836
2742000	0.8000000000	0.0010000000	0.0100000000	10	100	0	0.997842
2743000	0.8000000000	0.0010000000	0.0100000000	10	100	0	0.997843
2744000	0.8000000000	0.0010000000	0.0100000000	10	100	0	0.997868
2745000	0.8000000000	0.0010000000	0.0100000000	10	100	0	0.997861
2746000	0.8000000000	0.0010000000	0.0100000000	10	100	0	0.997861
2747000	0.8000000000	0.0010000000	0.0100000000	10	100	0	0.997891
2748000	0.8000000000	0.0010000000	0.0100000000	10	100	0	0.997904
2749000	0.8000000000	0.0010000000	0.0100000000	10	100	0	0.997852
2750000	0.8000000000	0.0010000000	0.0100000000	10	100	0	0.997829
2751000	0.8000000000	0.0010000000	0.0100000000	10	100	0	0.997848
2752000	0.8000000000	0.0010000000	0.0100000000	10	100	0	0.997786
2753000	0.8000000000	0.0010000000	0.0100000000	10	100	0	0.997824
2754000	0.8000000000	0.0010000000	0.0100000000	10	100	0	0.997843
2755000	0.8000000000	0.0010000000	0.0100000000	10	100	0	0.997852
2756000	0.8000000000	0.0010000000	0.0100000000	10	100	0	0.997852
2757000	0.8000000000	0.0010000000	0.0100000000	10	100	0	0.997861
2758000	0.8000000000	0.0010000000	0.0100000000	10	100	0	0.997873
2759000	0.8000000000	0.0010000000	0.0100000000	10	100	0	0.997891
2760000	0.8000000000	0.0010000000	0.0100000000	10	100	0	0.997824
2761000	0.8000000000	0.0010000000	0.0100000000	10	100	0	0.997833
2762000	0.8000000000	0.0010000000	0.0100000000	10	100	0	0.997861
2763000	0.8000000000	0.0010000000	0.0100000000	10	100	0	0.997861
2764000	0.8000000000	0.0010000000	0.0100000000	10	100	0	0.997833
2765000	0.8000000000	0.0010000000	0.0100000000	10	100	0	0.997802
2766000	0.8000000000	0.0010000000	0.0100000000	10	100	0	0.997751
2767000	0.8000000000	0.0010000000	0.0100000000	10	100	0	0.997782
2768000	0.8000000000	0.0010000000	0.0100000000	10	100	0	0.997807
2769000	0.8000000000	0.0010000000	0.0100000000	10	100	0	0.997807
2770000	0.8000000000	0.0010000000	0.0100000000	10	100	0	0.997790
2771000	0.8000000000	0.0010000000	0.0100000000	10	100	0	0.997788
2772000	0.8000000000	0.0010000000	0.0100000000	10	100	0	0.997798
2773000	0.8000000000	0.0010000000	0.0100000000	10	100	0	0.997824
2774000	0.8000000000	0.0010000000	0.0100000000	10	100	0	0.997790
2775000	0.8000000000	0.0010000000	0.0100000000	10	100	0	0.997788
2776000	0.8000000000	0.0010000000	0.0100000000	10	100	0	0.997751
2777000	0.8000000000	0.0010000000	0.0100000000	10	100	0	0.997766
2778000	0.8000000000	0.0010000000	0.0100000000	10	100	0	0.997797
2779000	0.8000000000	0.0010000000	0.0100000000	10	100	0	0.997838
2780000	0.8000000000	0.0010000000	0.0100000000	10	100	0	0.997854
2781000	0.8000000000	0.0010000000	0.0100000000	10	100	0	0.997881
2782000	0.8000000000	0.0010000000	0.0100000000	10	100	0	0.997861
2783000	0.8000000000	0.0010000000	0.0100000000	10	100	0	0.997833
2784000	0.8000000000	0.0010000000	0.0100000000	10	100	0	0.997819
2785000	0.8000000000	0.0010000000	0.0100000000	10	100	0	0.997816
2786000	0.8000000000	0.0010000000	0.0100000000	10	100	0	0.997816
2787000	0.8000000000	0.0010000000	0.0100000000	10	100	0	0.997832
2788000	0.8000000000	0.0010000000	0.0100000000	10	100	0	0.997824
2789000	0.8000000000	0.0010000000	0.0100000000	10	100	0	0.997808
2790000	0.8000000000	0.0010000000	0.0100000000	10	100	0	0.997824
2791000	0.8000000000	0.0010000000	0.0100000000	10	100	0	0.997843
2792000	0.8000000000	0.0010000000	0.0100000000	10	100	0	0.997853
2793000	0.8000000000	0.0010000000	0.0100000000	10	100	0	0.997852
2794000	0.8000000000	0.0010000000	0.0100000000	10	100	0	0.997870
2795000	0.8000000000	0.0010000000	0.0100000000	10	100	0	0.997871
2796000	0.8000000000	0.0010000000	0.0100000000	10	100	0	0.997912
2797000	0.8000000000	0.0010000000	0.0100000000	10	100	0	0.997824
2798000	0.8000000000	0.0010000000	0.0100000000	10	100	0	0.997840
2799000	0.8000000000	0.0010000000	0.0100000000	10	100	0	0.997816
2800000	0.8000000000	0.0010000000	0.0100000000	10	100	0	0.997824
2801000	0.8000000000	0.0010000000	0.0100000000	10	100	0	0.997843
2802000	0.8000000000	0.0010000000	0.0100000000	10	100	0	0.997819
2803000	0.8000000000	0.0010000000	0.0100000000	10	100	0	0.997811
2804000	0.8000000000	0.0010000000	0.0100000000	10	100	0	0.997852
2805000	0.8000000000	0.0010000000	0.0100000000	10	100	0	0.997797
2806000	0.8000000000	0.0010000000	0.0100000000	10	100	0	0.997816
2807000	0.8000000000	0.0010000000	0.0100000000	10	100	0	0.997790
2808000	0.8000000000	0.0010000000	0.0100000000	10	100	0	0.997770
2809000	0.8000000000	0.0010000000	0.0100000000	10	100	0	0.997771
2810000	0.8000000000	0.0010000000	0.0100000000	10	100	0	0.997755
2811000	0.8000000000	0.0010000000	0.0100000000	10	100	0	0.997758
2812000	0.8000000000	0.0010000000	0.0100000000	10	100	0	0.997767
2813000	0.8000000000	0.0010000000	0.0100000000	10	100	0	0.997758
2814000	0.8000000000	0.0010000000	0.0100000000	10	100	0	0.997766
2815000	0.8000000000	0.0010000000	0.0100000000	10	100	0	0.997772
2816000	0.8000000000	0.0010000000	0.0100000000	10	100	0	0.997790
2817000	0.8000000000	0.0010000000	0.0100000000	10	100	0	0.997798
2818000	0.8000000000	0.0010000000	0.0100000000	10	100	0	0.997758
2819000	0.8000000000	0.0010000000	0.0100000000	10	100	0	0.997786
2820000	0.8000000000	0.0010000000	0.0100000000	10	100	0	0.997807
2821000	0.8000000000	0.0010000000	0.0100000000	10	100	0	0.997790
2822000	0.8000000000	0.0010000000	0.0100000000	10	100	0	0.997798
2823000	0.8000000000	0.0010000000	0.0100000000	10	100	0	0.997798
2824000	0.8000000000	0.0010000000	0.0100000000	10	100	0	0.997790
2825000	0.8000000000	0.0010000000	0.0100000000	10	100	0	0.997758
2826000	0.8000000000	0.0010000000	0.0100000000	10	100	0	0.997750
2827000	0.8000000000	0.0010000000	0.0100000000	10	100	0	0.997774
2828000	0.8000000000	0.0010000000	0.0100000000	10	100	0	0.997782
2829000	0.8000000000	0.0010000000	0.0100000000	10	100	0	0.997792
2830000	0.8000000000	0.0010000000	0.0100000000	10	100	0	0.997810
2831000	0.8000000000	0.0010000000	0.0100000000	10	100	0	0.997822
2832000	0.8000000000	0.0010000000	0.0100000000	10	100	0	0.997844
2833000	0.8000000000	0.0010000000	0.0100000000	10	100	0	0.997833
2834000	0.8000000000	0.0010000000	0.0100000000	10	100	0	0.997777
2835000	0.8000000000	0.0010000000	0.0100000000	10	100	0	0.997770
2836000	0.8000000000	0.0010000000	0.0100000000	10	100	0	0.997758
2837000	0.8000000000	0.0010000000	0.0100000000	10	100	0	0.997750
2838000	0.8000000000	0.0010000000	0.0100000000	10	100	0	0.997774
2839000	0.8000000000	0.0010000000	0.0100000000	10	100	0	0.997766
2840000	0.8000000000	0.0010000000	0.0100000000	10	100	0	0.997791
2841000	0.8000000000	0.0010000000	0.0100000000	10	100	0	0.997798
2842000	0.8000000000	0.0010000000	0.0100000000	10	100	0	0.997782
2843000	0.8000000000	0.0010000000	0.0100000000	10	100	0	0.997766
2844000	0.8000000000	0.0010000000	0.0100000000	10	100	0	0.997735
2845000	0.8000000000	0.0010000000	0.0100000000	10	100	0	0.997750
2846000	0.8000000000	0.0010000000	0.0100000000	10	100	0	0.997759
2847000	0.8000000000	0.0010000000	0.0100000000	10	100	0	0.997758
2848000	0.8000000000	0.0010000000	0.0100000000	10	100	0	0.997769
2849000	0.8000000000	0.0010000000	0.0100000000	10	100	0	0.997815
2850000	0.8000000000	0.0010000000	0.0100000000	10	100	0	0.997816
2851000	0.8000000000	0.0010000000	0.0100000000	10	100	0	0.997774
2852000	0.8000000000	0.0010000000	0.0100000000	10	100	0	0.997774
2853000	0.8000000000	0.0010000000	0.0100000000	10	100	0	0.997790
2854000	0.8000000000	0.0010000000	0.0100000000	10	100	0	0.997790
2855000	0.8000000000	0.0010000000	0.0100000000	10	100	0	0.997766
2856000	0.8000000000	0.0010000000	0.0100000000	10	100	0	0.997720
2857000	0.8000000000	0.0010000000	0.0100000000	10	100	0	0.997750
2858000	0.8000000000	0.0010000000	0.0100000000	10	100	0	0.997774
2859000	0.8000000000	0.0010000000	0.0100000000	10	100	0	0.997783
2860000	0.8000000000	0.0010000000	0.0100000000	10	100	0	0.997798
2861000	0.8000000000	0.0010000000	0.0100000000	10	100	0	0.997817
2862000	0.8000000000	0.0010000000	0.0100000000	10	100	0	0.997816
2863000	0.8000000000	0.0010000000	0.0100000000	10	100	0	0.997843
2864000	0.8000000000	0.0010000000	0.0100000000	10	100	0	0.997852
2865000	0.8000000000	0.0010000000	0.0100000000	10	100	0	0.997856
2866000	0.8000000000	0.0010000000	0.0100000000	10	100	0	0.997871
2867000	0.8000000000	0.0010000000	0.0100000000	10	100	0	0.997852
2868000	0.8000000000	0.0010000000	0.0100000000	10	100	0	0.997871
2869000	0.8000000000	0.0010000000	0.0100000000	10	100	0	0.997852
2870000	0.8000000000	0.0010000000	0.0100000000	10	100	0	0.997870
2871000	0.8000000000	0.0010000000	0.0100000000	10	100	0	0.997861
2872000	0.8000000000	0.0010000000	0.0100000000	10	100	0	0.997871
2873000	0.8000000000	0.0010000000	0.0100000000	10	100	0	0.997861
2874000	0.8000000000	0.0010000000	0.0100000000	10	100	0	0.997833
2875000	0.8000000000	0.0010000000	0.0100000000	10	100	0	0.997824
2876000	0.8000000000	0.0010000000	0.0100000000	10	100	0	0.997833
2877000	0.8000000000	0.0010000000	0.0100000000	10	100	0	0.997851
2878000	0.8000000000	0.0010000000	0.0100000000	10	100	0	0.997829
2879000	0.8000000000	0.0010000000	0.0100000000	10	100	0	0.997833
2880000	0.8000000000	0.0010000000	0.0100000000	10	100	0	0.997816
2881000	0.8000000000	0.0010000000	0.0100000000	10	100	0	0.997852
2882000	0.8000000000	0.0010000000	0.0100000000	10	100	0	0.997805
2883000	0.8000000000	0.0010000000	0.0100000000	10	100	0	0.997766
2884000	0.8000000000	0.0010000000	0.0100000000	10	100	0	0.997790
2885000	0.8000000000	0.0010000000	0.0100000000	10	100	0	0.997807
2886000	0.8000000000	0.0010000000	0.0100000000	10	100	0	0.997766
2887000	0.8000000000	0.0010000000	0.0100000000	10	100	0	0.997742
2888000	0.8000000000	0.0010000000	0.0100000000	10	100	0	0.997727
2889000	0.8000000000	0.0010000000	0.0100000000	10	100	0	0.997748
2890000	0.8000000000	0.0010000000	0.0100000000	10	100	0	0.997774
2891000	0.8000000000	0.0010000000	0.0100000000	10	100	0	0.997813
2892000	0.8000000000	0.0010000000	0.0100000000	10	100	0	0.997790
2893000	0.8000000000	0.0010000000	0.0100000000	10	100	0	0.997782
2894000	0.8000000000	0.0010000000	0.0100000000	10	100	0	0.997774
2895000	0.8000000000	0.0010000000	0.0100000000	10	100	0	0.997749
2896000	0.8000000000	0.0010000000	0.0100000000	10	100	0	0.997782
2897000	0.8000000000	0.0010000000	0.0100000000	10	100	0	0.997782
2898000	0.8000000000	0.0010000000	0.0100000000	10	100	0	0.997807
2899000	0.8000000000	0.0010000000	0.0100000000	10	100	0	0.997798
2900000	0.8000000000	0.0010000000	0.0100000000	10	100	0	0.997814
2901000	0.8000000000	0.0010000000	0.0100000000	10	100	0	0.997808
2902000	0.8000000000	0.0010000000	0.0100000000	10	100	0	0.997860
2903000	0.8000000000	0.0010000000	0.0100000000	10	100	0	0.997871
2904000	0.8000000000	0.0010000000	0.0100000000	10	100	0	0.997870
2905000	0.8000000000	0.0010000000	0.0100000000	10	100	0	0.997871
2906000	0.8000000000	0.0010000000	0.0100000000	10	100	0	0.997816
2907000	0.8000000000	0.0010000000	0.0100000000	10	100	0	0.997816
2908000	0.8000000000	0.0010000000	0.0100000000	10	100	0	0.997825
2909000	0.8000000000	0.0010000000	0.0100000000	10	100	0	0.997825
2910000	0.8000000000	0.0010000000	0.0100000000	10	100	0	0.997807
2911000	0.8000000000	0.0010000000	0.0100000000	10	100	0	0.997833
2912000	0.8000000000	0.0010000000	0.0100000000	10	100	0	0.997856
2913000	0.8000000000	0.0010000000	0.0100000000	10	100	0	0.997881
2914000	0.8000000000	0.0010000000	0.0100000000	10	100	0	0.997861
2915000	0.8000000000	0.0010000000	0.0100000000	10	100	0	0.997833
2916000	0.8000000000	0.0010000000	0.0100000000	10	100	0	0.997833
2917000	0.8000000000	0.0010000000	0.0100000000	10	100	0	0.997742
2918000	0.8000000000	0.0010000000	0.0100000000	10	100	0	0.997758
2919000	0.8000000000	0.0010000000	0.0100000000	10	100	0	0.997807
2920000	0.8000000000	0.0010000000	0.0100000000	10	100	0	0.997816
2921000	0.8000000000	0.0010000000	0.0100000000	10	100	0	0.997782
2922000	0.8000000000	0.0010000000	0.0100000000	10	100	0	0.997800
2923000	0.8000000000	0.0010000000	0.0100000000	10	100	0	0.997834
2924000	0.8000000000	0.0010000000	0.0100000000	10	100	0	0.997852
2925000	0.8000000000	0.0010000000	0.0100000000	10	100	0	0.997871
2926000	0.8000000000	0.0010000000	0.0100000000	10	100	0	0.997827
2927000	0.8000000000	0.0010000000	0.0100000000	10	100	0	0.997848
2928000	0.8000000000	0.0010000000	0.0100000000	10	100	0	0.997881
2929000	0.8000000000	0.0010000000	0.0100000000	10	100	0	0.997852
2930000	0.8000000000	0.0010000000	0.0100000000	10	100	0	0.997861
2931000	0.8000000000	0.0010000000	0.0100000000	10	100	0	0.997853
2932000	0.8000000000	0.0010000000	0.0100000000	10	100	0	0.997843
2933000	0.8000000000	0.0010000000	0.0100000000	10	100	0	0.997851
2934000	0.8000000000	0.0010000000	0.0100000000	10	100	0	0.997843
2935000	0.8000000000	0.0010000000	0.0100000000	10	100	0	0.997806
2936000	0.8000000000	0.0010000000	0.0100000000	10	100	0	0.997829
2937000	0.8000000000	0.0010000000	0.0100000000	10	100	0	0.997843
2938000	0.8000000000	0.0010000000	0.0100000000	10	100	0	0.997843
2939000	0.8000000000	0.0010000000	0.0100000000	10	100	0	0.997865
2940000	0.8000000000	0.0010000000	0.0100000000	10	100	0	0.997890
2941000	0.8000000000	0.0010000000	0.0100000000	10	100	0	0.997890
2942000	0.8000000000	0.0010000000	0.0100000000	10	100	0	0.997906
2943000	0.8000000000	0.0010000000	0.0100000000	10	100	0	0.997852
2944000	0.8000000000	0.0010000000	0.0100000000	10	100	0	0.997867
2945000	0.8000000000	0.0010000000	0.0100000000	10	100	0	0.997810
2946000	0.8000000000	0.0010000000	0.0100000000	10	100	0	0.997785
2947000	0.8000000000	0.0010000000	0.0100000000	10	100	0	0.997809
2948000	0.8000000000	0.0010000000	0.0100000000	10	100	0	0.997765
2949000	0.8000000000	0.0010000000	0.0100000000	10	100	0	0.997751
2950000	0.8000000000	0.0010000000	0.0100000000	10	100	0	0.997767
2951000	0.8000000000	0.0010000000	0.0100000000	10	100	0	0.997822
2952000	0.8000000000	0.0010000000	0.0100000000	10	100	0	0.997828
2953000	0.8000000000	0.0010000000	0.0100000000	10	100	0	0.997861
2954000	0.8000000000	0.0010000000	0.0100000000	10	100	0	0.997834
2955000	0.8000000000	0.0010000000	0.0100000000	10	100	0	0.997852
2956000	0.8000000000	0.0010000000	0.0100000000	10	100	0	0.997807
2957000	0.8000000000	0.0010000000	0.0100000000	10	100	0	0.997798
2958000	0.8000000000	0.0010000000	0.0100000000	10	100	0	0.997833
2959000	0.8000000000	0.0010000000	0.0100000000	10	100	0	0.997845
2960000	0.8000000000	0.0010000000	0.0100000000	10	100	0	0.997816
2961000	0.8000000000	0.0010000000	0.0100000000	10	100	0	0.997816
2962000	0.8000000000	0.0010000000	0.0100000000	10	100	0	0.997766
2963000	0.8000000000	0.0010000000	0.0100000000	10	100	0	0.997773
2964000	0.8000000000	0.0010000000	0.0100000000	10	100	0	0.997800
2965000	0.8000000000	0.0010000000	0.0100000000	10	100	0	0.997790
2966000	0.8000000000	0.0010000000	0.0100000000	10	100	0	0.997815
2967000	0.8000000000	0.0010000000	0.0100000000	10	100	0	0.997807
2968000	0.8000000000	0.0010000000	0.0100000000	10	100	0	0.997824
2969000	0.8000000000	0.0010000000	0.0100000000	10	100	0	0.997807
2970000	0.8000000000	0.0010000000	0.0100000000	10	100	0	0.997824
2971000	0.8000000000	0.0010000000	0.0100000000	10	100	0	0.997889
2972000	0.8000000000	0.0010000000	0.0100000000	10	100	0	0.997890
2973000	0.8000000000	0.0010000000	0.0100000000	10	100	0	0.997879
2974000	0.8000000000	0.0010000000	0.0100000000	10	100	0	0.997871
2975000	0.8000000000	0.0010000000	0.0100000000	10	100	0	0.997855
2976000	0.8000000000	0.0010000000	0.0100000000	10	100	0	0.997852
2977000	0.8000000000	0.0010000000	0.0100000000	10	100	0	0.997843
2978000	0.8000000000	0.0010000000	0.0100000000	10	100	0	0.997872
2979000	0.8000000000	0.0010000000	0.0100000000	10	100	0	0.997889
2980000	0.8000000000	0.0010000000	0.0100000000	10	100	0	0.997890
2981000	0.8000000000	0.0010000000	0.0100000000	10	100	0	0.997834
2982000	0.8000000000	0.0010000000	0.0100000000	10	100	0	0.997833
2983000	0.8000000000	0.0010000000	0.0100000000	10	100	0	0.997807
2984000	0.8000000000	0.0010000000	0.0100000000	10	100	0	0.997816
2985000	0.8000000000	0.0010000000	0.0100000000	10	100	0	0.997831
2986000	0.8000000000	0.0010000000	0.0100000000	10	100	0	0.997833
2987000	0.8000000000	0.0010000000	0.0100000000	10	100	0	0.997817
2988000	0.8000000000	0.0010000000	0.0100000000	10	100	0	0.997792
2989000	0.8000000000	0.0010000000	0.0100000000	10	100	0	0.997807
2990000	0.8000000000	0.0010000000	0.0100000000	10	100	0	0.997816
2991000	0.8000000000	0.0010000000	0.0100000000	10	100	0	0.997774
2992000	0.8000000000	0.0010000000	0.0100000000	10	100	0	0.997762
2993000	0.8000000000	0.0010000000	0.0100000000	10	100	0	0.997749
2994000	0.8000000000	0.0010000000	0.0100000000	10	100	0	0.997789
2995000	0.8000000000	0.0010000000	0.0100000000	10	100	0	0.997816
2996000	0.8000000000	0.0010000000	0.0100000000	10	100	0	0.997861
2997000	0.8000000000	0.0010000000	0.0100000000	10	100	0	0.997901
2998000	0.8000000000	0.0010000000	0.0100000000	10	100	0	0.997931
2999000	0.8000000000	0.0010000000	0.0100000000	10	100	0	0.997926
3000000	0.8000000000	0.0010000000	0.0100000000	10	100	0	0.997889
