time	epistasis_coef	sel_coef	mu_prob	Ne	L	k_start	mean_fitness
2000000	-1.0000000000	0.0010000000	0.0001000000	10	100	0	0.535261
2001000	-1.0000000000	0.0010000000	0.0001000000	10	100	0	0.508648
2002000	-1.0000000000	0.0010000000	0.0001000000	10	100	0	0.508648
2003000	-1.0000000000	0.0010000000	0.0001000000	10	100	0	0.508648
2004000	-1.0000000000	0.0010000000	0.0001000000	10	100	0	0.508648
2005000	-1.0000000000	0.0010000000	0.0001000000	10	100	0	0.508648
2006000	-1.0000000000	0.0010000000	0.0001000000	10	100	0	0.508648
2007000	-1.0000000000	0.0010000000	0.0001000000	10	100	0	0.508648
2008000	-1.0000000000	0.0010000000	0.0001000000	10	100	0	0.508648
2009000	-1.0000000000	0.0010000000	0.0001000000	10	100	0	0.508648
2010000	-1.0000000000	0.0010000000	0.0001000000	10	100	0	0.508648
2011000	-1.0000000000	0.0010000000	0.0001000000	10	100	0	0.508648
2012000	-1.0000000000	0.0010000000	0.0001000000	10	100	0	0.508648
2013000	-1.0000000000	0.0010000000	0.0001000000	10	100	0	0.508648
2014000	-1.0000000000	0.0010000000	0.0001000000	10	100	0	0.508648
2015000	-1.0000000000	0.0010000000	0.0001000000	10	100	0	0.508648
2016000	-1.0000000000	0.0010000000	0.0001000000	10	100	0	0.508648
2017000	-1.0000000000	0.0010000000	0.0001000000	10	100	0	0.508648
2018000	-1.0000000000	0.0010000000	0.0001000000	10	100	0	0.535261
2019000	-1.0000000000	0.0010000000	0.0001000000	10	100	0	0.535261
2020000	-1.0000000000	0.0010000000	0.0001000000	10	100	0	0.535261
2021000	-1.0000000000	0.0010000000	0.0001000000	10	100	0	0.535261
2022000	-1.0000000000	0.0010000000	0.0001000000	10	100	0	0.535261
2023000	-1.0000000000	0.0010000000	0.0001000000	10	100	0	0.535261
2024000	-1.0000000000	0.0010000000	0.0001000000	10	100	0	0.535261
2025000	-1.0000000000	0.0010000000	0.0001000000	10	100	0	0.535261
2026000	-1.0000000000	0.0010000000	0.0001000000	10	100	0	0.535261
2027000	-1.0000000000	0.0010000000	0.0001000000	10	100	0	0.535261
2028000	-1.0000000000	0.0010000000	0.0001000000	10	100	0	0.535261
2029000	-1.0000000000	0.0010000000	0.0001000000	10	100	0	0.535261
2030000	-1.0000000000	0.0010000000	0.0001000000	10	100	0	0.535261
2031000	-1.0000000000	0.0010000000	0.0001000000	10	100	0	0.535261
2032000	-1.0000000000	0.0010000000	0.0001000000	10	100	0	0.535261
2033000	-1.0000000000	0.0010000000	0.0001000000	10	100	0	0.535261
2034000	-1.0000000000	0.0010000000	0.0001000000	10	100	0	0.562142
2035000	-1.0000000000	0.0010000000	0.0001000000	10	100	0	0.562142
2036000	-1.0000000000	0.0010000000	0.0001000000	10	100	0	0.562142
2037000	-1.0000000000	0.0010000000	0.0001000000	10	100	0	0.562142
2038000	-1.0000000000	0.0010000000	0.0001000000	10	100	0	0.562142
2039000	-1.0000000000	0.0010000000	0.0001000000	10	100	0	0.562142
2040000	-1.0000000000	0.0010000000	0.0001000000	10	100	0	0.562142
2041000	-1.0000000000	0.0010000000	0.0001000000	10	100	0	0.562142
2042000	-1.0000000000	0.0010000000	0.0001000000	10	100	0	0.562142
2043000	-1.0000000000	0.0010000000	0.0001000000	10	100	0	0.562142
2044000	-1.0000000000	0.0010000000	0.0001000000	10	100	0	0.562142
2045000	-1.0000000000	0.0010000000	0.0001000000	10	100	0	0.562142
2046000	-1.0000000000	0.0010000000	0.0001000000	10	100	0	0.562142
2047000	-1.0000000000	0.0010000000	0.0001000000	10	100	0	0.562142
2048000	-1.0000000000	0.0010000000	0.0001000000	10	100	0	0.562142
2049000	-1.0000000000	0.0010000000	0.0001000000	10	100	0	0.562142
2050000	-1.0000000000	0.0010000000	0.0001000000	10	100	0	0.562142
2051000	-1.0000000000	0.0010000000	0.0001000000	10	100	0	0.562142
2052000	-1.0000000000	0.0010000000	0.0001000000	10	100	0	0.562142
2053000	-1.0000000000	0.0010000000	0.0001000000	10	100	0	0.562142
2054000	-1.0000000000	0.0010000000	0.0001000000	10	100	0	0.562142
2055000	-1.0000000000	0.0010000000	0.0001000000	10	100	0	0.562142
2056000	-1.0000000000	0.0010000000	0.0001000000	10	100	0	0.562142
2057000	-1.0000000000	0.0010000000	0.0001000000	10	100	0	0.562142
2058000	-1.0000000000	0.0010000000	0.0001000000	10	100	0	0.562142
2059000	-1.0000000000	0.0010000000	0.0001000000	10	100	0	0.562142
2060000	-1.0000000000	0.0010000000	0.0001000000	10	100	0	0.562142
2061000	-1.0000000000	0.0010000000	0.0001000000	10	100	0	0.562142
2062000	-1.0000000000	0.0010000000	0.0001000000	10	100	0	0.562142
2063000	-1.0000000000	0.0010000000	0.0001000000	10	100	0	0.562142
2064000	-1.0000000000	0.0010000000	0.0001000000	10	100	0	0.562142
2065000	-1.0000000000	0.0010000000	0.0001000000	10	100	0	0.562142
2066000	-1.0000000000	0.0010000000	0.0001000000	10	100	0	0.562142
2067000	-1.0000000000	0.0010000000	0.0001000000	10	100	0	0.562142
2068000	-1.0000000000	0.0010000000	0.0001000000	10	100	0	0.562142
2069000	-1.0000000000	0.0010000000	0.0001000000	10	100	0	0.562142
2070000	-1.0000000000	0.0010000000	0.0001000000	10	100	0	0.562142
2071000	-1.0000000000	0.0010000000	0.0001000000	10	100	0	0.562142
2072000	-1.0000000000	0.0010000000	0.0001000000	10	100	0	0.562142
2073000	-1.0000000000	0.0010000000	0.0001000000	10	100	0	0.562142
2074000	-1.0000000000	0.0010000000	0.0001000000	10	100	0	0.562142
2075000	-1.0000000000	0.0010000000	0.0001000000	10	100	0	0.562142
2076000	-1.0000000000	0.0010000000	0.0001000000	10	100	0	0.562142
2077000	-1.0000000000	0.0010000000	0.0001000000	10	100	0	0.562142
2078000	-1.0000000000	0.0010000000	0.0001000000	10	100	0	0.562142
2079000	-1.0000000000	0.0010000000	0.0001000000	10	100	0	0.562142
2080000	-1.0000000000	0.0010000000	0.0001000000	10	100	0	0.562142
2081000	-1.0000000000	0.0010000000	0.0001000000	10	100	0	0.562142
2082000	-1.0000000000	0.0010000000	0.0001000000	10	100	0	0.562142
2083000	-1.0000000000	0.0010000000	0.0001000000	10	100	0	0.562142
2084000	-1.0000000000	0.0010000000	0.0001000000	10	100	0	0.562142
2085000	-1.0000000000	0.0010000000	0.0001000000	10	100	0	0.562142
2086000	-1.0000000000	0.0010000000	0.0001000000	10	100	0	0.562142
2087000	-1.0000000000	0.0010000000	0.0001000000	10	100	0	0.562142
2088000	-1.0000000000	0.0010000000	0.0001000000	10	100	0	0.562142
2089000	-1.0000000000	0.0010000000	0.0001000000	10	100	0	0.562142
2090000	-1.0000000000	0.0010000000	0.0001000000	10	100	0	0.562142
2091000	-1.0000000000	0.0010000000	0.0001000000	10	100	0	0.562142
2092000	-1.0000000000	0.0010000000	0.0001000000	10	100	0	0.562142
2093000	-1.0000000000	0.0010000000	0.0001000000	10	100	0	0.562142
2094000	-1.0000000000	0.0010000000	0.0001000000	10	100	0	0.535261
2095000	-1.0000000000	0.0010000000	0.0001000000	10	100	0	0.535261
2096000	-1.0000000000	0.0010000000	0.0001000000	10	100	0	0.535261
2097000	-1.0000000000	0.0010000000	0.0001000000	10	100	0	0.535261
2098000	-1.0000000000	0.0010000000	0.0001000000	10	100	0	0.535261
2099000	-1.0000000000	0.0010000000	0.0001000000	10	100	0	0.535261
2100000	-1.0000000000	0.0010000000	0.0001000000	10	100	0	0.535261
2101000	-1.0000000000	0.0010000000	0.0001000000	10	100	0	0.562142
2102000	-1.0000000000	0.0010000000	0.0001000000	10	100	0	0.562142
2103000	-1.0000000000	0.0010000000	0.0001000000	10	100	0	0.562142
2104000	-1.0000000000	0.0010000000	0.0001000000	10	100	0	0.562142
2105000	-1.0000000000	0.0010000000	0.0001000000	10	100	0	0.562142
2106000	-1.0000000000	0.0010000000	0.0001000000	10	100	0	0.562142
2107000	-1.0000000000	0.0010000000	0.0001000000	10	100	0	0.562142
2108000	-1.0000000000	0.0010000000	0.0001000000	10	100	0	0.562142
2109000	-1.0000000000	0.0010000000	0.0001000000	10	100	0	0.562142
2110000	-1.0000000000	0.0010000000	0.0001000000	10	100	0	0.562142
2111000	-1.0000000000	0.0010000000	0.0001000000	10	100	0	0.508648
2112000	-1.0000000000	0.0010000000	0.0001000000	10	100	0	0.508648
2113000	-1.0000000000	0.0010000000	0.0001000000	10	100	0	0.508648
2114000	-1.0000000000	0.0010000000	0.0001000000	10	100	0	0.508648
2115000	-1.0000000000	0.0010000000	0.0001000000	10	100	0	0.508648
2116000	-1.0000000000	0.0010000000	0.0001000000	10	100	0	0.508648
2117000	-1.0000000000	0.0010000000	0.0001000000	10	100	0	0.508648
2118000	-1.0000000000	0.0010000000	0.0001000000	10	100	0	0.508648
2119000	-1.0000000000	0.0010000000	0.0001000000	10	100	0	0.482391
2120000	-1.0000000000	0.0010000000	0.0001000000	10	100	0	0.456576
2121000	-1.0000000000	0.0010000000	0.0001000000	10	100	0	0.456576
2122000	-1.0000000000	0.0010000000	0.0001000000	10	100	0	0.456576
2123000	-1.0000000000	0.0010000000	0.0001000000	10	100	0	0.431279
2124000	-1.0000000000	0.0010000000	0.0001000000	10	100	0	0.431279
2125000	-1.0000000000	0.0010000000	0.0001000000	10	100	0	0.431279
2126000	-1.0000000000	0.0010000000	0.0001000000	10	100	0	0.431279
2127000	-1.0000000000	0.0010000000	0.0001000000	10	100	0	0.431279
2128000	-1.0000000000	0.0010000000	0.0001000000	10	100	0	0.406570
2129000	-1.0000000000	0.0010000000	0.0001000000	10	100	0	0.382510
2130000	-1.0000000000	0.0010000000	0.0001000000	10	100	0	0.382510
2131000	-1.0000000000	0.0010000000	0.0001000000	10	100	0	0.382510
2132000	-1.0000000000	0.0010000000	0.0001000000	10	100	0	0.406570
2133000	-1.0000000000	0.0010000000	0.0001000000	10	100	0	0.406570
2134000	-1.0000000000	0.0010000000	0.0001000000	10	100	0	0.406570
2135000	-1.0000000000	0.0010000000	0.0001000000	10	100	0	0.406570
2136000	-1.0000000000	0.0010000000	0.0001000000	10	100	0	0.406570
2137000	-1.0000000000	0.0010000000	0.0001000000	10	100	0	0.406570
2138000	-1.0000000000	0.0010000000	0.0001000000	10	100	0	0.406570
2139000	-1.0000000000	0.0010000000	0.0001000000	10	100	0	0.406570
2140000	-1.0000000000	0.0010000000	0.0001000000	10	100	0	0.406570
2141000	-1.0000000000	0.0010000000	0.0001000000	10	100	0	0.406570
2142000	-1.0000000000	0.0010000000	0.0001000000	10	100	0	0.406570
2143000	-1.0000000000	0.0010000000	0.0001000000	10	100	0	0.406570
2144000	-1.0000000000	0.0010000000	0.0001000000	10	100	0	0.406570
2145000	-1.0000000000	0.0010000000	0.0001000000	10	100	0	0.406570
2146000	-1.0000000000	0.0010000000	0.0001000000	10	100	0	0.406570
2147000	-1.0000000000	0.0010000000	0.0001000000	10	100	0	0.406570
2148000	-1.0000000000	0.0010000000	0.0001000000	10	100	0	0.406570
2149000	-1.0000000000	0.0010000000	0.0001000000	10	100	0	0.406570
2150000	-1.0000000000	0.0010000000	0.0001000000	10	100	0	0.431279
2151000	-1.0000000000	0.0010000000	0.0001000000	10	100	0	0.431279
2152000	-1.0000000000	0.0010000000	0.0001000000	10	100	0	0.431279
2153000	-1.0000000000	0.0010000000	0.0001000000	10	100	0	0.456576
2154000	-1.0000000000	0.0010000000	0.0001000000	10	100	0	0.456576
2155000	-1.0000000000	0.0010000000	0.0001000000	10	100	0	0.456576
2156000	-1.0000000000	0.0010000000	0.0001000000	10	100	0	0.456576
2157000	-1.0000000000	0.0010000000	0.0001000000	10	100	0	0.456576
2158000	-1.0000000000	0.0010000000	0.0001000000	10	100	0	0.456576
2159000	-1.0000000000	0.0010000000	0.0001000000	10	100	0	0.456576
2160000	-1.0000000000	0.0010000000	0.0001000000	10	100	0	0.482391
2161000	-1.0000000000	0.0010000000	0.0001000000	10	100	0	0.482391
2162000	-1.0000000000	0.0010000000	0.0001000000	10	100	0	0.482391
2163000	-1.0000000000	0.0010000000	0.0001000000	10	100	0	0.482391
2164000	-1.0000000000	0.0010000000	0.0001000000	10	100	0	0.482391
2165000	-1.0000000000	0.0010000000	0.0001000000	10	100	0	0.482391
2166000	-1.0000000000	0.0010000000	0.0001000000	10	100	0	0.482391
2167000	-1.0000000000	0.0010000000	0.0001000000	10	100	0	0.482391
2168000	-1.0000000000	0.0010000000	0.0001000000	10	100	0	0.482391
2169000	-1.0000000000	0.0010000000	0.0001000000	10	100	0	0.482391
2170000	-1.0000000000	0.0010000000	0.0001000000	10	100	0	0.482391
2171000	-1.0000000000	0.0010000000	0.0001000000	10	100	0	0.456576
2172000	-1.0000000000	0.0010000000	0.0001000000	10	100	0	0.456576
2173000	-1.0000000000	0.0010000000	0.0001000000	10	100	0	0.456576
2174000	-1.0000000000	0.0010000000	0.0001000000	10	100	0	0.456576
2175000	-1.0000000000	0.0010000000	0.0001000000	10	100	0	0.456576
2176000	-1.0000000000	0.0010000000	0.0001000000	10	100	0	0.456576
2177000	-1.0000000000	0.0010000000	0.0001000000	10	100	0	0.456576
2178000	-1.0000000000	0.0010000000	0.0001000000	10	100	0	0.456576
2179000	-1.0000000000	0.0010000000	0.0001000000	10	100	0	0.456576
2180000	-1.0000000000	0.0010000000	0.0001000000	10	100	0	0.456576
2181000	-1.0000000000	0.0010000000	0.0001000000	10	100	0	0.456576
2182000	-1.0000000000	0.0010000000	0.0001000000	10	100	0	0.456576
2183000	-1.0000000000	0.0010000000	0.0001000000	10	100	0	0.456576
2184000	-1.0000000000	0.0010000000	0.0001000000	10	100	0	0.456576
2185000	-1.0000000000	0.0010000000	0.0001000000	10	100	0	0.456576
2186000	-1.0000000000	0.0010000000	0.0001000000	10	100	0	0.456576
2187000	-1.0000000000	0.0010000000	0.0001000000	10	100	0	0.456576
2188000	-1.0000000000	0.0010000000	0.0001000000	10	100	0	0.456576
2189000	-1.0000000000	0.0010000000	0.0001000000	10	100	0	0.456576
2190000	-1.0000000000	0.0010000000	0.0001000000	10	100	0	0.456576
2191000	-1.0000000000	0.0010000000	0.0001000000	10	100	0	0.456576
2192000	-1.0000000000	0.0010000000	0.0001000000	10	100	0	0.431279
2193000	-1.0000000000	0.0010000000	0.0001000000	10	100	0	0.456576
2194000	-1.0000000000	0.0010000000	0.0001000000	10	100	0	0.456576
2195000	-1.0000000000	0.0010000000	0.0001000000	10	100	0	0.456576
2196000	-1.0000000000	0.0010000000	0.0001000000	10	100	0	0.456576
2197000	-1.0000000000	0.0010000000	0.0001000000	10	100	0	0.456576
2198000	-1.0000000000	0.0010000000	0.0001000000	10	100	0	0.456576
2199000	-1.0000000000	0.0010000000	0.0001000000	10	100	0	0.456576
2200000	-1.0000000000	0.0010000000	0.0001000000	10	100	0	0.456576
2201000	-1.0000000000	0.0010000000	0.0001000000	10	100	0	0.456576
2202000	-1.0000000000	0.0010000000	0.0001000000	10	100	0	0.456576
2203000	-1.0000000000	0.0010000000	0.0001000000	10	100	0	0.456576
2204000	-1.0000000000	0.0010000000	0.0001000000	10	100	0	0.456576
2205000	-1.0000000000	0.0010000000	0.0001000000	10	100	0	0.456576
2206000	-1.0000000000	0.0010000000	0.0001000000	10	100	0	0.482391
2207000	-1.0000000000	0.0010000000	0.0001000000	10	100	0	0.482391
2208000	-1.0000000000	0.0010000000	0.0001000000	10	100	0	0.456576
2209000	-1.0000000000	0.0010000000	0.0001000000	10	100	0	0.456576
2210000	-1.0000000000	0.0010000000	0.0001000000	10	100	0	0.456576
2211000	-1.0000000000	0.0010000000	0.0001000000	10	100	0	0.456576
2212000	-1.0000000000	0.0010000000	0.0001000000	10	100	0	0.431279
2213000	-1.0000000000	0.0010000000	0.0001000000	10	100	0	0.431279
2214000	-1.0000000000	0.0010000000	0.0001000000	10	100	0	0.431279
2215000	-1.0000000000	0.0010000000	0.0001000000	10	100	0	0.431279
2216000	-1.0000000000	0.0010000000	0.0001000000	10	100	0	0.406570
2217000	-1.0000000000	0.0010000000	0.0001000000	10	100	0	0.406570
2218000	-1.0000000000	0.0010000000	0.0001000000	10	100	0	0.406570
2219000	-1.0000000000	0.0010000000	0.0001000000	10	100	0	0.406570
2220000	-1.0000000000	0.0010000000	0.0001000000	10	100	0	0.406570
2221000	-1.0000000000	0.0010000000	0.0001000000	10	100	0	0.406570
2222000	-1.0000000000	0.0010000000	0.0001000000	10	100	0	0.406570
2223000	-1.0000000000	0.0010000000	0.0001000000	10	100	0	0.382510
2224000	-1.0000000000	0.0010000000	0.0001000000	10	100	0	0.382510
2225000	-1.0000000000	0.0010000000	0.0001000000	10	100	0	0.382510
2226000	-1.0000000000	0.0010000000	0.0001000000	10	100	0	0.382510
2227000	-1.0000000000	0.0010000000	0.0001000000	10	100	0	0.382510
2228000	-1.0000000000	0.0010000000	0.0001000000	10	100	0	0.382510
2229000	-1.0000000000	0.0010000000	0.0001000000	10	100	0	0.382510
2230000	-1.0000000000	0.0010000000	0.0001000000	10	100	0	0.382510
2231000	-1.0000000000	0.0010000000	0.0001000000	10	100	0	0.382510
2232000	-1.0000000000	0.0010000000	0.0001000000	10	100	0	0.406570
2233000	-1.0000000000	0.0010000000	0.0001000000	10	100	0	0.406570
2234000	-1.0000000000	0.0010000000	0.0001000000	10	100	0	0.406570
2235000	-1.0000000000	0.0010000000	0.0001000000	10	100	0	0.406570
2236000	-1.0000000000	0.0010000000	0.0001000000	10	100	0	0.406570
2237000	-1.0000000000	0.0010000000	0.0001000000	10	100	0	0.406570
2238000	-1.0000000000	0.0010000000	0.0001000000	10	100	0	0.406570
2239000	-1.0000000000	0.0010000000	0.0001000000	10	100	0	0.406570
2240000	-1.0000000000	0.0010000000	0.0001000000	10	100	0	0.406570
2241000	-1.0000000000	0.0010000000	0.0001000000	10	100	0	0.406570
2242000	-1.0000000000	0.0010000000	0.0001000000	10	100	0	0.406570
2243000	-1.0000000000	0.0010000000	0.0001000000	10	100	0	0.406570
2244000	-1.0000000000	0.0010000000	0.0001000000	10	100	0	0.406570
2245000	-1.0000000000	0.0010000000	0.0001000000	10	100	0	0.406570
2246000	-1.0000000000	0.0010000000	0.0001000000	10	100	0	0.406570
2247000	-1.0000000000	0.0010000000	0.0001000000	10	100	0	0.406570
2248000	-1.0000000000	0.0010000000	0.0001000000	10	100	0	0.406570
2249000	-1.0000000000	0.0010000000	0.0001000000	10	100	0	0.406570
2250000	-1.0000000000	0.0010000000	0.0001000000	10	100	0	0.406570
2251000	-1.0000000000	0.0010000000	0.0001000000	10	100	0	0.406570
2252000	-1.0000000000	0.0010000000	0.0001000000	10	100	0	0.406570
2253000	-1.0000000000	0.0010000000	0.0001000000	10	100	0	0.406570
2254000	-1.0000000000	0.0010000000	0.0001000000	10	100	0	0.406570
2255000	-1.0000000000	0.0010000000	0.0001000000	10	100	0	0.406570
2256000	-1.0000000000	0.0010000000	0.0001000000	10	100	0	0.406570
2257000	-1.0000000000	0.0010000000	0.0001000000	10	100	0	0.406570
2258000	-1.0000000000	0.0010000000	0.0001000000	10	100	0	0.406570
2259000	-1.0000000000	0.0010000000	0.0001000000	10	100	0	0.406570
2260000	-1.0000000000	0.0010000000	0.0001000000	10	100	0	0.406570
2261000	-1.0000000000	0.0010000000	0.0001000000	10	100	0	0.406570
2262000	-1.0000000000	0.0010000000	0.0001000000	10	100	0	0.406570
2263000	-1.0000000000	0.0010000000	0.0001000000	10	100	0	0.431279
2264000	-1.0000000000	0.0010000000	0.0001000000	10	100	0	0.431279
2265000	-1.0000000000	0.0010000000	0.0001000000	10	100	0	0.431279
2266000	-1.0000000000	0.0010000000	0.0001000000	10	100	0	0.431279
2267000	-1.0000000000	0.0010000000	0.0001000000	10	100	0	0.431279
2268000	-1.0000000000	0.0010000000	0.0001000000	10	100	0	0.431279
2269000	-1.0000000000	0.0010000000	0.0001000000	10	100	0	0.431279
2270000	-1.0000000000	0.0010000000	0.0001000000	10	100	0	0.431279
2271000	-1.0000000000	0.0010000000	0.0001000000	10	100	0	0.431279
2272000	-1.0000000000	0.0010000000	0.0001000000	10	100	0	0.431279
2273000	-1.0000000000	0.0010000000	0.0001000000	10	100	0	0.431279
2274000	-1.0000000000	0.0010000000	0.0001000000	10	100	0	0.431279
2275000	-1.0000000000	0.0010000000	0.0001000000	10	100	0	0.431279
2276000	-1.0000000000	0.0010000000	0.0001000000	10	100	0	0.431279
2277000	-1.0000000000	0.0010000000	0.0001000000	10	100	0	0.431279
2278000	-1.0000000000	0.0010000000	0.0001000000	10	100	0	0.431279
2279000	-1.0000000000	0.0010000000	0.0001000000	10	100	0	0.431279
2280000	-1.0000000000	0.0010000000	0.0001000000	10	100	0	0.431279
2281000	-1.0000000000	0.0010000000	0.0001000000	10	100	0	0.431279
2282000	-1.0000000000	0.0010000000	0.0001000000	10	100	0	0.431279
2283000	-1.0000000000	0.0010000000	0.0001000000	10	100	0	0.431279
2284000	-1.0000000000	0.0010000000	0.0001000000	10	100	0	0.431279
2285000	-1.0000000000	0.0010000000	0.0001000000	10	100	0	0.431279
2286000	-1.0000000000	0.0010000000	0.0001000000	10	100	0	0.431279
2287000	-1.0000000000	0.0010000000	0.0001000000	10	100	0	0.431279
2288000	-1.0000000000	0.0010000000	0.0001000000	10	100	0	0.431279
2289000	-1.0000000000	0.0010000000	0.0001000000	10	100	0	0.431279
2290000	-1.0000000000	0.0010000000	0.0001000000	10	100	0	0.431279
2291000	-1.0000000000	0.0010000000	0.0001000000	10	100	0	0.431279
2292000	-1.0000000000	0.0010000000	0.0001000000	10	100	0	0.431279
2293000	-1.0000000000	0.0010000000	0.0001000000	10	100	0	0.431279
2294000	-1.0000000000	0.0010000000	0.0001000000	10	100	0	0.431279
2295000	-1.0000000000	0.0010000000	0.0001000000	10	100	0	0.431279
2296000	-1.0000000000	0.0010000000	0.0001000000	10	100	0	0.406570
2297000	-1.0000000000	0.0010000000	0.0001000000	10	100	0	0.382510
2298000	-1.0000000000	0.0010000000	0.0001000000	10	100	0	0.382510
2299000	-1.0000000000	0.0010000000	0.0001000000	10	100	0	0.406570
2300000	-1.0000000000	0.0010000000	0.0001000000	10	100	0	0.406570
2301000	-1.0000000000	0.0010000000	0.0001000000	10	100	0	0.406570
2302000	-1.0000000000	0.0010000000	0.0001000000	10	100	0	0.406570
2303000	-1.0000000000	0.0010000000	0.0001000000	10	100	0	0.406570
2304000	-1.0000000000	0.0010000000	0.0001000000	10	100	0	0.406570
2305000	-1.0000000000	0.0010000000	0.0001000000	10	100	0	0.406570
2306000	-1.0000000000	0.0010000000	0.0001000000	10	100	0	0.406570
2307000	-1.0000000000	0.0010000000	0.0001000000	10	100	0	0.406570
2308000	-1.0000000000	0.0010000000	0.0001000000	10	100	0	0.406570
2309000	-1.0000000000	0.0010000000	0.0001000000	10	100	0	0.406570
2310000	-1.0000000000	0.0010000000	0.0001000000	10	100	0	0.406570
2311000	-1.0000000000	0.0010000000	0.0001000000	10	100	0	0.406570
2312000	-1.0000000000	0.0010000000	0.0001000000	10	100	0	0.406570
2313000	-1.0000000000	0.0010000000	0.0001000000	10	100	0	0.406570
2314000	-1.0000000000	0.0010000000	0.0001000000	10	100	0	0.406570
2315000	-1.0000000000	0.0010000000	0.0001000000	10	100	0	0.406570
2316000	-1.0000000000	0.0010000000	0.0001000000	10	100	0	0.406570
2317000	-1.0000000000	0.0010000000	0.0001000000	10	100	0	0.406570
2318000	-1.0000000000	0.0010000000	0.0001000000	10	100	0	0.406570
2319000	-1.0000000000	0.0010000000	0.0001000000	10	100	0	0.406570
2320000	-1.0000000000	0.0010000000	0.0001000000	10	100	0	0.382510
2321000	-1.0000000000	0.0010000000	0.0001000000	10	100	0	0.382510
2322000	-1.0000000000	0.0010000000	0.0001000000	10	100	0	0.382510
2323000	-1.0000000000	0.0010000000	0.0001000000	10	100	0	0.382510
2324000	-1.0000000000	0.0010000000	0.0001000000	10	100	0	0.382510
2325000	-1.0000000000	0.0010000000	0.0001000000	10	100	0	0.382510
2326000	-1.0000000000	0.0010000000	0.0001000000	10	100	0	0.382510
2327000	-1.0000000000	0.0010000000	0.0001000000	10	100	0	0.382510
2328000	-1.0000000000	0.0010000000	0.0001000000	10	100	0	0.382510
2329000	-1.0000000000	0.0010000000	0.0001000000	10	100	0	0.382510
2330000	-1.0000000000	0.0010000000	0.0001000000	10	100	0	0.382510
2331000	-1.0000000000	0.0010000000	0.0001000000	10	100	0	0.382510
2332000	-1.0000000000	0.0010000000	0.0001000000	10	100	0	0.382510
2333000	-1.0000000000	0.0010000000	0.0001000000	10	100	0	0.382510
2334000	-1.0000000000	0.0010000000	0.0001000000	10	100	0	0.382510
2335000	-1.0000000000	0.0010000000	0.0001000000	10	100	0	0.382510
2336000	-1.0000000000	0.0010000000	0.0001000000	10	100	0	0.382510
2337000	-1.0000000000	0.0010000000	0.0001000000	10	100	0	0.382510
2338000	-1.0000000000	0.0010000000	0.0001000000	10	100	0	0.382510
2339000	-1.0000000000	0.0010000000	0.0001000000	10	100	0	0.382510
2340000	-1.0000000000	0.0010000000	0.0001000000	10	100	0	0.382510
2341000	-1.0000000000	0.0010000000	0.0001000000	10	100	0	0.382510
2342000	-1.0000000000	0.0010000000	0.0001000000	10	100	0	0.382510
2343000	-1.0000000000	0.0010000000	0.0001000000	10	100	0	0.382510
2344000	-1.0000000000	0.0010000000	0.0001000000	10	100	0	0.382510
2345000	-1.0000000000	0.0010000000	0.0001000000	10	100	0	0.382510
2346000	-1.0000000000	0.0010000000	0.0001000000	10	100	0	0.382510
2347000	-1.0000000000	0.0010000000	0.0001000000	10	100	0	0.382510
2348000	-1.0000000000	0.0010000000	0.0001000000	10	100	0	0.382510
2349000	-1.0000000000	0.0010000000	0.0001000000	10	100	0	0.382510
2350000	-1.0000000000	0.0010000000	0.0001000000	10	100	0	0.382510
2351000	-1.0000000000	0.0010000000	0.0001000000	10	100	0	0.382510
2352000	-1.0000000000	0.0010000000	0.0001000000	10	100	0	0.382510
2353000	-1.0000000000	0.0010000000	0.0001000000	10	100	0	0.382510
2354000	-1.0000000000	0.0010000000	0.0001000000	10	100	0	0.382510
2355000	-1.0000000000	0.0010000000	0.0001000000	10	100	0	0.382510
2356000	-1.0000000000	0.0010000000	0.0001000000	10	100	0	0.382510
2357000	-1.0000000000	0.0010000000	0.0001000000	10	100	0	0.382510
2358000	-1.0000000000	0.0010000000	0.0001000000	10	100	0	0.382510
2359000	-1.0000000000	0.0010000000	0.0001000000	10	100	0	0.382510
2360000	-1.0000000000	0.0010000000	0.0001000000	10	100	0	0.382510
2361000	-1.0000000000	0.0010000000	0.0001000000	10	100	0	0.382510
2362000	-1.0000000000	0.0010000000	0.0001000000	10	100	0	0.406570
2363000	-1.0000000000	0.0010000000	0.0001000000	10	100	0	0.406570
2364000	-1.0000000000	0.0010000000	0.0001000000	10	100	0	0.406570
2365000	-1.0000000000	0.0010000000	0.0001000000	10	100	0	0.406570
2366000	-1.0000000000	0.0010000000	0.0001000000	10	100	0	0.431279
2367000	-1.0000000000	0.0010000000	0.0001000000	10	100	0	0.431279
2368000	-1.0000000000	0.0010000000	0.0001000000	10	100	0	0.431279
2369000	-1.0000000000	0.0010000000	0.0001000000	10	100	0	0.406570
2370000	-1.0000000000	0.0010000000	0.0001000000	10	100	0	0.382510
2371000	-1.0000000000	0.0010000000	0.0001000000	10	100	0	0.382510
2372000	-1.0000000000	0.0010000000	0.0001000000	10	100	0	0.382510
2373000	-1.0000000000	0.0010000000	0.0001000000	10	100	0	0.382510
2374000	-1.0000000000	0.0010000000	0.0001000000	10	100	0	0.382510
2375000	-1.0000000000	0.0010000000	0.0001000000	10	100	0	0.382510
2376000	-1.0000000000	0.0010000000	0.0001000000	10	100	0	0.382510
2377000	-1.0000000000	0.0010000000	0.0001000000	10	100	0	0.382510
2378000	-1.0000000000	0.0010000000	0.0001000000	10	100	0	0.382510
2379000	-1.0000000000	0.0010000000	0.0001000000	10	100	0	0.406570
2380000	-1.0000000000	0.0010000000	0.0001000000	10	100	0	0.406570
2381000	-1.0000000000	0.0010000000	0.0001000000	10	100	0	0.382510
2382000	-1.0000000000	0.0010000000	0.0001000000	10	100	0	0.382510
2383000	-1.0000000000	0.0010000000	0.0001000000	10	100	0	0.382510
2384000	-1.0000000000	0.0010000000	0.0001000000	10	100	0	0.382510
2385000	-1.0000000000	0.0010000000	0.0001000000	10	100	0	0.382510
2386000	-1.0000000000	0.0010000000	0.0001000000	10	100	0	0.406570
2387000	-1.0000000000	0.0010000000	0.0001000000	10	100	0	0.406570
2388000	-1.0000000000	0.0010000000	0.0001000000	10	100	0	0.406570
2389000	-1.0000000000	0.0010000000	0.0001000000	10	100	0	0.406570
2390000	-1.0000000000	0.0010000000	0.0001000000	10	100	0	0.406570
2391000	-1.0000000000	0.0010000000	0.0001000000	10	100	0	0.406570
2392000	-1.0000000000	0.0010000000	0.0001000000	10	100	0	0.406570
2393000	-1.0000000000	0.0010000000	0.0001000000	10	100	0	0.406570
2394000	-1.0000000000	0.0010000000	0.0001000000	10	100	0	0.406570
2395000	-1.0000000000	0.0010000000	0.0001000000	10	100	0	0.406570
2396000	-1.0000000000	0.0010000000	0.0001000000	10	100	0	0.406570
2397000	-1.0000000000	0.0010000000	0.0001000000	10	100	0	0.431279
2398000	-1.0000000000	0.0010000000	0.0001000000	10	100	0	0.431279
2399000	-1.0000000000	0.0010000000	0.0001000000	10	100	0	0.431279
2400000	-1.0000000000	0.0010000000	0.0001000000	10	100	0	0.431279
2401000	-1.0000000000	0.0010000000	0.0001000000	10	100	0	0.431279
2402000	-1.0000000000	0.0010000000	0.0001000000	10	100	0	0.431279
2403000	-1.0000000000	0.0010000000	0.0001000000	10	100	0	0.431279
2404000	-1.0000000000	0.0010000000	0.0001000000	10	100	0	0.431279
2405000	-1.0000000000	0.0010000000	0.0001000000	10	100	0	0.431279
2406000	-1.0000000000	0.0010000000	0.0001000000	10	100	0	0.456576
2407000	-1.0000000000	0.0010000000	0.0001000000	10	100	0	0.456576
2408000	-1.0000000000	0.0010000000	0.0001000000	10	100	0	0.456576
2409000	-1.0000000000	0.0010000000	0.0001000000	10	100	0	0.456576
2410000	-1.0000000000	0.0010000000	0.0001000000	10	100	0	0.456576
2411000	-1.0000000000	0.0010000000	0.0001000000	10	100	0	0.456576
2412000	-1.0000000000	0.0010000000	0.0001000000	10	100	0	0.482391
2413000	-1.0000000000	0.0010000000	0.0001000000	10	100	0	0.482391
2414000	-1.0000000000	0.0010000000	0.0001000000	10	100	0	0.482391
2415000	-1.0000000000	0.0010000000	0.0001000000	10	100	0	0.482391
2416000	-1.0000000000	0.0010000000	0.0001000000	10	100	0	0.482391
2417000	-1.0000000000	0.0010000000	0.0001000000	10	100	0	0.482391
2418000	-1.0000000000	0.0010000000	0.0001000000	10	100	0	0.508648
2419000	-1.0000000000	0.0010000000	0.0001000000	10	100	0	0.508648
2420000	-1.0000000000	0.0010000000	0.0001000000	10	100	0	0.508648
2421000	-1.0000000000	0.0010000000	0.0001000000	10	100	0	0.508648
2422000	-1.0000000000	0.0010000000	0.0001000000	10	100	0	0.508648
2423000	-1.0000000000	0.0010000000	0.0001000000	10	100	0	0.508648
2424000	-1.0000000000	0.0010000000	0.0001000000	10	100	0	0.508648
2425000	-1.0000000000	0.0010000000	0.0001000000	10	100	0	0.508648
2426000	-1.0000000000	0.0010000000	0.0001000000	10	100	0	0.508648
2427000	-1.0000000000	0.0010000000	0.0001000000	10	100	0	0.508648
2428000	-1.0000000000	0.0010000000	0.0001000000	10	100	0	0.508648
2429000	-1.0000000000	0.0010000000	0.0001000000	10	100	0	0.508648
2430000	-1.0000000000	0.0010000000	0.0001000000	10	100	0	0.508648
2431000	-1.0000000000	0.0010000000	0.0001000000	10	100	0	0.508648
2432000	-1.0000000000	0.0010000000	0.0001000000	10	100	0	0.508648
2433000	-1.0000000000	0.0010000000	0.0001000000	10	100	0	0.508648
2434000	-1.0000000000	0.0010000000	0.0001000000	10	100	0	0.508648
2435000	-1.0000000000	0.0010000000	0.0001000000	10	100	0	0.508648
2436000	-1.0000000000	0.0010000000	0.0001000000	10	100	0	0.508648
2437000	-1.0000000000	0.0010000000	0.0001000000	10	100	0	0.508648
2438000	-1.0000000000	0.0010000000	0.0001000000	10	100	0	0.508648
2439000	-1.0000000000	0.0010000000	0.0001000000	10	100	0	0.508648
2440000	-1.0000000000	0.0010000000	0.0001000000	10	100	0	0.508648
2441000	-1.0000000000	0.0010000000	0.0001000000	10	100	0	0.482391
2442000	-1.0000000000	0.0010000000	0.0001000000	10	100	0	0.482391
2443000	-1.0000000000	0.0010000000	0.0001000000	10	100	0	0.482391
2444000	-1.0000000000	0.0010000000	0.0001000000	10	100	0	0.482391
2445000	-1.0000000000	0.0010000000	0.0001000000	10	100	0	0.482391
2446000	-1.0000000000	0.0010000000	0.0001000000	10	100	0	0.482391
2447000	-1.0000000000	0.0010000000	0.0001000000	10	100	0	0.482391
2448000	-1.0000000000	0.0010000000	0.0001000000	10	100	0	0.482391
2449000	-1.0000000000	0.0010000000	0.0001000000	10	100	0	0.482391
2450000	-1.0000000000	0.0010000000	0.0001000000	10	100	0	0.482391
2451000	-1.0000000000	0.0010000000	0.0001000000	10	100	0	0.482391
2452000	-1.0000000000	0.0010000000	0.0001000000	10	100	0	0.482391
2453000	-1.0000000000	0.0010000000	0.0001000000	10	100	0	0.482391
2454000	-1.0000000000	0.0010000000	0.0001000000	10	100	0	0.482391
2455000	-1.0000000000	0.0010000000	0.0001000000	10	100	0	0.482391
2456000	-1.0000000000	0.0010000000	0.0001000000	10	100	0	0.482391
2457000	-1.0000000000	0.0010000000	0.0001000000	10	100	0	0.482391
2458000	-1.0000000000	0.0010000000	0.0001000000	10	100	0	0.482391
2459000	-1.0000000000	0.0010000000	0.0001000000	10	100	0	0.482391
2460000	-1.0000000000	0.0010000000	0.0001000000	10	100	0	0.482391
2461000	-1.0000000000	0.0010000000	0.0001000000	10	100	0	0.482391
2462000	-1.0000000000	0.0010000000	0.0001000000	10	100	0	0.482391
2463000	-1.0000000000	0.0010000000	0.0001000000	10	100	0	0.456576
2464000	-1.0000000000	0.0010000000	0.0001000000	10	100	0	0.456576
2465000	-1.0000000000	0.0010000000	0.0001000000	10	100	0	0.456576
2466000	-1.0000000000	0.0010000000	0.0001000000	10	100	0	0.456576
2467000	-1.0000000000	0.0010000000	0.0001000000	10	100	0	0.456576
2468000	-1.0000000000	0.0010000000	0.0001000000	10	100	0	0.431279
2469000	-1.0000000000	0.0010000000	0.0001000000	10	100	0	0.431279
2470000	-1.0000000000	0.0010000000	0.0001000000	10	100	0	0.431279
2471000	-1.0000000000	0.0010000000	0.0001000000	10	100	0	0.431279
2472000	-1.0000000000	0.0010000000	0.0001000000	10	100	0	0.431279
2473000	-1.0000000000	0.0010000000	0.0001000000	10	100	0	0.431279
2474000	-1.0000000000	0.0010000000	0.0001000000	10	100	0	0.431279
2475000	-1.0000000000	0.0010000000	0.0001000000	10	100	0	0.431279
2476000	-1.0000000000	0.0010000000	0.0001000000	10	100	0	0.431279
2477000	-1.0000000000	0.0010000000	0.0001000000	10	100	0	0.431279
2478000	-1.0000000000	0.0010000000	0.0001000000	10	100	0	0.431279
2479000	-1.0000000000	0.0010000000	0.0001000000	10	100	0	0.431279
2480000	-1.0000000000	0.0010000000	0.0001000000	10	100	0	0.431279
2481000	-1.0000000000	0.0010000000	0.0001000000	10	100	0	0.431279
2482000	-1.0000000000	0.0010000000	0.0001000000	10	100	0	0.431279
2483000	-1.0000000000	0.0010000000	0.0001000000	10	100	0	0.431279
2484000	-1.0000000000	0.0010000000	0.0001000000	10	100	0	0.431279
2485000	-1.0000000000	0.0010000000	0.0001000000	10	100	0	0.431279
2486000	-1.0000000000	0.0010000000	0.0001000000	10	100	0	0.431279
2487000	-1.0000000000	0.0010000000	0.0001000000	10	100	0	0.431279
2488000	-1.0000000000	0.0010000000	0.0001000000	10	100	0	0.431279
2489000	-1.0000000000	0.0010000000	0.0001000000	10	100	0	0.431279
2490000	-1.0000000000	0.0010000000	0.0001000000	10	100	0	0.431279
2491000	-1.0000000000	0.0010000000	0.0001000000	10	100	0	0.406570
2492000	-1.0000000000	0.0010000000	0.0001000000	10	100	0	0.406570
2493000	-1.0000000000	0.0010000000	0.0001000000	10	100	0	0.406570
2494000	-1.0000000000	0.0010000000	0.0001000000	10	100	0	0.406570
2495000	-1.0000000000	0.0010000000	0.0001000000	10	100	0	0.406570
2496000	-1.0000000000	0.0010000000	0.0001000000	10	100	0	0.406570
2497000	-1.0000000000	0.0010000000	0.0001000000	10	100	0	0.406570
2498000	-1.0000000000	0.0010000000	0.0001000000	10	100	0	0.406570
2499000	-1.0000000000	0.0010000000	0.0001000000	10	100	0	0.406570
2500000	-1.0000000000	0.0010000000	0.0001000000	10	100	0	0.406570
2501000	-1.0000000000	0.0010000000	0.0001000000	10	100	0	0.406570
2502000	-1.0000000000	0.0010000000	0.0001000000	10	100	0	0.406570
2503000	-1.0000000000	0.0010000000	0.0001000000	10	100	0	0.406570
2504000	-1.0000000000	0.0010000000	0.0001000000	10	100	0	0.431279
2505000	-1.0000000000	0.0010000000	0.0001000000	10	100	0	0.431279
2506000	-1.0000000000	0.0010000000	0.0001000000	10	100	0	0.431279
2507000	-1.0000000000	0.0010000000	0.0001000000	10	100	0	0.431279
2508000	-1.0000000000	0.0010000000	0.0001000000	10	100	0	0.431279
2509000	-1.0000000000	0.0010000000	0.0001000000	10	100	0	0.431279
2510000	-1.0000000000	0.0010000000	0.0001000000	10	100	0	0.431279
2511000	-1.0000000000	0.0010000000	0.0001000000	10	100	0	0.431279
2512000	-1.0000000000	0.0010000000	0.0001000000	10	100	0	0.431279
2513000	-1.0000000000	0.0010000000	0.0001000000	10	100	0	0.431279
2514000	-1.0000000000	0.0010000000	0.0001000000	10	100	0	0.431279
2515000	-1.0000000000	0.0010000000	0.0001000000	10	100	0	0.431279
2516000	-1.0000000000	0.0010000000	0.0001000000	10	100	0	0.431279
2517000	-1.0000000000	0.0010000000	0.0001000000	10	100	0	0.431279
2518000	-1.0000000000	0.0010000000	0.0001000000	10	100	0	0.431279
2519000	-1.0000000000	0.0010000000	0.0001000000	10	100	0	0.431279
2520000	-1.0000000000	0.0010000000	0.0001000000	10	100	0	0.431279
2521000	-1.0000000000	0.0010000000	0.0001000000	10	100	0	0.431279
2522000	-1.0000000000	0.0010000000	0.0001000000	10	100	0	0.431279
2523000	-1.0000000000	0.0010000000	0.0001000000	10	100	0	0.456576
2524000	-1.0000000000	0.0010000000	0.0001000000	10	100	0	0.456576
2525000	-1.0000000000	0.0010000000	0.0001000000	10	100	0	0.456576
2526000	-1.0000000000	0.0010000000	0.0001000000	10	100	0	0.456576
2527000	-1.0000000000	0.0010000000	0.0001000000	10	100	0	0.456576
2528000	-1.0000000000	0.0010000000	0.0001000000	10	100	0	0.456576
2529000	-1.0000000000	0.0010000000	0.0001000000	10	100	0	0.456576
2530000	-1.0000000000	0.0010000000	0.0001000000	10	100	0	0.456576
2531000	-1.0000000000	0.0010000000	0.0001000000	10	100	0	0.456576
2532000	-1.0000000000	0.0010000000	0.0001000000	10	100	0	0.456576
2533000	-1.0000000000	0.0010000000	0.0001000000	10	100	0	0.482391
2534000	-1.0000000000	0.0010000000	0.0001000000	10	100	0	0.482391
2535000	-1.0000000000	0.0010000000	0.0001000000	10	100	0	0.482391
2536000	-1.0000000000	0.0010000000	0.0001000000	10	100	0	0.482391
2537000	-1.0000000000	0.0010000000	0.0001000000	10	100	0	0.482391
2538000	-1.0000000000	0.0010000000	0.0001000000	10	100	0	0.482391
2539000	-1.0000000000	0.0010000000	0.0001000000	10	100	0	0.482391
2540000	-1.0000000000	0.0010000000	0.0001000000	10	100	0	0.482391
2541000	-1.0000000000	0.0010000000	0.0001000000	10	100	0	0.482391
2542000	-1.0000000000	0.0010000000	0.0001000000	10	100	0	0.482391
2543000	-1.0000000000	0.0010000000	0.0001000000	10	100	0	0.482391
2544000	-1.0000000000	0.0010000000	0.0001000000	10	100	0	0.482391
2545000	-1.0000000000	0.0010000000	0.0001000000	10	100	0	0.482391
2546000	-1.0000000000	0.0010000000	0.0001000000	10	100	0	0.508648
2547000	-1.0000000000	0.0010000000	0.0001000000	10	100	0	0.508648
2548000	-1.0000000000	0.0010000000	0.0001000000	10	100	0	0.508648
2549000	-1.0000000000	0.0010000000	0.0001000000	10	100	0	0.508648
2550000	-1.0000000000	0.0010000000	0.0001000000	10	100	0	0.508648
2551000	-1.0000000000	0.0010000000	0.0001000000	10	100	0	0.508648
2552000	-1.0000000000	0.0010000000	0.0001000000	10	100	0	0.508648
2553000	-1.0000000000	0.0010000000	0.0001000000	10	100	0	0.508648
2554000	-1.0000000000	0.0010000000	0.0001000000	10	100	0	0.508648
2555000	-1.0000000000	0.0010000000	0.0001000000	10	100	0	0.508648
2556000	-1.0000000000	0.0010000000	0.0001000000	10	100	0	0.508648
2557000	-1.0000000000	0.0010000000	0.0001000000	10	100	0	0.508648
2558000	-1.0000000000	0.0010000000	0.0001000000	10	100	0	0.508648
2559000	-1.0000000000	0.0010000000	0.0001000000	10	100	0	0.508648
2560000	-1.0000000000	0.0010000000	0.0001000000	10	100	0	0.508648
2561000	-1.0000000000	0.0010000000	0.0001000000	10	100	0	0.535261
2562000	-1.0000000000	0.0010000000	0.0001000000	10	100	0	0.535261
2563000	-1.0000000000	0.0010000000	0.0001000000	10	100	0	0.535261
2564000	-1.0000000000	0.0010000000	0.0001000000	10	100	0	0.535261
2565000	-1.0000000000	0.0010000000	0.0001000000	10	100	0	0.535261
2566000	-1.0000000000	0.0010000000	0.0001000000	10	100	0	0.535261
2567000	-1.0000000000	0.0010000000	0.0001000000	10	100	0	0.535261
2568000	-1.0000000000	0.0010000000	0.0001000000	10	100	0	0.535261
2569000	-1.0000000000	0.0010000000	0.0001000000	10	100	0	0.535261
2570000	-1.0000000000	0.0010000000	0.0001000000	10	100	0	0.535261
2571000	-1.0000000000	0.0010000000	0.0001000000	10	100	0	0.535261
2572000	-1.0000000000	0.0010000000	0.0001000000	10	100	0	0.508648
2573000	-1.0000000000	0.0010000000	0.0001000000	10	100	0	0.508648
2574000	-1.0000000000	0.0010000000	0.0001000000	10	100	0	0.508648
2575000	-1.0000000000	0.0010000000	0.0001000000	10	100	0	0.508648
2576000	-1.0000000000	0.0010000000	0.0001000000	10	100	0	0.508648
2577000	-1.0000000000	0.0010000000	0.0001000000	10	100	0	0.508648
2578000	-1.0000000000	0.0010000000	0.0001000000	10	100	0	0.508648
2579000	-1.0000000000	0.0010000000	0.0001000000	10	100	0	0.508648
2580000	-1.0000000000	0.0010000000	0.0001000000	10	100	0	0.508648
2581000	-1.0000000000	0.0010000000	0.0001000000	10	100	0	0.508648
2582000	-1.0000000000	0.0010000000	0.0001000000	10	100	0	0.508648
2583000	-1.0000000000	0.0010000000	0.0001000000	10	100	0	0.508648
2584000	-1.0000000000	0.0010000000	0.0001000000	10	100	0	0.508648
2585000	-1.0000000000	0.0010000000	0.0001000000	10	100	0	0.482391
2586000	-1.0000000000	0.0010000000	0.0001000000	10	100	0	0.482391
2587000	-1.0000000000	0.0010000000	0.0001000000	10	100	0	0.482391
2588000	-1.0000000000	0.0010000000	0.0001000000	10	100	0	0.482391
2589000	-1.0000000000	0.0010000000	0.0001000000	10	100	0	0.482391
2590000	-1.0000000000	0.0010000000	0.0001000000	10	100	0	0.456576
2591000	-1.0000000000	0.0010000000	0.0001000000	10	100	0	0.456576
2592000	-1.0000000000	0.0010000000	0.0001000000	10	100	0	0.456576
2593000	-1.0000000000	0.0010000000	0.0001000000	10	100	0	0.454046
2594000	-1.0000000000	0.0010000000	0.0001000000	10	100	0	0.456576
2595000	-1.0000000000	0.0010000000	0.0001000000	10	100	0	0.456576
2596000	-1.0000000000	0.0010000000	0.0001000000	10	100	0	0.456576
2597000	-1.0000000000	0.0010000000	0.0001000000	10	100	0	0.456576
2598000	-1.0000000000	0.0010000000	0.0001000000	10	100	0	0.456576
2599000	-1.0000000000	0.0010000000	0.0001000000	10	100	0	0.456576
2600000	-1.0000000000	0.0010000000	0.0001000000	10	100	0	0.456576
2601000	-1.0000000000	0.0010000000	0.0001000000	10	100	0	0.456576
2602000	-1.0000000000	0.0010000000	0.0001000000	10	100	0	0.456576
2603000	-1.0000000000	0.0010000000	0.0001000000	10	100	0	0.431279
2604000	-1.0000000000	0.0010000000	0.0001000000	10	100	0	0.431279
2605000	-1.0000000000	0.0010000000	0.0001000000	10	100	0	0.431279
2606000	-1.0000000000	0.0010000000	0.0001000000	10	100	0	0.431279
2607000	-1.0000000000	0.0010000000	0.0001000000	10	100	0	0.406570
2608000	-1.0000000000	0.0010000000	0.0001000000	10	100	0	0.406570
2609000	-1.0000000000	0.0010000000	0.0001000000	10	100	0	0.406570
2610000	-1.0000000000	0.0010000000	0.0001000000	10	100	0	0.406570
2611000	-1.0000000000	0.0010000000	0.0001000000	10	100	0	0.406570
2612000	-1.0000000000	0.0010000000	0.0001000000	10	100	0	0.406570
2613000	-1.0000000000	0.0010000000	0.0001000000	10	100	0	0.406570
2614000	-1.0000000000	0.0010000000	0.0001000000	10	100	0	0.406570
2615000	-1.0000000000	0.0010000000	0.0001000000	10	100	0	0.406570
2616000	-1.0000000000	0.0010000000	0.0001000000	10	100	0	0.406570
2617000	-1.0000000000	0.0010000000	0.0001000000	10	100	0	0.406570
2618000	-1.0000000000	0.0010000000	0.0001000000	10	100	0	0.406570
2619000	-1.0000000000	0.0010000000	0.0001000000	10	100	0	0.406570
2620000	-1.0000000000	0.0010000000	0.0001000000	10	100	0	0.382510
2621000	-1.0000000000	0.0010000000	0.0001000000	10	100	0	0.382510
2622000	-1.0000000000	0.0010000000	0.0001000000	10	100	0	0.382510
2623000	-1.0000000000	0.0010000000	0.0001000000	10	100	0	0.382510
2624000	-1.0000000000	0.0010000000	0.0001000000	10	100	0	0.382510
2625000	-1.0000000000	0.0010000000	0.0001000000	10	100	0	0.382510
2626000	-1.0000000000	0.0010000000	0.0001000000	10	100	0	0.382510
2627000	-1.0000000000	0.0010000000	0.0001000000	10	100	0	0.382510
2628000	-1.0000000000	0.0010000000	0.0001000000	10	100	0	0.382510
2629000	-1.0000000000	0.0010000000	0.0001000000	10	100	0	0.382510
2630000	-1.0000000000	0.0010000000	0.0001000000	10	100	0	0.382510
2631000	-1.0000000000	0.0010000000	0.0001000000	10	100	0	0.382510
2632000	-1.0000000000	0.0010000000	0.0001000000	10	100	0	0.382510
2633000	-1.0000000000	0.0010000000	0.0001000000	10	100	0	0.382510
2634000	-1.0000000000	0.0010000000	0.0001000000	10	100	0	0.382510
2635000	-1.0000000000	0.0010000000	0.0001000000	10	100	0	0.382510
2636000	-1.0000000000	0.0010000000	0.0001000000	10	100	0	0.382510
2637000	-1.0000000000	0.0010000000	0.0001000000	10	100	0	0.382510
2638000	-1.0000000000	0.0010000000	0.0001000000	10	100	0	0.382510
2639000	-1.0000000000	0.0010000000	0.0001000000	10	100	0	0.382510
2640000	-1.0000000000	0.0010000000	0.0001000000	10	100	0	0.382510
2641000	-1.0000000000	0.0010000000	0.0001000000	10	100	0	0.382510
2642000	-1.0000000000	0.0010000000	0.0001000000	10	100	0	0.382510
2643000	-1.0000000000	0.0010000000	0.0001000000	10	100	0	0.382510
2644000	-1.0000000000	0.0010000000	0.0001000000	10	100	0	0.382510
2645000	-1.0000000000	0.0010000000	0.0001000000	10	100	0	0.382510
2646000	-1.0000000000	0.0010000000	0.0001000000	10	100	0	0.382510
2647000	-1.0000000000	0.0010000000	0.0001000000	10	100	0	0.382510
2648000	-1.0000000000	0.0010000000	0.0001000000	10	100	0	0.382510
2649000	-1.0000000000	0.0010000000	0.0001000000	10	100	0	0.387322
2650000	-1.0000000000	0.0010000000	0.0001000000	10	100	0	0.382510
2651000	-1.0000000000	0.0010000000	0.0001000000	10	100	0	0.359155
2652000	-1.0000000000	0.0010000000	0.0001000000	10	100	0	0.359155
2653000	-1.0000000000	0.0010000000	0.0001000000	10	100	0	0.359155
2654000	-1.0000000000	0.0010000000	0.0001000000	10	100	0	0.359155
2655000	-1.0000000000	0.0010000000	0.0001000000	10	100	0	0.359155
2656000	-1.0000000000	0.0010000000	0.0001000000	10	100	0	0.359155
2657000	-1.0000000000	0.0010000000	0.0001000000	10	100	0	0.359155
2658000	-1.0000000000	0.0010000000	0.0001000000	10	100	0	0.359155
2659000	-1.0000000000	0.0010000000	0.0001000000	10	100	0	0.359155
2660000	-1.0000000000	0.0010000000	0.0001000000	10	100	0	0.359155
2661000	-1.0000000000	0.0010000000	0.0001000000	10	100	0	0.359155
2662000	-1.0000000000	0.0010000000	0.0001000000	10	100	0	0.359155
2663000	-1.0000000000	0.0010000000	0.0001000000	10	100	0	0.359155
2664000	-1.0000000000	0.0010000000	0.0001000000	10	100	0	0.382510
2665000	-1.0000000000	0.0010000000	0.0001000000	10	100	0	0.382510
2666000	-1.0000000000	0.0010000000	0.0001000000	10	100	0	0.382510
2667000	-1.0000000000	0.0010000000	0.0001000000	10	100	0	0.382510
2668000	-1.0000000000	0.0010000000	0.0001000000	10	100	0	0.406570
2669000	-1.0000000000	0.0010000000	0.0001000000	10	100	0	0.406570
2670000	-1.0000000000	0.0010000000	0.0001000000	10	100	0	0.406570
2671000	-1.0000000000	0.0010000000	0.0001000000	10	100	0	0.406570
2672000	-1.0000000000	0.0010000000	0.0001000000	10	100	0	0.406570
2673000	-1.0000000000	0.0010000000	0.0001000000	10	100	0	0.406570
2674000	-1.0000000000	0.0010000000	0.0001000000	10	100	0	0.406570
2675000	-1.0000000000	0.0010000000	0.0001000000	10	100	0	0.406570
2676000	-1.0000000000	0.0010000000	0.0001000000	10	100	0	0.406570
2677000	-1.0000000000	0.0010000000	0.0001000000	10	100	0	0.406570
2678000	-1.0000000000	0.0010000000	0.0001000000	10	100	0	0.406570
2679000	-1.0000000000	0.0010000000	0.0001000000	10	100	0	0.406570
2680000	-1.0000000000	0.0010000000	0.0001000000	10	100	0	0.406570
2681000	-1.0000000000	0.0010000000	0.0001000000	10	100	0	0.406570
2682000	-1.0000000000	0.0010000000	0.0001000000	10	100	0	0.406570
2683000	-1.0000000000	0.0010000000	0.0001000000	10	100	0	0.406570
2684000	-1.0000000000	0.0010000000	0.0001000000	10	100	0	0.382510
2685000	-1.0000000000	0.0010000000	0.0001000000	10	100	0	0.382510
2686000	-1.0000000000	0.0010000000	0.0001000000	10	100	0	0.382510
2687000	-1.0000000000	0.0010000000	0.0001000000	10	100	0	0.384916
2688000	-1.0000000000	0.0010000000	0.0001000000	10	100	0	0.382510
2689000	-1.0000000000	0.0010000000	0.0001000000	10	100	0	0.382510
2690000	-1.0000000000	0.0010000000	0.0001000000	10	100	0	0.359155
2691000	-1.0000000000	0.0010000000	0.0001000000	10	100	0	0.359155
2692000	-1.0000000000	0.0010000000	0.0001000000	10	100	0	0.359155
2693000	-1.0000000000	0.0010000000	0.0001000000	10	100	0	0.382510
2694000	-1.0000000000	0.0010000000	0.0001000000	10	100	0	0.382510
2695000	-1.0000000000	0.0010000000	0.0001000000	10	100	0	0.382510
2696000	-1.0000000000	0.0010000000	0.0001000000	10	100	0	0.406570
2697000	-1.0000000000	0.0010000000	0.0001000000	10	100	0	0.406570
2698000	-1.0000000000	0.0010000000	0.0001000000	10	100	0	0.406570
2699000	-1.0000000000	0.0010000000	0.0001000000	10	100	0	0.406570
2700000	-1.0000000000	0.0010000000	0.0001000000	10	100	0	0.406570
2701000	-1.0000000000	0.0010000000	0.0001000000	10	100	0	0.406570
2702000	-1.0000000000	0.0010000000	0.0001000000	10	100	0	0.406570
2703000	-1.0000000000	0.0010000000	0.0001000000	10	100	0	0.406570
2704000	-1.0000000000	0.0010000000	0.0001000000	10	100	0	0.406570
2705000	-1.0000000000	0.0010000000	0.0001000000	10	100	0	0.406570
2706000	-1.0000000000	0.0010000000	0.0001000000	10	100	0	0.406570
2707000	-1.0000000000	0.0010000000	0.0001000000	10	100	0	0.431279
2708000	-1.0000000000	0.0010000000	0.0001000000	10	100	0	0.431279
2709000	-1.0000000000	0.0010000000	0.0001000000	10	100	0	0.431279
2710000	-1.0000000000	0.0010000000	0.0001000000	10	100	0	0.431279
2711000	-1.0000000000	0.0010000000	0.0001000000	10	100	0	0.431279
2712000	-1.0000000000	0.0010000000	0.0001000000	10	100	0	0.431279
2713000	-1.0000000000	0.0010000000	0.0001000000	10	100	0	0.431279
2714000	-1.0000000000	0.0010000000	0.0001000000	10	100	0	0.431279
2715000	-1.0000000000	0.0010000000	0.0001000000	10	100	0	0.431279
2716000	-1.0000000000	0.0010000000	0.0001000000	10	100	0	0.456576
2717000	-1.0000000000	0.0010000000	0.0001000000	10	100	0	0.456576
2718000	-1.0000000000	0.0010000000	0.0001000000	10	100	0	0.456576
2719000	-1.0000000000	0.0010000000	0.0001000000	10	100	0	0.456576
2720000	-1.0000000000	0.0010000000	0.0001000000	10	100	0	0.456576
2721000	-1.0000000000	0.0010000000	0.0001000000	10	100	0	0.456576
2722000	-1.0000000000	0.0010000000	0.0001000000	10	100	0	0.456576
2723000	-1.0000000000	0.0010000000	0.0001000000	10	100	0	0.431279
2724000	-1.0000000000	0.0010000000	0.0001000000	10	100	0	0.431279
2725000	-1.0000000000	0.0010000000	0.0001000000	10	100	0	0.431279
2726000	-1.0000000000	0.0010000000	0.0001000000	10	100	0	0.431279
2727000	-1.0000000000	0.0010000000	0.0001000000	10	100	0	0.431279
2728000	-1.0000000000	0.0010000000	0.0001000000	10	100	0	0.431279
2729000	-1.0000000000	0.0010000000	0.0001000000	10	100	0	0.431279
2730000	-1.0000000000	0.0010000000	0.0001000000	10	100	0	0.431279
2731000	-1.0000000000	0.0010000000	0.0001000000	10	100	0	0.431279
2732000	-1.0000000000	0.0010000000	0.0001000000	10	100	0	0.431279
2733000	-1.0000000000	0.0010000000	0.0001000000	10	100	0	0.431279
2734000	-1.0000000000	0.0010000000	0.0001000000	10	100	0	0.431279
2735000	-1.0000000000	0.0010000000	0.0001000000	10	100	0	0.431279
2736000	-1.0000000000	0.0010000000	0.0001000000	10	100	0	0.431279
2737000	-1.0000000000	0.0010000000	0.0001000000	10	100	0	0.431279
2738000	-1.0000000000	0.0010000000	0.0001000000	10	100	0	0.431279
2739000	-1.0000000000	0.0010000000	0.0001000000	10	100	0	0.431279
2740000	-1.0000000000	0.0010000000	0.0001000000	10	100	0	0.456576
2741000	-1.0000000000	0.0010000000	0.0001000000	10	100	0	0.431279
2742000	-1.0000000000	0.0010000000	0.0001000000	10	100	0	0.431279
2743000	-1.0000000000	0.0010000000	0.0001000000	10	100	0	0.431279
2744000	-1.0000000000	0.0010000000	0.0001000000	10	100	0	0.431279
2745000	-1.0000000000	0.0010000000	0.0001000000	10	100	0	0.431279
2746000	-1.0000000000	0.0010000000	0.0001000000	10	100	0	0.431279
2747000	-1.0000000000	0.0010000000	0.0001000000	10	100	0	0.431279
2748000	-1.0000000000	0.0010000000	0.0001000000	10	100	0	0.431279
2749000	-1.0000000000	0.0010000000	0.0001000000	10	100	0	0.431279
2750000	-1.0000000000	0.0010000000	0.0001000000	10	100	0	0.431279
2751000	-1.0000000000	0.0010000000	0.0001000000	10	100	0	0.431279
2752000	-1.0000000000	0.0010000000	0.0001000000	10	100	0	0.406570
2753000	-1.0000000000	0.0010000000	0.0001000000	10	100	0	0.406570
2754000	-1.0000000000	0.0010000000	0.0001000000	10	100	0	0.406570
2755000	-1.0000000000	0.0010000000	0.0001000000	10	100	0	0.406570
2756000	-1.0000000000	0.0010000000	0.0001000000	10	100	0	0.406570
2757000	-1.0000000000	0.0010000000	0.0001000000	10	100	0	0.431279
2758000	-1.0000000000	0.0010000000	0.0001000000	10	100	0	0.431279
2759000	-1.0000000000	0.0010000000	0.0001000000	10	100	0	0.431279
2760000	-1.0000000000	0.0010000000	0.0001000000	10	100	0	0.431279
2761000	-1.0000000000	0.0010000000	0.0001000000	10	100	0	0.431279
2762000	-1.0000000000	0.0010000000	0.0001000000	10	100	0	0.431279
2763000	-1.0000000000	0.0010000000	0.0001000000	10	100	0	0.431279
2764000	-1.0000000000	0.0010000000	0.0001000000	10	100	0	0.431279
2765000	-1.0000000000	0.0010000000	0.0001000000	10	100	0	0.431279
2766000	-1.0000000000	0.0010000000	0.0001000000	10	100	0	0.431279
2767000	-1.0000000000	0.0010000000	0.0001000000	10	100	0	0.431279
2768000	-1.0000000000	0.0010000000	0.0001000000	10	100	0	0.456576
2769000	-1.0000000000	0.0010000000	0.0001000000	10	100	0	0.456576
2770000	-1.0000000000	0.0010000000	0.0001000000	10	100	0	0.456576
2771000	-1.0000000000	0.0010000000	0.0001000000	10	100	0	0.456576
2772000	-1.0000000000	0.0010000000	0.0001000000	10	100	0	0.456576
2773000	-1.0000000000	0.0010000000	0.0001000000	10	100	0	0.431279
2774000	-1.0000000000	0.0010000000	0.0001000000	10	100	0	0.431279
2775000	-1.0000000000	0.0010000000	0.0001000000	10	100	0	0.431279
2776000	-1.0000000000	0.0010000000	0.0001000000	10	100	0	0.431279
2777000	-1.0000000000	0.0010000000	0.0001000000	10	100	0	0.431279
2778000	-1.0000000000	0.0010000000	0.0001000000	10	100	0	0.431279
2779000	-1.0000000000	0.0010000000	0.0001000000	10	100	0	0.456576
2780000	-1.0000000000	0.0010000000	0.0001000000	10	100	0	0.456576
2781000	-1.0000000000	0.0010000000	0.0001000000	10	100	0	0.456576
2782000	-1.0000000000	0.0010000000	0.0001000000	10	100	0	0.456576
2783000	-1.0000000000	0.0010000000	0.0001000000	10	100	0	0.456576
2784000	-1.0000000000	0.0010000000	0.0001000000	10	100	0	0.456576
2785000	-1.0000000000	0.0010000000	0.0001000000	10	100	0	0.456576
2786000	-1.0000000000	0.0010000000	0.0001000000	10	100	0	0.456576
2787000	-1.0000000000	0.0010000000	0.0001000000	10	100	0	0.456576
2788000	-1.0000000000	0.0010000000	0.0001000000	10	100	0	0.456576
2789000	-1.0000000000	0.0010000000	0.0001000000	10	100	0	0.456576
2790000	-1.0000000000	0.0010000000	0.0001000000	10	100	0	0.456576
2791000	-1.0000000000	0.0010000000	0.0001000000	10	100	0	0.456576
2792000	-1.0000000000	0.0010000000	0.0001000000	10	100	0	0.456576
2793000	-1.0000000000	0.0010000000	0.0001000000	10	100	0	0.456576
2794000	-1.0000000000	0.0010000000	0.0001000000	10	100	0	0.456576
2795000	-1.0000000000	0.0010000000	0.0001000000	10	100	0	0.456576
2796000	-1.0000000000	0.0010000000	0.0001000000	10	100	0	0.456576
2797000	-1.0000000000	0.0010000000	0.0001000000	10	100	0	0.456576
2798000	-1.0000000000	0.0010000000	0.0001000000	10	100	0	0.456576
2799000	-1.0000000000	0.0010000000	0.0001000000	10	100	0	0.456576
2800000	-1.0000000000	0.0010000000	0.0001000000	10	100	0	0.456576
2801000	-1.0000000000	0.0010000000	0.0001000000	10	100	0	0.456576
2802000	-1.0000000000	0.0010000000	0.0001000000	10	100	0	0.456576
2803000	-1.0000000000	0.0010000000	0.0001000000	10	100	0	0.456576
2804000	-1.0000000000	0.0010000000	0.0001000000	10	100	0	0.456576
2805000	-1.0000000000	0.0010000000	0.0001000000	10	100	0	0.456576
2806000	-1.0000000000	0.0010000000	0.0001000000	10	100	0	0.456576
2807000	-1.0000000000	0.0010000000	0.0001000000	10	100	0	0.456576
2808000	-1.0000000000	0.0010000000	0.0001000000	10	100	0	0.456576
2809000	-1.0000000000	0.0010000000	0.0001000000	10	100	0	0.456576
2810000	-1.0000000000	0.0010000000	0.0001000000	10	100	0	0.456576
2811000	-1.0000000000	0.0010000000	0.0001000000	10	100	0	0.482391
2812000	-1.0000000000	0.0010000000	0.0001000000	10	100	0	0.482391
2813000	-1.0000000000	0.0010000000	0.0001000000	10	100	0	0.482391
2814000	-1.0000000000	0.0010000000	0.0001000000	10	100	0	0.482391
2815000	-1.0000000000	0.0010000000	0.0001000000	10	100	0	0.482391
2816000	-1.0000000000	0.0010000000	0.0001000000	10	100	0	0.482391
2817000	-1.0000000000	0.0010000000	0.0001000000	10	100	0	0.482391
2818000	-1.0000000000	0.0010000000	0.0001000000	10	100	0	0.482391
2819000	-1.0000000000	0.0010000000	0.0001000000	10	100	0	0.482391
2820000	-1.0000000000	0.0010000000	0.0001000000	10	100	0	0.482391
2821000	-1.0000000000	0.0010000000	0.0001000000	10	100	0	0.482391
2822000	-1.0000000000	0.0010000000	0.0001000000	10	100	0	0.482391
2823000	-1.0000000000	0.0010000000	0.0001000000	10	100	0	0.482391
2824000	-1.0000000000	0.0010000000	0.0001000000	10	100	0	0.482391
2825000	-1.0000000000	0.0010000000	0.0001000000	10	100	0	0.482391
2826000	-1.0000000000	0.0010000000	0.0001000000	10	100	0	0.482391
2827000	-1.0000000000	0.0010000000	0.0001000000	10	100	0	0.482391
2828000	-1.0000000000	0.0010000000	0.0001000000	10	100	0	0.482391
2829000	-1.0000000000	0.0010000000	0.0001000000	10	100	0	0.482391
2830000	-1.0000000000	0.0010000000	0.0001000000	10	100	0	0.482391
2831000	-1.0000000000	0.0010000000	0.0001000000	10	100	0	0.482391
2832000	-1.0000000000	0.0010000000	0.0001000000	10	100	0	0.482391
2833000	-1.0000000000	0.0010000000	0.0001000000	10	100	0	0.482391
2834000	-1.0000000000	0.0010000000	0.0001000000	10	100	0	0.482391
2835000	-1.0000000000	0.0010000000	0.0001000000	10	100	0	0.482391
2836000	-1.0000000000	0.0010000000	0.0001000000	10	100	0	0.482391
2837000	-1.0000000000	0.0010000000	0.0001000000	10	100	0	0.508648
2838000	-1.0000000000	0.0010000000	0.0001000000	10	100	0	0.508648
2839000	-1.0000000000	0.0010000000	0.0001000000	10	100	0	0.508648
2840000	-1.0000000000	0.0010000000	0.0001000000	10	100	0	0.508648
2841000	-1.0000000000	0.0010000000	0.0001000000	10	100	0	0.508648
2842000	-1.0000000000	0.0010000000	0.0001000000	10	100	0	0.508648
2843000	-1.0000000000	0.0010000000	0.0001000000	10	100	0	0.508648
2844000	-1.0000000000	0.0010000000	0.0001000000	10	100	0	0.508648
2845000	-1.0000000000	0.0010000000	0.0001000000	10	100	0	0.508648
2846000	-1.0000000000	0.0010000000	0.0001000000	10	100	0	0.482391
2847000	-1.0000000000	0.0010000000	0.0001000000	10	100	0	0.482391
2848000	-1.0000000000	0.0010000000	0.0001000000	10	100	0	0.482391
2849000	-1.0000000000	0.0010000000	0.0001000000	10	100	0	0.482391
2850000	-1.0000000000	0.0010000000	0.0001000000	10	100	0	0.482391
2851000	-1.0000000000	0.0010000000	0.0001000000	10	100	0	0.482391
2852000	-1.0000000000	0.0010000000	0.0001000000	10	100	0	0.482391
2853000	-1.0000000000	0.0010000000	0.0001000000	10	100	0	0.482391
2854000	-1.0000000000	0.0010000000	0.0001000000	10	100	0	0.535261
2855000	-1.0000000000	0.0010000000	0.0001000000	10	100	0	0.535261
2856000	-1.0000000000	0.0010000000	0.0001000000	10	100	0	0.562142
2857000	-1.0000000000	0.0010000000	0.0001000000	10	100	0	0.562142
2858000	-1.0000000000	0.0010000000	0.0001000000	10	100	0	0.562142
2859000	-1.0000000000	0.0010000000	0.0001000000	10	100	0	0.562142
2860000	-1.0000000000	0.0010000000	0.0001000000	10	100	0	0.562142
2861000	-1.0000000000	0.0010000000	0.0001000000	10	100	0	0.562142
2862000	-1.0000000000	0.0010000000	0.0001000000	10	100	0	0.562142
2863000	-1.0000000000	0.0010000000	0.0001000000	10	100	0	0.562142
2864000	-1.0000000000	0.0010000000	0.0001000000	10	100	0	0.562142
2865000	-1.0000000000	0.0010000000	0.0001000000	10	100	0	0.562142
2866000	-1.0000000000	0.0010000000	0.0001000000	10	100	0	0.562142
2867000	-1.0000000000	0.0010000000	0.0001000000	10	100	0	0.562142
2868000	-1.0000000000	0.0010000000	0.0001000000	10	100	0	0.562142
2869000	-1.0000000000	0.0010000000	0.0001000000	10	100	0	0.562142
2870000	-1.0000000000	0.0010000000	0.0001000000	10	100	0	0.562142
2871000	-1.0000000000	0.0010000000	0.0001000000	10	100	0	0.562142
2872000	-1.0000000000	0.0010000000	0.0001000000	10	100	0	0.562142
2873000	-1.0000000000	0.0010000000	0.0001000000	10	100	0	0.562142
2874000	-1.0000000000	0.0010000000	0.0001000000	10	100	0	0.562142
2875000	-1.0000000000	0.0010000000	0.0001000000	10	100	0	0.535261
2876000	-1.0000000000	0.0010000000	0.0001000000	10	100	0	0.535261
2877000	-1.0000000000	0.0010000000	0.0001000000	10	100	0	0.535261
2878000	-1.0000000000	0.0010000000	0.0001000000	10	100	0	0.535261
2879000	-1.0000000000	0.0010000000	0.0001000000	10	100	0	0.535261
2880000	-1.0000000000	0.0010000000	0.0001000000	10	100	0	0.535261
2881000	-1.0000000000	0.0010000000	0.0001000000	10	100	0	0.535261
2882000	-1.0000000000	0.0010000000	0.0001000000	10	100	0	0.535261
2883000	-1.0000000000	0.0010000000	0.0001000000	10	100	0	0.535261
2884000	-1.0000000000	0.0010000000	0.0001000000	10	100	0	0.535261
2885000	-1.0000000000	0.0010000000	0.0001000000	10	100	0	0.508648
2886000	-1.0000000000	0.0010000000	0.0001000000	10	100	0	0.508648
2887000	-1.0000000000	0.0010000000	0.0001000000	10	100	0	0.508648
2888000	-1.0000000000	0.0010000000	0.0001000000	10	100	0	0.508648
2889000	-1.0000000000	0.0010000000	0.0001000000	10	100	0	0.508648
2890000	-1.0000000000	0.0010000000	0.0001000000	10	100	0	0.508648
2891000	-1.0000000000	0.0010000000	0.0001000000	10	100	0	0.508648
2892000	-1.0000000000	0.0010000000	0.0001000000	10	100	0	0.508648
2893000	-1.0000000000	0.0010000000	0.0001000000	10	100	0	0.508648
2894000	-1.0000000000	0.0010000000	0.0001000000	10	100	0	0.508648
2895000	-1.0000000000	0.0010000000	0.0001000000	10	100	0	0.508648
2896000	-1.0000000000	0.0010000000	0.0001000000	10	100	0	0.508648
2897000	-1.0000000000	0.0010000000	0.0001000000	10	100	0	0.508648
2898000	-1.0000000000	0.0010000000	0.0001000000	10	100	0	0.508648
2899000	-1.0000000000	0.0010000000	0.0001000000	10	100	0	0.508648
2900000	-1.0000000000	0.0010000000	0.0001000000	10	100	0	0.535261
2901000	-1.0000000000	0.0010000000	0.0001000000	10	100	0	0.535261
2902000	-1.0000000000	0.0010000000	0.0001000000	10	100	0	0.535261
2903000	-1.0000000000	0.0010000000	0.0001000000	10	100	0	0.535261
2904000	-1.0000000000	0.0010000000	0.0001000000	10	100	0	0.535261
2905000	-1.0000000000	0.0010000000	0.0001000000	10	100	0	0.535261
2906000	-1.0000000000	0.0010000000	0.0001000000	10	100	0	0.513970
2907000	-1.0000000000	0.0010000000	0.0001000000	10	100	0	0.508648
2908000	-1.0000000000	0.0010000000	0.0001000000	10	100	0	0.508648
2909000	-1.0000000000	0.0010000000	0.0001000000	10	100	0	0.508648
2910000	-1.0000000000	0.0010000000	0.0001000000	10	100	0	0.508648
2911000	-1.0000000000	0.0010000000	0.0001000000	10	100	0	0.508648
2912000	-1.0000000000	0.0010000000	0.0001000000	10	100	0	0.508648
2913000	-1.0000000000	0.0010000000	0.0001000000	10	100	0	0.508648
2914000	-1.0000000000	0.0010000000	0.0001000000	10	100	0	0.482391
2915000	-1.0000000000	0.0010000000	0.0001000000	10	100	0	0.482391
2916000	-1.0000000000	0.0010000000	0.0001000000	10	100	0	0.482391
2917000	-1.0000000000	0.0010000000	0.0001000000	10	100	0	0.482391
2918000	-1.0000000000	0.0010000000	0.0001000000	10	100	0	0.482391
2919000	-1.0000000000	0.0010000000	0.0001000000	10	100	0	0.482391
2920000	-1.0000000000	0.0010000000	0.0001000000	10	100	0	0.482391
2921000	-1.0000000000	0.0010000000	0.0001000000	10	100	0	0.482391
2922000	-1.0000000000	0.0010000000	0.0001000000	10	100	0	0.508648
2923000	-1.0000000000	0.0010000000	0.0001000000	10	100	0	0.508648
2924000	-1.0000000000	0.0010000000	0.0001000000	10	100	0	0.508648
2925000	-1.0000000000	0.0010000000	0.0001000000	10	100	0	0.535261
2926000	-1.0000000000	0.0010000000	0.0001000000	10	100	0	0.535261
2927000	-1.0000000000	0.0010000000	0.0001000000	10	100	0	0.535261
2928000	-1.0000000000	0.0010000000	0.0001000000	10	100	0	0.535261
2929000	-1.0000000000	0.0010000000	0.0001000000	10	100	0	0.535261
2930000	-1.0000000000	0.0010000000	0.0001000000	10	100	0	0.535261
2931000	-1.0000000000	0.0010000000	0.0001000000	10	100	0	0.535261
2932000	-1.0000000000	0.0010000000	0.0001000000	10	100	0	0.535261
2933000	-1.0000000000	0.0010000000	0.0001000000	10	100	0	0.535261
2934000	-1.0000000000	0.0010000000	0.0001000000	10	100	0	0.535261
2935000	-1.0000000000	0.0010000000	0.0001000000	10	100	0	0.535261
2936000	-1.0000000000	0.0010000000	0.0001000000	10	100	0	0.535261
2937000	-1.0000000000	0.0010000000	0.0001000000	10	100	0	0.535261
2938000	-1.0000000000	0.0010000000	0.0001000000	10	100	0	0.535261
2939000	-1.0000000000	0.0010000000	0.0001000000	10	100	0	0.535261
2940000	-1.0000000000	0.0010000000	0.0001000000	10	100	0	0.535261
2941000	-1.0000000000	0.0010000000	0.0001000000	10	100	0	0.535261
2942000	-1.0000000000	0.0010000000	0.0001000000	10	100	0	0.535261
2943000	-1.0000000000	0.0010000000	0.0001000000	10	100	0	0.535261
2944000	-1.0000000000	0.0010000000	0.0001000000	10	100	0	0.535261
2945000	-1.0000000000	0.0010000000	0.0001000000	10	100	0	0.535261
2946000	-1.0000000000	0.0010000000	0.0001000000	10	100	0	0.535261
2947000	-1.0000000000	0.0010000000	0.0001000000	10	100	0	0.535261
2948000	-1.0000000000	0.0010000000	0.0001000000	10	100	0	0.562142
2949000	-1.0000000000	0.0010000000	0.0001000000	10	100	0	0.562142
2950000	-1.0000000000	0.0010000000	0.0001000000	10	100	0	0.562142
2951000	-1.0000000000	0.0010000000	0.0001000000	10	100	0	0.562142
2952000	-1.0000000000	0.0010000000	0.0001000000	10	100	0	0.562142
2953000	-1.0000000000	0.0010000000	0.0001000000	10	100	0	0.562142
2954000	-1.0000000000	0.0010000000	0.0001000000	10	100	0	0.562142
2955000	-1.0000000000	0.0010000000	0.0001000000	10	100	0	0.589194
2956000	-1.0000000000	0.0010000000	0.0001000000	10	100	0	0.589194
2957000	-1.0000000000	0.0010000000	0.0001000000	10	100	0	0.589194
2958000	-1.0000000000	0.0010000000	0.0001000000	10	100	0	0.589194
2959000	-1.0000000000	0.0010000000	0.0001000000	10	100	0	0.589194
2960000	-1.0000000000	0.0010000000	0.0001000000	10	100	0	0.589194
2961000	-1.0000000000	0.0010000000	0.0001000000	10	100	0	0.589194
2962000	-1.0000000000	0.0010000000	0.0001000000	10	100	0	0.589194
2963000	-1.0000000000	0.0010000000	0.0001000000	10	100	0	0.589194
2964000	-1.0000000000	0.0010000000	0.0001000000	10	100	0	0.589194
2965000	-1.0000000000	0.0010000000	0.0001000000	10	100	0	0.589194
2966000	-1.0000000000	0.0010000000	0.0001000000	10	100	0	0.589194
2967000	-1.0000000000	0.0010000000	0.0001000000	10	100	0	0.589194
2968000	-1.0000000000	0.0010000000	0.0001000000	10	100	0	0.589194
2969000	-1.0000000000	0.0010000000	0.0001000000	10	100	0	0.589194
2970000	-1.0000000000	0.0010000000	0.0001000000	10	100	0	0.589194
2971000	-1.0000000000	0.0010000000	0.0001000000	10	100	0	0.589194
2972000	-1.0000000000	0.0010000000	0.0001000000	10	100	0	0.589194
2973000	-1.0000000000	0.0010000000	0.0001000000	10	100	0	0.589194
2974000	-1.0000000000	0.0010000000	0.0001000000	10	100	0	0.589194
2975000	-1.0000000000	0.0010000000	0.0001000000	10	100	0	0.589194
2976000	-1.0000000000	0.0010000000	0.0001000000	10	100	0	0.589194
2977000	-1.0000000000	0.0010000000	0.0001000000	10	100	0	0.589194
2978000	-1.0000000000	0.0010000000	0.0001000000	10	100	0	0.589194
2979000	-1.0000000000	0.0010000000	0.0001000000	10	100	0	0.589194
2980000	-1.0000000000	0.0010000000	0.0001000000	10	100	0	0.589194
2981000	-1.0000000000	0.0010000000	0.0001000000	10	100	0	0.589194
2982000	-1.0000000000	0.0010000000	0.0001000000	10	100	0	0.562142
2983000	-1.0000000000	0.0010000000	0.0001000000	10	100	0	0.562142
2984000	-1.0000000000	0.0010000000	0.0001000000	10	100	0	0.562142
2985000	-1.0000000000	0.0010000000	0.0001000000	10	100	0	0.562142
2986000	-1.0000000000	0.0010000000	0.0001000000	10	100	0	0.562142
2987000	-1.0000000000	0.0010000000	0.0001000000	10	100	0	0.562142
2988000	-1.0000000000	0.0010000000	0.0001000000	10	100	0	0.562142
2989000	-1.0000000000	0.0010000000	0.0001000000	10	100	0	0.562142
2990000	-1.0000000000	0.0010000000	0.0001000000	10	100	0	0.562142
2991000	-1.0000000000	0.0010000000	0.0001000000	10	100	0	0.562142
2992000	-1.0000000000	0.0010000000	0.0001000000	10	100	0	0.562142
2993000	-1.0000000000	0.0010000000	0.0001000000	10	100	0	0.562142
2994000	-1.0000000000	0.0010000000	0.0001000000	10	100	0	0.562142
2995000	-1.0000000000	0.0010000000	0.0001000000	10	100	0	0.562142
2996000	-1.0000000000	0.0010000000	0.0001000000	10	100	0	0.562142
2997000	-1.0000000000	0.0010000000	0.0001000000	10	100	0	0.562142
2998000	-1.0000000000	0.0010000000	0.0001000000	10	100	0	0.562142
2999000	-1.0000000000	0.0010000000	0.0001000000	10	100	0	0.562142
3000000	-1.0000000000	0.0010000000	0.0001000000	10	100	0	0.562142
