time	epistasis_coef	sel_coef	mu_prob	Ne	L	k_start	mean_fitness
2000000	-0.4000000000	0.0001000000	0.0010000000	10	100	0	0.975058
2001000	-0.4000000000	0.0001000000	0.0010000000	10	100	0	0.976375
2002000	-0.4000000000	0.0001000000	0.0010000000	10	100	0	0.976375
2003000	-0.4000000000	0.0001000000	0.0010000000	10	100	0	0.976375
2004000	-0.4000000000	0.0001000000	0.0010000000	10	100	0	0.976375
2005000	-0.4000000000	0.0001000000	0.0010000000	10	100	0	0.977026
2006000	-0.4000000000	0.0001000000	0.0010000000	10	100	0	0.976440
2007000	-0.4000000000	0.0001000000	0.0010000000	10	100	0	0.977026
2008000	-0.4000000000	0.0001000000	0.0010000000	10	100	0	0.977026
2009000	-0.4000000000	0.0001000000	0.0010000000	10	100	0	0.978314
2010000	-0.4000000000	0.0001000000	0.0010000000	10	100	0	0.978950
2011000	-0.4000000000	0.0001000000	0.0010000000	10	100	0	0.979581
2012000	-0.4000000000	0.0001000000	0.0010000000	10	100	0	0.978886
2013000	-0.4000000000	0.0001000000	0.0010000000	10	100	0	0.979707
2014000	-0.4000000000	0.0001000000	0.0010000000	10	100	0	0.978950
2015000	-0.4000000000	0.0001000000	0.0010000000	10	100	0	0.978950
2016000	-0.4000000000	0.0001000000	0.0010000000	10	100	0	0.979581
2017000	-0.4000000000	0.0001000000	0.0010000000	10	100	0	0.979581
2018000	-0.4000000000	0.0001000000	0.0010000000	10	100	0	0.978314
2019000	-0.4000000000	0.0001000000	0.0010000000	10	100	0	0.977672
2020000	-0.4000000000	0.0001000000	0.0010000000	10	100	0	0.976375
2021000	-0.4000000000	0.0001000000	0.0010000000	10	100	0	0.975719
2022000	-0.4000000000	0.0001000000	0.0010000000	10	100	0	0.975719
2023000	-0.4000000000	0.0001000000	0.0010000000	10	100	0	0.975719
2024000	-0.4000000000	0.0001000000	0.0010000000	10	100	0	0.975719
2025000	-0.4000000000	0.0001000000	0.0010000000	10	100	0	0.975719
2026000	-0.4000000000	0.0001000000	0.0010000000	10	100	0	0.974393
2027000	-0.4000000000	0.0001000000	0.0010000000	10	100	0	0.974393
2028000	-0.4000000000	0.0001000000	0.0010000000	10	100	0	0.973723
2029000	-0.4000000000	0.0001000000	0.0010000000	10	100	0	0.972980
2030000	-0.4000000000	0.0001000000	0.0010000000	10	100	0	0.972369
2031000	-0.4000000000	0.0001000000	0.0010000000	10	100	0	0.972301
2032000	-0.4000000000	0.0001000000	0.0010000000	10	100	0	0.972369
2033000	-0.4000000000	0.0001000000	0.0010000000	10	100	0	0.973723
2034000	-0.4000000000	0.0001000000	0.0010000000	10	100	0	0.974393
2035000	-0.4000000000	0.0001000000	0.0010000000	10	100	0	0.975058
2036000	-0.4000000000	0.0001000000	0.0010000000	10	100	0	0.975058
2037000	-0.4000000000	0.0001000000	0.0010000000	10	100	0	0.974991
2038000	-0.4000000000	0.0001000000	0.0010000000	10	100	0	0.974393
2039000	-0.4000000000	0.0001000000	0.0010000000	10	100	0	0.975058
2040000	-0.4000000000	0.0001000000	0.0010000000	10	100	0	0.976375
2041000	-0.4000000000	0.0001000000	0.0010000000	10	100	0	0.976375
2042000	-0.4000000000	0.0001000000	0.0010000000	10	100	0	0.975719
2043000	-0.4000000000	0.0001000000	0.0010000000	10	100	0	0.975719
2044000	-0.4000000000	0.0001000000	0.0010000000	10	100	0	0.976375
2045000	-0.4000000000	0.0001000000	0.0010000000	10	100	0	0.976375
2046000	-0.4000000000	0.0001000000	0.0010000000	10	100	0	0.977026
2047000	-0.4000000000	0.0001000000	0.0010000000	10	100	0	0.977026
2048000	-0.4000000000	0.0001000000	0.0010000000	10	100	0	0.977672
2049000	-0.4000000000	0.0001000000	0.0010000000	10	100	0	0.977672
2050000	-0.4000000000	0.0001000000	0.0010000000	10	100	0	0.977672
2051000	-0.4000000000	0.0001000000	0.0010000000	10	100	0	0.976375
2052000	-0.4000000000	0.0001000000	0.0010000000	10	100	0	0.977026
2053000	-0.4000000000	0.0001000000	0.0010000000	10	100	0	0.977672
2054000	-0.4000000000	0.0001000000	0.0010000000	10	100	0	0.977672
2055000	-0.4000000000	0.0001000000	0.0010000000	10	100	0	0.977672
2056000	-0.4000000000	0.0001000000	0.0010000000	10	100	0	0.977672
2057000	-0.4000000000	0.0001000000	0.0010000000	10	100	0	0.977026
2058000	-0.4000000000	0.0001000000	0.0010000000	10	100	0	0.977026
2059000	-0.4000000000	0.0001000000	0.0010000000	10	100	0	0.977672
2060000	-0.4000000000	0.0001000000	0.0010000000	10	100	0	0.977026
2061000	-0.4000000000	0.0001000000	0.0010000000	10	100	0	0.975719
2062000	-0.4000000000	0.0001000000	0.0010000000	10	100	0	0.975719
2063000	-0.4000000000	0.0001000000	0.0010000000	10	100	0	0.975719
2064000	-0.4000000000	0.0001000000	0.0010000000	10	100	0	0.976375
2065000	-0.4000000000	0.0001000000	0.0010000000	10	100	0	0.975719
2066000	-0.4000000000	0.0001000000	0.0010000000	10	100	0	0.975719
2067000	-0.4000000000	0.0001000000	0.0010000000	10	100	0	0.975719
2068000	-0.4000000000	0.0001000000	0.0010000000	10	100	0	0.975719
2069000	-0.4000000000	0.0001000000	0.0010000000	10	100	0	0.975719
2070000	-0.4000000000	0.0001000000	0.0010000000	10	100	0	0.976375
2071000	-0.4000000000	0.0001000000	0.0010000000	10	100	0	0.975719
2072000	-0.4000000000	0.0001000000	0.0010000000	10	100	0	0.975719
2073000	-0.4000000000	0.0001000000	0.0010000000	10	100	0	0.976047
2074000	-0.4000000000	0.0001000000	0.0010000000	10	100	0	0.977026
2075000	-0.4000000000	0.0001000000	0.0010000000	10	100	0	0.976375
2076000	-0.4000000000	0.0001000000	0.0010000000	10	100	0	0.976375
2077000	-0.4000000000	0.0001000000	0.0010000000	10	100	0	0.977026
2078000	-0.4000000000	0.0001000000	0.0010000000	10	100	0	0.975719
2079000	-0.4000000000	0.0001000000	0.0010000000	10	100	0	0.975719
2080000	-0.4000000000	0.0001000000	0.0010000000	10	100	0	0.976375
2081000	-0.4000000000	0.0001000000	0.0010000000	10	100	0	0.977026
2082000	-0.4000000000	0.0001000000	0.0010000000	10	100	0	0.977026
2083000	-0.4000000000	0.0001000000	0.0010000000	10	100	0	0.977026
2084000	-0.4000000000	0.0001000000	0.0010000000	10	100	0	0.977026
2085000	-0.4000000000	0.0001000000	0.0010000000	10	100	0	0.977672
2086000	-0.4000000000	0.0001000000	0.0010000000	10	100	0	0.977026
2087000	-0.4000000000	0.0001000000	0.0010000000	10	100	0	0.977672
2088000	-0.4000000000	0.0001000000	0.0010000000	10	100	0	0.976375
2089000	-0.4000000000	0.0001000000	0.0010000000	10	100	0	0.976375
2090000	-0.4000000000	0.0001000000	0.0010000000	10	100	0	0.975784
2091000	-0.4000000000	0.0001000000	0.0010000000	10	100	0	0.975719
2092000	-0.4000000000	0.0001000000	0.0010000000	10	100	0	0.975719
2093000	-0.4000000000	0.0001000000	0.0010000000	10	100	0	0.975058
2094000	-0.4000000000	0.0001000000	0.0010000000	10	100	0	0.975058
2095000	-0.4000000000	0.0001000000	0.0010000000	10	100	0	0.974526
2096000	-0.4000000000	0.0001000000	0.0010000000	10	100	0	0.975719
2097000	-0.4000000000	0.0001000000	0.0010000000	10	100	0	0.975719
2098000	-0.4000000000	0.0001000000	0.0010000000	10	100	0	0.975719
2099000	-0.4000000000	0.0001000000	0.0010000000	10	100	0	0.976375
2100000	-0.4000000000	0.0001000000	0.0010000000	10	100	0	0.976375
2101000	-0.4000000000	0.0001000000	0.0010000000	10	100	0	0.977026
2102000	-0.4000000000	0.0001000000	0.0010000000	10	100	0	0.977026
2103000	-0.4000000000	0.0001000000	0.0010000000	10	100	0	0.976375
2104000	-0.4000000000	0.0001000000	0.0010000000	10	100	0	0.976375
2105000	-0.4000000000	0.0001000000	0.0010000000	10	100	0	0.975719
2106000	-0.4000000000	0.0001000000	0.0010000000	10	100	0	0.976375
2107000	-0.4000000000	0.0001000000	0.0010000000	10	100	0	0.976375
2108000	-0.4000000000	0.0001000000	0.0010000000	10	100	0	0.977026
2109000	-0.4000000000	0.0001000000	0.0010000000	10	100	0	0.977026
2110000	-0.4000000000	0.0001000000	0.0010000000	10	100	0	0.977026
2111000	-0.4000000000	0.0001000000	0.0010000000	10	100	0	0.977026
2112000	-0.4000000000	0.0001000000	0.0010000000	10	100	0	0.977026
2113000	-0.4000000000	0.0001000000	0.0010000000	10	100	0	0.977672
2114000	-0.4000000000	0.0001000000	0.0010000000	10	100	0	0.978950
2115000	-0.4000000000	0.0001000000	0.0010000000	10	100	0	0.980208
2116000	-0.4000000000	0.0001000000	0.0010000000	10	100	0	0.980828
2117000	-0.4000000000	0.0001000000	0.0010000000	10	100	0	0.980828
2118000	-0.4000000000	0.0001000000	0.0010000000	10	100	0	0.980456
2119000	-0.4000000000	0.0001000000	0.0010000000	10	100	0	0.980828
2120000	-0.4000000000	0.0001000000	0.0010000000	10	100	0	0.980208
2121000	-0.4000000000	0.0001000000	0.0010000000	10	100	0	0.980208
2122000	-0.4000000000	0.0001000000	0.0010000000	10	100	0	0.980208
2123000	-0.4000000000	0.0001000000	0.0010000000	10	100	0	0.980208
2124000	-0.4000000000	0.0001000000	0.0010000000	10	100	0	0.979581
2125000	-0.4000000000	0.0001000000	0.0010000000	10	100	0	0.979581
2126000	-0.4000000000	0.0001000000	0.0010000000	10	100	0	0.980208
2127000	-0.4000000000	0.0001000000	0.0010000000	10	100	0	0.980208
2128000	-0.4000000000	0.0001000000	0.0010000000	10	100	0	0.979581
2129000	-0.4000000000	0.0001000000	0.0010000000	10	100	0	0.979581
2130000	-0.4000000000	0.0001000000	0.0010000000	10	100	0	0.979581
2131000	-0.4000000000	0.0001000000	0.0010000000	10	100	0	0.980208
2132000	-0.4000000000	0.0001000000	0.0010000000	10	100	0	0.980208
2133000	-0.4000000000	0.0001000000	0.0010000000	10	100	0	0.980208
2134000	-0.4000000000	0.0001000000	0.0010000000	10	100	0	0.980208
2135000	-0.4000000000	0.0001000000	0.0010000000	10	100	0	0.978950
2136000	-0.4000000000	0.0001000000	0.0010000000	10	100	0	0.978314
2137000	-0.4000000000	0.0001000000	0.0010000000	10	100	0	0.977026
2138000	-0.4000000000	0.0001000000	0.0010000000	10	100	0	0.975058
2139000	-0.4000000000	0.0001000000	0.0010000000	10	100	0	0.974393
2140000	-0.4000000000	0.0001000000	0.0010000000	10	100	0	0.974393
2141000	-0.4000000000	0.0001000000	0.0010000000	10	100	0	0.973723
2142000	-0.4000000000	0.0001000000	0.0010000000	10	100	0	0.974393
2143000	-0.4000000000	0.0001000000	0.0010000000	10	100	0	0.974393
2144000	-0.4000000000	0.0001000000	0.0010000000	10	100	0	0.974393
2145000	-0.4000000000	0.0001000000	0.0010000000	10	100	0	0.974393
2146000	-0.4000000000	0.0001000000	0.0010000000	10	100	0	0.974393
2147000	-0.4000000000	0.0001000000	0.0010000000	10	100	0	0.974393
2148000	-0.4000000000	0.0001000000	0.0010000000	10	100	0	0.973723
2149000	-0.4000000000	0.0001000000	0.0010000000	10	100	0	0.973723
2150000	-0.4000000000	0.0001000000	0.0010000000	10	100	0	0.973723
2151000	-0.4000000000	0.0001000000	0.0010000000	10	100	0	0.973723
2152000	-0.4000000000	0.0001000000	0.0010000000	10	100	0	0.973723
2153000	-0.4000000000	0.0001000000	0.0010000000	10	100	0	0.975058
2154000	-0.4000000000	0.0001000000	0.0010000000	10	100	0	0.975058
2155000	-0.4000000000	0.0001000000	0.0010000000	10	100	0	0.975058
2156000	-0.4000000000	0.0001000000	0.0010000000	10	100	0	0.975058
2157000	-0.4000000000	0.0001000000	0.0010000000	10	100	0	0.975058
2158000	-0.4000000000	0.0001000000	0.0010000000	10	100	0	0.975058
2159000	-0.4000000000	0.0001000000	0.0010000000	10	100	0	0.975058
2160000	-0.4000000000	0.0001000000	0.0010000000	10	100	0	0.975719
2161000	-0.4000000000	0.0001000000	0.0010000000	10	100	0	0.975719
2162000	-0.4000000000	0.0001000000	0.0010000000	10	100	0	0.975719
2163000	-0.4000000000	0.0001000000	0.0010000000	10	100	0	0.975719
2164000	-0.4000000000	0.0001000000	0.0010000000	10	100	0	0.975719
2165000	-0.4000000000	0.0001000000	0.0010000000	10	100	0	0.976375
2166000	-0.4000000000	0.0001000000	0.0010000000	10	100	0	0.976375
2167000	-0.4000000000	0.0001000000	0.0010000000	10	100	0	0.976244
2168000	-0.4000000000	0.0001000000	0.0010000000	10	100	0	0.976375
2169000	-0.4000000000	0.0001000000	0.0010000000	10	100	0	0.976700
2170000	-0.4000000000	0.0001000000	0.0010000000	10	100	0	0.976375
2171000	-0.4000000000	0.0001000000	0.0010000000	10	100	0	0.976375
2172000	-0.4000000000	0.0001000000	0.0010000000	10	100	0	0.976375
2173000	-0.4000000000	0.0001000000	0.0010000000	10	100	0	0.977026
2174000	-0.4000000000	0.0001000000	0.0010000000	10	100	0	0.977026
2175000	-0.4000000000	0.0001000000	0.0010000000	10	100	0	0.978314
2176000	-0.4000000000	0.0001000000	0.0010000000	10	100	0	0.978314
2177000	-0.4000000000	0.0001000000	0.0010000000	10	100	0	0.978950
2178000	-0.4000000000	0.0001000000	0.0010000000	10	100	0	0.979581
2179000	-0.4000000000	0.0001000000	0.0010000000	10	100	0	0.978950
2180000	-0.4000000000	0.0001000000	0.0010000000	10	100	0	0.979581
2181000	-0.4000000000	0.0001000000	0.0010000000	10	100	0	0.979581
2182000	-0.4000000000	0.0001000000	0.0010000000	10	100	0	0.979581
2183000	-0.4000000000	0.0001000000	0.0010000000	10	100	0	0.979581
2184000	-0.4000000000	0.0001000000	0.0010000000	10	100	0	0.979581
2185000	-0.4000000000	0.0001000000	0.0010000000	10	100	0	0.980208
2186000	-0.4000000000	0.0001000000	0.0010000000	10	100	0	0.980828
2187000	-0.4000000000	0.0001000000	0.0010000000	10	100	0	0.980828
2188000	-0.4000000000	0.0001000000	0.0010000000	10	100	0	0.980208
2189000	-0.4000000000	0.0001000000	0.0010000000	10	100	0	0.979581
2190000	-0.4000000000	0.0001000000	0.0010000000	10	100	0	0.978314
2191000	-0.4000000000	0.0001000000	0.0010000000	10	100	0	0.977929
2192000	-0.4000000000	0.0001000000	0.0010000000	10	100	0	0.978314
2193000	-0.4000000000	0.0001000000	0.0010000000	10	100	0	0.978314
2194000	-0.4000000000	0.0001000000	0.0010000000	10	100	0	0.977672
2195000	-0.4000000000	0.0001000000	0.0010000000	10	100	0	0.978314
2196000	-0.4000000000	0.0001000000	0.0010000000	10	100	0	0.978950
2197000	-0.4000000000	0.0001000000	0.0010000000	10	100	0	0.978314
2198000	-0.4000000000	0.0001000000	0.0010000000	10	100	0	0.977672
2199000	-0.4000000000	0.0001000000	0.0010000000	10	100	0	0.976375
2200000	-0.4000000000	0.0001000000	0.0010000000	10	100	0	0.976375
2201000	-0.4000000000	0.0001000000	0.0010000000	10	100	0	0.976375
2202000	-0.4000000000	0.0001000000	0.0010000000	10	100	0	0.975719
2203000	-0.4000000000	0.0001000000	0.0010000000	10	100	0	0.975719
2204000	-0.4000000000	0.0001000000	0.0010000000	10	100	0	0.976375
2205000	-0.4000000000	0.0001000000	0.0010000000	10	100	0	0.976440
2206000	-0.4000000000	0.0001000000	0.0010000000	10	100	0	0.976375
2207000	-0.4000000000	0.0001000000	0.0010000000	10	100	0	0.975719
2208000	-0.4000000000	0.0001000000	0.0010000000	10	100	0	0.975058
2209000	-0.4000000000	0.0001000000	0.0010000000	10	100	0	0.975058
2210000	-0.4000000000	0.0001000000	0.0010000000	10	100	0	0.975058
2211000	-0.4000000000	0.0001000000	0.0010000000	10	100	0	0.975719
2212000	-0.4000000000	0.0001000000	0.0010000000	10	100	0	0.975719
2213000	-0.4000000000	0.0001000000	0.0010000000	10	100	0	0.974393
2214000	-0.4000000000	0.0001000000	0.0010000000	10	100	0	0.973723
2215000	-0.4000000000	0.0001000000	0.0010000000	10	100	0	0.975058
2216000	-0.4000000000	0.0001000000	0.0010000000	10	100	0	0.975719
2217000	-0.4000000000	0.0001000000	0.0010000000	10	100	0	0.977026
2218000	-0.4000000000	0.0001000000	0.0010000000	10	100	0	0.978314
2219000	-0.4000000000	0.0001000000	0.0010000000	10	100	0	0.978950
2220000	-0.4000000000	0.0001000000	0.0010000000	10	100	0	0.979581
2221000	-0.4000000000	0.0001000000	0.0010000000	10	100	0	0.978314
2222000	-0.4000000000	0.0001000000	0.0010000000	10	100	0	0.978314
2223000	-0.4000000000	0.0001000000	0.0010000000	10	100	0	0.978314
2224000	-0.4000000000	0.0001000000	0.0010000000	10	100	0	0.978314
2225000	-0.4000000000	0.0001000000	0.0010000000	10	100	0	0.978314
2226000	-0.4000000000	0.0001000000	0.0010000000	10	100	0	0.978314
2227000	-0.4000000000	0.0001000000	0.0010000000	10	100	0	0.978314
2228000	-0.4000000000	0.0001000000	0.0010000000	10	100	0	0.977672
2229000	-0.4000000000	0.0001000000	0.0010000000	10	100	0	0.977672
2230000	-0.4000000000	0.0001000000	0.0010000000	10	100	0	0.977672
2231000	-0.4000000000	0.0001000000	0.0010000000	10	100	0	0.977026
2232000	-0.4000000000	0.0001000000	0.0010000000	10	100	0	0.976375
2233000	-0.4000000000	0.0001000000	0.0010000000	10	100	0	0.975719
2234000	-0.4000000000	0.0001000000	0.0010000000	10	100	0	0.977026
2235000	-0.4000000000	0.0001000000	0.0010000000	10	100	0	0.976375
2236000	-0.4000000000	0.0001000000	0.0010000000	10	100	0	0.977026
2237000	-0.4000000000	0.0001000000	0.0010000000	10	100	0	0.975719
2238000	-0.4000000000	0.0001000000	0.0010000000	10	100	0	0.975719
2239000	-0.4000000000	0.0001000000	0.0010000000	10	100	0	0.977026
2240000	-0.4000000000	0.0001000000	0.0010000000	10	100	0	0.976375
2241000	-0.4000000000	0.0001000000	0.0010000000	10	100	0	0.975058
2242000	-0.4000000000	0.0001000000	0.0010000000	10	100	0	0.975058
2243000	-0.4000000000	0.0001000000	0.0010000000	10	100	0	0.975719
2244000	-0.4000000000	0.0001000000	0.0010000000	10	100	0	0.975058
2245000	-0.4000000000	0.0001000000	0.0010000000	10	100	0	0.975058
2246000	-0.4000000000	0.0001000000	0.0010000000	10	100	0	0.975058
2247000	-0.4000000000	0.0001000000	0.0010000000	10	100	0	0.975784
2248000	-0.4000000000	0.0001000000	0.0010000000	10	100	0	0.976375
2249000	-0.4000000000	0.0001000000	0.0010000000	10	100	0	0.976375
2250000	-0.4000000000	0.0001000000	0.0010000000	10	100	0	0.976375
2251000	-0.4000000000	0.0001000000	0.0010000000	10	100	0	0.976375
2252000	-0.4000000000	0.0001000000	0.0010000000	10	100	0	0.976375
2253000	-0.4000000000	0.0001000000	0.0010000000	10	100	0	0.975719
2254000	-0.4000000000	0.0001000000	0.0010000000	10	100	0	0.975719
2255000	-0.4000000000	0.0001000000	0.0010000000	10	100	0	0.975719
2256000	-0.4000000000	0.0001000000	0.0010000000	10	100	0	0.977026
2257000	-0.4000000000	0.0001000000	0.0010000000	10	100	0	0.977026
2258000	-0.4000000000	0.0001000000	0.0010000000	10	100	0	0.976375
2259000	-0.4000000000	0.0001000000	0.0010000000	10	100	0	0.976375
2260000	-0.4000000000	0.0001000000	0.0010000000	10	100	0	0.976375
2261000	-0.4000000000	0.0001000000	0.0010000000	10	100	0	0.976375
2262000	-0.4000000000	0.0001000000	0.0010000000	10	100	0	0.977026
2263000	-0.4000000000	0.0001000000	0.0010000000	10	100	0	0.976375
2264000	-0.4000000000	0.0001000000	0.0010000000	10	100	0	0.977026
2265000	-0.4000000000	0.0001000000	0.0010000000	10	100	0	0.977026
2266000	-0.4000000000	0.0001000000	0.0010000000	10	100	0	0.976375
2267000	-0.4000000000	0.0001000000	0.0010000000	10	100	0	0.977026
2268000	-0.4000000000	0.0001000000	0.0010000000	10	100	0	0.977026
2269000	-0.4000000000	0.0001000000	0.0010000000	10	100	0	0.977026
2270000	-0.4000000000	0.0001000000	0.0010000000	10	100	0	0.976375
2271000	-0.4000000000	0.0001000000	0.0010000000	10	100	0	0.976375
2272000	-0.4000000000	0.0001000000	0.0010000000	10	100	0	0.975719
2273000	-0.4000000000	0.0001000000	0.0010000000	10	100	0	0.976375
2274000	-0.4000000000	0.0001000000	0.0010000000	10	100	0	0.975719
2275000	-0.4000000000	0.0001000000	0.0010000000	10	100	0	0.976375
2276000	-0.4000000000	0.0001000000	0.0010000000	10	100	0	0.975058
2277000	-0.4000000000	0.0001000000	0.0010000000	10	100	0	0.973723
2278000	-0.4000000000	0.0001000000	0.0010000000	10	100	0	0.974393
2279000	-0.4000000000	0.0001000000	0.0010000000	10	100	0	0.974393
2280000	-0.4000000000	0.0001000000	0.0010000000	10	100	0	0.974393
2281000	-0.4000000000	0.0001000000	0.0010000000	10	100	0	0.974393
2282000	-0.4000000000	0.0001000000	0.0010000000	10	100	0	0.974326
2283000	-0.4000000000	0.0001000000	0.0010000000	10	100	0	0.975058
2284000	-0.4000000000	0.0001000000	0.0010000000	10	100	0	0.975058
2285000	-0.4000000000	0.0001000000	0.0010000000	10	100	0	0.975058
2286000	-0.4000000000	0.0001000000	0.0010000000	10	100	0	0.975058
2287000	-0.4000000000	0.0001000000	0.0010000000	10	100	0	0.975058
2288000	-0.4000000000	0.0001000000	0.0010000000	10	100	0	0.976375
2289000	-0.4000000000	0.0001000000	0.0010000000	10	100	0	0.977026
2290000	-0.4000000000	0.0001000000	0.0010000000	10	100	0	0.977026
2291000	-0.4000000000	0.0001000000	0.0010000000	10	100	0	0.977026
2292000	-0.4000000000	0.0001000000	0.0010000000	10	100	0	0.976375
2293000	-0.4000000000	0.0001000000	0.0010000000	10	100	0	0.976375
2294000	-0.4000000000	0.0001000000	0.0010000000	10	100	0	0.976375
2295000	-0.4000000000	0.0001000000	0.0010000000	10	100	0	0.976375
2296000	-0.4000000000	0.0001000000	0.0010000000	10	100	0	0.976375
2297000	-0.4000000000	0.0001000000	0.0010000000	10	100	0	0.977026
2298000	-0.4000000000	0.0001000000	0.0010000000	10	100	0	0.977026
2299000	-0.4000000000	0.0001000000	0.0010000000	10	100	0	0.977026
2300000	-0.4000000000	0.0001000000	0.0010000000	10	100	0	0.977026
2301000	-0.4000000000	0.0001000000	0.0010000000	10	100	0	0.977026
2302000	-0.4000000000	0.0001000000	0.0010000000	10	100	0	0.976375
2303000	-0.4000000000	0.0001000000	0.0010000000	10	100	0	0.976375
2304000	-0.4000000000	0.0001000000	0.0010000000	10	100	0	0.976375
2305000	-0.4000000000	0.0001000000	0.0010000000	10	100	0	0.976700
2306000	-0.4000000000	0.0001000000	0.0010000000	10	100	0	0.977026
2307000	-0.4000000000	0.0001000000	0.0010000000	10	100	0	0.977672
2308000	-0.4000000000	0.0001000000	0.0010000000	10	100	0	0.977672
2309000	-0.4000000000	0.0001000000	0.0010000000	10	100	0	0.978314
2310000	-0.4000000000	0.0001000000	0.0010000000	10	100	0	0.977929
2311000	-0.4000000000	0.0001000000	0.0010000000	10	100	0	0.977672
2312000	-0.4000000000	0.0001000000	0.0010000000	10	100	0	0.978314
2313000	-0.4000000000	0.0001000000	0.0010000000	10	100	0	0.977026
2314000	-0.4000000000	0.0001000000	0.0010000000	10	100	0	0.977026
2315000	-0.4000000000	0.0001000000	0.0010000000	10	100	0	0.977026
2316000	-0.4000000000	0.0001000000	0.0010000000	10	100	0	0.977026
2317000	-0.4000000000	0.0001000000	0.0010000000	10	100	0	0.977026
2318000	-0.4000000000	0.0001000000	0.0010000000	10	100	0	0.976765
2319000	-0.4000000000	0.0001000000	0.0010000000	10	100	0	0.977026
2320000	-0.4000000000	0.0001000000	0.0010000000	10	100	0	0.977026
2321000	-0.4000000000	0.0001000000	0.0010000000	10	100	0	0.976178
2322000	-0.4000000000	0.0001000000	0.0010000000	10	100	0	0.975719
2323000	-0.4000000000	0.0001000000	0.0010000000	10	100	0	0.976375
2324000	-0.4000000000	0.0001000000	0.0010000000	10	100	0	0.976375
2325000	-0.4000000000	0.0001000000	0.0010000000	10	100	0	0.975058
2326000	-0.4000000000	0.0001000000	0.0010000000	10	100	0	0.975058
2327000	-0.4000000000	0.0001000000	0.0010000000	10	100	0	0.973723
2328000	-0.4000000000	0.0001000000	0.0010000000	10	100	0	0.973048
2329000	-0.4000000000	0.0001000000	0.0010000000	10	100	0	0.973723
2330000	-0.4000000000	0.0001000000	0.0010000000	10	100	0	0.973723
2331000	-0.4000000000	0.0001000000	0.0010000000	10	100	0	0.973723
2332000	-0.4000000000	0.0001000000	0.0010000000	10	100	0	0.973048
2333000	-0.4000000000	0.0001000000	0.0010000000	10	100	0	0.973723
2334000	-0.4000000000	0.0001000000	0.0010000000	10	100	0	0.974393
2335000	-0.4000000000	0.0001000000	0.0010000000	10	100	0	0.973723
2336000	-0.4000000000	0.0001000000	0.0010000000	10	100	0	0.973318
2337000	-0.4000000000	0.0001000000	0.0010000000	10	100	0	0.974393
2338000	-0.4000000000	0.0001000000	0.0010000000	10	100	0	0.975058
2339000	-0.4000000000	0.0001000000	0.0010000000	10	100	0	0.976375
2340000	-0.4000000000	0.0001000000	0.0010000000	10	100	0	0.977026
2341000	-0.4000000000	0.0001000000	0.0010000000	10	100	0	0.977026
2342000	-0.4000000000	0.0001000000	0.0010000000	10	100	0	0.977672
2343000	-0.4000000000	0.0001000000	0.0010000000	10	100	0	0.978314
2344000	-0.4000000000	0.0001000000	0.0010000000	10	100	0	0.978314
2345000	-0.4000000000	0.0001000000	0.0010000000	10	100	0	0.978950
2346000	-0.4000000000	0.0001000000	0.0010000000	10	100	0	0.978314
2347000	-0.4000000000	0.0001000000	0.0010000000	10	100	0	0.977026
2348000	-0.4000000000	0.0001000000	0.0010000000	10	100	0	0.977026
2349000	-0.4000000000	0.0001000000	0.0010000000	10	100	0	0.977026
2350000	-0.4000000000	0.0001000000	0.0010000000	10	100	0	0.977929
2351000	-0.4000000000	0.0001000000	0.0010000000	10	100	0	0.977672
2352000	-0.4000000000	0.0001000000	0.0010000000	10	100	0	0.977026
2353000	-0.4000000000	0.0001000000	0.0010000000	10	100	0	0.977026
2354000	-0.4000000000	0.0001000000	0.0010000000	10	100	0	0.977026
2355000	-0.4000000000	0.0001000000	0.0010000000	10	100	0	0.975058
2356000	-0.4000000000	0.0001000000	0.0010000000	10	100	0	0.974393
2357000	-0.4000000000	0.0001000000	0.0010000000	10	100	0	0.974393
2358000	-0.4000000000	0.0001000000	0.0010000000	10	100	0	0.975058
2359000	-0.4000000000	0.0001000000	0.0010000000	10	100	0	0.975058
2360000	-0.4000000000	0.0001000000	0.0010000000	10	100	0	0.975719
2361000	-0.4000000000	0.0001000000	0.0010000000	10	100	0	0.975719
2362000	-0.4000000000	0.0001000000	0.0010000000	10	100	0	0.975719
2363000	-0.4000000000	0.0001000000	0.0010000000	10	100	0	0.976375
2364000	-0.4000000000	0.0001000000	0.0010000000	10	100	0	0.975058
2365000	-0.4000000000	0.0001000000	0.0010000000	10	100	0	0.973048
2366000	-0.4000000000	0.0001000000	0.0010000000	10	100	0	0.972369
2367000	-0.4000000000	0.0001000000	0.0010000000	10	100	0	0.971686
2368000	-0.4000000000	0.0001000000	0.0010000000	10	100	0	0.971686
2369000	-0.4000000000	0.0001000000	0.0010000000	10	100	0	0.970998
2370000	-0.4000000000	0.0001000000	0.0010000000	10	100	0	0.972233
2371000	-0.4000000000	0.0001000000	0.0010000000	10	100	0	0.973723
2372000	-0.4000000000	0.0001000000	0.0010000000	10	100	0	0.975058
2373000	-0.4000000000	0.0001000000	0.0010000000	10	100	0	0.975719
2374000	-0.4000000000	0.0001000000	0.0010000000	10	100	0	0.975719
2375000	-0.4000000000	0.0001000000	0.0010000000	10	100	0	0.976375
2376000	-0.4000000000	0.0001000000	0.0010000000	10	100	0	0.976375
2377000	-0.4000000000	0.0001000000	0.0010000000	10	100	0	0.976375
2378000	-0.4000000000	0.0001000000	0.0010000000	10	100	0	0.975719
2379000	-0.4000000000	0.0001000000	0.0010000000	10	100	0	0.977091
2380000	-0.4000000000	0.0001000000	0.0010000000	10	100	0	0.976375
2381000	-0.4000000000	0.0001000000	0.0010000000	10	100	0	0.973723
2382000	-0.4000000000	0.0001000000	0.0010000000	10	100	0	0.973723
2383000	-0.4000000000	0.0001000000	0.0010000000	10	100	0	0.973048
2384000	-0.4000000000	0.0001000000	0.0010000000	10	100	0	0.971686
2385000	-0.4000000000	0.0001000000	0.0010000000	10	100	0	0.971686
2386000	-0.4000000000	0.0001000000	0.0010000000	10	100	0	0.972369
2387000	-0.4000000000	0.0001000000	0.0010000000	10	100	0	0.972369
2388000	-0.4000000000	0.0001000000	0.0010000000	10	100	0	0.972369
2389000	-0.4000000000	0.0001000000	0.0010000000	10	100	0	0.971686
2390000	-0.4000000000	0.0001000000	0.0010000000	10	100	0	0.971686
2391000	-0.4000000000	0.0001000000	0.0010000000	10	100	0	0.971686
2392000	-0.4000000000	0.0001000000	0.0010000000	10	100	0	0.972369
2393000	-0.4000000000	0.0001000000	0.0010000000	10	100	0	0.972369
2394000	-0.4000000000	0.0001000000	0.0010000000	10	100	0	0.973723
2395000	-0.4000000000	0.0001000000	0.0010000000	10	100	0	0.973723
2396000	-0.4000000000	0.0001000000	0.0010000000	10	100	0	0.973048
2397000	-0.4000000000	0.0001000000	0.0010000000	10	100	0	0.971686
2398000	-0.4000000000	0.0001000000	0.0010000000	10	100	0	0.972369
2399000	-0.4000000000	0.0001000000	0.0010000000	10	100	0	0.973723
2400000	-0.4000000000	0.0001000000	0.0010000000	10	100	0	0.974393
2401000	-0.4000000000	0.0001000000	0.0010000000	10	100	0	0.974393
2402000	-0.4000000000	0.0001000000	0.0010000000	10	100	0	0.974858
2403000	-0.4000000000	0.0001000000	0.0010000000	10	100	0	0.975058
2404000	-0.4000000000	0.0001000000	0.0010000000	10	100	0	0.975058
2405000	-0.4000000000	0.0001000000	0.0010000000	10	100	0	0.975058
2406000	-0.4000000000	0.0001000000	0.0010000000	10	100	0	0.975058
2407000	-0.4000000000	0.0001000000	0.0010000000	10	100	0	0.976375
2408000	-0.4000000000	0.0001000000	0.0010000000	10	100	0	0.976375
2409000	-0.4000000000	0.0001000000	0.0010000000	10	100	0	0.976375
2410000	-0.4000000000	0.0001000000	0.0010000000	10	100	0	0.977672
2411000	-0.4000000000	0.0001000000	0.0010000000	10	100	0	0.977672
2412000	-0.4000000000	0.0001000000	0.0010000000	10	100	0	0.977672
2413000	-0.4000000000	0.0001000000	0.0010000000	10	100	0	0.978314
2414000	-0.4000000000	0.0001000000	0.0010000000	10	100	0	0.977672
2415000	-0.4000000000	0.0001000000	0.0010000000	10	100	0	0.977672
2416000	-0.4000000000	0.0001000000	0.0010000000	10	100	0	0.977026
2417000	-0.4000000000	0.0001000000	0.0010000000	10	100	0	0.977026
2418000	-0.4000000000	0.0001000000	0.0010000000	10	100	0	0.977026
2419000	-0.4000000000	0.0001000000	0.0010000000	10	100	0	0.977026
2420000	-0.4000000000	0.0001000000	0.0010000000	10	100	0	0.977026
2421000	-0.4000000000	0.0001000000	0.0010000000	10	100	0	0.976375
2422000	-0.4000000000	0.0001000000	0.0010000000	10	100	0	0.976375
2423000	-0.4000000000	0.0001000000	0.0010000000	10	100	0	0.976375
2424000	-0.4000000000	0.0001000000	0.0010000000	10	100	0	0.975719
2425000	-0.4000000000	0.0001000000	0.0010000000	10	100	0	0.975719
2426000	-0.4000000000	0.0001000000	0.0010000000	10	100	0	0.975719
2427000	-0.4000000000	0.0001000000	0.0010000000	10	100	0	0.975719
2428000	-0.4000000000	0.0001000000	0.0010000000	10	100	0	0.975719
2429000	-0.4000000000	0.0001000000	0.0010000000	10	100	0	0.977026
2430000	-0.4000000000	0.0001000000	0.0010000000	10	100	0	0.975719
2431000	-0.4000000000	0.0001000000	0.0010000000	10	100	0	0.975719
2432000	-0.4000000000	0.0001000000	0.0010000000	10	100	0	0.975719
2433000	-0.4000000000	0.0001000000	0.0010000000	10	100	0	0.975058
2434000	-0.4000000000	0.0001000000	0.0010000000	10	100	0	0.975719
2435000	-0.4000000000	0.0001000000	0.0010000000	10	100	0	0.975719
2436000	-0.4000000000	0.0001000000	0.0010000000	10	100	0	0.976178
2437000	-0.4000000000	0.0001000000	0.0010000000	10	100	0	0.977672
2438000	-0.4000000000	0.0001000000	0.0010000000	10	100	0	0.977026
2439000	-0.4000000000	0.0001000000	0.0010000000	10	100	0	0.977026
2440000	-0.4000000000	0.0001000000	0.0010000000	10	100	0	0.977026
2441000	-0.4000000000	0.0001000000	0.0010000000	10	100	0	0.976375
2442000	-0.4000000000	0.0001000000	0.0010000000	10	100	0	0.976375
2443000	-0.4000000000	0.0001000000	0.0010000000	10	100	0	0.976244
2444000	-0.4000000000	0.0001000000	0.0010000000	10	100	0	0.975719
2445000	-0.4000000000	0.0001000000	0.0010000000	10	100	0	0.976375
2446000	-0.4000000000	0.0001000000	0.0010000000	10	100	0	0.975719
2447000	-0.4000000000	0.0001000000	0.0010000000	10	100	0	0.975058
2448000	-0.4000000000	0.0001000000	0.0010000000	10	100	0	0.975058
2449000	-0.4000000000	0.0001000000	0.0010000000	10	100	0	0.975719
2450000	-0.4000000000	0.0001000000	0.0010000000	10	100	0	0.975719
2451000	-0.4000000000	0.0001000000	0.0010000000	10	100	0	0.975719
2452000	-0.4000000000	0.0001000000	0.0010000000	10	100	0	0.975058
2453000	-0.4000000000	0.0001000000	0.0010000000	10	100	0	0.975058
2454000	-0.4000000000	0.0001000000	0.0010000000	10	100	0	0.975719
2455000	-0.4000000000	0.0001000000	0.0010000000	10	100	0	0.976375
2456000	-0.4000000000	0.0001000000	0.0010000000	10	100	0	0.976375
2457000	-0.4000000000	0.0001000000	0.0010000000	10	100	0	0.978314
2458000	-0.4000000000	0.0001000000	0.0010000000	10	100	0	0.978950
2459000	-0.4000000000	0.0001000000	0.0010000000	10	100	0	0.978314
2460000	-0.4000000000	0.0001000000	0.0010000000	10	100	0	0.978950
2461000	-0.4000000000	0.0001000000	0.0010000000	10	100	0	0.979581
2462000	-0.4000000000	0.0001000000	0.0010000000	10	100	0	0.980208
2463000	-0.4000000000	0.0001000000	0.0010000000	10	100	0	0.979581
2464000	-0.4000000000	0.0001000000	0.0010000000	10	100	0	0.979581
2465000	-0.4000000000	0.0001000000	0.0010000000	10	100	0	0.976375
2466000	-0.4000000000	0.0001000000	0.0010000000	10	100	0	0.975719
2467000	-0.4000000000	0.0001000000	0.0010000000	10	100	0	0.975719
2468000	-0.4000000000	0.0001000000	0.0010000000	10	100	0	0.975058
2469000	-0.4000000000	0.0001000000	0.0010000000	10	100	0	0.975058
2470000	-0.4000000000	0.0001000000	0.0010000000	10	100	0	0.975058
2471000	-0.4000000000	0.0001000000	0.0010000000	10	100	0	0.975058
2472000	-0.4000000000	0.0001000000	0.0010000000	10	100	0	0.975058
2473000	-0.4000000000	0.0001000000	0.0010000000	10	100	0	0.975719
2474000	-0.4000000000	0.0001000000	0.0010000000	10	100	0	0.975719
2475000	-0.4000000000	0.0001000000	0.0010000000	10	100	0	0.975719
2476000	-0.4000000000	0.0001000000	0.0010000000	10	100	0	0.975058
2477000	-0.4000000000	0.0001000000	0.0010000000	10	100	0	0.975719
2478000	-0.4000000000	0.0001000000	0.0010000000	10	100	0	0.975719
2479000	-0.4000000000	0.0001000000	0.0010000000	10	100	0	0.975719
2480000	-0.4000000000	0.0001000000	0.0010000000	10	100	0	0.976375
2481000	-0.4000000000	0.0001000000	0.0010000000	10	100	0	0.976375
2482000	-0.4000000000	0.0001000000	0.0010000000	10	100	0	0.976375
2483000	-0.4000000000	0.0001000000	0.0010000000	10	100	0	0.975719
2484000	-0.4000000000	0.0001000000	0.0010000000	10	100	0	0.975058
2485000	-0.4000000000	0.0001000000	0.0010000000	10	100	0	0.975719
2486000	-0.4000000000	0.0001000000	0.0010000000	10	100	0	0.975719
2487000	-0.4000000000	0.0001000000	0.0010000000	10	100	0	0.975058
2488000	-0.4000000000	0.0001000000	0.0010000000	10	100	0	0.973723
2489000	-0.4000000000	0.0001000000	0.0010000000	10	100	0	0.973048
2490000	-0.4000000000	0.0001000000	0.0010000000	10	100	0	0.973048
2491000	-0.4000000000	0.0001000000	0.0010000000	10	100	0	0.973116
2492000	-0.4000000000	0.0001000000	0.0010000000	10	100	0	0.974393
2493000	-0.4000000000	0.0001000000	0.0010000000	10	100	0	0.975058
2494000	-0.4000000000	0.0001000000	0.0010000000	10	100	0	0.975058
2495000	-0.4000000000	0.0001000000	0.0010000000	10	100	0	0.975058
2496000	-0.4000000000	0.0001000000	0.0010000000	10	100	0	0.975058
2497000	-0.4000000000	0.0001000000	0.0010000000	10	100	0	0.975058
2498000	-0.4000000000	0.0001000000	0.0010000000	10	100	0	0.975058
2499000	-0.4000000000	0.0001000000	0.0010000000	10	100	0	0.976375
2500000	-0.4000000000	0.0001000000	0.0010000000	10	100	0	0.976375
2501000	-0.4000000000	0.0001000000	0.0010000000	10	100	0	0.977672
2502000	-0.4000000000	0.0001000000	0.0010000000	10	100	0	0.977026
2503000	-0.4000000000	0.0001000000	0.0010000000	10	100	0	0.977026
2504000	-0.4000000000	0.0001000000	0.0010000000	10	100	0	0.977026
2505000	-0.4000000000	0.0001000000	0.0010000000	10	100	0	0.977672
2506000	-0.4000000000	0.0001000000	0.0010000000	10	100	0	0.978314
2507000	-0.4000000000	0.0001000000	0.0010000000	10	100	0	0.978950
2508000	-0.4000000000	0.0001000000	0.0010000000	10	100	0	0.978950
2509000	-0.4000000000	0.0001000000	0.0010000000	10	100	0	0.978314
2510000	-0.4000000000	0.0001000000	0.0010000000	10	100	0	0.977672
2511000	-0.4000000000	0.0001000000	0.0010000000	10	100	0	0.977026
2512000	-0.4000000000	0.0001000000	0.0010000000	10	100	0	0.978314
2513000	-0.4000000000	0.0001000000	0.0010000000	10	100	0	0.977026
2514000	-0.4000000000	0.0001000000	0.0010000000	10	100	0	0.977026
2515000	-0.4000000000	0.0001000000	0.0010000000	10	100	0	0.977672
2516000	-0.4000000000	0.0001000000	0.0010000000	10	100	0	0.977672
2517000	-0.4000000000	0.0001000000	0.0010000000	10	100	0	0.977672
2518000	-0.4000000000	0.0001000000	0.0010000000	10	100	0	0.977026
2519000	-0.4000000000	0.0001000000	0.0010000000	10	100	0	0.977026
2520000	-0.4000000000	0.0001000000	0.0010000000	10	100	0	0.976375
2521000	-0.4000000000	0.0001000000	0.0010000000	10	100	0	0.976375
2522000	-0.4000000000	0.0001000000	0.0010000000	10	100	0	0.975058
2523000	-0.4000000000	0.0001000000	0.0010000000	10	100	0	0.976375
2524000	-0.4000000000	0.0001000000	0.0010000000	10	100	0	0.975719
2525000	-0.4000000000	0.0001000000	0.0010000000	10	100	0	0.975719
2526000	-0.4000000000	0.0001000000	0.0010000000	10	100	0	0.975719
2527000	-0.4000000000	0.0001000000	0.0010000000	10	100	0	0.975058
2528000	-0.4000000000	0.0001000000	0.0010000000	10	100	0	0.973048
2529000	-0.4000000000	0.0001000000	0.0010000000	10	100	0	0.974259
2530000	-0.4000000000	0.0001000000	0.0010000000	10	100	0	0.973723
2531000	-0.4000000000	0.0001000000	0.0010000000	10	100	0	0.973723
2532000	-0.4000000000	0.0001000000	0.0010000000	10	100	0	0.973723
2533000	-0.4000000000	0.0001000000	0.0010000000	10	100	0	0.973723
2534000	-0.4000000000	0.0001000000	0.0010000000	10	100	0	0.973723
2535000	-0.4000000000	0.0001000000	0.0010000000	10	100	0	0.974393
2536000	-0.4000000000	0.0001000000	0.0010000000	10	100	0	0.974393
2537000	-0.4000000000	0.0001000000	0.0010000000	10	100	0	0.974393
2538000	-0.4000000000	0.0001000000	0.0010000000	10	100	0	0.973723
2539000	-0.4000000000	0.0001000000	0.0010000000	10	100	0	0.973723
2540000	-0.4000000000	0.0001000000	0.0010000000	10	100	0	0.974393
2541000	-0.4000000000	0.0001000000	0.0010000000	10	100	0	0.973723
2542000	-0.4000000000	0.0001000000	0.0010000000	10	100	0	0.973048
2543000	-0.4000000000	0.0001000000	0.0010000000	10	100	0	0.973048
2544000	-0.4000000000	0.0001000000	0.0010000000	10	100	0	0.973048
2545000	-0.4000000000	0.0001000000	0.0010000000	10	100	0	0.973723
2546000	-0.4000000000	0.0001000000	0.0010000000	10	100	0	0.974393
2547000	-0.4000000000	0.0001000000	0.0010000000	10	100	0	0.975058
2548000	-0.4000000000	0.0001000000	0.0010000000	10	100	0	0.975058
2549000	-0.4000000000	0.0001000000	0.0010000000	10	100	0	0.974393
2550000	-0.4000000000	0.0001000000	0.0010000000	10	100	0	0.974393
2551000	-0.4000000000	0.0001000000	0.0010000000	10	100	0	0.974393
2552000	-0.4000000000	0.0001000000	0.0010000000	10	100	0	0.974393
2553000	-0.4000000000	0.0001000000	0.0010000000	10	100	0	0.974393
2554000	-0.4000000000	0.0001000000	0.0010000000	10	100	0	0.975058
2555000	-0.4000000000	0.0001000000	0.0010000000	10	100	0	0.975058
2556000	-0.4000000000	0.0001000000	0.0010000000	10	100	0	0.975058
2557000	-0.4000000000	0.0001000000	0.0010000000	10	100	0	0.975719
2558000	-0.4000000000	0.0001000000	0.0010000000	10	100	0	0.977672
2559000	-0.4000000000	0.0001000000	0.0010000000	10	100	0	0.978314
2560000	-0.4000000000	0.0001000000	0.0010000000	10	100	0	0.978314
2561000	-0.4000000000	0.0001000000	0.0010000000	10	100	0	0.978314
2562000	-0.4000000000	0.0001000000	0.0010000000	10	100	0	0.978314
2563000	-0.4000000000	0.0001000000	0.0010000000	10	100	0	0.977672
2564000	-0.4000000000	0.0001000000	0.0010000000	10	100	0	0.977026
2565000	-0.4000000000	0.0001000000	0.0010000000	10	100	0	0.976375
2566000	-0.4000000000	0.0001000000	0.0010000000	10	100	0	0.976375
2567000	-0.4000000000	0.0001000000	0.0010000000	10	100	0	0.976375
2568000	-0.4000000000	0.0001000000	0.0010000000	10	100	0	0.976375
2569000	-0.4000000000	0.0001000000	0.0010000000	10	100	0	0.975719
2570000	-0.4000000000	0.0001000000	0.0010000000	10	100	0	0.974393
2571000	-0.4000000000	0.0001000000	0.0010000000	10	100	0	0.974393
2572000	-0.4000000000	0.0001000000	0.0010000000	10	100	0	0.975058
2573000	-0.4000000000	0.0001000000	0.0010000000	10	100	0	0.974393
2574000	-0.4000000000	0.0001000000	0.0010000000	10	100	0	0.974393
2575000	-0.4000000000	0.0001000000	0.0010000000	10	100	0	0.974393
2576000	-0.4000000000	0.0001000000	0.0010000000	10	100	0	0.974393
2577000	-0.4000000000	0.0001000000	0.0010000000	10	100	0	0.975058
2578000	-0.4000000000	0.0001000000	0.0010000000	10	100	0	0.975784
2579000	-0.4000000000	0.0001000000	0.0010000000	10	100	0	0.975190
2580000	-0.4000000000	0.0001000000	0.0010000000	10	100	0	0.975719
2581000	-0.4000000000	0.0001000000	0.0010000000	10	100	0	0.975719
2582000	-0.4000000000	0.0001000000	0.0010000000	10	100	0	0.977672
2583000	-0.4000000000	0.0001000000	0.0010000000	10	100	0	0.978314
2584000	-0.4000000000	0.0001000000	0.0010000000	10	100	0	0.978314
2585000	-0.4000000000	0.0001000000	0.0010000000	10	100	0	0.976375
2586000	-0.4000000000	0.0001000000	0.0010000000	10	100	0	0.977026
2587000	-0.4000000000	0.0001000000	0.0010000000	10	100	0	0.977026
2588000	-0.4000000000	0.0001000000	0.0010000000	10	100	0	0.976505
2589000	-0.4000000000	0.0001000000	0.0010000000	10	100	0	0.977026
2590000	-0.4000000000	0.0001000000	0.0010000000	10	100	0	0.977026
2591000	-0.4000000000	0.0001000000	0.0010000000	10	100	0	0.977672
2592000	-0.4000000000	0.0001000000	0.0010000000	10	100	0	0.978057
2593000	-0.4000000000	0.0001000000	0.0010000000	10	100	0	0.978314
2594000	-0.4000000000	0.0001000000	0.0010000000	10	100	0	0.978314
2595000	-0.4000000000	0.0001000000	0.0010000000	10	100	0	0.978950
2596000	-0.4000000000	0.0001000000	0.0010000000	10	100	0	0.978314
2597000	-0.4000000000	0.0001000000	0.0010000000	10	100	0	0.977672
2598000	-0.4000000000	0.0001000000	0.0010000000	10	100	0	0.977672
2599000	-0.4000000000	0.0001000000	0.0010000000	10	100	0	0.977672
2600000	-0.4000000000	0.0001000000	0.0010000000	10	100	0	0.977672
2601000	-0.4000000000	0.0001000000	0.0010000000	10	100	0	0.978314
2602000	-0.4000000000	0.0001000000	0.0010000000	10	100	0	0.977672
2603000	-0.4000000000	0.0001000000	0.0010000000	10	100	0	0.978314
2604000	-0.4000000000	0.0001000000	0.0010000000	10	100	0	0.978950
2605000	-0.4000000000	0.0001000000	0.0010000000	10	100	0	0.977672
2606000	-0.4000000000	0.0001000000	0.0010000000	10	100	0	0.978950
2607000	-0.4000000000	0.0001000000	0.0010000000	10	100	0	0.978314
2608000	-0.4000000000	0.0001000000	0.0010000000	10	100	0	0.978314
2609000	-0.4000000000	0.0001000000	0.0010000000	10	100	0	0.978314
2610000	-0.4000000000	0.0001000000	0.0010000000	10	100	0	0.977026
2611000	-0.4000000000	0.0001000000	0.0010000000	10	100	0	0.977026
2612000	-0.4000000000	0.0001000000	0.0010000000	10	100	0	0.977672
2613000	-0.4000000000	0.0001000000	0.0010000000	10	100	0	0.977672
2614000	-0.4000000000	0.0001000000	0.0010000000	10	100	0	0.977026
2615000	-0.4000000000	0.0001000000	0.0010000000	10	100	0	0.977026
2616000	-0.4000000000	0.0001000000	0.0010000000	10	100	0	0.977672
2617000	-0.4000000000	0.0001000000	0.0010000000	10	100	0	0.977672
2618000	-0.4000000000	0.0001000000	0.0010000000	10	100	0	0.977026
2619000	-0.4000000000	0.0001000000	0.0010000000	10	100	0	0.976375
2620000	-0.4000000000	0.0001000000	0.0010000000	10	100	0	0.977026
2621000	-0.4000000000	0.0001000000	0.0010000000	10	100	0	0.977026
2622000	-0.4000000000	0.0001000000	0.0010000000	10	100	0	0.977026
2623000	-0.4000000000	0.0001000000	0.0010000000	10	100	0	0.977026
2624000	-0.4000000000	0.0001000000	0.0010000000	10	100	0	0.977026
2625000	-0.4000000000	0.0001000000	0.0010000000	10	100	0	0.977026
2626000	-0.4000000000	0.0001000000	0.0010000000	10	100	0	0.977026
2627000	-0.4000000000	0.0001000000	0.0010000000	10	100	0	0.977672
2628000	-0.4000000000	0.0001000000	0.0010000000	10	100	0	0.978314
2629000	-0.4000000000	0.0001000000	0.0010000000	10	100	0	0.978314
2630000	-0.4000000000	0.0001000000	0.0010000000	10	100	0	0.977672
2631000	-0.4000000000	0.0001000000	0.0010000000	10	100	0	0.978314
2632000	-0.4000000000	0.0001000000	0.0010000000	10	100	0	0.977672
2633000	-0.4000000000	0.0001000000	0.0010000000	10	100	0	0.977672
2634000	-0.4000000000	0.0001000000	0.0010000000	10	100	0	0.978314
2635000	-0.4000000000	0.0001000000	0.0010000000	10	100	0	0.978950
2636000	-0.4000000000	0.0001000000	0.0010000000	10	100	0	0.979581
2637000	-0.4000000000	0.0001000000	0.0010000000	10	100	0	0.979581
2638000	-0.4000000000	0.0001000000	0.0010000000	10	100	0	0.980828
2639000	-0.4000000000	0.0001000000	0.0010000000	10	100	0	0.980208
2640000	-0.4000000000	0.0001000000	0.0010000000	10	100	0	0.980208
2641000	-0.4000000000	0.0001000000	0.0010000000	10	100	0	0.980208
2642000	-0.4000000000	0.0001000000	0.0010000000	10	100	0	0.979581
2643000	-0.4000000000	0.0001000000	0.0010000000	10	100	0	0.979581
2644000	-0.4000000000	0.0001000000	0.0010000000	10	100	0	0.979581
2645000	-0.4000000000	0.0001000000	0.0010000000	10	100	0	0.979581
2646000	-0.4000000000	0.0001000000	0.0010000000	10	100	0	0.978950
2647000	-0.4000000000	0.0001000000	0.0010000000	10	100	0	0.977672
2648000	-0.4000000000	0.0001000000	0.0010000000	10	100	0	0.978314
2649000	-0.4000000000	0.0001000000	0.0010000000	10	100	0	0.978950
2650000	-0.4000000000	0.0001000000	0.0010000000	10	100	0	0.980208
2651000	-0.4000000000	0.0001000000	0.0010000000	10	100	0	0.979581
2652000	-0.4000000000	0.0001000000	0.0010000000	10	100	0	0.978950
2653000	-0.4000000000	0.0001000000	0.0010000000	10	100	0	0.980208
2654000	-0.4000000000	0.0001000000	0.0010000000	10	100	0	0.979581
2655000	-0.4000000000	0.0001000000	0.0010000000	10	100	0	0.979581
2656000	-0.4000000000	0.0001000000	0.0010000000	10	100	0	0.978950
2657000	-0.4000000000	0.0001000000	0.0010000000	10	100	0	0.978314
2658000	-0.4000000000	0.0001000000	0.0010000000	10	100	0	0.978950
2659000	-0.4000000000	0.0001000000	0.0010000000	10	100	0	0.978950
2660000	-0.4000000000	0.0001000000	0.0010000000	10	100	0	0.978314
2661000	-0.4000000000	0.0001000000	0.0010000000	10	100	0	0.978314
2662000	-0.4000000000	0.0001000000	0.0010000000	10	100	0	0.977026
2663000	-0.4000000000	0.0001000000	0.0010000000	10	100	0	0.977026
2664000	-0.4000000000	0.0001000000	0.0010000000	10	100	0	0.977672
2665000	-0.4000000000	0.0001000000	0.0010000000	10	100	0	0.978314
2666000	-0.4000000000	0.0001000000	0.0010000000	10	100	0	0.977672
2667000	-0.4000000000	0.0001000000	0.0010000000	10	100	0	0.978314
2668000	-0.4000000000	0.0001000000	0.0010000000	10	100	0	0.978314
2669000	-0.4000000000	0.0001000000	0.0010000000	10	100	0	0.978314
2670000	-0.4000000000	0.0001000000	0.0010000000	10	100	0	0.977672
2671000	-0.4000000000	0.0001000000	0.0010000000	10	100	0	0.977672
2672000	-0.4000000000	0.0001000000	0.0010000000	10	100	0	0.977026
2673000	-0.4000000000	0.0001000000	0.0010000000	10	100	0	0.977026
2674000	-0.4000000000	0.0001000000	0.0010000000	10	100	0	0.978314
2675000	-0.4000000000	0.0001000000	0.0010000000	10	100	0	0.978314
2676000	-0.4000000000	0.0001000000	0.0010000000	10	100	0	0.978314
2677000	-0.4000000000	0.0001000000	0.0010000000	10	100	0	0.978314
2678000	-0.4000000000	0.0001000000	0.0010000000	10	100	0	0.978314
2679000	-0.4000000000	0.0001000000	0.0010000000	10	100	0	0.978314
2680000	-0.4000000000	0.0001000000	0.0010000000	10	100	0	0.978314
2681000	-0.4000000000	0.0001000000	0.0010000000	10	100	0	0.977672
2682000	-0.4000000000	0.0001000000	0.0010000000	10	100	0	0.978314
2683000	-0.4000000000	0.0001000000	0.0010000000	10	100	0	0.978950
2684000	-0.4000000000	0.0001000000	0.0010000000	10	100	0	0.978950
2685000	-0.4000000000	0.0001000000	0.0010000000	10	100	0	0.978950
2686000	-0.4000000000	0.0001000000	0.0010000000	10	100	0	0.979581
2687000	-0.4000000000	0.0001000000	0.0010000000	10	100	0	0.979581
2688000	-0.4000000000	0.0001000000	0.0010000000	10	100	0	0.979581
2689000	-0.4000000000	0.0001000000	0.0010000000	10	100	0	0.979581
2690000	-0.4000000000	0.0001000000	0.0010000000	10	100	0	0.978950
2691000	-0.4000000000	0.0001000000	0.0010000000	10	100	0	0.979581
2692000	-0.4000000000	0.0001000000	0.0010000000	10	100	0	0.978314
2693000	-0.4000000000	0.0001000000	0.0010000000	10	100	0	0.978950
2694000	-0.4000000000	0.0001000000	0.0010000000	10	100	0	0.979581
2695000	-0.4000000000	0.0001000000	0.0010000000	10	100	0	0.980208
2696000	-0.4000000000	0.0001000000	0.0010000000	10	100	0	0.979581
2697000	-0.4000000000	0.0001000000	0.0010000000	10	100	0	0.979581
2698000	-0.4000000000	0.0001000000	0.0010000000	10	100	0	0.978950
2699000	-0.4000000000	0.0001000000	0.0010000000	10	100	0	0.979581
2700000	-0.4000000000	0.0001000000	0.0010000000	10	100	0	0.980208
2701000	-0.4000000000	0.0001000000	0.0010000000	10	100	0	0.980208
2702000	-0.4000000000	0.0001000000	0.0010000000	10	100	0	0.980208
2703000	-0.4000000000	0.0001000000	0.0010000000	10	100	0	0.980208
2704000	-0.4000000000	0.0001000000	0.0010000000	10	100	0	0.980208
2705000	-0.4000000000	0.0001000000	0.0010000000	10	100	0	0.979581
2706000	-0.4000000000	0.0001000000	0.0010000000	10	100	0	0.978950
2707000	-0.4000000000	0.0001000000	0.0010000000	10	100	0	0.978950
2708000	-0.4000000000	0.0001000000	0.0010000000	10	100	0	0.978314
2709000	-0.4000000000	0.0001000000	0.0010000000	10	100	0	0.978314
2710000	-0.4000000000	0.0001000000	0.0010000000	10	100	0	0.977672
2711000	-0.4000000000	0.0001000000	0.0010000000	10	100	0	0.977672
2712000	-0.4000000000	0.0001000000	0.0010000000	10	100	0	0.977026
2713000	-0.4000000000	0.0001000000	0.0010000000	10	100	0	0.975719
2714000	-0.4000000000	0.0001000000	0.0010000000	10	100	0	0.975719
2715000	-0.4000000000	0.0001000000	0.0010000000	10	100	0	0.975719
2716000	-0.4000000000	0.0001000000	0.0010000000	10	100	0	0.975058
2717000	-0.4000000000	0.0001000000	0.0010000000	10	100	0	0.975058
2718000	-0.4000000000	0.0001000000	0.0010000000	10	100	0	0.975058
2719000	-0.4000000000	0.0001000000	0.0010000000	10	100	0	0.975719
2720000	-0.4000000000	0.0001000000	0.0010000000	10	100	0	0.975719
2721000	-0.4000000000	0.0001000000	0.0010000000	10	100	0	0.975719
2722000	-0.4000000000	0.0001000000	0.0010000000	10	100	0	0.975058
2723000	-0.4000000000	0.0001000000	0.0010000000	10	100	0	0.975058
2724000	-0.4000000000	0.0001000000	0.0010000000	10	100	0	0.975058
2725000	-0.4000000000	0.0001000000	0.0010000000	10	100	0	0.975719
2726000	-0.4000000000	0.0001000000	0.0010000000	10	100	0	0.975719
2727000	-0.4000000000	0.0001000000	0.0010000000	10	100	0	0.975719
2728000	-0.4000000000	0.0001000000	0.0010000000	10	100	0	0.975719
2729000	-0.4000000000	0.0001000000	0.0010000000	10	100	0	0.975719
2730000	-0.4000000000	0.0001000000	0.0010000000	10	100	0	0.975719
2731000	-0.4000000000	0.0001000000	0.0010000000	10	100	0	0.975058
2732000	-0.4000000000	0.0001000000	0.0010000000	10	100	0	0.974393
2733000	-0.4000000000	0.0001000000	0.0010000000	10	100	0	0.973048
2734000	-0.4000000000	0.0001000000	0.0010000000	10	100	0	0.972369
2735000	-0.4000000000	0.0001000000	0.0010000000	10	100	0	0.970306
2736000	-0.4000000000	0.0001000000	0.0010000000	10	100	0	0.969610
2737000	-0.4000000000	0.0001000000	0.0010000000	10	100	0	0.969610
2738000	-0.4000000000	0.0001000000	0.0010000000	10	100	0	0.970306
2739000	-0.4000000000	0.0001000000	0.0010000000	10	100	0	0.970306
2740000	-0.4000000000	0.0001000000	0.0010000000	10	100	0	0.970860
2741000	-0.4000000000	0.0001000000	0.0010000000	10	100	0	0.970998
2742000	-0.4000000000	0.0001000000	0.0010000000	10	100	0	0.970306
2743000	-0.4000000000	0.0001000000	0.0010000000	10	100	0	0.970306
2744000	-0.4000000000	0.0001000000	0.0010000000	10	100	0	0.970306
2745000	-0.4000000000	0.0001000000	0.0010000000	10	100	0	0.969470
2746000	-0.4000000000	0.0001000000	0.0010000000	10	100	0	0.969610
2747000	-0.4000000000	0.0001000000	0.0010000000	10	100	0	0.970306
2748000	-0.4000000000	0.0001000000	0.0010000000	10	100	0	0.970998
2749000	-0.4000000000	0.0001000000	0.0010000000	10	100	0	0.970306
2750000	-0.4000000000	0.0001000000	0.0010000000	10	100	0	0.970998
2751000	-0.4000000000	0.0001000000	0.0010000000	10	100	0	0.970306
2752000	-0.4000000000	0.0001000000	0.0010000000	10	100	0	0.970998
2753000	-0.4000000000	0.0001000000	0.0010000000	10	100	0	0.971686
2754000	-0.4000000000	0.0001000000	0.0010000000	10	100	0	0.971686
2755000	-0.4000000000	0.0001000000	0.0010000000	10	100	0	0.972369
2756000	-0.4000000000	0.0001000000	0.0010000000	10	100	0	0.972369
2757000	-0.4000000000	0.0001000000	0.0010000000	10	100	0	0.970998
2758000	-0.4000000000	0.0001000000	0.0010000000	10	100	0	0.970306
2759000	-0.4000000000	0.0001000000	0.0010000000	10	100	0	0.970306
2760000	-0.4000000000	0.0001000000	0.0010000000	10	100	0	0.968206
2761000	-0.4000000000	0.0001000000	0.0010000000	10	100	0	0.968910
2762000	-0.4000000000	0.0001000000	0.0010000000	10	100	0	0.968840
2763000	-0.4000000000	0.0001000000	0.0010000000	10	100	0	0.969610
2764000	-0.4000000000	0.0001000000	0.0010000000	10	100	0	0.969610
2765000	-0.4000000000	0.0001000000	0.0010000000	10	100	0	0.969610
2766000	-0.4000000000	0.0001000000	0.0010000000	10	100	0	0.970998
2767000	-0.4000000000	0.0001000000	0.0010000000	10	100	0	0.971686
2768000	-0.4000000000	0.0001000000	0.0010000000	10	100	0	0.972369
2769000	-0.4000000000	0.0001000000	0.0010000000	10	100	0	0.971686
2770000	-0.4000000000	0.0001000000	0.0010000000	10	100	0	0.972980
2771000	-0.4000000000	0.0001000000	0.0010000000	10	100	0	0.973048
2772000	-0.4000000000	0.0001000000	0.0010000000	10	100	0	0.973048
2773000	-0.4000000000	0.0001000000	0.0010000000	10	100	0	0.973048
2774000	-0.4000000000	0.0001000000	0.0010000000	10	100	0	0.973048
2775000	-0.4000000000	0.0001000000	0.0010000000	10	100	0	0.973723
2776000	-0.4000000000	0.0001000000	0.0010000000	10	100	0	0.973723
2777000	-0.4000000000	0.0001000000	0.0010000000	10	100	0	0.973048
2778000	-0.4000000000	0.0001000000	0.0010000000	10	100	0	0.975058
2779000	-0.4000000000	0.0001000000	0.0010000000	10	100	0	0.974393
2780000	-0.4000000000	0.0001000000	0.0010000000	10	100	0	0.973723
2781000	-0.4000000000	0.0001000000	0.0010000000	10	100	0	0.974393
2782000	-0.4000000000	0.0001000000	0.0010000000	10	100	0	0.973723
2783000	-0.4000000000	0.0001000000	0.0010000000	10	100	0	0.973723
2784000	-0.4000000000	0.0001000000	0.0010000000	10	100	0	0.973723
2785000	-0.4000000000	0.0001000000	0.0010000000	10	100	0	0.973723
2786000	-0.4000000000	0.0001000000	0.0010000000	10	100	0	0.973048
2787000	-0.4000000000	0.0001000000	0.0010000000	10	100	0	0.973723
2788000	-0.4000000000	0.0001000000	0.0010000000	10	100	0	0.974326
2789000	-0.4000000000	0.0001000000	0.0010000000	10	100	0	0.973723
2790000	-0.4000000000	0.0001000000	0.0010000000	10	100	0	0.973723
2791000	-0.4000000000	0.0001000000	0.0010000000	10	100	0	0.973723
2792000	-0.4000000000	0.0001000000	0.0010000000	10	100	0	0.973723
2793000	-0.4000000000	0.0001000000	0.0010000000	10	100	0	0.973723
2794000	-0.4000000000	0.0001000000	0.0010000000	10	100	0	0.973723
2795000	-0.4000000000	0.0001000000	0.0010000000	10	100	0	0.974393
2796000	-0.4000000000	0.0001000000	0.0010000000	10	100	0	0.975058
2797000	-0.4000000000	0.0001000000	0.0010000000	10	100	0	0.975058
2798000	-0.4000000000	0.0001000000	0.0010000000	10	100	0	0.975719
2799000	-0.4000000000	0.0001000000	0.0010000000	10	100	0	0.975719
2800000	-0.4000000000	0.0001000000	0.0010000000	10	100	0	0.975719
2801000	-0.4000000000	0.0001000000	0.0010000000	10	100	0	0.975058
2802000	-0.4000000000	0.0001000000	0.0010000000	10	100	0	0.975058
2803000	-0.4000000000	0.0001000000	0.0010000000	10	100	0	0.975058
2804000	-0.4000000000	0.0001000000	0.0010000000	10	100	0	0.973048
2805000	-0.4000000000	0.0001000000	0.0010000000	10	100	0	0.973723
2806000	-0.4000000000	0.0001000000	0.0010000000	10	100	0	0.973723
2807000	-0.4000000000	0.0001000000	0.0010000000	10	100	0	0.974393
2808000	-0.4000000000	0.0001000000	0.0010000000	10	100	0	0.973048
2809000	-0.4000000000	0.0001000000	0.0010000000	10	100	0	0.973048
2810000	-0.4000000000	0.0001000000	0.0010000000	10	100	0	0.973048
2811000	-0.4000000000	0.0001000000	0.0010000000	10	100	0	0.973048
2812000	-0.4000000000	0.0001000000	0.0010000000	10	100	0	0.973048
2813000	-0.4000000000	0.0001000000	0.0010000000	10	100	0	0.973048
2814000	-0.4000000000	0.0001000000	0.0010000000	10	100	0	0.972369
2815000	-0.4000000000	0.0001000000	0.0010000000	10	100	0	0.972369
2816000	-0.4000000000	0.0001000000	0.0010000000	10	100	0	0.972369
2817000	-0.4000000000	0.0001000000	0.0010000000	10	100	0	0.970998
2818000	-0.4000000000	0.0001000000	0.0010000000	10	100	0	0.971686
2819000	-0.4000000000	0.0001000000	0.0010000000	10	100	0	0.972369
2820000	-0.4000000000	0.0001000000	0.0010000000	10	100	0	0.972369
2821000	-0.4000000000	0.0001000000	0.0010000000	10	100	0	0.972369
2822000	-0.4000000000	0.0001000000	0.0010000000	10	100	0	0.973048
2823000	-0.4000000000	0.0001000000	0.0010000000	10	100	0	0.972369
2824000	-0.4000000000	0.0001000000	0.0010000000	10	100	0	0.970998
2825000	-0.4000000000	0.0001000000	0.0010000000	10	100	0	0.970306
2826000	-0.4000000000	0.0001000000	0.0010000000	10	100	0	0.969610
2827000	-0.4000000000	0.0001000000	0.0010000000	10	100	0	0.971686
2828000	-0.4000000000	0.0001000000	0.0010000000	10	100	0	0.973048
2829000	-0.4000000000	0.0001000000	0.0010000000	10	100	0	0.973048
2830000	-0.4000000000	0.0001000000	0.0010000000	10	100	0	0.972369
2831000	-0.4000000000	0.0001000000	0.0010000000	10	100	0	0.972369
2832000	-0.4000000000	0.0001000000	0.0010000000	10	100	0	0.973048
2833000	-0.4000000000	0.0001000000	0.0010000000	10	100	0	0.973723
2834000	-0.4000000000	0.0001000000	0.0010000000	10	100	0	0.973723
2835000	-0.4000000000	0.0001000000	0.0010000000	10	100	0	0.971686
2836000	-0.4000000000	0.0001000000	0.0010000000	10	100	0	0.971686
2837000	-0.4000000000	0.0001000000	0.0010000000	10	100	0	0.974393
2838000	-0.4000000000	0.0001000000	0.0010000000	10	100	0	0.974393
2839000	-0.4000000000	0.0001000000	0.0010000000	10	100	0	0.974393
2840000	-0.4000000000	0.0001000000	0.0010000000	10	100	0	0.975058
2841000	-0.4000000000	0.0001000000	0.0010000000	10	100	0	0.975058
2842000	-0.4000000000	0.0001000000	0.0010000000	10	100	0	0.975058
2843000	-0.4000000000	0.0001000000	0.0010000000	10	100	0	0.974393
2844000	-0.4000000000	0.0001000000	0.0010000000	10	100	0	0.974393
2845000	-0.4000000000	0.0001000000	0.0010000000	10	100	0	0.973723
2846000	-0.4000000000	0.0001000000	0.0010000000	10	100	0	0.973723
2847000	-0.4000000000	0.0001000000	0.0010000000	10	100	0	0.973723
2848000	-0.4000000000	0.0001000000	0.0010000000	10	100	0	0.973048
2849000	-0.4000000000	0.0001000000	0.0010000000	10	100	0	0.973048
2850000	-0.4000000000	0.0001000000	0.0010000000	10	100	0	0.973048
2851000	-0.4000000000	0.0001000000	0.0010000000	10	100	0	0.972369
2852000	-0.4000000000	0.0001000000	0.0010000000	10	100	0	0.972369
2853000	-0.4000000000	0.0001000000	0.0010000000	10	100	0	0.972369
2854000	-0.4000000000	0.0001000000	0.0010000000	10	100	0	0.973048
2855000	-0.4000000000	0.0001000000	0.0010000000	10	100	0	0.974393
2856000	-0.4000000000	0.0001000000	0.0010000000	10	100	0	0.973048
2857000	-0.4000000000	0.0001000000	0.0010000000	10	100	0	0.973048
2858000	-0.4000000000	0.0001000000	0.0010000000	10	100	0	0.972980
2859000	-0.4000000000	0.0001000000	0.0010000000	10	100	0	0.973048
2860000	-0.4000000000	0.0001000000	0.0010000000	10	100	0	0.973048
2861000	-0.4000000000	0.0001000000	0.0010000000	10	100	0	0.973048
2862000	-0.4000000000	0.0001000000	0.0010000000	10	100	0	0.973723
2863000	-0.4000000000	0.0001000000	0.0010000000	10	100	0	0.975719
2864000	-0.4000000000	0.0001000000	0.0010000000	10	100	0	0.975719
2865000	-0.4000000000	0.0001000000	0.0010000000	10	100	0	0.975719
2866000	-0.4000000000	0.0001000000	0.0010000000	10	100	0	0.975719
2867000	-0.4000000000	0.0001000000	0.0010000000	10	100	0	0.976375
2868000	-0.4000000000	0.0001000000	0.0010000000	10	100	0	0.976375
2869000	-0.4000000000	0.0001000000	0.0010000000	10	100	0	0.976375
2870000	-0.4000000000	0.0001000000	0.0010000000	10	100	0	0.977026
2871000	-0.4000000000	0.0001000000	0.0010000000	10	100	0	0.978314
2872000	-0.4000000000	0.0001000000	0.0010000000	10	100	0	0.978314
2873000	-0.4000000000	0.0001000000	0.0010000000	10	100	0	0.977026
2874000	-0.4000000000	0.0001000000	0.0010000000	10	100	0	0.977026
2875000	-0.4000000000	0.0001000000	0.0010000000	10	100	0	0.977608
2876000	-0.4000000000	0.0001000000	0.0010000000	10	100	0	0.977026
2877000	-0.4000000000	0.0001000000	0.0010000000	10	100	0	0.975719
2878000	-0.4000000000	0.0001000000	0.0010000000	10	100	0	0.975058
2879000	-0.4000000000	0.0001000000	0.0010000000	10	100	0	0.975058
2880000	-0.4000000000	0.0001000000	0.0010000000	10	100	0	0.975719
2881000	-0.4000000000	0.0001000000	0.0010000000	10	100	0	0.975719
2882000	-0.4000000000	0.0001000000	0.0010000000	10	100	0	0.975058
2883000	-0.4000000000	0.0001000000	0.0010000000	10	100	0	0.974459
2884000	-0.4000000000	0.0001000000	0.0010000000	10	100	0	0.972980
2885000	-0.4000000000	0.0001000000	0.0010000000	10	100	0	0.973048
2886000	-0.4000000000	0.0001000000	0.0010000000	10	100	0	0.973048
2887000	-0.4000000000	0.0001000000	0.0010000000	10	100	0	0.972369
2888000	-0.4000000000	0.0001000000	0.0010000000	10	100	0	0.973048
2889000	-0.4000000000	0.0001000000	0.0010000000	10	100	0	0.973723
2890000	-0.4000000000	0.0001000000	0.0010000000	10	100	0	0.972369
2891000	-0.4000000000	0.0001000000	0.0010000000	10	100	0	0.971686
2892000	-0.4000000000	0.0001000000	0.0010000000	10	100	0	0.971686
2893000	-0.4000000000	0.0001000000	0.0010000000	10	100	0	0.970998
2894000	-0.4000000000	0.0001000000	0.0010000000	10	100	0	0.971686
2895000	-0.4000000000	0.0001000000	0.0010000000	10	100	0	0.972369
2896000	-0.4000000000	0.0001000000	0.0010000000	10	100	0	0.972369
2897000	-0.4000000000	0.0001000000	0.0010000000	10	100	0	0.971686
2898000	-0.4000000000	0.0001000000	0.0010000000	10	100	0	0.972369
2899000	-0.4000000000	0.0001000000	0.0010000000	10	100	0	0.973723
2900000	-0.4000000000	0.0001000000	0.0010000000	10	100	0	0.974393
2901000	-0.4000000000	0.0001000000	0.0010000000	10	100	0	0.975058
2902000	-0.4000000000	0.0001000000	0.0010000000	10	100	0	0.975058
2903000	-0.4000000000	0.0001000000	0.0010000000	10	100	0	0.975058
2904000	-0.4000000000	0.0001000000	0.0010000000	10	100	0	0.975719
2905000	-0.4000000000	0.0001000000	0.0010000000	10	100	0	0.974393
2906000	-0.4000000000	0.0001000000	0.0010000000	10	100	0	0.974393
2907000	-0.4000000000	0.0001000000	0.0010000000	10	100	0	0.974459
2908000	-0.4000000000	0.0001000000	0.0010000000	10	100	0	0.974393
2909000	-0.4000000000	0.0001000000	0.0010000000	10	100	0	0.974393
2910000	-0.4000000000	0.0001000000	0.0010000000	10	100	0	0.974393
2911000	-0.4000000000	0.0001000000	0.0010000000	10	100	0	0.975058
2912000	-0.4000000000	0.0001000000	0.0010000000	10	100	0	0.974393
2913000	-0.4000000000	0.0001000000	0.0010000000	10	100	0	0.974393
2914000	-0.4000000000	0.0001000000	0.0010000000	10	100	0	0.975058
2915000	-0.4000000000	0.0001000000	0.0010000000	10	100	0	0.975058
2916000	-0.4000000000	0.0001000000	0.0010000000	10	100	0	0.975058
2917000	-0.4000000000	0.0001000000	0.0010000000	10	100	0	0.975058
2918000	-0.4000000000	0.0001000000	0.0010000000	10	100	0	0.975719
2919000	-0.4000000000	0.0001000000	0.0010000000	10	100	0	0.975784
2920000	-0.4000000000	0.0001000000	0.0010000000	10	100	0	0.975719
2921000	-0.4000000000	0.0001000000	0.0010000000	10	100	0	0.977672
2922000	-0.4000000000	0.0001000000	0.0010000000	10	100	0	0.977672
2923000	-0.4000000000	0.0001000000	0.0010000000	10	100	0	0.977026
2924000	-0.4000000000	0.0001000000	0.0010000000	10	100	0	0.977026
2925000	-0.4000000000	0.0001000000	0.0010000000	10	100	0	0.976375
2926000	-0.4000000000	0.0001000000	0.0010000000	10	100	0	0.976375
2927000	-0.4000000000	0.0001000000	0.0010000000	10	100	0	0.975719
2928000	-0.4000000000	0.0001000000	0.0010000000	10	100	0	0.975719
2929000	-0.4000000000	0.0001000000	0.0010000000	10	100	0	0.975719
2930000	-0.4000000000	0.0001000000	0.0010000000	10	100	0	0.974393
2931000	-0.4000000000	0.0001000000	0.0010000000	10	100	0	0.975058
2932000	-0.4000000000	0.0001000000	0.0010000000	10	100	0	0.975719
2933000	-0.4000000000	0.0001000000	0.0010000000	10	100	0	0.975058
2934000	-0.4000000000	0.0001000000	0.0010000000	10	100	0	0.976440
2935000	-0.4000000000	0.0001000000	0.0010000000	10	100	0	0.977026
2936000	-0.4000000000	0.0001000000	0.0010000000	10	100	0	0.977026
2937000	-0.4000000000	0.0001000000	0.0010000000	10	100	0	0.975719
2938000	-0.4000000000	0.0001000000	0.0010000000	10	100	0	0.975653
2939000	-0.4000000000	0.0001000000	0.0010000000	10	100	0	0.975719
2940000	-0.4000000000	0.0001000000	0.0010000000	10	100	0	0.975719
2941000	-0.4000000000	0.0001000000	0.0010000000	10	100	0	0.975058
2942000	-0.4000000000	0.0001000000	0.0010000000	10	100	0	0.975058
2943000	-0.4000000000	0.0001000000	0.0010000000	10	100	0	0.975058
2944000	-0.4000000000	0.0001000000	0.0010000000	10	100	0	0.974393
2945000	-0.4000000000	0.0001000000	0.0010000000	10	100	0	0.973723
2946000	-0.4000000000	0.0001000000	0.0010000000	10	100	0	0.973723
2947000	-0.4000000000	0.0001000000	0.0010000000	10	100	0	0.974393
2948000	-0.4000000000	0.0001000000	0.0010000000	10	100	0	0.973723
2949000	-0.4000000000	0.0001000000	0.0010000000	10	100	0	0.972844
2950000	-0.4000000000	0.0001000000	0.0010000000	10	100	0	0.973048
2951000	-0.4000000000	0.0001000000	0.0010000000	10	100	0	0.973048
2952000	-0.4000000000	0.0001000000	0.0010000000	10	100	0	0.973723
2953000	-0.4000000000	0.0001000000	0.0010000000	10	100	0	0.974393
2954000	-0.4000000000	0.0001000000	0.0010000000	10	100	0	0.973723
2955000	-0.4000000000	0.0001000000	0.0010000000	10	100	0	0.974393
2956000	-0.4000000000	0.0001000000	0.0010000000	10	100	0	0.973723
2957000	-0.4000000000	0.0001000000	0.0010000000	10	100	0	0.973723
2958000	-0.4000000000	0.0001000000	0.0010000000	10	100	0	0.973790
2959000	-0.4000000000	0.0001000000	0.0010000000	10	100	0	0.973723
2960000	-0.4000000000	0.0001000000	0.0010000000	10	100	0	0.974393
2961000	-0.4000000000	0.0001000000	0.0010000000	10	100	0	0.974393
2962000	-0.4000000000	0.0001000000	0.0010000000	10	100	0	0.974393
2963000	-0.4000000000	0.0001000000	0.0010000000	10	100	0	0.975719
2964000	-0.4000000000	0.0001000000	0.0010000000	10	100	0	0.977026
2965000	-0.4000000000	0.0001000000	0.0010000000	10	100	0	0.977026
2966000	-0.4000000000	0.0001000000	0.0010000000	10	100	0	0.977865
2967000	-0.4000000000	0.0001000000	0.0010000000	10	100	0	0.977672
2968000	-0.4000000000	0.0001000000	0.0010000000	10	100	0	0.978314
2969000	-0.4000000000	0.0001000000	0.0010000000	10	100	0	0.978185
2970000	-0.4000000000	0.0001000000	0.0010000000	10	100	0	0.977543
2971000	-0.4000000000	0.0001000000	0.0010000000	10	100	0	0.978314
2972000	-0.4000000000	0.0001000000	0.0010000000	10	100	0	0.977672
2973000	-0.4000000000	0.0001000000	0.0010000000	10	100	0	0.978950
2974000	-0.4000000000	0.0001000000	0.0010000000	10	100	0	0.978950
2975000	-0.4000000000	0.0001000000	0.0010000000	10	100	0	0.978950
2976000	-0.4000000000	0.0001000000	0.0010000000	10	100	0	0.978950
2977000	-0.4000000000	0.0001000000	0.0010000000	10	100	0	0.978950
2978000	-0.4000000000	0.0001000000	0.0010000000	10	100	0	0.978314
2979000	-0.4000000000	0.0001000000	0.0010000000	10	100	0	0.977672
2980000	-0.4000000000	0.0001000000	0.0010000000	10	100	0	0.977672
2981000	-0.4000000000	0.0001000000	0.0010000000	10	100	0	0.977672
2982000	-0.4000000000	0.0001000000	0.0010000000	10	100	0	0.977672
2983000	-0.4000000000	0.0001000000	0.0010000000	10	100	0	0.977672
2984000	-0.4000000000	0.0001000000	0.0010000000	10	100	0	0.977672
2985000	-0.4000000000	0.0001000000	0.0010000000	10	100	0	0.977672
2986000	-0.4000000000	0.0001000000	0.0010000000	10	100	0	0.978314
2987000	-0.4000000000	0.0001000000	0.0010000000	10	100	0	0.977672
2988000	-0.4000000000	0.0001000000	0.0010000000	10	100	0	0.977672
2989000	-0.4000000000	0.0001000000	0.0010000000	10	100	0	0.977026
2990000	-0.4000000000	0.0001000000	0.0010000000	10	100	0	0.977026
2991000	-0.4000000000	0.0001000000	0.0010000000	10	100	0	0.976375
2992000	-0.4000000000	0.0001000000	0.0010000000	10	100	0	0.975719
2993000	-0.4000000000	0.0001000000	0.0010000000	10	100	0	0.975719
2994000	-0.4000000000	0.0001000000	0.0010000000	10	100	0	0.976375
2995000	-0.4000000000	0.0001000000	0.0010000000	10	100	0	0.976375
2996000	-0.4000000000	0.0001000000	0.0010000000	10	100	0	0.976375
2997000	-0.4000000000	0.0001000000	0.0010000000	10	100	0	0.976375
2998000	-0.4000000000	0.0001000000	0.0010000000	10	100	0	0.977026
2999000	-0.4000000000	0.0001000000	0.0010000000	10	100	0	0.977026
3000000	-0.4000000000	0.0001000000	0.0010000000	10	100	0	0.977026
