time	epistasis_coef	sel_coef	mu_prob	Ne	L	k_start	mean_fitness
2000000	-0.2000000000	0.0100000000	0.0001000000	10	100	0	0.433219
2001000	-0.2000000000	0.0100000000	0.0001000000	10	100	0	0.433219
2002000	-0.2000000000	0.0100000000	0.0001000000	10	100	0	0.433219
2003000	-0.2000000000	0.0100000000	0.0001000000	10	100	0	0.433219
2004000	-0.2000000000	0.0100000000	0.0001000000	10	100	0	0.433219
2005000	-0.2000000000	0.0100000000	0.0001000000	10	100	0	0.433219
2006000	-0.2000000000	0.0100000000	0.0001000000	10	100	0	0.433219
2007000	-0.2000000000	0.0100000000	0.0001000000	10	100	0	0.433219
2008000	-0.2000000000	0.0100000000	0.0001000000	10	100	0	0.433219
2009000	-0.2000000000	0.0100000000	0.0001000000	10	100	0	0.433219
2010000	-0.2000000000	0.0100000000	0.0001000000	10	100	0	0.433219
2011000	-0.2000000000	0.0100000000	0.0001000000	10	100	0	0.433219
2012000	-0.2000000000	0.0100000000	0.0001000000	10	100	0	0.433219
2013000	-0.2000000000	0.0100000000	0.0001000000	10	100	0	0.433219
2014000	-0.2000000000	0.0100000000	0.0001000000	10	100	0	0.433219
2015000	-0.2000000000	0.0100000000	0.0001000000	10	100	0	0.433219
2016000	-0.2000000000	0.0100000000	0.0001000000	10	100	0	0.433219
2017000	-0.2000000000	0.0100000000	0.0001000000	10	100	0	0.433219
2018000	-0.2000000000	0.0100000000	0.0001000000	10	100	0	0.433219
2019000	-0.2000000000	0.0100000000	0.0001000000	10	100	0	0.433219
2020000	-0.2000000000	0.0100000000	0.0001000000	10	100	0	0.433219
2021000	-0.2000000000	0.0100000000	0.0001000000	10	100	0	0.433219
2022000	-0.2000000000	0.0100000000	0.0001000000	10	100	0	0.433219
2023000	-0.2000000000	0.0100000000	0.0001000000	10	100	0	0.422456
2024000	-0.2000000000	0.0100000000	0.0001000000	10	100	0	0.422456
2025000	-0.2000000000	0.0100000000	0.0001000000	10	100	0	0.422456
2026000	-0.2000000000	0.0100000000	0.0001000000	10	100	0	0.422456
2027000	-0.2000000000	0.0100000000	0.0001000000	10	100	0	0.422456
2028000	-0.2000000000	0.0100000000	0.0001000000	10	100	0	0.422456
2029000	-0.2000000000	0.0100000000	0.0001000000	10	100	0	0.411910
2030000	-0.2000000000	0.0100000000	0.0001000000	10	100	0	0.411910
2031000	-0.2000000000	0.0100000000	0.0001000000	10	100	0	0.411910
2032000	-0.2000000000	0.0100000000	0.0001000000	10	100	0	0.411910
2033000	-0.2000000000	0.0100000000	0.0001000000	10	100	0	0.401579
2034000	-0.2000000000	0.0100000000	0.0001000000	10	100	0	0.401579
2035000	-0.2000000000	0.0100000000	0.0001000000	10	100	0	0.401579
2036000	-0.2000000000	0.0100000000	0.0001000000	10	100	0	0.401579
2037000	-0.2000000000	0.0100000000	0.0001000000	10	100	0	0.401579
2038000	-0.2000000000	0.0100000000	0.0001000000	10	100	0	0.401579
2039000	-0.2000000000	0.0100000000	0.0001000000	10	100	0	0.401579
2040000	-0.2000000000	0.0100000000	0.0001000000	10	100	0	0.401579
2041000	-0.2000000000	0.0100000000	0.0001000000	10	100	0	0.401579
2042000	-0.2000000000	0.0100000000	0.0001000000	10	100	0	0.401579
2043000	-0.2000000000	0.0100000000	0.0001000000	10	100	0	0.401579
2044000	-0.2000000000	0.0100000000	0.0001000000	10	100	0	0.401579
2045000	-0.2000000000	0.0100000000	0.0001000000	10	100	0	0.401579
2046000	-0.2000000000	0.0100000000	0.0001000000	10	100	0	0.401579
2047000	-0.2000000000	0.0100000000	0.0001000000	10	100	0	0.401579
2048000	-0.2000000000	0.0100000000	0.0001000000	10	100	0	0.391460
2049000	-0.2000000000	0.0100000000	0.0001000000	10	100	0	0.391460
2050000	-0.2000000000	0.0100000000	0.0001000000	10	100	0	0.391460
2051000	-0.2000000000	0.0100000000	0.0001000000	10	100	0	0.391460
2052000	-0.2000000000	0.0100000000	0.0001000000	10	100	0	0.391460
2053000	-0.2000000000	0.0100000000	0.0001000000	10	100	0	0.391460
2054000	-0.2000000000	0.0100000000	0.0001000000	10	100	0	0.391460
2055000	-0.2000000000	0.0100000000	0.0001000000	10	100	0	0.391460
2056000	-0.2000000000	0.0100000000	0.0001000000	10	100	0	0.391460
2057000	-0.2000000000	0.0100000000	0.0001000000	10	100	0	0.391460
2058000	-0.2000000000	0.0100000000	0.0001000000	10	100	0	0.391460
2059000	-0.2000000000	0.0100000000	0.0001000000	10	100	0	0.391460
2060000	-0.2000000000	0.0100000000	0.0001000000	10	100	0	0.391460
2061000	-0.2000000000	0.0100000000	0.0001000000	10	100	0	0.391460
2062000	-0.2000000000	0.0100000000	0.0001000000	10	100	0	0.391460
2063000	-0.2000000000	0.0100000000	0.0001000000	10	100	0	0.391460
2064000	-0.2000000000	0.0100000000	0.0001000000	10	100	0	0.391460
2065000	-0.2000000000	0.0100000000	0.0001000000	10	100	0	0.391460
2066000	-0.2000000000	0.0100000000	0.0001000000	10	100	0	0.391460
2067000	-0.2000000000	0.0100000000	0.0001000000	10	100	0	0.391460
2068000	-0.2000000000	0.0100000000	0.0001000000	10	100	0	0.391460
2069000	-0.2000000000	0.0100000000	0.0001000000	10	100	0	0.391460
2070000	-0.2000000000	0.0100000000	0.0001000000	10	100	0	0.391460
2071000	-0.2000000000	0.0100000000	0.0001000000	10	100	0	0.391460
2072000	-0.2000000000	0.0100000000	0.0001000000	10	100	0	0.391460
2073000	-0.2000000000	0.0100000000	0.0001000000	10	100	0	0.391460
2074000	-0.2000000000	0.0100000000	0.0001000000	10	100	0	0.391460
2075000	-0.2000000000	0.0100000000	0.0001000000	10	100	0	0.391460
2076000	-0.2000000000	0.0100000000	0.0001000000	10	100	0	0.401579
2077000	-0.2000000000	0.0100000000	0.0001000000	10	100	0	0.401579
2078000	-0.2000000000	0.0100000000	0.0001000000	10	100	0	0.401579
2079000	-0.2000000000	0.0100000000	0.0001000000	10	100	0	0.401579
2080000	-0.2000000000	0.0100000000	0.0001000000	10	100	0	0.401579
2081000	-0.2000000000	0.0100000000	0.0001000000	10	100	0	0.401579
2082000	-0.2000000000	0.0100000000	0.0001000000	10	100	0	0.401579
2083000	-0.2000000000	0.0100000000	0.0001000000	10	100	0	0.401579
2084000	-0.2000000000	0.0100000000	0.0001000000	10	100	0	0.401579
2085000	-0.2000000000	0.0100000000	0.0001000000	10	100	0	0.401579
2086000	-0.2000000000	0.0100000000	0.0001000000	10	100	0	0.401579
2087000	-0.2000000000	0.0100000000	0.0001000000	10	100	0	0.401579
2088000	-0.2000000000	0.0100000000	0.0001000000	10	100	0	0.401579
2089000	-0.2000000000	0.0100000000	0.0001000000	10	100	0	0.401579
2090000	-0.2000000000	0.0100000000	0.0001000000	10	100	0	0.401579
2091000	-0.2000000000	0.0100000000	0.0001000000	10	100	0	0.401579
2092000	-0.2000000000	0.0100000000	0.0001000000	10	100	0	0.401579
2093000	-0.2000000000	0.0100000000	0.0001000000	10	100	0	0.401579
2094000	-0.2000000000	0.0100000000	0.0001000000	10	100	0	0.401579
2095000	-0.2000000000	0.0100000000	0.0001000000	10	100	0	0.401579
2096000	-0.2000000000	0.0100000000	0.0001000000	10	100	0	0.391460
2097000	-0.2000000000	0.0100000000	0.0001000000	10	100	0	0.381552
2098000	-0.2000000000	0.0100000000	0.0001000000	10	100	0	0.381552
2099000	-0.2000000000	0.0100000000	0.0001000000	10	100	0	0.381552
2100000	-0.2000000000	0.0100000000	0.0001000000	10	100	0	0.371853
2101000	-0.2000000000	0.0100000000	0.0001000000	10	100	0	0.371853
2102000	-0.2000000000	0.0100000000	0.0001000000	10	100	0	0.371853
2103000	-0.2000000000	0.0100000000	0.0001000000	10	100	0	0.371853
2104000	-0.2000000000	0.0100000000	0.0001000000	10	100	0	0.371853
2105000	-0.2000000000	0.0100000000	0.0001000000	10	100	0	0.371853
2106000	-0.2000000000	0.0100000000	0.0001000000	10	100	0	0.371853
2107000	-0.2000000000	0.0100000000	0.0001000000	10	100	0	0.371853
2108000	-0.2000000000	0.0100000000	0.0001000000	10	100	0	0.371853
2109000	-0.2000000000	0.0100000000	0.0001000000	10	100	0	0.371853
2110000	-0.2000000000	0.0100000000	0.0001000000	10	100	0	0.371853
2111000	-0.2000000000	0.0100000000	0.0001000000	10	100	0	0.371853
2112000	-0.2000000000	0.0100000000	0.0001000000	10	100	0	0.371853
2113000	-0.2000000000	0.0100000000	0.0001000000	10	100	0	0.371853
2114000	-0.2000000000	0.0100000000	0.0001000000	10	100	0	0.371853
2115000	-0.2000000000	0.0100000000	0.0001000000	10	100	0	0.371853
2116000	-0.2000000000	0.0100000000	0.0001000000	10	100	0	0.371853
2117000	-0.2000000000	0.0100000000	0.0001000000	10	100	0	0.371853
2118000	-0.2000000000	0.0100000000	0.0001000000	10	100	0	0.362359
2119000	-0.2000000000	0.0100000000	0.0001000000	10	100	0	0.362359
2120000	-0.2000000000	0.0100000000	0.0001000000	10	100	0	0.362359
2121000	-0.2000000000	0.0100000000	0.0001000000	10	100	0	0.362359
2122000	-0.2000000000	0.0100000000	0.0001000000	10	100	0	0.362359
2123000	-0.2000000000	0.0100000000	0.0001000000	10	100	0	0.362359
2124000	-0.2000000000	0.0100000000	0.0001000000	10	100	0	0.362359
2125000	-0.2000000000	0.0100000000	0.0001000000	10	100	0	0.362359
2126000	-0.2000000000	0.0100000000	0.0001000000	10	100	0	0.362359
2127000	-0.2000000000	0.0100000000	0.0001000000	10	100	0	0.362359
2128000	-0.2000000000	0.0100000000	0.0001000000	10	100	0	0.362359
2129000	-0.2000000000	0.0100000000	0.0001000000	10	100	0	0.362359
2130000	-0.2000000000	0.0100000000	0.0001000000	10	100	0	0.362359
2131000	-0.2000000000	0.0100000000	0.0001000000	10	100	0	0.362359
2132000	-0.2000000000	0.0100000000	0.0001000000	10	100	0	0.362359
2133000	-0.2000000000	0.0100000000	0.0001000000	10	100	0	0.362359
2134000	-0.2000000000	0.0100000000	0.0001000000	10	100	0	0.362359
2135000	-0.2000000000	0.0100000000	0.0001000000	10	100	0	0.362359
2136000	-0.2000000000	0.0100000000	0.0001000000	10	100	0	0.362359
2137000	-0.2000000000	0.0100000000	0.0001000000	10	100	0	0.362359
2138000	-0.2000000000	0.0100000000	0.0001000000	10	100	0	0.362359
2139000	-0.2000000000	0.0100000000	0.0001000000	10	100	0	0.362359
2140000	-0.2000000000	0.0100000000	0.0001000000	10	100	0	0.353069
2141000	-0.2000000000	0.0100000000	0.0001000000	10	100	0	0.353069
2142000	-0.2000000000	0.0100000000	0.0001000000	10	100	0	0.362359
2143000	-0.2000000000	0.0100000000	0.0001000000	10	100	0	0.362359
2144000	-0.2000000000	0.0100000000	0.0001000000	10	100	0	0.362359
2145000	-0.2000000000	0.0100000000	0.0001000000	10	100	0	0.362359
2146000	-0.2000000000	0.0100000000	0.0001000000	10	100	0	0.362359
2147000	-0.2000000000	0.0100000000	0.0001000000	10	100	0	0.362359
2148000	-0.2000000000	0.0100000000	0.0001000000	10	100	0	0.362359
2149000	-0.2000000000	0.0100000000	0.0001000000	10	100	0	0.371853
2150000	-0.2000000000	0.0100000000	0.0001000000	10	100	0	0.371853
2151000	-0.2000000000	0.0100000000	0.0001000000	10	100	0	0.371853
2152000	-0.2000000000	0.0100000000	0.0001000000	10	100	0	0.371853
2153000	-0.2000000000	0.0100000000	0.0001000000	10	100	0	0.371853
2154000	-0.2000000000	0.0100000000	0.0001000000	10	100	0	0.371853
2155000	-0.2000000000	0.0100000000	0.0001000000	10	100	0	0.371853
2156000	-0.2000000000	0.0100000000	0.0001000000	10	100	0	0.371853
2157000	-0.2000000000	0.0100000000	0.0001000000	10	100	0	0.371853
2158000	-0.2000000000	0.0100000000	0.0001000000	10	100	0	0.371853
2159000	-0.2000000000	0.0100000000	0.0001000000	10	100	0	0.371853
2160000	-0.2000000000	0.0100000000	0.0001000000	10	100	0	0.371853
2161000	-0.2000000000	0.0100000000	0.0001000000	10	100	0	0.371853
2162000	-0.2000000000	0.0100000000	0.0001000000	10	100	0	0.371853
2163000	-0.2000000000	0.0100000000	0.0001000000	10	100	0	0.371853
2164000	-0.2000000000	0.0100000000	0.0001000000	10	100	0	0.371853
2165000	-0.2000000000	0.0100000000	0.0001000000	10	100	0	0.371853
2166000	-0.2000000000	0.0100000000	0.0001000000	10	100	0	0.371853
2167000	-0.2000000000	0.0100000000	0.0001000000	10	100	0	0.371853
2168000	-0.2000000000	0.0100000000	0.0001000000	10	100	0	0.371853
2169000	-0.2000000000	0.0100000000	0.0001000000	10	100	0	0.371853
2170000	-0.2000000000	0.0100000000	0.0001000000	10	100	0	0.371853
2171000	-0.2000000000	0.0100000000	0.0001000000	10	100	0	0.371853
2172000	-0.2000000000	0.0100000000	0.0001000000	10	100	0	0.371853
2173000	-0.2000000000	0.0100000000	0.0001000000	10	100	0	0.371853
2174000	-0.2000000000	0.0100000000	0.0001000000	10	100	0	0.381552
2175000	-0.2000000000	0.0100000000	0.0001000000	10	100	0	0.381552
2176000	-0.2000000000	0.0100000000	0.0001000000	10	100	0	0.381552
2177000	-0.2000000000	0.0100000000	0.0001000000	10	100	0	0.381552
2178000	-0.2000000000	0.0100000000	0.0001000000	10	100	0	0.381552
2179000	-0.2000000000	0.0100000000	0.0001000000	10	100	0	0.391460
2180000	-0.2000000000	0.0100000000	0.0001000000	10	100	0	0.391460
2181000	-0.2000000000	0.0100000000	0.0001000000	10	100	0	0.391460
2182000	-0.2000000000	0.0100000000	0.0001000000	10	100	0	0.391460
2183000	-0.2000000000	0.0100000000	0.0001000000	10	100	0	0.391460
2184000	-0.2000000000	0.0100000000	0.0001000000	10	100	0	0.391460
2185000	-0.2000000000	0.0100000000	0.0001000000	10	100	0	0.391460
2186000	-0.2000000000	0.0100000000	0.0001000000	10	100	0	0.391460
2187000	-0.2000000000	0.0100000000	0.0001000000	10	100	0	0.391460
2188000	-0.2000000000	0.0100000000	0.0001000000	10	100	0	0.391460
2189000	-0.2000000000	0.0100000000	0.0001000000	10	100	0	0.391460
2190000	-0.2000000000	0.0100000000	0.0001000000	10	100	0	0.381552
2191000	-0.2000000000	0.0100000000	0.0001000000	10	100	0	0.381552
2192000	-0.2000000000	0.0100000000	0.0001000000	10	100	0	0.391460
2193000	-0.2000000000	0.0100000000	0.0001000000	10	100	0	0.391460
2194000	-0.2000000000	0.0100000000	0.0001000000	10	100	0	0.391460
2195000	-0.2000000000	0.0100000000	0.0001000000	10	100	0	0.391460
2196000	-0.2000000000	0.0100000000	0.0001000000	10	100	0	0.391460
2197000	-0.2000000000	0.0100000000	0.0001000000	10	100	0	0.381552
2198000	-0.2000000000	0.0100000000	0.0001000000	10	100	0	0.381552
2199000	-0.2000000000	0.0100000000	0.0001000000	10	100	0	0.381552
2200000	-0.2000000000	0.0100000000	0.0001000000	10	100	0	0.381552
2201000	-0.2000000000	0.0100000000	0.0001000000	10	100	0	0.381552
2202000	-0.2000000000	0.0100000000	0.0001000000	10	100	0	0.381552
2203000	-0.2000000000	0.0100000000	0.0001000000	10	100	0	0.381552
2204000	-0.2000000000	0.0100000000	0.0001000000	10	100	0	0.381552
2205000	-0.2000000000	0.0100000000	0.0001000000	10	100	0	0.381552
2206000	-0.2000000000	0.0100000000	0.0001000000	10	100	0	0.381552
2207000	-0.2000000000	0.0100000000	0.0001000000	10	100	0	0.381552
2208000	-0.2000000000	0.0100000000	0.0001000000	10	100	0	0.381552
2209000	-0.2000000000	0.0100000000	0.0001000000	10	100	0	0.381552
2210000	-0.2000000000	0.0100000000	0.0001000000	10	100	0	0.381552
2211000	-0.2000000000	0.0100000000	0.0001000000	10	100	0	0.381552
2212000	-0.2000000000	0.0100000000	0.0001000000	10	100	0	0.381552
2213000	-0.2000000000	0.0100000000	0.0001000000	10	100	0	0.381552
2214000	-0.2000000000	0.0100000000	0.0001000000	10	100	0	0.381552
2215000	-0.2000000000	0.0100000000	0.0001000000	10	100	0	0.381552
2216000	-0.2000000000	0.0100000000	0.0001000000	10	100	0	0.381552
2217000	-0.2000000000	0.0100000000	0.0001000000	10	100	0	0.381552
2218000	-0.2000000000	0.0100000000	0.0001000000	10	100	0	0.381552
2219000	-0.2000000000	0.0100000000	0.0001000000	10	100	0	0.381552
2220000	-0.2000000000	0.0100000000	0.0001000000	10	100	0	0.381552
2221000	-0.2000000000	0.0100000000	0.0001000000	10	100	0	0.381552
2222000	-0.2000000000	0.0100000000	0.0001000000	10	100	0	0.381552
2223000	-0.2000000000	0.0100000000	0.0001000000	10	100	0	0.381552
2224000	-0.2000000000	0.0100000000	0.0001000000	10	100	0	0.381552
2225000	-0.2000000000	0.0100000000	0.0001000000	10	100	0	0.381552
2226000	-0.2000000000	0.0100000000	0.0001000000	10	100	0	0.381552
2227000	-0.2000000000	0.0100000000	0.0001000000	10	100	0	0.381552
2228000	-0.2000000000	0.0100000000	0.0001000000	10	100	0	0.381552
2229000	-0.2000000000	0.0100000000	0.0001000000	10	100	0	0.381552
2230000	-0.2000000000	0.0100000000	0.0001000000	10	100	0	0.381552
2231000	-0.2000000000	0.0100000000	0.0001000000	10	100	0	0.381552
2232000	-0.2000000000	0.0100000000	0.0001000000	10	100	0	0.381552
2233000	-0.2000000000	0.0100000000	0.0001000000	10	100	0	0.381552
2234000	-0.2000000000	0.0100000000	0.0001000000	10	100	0	0.381552
2235000	-0.2000000000	0.0100000000	0.0001000000	10	100	0	0.381552
2236000	-0.2000000000	0.0100000000	0.0001000000	10	100	0	0.381552
2237000	-0.2000000000	0.0100000000	0.0001000000	10	100	0	0.381552
2238000	-0.2000000000	0.0100000000	0.0001000000	10	100	0	0.381552
2239000	-0.2000000000	0.0100000000	0.0001000000	10	100	0	0.381552
2240000	-0.2000000000	0.0100000000	0.0001000000	10	100	0	0.381552
2241000	-0.2000000000	0.0100000000	0.0001000000	10	100	0	0.381552
2242000	-0.2000000000	0.0100000000	0.0001000000	10	100	0	0.381552
2243000	-0.2000000000	0.0100000000	0.0001000000	10	100	0	0.371853
2244000	-0.2000000000	0.0100000000	0.0001000000	10	100	0	0.371853
2245000	-0.2000000000	0.0100000000	0.0001000000	10	100	0	0.371853
2246000	-0.2000000000	0.0100000000	0.0001000000	10	100	0	0.371853
2247000	-0.2000000000	0.0100000000	0.0001000000	10	100	0	0.381552
2248000	-0.2000000000	0.0100000000	0.0001000000	10	100	0	0.381552
2249000	-0.2000000000	0.0100000000	0.0001000000	10	100	0	0.381552
2250000	-0.2000000000	0.0100000000	0.0001000000	10	100	0	0.381552
2251000	-0.2000000000	0.0100000000	0.0001000000	10	100	0	0.381552
2252000	-0.2000000000	0.0100000000	0.0001000000	10	100	0	0.381552
2253000	-0.2000000000	0.0100000000	0.0001000000	10	100	0	0.391460
2254000	-0.2000000000	0.0100000000	0.0001000000	10	100	0	0.391460
2255000	-0.2000000000	0.0100000000	0.0001000000	10	100	0	0.391460
2256000	-0.2000000000	0.0100000000	0.0001000000	10	100	0	0.391460
2257000	-0.2000000000	0.0100000000	0.0001000000	10	100	0	0.391460
2258000	-0.2000000000	0.0100000000	0.0001000000	10	100	0	0.401579
2259000	-0.2000000000	0.0100000000	0.0001000000	10	100	0	0.391460
2260000	-0.2000000000	0.0100000000	0.0001000000	10	100	0	0.391460
2261000	-0.2000000000	0.0100000000	0.0001000000	10	100	0	0.391460
2262000	-0.2000000000	0.0100000000	0.0001000000	10	100	0	0.391460
2263000	-0.2000000000	0.0100000000	0.0001000000	10	100	0	0.381552
2264000	-0.2000000000	0.0100000000	0.0001000000	10	100	0	0.381552
2265000	-0.2000000000	0.0100000000	0.0001000000	10	100	0	0.381552
2266000	-0.2000000000	0.0100000000	0.0001000000	10	100	0	0.381552
2267000	-0.2000000000	0.0100000000	0.0001000000	10	100	0	0.381552
2268000	-0.2000000000	0.0100000000	0.0001000000	10	100	0	0.381552
2269000	-0.2000000000	0.0100000000	0.0001000000	10	100	0	0.381552
2270000	-0.2000000000	0.0100000000	0.0001000000	10	100	0	0.381552
2271000	-0.2000000000	0.0100000000	0.0001000000	10	100	0	0.381552
2272000	-0.2000000000	0.0100000000	0.0001000000	10	100	0	0.381552
2273000	-0.2000000000	0.0100000000	0.0001000000	10	100	0	0.381552
2274000	-0.2000000000	0.0100000000	0.0001000000	10	100	0	0.381552
2275000	-0.2000000000	0.0100000000	0.0001000000	10	100	0	0.381552
2276000	-0.2000000000	0.0100000000	0.0001000000	10	100	0	0.381552
2277000	-0.2000000000	0.0100000000	0.0001000000	10	100	0	0.381552
2278000	-0.2000000000	0.0100000000	0.0001000000	10	100	0	0.381552
2279000	-0.2000000000	0.0100000000	0.0001000000	10	100	0	0.381552
2280000	-0.2000000000	0.0100000000	0.0001000000	10	100	0	0.381552
2281000	-0.2000000000	0.0100000000	0.0001000000	10	100	0	0.381552
2282000	-0.2000000000	0.0100000000	0.0001000000	10	100	0	0.381552
2283000	-0.2000000000	0.0100000000	0.0001000000	10	100	0	0.381552
2284000	-0.2000000000	0.0100000000	0.0001000000	10	100	0	0.381552
2285000	-0.2000000000	0.0100000000	0.0001000000	10	100	0	0.381552
2286000	-0.2000000000	0.0100000000	0.0001000000	10	100	0	0.381552
2287000	-0.2000000000	0.0100000000	0.0001000000	10	100	0	0.381552
2288000	-0.2000000000	0.0100000000	0.0001000000	10	100	0	0.381552
2289000	-0.2000000000	0.0100000000	0.0001000000	10	100	0	0.381552
2290000	-0.2000000000	0.0100000000	0.0001000000	10	100	0	0.381552
2291000	-0.2000000000	0.0100000000	0.0001000000	10	100	0	0.381552
2292000	-0.2000000000	0.0100000000	0.0001000000	10	100	0	0.381552
2293000	-0.2000000000	0.0100000000	0.0001000000	10	100	0	0.381552
2294000	-0.2000000000	0.0100000000	0.0001000000	10	100	0	0.381552
2295000	-0.2000000000	0.0100000000	0.0001000000	10	100	0	0.381552
2296000	-0.2000000000	0.0100000000	0.0001000000	10	100	0	0.381552
2297000	-0.2000000000	0.0100000000	0.0001000000	10	100	0	0.381552
2298000	-0.2000000000	0.0100000000	0.0001000000	10	100	0	0.381552
2299000	-0.2000000000	0.0100000000	0.0001000000	10	100	0	0.391460
2300000	-0.2000000000	0.0100000000	0.0001000000	10	100	0	0.391460
2301000	-0.2000000000	0.0100000000	0.0001000000	10	100	0	0.391460
2302000	-0.2000000000	0.0100000000	0.0001000000	10	100	0	0.391460
2303000	-0.2000000000	0.0100000000	0.0001000000	10	100	0	0.391460
2304000	-0.2000000000	0.0100000000	0.0001000000	10	100	0	0.391460
2305000	-0.2000000000	0.0100000000	0.0001000000	10	100	0	0.391460
2306000	-0.2000000000	0.0100000000	0.0001000000	10	100	0	0.391460
2307000	-0.2000000000	0.0100000000	0.0001000000	10	100	0	0.401579
2308000	-0.2000000000	0.0100000000	0.0001000000	10	100	0	0.401579
2309000	-0.2000000000	0.0100000000	0.0001000000	10	100	0	0.401579
2310000	-0.2000000000	0.0100000000	0.0001000000	10	100	0	0.401579
2311000	-0.2000000000	0.0100000000	0.0001000000	10	100	0	0.401579
2312000	-0.2000000000	0.0100000000	0.0001000000	10	100	0	0.401579
2313000	-0.2000000000	0.0100000000	0.0001000000	10	100	0	0.401579
2314000	-0.2000000000	0.0100000000	0.0001000000	10	100	0	0.401579
2315000	-0.2000000000	0.0100000000	0.0001000000	10	100	0	0.401579
2316000	-0.2000000000	0.0100000000	0.0001000000	10	100	0	0.401579
2317000	-0.2000000000	0.0100000000	0.0001000000	10	100	0	0.401579
2318000	-0.2000000000	0.0100000000	0.0001000000	10	100	0	0.401579
2319000	-0.2000000000	0.0100000000	0.0001000000	10	100	0	0.401579
2320000	-0.2000000000	0.0100000000	0.0001000000	10	100	0	0.401579
2321000	-0.2000000000	0.0100000000	0.0001000000	10	100	0	0.401579
2322000	-0.2000000000	0.0100000000	0.0001000000	10	100	0	0.401579
2323000	-0.2000000000	0.0100000000	0.0001000000	10	100	0	0.401579
2324000	-0.2000000000	0.0100000000	0.0001000000	10	100	0	0.401579
2325000	-0.2000000000	0.0100000000	0.0001000000	10	100	0	0.401579
2326000	-0.2000000000	0.0100000000	0.0001000000	10	100	0	0.401579
2327000	-0.2000000000	0.0100000000	0.0001000000	10	100	0	0.401579
2328000	-0.2000000000	0.0100000000	0.0001000000	10	100	0	0.401579
2329000	-0.2000000000	0.0100000000	0.0001000000	10	100	0	0.401579
2330000	-0.2000000000	0.0100000000	0.0001000000	10	100	0	0.401579
2331000	-0.2000000000	0.0100000000	0.0001000000	10	100	0	0.401579
2332000	-0.2000000000	0.0100000000	0.0001000000	10	100	0	0.401579
2333000	-0.2000000000	0.0100000000	0.0001000000	10	100	0	0.401579
2334000	-0.2000000000	0.0100000000	0.0001000000	10	100	0	0.401579
2335000	-0.2000000000	0.0100000000	0.0001000000	10	100	0	0.401579
2336000	-0.2000000000	0.0100000000	0.0001000000	10	100	0	0.401579
2337000	-0.2000000000	0.0100000000	0.0001000000	10	100	0	0.411910
2338000	-0.2000000000	0.0100000000	0.0001000000	10	100	0	0.411910
2339000	-0.2000000000	0.0100000000	0.0001000000	10	100	0	0.411910
2340000	-0.2000000000	0.0100000000	0.0001000000	10	100	0	0.411910
2341000	-0.2000000000	0.0100000000	0.0001000000	10	100	0	0.411910
2342000	-0.2000000000	0.0100000000	0.0001000000	10	100	0	0.411910
2343000	-0.2000000000	0.0100000000	0.0001000000	10	100	0	0.411910
2344000	-0.2000000000	0.0100000000	0.0001000000	10	100	0	0.411910
2345000	-0.2000000000	0.0100000000	0.0001000000	10	100	0	0.401579
2346000	-0.2000000000	0.0100000000	0.0001000000	10	100	0	0.401579
2347000	-0.2000000000	0.0100000000	0.0001000000	10	100	0	0.401579
2348000	-0.2000000000	0.0100000000	0.0001000000	10	100	0	0.401579
2349000	-0.2000000000	0.0100000000	0.0001000000	10	100	0	0.401579
2350000	-0.2000000000	0.0100000000	0.0001000000	10	100	0	0.401579
2351000	-0.2000000000	0.0100000000	0.0001000000	10	100	0	0.401579
2352000	-0.2000000000	0.0100000000	0.0001000000	10	100	0	0.401579
2353000	-0.2000000000	0.0100000000	0.0001000000	10	100	0	0.401579
2354000	-0.2000000000	0.0100000000	0.0001000000	10	100	0	0.401579
2355000	-0.2000000000	0.0100000000	0.0001000000	10	100	0	0.401579
2356000	-0.2000000000	0.0100000000	0.0001000000	10	100	0	0.401579
2357000	-0.2000000000	0.0100000000	0.0001000000	10	100	0	0.401579
2358000	-0.2000000000	0.0100000000	0.0001000000	10	100	0	0.401579
2359000	-0.2000000000	0.0100000000	0.0001000000	10	100	0	0.401579
2360000	-0.2000000000	0.0100000000	0.0001000000	10	100	0	0.401579
2361000	-0.2000000000	0.0100000000	0.0001000000	10	100	0	0.401579
2362000	-0.2000000000	0.0100000000	0.0001000000	10	100	0	0.401579
2363000	-0.2000000000	0.0100000000	0.0001000000	10	100	0	0.401579
2364000	-0.2000000000	0.0100000000	0.0001000000	10	100	0	0.401579
2365000	-0.2000000000	0.0100000000	0.0001000000	10	100	0	0.401579
2366000	-0.2000000000	0.0100000000	0.0001000000	10	100	0	0.401579
2367000	-0.2000000000	0.0100000000	0.0001000000	10	100	0	0.401579
2368000	-0.2000000000	0.0100000000	0.0001000000	10	100	0	0.411910
2369000	-0.2000000000	0.0100000000	0.0001000000	10	100	0	0.411910
2370000	-0.2000000000	0.0100000000	0.0001000000	10	100	0	0.422456
2371000	-0.2000000000	0.0100000000	0.0001000000	10	100	0	0.422456
2372000	-0.2000000000	0.0100000000	0.0001000000	10	100	0	0.422456
2373000	-0.2000000000	0.0100000000	0.0001000000	10	100	0	0.422456
2374000	-0.2000000000	0.0100000000	0.0001000000	10	100	0	0.422456
2375000	-0.2000000000	0.0100000000	0.0001000000	10	100	0	0.422456
2376000	-0.2000000000	0.0100000000	0.0001000000	10	100	0	0.422456
2377000	-0.2000000000	0.0100000000	0.0001000000	10	100	0	0.422456
2378000	-0.2000000000	0.0100000000	0.0001000000	10	100	0	0.422456
2379000	-0.2000000000	0.0100000000	0.0001000000	10	100	0	0.422456
2380000	-0.2000000000	0.0100000000	0.0001000000	10	100	0	0.422456
2381000	-0.2000000000	0.0100000000	0.0001000000	10	100	0	0.422456
2382000	-0.2000000000	0.0100000000	0.0001000000	10	100	0	0.422456
2383000	-0.2000000000	0.0100000000	0.0001000000	10	100	0	0.422456
2384000	-0.2000000000	0.0100000000	0.0001000000	10	100	0	0.422456
2385000	-0.2000000000	0.0100000000	0.0001000000	10	100	0	0.433219
2386000	-0.2000000000	0.0100000000	0.0001000000	10	100	0	0.433219
2387000	-0.2000000000	0.0100000000	0.0001000000	10	100	0	0.433219
2388000	-0.2000000000	0.0100000000	0.0001000000	10	100	0	0.433219
2389000	-0.2000000000	0.0100000000	0.0001000000	10	100	0	0.433219
2390000	-0.2000000000	0.0100000000	0.0001000000	10	100	0	0.433219
2391000	-0.2000000000	0.0100000000	0.0001000000	10	100	0	0.433219
2392000	-0.2000000000	0.0100000000	0.0001000000	10	100	0	0.433219
2393000	-0.2000000000	0.0100000000	0.0001000000	10	100	0	0.433219
2394000	-0.2000000000	0.0100000000	0.0001000000	10	100	0	0.433219
2395000	-0.2000000000	0.0100000000	0.0001000000	10	100	0	0.433219
2396000	-0.2000000000	0.0100000000	0.0001000000	10	100	0	0.433219
2397000	-0.2000000000	0.0100000000	0.0001000000	10	100	0	0.433219
2398000	-0.2000000000	0.0100000000	0.0001000000	10	100	0	0.433219
2399000	-0.2000000000	0.0100000000	0.0001000000	10	100	0	0.433219
2400000	-0.2000000000	0.0100000000	0.0001000000	10	100	0	0.422456
2401000	-0.2000000000	0.0100000000	0.0001000000	10	100	0	0.422456
2402000	-0.2000000000	0.0100000000	0.0001000000	10	100	0	0.422456
2403000	-0.2000000000	0.0100000000	0.0001000000	10	100	0	0.411910
2404000	-0.2000000000	0.0100000000	0.0001000000	10	100	0	0.411910
2405000	-0.2000000000	0.0100000000	0.0001000000	10	100	0	0.411910
2406000	-0.2000000000	0.0100000000	0.0001000000	10	100	0	0.411910
2407000	-0.2000000000	0.0100000000	0.0001000000	10	100	0	0.411910
2408000	-0.2000000000	0.0100000000	0.0001000000	10	100	0	0.411910
2409000	-0.2000000000	0.0100000000	0.0001000000	10	100	0	0.411910
2410000	-0.2000000000	0.0100000000	0.0001000000	10	100	0	0.411910
2411000	-0.2000000000	0.0100000000	0.0001000000	10	100	0	0.411910
2412000	-0.2000000000	0.0100000000	0.0001000000	10	100	0	0.422456
2413000	-0.2000000000	0.0100000000	0.0001000000	10	100	0	0.422456
2414000	-0.2000000000	0.0100000000	0.0001000000	10	100	0	0.422456
2415000	-0.2000000000	0.0100000000	0.0001000000	10	100	0	0.422456
2416000	-0.2000000000	0.0100000000	0.0001000000	10	100	0	0.422456
2417000	-0.2000000000	0.0100000000	0.0001000000	10	100	0	0.422456
2418000	-0.2000000000	0.0100000000	0.0001000000	10	100	0	0.422456
2419000	-0.2000000000	0.0100000000	0.0001000000	10	100	0	0.422456
2420000	-0.2000000000	0.0100000000	0.0001000000	10	100	0	0.422456
2421000	-0.2000000000	0.0100000000	0.0001000000	10	100	0	0.433219
2422000	-0.2000000000	0.0100000000	0.0001000000	10	100	0	0.433219
2423000	-0.2000000000	0.0100000000	0.0001000000	10	100	0	0.433219
2424000	-0.2000000000	0.0100000000	0.0001000000	10	100	0	0.433219
2425000	-0.2000000000	0.0100000000	0.0001000000	10	100	0	0.433219
2426000	-0.2000000000	0.0100000000	0.0001000000	10	100	0	0.422456
2427000	-0.2000000000	0.0100000000	0.0001000000	10	100	0	0.422456
2428000	-0.2000000000	0.0100000000	0.0001000000	10	100	0	0.422456
2429000	-0.2000000000	0.0100000000	0.0001000000	10	100	0	0.422456
2430000	-0.2000000000	0.0100000000	0.0001000000	10	100	0	0.422456
2431000	-0.2000000000	0.0100000000	0.0001000000	10	100	0	0.422456
2432000	-0.2000000000	0.0100000000	0.0001000000	10	100	0	0.411910
2433000	-0.2000000000	0.0100000000	0.0001000000	10	100	0	0.411910
2434000	-0.2000000000	0.0100000000	0.0001000000	10	100	0	0.411910
2435000	-0.2000000000	0.0100000000	0.0001000000	10	100	0	0.411910
2436000	-0.2000000000	0.0100000000	0.0001000000	10	100	0	0.411910
2437000	-0.2000000000	0.0100000000	0.0001000000	10	100	0	0.411910
2438000	-0.2000000000	0.0100000000	0.0001000000	10	100	0	0.411910
2439000	-0.2000000000	0.0100000000	0.0001000000	10	100	0	0.422456
2440000	-0.2000000000	0.0100000000	0.0001000000	10	100	0	0.422456
2441000	-0.2000000000	0.0100000000	0.0001000000	10	100	0	0.422456
2442000	-0.2000000000	0.0100000000	0.0001000000	10	100	0	0.422456
2443000	-0.2000000000	0.0100000000	0.0001000000	10	100	0	0.411910
2444000	-0.2000000000	0.0100000000	0.0001000000	10	100	0	0.411910
2445000	-0.2000000000	0.0100000000	0.0001000000	10	100	0	0.411910
2446000	-0.2000000000	0.0100000000	0.0001000000	10	100	0	0.411910
2447000	-0.2000000000	0.0100000000	0.0001000000	10	100	0	0.411910
2448000	-0.2000000000	0.0100000000	0.0001000000	10	100	0	0.411910
2449000	-0.2000000000	0.0100000000	0.0001000000	10	100	0	0.411910
2450000	-0.2000000000	0.0100000000	0.0001000000	10	100	0	0.411910
2451000	-0.2000000000	0.0100000000	0.0001000000	10	100	0	0.411910
2452000	-0.2000000000	0.0100000000	0.0001000000	10	100	0	0.411910
2453000	-0.2000000000	0.0100000000	0.0001000000	10	100	0	0.411910
2454000	-0.2000000000	0.0100000000	0.0001000000	10	100	0	0.411910
2455000	-0.2000000000	0.0100000000	0.0001000000	10	100	0	0.411910
2456000	-0.2000000000	0.0100000000	0.0001000000	10	100	0	0.411910
2457000	-0.2000000000	0.0100000000	0.0001000000	10	100	0	0.412965
2458000	-0.2000000000	0.0100000000	0.0001000000	10	100	0	0.422456
2459000	-0.2000000000	0.0100000000	0.0001000000	10	100	0	0.422456
2460000	-0.2000000000	0.0100000000	0.0001000000	10	100	0	0.422456
2461000	-0.2000000000	0.0100000000	0.0001000000	10	100	0	0.422456
2462000	-0.2000000000	0.0100000000	0.0001000000	10	100	0	0.422456
2463000	-0.2000000000	0.0100000000	0.0001000000	10	100	0	0.422456
2464000	-0.2000000000	0.0100000000	0.0001000000	10	100	0	0.422456
2465000	-0.2000000000	0.0100000000	0.0001000000	10	100	0	0.422456
2466000	-0.2000000000	0.0100000000	0.0001000000	10	100	0	0.422456
2467000	-0.2000000000	0.0100000000	0.0001000000	10	100	0	0.422456
2468000	-0.2000000000	0.0100000000	0.0001000000	10	100	0	0.422456
2469000	-0.2000000000	0.0100000000	0.0001000000	10	100	0	0.422456
2470000	-0.2000000000	0.0100000000	0.0001000000	10	100	0	0.422456
2471000	-0.2000000000	0.0100000000	0.0001000000	10	100	0	0.422456
2472000	-0.2000000000	0.0100000000	0.0001000000	10	100	0	0.422456
2473000	-0.2000000000	0.0100000000	0.0001000000	10	100	0	0.422456
2474000	-0.2000000000	0.0100000000	0.0001000000	10	100	0	0.422456
2475000	-0.2000000000	0.0100000000	0.0001000000	10	100	0	0.422456
2476000	-0.2000000000	0.0100000000	0.0001000000	10	100	0	0.422456
2477000	-0.2000000000	0.0100000000	0.0001000000	10	100	0	0.422456
2478000	-0.2000000000	0.0100000000	0.0001000000	10	100	0	0.422456
2479000	-0.2000000000	0.0100000000	0.0001000000	10	100	0	0.422456
2480000	-0.2000000000	0.0100000000	0.0001000000	10	100	0	0.422456
2481000	-0.2000000000	0.0100000000	0.0001000000	10	100	0	0.422456
2482000	-0.2000000000	0.0100000000	0.0001000000	10	100	0	0.422456
2483000	-0.2000000000	0.0100000000	0.0001000000	10	100	0	0.422456
2484000	-0.2000000000	0.0100000000	0.0001000000	10	100	0	0.422456
2485000	-0.2000000000	0.0100000000	0.0001000000	10	100	0	0.422456
2486000	-0.2000000000	0.0100000000	0.0001000000	10	100	0	0.422456
2487000	-0.2000000000	0.0100000000	0.0001000000	10	100	0	0.422456
2488000	-0.2000000000	0.0100000000	0.0001000000	10	100	0	0.422456
2489000	-0.2000000000	0.0100000000	0.0001000000	10	100	0	0.422456
2490000	-0.2000000000	0.0100000000	0.0001000000	10	100	0	0.422456
2491000	-0.2000000000	0.0100000000	0.0001000000	10	100	0	0.422456
2492000	-0.2000000000	0.0100000000	0.0001000000	10	100	0	0.422456
2493000	-0.2000000000	0.0100000000	0.0001000000	10	100	0	0.422456
2494000	-0.2000000000	0.0100000000	0.0001000000	10	100	0	0.422456
2495000	-0.2000000000	0.0100000000	0.0001000000	10	100	0	0.422456
2496000	-0.2000000000	0.0100000000	0.0001000000	10	100	0	0.422456
2497000	-0.2000000000	0.0100000000	0.0001000000	10	100	0	0.422456
2498000	-0.2000000000	0.0100000000	0.0001000000	10	100	0	0.422456
2499000	-0.2000000000	0.0100000000	0.0001000000	10	100	0	0.422456
2500000	-0.2000000000	0.0100000000	0.0001000000	10	100	0	0.433219
2501000	-0.2000000000	0.0100000000	0.0001000000	10	100	0	0.433219
2502000	-0.2000000000	0.0100000000	0.0001000000	10	100	0	0.433219
2503000	-0.2000000000	0.0100000000	0.0001000000	10	100	0	0.433219
2504000	-0.2000000000	0.0100000000	0.0001000000	10	100	0	0.433219
2505000	-0.2000000000	0.0100000000	0.0001000000	10	100	0	0.433219
2506000	-0.2000000000	0.0100000000	0.0001000000	10	100	0	0.433219
2507000	-0.2000000000	0.0100000000	0.0001000000	10	100	0	0.433219
2508000	-0.2000000000	0.0100000000	0.0001000000	10	100	0	0.433219
2509000	-0.2000000000	0.0100000000	0.0001000000	10	100	0	0.433219
2510000	-0.2000000000	0.0100000000	0.0001000000	10	100	0	0.433219
2511000	-0.2000000000	0.0100000000	0.0001000000	10	100	0	0.433219
2512000	-0.2000000000	0.0100000000	0.0001000000	10	100	0	0.433219
2513000	-0.2000000000	0.0100000000	0.0001000000	10	100	0	0.433219
2514000	-0.2000000000	0.0100000000	0.0001000000	10	100	0	0.433219
2515000	-0.2000000000	0.0100000000	0.0001000000	10	100	0	0.433219
2516000	-0.2000000000	0.0100000000	0.0001000000	10	100	0	0.433219
2517000	-0.2000000000	0.0100000000	0.0001000000	10	100	0	0.433219
2518000	-0.2000000000	0.0100000000	0.0001000000	10	100	0	0.433219
2519000	-0.2000000000	0.0100000000	0.0001000000	10	100	0	0.433219
2520000	-0.2000000000	0.0100000000	0.0001000000	10	100	0	0.433219
2521000	-0.2000000000	0.0100000000	0.0001000000	10	100	0	0.433219
2522000	-0.2000000000	0.0100000000	0.0001000000	10	100	0	0.433219
2523000	-0.2000000000	0.0100000000	0.0001000000	10	100	0	0.433219
2524000	-0.2000000000	0.0100000000	0.0001000000	10	100	0	0.433219
2525000	-0.2000000000	0.0100000000	0.0001000000	10	100	0	0.433219
2526000	-0.2000000000	0.0100000000	0.0001000000	10	100	0	0.433219
2527000	-0.2000000000	0.0100000000	0.0001000000	10	100	0	0.433219
2528000	-0.2000000000	0.0100000000	0.0001000000	10	100	0	0.433219
2529000	-0.2000000000	0.0100000000	0.0001000000	10	100	0	0.433219
2530000	-0.2000000000	0.0100000000	0.0001000000	10	100	0	0.433219
2531000	-0.2000000000	0.0100000000	0.0001000000	10	100	0	0.433219
2532000	-0.2000000000	0.0100000000	0.0001000000	10	100	0	0.433219
2533000	-0.2000000000	0.0100000000	0.0001000000	10	100	0	0.433219
2534000	-0.2000000000	0.0100000000	0.0001000000	10	100	0	0.433219
2535000	-0.2000000000	0.0100000000	0.0001000000	10	100	0	0.433219
2536000	-0.2000000000	0.0100000000	0.0001000000	10	100	0	0.433219
2537000	-0.2000000000	0.0100000000	0.0001000000	10	100	0	0.433219
2538000	-0.2000000000	0.0100000000	0.0001000000	10	100	0	0.433219
2539000	-0.2000000000	0.0100000000	0.0001000000	10	100	0	0.433219
2540000	-0.2000000000	0.0100000000	0.0001000000	10	100	0	0.433219
2541000	-0.2000000000	0.0100000000	0.0001000000	10	100	0	0.433219
2542000	-0.2000000000	0.0100000000	0.0001000000	10	100	0	0.444200
2543000	-0.2000000000	0.0100000000	0.0001000000	10	100	0	0.444200
2544000	-0.2000000000	0.0100000000	0.0001000000	10	100	0	0.444200
2545000	-0.2000000000	0.0100000000	0.0001000000	10	100	0	0.455402
2546000	-0.2000000000	0.0100000000	0.0001000000	10	100	0	0.455402
2547000	-0.2000000000	0.0100000000	0.0001000000	10	100	0	0.455402
2548000	-0.2000000000	0.0100000000	0.0001000000	10	100	0	0.455402
2549000	-0.2000000000	0.0100000000	0.0001000000	10	100	0	0.466824
2550000	-0.2000000000	0.0100000000	0.0001000000	10	100	0	0.466824
2551000	-0.2000000000	0.0100000000	0.0001000000	10	100	0	0.466824
2552000	-0.2000000000	0.0100000000	0.0001000000	10	100	0	0.466824
2553000	-0.2000000000	0.0100000000	0.0001000000	10	100	0	0.466824
2554000	-0.2000000000	0.0100000000	0.0001000000	10	100	0	0.466824
2555000	-0.2000000000	0.0100000000	0.0001000000	10	100	0	0.466824
2556000	-0.2000000000	0.0100000000	0.0001000000	10	100	0	0.466824
2557000	-0.2000000000	0.0100000000	0.0001000000	10	100	0	0.466824
2558000	-0.2000000000	0.0100000000	0.0001000000	10	100	0	0.466824
2559000	-0.2000000000	0.0100000000	0.0001000000	10	100	0	0.466824
2560000	-0.2000000000	0.0100000000	0.0001000000	10	100	0	0.466824
2561000	-0.2000000000	0.0100000000	0.0001000000	10	100	0	0.466824
2562000	-0.2000000000	0.0100000000	0.0001000000	10	100	0	0.466824
2563000	-0.2000000000	0.0100000000	0.0001000000	10	100	0	0.466824
2564000	-0.2000000000	0.0100000000	0.0001000000	10	100	0	0.466824
2565000	-0.2000000000	0.0100000000	0.0001000000	10	100	0	0.455402
2566000	-0.2000000000	0.0100000000	0.0001000000	10	100	0	0.455402
2567000	-0.2000000000	0.0100000000	0.0001000000	10	100	0	0.455402
2568000	-0.2000000000	0.0100000000	0.0001000000	10	100	0	0.455402
2569000	-0.2000000000	0.0100000000	0.0001000000	10	100	0	0.455402
2570000	-0.2000000000	0.0100000000	0.0001000000	10	100	0	0.455402
2571000	-0.2000000000	0.0100000000	0.0001000000	10	100	0	0.455402
2572000	-0.2000000000	0.0100000000	0.0001000000	10	100	0	0.455402
2573000	-0.2000000000	0.0100000000	0.0001000000	10	100	0	0.455402
2574000	-0.2000000000	0.0100000000	0.0001000000	10	100	0	0.455402
2575000	-0.2000000000	0.0100000000	0.0001000000	10	100	0	0.455402
2576000	-0.2000000000	0.0100000000	0.0001000000	10	100	0	0.455402
2577000	-0.2000000000	0.0100000000	0.0001000000	10	100	0	0.455402
2578000	-0.2000000000	0.0100000000	0.0001000000	10	100	0	0.455402
2579000	-0.2000000000	0.0100000000	0.0001000000	10	100	0	0.455402
2580000	-0.2000000000	0.0100000000	0.0001000000	10	100	0	0.444200
2581000	-0.2000000000	0.0100000000	0.0001000000	10	100	0	0.455402
2582000	-0.2000000000	0.0100000000	0.0001000000	10	100	0	0.455402
2583000	-0.2000000000	0.0100000000	0.0001000000	10	100	0	0.455402
2584000	-0.2000000000	0.0100000000	0.0001000000	10	100	0	0.455402
2585000	-0.2000000000	0.0100000000	0.0001000000	10	100	0	0.455402
2586000	-0.2000000000	0.0100000000	0.0001000000	10	100	0	0.455402
2587000	-0.2000000000	0.0100000000	0.0001000000	10	100	0	0.455402
2588000	-0.2000000000	0.0100000000	0.0001000000	10	100	0	0.455402
2589000	-0.2000000000	0.0100000000	0.0001000000	10	100	0	0.455402
2590000	-0.2000000000	0.0100000000	0.0001000000	10	100	0	0.455402
2591000	-0.2000000000	0.0100000000	0.0001000000	10	100	0	0.455402
2592000	-0.2000000000	0.0100000000	0.0001000000	10	100	0	0.455402
2593000	-0.2000000000	0.0100000000	0.0001000000	10	100	0	0.455402
2594000	-0.2000000000	0.0100000000	0.0001000000	10	100	0	0.455402
2595000	-0.2000000000	0.0100000000	0.0001000000	10	100	0	0.455402
2596000	-0.2000000000	0.0100000000	0.0001000000	10	100	0	0.455402
2597000	-0.2000000000	0.0100000000	0.0001000000	10	100	0	0.455402
2598000	-0.2000000000	0.0100000000	0.0001000000	10	100	0	0.455402
2599000	-0.2000000000	0.0100000000	0.0001000000	10	100	0	0.455402
2600000	-0.2000000000	0.0100000000	0.0001000000	10	100	0	0.455402
2601000	-0.2000000000	0.0100000000	0.0001000000	10	100	0	0.455402
2602000	-0.2000000000	0.0100000000	0.0001000000	10	100	0	0.455402
2603000	-0.2000000000	0.0100000000	0.0001000000	10	100	0	0.455402
2604000	-0.2000000000	0.0100000000	0.0001000000	10	100	0	0.455402
2605000	-0.2000000000	0.0100000000	0.0001000000	10	100	0	0.455402
2606000	-0.2000000000	0.0100000000	0.0001000000	10	100	0	0.455402
2607000	-0.2000000000	0.0100000000	0.0001000000	10	100	0	0.455402
2608000	-0.2000000000	0.0100000000	0.0001000000	10	100	0	0.455402
2609000	-0.2000000000	0.0100000000	0.0001000000	10	100	0	0.455402
2610000	-0.2000000000	0.0100000000	0.0001000000	10	100	0	0.444200
2611000	-0.2000000000	0.0100000000	0.0001000000	10	100	0	0.444200
2612000	-0.2000000000	0.0100000000	0.0001000000	10	100	0	0.444200
2613000	-0.2000000000	0.0100000000	0.0001000000	10	100	0	0.444200
2614000	-0.2000000000	0.0100000000	0.0001000000	10	100	0	0.444200
2615000	-0.2000000000	0.0100000000	0.0001000000	10	100	0	0.444200
2616000	-0.2000000000	0.0100000000	0.0001000000	10	100	0	0.444200
2617000	-0.2000000000	0.0100000000	0.0001000000	10	100	0	0.444200
2618000	-0.2000000000	0.0100000000	0.0001000000	10	100	0	0.444200
2619000	-0.2000000000	0.0100000000	0.0001000000	10	100	0	0.444200
2620000	-0.2000000000	0.0100000000	0.0001000000	10	100	0	0.444200
2621000	-0.2000000000	0.0100000000	0.0001000000	10	100	0	0.444200
2622000	-0.2000000000	0.0100000000	0.0001000000	10	100	0	0.444200
2623000	-0.2000000000	0.0100000000	0.0001000000	10	100	0	0.444200
2624000	-0.2000000000	0.0100000000	0.0001000000	10	100	0	0.444200
2625000	-0.2000000000	0.0100000000	0.0001000000	10	100	0	0.444200
2626000	-0.2000000000	0.0100000000	0.0001000000	10	100	0	0.444200
2627000	-0.2000000000	0.0100000000	0.0001000000	10	100	0	0.444200
2628000	-0.2000000000	0.0100000000	0.0001000000	10	100	0	0.455402
2629000	-0.2000000000	0.0100000000	0.0001000000	10	100	0	0.455402
2630000	-0.2000000000	0.0100000000	0.0001000000	10	100	0	0.455402
2631000	-0.2000000000	0.0100000000	0.0001000000	10	100	0	0.455402
2632000	-0.2000000000	0.0100000000	0.0001000000	10	100	0	0.455402
2633000	-0.2000000000	0.0100000000	0.0001000000	10	100	0	0.455402
2634000	-0.2000000000	0.0100000000	0.0001000000	10	100	0	0.455402
2635000	-0.2000000000	0.0100000000	0.0001000000	10	100	0	0.455402
2636000	-0.2000000000	0.0100000000	0.0001000000	10	100	0	0.455402
2637000	-0.2000000000	0.0100000000	0.0001000000	10	100	0	0.444200
2638000	-0.2000000000	0.0100000000	0.0001000000	10	100	0	0.444200
2639000	-0.2000000000	0.0100000000	0.0001000000	10	100	0	0.444200
2640000	-0.2000000000	0.0100000000	0.0001000000	10	100	0	0.444200
2641000	-0.2000000000	0.0100000000	0.0001000000	10	100	0	0.444200
2642000	-0.2000000000	0.0100000000	0.0001000000	10	100	0	0.444200
2643000	-0.2000000000	0.0100000000	0.0001000000	10	100	0	0.444200
2644000	-0.2000000000	0.0100000000	0.0001000000	10	100	0	0.444200
2645000	-0.2000000000	0.0100000000	0.0001000000	10	100	0	0.444200
2646000	-0.2000000000	0.0100000000	0.0001000000	10	100	0	0.444200
2647000	-0.2000000000	0.0100000000	0.0001000000	10	100	0	0.444200
2648000	-0.2000000000	0.0100000000	0.0001000000	10	100	0	0.444200
2649000	-0.2000000000	0.0100000000	0.0001000000	10	100	0	0.444200
2650000	-0.2000000000	0.0100000000	0.0001000000	10	100	0	0.444200
2651000	-0.2000000000	0.0100000000	0.0001000000	10	100	0	0.444200
2652000	-0.2000000000	0.0100000000	0.0001000000	10	100	0	0.444200
2653000	-0.2000000000	0.0100000000	0.0001000000	10	100	0	0.444200
2654000	-0.2000000000	0.0100000000	0.0001000000	10	100	0	0.444200
2655000	-0.2000000000	0.0100000000	0.0001000000	10	100	0	0.444200
2656000	-0.2000000000	0.0100000000	0.0001000000	10	100	0	0.444200
2657000	-0.2000000000	0.0100000000	0.0001000000	10	100	0	0.433219
2658000	-0.2000000000	0.0100000000	0.0001000000	10	100	0	0.433219
2659000	-0.2000000000	0.0100000000	0.0001000000	10	100	0	0.433219
2660000	-0.2000000000	0.0100000000	0.0001000000	10	100	0	0.444200
2661000	-0.2000000000	0.0100000000	0.0001000000	10	100	0	0.455402
2662000	-0.2000000000	0.0100000000	0.0001000000	10	100	0	0.455402
2663000	-0.2000000000	0.0100000000	0.0001000000	10	100	0	0.455402
2664000	-0.2000000000	0.0100000000	0.0001000000	10	100	0	0.455402
2665000	-0.2000000000	0.0100000000	0.0001000000	10	100	0	0.455402
2666000	-0.2000000000	0.0100000000	0.0001000000	10	100	0	0.455402
2667000	-0.2000000000	0.0100000000	0.0001000000	10	100	0	0.455402
2668000	-0.2000000000	0.0100000000	0.0001000000	10	100	0	0.455402
2669000	-0.2000000000	0.0100000000	0.0001000000	10	100	0	0.455402
2670000	-0.2000000000	0.0100000000	0.0001000000	10	100	0	0.455402
2671000	-0.2000000000	0.0100000000	0.0001000000	10	100	0	0.455402
2672000	-0.2000000000	0.0100000000	0.0001000000	10	100	0	0.455402
2673000	-0.2000000000	0.0100000000	0.0001000000	10	100	0	0.444200
2674000	-0.2000000000	0.0100000000	0.0001000000	10	100	0	0.444200
2675000	-0.2000000000	0.0100000000	0.0001000000	10	100	0	0.455402
2676000	-0.2000000000	0.0100000000	0.0001000000	10	100	0	0.455402
2677000	-0.2000000000	0.0100000000	0.0001000000	10	100	0	0.455402
2678000	-0.2000000000	0.0100000000	0.0001000000	10	100	0	0.455402
2679000	-0.2000000000	0.0100000000	0.0001000000	10	100	0	0.455402
2680000	-0.2000000000	0.0100000000	0.0001000000	10	100	0	0.455402
2681000	-0.2000000000	0.0100000000	0.0001000000	10	100	0	0.455402
2682000	-0.2000000000	0.0100000000	0.0001000000	10	100	0	0.455402
2683000	-0.2000000000	0.0100000000	0.0001000000	10	100	0	0.455402
2684000	-0.2000000000	0.0100000000	0.0001000000	10	100	0	0.455402
2685000	-0.2000000000	0.0100000000	0.0001000000	10	100	0	0.455402
2686000	-0.2000000000	0.0100000000	0.0001000000	10	100	0	0.455402
2687000	-0.2000000000	0.0100000000	0.0001000000	10	100	0	0.455402
2688000	-0.2000000000	0.0100000000	0.0001000000	10	100	0	0.455402
2689000	-0.2000000000	0.0100000000	0.0001000000	10	100	0	0.455402
2690000	-0.2000000000	0.0100000000	0.0001000000	10	100	0	0.455402
2691000	-0.2000000000	0.0100000000	0.0001000000	10	100	0	0.455402
2692000	-0.2000000000	0.0100000000	0.0001000000	10	100	0	0.455402
2693000	-0.2000000000	0.0100000000	0.0001000000	10	100	0	0.455402
2694000	-0.2000000000	0.0100000000	0.0001000000	10	100	0	0.455402
2695000	-0.2000000000	0.0100000000	0.0001000000	10	100	0	0.455402
2696000	-0.2000000000	0.0100000000	0.0001000000	10	100	0	0.455402
2697000	-0.2000000000	0.0100000000	0.0001000000	10	100	0	0.455402
2698000	-0.2000000000	0.0100000000	0.0001000000	10	100	0	0.455402
2699000	-0.2000000000	0.0100000000	0.0001000000	10	100	0	0.455402
2700000	-0.2000000000	0.0100000000	0.0001000000	10	100	0	0.455402
2701000	-0.2000000000	0.0100000000	0.0001000000	10	100	0	0.455402
2702000	-0.2000000000	0.0100000000	0.0001000000	10	100	0	0.455402
2703000	-0.2000000000	0.0100000000	0.0001000000	10	100	0	0.455402
2704000	-0.2000000000	0.0100000000	0.0001000000	10	100	0	0.455402
2705000	-0.2000000000	0.0100000000	0.0001000000	10	100	0	0.455402
2706000	-0.2000000000	0.0100000000	0.0001000000	10	100	0	0.455402
2707000	-0.2000000000	0.0100000000	0.0001000000	10	100	0	0.455402
2708000	-0.2000000000	0.0100000000	0.0001000000	10	100	0	0.455402
2709000	-0.2000000000	0.0100000000	0.0001000000	10	100	0	0.455402
2710000	-0.2000000000	0.0100000000	0.0001000000	10	100	0	0.455402
2711000	-0.2000000000	0.0100000000	0.0001000000	10	100	0	0.455402
2712000	-0.2000000000	0.0100000000	0.0001000000	10	100	0	0.455402
2713000	-0.2000000000	0.0100000000	0.0001000000	10	100	0	0.455402
2714000	-0.2000000000	0.0100000000	0.0001000000	10	100	0	0.455402
2715000	-0.2000000000	0.0100000000	0.0001000000	10	100	0	0.455402
2716000	-0.2000000000	0.0100000000	0.0001000000	10	100	0	0.455402
2717000	-0.2000000000	0.0100000000	0.0001000000	10	100	0	0.455402
2718000	-0.2000000000	0.0100000000	0.0001000000	10	100	0	0.455402
2719000	-0.2000000000	0.0100000000	0.0001000000	10	100	0	0.455402
2720000	-0.2000000000	0.0100000000	0.0001000000	10	100	0	0.455402
2721000	-0.2000000000	0.0100000000	0.0001000000	10	100	0	0.455402
2722000	-0.2000000000	0.0100000000	0.0001000000	10	100	0	0.455402
2723000	-0.2000000000	0.0100000000	0.0001000000	10	100	0	0.455402
2724000	-0.2000000000	0.0100000000	0.0001000000	10	100	0	0.455402
2725000	-0.2000000000	0.0100000000	0.0001000000	10	100	0	0.455402
2726000	-0.2000000000	0.0100000000	0.0001000000	10	100	0	0.455402
2727000	-0.2000000000	0.0100000000	0.0001000000	10	100	0	0.444200
2728000	-0.2000000000	0.0100000000	0.0001000000	10	100	0	0.444200
2729000	-0.2000000000	0.0100000000	0.0001000000	10	100	0	0.444200
2730000	-0.2000000000	0.0100000000	0.0001000000	10	100	0	0.444200
2731000	-0.2000000000	0.0100000000	0.0001000000	10	100	0	0.444200
2732000	-0.2000000000	0.0100000000	0.0001000000	10	100	0	0.444200
2733000	-0.2000000000	0.0100000000	0.0001000000	10	100	0	0.444200
2734000	-0.2000000000	0.0100000000	0.0001000000	10	100	0	0.444200
2735000	-0.2000000000	0.0100000000	0.0001000000	10	100	0	0.444200
2736000	-0.2000000000	0.0100000000	0.0001000000	10	100	0	0.444200
2737000	-0.2000000000	0.0100000000	0.0001000000	10	100	0	0.444200
2738000	-0.2000000000	0.0100000000	0.0001000000	10	100	0	0.444200
2739000	-0.2000000000	0.0100000000	0.0001000000	10	100	0	0.444200
2740000	-0.2000000000	0.0100000000	0.0001000000	10	100	0	0.444200
2741000	-0.2000000000	0.0100000000	0.0001000000	10	100	0	0.444200
2742000	-0.2000000000	0.0100000000	0.0001000000	10	100	0	0.444200
2743000	-0.2000000000	0.0100000000	0.0001000000	10	100	0	0.444200
2744000	-0.2000000000	0.0100000000	0.0001000000	10	100	0	0.444200
2745000	-0.2000000000	0.0100000000	0.0001000000	10	100	0	0.444200
2746000	-0.2000000000	0.0100000000	0.0001000000	10	100	0	0.444200
2747000	-0.2000000000	0.0100000000	0.0001000000	10	100	0	0.444200
2748000	-0.2000000000	0.0100000000	0.0001000000	10	100	0	0.444200
2749000	-0.2000000000	0.0100000000	0.0001000000	10	100	0	0.444200
2750000	-0.2000000000	0.0100000000	0.0001000000	10	100	0	0.444200
2751000	-0.2000000000	0.0100000000	0.0001000000	10	100	0	0.455402
2752000	-0.2000000000	0.0100000000	0.0001000000	10	100	0	0.455402
2753000	-0.2000000000	0.0100000000	0.0001000000	10	100	0	0.455402
2754000	-0.2000000000	0.0100000000	0.0001000000	10	100	0	0.455402
2755000	-0.2000000000	0.0100000000	0.0001000000	10	100	0	0.455402
2756000	-0.2000000000	0.0100000000	0.0001000000	10	100	0	0.455402
2757000	-0.2000000000	0.0100000000	0.0001000000	10	100	0	0.455402
2758000	-0.2000000000	0.0100000000	0.0001000000	10	100	0	0.455402
2759000	-0.2000000000	0.0100000000	0.0001000000	10	100	0	0.455402
2760000	-0.2000000000	0.0100000000	0.0001000000	10	100	0	0.455402
2761000	-0.2000000000	0.0100000000	0.0001000000	10	100	0	0.455402
2762000	-0.2000000000	0.0100000000	0.0001000000	10	100	0	0.455402
2763000	-0.2000000000	0.0100000000	0.0001000000	10	100	0	0.455402
2764000	-0.2000000000	0.0100000000	0.0001000000	10	100	0	0.455402
2765000	-0.2000000000	0.0100000000	0.0001000000	10	100	0	0.455402
2766000	-0.2000000000	0.0100000000	0.0001000000	10	100	0	0.455402
2767000	-0.2000000000	0.0100000000	0.0001000000	10	100	0	0.455402
2768000	-0.2000000000	0.0100000000	0.0001000000	10	100	0	0.455402
2769000	-0.2000000000	0.0100000000	0.0001000000	10	100	0	0.455402
2770000	-0.2000000000	0.0100000000	0.0001000000	10	100	0	0.455402
2771000	-0.2000000000	0.0100000000	0.0001000000	10	100	0	0.455402
2772000	-0.2000000000	0.0100000000	0.0001000000	10	100	0	0.455402
2773000	-0.2000000000	0.0100000000	0.0001000000	10	100	0	0.455402
2774000	-0.2000000000	0.0100000000	0.0001000000	10	100	0	0.455402
2775000	-0.2000000000	0.0100000000	0.0001000000	10	100	0	0.455402
2776000	-0.2000000000	0.0100000000	0.0001000000	10	100	0	0.455402
2777000	-0.2000000000	0.0100000000	0.0001000000	10	100	0	0.455402
2778000	-0.2000000000	0.0100000000	0.0001000000	10	100	0	0.455402
2779000	-0.2000000000	0.0100000000	0.0001000000	10	100	0	0.466824
2780000	-0.2000000000	0.0100000000	0.0001000000	10	100	0	0.466824
2781000	-0.2000000000	0.0100000000	0.0001000000	10	100	0	0.455402
2782000	-0.2000000000	0.0100000000	0.0001000000	10	100	0	0.455402
2783000	-0.2000000000	0.0100000000	0.0001000000	10	100	0	0.455402
2784000	-0.2000000000	0.0100000000	0.0001000000	10	100	0	0.455402
2785000	-0.2000000000	0.0100000000	0.0001000000	10	100	0	0.455402
2786000	-0.2000000000	0.0100000000	0.0001000000	10	100	0	0.455402
2787000	-0.2000000000	0.0100000000	0.0001000000	10	100	0	0.455402
2788000	-0.2000000000	0.0100000000	0.0001000000	10	100	0	0.455402
2789000	-0.2000000000	0.0100000000	0.0001000000	10	100	0	0.455402
2790000	-0.2000000000	0.0100000000	0.0001000000	10	100	0	0.455402
2791000	-0.2000000000	0.0100000000	0.0001000000	10	100	0	0.455402
2792000	-0.2000000000	0.0100000000	0.0001000000	10	100	0	0.455402
2793000	-0.2000000000	0.0100000000	0.0001000000	10	100	0	0.455402
2794000	-0.2000000000	0.0100000000	0.0001000000	10	100	0	0.455402
2795000	-0.2000000000	0.0100000000	0.0001000000	10	100	0	0.455402
2796000	-0.2000000000	0.0100000000	0.0001000000	10	100	0	0.455402
2797000	-0.2000000000	0.0100000000	0.0001000000	10	100	0	0.455402
2798000	-0.2000000000	0.0100000000	0.0001000000	10	100	0	0.455402
2799000	-0.2000000000	0.0100000000	0.0001000000	10	100	0	0.455402
2800000	-0.2000000000	0.0100000000	0.0001000000	10	100	0	0.455402
2801000	-0.2000000000	0.0100000000	0.0001000000	10	100	0	0.455402
2802000	-0.2000000000	0.0100000000	0.0001000000	10	100	0	0.444200
2803000	-0.2000000000	0.0100000000	0.0001000000	10	100	0	0.444200
2804000	-0.2000000000	0.0100000000	0.0001000000	10	100	0	0.444200
2805000	-0.2000000000	0.0100000000	0.0001000000	10	100	0	0.444200
2806000	-0.2000000000	0.0100000000	0.0001000000	10	100	0	0.443102
2807000	-0.2000000000	0.0100000000	0.0001000000	10	100	0	0.444200
2808000	-0.2000000000	0.0100000000	0.0001000000	10	100	0	0.444200
2809000	-0.2000000000	0.0100000000	0.0001000000	10	100	0	0.444200
2810000	-0.2000000000	0.0100000000	0.0001000000	10	100	0	0.455402
2811000	-0.2000000000	0.0100000000	0.0001000000	10	100	0	0.455402
2812000	-0.2000000000	0.0100000000	0.0001000000	10	100	0	0.455402
2813000	-0.2000000000	0.0100000000	0.0001000000	10	100	0	0.455402
2814000	-0.2000000000	0.0100000000	0.0001000000	10	100	0	0.455402
2815000	-0.2000000000	0.0100000000	0.0001000000	10	100	0	0.455402
2816000	-0.2000000000	0.0100000000	0.0001000000	10	100	0	0.455402
2817000	-0.2000000000	0.0100000000	0.0001000000	10	100	0	0.455402
2818000	-0.2000000000	0.0100000000	0.0001000000	10	100	0	0.466824
2819000	-0.2000000000	0.0100000000	0.0001000000	10	100	0	0.466824
2820000	-0.2000000000	0.0100000000	0.0001000000	10	100	0	0.466824
2821000	-0.2000000000	0.0100000000	0.0001000000	10	100	0	0.466824
2822000	-0.2000000000	0.0100000000	0.0001000000	10	100	0	0.466824
2823000	-0.2000000000	0.0100000000	0.0001000000	10	100	0	0.466824
2824000	-0.2000000000	0.0100000000	0.0001000000	10	100	0	0.466824
2825000	-0.2000000000	0.0100000000	0.0001000000	10	100	0	0.466824
2826000	-0.2000000000	0.0100000000	0.0001000000	10	100	0	0.455402
2827000	-0.2000000000	0.0100000000	0.0001000000	10	100	0	0.455402
2828000	-0.2000000000	0.0100000000	0.0001000000	10	100	0	0.455402
2829000	-0.2000000000	0.0100000000	0.0001000000	10	100	0	0.466824
2830000	-0.2000000000	0.0100000000	0.0001000000	10	100	0	0.466824
2831000	-0.2000000000	0.0100000000	0.0001000000	10	100	0	0.466824
2832000	-0.2000000000	0.0100000000	0.0001000000	10	100	0	0.466824
2833000	-0.2000000000	0.0100000000	0.0001000000	10	100	0	0.466824
2834000	-0.2000000000	0.0100000000	0.0001000000	10	100	0	0.466824
2835000	-0.2000000000	0.0100000000	0.0001000000	10	100	0	0.466824
2836000	-0.2000000000	0.0100000000	0.0001000000	10	100	0	0.455402
2837000	-0.2000000000	0.0100000000	0.0001000000	10	100	0	0.455402
2838000	-0.2000000000	0.0100000000	0.0001000000	10	100	0	0.455402
2839000	-0.2000000000	0.0100000000	0.0001000000	10	100	0	0.455402
2840000	-0.2000000000	0.0100000000	0.0001000000	10	100	0	0.444200
2841000	-0.2000000000	0.0100000000	0.0001000000	10	100	0	0.444200
2842000	-0.2000000000	0.0100000000	0.0001000000	10	100	0	0.444200
2843000	-0.2000000000	0.0100000000	0.0001000000	10	100	0	0.455402
2844000	-0.2000000000	0.0100000000	0.0001000000	10	100	0	0.444200
2845000	-0.2000000000	0.0100000000	0.0001000000	10	100	0	0.444200
2846000	-0.2000000000	0.0100000000	0.0001000000	10	100	0	0.444200
2847000	-0.2000000000	0.0100000000	0.0001000000	10	100	0	0.444200
2848000	-0.2000000000	0.0100000000	0.0001000000	10	100	0	0.444200
2849000	-0.2000000000	0.0100000000	0.0001000000	10	100	0	0.444200
2850000	-0.2000000000	0.0100000000	0.0001000000	10	100	0	0.444200
2851000	-0.2000000000	0.0100000000	0.0001000000	10	100	0	0.444200
2852000	-0.2000000000	0.0100000000	0.0001000000	10	100	0	0.444200
2853000	-0.2000000000	0.0100000000	0.0001000000	10	100	0	0.444200
2854000	-0.2000000000	0.0100000000	0.0001000000	10	100	0	0.444200
2855000	-0.2000000000	0.0100000000	0.0001000000	10	100	0	0.444200
2856000	-0.2000000000	0.0100000000	0.0001000000	10	100	0	0.444200
2857000	-0.2000000000	0.0100000000	0.0001000000	10	100	0	0.444200
2858000	-0.2000000000	0.0100000000	0.0001000000	10	100	0	0.444200
2859000	-0.2000000000	0.0100000000	0.0001000000	10	100	0	0.444200
2860000	-0.2000000000	0.0100000000	0.0001000000	10	100	0	0.444200
2861000	-0.2000000000	0.0100000000	0.0001000000	10	100	0	0.444200
2862000	-0.2000000000	0.0100000000	0.0001000000	10	100	0	0.444200
2863000	-0.2000000000	0.0100000000	0.0001000000	10	100	0	0.455402
2864000	-0.2000000000	0.0100000000	0.0001000000	10	100	0	0.455402
2865000	-0.2000000000	0.0100000000	0.0001000000	10	100	0	0.444200
2866000	-0.2000000000	0.0100000000	0.0001000000	10	100	0	0.444200
2867000	-0.2000000000	0.0100000000	0.0001000000	10	100	0	0.444200
2868000	-0.2000000000	0.0100000000	0.0001000000	10	100	0	0.444200
2869000	-0.2000000000	0.0100000000	0.0001000000	10	100	0	0.444200
2870000	-0.2000000000	0.0100000000	0.0001000000	10	100	0	0.444200
2871000	-0.2000000000	0.0100000000	0.0001000000	10	100	0	0.444200
2872000	-0.2000000000	0.0100000000	0.0001000000	10	100	0	0.444200
2873000	-0.2000000000	0.0100000000	0.0001000000	10	100	0	0.444200
2874000	-0.2000000000	0.0100000000	0.0001000000	10	100	0	0.444200
2875000	-0.2000000000	0.0100000000	0.0001000000	10	100	0	0.444200
2876000	-0.2000000000	0.0100000000	0.0001000000	10	100	0	0.444200
2877000	-0.2000000000	0.0100000000	0.0001000000	10	100	0	0.444200
2878000	-0.2000000000	0.0100000000	0.0001000000	10	100	0	0.444200
2879000	-0.2000000000	0.0100000000	0.0001000000	10	100	0	0.444200
2880000	-0.2000000000	0.0100000000	0.0001000000	10	100	0	0.444200
2881000	-0.2000000000	0.0100000000	0.0001000000	10	100	0	0.444200
2882000	-0.2000000000	0.0100000000	0.0001000000	10	100	0	0.444200
2883000	-0.2000000000	0.0100000000	0.0001000000	10	100	0	0.444200
2884000	-0.2000000000	0.0100000000	0.0001000000	10	100	0	0.444200
2885000	-0.2000000000	0.0100000000	0.0001000000	10	100	0	0.444200
2886000	-0.2000000000	0.0100000000	0.0001000000	10	100	0	0.444200
2887000	-0.2000000000	0.0100000000	0.0001000000	10	100	0	0.444200
2888000	-0.2000000000	0.0100000000	0.0001000000	10	100	0	0.455402
2889000	-0.2000000000	0.0100000000	0.0001000000	10	100	0	0.455402
2890000	-0.2000000000	0.0100000000	0.0001000000	10	100	0	0.455402
2891000	-0.2000000000	0.0100000000	0.0001000000	10	100	0	0.455402
2892000	-0.2000000000	0.0100000000	0.0001000000	10	100	0	0.455402
2893000	-0.2000000000	0.0100000000	0.0001000000	10	100	0	0.455402
2894000	-0.2000000000	0.0100000000	0.0001000000	10	100	0	0.455402
2895000	-0.2000000000	0.0100000000	0.0001000000	10	100	0	0.455402
2896000	-0.2000000000	0.0100000000	0.0001000000	10	100	0	0.455402
2897000	-0.2000000000	0.0100000000	0.0001000000	10	100	0	0.455402
2898000	-0.2000000000	0.0100000000	0.0001000000	10	100	0	0.455402
2899000	-0.2000000000	0.0100000000	0.0001000000	10	100	0	0.455402
2900000	-0.2000000000	0.0100000000	0.0001000000	10	100	0	0.455402
2901000	-0.2000000000	0.0100000000	0.0001000000	10	100	0	0.455402
2902000	-0.2000000000	0.0100000000	0.0001000000	10	100	0	0.455402
2903000	-0.2000000000	0.0100000000	0.0001000000	10	100	0	0.455402
2904000	-0.2000000000	0.0100000000	0.0001000000	10	100	0	0.455402
2905000	-0.2000000000	0.0100000000	0.0001000000	10	100	0	0.455402
2906000	-0.2000000000	0.0100000000	0.0001000000	10	100	0	0.466824
2907000	-0.2000000000	0.0100000000	0.0001000000	10	100	0	0.466824
2908000	-0.2000000000	0.0100000000	0.0001000000	10	100	0	0.466824
2909000	-0.2000000000	0.0100000000	0.0001000000	10	100	0	0.466824
2910000	-0.2000000000	0.0100000000	0.0001000000	10	100	0	0.466824
2911000	-0.2000000000	0.0100000000	0.0001000000	10	100	0	0.466824
2912000	-0.2000000000	0.0100000000	0.0001000000	10	100	0	0.466824
2913000	-0.2000000000	0.0100000000	0.0001000000	10	100	0	0.455402
2914000	-0.2000000000	0.0100000000	0.0001000000	10	100	0	0.455402
2915000	-0.2000000000	0.0100000000	0.0001000000	10	100	0	0.455402
2916000	-0.2000000000	0.0100000000	0.0001000000	10	100	0	0.455402
2917000	-0.2000000000	0.0100000000	0.0001000000	10	100	0	0.455402
2918000	-0.2000000000	0.0100000000	0.0001000000	10	100	0	0.455402
2919000	-0.2000000000	0.0100000000	0.0001000000	10	100	0	0.455402
2920000	-0.2000000000	0.0100000000	0.0001000000	10	100	0	0.455402
2921000	-0.2000000000	0.0100000000	0.0001000000	10	100	0	0.466824
2922000	-0.2000000000	0.0100000000	0.0001000000	10	100	0	0.455402
2923000	-0.2000000000	0.0100000000	0.0001000000	10	100	0	0.455402
2924000	-0.2000000000	0.0100000000	0.0001000000	10	100	0	0.455402
2925000	-0.2000000000	0.0100000000	0.0001000000	10	100	0	0.455402
2926000	-0.2000000000	0.0100000000	0.0001000000	10	100	0	0.455402
2927000	-0.2000000000	0.0100000000	0.0001000000	10	100	0	0.455402
2928000	-0.2000000000	0.0100000000	0.0001000000	10	100	0	0.455402
2929000	-0.2000000000	0.0100000000	0.0001000000	10	100	0	0.455402
2930000	-0.2000000000	0.0100000000	0.0001000000	10	100	0	0.455402
2931000	-0.2000000000	0.0100000000	0.0001000000	10	100	0	0.455402
2932000	-0.2000000000	0.0100000000	0.0001000000	10	100	0	0.455402
2933000	-0.2000000000	0.0100000000	0.0001000000	10	100	0	0.455402
2934000	-0.2000000000	0.0100000000	0.0001000000	10	100	0	0.444200
2935000	-0.2000000000	0.0100000000	0.0001000000	10	100	0	0.444200
2936000	-0.2000000000	0.0100000000	0.0001000000	10	100	0	0.444200
2937000	-0.2000000000	0.0100000000	0.0001000000	10	100	0	0.444200
2938000	-0.2000000000	0.0100000000	0.0001000000	10	100	0	0.444200
2939000	-0.2000000000	0.0100000000	0.0001000000	10	100	0	0.444200
2940000	-0.2000000000	0.0100000000	0.0001000000	10	100	0	0.444200
2941000	-0.2000000000	0.0100000000	0.0001000000	10	100	0	0.444200
2942000	-0.2000000000	0.0100000000	0.0001000000	10	100	0	0.444200
2943000	-0.2000000000	0.0100000000	0.0001000000	10	100	0	0.455402
2944000	-0.2000000000	0.0100000000	0.0001000000	10	100	0	0.455402
2945000	-0.2000000000	0.0100000000	0.0001000000	10	100	0	0.455402
2946000	-0.2000000000	0.0100000000	0.0001000000	10	100	0	0.455402
2947000	-0.2000000000	0.0100000000	0.0001000000	10	100	0	0.455402
2948000	-0.2000000000	0.0100000000	0.0001000000	10	100	0	0.455402
2949000	-0.2000000000	0.0100000000	0.0001000000	10	100	0	0.455402
2950000	-0.2000000000	0.0100000000	0.0001000000	10	100	0	0.455402
2951000	-0.2000000000	0.0100000000	0.0001000000	10	100	0	0.455402
2952000	-0.2000000000	0.0100000000	0.0001000000	10	100	0	0.455402
2953000	-0.2000000000	0.0100000000	0.0001000000	10	100	0	0.455402
2954000	-0.2000000000	0.0100000000	0.0001000000	10	100	0	0.455402
2955000	-0.2000000000	0.0100000000	0.0001000000	10	100	0	0.455402
2956000	-0.2000000000	0.0100000000	0.0001000000	10	100	0	0.455402
2957000	-0.2000000000	0.0100000000	0.0001000000	10	100	0	0.455402
2958000	-0.2000000000	0.0100000000	0.0001000000	10	100	0	0.455402
2959000	-0.2000000000	0.0100000000	0.0001000000	10	100	0	0.455402
2960000	-0.2000000000	0.0100000000	0.0001000000	10	100	0	0.455402
2961000	-0.2000000000	0.0100000000	0.0001000000	10	100	0	0.455402
2962000	-0.2000000000	0.0100000000	0.0001000000	10	100	0	0.455402
2963000	-0.2000000000	0.0100000000	0.0001000000	10	100	0	0.466824
2964000	-0.2000000000	0.0100000000	0.0001000000	10	100	0	0.466824
2965000	-0.2000000000	0.0100000000	0.0001000000	10	100	0	0.466824
2966000	-0.2000000000	0.0100000000	0.0001000000	10	100	0	0.466824
2967000	-0.2000000000	0.0100000000	0.0001000000	10	100	0	0.466824
2968000	-0.2000000000	0.0100000000	0.0001000000	10	100	0	0.466824
2969000	-0.2000000000	0.0100000000	0.0001000000	10	100	0	0.466824
2970000	-0.2000000000	0.0100000000	0.0001000000	10	100	0	0.466824
2971000	-0.2000000000	0.0100000000	0.0001000000	10	100	0	0.466824
2972000	-0.2000000000	0.0100000000	0.0001000000	10	100	0	0.478470
2973000	-0.2000000000	0.0100000000	0.0001000000	10	100	0	0.478470
2974000	-0.2000000000	0.0100000000	0.0001000000	10	100	0	0.478470
2975000	-0.2000000000	0.0100000000	0.0001000000	10	100	0	0.478470
2976000	-0.2000000000	0.0100000000	0.0001000000	10	100	0	0.490339
2977000	-0.2000000000	0.0100000000	0.0001000000	10	100	0	0.490339
2978000	-0.2000000000	0.0100000000	0.0001000000	10	100	0	0.490339
2979000	-0.2000000000	0.0100000000	0.0001000000	10	100	0	0.490339
2980000	-0.2000000000	0.0100000000	0.0001000000	10	100	0	0.478470
2981000	-0.2000000000	0.0100000000	0.0001000000	10	100	0	0.478470
2982000	-0.2000000000	0.0100000000	0.0001000000	10	100	0	0.478470
2983000	-0.2000000000	0.0100000000	0.0001000000	10	100	0	0.478470
2984000	-0.2000000000	0.0100000000	0.0001000000	10	100	0	0.478470
2985000	-0.2000000000	0.0100000000	0.0001000000	10	100	0	0.478470
2986000	-0.2000000000	0.0100000000	0.0001000000	10	100	0	0.478470
2987000	-0.2000000000	0.0100000000	0.0001000000	10	100	0	0.478470
2988000	-0.2000000000	0.0100000000	0.0001000000	10	100	0	0.478470
2989000	-0.2000000000	0.0100000000	0.0001000000	10	100	0	0.478470
2990000	-0.2000000000	0.0100000000	0.0001000000	10	100	0	0.478470
2991000	-0.2000000000	0.0100000000	0.0001000000	10	100	0	0.478470
2992000	-0.2000000000	0.0100000000	0.0001000000	10	100	0	0.478470
2993000	-0.2000000000	0.0100000000	0.0001000000	10	100	0	0.478470
2994000	-0.2000000000	0.0100000000	0.0001000000	10	100	0	0.478470
2995000	-0.2000000000	0.0100000000	0.0001000000	10	100	0	0.478470
2996000	-0.2000000000	0.0100000000	0.0001000000	10	100	0	0.466824
2997000	-0.2000000000	0.0100000000	0.0001000000	10	100	0	0.466824
2998000	-0.2000000000	0.0100000000	0.0001000000	10	100	0	0.466824
2999000	-0.2000000000	0.0100000000	0.0001000000	10	100	0	0.466824
3000000	-0.2000000000	0.0100000000	0.0001000000	10	100	0	0.466824
