time	epistasis_coef	sel_coef	mu_prob	Ne	L	k_start	mean_fitness
2000000	-0.8000000000	0.0010000000	0.0100000000	10	100	0	0.633911
2001000	-0.8000000000	0.0010000000	0.0100000000	10	100	0	0.703047
2002000	-0.8000000000	0.0010000000	0.0100000000	10	100	0	0.711591
2003000	-0.8000000000	0.0010000000	0.0100000000	10	100	0	0.668573
2004000	-0.8000000000	0.0010000000	0.0100000000	10	100	0	0.599296
2005000	-0.8000000000	0.0010000000	0.0100000000	10	100	0	0.616584
2006000	-0.8000000000	0.0010000000	0.0100000000	10	100	0	0.595851
2007000	-0.8000000000	0.0010000000	0.0100000000	10	100	0	0.616584
2008000	-0.8000000000	0.0010000000	0.0100000000	10	100	0	0.703047
2009000	-0.8000000000	0.0010000000	0.0100000000	10	100	0	0.685849
2010000	-0.8000000000	0.0010000000	0.0100000000	10	100	0	0.753852
2011000	-0.8000000000	0.0010000000	0.0100000000	10	100	0	0.720135
2012000	-0.8000000000	0.0010000000	0.0100000000	10	100	0	0.703047
2013000	-0.8000000000	0.0010000000	0.0100000000	10	100	0	0.668568
2014000	-0.8000000000	0.0010000000	0.0100000000	10	100	0	0.599296
2015000	-0.8000000000	0.0010000000	0.0100000000	10	100	0	0.547923
2016000	-0.8000000000	0.0010000000	0.0100000000	10	100	0	0.599296
2017000	-0.8000000000	0.0010000000	0.0100000000	10	100	0	0.614855
2018000	-0.8000000000	0.0010000000	0.0100000000	10	100	0	0.633911
2019000	-0.8000000000	0.0010000000	0.0100000000	10	100	0	0.582073
2020000	-0.8000000000	0.0010000000	0.0100000000	10	100	0	0.564941
2021000	-0.8000000000	0.0010000000	0.0100000000	10	100	0	0.651251
2022000	-0.8000000000	0.0010000000	0.0100000000	10	100	0	0.599296
2023000	-0.8000000000	0.0010000000	0.0100000000	10	100	0	0.481428
2024000	-0.8000000000	0.0010000000	0.0100000000	10	100	0	0.449394
2025000	-0.8000000000	0.0010000000	0.0100000000	10	100	0	0.373839
2026000	-0.8000000000	0.0010000000	0.0100000000	10	100	0	0.398770
2027000	-0.8000000000	0.0010000000	0.0100000000	10	100	0	0.381111
2028000	-0.8000000000	0.0010000000	0.0100000000	10	100	0	0.460525
2029000	-0.8000000000	0.0010000000	0.0100000000	10	100	0	0.449394
2030000	-0.8000000000	0.0010000000	0.0100000000	10	100	0	0.449394
2031000	-0.8000000000	0.0010000000	0.0100000000	10	100	0	0.531058
2032000	-0.8000000000	0.0010000000	0.0100000000	10	100	0	0.564941
2033000	-0.8000000000	0.0010000000	0.0100000000	10	100	0	0.563239
2034000	-0.8000000000	0.0010000000	0.0100000000	10	100	0	0.512665
2035000	-0.8000000000	0.0010000000	0.0100000000	10	100	0	0.544547
2036000	-0.8000000000	0.0010000000	0.0100000000	10	100	0	0.582132
2037000	-0.8000000000	0.0010000000	0.0100000000	10	100	0	0.546235
2038000	-0.8000000000	0.0010000000	0.0100000000	10	100	0	0.541187
2039000	-0.8000000000	0.0010000000	0.0100000000	10	100	0	0.531042
2040000	-0.8000000000	0.0010000000	0.0100000000	10	100	0	0.494506
2041000	-0.8000000000	0.0010000000	0.0100000000	10	100	0	0.465296
2042000	-0.8000000000	0.0010000000	0.0100000000	10	100	0	0.416832
2043000	-0.8000000000	0.0010000000	0.0100000000	10	100	0	0.416832
2044000	-0.8000000000	0.0010000000	0.0100000000	10	100	0	0.465296
2045000	-0.8000000000	0.0010000000	0.0100000000	10	100	0	0.514320
2046000	-0.8000000000	0.0010000000	0.0100000000	10	100	0	0.537795
2047000	-0.8000000000	0.0010000000	0.0100000000	10	100	0	0.616584
2048000	-0.8000000000	0.0010000000	0.0100000000	10	100	0	0.651251
2049000	-0.8000000000	0.0010000000	0.0100000000	10	100	0	0.668573
2050000	-0.8000000000	0.0010000000	0.0100000000	10	100	0	0.599296
2051000	-0.8000000000	0.0010000000	0.0100000000	10	100	0	0.497775
2052000	-0.8000000000	0.0010000000	0.0100000000	10	100	0	0.532730
2053000	-0.8000000000	0.0010000000	0.0100000000	10	100	0	0.497775
2054000	-0.8000000000	0.0010000000	0.0100000000	10	100	0	0.514355
2055000	-0.8000000000	0.0010000000	0.0100000000	10	100	0	0.515992
2056000	-0.8000000000	0.0010000000	0.0100000000	10	100	0	0.491294
2057000	-0.8000000000	0.0010000000	0.0100000000	10	100	0	0.471749
2058000	-0.8000000000	0.0010000000	0.0100000000	10	100	0	0.497775
2059000	-0.8000000000	0.0010000000	0.0100000000	10	100	0	0.418344
2060000	-0.8000000000	0.0010000000	0.0100000000	10	100	0	0.449394
2061000	-0.8000000000	0.0010000000	0.0100000000	10	100	0	0.537842
2062000	-0.8000000000	0.0010000000	0.0100000000	10	100	0	0.481428
2063000	-0.8000000000	0.0010000000	0.0100000000	10	100	0	0.564941
2064000	-0.8000000000	0.0010000000	0.0100000000	10	100	0	0.568411
2065000	-0.8000000000	0.0010000000	0.0100000000	10	100	0	0.541171
2066000	-0.8000000000	0.0010000000	0.0100000000	10	100	0	0.531042
2067000	-0.8000000000	0.0010000000	0.0100000000	10	100	0	0.547923
2068000	-0.8000000000	0.0010000000	0.0100000000	10	100	0	0.571794
2069000	-0.8000000000	0.0010000000	0.0100000000	10	100	0	0.515992
2070000	-0.8000000000	0.0010000000	0.0100000000	10	100	0	0.599296
2071000	-0.8000000000	0.0010000000	0.0100000000	10	100	0	0.566654
2072000	-0.8000000000	0.0010000000	0.0100000000	10	100	0	0.547923
2073000	-0.8000000000	0.0010000000	0.0100000000	10	100	0	0.599296
2074000	-0.8000000000	0.0010000000	0.0100000000	10	100	0	0.481428
2075000	-0.8000000000	0.0010000000	0.0100000000	10	100	0	0.494506
2076000	-0.8000000000	0.0010000000	0.0100000000	10	100	0	0.507702
2077000	-0.8000000000	0.0010000000	0.0100000000	10	100	0	0.497775
2078000	-0.8000000000	0.0010000000	0.0100000000	10	100	0	0.433739
2079000	-0.8000000000	0.0010000000	0.0100000000	10	100	0	0.378202
2080000	-0.8000000000	0.0010000000	0.0100000000	10	100	0	0.468544
2081000	-0.8000000000	0.0010000000	0.0100000000	10	100	0	0.497775
2082000	-0.8000000000	0.0010000000	0.0100000000	10	100	0	0.433739
2083000	-0.8000000000	0.0010000000	0.0100000000	10	100	0	0.403221
2084000	-0.8000000000	0.0010000000	0.0100000000	10	100	0	0.382565
2085000	-0.8000000000	0.0010000000	0.0100000000	10	100	0	0.433739
2086000	-0.8000000000	0.0010000000	0.0100000000	10	100	0	0.449394
2087000	-0.8000000000	0.0010000000	0.0100000000	10	100	0	0.547923
2088000	-0.8000000000	0.0010000000	0.0100000000	10	100	0	0.465296
2089000	-0.8000000000	0.0010000000	0.0100000000	10	100	0	0.479858
2090000	-0.8000000000	0.0010000000	0.0100000000	10	100	0	0.465296
2091000	-0.8000000000	0.0010000000	0.0100000000	10	100	0	0.386929
2092000	-0.8000000000	0.0010000000	0.0100000000	10	100	0	0.403221
2093000	-0.8000000000	0.0010000000	0.0100000000	10	100	0	0.433739
2094000	-0.8000000000	0.0010000000	0.0100000000	10	100	0	0.492871
2095000	-0.8000000000	0.0010000000	0.0100000000	10	100	0	0.481428
2096000	-0.8000000000	0.0010000000	0.0100000000	10	100	0	0.481428
2097000	-0.8000000000	0.0010000000	0.0100000000	10	100	0	0.531042
2098000	-0.8000000000	0.0010000000	0.0100000000	10	100	0	0.547923
2099000	-0.8000000000	0.0010000000	0.0100000000	10	100	0	0.582073
2100000	-0.8000000000	0.0010000000	0.0100000000	10	100	0	0.529370
2101000	-0.8000000000	0.0010000000	0.0100000000	10	100	0	0.514320
2102000	-0.8000000000	0.0010000000	0.0100000000	10	100	0	0.521009
2103000	-0.8000000000	0.0010000000	0.0100000000	10	100	0	0.547923
2104000	-0.8000000000	0.0010000000	0.0100000000	10	100	0	0.529370
2105000	-0.8000000000	0.0010000000	0.0100000000	10	100	0	0.499430
2106000	-0.8000000000	0.0010000000	0.0100000000	10	100	0	0.583795
2107000	-0.8000000000	0.0010000000	0.0100000000	10	100	0	0.514320
2108000	-0.8000000000	0.0010000000	0.0100000000	10	100	0	0.481428
2109000	-0.8000000000	0.0010000000	0.0100000000	10	100	0	0.481428
2110000	-0.8000000000	0.0010000000	0.0100000000	10	100	0	0.465296
2111000	-0.8000000000	0.0010000000	0.0100000000	10	100	0	0.463706
2112000	-0.8000000000	0.0010000000	0.0100000000	10	100	0	0.481428
2113000	-0.8000000000	0.0010000000	0.0100000000	10	100	0	0.497775
2114000	-0.8000000000	0.0010000000	0.0100000000	10	100	0	0.481428
2115000	-0.8000000000	0.0010000000	0.0100000000	10	100	0	0.388383
2116000	-0.8000000000	0.0010000000	0.0100000000	10	100	0	0.465296
2117000	-0.8000000000	0.0010000000	0.0100000000	10	100	0	0.433739
2118000	-0.8000000000	0.0010000000	0.0100000000	10	100	0	0.547923
2119000	-0.8000000000	0.0010000000	0.0100000000	10	100	0	0.514320
2120000	-0.8000000000	0.0010000000	0.0100000000	10	100	0	0.473362
2121000	-0.8000000000	0.0010000000	0.0100000000	10	100	0	0.517664
2122000	-0.8000000000	0.0010000000	0.0100000000	10	100	0	0.532730
2123000	-0.8000000000	0.0010000000	0.0100000000	10	100	0	0.512665
2124000	-0.8000000000	0.0010000000	0.0100000000	10	100	0	0.449394
2125000	-0.8000000000	0.0010000000	0.0100000000	10	100	0	0.418344
2126000	-0.8000000000	0.0010000000	0.0100000000	10	100	0	0.465296
2127000	-0.8000000000	0.0010000000	0.0100000000	10	100	0	0.497775
2128000	-0.8000000000	0.0010000000	0.0100000000	10	100	0	0.531042
2129000	-0.8000000000	0.0010000000	0.0100000000	10	100	0	0.531042
2130000	-0.8000000000	0.0010000000	0.0100000000	10	100	0	0.564941
2131000	-0.8000000000	0.0010000000	0.0100000000	10	100	0	0.529370
2132000	-0.8000000000	0.0010000000	0.0100000000	10	100	0	0.564941
2133000	-0.8000000000	0.0010000000	0.0100000000	10	100	0	0.582073
2134000	-0.8000000000	0.0010000000	0.0100000000	10	100	0	0.547923
2135000	-0.8000000000	0.0010000000	0.0100000000	10	100	0	0.497775
2136000	-0.8000000000	0.0010000000	0.0100000000	10	100	0	0.403221
2137000	-0.8000000000	0.0010000000	0.0100000000	10	100	0	0.451034
2138000	-0.8000000000	0.0010000000	0.0100000000	10	100	0	0.388383
2139000	-0.8000000000	0.0010000000	0.0100000000	10	100	0	0.468522
2140000	-0.8000000000	0.0010000000	0.0100000000	10	100	0	0.531042
2141000	-0.8000000000	0.0010000000	0.0100000000	10	100	0	0.566654
2142000	-0.8000000000	0.0010000000	0.0100000000	10	100	0	0.613126
2143000	-0.8000000000	0.0010000000	0.0100000000	10	100	0	0.582073
2144000	-0.8000000000	0.0010000000	0.0100000000	10	100	0	0.576933
2145000	-0.8000000000	0.0010000000	0.0100000000	10	100	0	0.531042
2146000	-0.8000000000	0.0010000000	0.0100000000	10	100	0	0.481428
2147000	-0.8000000000	0.0010000000	0.0100000000	10	100	0	0.496141
2148000	-0.8000000000	0.0010000000	0.0100000000	10	100	0	0.497775
2149000	-0.8000000000	0.0010000000	0.0100000000	10	100	0	0.481428
2150000	-0.8000000000	0.0010000000	0.0100000000	10	100	0	0.481428
2151000	-0.8000000000	0.0010000000	0.0100000000	10	100	0	0.515992
2152000	-0.8000000000	0.0010000000	0.0100000000	10	100	0	0.491236
2153000	-0.8000000000	0.0010000000	0.0100000000	10	100	0	0.497775
2154000	-0.8000000000	0.0010000000	0.0100000000	10	100	0	0.471749
2155000	-0.8000000000	0.0010000000	0.0100000000	10	100	0	0.524353
2156000	-0.8000000000	0.0010000000	0.0100000000	10	100	0	0.582073
2157000	-0.8000000000	0.0010000000	0.0100000000	10	100	0	0.583795
2158000	-0.8000000000	0.0010000000	0.0100000000	10	100	0	0.616592
2159000	-0.8000000000	0.0010000000	0.0100000000	10	100	0	0.566666
2160000	-0.8000000000	0.0010000000	0.0100000000	10	100	0	0.531042
2161000	-0.8000000000	0.0010000000	0.0100000000	10	100	0	0.541171
2162000	-0.8000000000	0.0010000000	0.0100000000	10	100	0	0.536107
2163000	-0.8000000000	0.0010000000	0.0100000000	10	100	0	0.497775
2164000	-0.8000000000	0.0010000000	0.0100000000	10	100	0	0.531042
2165000	-0.8000000000	0.0010000000	0.0100000000	10	100	0	0.465296
2166000	-0.8000000000	0.0010000000	0.0100000000	10	100	0	0.534418
2167000	-0.8000000000	0.0010000000	0.0100000000	10	100	0	0.514320
2168000	-0.8000000000	0.0010000000	0.0100000000	10	100	0	0.599296
2169000	-0.8000000000	0.0010000000	0.0100000000	10	100	0	0.544547
2170000	-0.8000000000	0.0010000000	0.0100000000	10	100	0	0.558134
2171000	-0.8000000000	0.0010000000	0.0100000000	10	100	0	0.481428
2172000	-0.8000000000	0.0010000000	0.0100000000	10	100	0	0.465296
2173000	-0.8000000000	0.0010000000	0.0100000000	10	100	0	0.418344
2174000	-0.8000000000	0.0010000000	0.0100000000	10	100	0	0.433739
2175000	-0.8000000000	0.0010000000	0.0100000000	10	100	0	0.575220
2176000	-0.8000000000	0.0010000000	0.0100000000	10	100	0	0.564941
2177000	-0.8000000000	0.0010000000	0.0100000000	10	100	0	0.582073
2178000	-0.8000000000	0.0010000000	0.0100000000	10	100	0	0.575220
2179000	-0.8000000000	0.0010000000	0.0100000000	10	100	0	0.547923
2180000	-0.8000000000	0.0010000000	0.0100000000	10	100	0	0.599315
2181000	-0.8000000000	0.0010000000	0.0100000000	10	100	0	0.599296
2182000	-0.8000000000	0.0010000000	0.0100000000	10	100	0	0.526025
2183000	-0.8000000000	0.0010000000	0.0100000000	10	100	0	0.544547
2184000	-0.8000000000	0.0010000000	0.0100000000	10	100	0	0.497775
2185000	-0.8000000000	0.0010000000	0.0100000000	10	100	0	0.484698
2186000	-0.8000000000	0.0010000000	0.0100000000	10	100	0	0.496141
2187000	-0.8000000000	0.0010000000	0.0100000000	10	100	0	0.410783
2188000	-0.8000000000	0.0010000000	0.0100000000	10	100	0	0.427581
2189000	-0.8000000000	0.0010000000	0.0100000000	10	100	0	0.494506
2190000	-0.8000000000	0.0010000000	0.0100000000	10	100	0	0.481428
2191000	-0.8000000000	0.0010000000	0.0100000000	10	100	0	0.418344
2192000	-0.8000000000	0.0010000000	0.0100000000	10	100	0	0.514320
2193000	-0.8000000000	0.0010000000	0.0100000000	10	100	0	0.449394
2194000	-0.8000000000	0.0010000000	0.0100000000	10	100	0	0.547923
2195000	-0.8000000000	0.0010000000	0.0100000000	10	100	0	0.611398
2196000	-0.8000000000	0.0010000000	0.0100000000	10	100	0	0.497775
2197000	-0.8000000000	0.0010000000	0.0100000000	10	100	0	0.418344
2198000	-0.8000000000	0.0010000000	0.0100000000	10	100	0	0.465296
2199000	-0.8000000000	0.0010000000	0.0100000000	10	100	0	0.491236
2200000	-0.8000000000	0.0010000000	0.0100000000	10	100	0	0.481428
2201000	-0.8000000000	0.0010000000	0.0100000000	10	100	0	0.491236
2202000	-0.8000000000	0.0010000000	0.0100000000	10	100	0	0.547923
2203000	-0.8000000000	0.0010000000	0.0100000000	10	100	0	0.566654
2204000	-0.8000000000	0.0010000000	0.0100000000	10	100	0	0.599296
2205000	-0.8000000000	0.0010000000	0.0100000000	10	100	0	0.582082
2206000	-0.8000000000	0.0010000000	0.0100000000	10	100	0	0.564941
2207000	-0.8000000000	0.0010000000	0.0100000000	10	100	0	0.651251
2208000	-0.8000000000	0.0010000000	0.0100000000	10	100	0	0.620049
2209000	-0.8000000000	0.0010000000	0.0100000000	10	100	0	0.633911
2210000	-0.8000000000	0.0010000000	0.0100000000	10	100	0	0.618317
2211000	-0.8000000000	0.0010000000	0.0100000000	10	100	0	0.531042
2212000	-0.8000000000	0.0010000000	0.0100000000	10	100	0	0.514320
2213000	-0.8000000000	0.0010000000	0.0100000000	10	100	0	0.449394
2214000	-0.8000000000	0.0010000000	0.0100000000	10	100	0	0.388383
2215000	-0.8000000000	0.0010000000	0.0100000000	10	100	0	0.465296
2216000	-0.8000000000	0.0010000000	0.0100000000	10	100	0	0.504393
2217000	-0.8000000000	0.0010000000	0.0100000000	10	100	0	0.514320
2218000	-0.8000000000	0.0010000000	0.0100000000	10	100	0	0.542859
2219000	-0.8000000000	0.0010000000	0.0100000000	10	100	0	0.547923
2220000	-0.8000000000	0.0010000000	0.0100000000	10	100	0	0.449394
2221000	-0.8000000000	0.0010000000	0.0100000000	10	100	0	0.512665
2222000	-0.8000000000	0.0010000000	0.0100000000	10	100	0	0.564941
2223000	-0.8000000000	0.0010000000	0.0100000000	10	100	0	0.585518
2224000	-0.8000000000	0.0010000000	0.0100000000	10	100	0	0.582073
2225000	-0.8000000000	0.0010000000	0.0100000000	10	100	0	0.599302
2226000	-0.8000000000	0.0010000000	0.0100000000	10	100	0	0.504413
2227000	-0.8000000000	0.0010000000	0.0100000000	10	100	0	0.491236
2228000	-0.8000000000	0.0010000000	0.0100000000	10	100	0	0.478202
2229000	-0.8000000000	0.0010000000	0.0100000000	10	100	0	0.564941
2230000	-0.8000000000	0.0010000000	0.0100000000	10	100	0	0.531042
2231000	-0.8000000000	0.0010000000	0.0100000000	10	100	0	0.529370
2232000	-0.8000000000	0.0010000000	0.0100000000	10	100	0	0.582073
2233000	-0.8000000000	0.0010000000	0.0100000000	10	100	0	0.599296
2234000	-0.8000000000	0.0010000000	0.0100000000	10	100	0	0.542859
2235000	-0.8000000000	0.0010000000	0.0100000000	10	100	0	0.435305
2236000	-0.8000000000	0.0010000000	0.0100000000	10	100	0	0.389896
2237000	-0.8000000000	0.0010000000	0.0100000000	10	100	0	0.382565
2238000	-0.8000000000	0.0010000000	0.0100000000	10	100	0	0.359599
2239000	-0.8000000000	0.0010000000	0.0100000000	10	100	0	0.433739
2240000	-0.8000000000	0.0010000000	0.0100000000	10	100	0	0.419883
2241000	-0.8000000000	0.0010000000	0.0100000000	10	100	0	0.465296
2242000	-0.8000000000	0.0010000000	0.0100000000	10	100	0	0.462115
2243000	-0.8000000000	0.0010000000	0.0100000000	10	100	0	0.481428
2244000	-0.8000000000	0.0010000000	0.0100000000	10	100	0	0.514320
2245000	-0.8000000000	0.0010000000	0.0100000000	10	100	0	0.491236
2246000	-0.8000000000	0.0010000000	0.0100000000	10	100	0	0.474975
2247000	-0.8000000000	0.0010000000	0.0100000000	10	100	0	0.449394
2248000	-0.8000000000	0.0010000000	0.0100000000	10	100	0	0.580360
2249000	-0.8000000000	0.0010000000	0.0100000000	10	100	0	0.547923
2250000	-0.8000000000	0.0010000000	0.0100000000	10	100	0	0.531042
2251000	-0.8000000000	0.0010000000	0.0100000000	10	100	0	0.620049
2252000	-0.8000000000	0.0010000000	0.0100000000	10	100	0	0.628713
2253000	-0.8000000000	0.0010000000	0.0100000000	10	100	0	0.616584
2254000	-0.8000000000	0.0010000000	0.0100000000	10	100	0	0.616584
2255000	-0.8000000000	0.0010000000	0.0100000000	10	100	0	0.585518
2256000	-0.8000000000	0.0010000000	0.0100000000	10	100	0	0.599296
2257000	-0.8000000000	0.0010000000	0.0100000000	10	100	0	0.582073
2258000	-0.8000000000	0.0010000000	0.0100000000	10	100	0	0.547923
2259000	-0.8000000000	0.0010000000	0.0100000000	10	100	0	0.547923
2260000	-0.8000000000	0.0010000000	0.0100000000	10	100	0	0.559836
2261000	-0.8000000000	0.0010000000	0.0100000000	10	100	0	0.564941
2262000	-0.8000000000	0.0010000000	0.0100000000	10	100	0	0.564941
2263000	-0.8000000000	0.0010000000	0.0100000000	10	100	0	0.512665
2264000	-0.8000000000	0.0010000000	0.0100000000	10	100	0	0.609669
2265000	-0.8000000000	0.0010000000	0.0100000000	10	100	0	0.633911
2266000	-0.8000000000	0.0010000000	0.0100000000	10	100	0	0.599296
2267000	-0.8000000000	0.0010000000	0.0100000000	10	100	0	0.531042
2268000	-0.8000000000	0.0010000000	0.0100000000	10	100	0	0.611398
2269000	-0.8000000000	0.0010000000	0.0100000000	10	100	0	0.519336
2270000	-0.8000000000	0.0010000000	0.0100000000	10	100	0	0.537795
2271000	-0.8000000000	0.0010000000	0.0100000000	10	100	0	0.465296
2272000	-0.8000000000	0.0010000000	0.0100000000	10	100	0	0.497775
2273000	-0.8000000000	0.0010000000	0.0100000000	10	100	0	0.463729
2274000	-0.8000000000	0.0010000000	0.0100000000	10	100	0	0.403221
2275000	-0.8000000000	0.0010000000	0.0100000000	10	100	0	0.481428
2276000	-0.8000000000	0.0010000000	0.0100000000	10	100	0	0.497775
2277000	-0.8000000000	0.0010000000	0.0100000000	10	100	0	0.465296
2278000	-0.8000000000	0.0010000000	0.0100000000	10	100	0	0.468522
2279000	-0.8000000000	0.0010000000	0.0100000000	10	100	0	0.481428
2280000	-0.8000000000	0.0010000000	0.0100000000	10	100	0	0.419883
2281000	-0.8000000000	0.0010000000	0.0100000000	10	100	0	0.418344
2282000	-0.8000000000	0.0010000000	0.0100000000	10	100	0	0.397371
2283000	-0.8000000000	0.0010000000	0.0100000000	10	100	0	0.389867
2284000	-0.8000000000	0.0010000000	0.0100000000	10	100	0	0.388383
2285000	-0.8000000000	0.0010000000	0.0100000000	10	100	0	0.547923
2286000	-0.8000000000	0.0010000000	0.0100000000	10	100	0	0.561537
2287000	-0.8000000000	0.0010000000	0.0100000000	10	100	0	0.618325
2288000	-0.8000000000	0.0010000000	0.0100000000	10	100	0	0.665108
2289000	-0.8000000000	0.0010000000	0.0100000000	10	100	0	0.553028
2290000	-0.8000000000	0.0010000000	0.0100000000	10	100	0	0.496141
2291000	-0.8000000000	0.0010000000	0.0100000000	10	100	0	0.573507
2292000	-0.8000000000	0.0010000000	0.0100000000	10	100	0	0.564941
2293000	-0.8000000000	0.0010000000	0.0100000000	10	100	0	0.522681
2294000	-0.8000000000	0.0010000000	0.0100000000	10	100	0	0.547923
2295000	-0.8000000000	0.0010000000	0.0100000000	10	100	0	0.454165
2296000	-0.8000000000	0.0010000000	0.0100000000	10	100	0	0.514320
2297000	-0.8000000000	0.0010000000	0.0100000000	10	100	0	0.564941
2298000	-0.8000000000	0.0010000000	0.0100000000	10	100	0	0.564941
2299000	-0.8000000000	0.0010000000	0.0100000000	10	100	0	0.607940
2300000	-0.8000000000	0.0010000000	0.0100000000	10	100	0	0.582073
2301000	-0.8000000000	0.0010000000	0.0100000000	10	100	0	0.449394
2302000	-0.8000000000	0.0010000000	0.0100000000	10	100	0	0.415319
2303000	-0.8000000000	0.0010000000	0.0100000000	10	100	0	0.419883
2304000	-0.8000000000	0.0010000000	0.0100000000	10	100	0	0.388383
2305000	-0.8000000000	0.0010000000	0.0100000000	10	100	0	0.457345
2306000	-0.8000000000	0.0010000000	0.0100000000	10	100	0	0.449394
2307000	-0.8000000000	0.0010000000	0.0100000000	10	100	0	0.481428
2308000	-0.8000000000	0.0010000000	0.0100000000	10	100	0	0.484698
2309000	-0.8000000000	0.0010000000	0.0100000000	10	100	0	0.504393
2310000	-0.8000000000	0.0010000000	0.0100000000	10	100	0	0.531042
2311000	-0.8000000000	0.0010000000	0.0100000000	10	100	0	0.611398
2312000	-0.8000000000	0.0010000000	0.0100000000	10	100	0	0.564941
2313000	-0.8000000000	0.0010000000	0.0100000000	10	100	0	0.509356
2314000	-0.8000000000	0.0010000000	0.0100000000	10	100	0	0.514320
2315000	-0.8000000000	0.0010000000	0.0100000000	10	100	0	0.454165
2316000	-0.8000000000	0.0010000000	0.0100000000	10	100	0	0.531042
2317000	-0.8000000000	0.0010000000	0.0100000000	10	100	0	0.532730
2318000	-0.8000000000	0.0010000000	0.0100000000	10	100	0	0.497775
2319000	-0.8000000000	0.0010000000	0.0100000000	10	100	0	0.465296
2320000	-0.8000000000	0.0010000000	0.0100000000	10	100	0	0.481428
2321000	-0.8000000000	0.0010000000	0.0100000000	10	100	0	0.449394
2322000	-0.8000000000	0.0010000000	0.0100000000	10	100	0	0.452624
2323000	-0.8000000000	0.0010000000	0.0100000000	10	100	0	0.536107
2324000	-0.8000000000	0.0010000000	0.0100000000	10	100	0	0.481428
2325000	-0.8000000000	0.0010000000	0.0100000000	10	100	0	0.441567
2326000	-0.8000000000	0.0010000000	0.0100000000	10	100	0	0.418344
2327000	-0.8000000000	0.0010000000	0.0100000000	10	100	0	0.450985
2328000	-0.8000000000	0.0010000000	0.0100000000	10	100	0	0.432200
2329000	-0.8000000000	0.0010000000	0.0100000000	10	100	0	0.455801
2330000	-0.8000000000	0.0010000000	0.0100000000	10	100	0	0.479815
2331000	-0.8000000000	0.0010000000	0.0100000000	10	100	0	0.514320
2332000	-0.8000000000	0.0010000000	0.0100000000	10	100	0	0.582073
2333000	-0.8000000000	0.0010000000	0.0100000000	10	100	0	0.651251
2334000	-0.8000000000	0.0010000000	0.0100000000	10	100	0	0.616584
2335000	-0.8000000000	0.0010000000	0.0100000000	10	100	0	0.616584
2336000	-0.8000000000	0.0010000000	0.0100000000	10	100	0	0.651251
2337000	-0.8000000000	0.0010000000	0.0100000000	10	100	0	0.595851
2338000	-0.8000000000	0.0010000000	0.0100000000	10	100	0	0.582073
2339000	-0.8000000000	0.0010000000	0.0100000000	10	100	0	0.582073
2340000	-0.8000000000	0.0010000000	0.0100000000	10	100	0	0.614855
2341000	-0.8000000000	0.0010000000	0.0100000000	10	100	0	0.633911
2342000	-0.8000000000	0.0010000000	0.0100000000	10	100	0	0.632179
2343000	-0.8000000000	0.0010000000	0.0100000000	10	100	0	0.637379
2344000	-0.8000000000	0.0010000000	0.0100000000	10	100	0	0.564941
2345000	-0.8000000000	0.0010000000	0.0100000000	10	100	0	0.542859
2346000	-0.8000000000	0.0010000000	0.0100000000	10	100	0	0.547923
2347000	-0.8000000000	0.0010000000	0.0100000000	10	100	0	0.526025
2348000	-0.8000000000	0.0010000000	0.0100000000	10	100	0	0.531042
2349000	-0.8000000000	0.0010000000	0.0100000000	10	100	0	0.514320
2350000	-0.8000000000	0.0010000000	0.0100000000	10	100	0	0.564941
2351000	-0.8000000000	0.0010000000	0.0100000000	10	100	0	0.616584
2352000	-0.8000000000	0.0010000000	0.0100000000	10	100	0	0.651251
2353000	-0.8000000000	0.0010000000	0.0100000000	10	100	0	0.633911
2354000	-0.8000000000	0.0010000000	0.0100000000	10	100	0	0.668573
2355000	-0.8000000000	0.0010000000	0.0100000000	10	100	0	0.637379
2356000	-0.8000000000	0.0010000000	0.0100000000	10	100	0	0.544547
2357000	-0.8000000000	0.0010000000	0.0100000000	10	100	0	0.597574
2358000	-0.8000000000	0.0010000000	0.0100000000	10	100	0	0.556432
2359000	-0.8000000000	0.0010000000	0.0100000000	10	100	0	0.566654
2360000	-0.8000000000	0.0010000000	0.0100000000	10	100	0	0.509356
2361000	-0.8000000000	0.0010000000	0.0100000000	10	100	0	0.449394
2362000	-0.8000000000	0.0010000000	0.0100000000	10	100	0	0.388383
2363000	-0.8000000000	0.0010000000	0.0100000000	10	100	0	0.463706
2364000	-0.8000000000	0.0010000000	0.0100000000	10	100	0	0.462115
2365000	-0.8000000000	0.0010000000	0.0100000000	10	100	0	0.449394
2366000	-0.8000000000	0.0010000000	0.0100000000	10	100	0	0.438436
2367000	-0.8000000000	0.0010000000	0.0100000000	10	100	0	0.441593
2368000	-0.8000000000	0.0010000000	0.0100000000	10	100	0	0.531042
2369000	-0.8000000000	0.0010000000	0.0100000000	10	100	0	0.573507
2370000	-0.8000000000	0.0010000000	0.0100000000	10	100	0	0.582073
2371000	-0.8000000000	0.0010000000	0.0100000000	10	100	0	0.599296
2372000	-0.8000000000	0.0010000000	0.0100000000	10	100	0	0.580360
2373000	-0.8000000000	0.0010000000	0.0100000000	10	100	0	0.599296
2374000	-0.8000000000	0.0010000000	0.0100000000	10	100	0	0.651251
2375000	-0.8000000000	0.0010000000	0.0100000000	10	100	0	0.633911
2376000	-0.8000000000	0.0010000000	0.0100000000	10	100	0	0.564941
2377000	-0.8000000000	0.0010000000	0.0100000000	10	100	0	0.580360
2378000	-0.8000000000	0.0010000000	0.0100000000	10	100	0	0.582098
2379000	-0.8000000000	0.0010000000	0.0100000000	10	100	0	0.564941
2380000	-0.8000000000	0.0010000000	0.0100000000	10	100	0	0.537795
2381000	-0.8000000000	0.0010000000	0.0100000000	10	100	0	0.547923
2382000	-0.8000000000	0.0010000000	0.0100000000	10	100	0	0.506047
2383000	-0.8000000000	0.0010000000	0.0100000000	10	100	0	0.599296
2384000	-0.8000000000	0.0010000000	0.0100000000	10	100	0	0.599296
2385000	-0.8000000000	0.0010000000	0.0100000000	10	100	0	0.599296
2386000	-0.8000000000	0.0010000000	0.0100000000	10	100	0	0.547923
2387000	-0.8000000000	0.0010000000	0.0100000000	10	100	0	0.497775
2388000	-0.8000000000	0.0010000000	0.0100000000	10	100	0	0.531042
2389000	-0.8000000000	0.0010000000	0.0100000000	10	100	0	0.465296
2390000	-0.8000000000	0.0010000000	0.0100000000	10	100	0	0.474998
2391000	-0.8000000000	0.0010000000	0.0100000000	10	100	0	0.481428
2392000	-0.8000000000	0.0010000000	0.0100000000	10	100	0	0.435331
2393000	-0.8000000000	0.0010000000	0.0100000000	10	100	0	0.373900
2394000	-0.8000000000	0.0010000000	0.0100000000	10	100	0	0.433739
2395000	-0.8000000000	0.0010000000	0.0100000000	10	100	0	0.447829
2396000	-0.8000000000	0.0010000000	0.0100000000	10	100	0	0.507720
2397000	-0.8000000000	0.0010000000	0.0100000000	10	100	0	0.532730
2398000	-0.8000000000	0.0010000000	0.0100000000	10	100	0	0.497775
2399000	-0.8000000000	0.0010000000	0.0100000000	10	100	0	0.564941
2400000	-0.8000000000	0.0010000000	0.0100000000	10	100	0	0.580360
2401000	-0.8000000000	0.0010000000	0.0100000000	10	100	0	0.571805
2402000	-0.8000000000	0.0010000000	0.0100000000	10	100	0	0.544547
2403000	-0.8000000000	0.0010000000	0.0100000000	10	100	0	0.544547
2404000	-0.8000000000	0.0010000000	0.0100000000	10	100	0	0.616584
2405000	-0.8000000000	0.0010000000	0.0100000000	10	100	0	0.606211
2406000	-0.8000000000	0.0010000000	0.0100000000	10	100	0	0.532730
2407000	-0.8000000000	0.0010000000	0.0100000000	10	100	0	0.541202
2408000	-0.8000000000	0.0010000000	0.0100000000	10	100	0	0.462115
2409000	-0.8000000000	0.0010000000	0.0100000000	10	100	0	0.465296
2410000	-0.8000000000	0.0010000000	0.0100000000	10	100	0	0.465296
2411000	-0.8000000000	0.0010000000	0.0100000000	10	100	0	0.481428
2412000	-0.8000000000	0.0010000000	0.0100000000	10	100	0	0.497775
2413000	-0.8000000000	0.0010000000	0.0100000000	10	100	0	0.497775
2414000	-0.8000000000	0.0010000000	0.0100000000	10	100	0	0.558134
2415000	-0.8000000000	0.0010000000	0.0100000000	10	100	0	0.542859
2416000	-0.8000000000	0.0010000000	0.0100000000	10	100	0	0.531042
2417000	-0.8000000000	0.0010000000	0.0100000000	10	100	0	0.481428
2418000	-0.8000000000	0.0010000000	0.0100000000	10	100	0	0.514320
2419000	-0.8000000000	0.0010000000	0.0100000000	10	100	0	0.499430
2420000	-0.8000000000	0.0010000000	0.0100000000	10	100	0	0.514409
2421000	-0.8000000000	0.0010000000	0.0100000000	10	100	0	0.599296
2422000	-0.8000000000	0.0010000000	0.0100000000	10	100	0	0.601025
2423000	-0.8000000000	0.0010000000	0.0100000000	10	100	0	0.599296
2424000	-0.8000000000	0.0010000000	0.0100000000	10	100	0	0.599296
2425000	-0.8000000000	0.0010000000	0.0100000000	10	100	0	0.566654
2426000	-0.8000000000	0.0010000000	0.0100000000	10	100	0	0.547923
2427000	-0.8000000000	0.0010000000	0.0100000000	10	100	0	0.547923
2428000	-0.8000000000	0.0010000000	0.0100000000	10	100	0	0.633911
2429000	-0.8000000000	0.0010000000	0.0100000000	10	100	0	0.547923
2430000	-0.8000000000	0.0010000000	0.0100000000	10	100	0	0.546235
2431000	-0.8000000000	0.0010000000	0.0100000000	10	100	0	0.509356
2432000	-0.8000000000	0.0010000000	0.0100000000	10	100	0	0.561537
2433000	-0.8000000000	0.0010000000	0.0100000000	10	100	0	0.481428
2434000	-0.8000000000	0.0010000000	0.0100000000	10	100	0	0.514320
2435000	-0.8000000000	0.0010000000	0.0100000000	10	100	0	0.547923
2436000	-0.8000000000	0.0010000000	0.0100000000	10	100	0	0.501084
2437000	-0.8000000000	0.0010000000	0.0100000000	10	100	0	0.479815
2438000	-0.8000000000	0.0010000000	0.0100000000	10	100	0	0.415319
2439000	-0.8000000000	0.0010000000	0.0100000000	10	100	0	0.404734
2440000	-0.8000000000	0.0010000000	0.0100000000	10	100	0	0.388383
2441000	-0.8000000000	0.0010000000	0.0100000000	10	100	0	0.388383
2442000	-0.8000000000	0.0010000000	0.0100000000	10	100	0	0.416832
2443000	-0.8000000000	0.0010000000	0.0100000000	10	100	0	0.512665
2444000	-0.8000000000	0.0010000000	0.0100000000	10	100	0	0.529370
2445000	-0.8000000000	0.0010000000	0.0100000000	10	100	0	0.529370
2446000	-0.8000000000	0.0010000000	0.0100000000	10	100	0	0.449394
2447000	-0.8000000000	0.0010000000	0.0100000000	10	100	0	0.441593
2448000	-0.8000000000	0.0010000000	0.0100000000	10	100	0	0.449394
2449000	-0.8000000000	0.0010000000	0.0100000000	10	100	0	0.403221
2450000	-0.8000000000	0.0010000000	0.0100000000	10	100	0	0.418344
2451000	-0.8000000000	0.0010000000	0.0100000000	10	100	0	0.392834
2452000	-0.8000000000	0.0010000000	0.0100000000	10	100	0	0.426042
2453000	-0.8000000000	0.0010000000	0.0100000000	10	100	0	0.429121
2454000	-0.8000000000	0.0010000000	0.0100000000	10	100	0	0.433739
2455000	-0.8000000000	0.0010000000	0.0100000000	10	100	0	0.433739
2456000	-0.8000000000	0.0010000000	0.0100000000	10	100	0	0.547923
2457000	-0.8000000000	0.0010000000	0.0100000000	10	100	0	0.564941
2458000	-0.8000000000	0.0010000000	0.0100000000	10	100	0	0.496141
2459000	-0.8000000000	0.0010000000	0.0100000000	10	100	0	0.388383
2460000	-0.8000000000	0.0010000000	0.0100000000	10	100	0	0.386929
2461000	-0.8000000000	0.0010000000	0.0100000000	10	100	0	0.375293
2462000	-0.8000000000	0.0010000000	0.0100000000	10	100	0	0.454165
2463000	-0.8000000000	0.0010000000	0.0100000000	10	100	0	0.497775
2464000	-0.8000000000	0.0010000000	0.0100000000	10	100	0	0.479815
2465000	-0.8000000000	0.0010000000	0.0100000000	10	100	0	0.481428
2466000	-0.8000000000	0.0010000000	0.0100000000	10	100	0	0.521044
2467000	-0.8000000000	0.0010000000	0.0100000000	10	100	0	0.514320
2468000	-0.8000000000	0.0010000000	0.0100000000	10	100	0	0.564941
2469000	-0.8000000000	0.0010000000	0.0100000000	10	100	0	0.599296
2470000	-0.8000000000	0.0010000000	0.0100000000	10	100	0	0.599296
2471000	-0.8000000000	0.0010000000	0.0100000000	10	100	0	0.582073
2472000	-0.8000000000	0.0010000000	0.0100000000	10	100	0	0.481428
2473000	-0.8000000000	0.0010000000	0.0100000000	10	100	0	0.514320
2474000	-0.8000000000	0.0010000000	0.0100000000	10	100	0	0.466909
2475000	-0.8000000000	0.0010000000	0.0100000000	10	100	0	0.514337
2476000	-0.8000000000	0.0010000000	0.0100000000	10	100	0	0.521009
2477000	-0.8000000000	0.0010000000	0.0100000000	10	100	0	0.496141
2478000	-0.8000000000	0.0010000000	0.0100000000	10	100	0	0.559836
2479000	-0.8000000000	0.0010000000	0.0100000000	10	100	0	0.531042
2480000	-0.8000000000	0.0010000000	0.0100000000	10	100	0	0.497775
2481000	-0.8000000000	0.0010000000	0.0100000000	10	100	0	0.599296
2482000	-0.8000000000	0.0010000000	0.0100000000	10	100	0	0.564941
2483000	-0.8000000000	0.0010000000	0.0100000000	10	100	0	0.590684
2484000	-0.8000000000	0.0010000000	0.0100000000	10	100	0	0.514320
2485000	-0.8000000000	0.0010000000	0.0100000000	10	100	0	0.571794
2486000	-0.8000000000	0.0010000000	0.0100000000	10	100	0	0.576942
2487000	-0.8000000000	0.0010000000	0.0100000000	10	100	0	0.483084
2488000	-0.8000000000	0.0010000000	0.0100000000	10	100	0	0.497775
2489000	-0.8000000000	0.0010000000	0.0100000000	10	100	0	0.479815
2490000	-0.8000000000	0.0010000000	0.0100000000	10	100	0	0.455829
2491000	-0.8000000000	0.0010000000	0.0100000000	10	100	0	0.481428
2492000	-0.8000000000	0.0010000000	0.0100000000	10	100	0	0.519336
2493000	-0.8000000000	0.0010000000	0.0100000000	10	100	0	0.582073
2494000	-0.8000000000	0.0010000000	0.0100000000	10	100	0	0.616584
2495000	-0.8000000000	0.0010000000	0.0100000000	10	100	0	0.692728
2496000	-0.8000000000	0.0010000000	0.0100000000	10	100	0	0.616584
2497000	-0.8000000000	0.0010000000	0.0100000000	10	100	0	0.597574
2498000	-0.8000000000	0.0010000000	0.0100000000	10	100	0	0.531042
2499000	-0.8000000000	0.0010000000	0.0100000000	10	100	0	0.529370
2500000	-0.8000000000	0.0010000000	0.0100000000	10	100	0	0.568367
2501000	-0.8000000000	0.0010000000	0.0100000000	10	100	0	0.599296
2502000	-0.8000000000	0.0010000000	0.0100000000	10	100	0	0.546235
2503000	-0.8000000000	0.0010000000	0.0100000000	10	100	0	0.470136
2504000	-0.8000000000	0.0010000000	0.0100000000	10	100	0	0.517664
2505000	-0.8000000000	0.0010000000	0.0100000000	10	100	0	0.564941
2506000	-0.8000000000	0.0010000000	0.0100000000	10	100	0	0.604482
2507000	-0.8000000000	0.0010000000	0.0100000000	10	100	0	0.564941
2508000	-0.8000000000	0.0010000000	0.0100000000	10	100	0	0.524369
2509000	-0.8000000000	0.0010000000	0.0100000000	10	100	0	0.547923
2510000	-0.8000000000	0.0010000000	0.0100000000	10	100	0	0.613126
2511000	-0.8000000000	0.0010000000	0.0100000000	10	100	0	0.599296
2512000	-0.8000000000	0.0010000000	0.0100000000	10	100	0	0.547923
2513000	-0.8000000000	0.0010000000	0.0100000000	10	100	0	0.563239
2514000	-0.8000000000	0.0010000000	0.0100000000	10	100	0	0.564941
2515000	-0.8000000000	0.0010000000	0.0100000000	10	100	0	0.635645
2516000	-0.8000000000	0.0010000000	0.0100000000	10	100	0	0.594129
2517000	-0.8000000000	0.0010000000	0.0100000000	10	100	0	0.635645
2518000	-0.8000000000	0.0010000000	0.0100000000	10	100	0	0.563239
2519000	-0.8000000000	0.0010000000	0.0100000000	10	100	0	0.514320
2520000	-0.8000000000	0.0010000000	0.0100000000	10	100	0	0.633911
2521000	-0.8000000000	0.0010000000	0.0100000000	10	100	0	0.616584
2522000	-0.8000000000	0.0010000000	0.0100000000	10	100	0	0.564941
2523000	-0.8000000000	0.0010000000	0.0100000000	10	100	0	0.578647
2524000	-0.8000000000	0.0010000000	0.0100000000	10	100	0	0.564941
2525000	-0.8000000000	0.0010000000	0.0100000000	10	100	0	0.532762
2526000	-0.8000000000	0.0010000000	0.0100000000	10	100	0	0.514320
2527000	-0.8000000000	0.0010000000	0.0100000000	10	100	0	0.576933
2528000	-0.8000000000	0.0010000000	0.0100000000	10	100	0	0.532730
2529000	-0.8000000000	0.0010000000	0.0100000000	10	100	0	0.582073
2530000	-0.8000000000	0.0010000000	0.0100000000	10	100	0	0.583795
2531000	-0.8000000000	0.0010000000	0.0100000000	10	100	0	0.547923
2532000	-0.8000000000	0.0010000000	0.0100000000	10	100	0	0.514320
2533000	-0.8000000000	0.0010000000	0.0100000000	10	100	0	0.531042
2534000	-0.8000000000	0.0010000000	0.0100000000	10	100	0	0.497775
2535000	-0.8000000000	0.0010000000	0.0100000000	10	100	0	0.497775
2536000	-0.8000000000	0.0010000000	0.0100000000	10	100	0	0.465296
2537000	-0.8000000000	0.0010000000	0.0100000000	10	100	0	0.549625
2538000	-0.8000000000	0.0010000000	0.0100000000	10	100	0	0.507702
2539000	-0.8000000000	0.0010000000	0.0100000000	10	100	0	0.531042
2540000	-0.8000000000	0.0010000000	0.0100000000	10	100	0	0.465296
2541000	-0.8000000000	0.0010000000	0.0100000000	10	100	0	0.531042
2542000	-0.8000000000	0.0010000000	0.0100000000	10	100	0	0.497775
2543000	-0.8000000000	0.0010000000	0.0100000000	10	100	0	0.497775
2544000	-0.8000000000	0.0010000000	0.0100000000	10	100	0	0.502739
2545000	-0.8000000000	0.0010000000	0.0100000000	10	100	0	0.547923
2546000	-0.8000000000	0.0010000000	0.0100000000	10	100	0	0.541171
2547000	-0.8000000000	0.0010000000	0.0100000000	10	100	0	0.564941
2548000	-0.8000000000	0.0010000000	0.0100000000	10	100	0	0.497775
2549000	-0.8000000000	0.0010000000	0.0100000000	10	100	0	0.497775
2550000	-0.8000000000	0.0010000000	0.0100000000	10	100	0	0.443132
2551000	-0.8000000000	0.0010000000	0.0100000000	10	100	0	0.449394
2552000	-0.8000000000	0.0010000000	0.0100000000	10	100	0	0.547923
2553000	-0.8000000000	0.0010000000	0.0100000000	10	100	0	0.633911
2554000	-0.8000000000	0.0010000000	0.0100000000	10	100	0	0.564941
2555000	-0.8000000000	0.0010000000	0.0100000000	10	100	0	0.531042
2556000	-0.8000000000	0.0010000000	0.0100000000	10	100	0	0.595851
2557000	-0.8000000000	0.0010000000	0.0100000000	10	100	0	0.564975
2558000	-0.8000000000	0.0010000000	0.0100000000	10	100	0	0.522681
2559000	-0.8000000000	0.0010000000	0.0100000000	10	100	0	0.462115
2560000	-0.8000000000	0.0010000000	0.0100000000	10	100	0	0.514320
2561000	-0.8000000000	0.0010000000	0.0100000000	10	100	0	0.573507
2562000	-0.8000000000	0.0010000000	0.0100000000	10	100	0	0.616584
2563000	-0.8000000000	0.0010000000	0.0100000000	10	100	0	0.616584
2564000	-0.8000000000	0.0010000000	0.0100000000	10	100	0	0.651251
2565000	-0.8000000000	0.0010000000	0.0100000000	10	100	0	0.616584
2566000	-0.8000000000	0.0010000000	0.0100000000	10	100	0	0.564941
2567000	-0.8000000000	0.0010000000	0.0100000000	10	100	0	0.633911
2568000	-0.8000000000	0.0010000000	0.0100000000	10	100	0	0.599296
2569000	-0.8000000000	0.0010000000	0.0100000000	10	100	0	0.481428
2570000	-0.8000000000	0.0010000000	0.0100000000	10	100	0	0.514320
2571000	-0.8000000000	0.0010000000	0.0100000000	10	100	0	0.527698
2572000	-0.8000000000	0.0010000000	0.0100000000	10	100	0	0.514320
2573000	-0.8000000000	0.0010000000	0.0100000000	10	100	0	0.547923
2574000	-0.8000000000	0.0010000000	0.0100000000	10	100	0	0.566654
2575000	-0.8000000000	0.0010000000	0.0100000000	10	100	0	0.564941
2576000	-0.8000000000	0.0010000000	0.0100000000	10	100	0	0.514320
2577000	-0.8000000000	0.0010000000	0.0100000000	10	100	0	0.492871
2578000	-0.8000000000	0.0010000000	0.0100000000	10	100	0	0.563239
2579000	-0.8000000000	0.0010000000	0.0100000000	10	100	0	0.564941
2580000	-0.8000000000	0.0010000000	0.0100000000	10	100	0	0.547923
2581000	-0.8000000000	0.0010000000	0.0100000000	10	100	0	0.531042
2582000	-0.8000000000	0.0010000000	0.0100000000	10	100	0	0.506047
2583000	-0.8000000000	0.0010000000	0.0100000000	10	100	0	0.478288
2584000	-0.8000000000	0.0010000000	0.0100000000	10	100	0	0.573516
2585000	-0.8000000000	0.0010000000	0.0100000000	10	100	0	0.599296
2586000	-0.8000000000	0.0010000000	0.0100000000	10	100	0	0.599296
2587000	-0.8000000000	0.0010000000	0.0100000000	10	100	0	0.609669
2588000	-0.8000000000	0.0010000000	0.0100000000	10	100	0	0.564941
2589000	-0.8000000000	0.0010000000	0.0100000000	10	100	0	0.531042
2590000	-0.8000000000	0.0010000000	0.0100000000	10	100	0	0.561537
2591000	-0.8000000000	0.0010000000	0.0100000000	10	100	0	0.514320
2592000	-0.8000000000	0.0010000000	0.0100000000	10	100	0	0.549625
2593000	-0.8000000000	0.0010000000	0.0100000000	10	100	0	0.547923
2594000	-0.8000000000	0.0010000000	0.0100000000	10	100	0	0.583795
2595000	-0.8000000000	0.0010000000	0.0100000000	10	100	0	0.597574
2596000	-0.8000000000	0.0010000000	0.0100000000	10	100	0	0.564941
2597000	-0.8000000000	0.0010000000	0.0100000000	10	100	0	0.564941
2598000	-0.8000000000	0.0010000000	0.0100000000	10	100	0	0.465296
2599000	-0.8000000000	0.0010000000	0.0100000000	10	100	0	0.458935
2600000	-0.8000000000	0.0010000000	0.0100000000	10	100	0	0.449394
2601000	-0.8000000000	0.0010000000	0.0100000000	10	100	0	0.465296
2602000	-0.8000000000	0.0010000000	0.0100000000	10	100	0	0.449394
2603000	-0.8000000000	0.0010000000	0.0100000000	10	100	0	0.497775
2604000	-0.8000000000	0.0010000000	0.0100000000	10	100	0	0.487967
2605000	-0.8000000000	0.0010000000	0.0100000000	10	100	0	0.468522
2606000	-0.8000000000	0.0010000000	0.0100000000	10	100	0	0.497775
2607000	-0.8000000000	0.0010000000	0.0100000000	10	100	0	0.433739
2608000	-0.8000000000	0.0010000000	0.0100000000	10	100	0	0.481428
2609000	-0.8000000000	0.0010000000	0.0100000000	10	100	0	0.473362
2610000	-0.8000000000	0.0010000000	0.0100000000	10	100	0	0.522681
2611000	-0.8000000000	0.0010000000	0.0100000000	10	100	0	0.547923
2612000	-0.8000000000	0.0010000000	0.0100000000	10	100	0	0.458935
2613000	-0.8000000000	0.0010000000	0.0100000000	10	100	0	0.531042
2614000	-0.8000000000	0.0010000000	0.0100000000	10	100	0	0.468522
2615000	-0.8000000000	0.0010000000	0.0100000000	10	100	0	0.514320
2616000	-0.8000000000	0.0010000000	0.0100000000	10	100	0	0.512683
2617000	-0.8000000000	0.0010000000	0.0100000000	10	100	0	0.547923
2618000	-0.8000000000	0.0010000000	0.0100000000	10	100	0	0.497775
2619000	-0.8000000000	0.0010000000	0.0100000000	10	100	0	0.466909
2620000	-0.8000000000	0.0010000000	0.0100000000	10	100	0	0.481428
2621000	-0.8000000000	0.0010000000	0.0100000000	10	100	0	0.433739
2622000	-0.8000000000	0.0010000000	0.0100000000	10	100	0	0.465296
2623000	-0.8000000000	0.0010000000	0.0100000000	10	100	0	0.494506
2624000	-0.8000000000	0.0010000000	0.0100000000	10	100	0	0.514320
2625000	-0.8000000000	0.0010000000	0.0100000000	10	100	0	0.531042
2626000	-0.8000000000	0.0010000000	0.0100000000	10	100	0	0.542873
2627000	-0.8000000000	0.0010000000	0.0100000000	10	100	0	0.546235
2628000	-0.8000000000	0.0010000000	0.0100000000	10	100	0	0.599296
2629000	-0.8000000000	0.0010000000	0.0100000000	10	100	0	0.651251
2630000	-0.8000000000	0.0010000000	0.0100000000	10	100	0	0.647783
2631000	-0.8000000000	0.0010000000	0.0100000000	10	100	0	0.668573
2632000	-0.8000000000	0.0010000000	0.0100000000	10	100	0	0.575220
2633000	-0.8000000000	0.0010000000	0.0100000000	10	100	0	0.547923
2634000	-0.8000000000	0.0010000000	0.0100000000	10	100	0	0.542859
2635000	-0.8000000000	0.0010000000	0.0100000000	10	100	0	0.531042
2636000	-0.8000000000	0.0010000000	0.0100000000	10	100	0	0.563239
2637000	-0.8000000000	0.0010000000	0.0100000000	10	100	0	0.599296
2638000	-0.8000000000	0.0010000000	0.0100000000	10	100	0	0.599296
2639000	-0.8000000000	0.0010000000	0.0100000000	10	100	0	0.633911
2640000	-0.8000000000	0.0010000000	0.0100000000	10	100	0	0.564941
2641000	-0.8000000000	0.0010000000	0.0100000000	10	100	0	0.644315
2642000	-0.8000000000	0.0010000000	0.0100000000	10	100	0	0.678938
2643000	-0.8000000000	0.0010000000	0.0100000000	10	100	0	0.651251
2644000	-0.8000000000	0.0010000000	0.0100000000	10	100	0	0.616584
2645000	-0.8000000000	0.0010000000	0.0100000000	10	100	0	0.632179
2646000	-0.8000000000	0.0010000000	0.0100000000	10	100	0	0.564941
2647000	-0.8000000000	0.0010000000	0.0100000000	10	100	0	0.599296
2648000	-0.8000000000	0.0010000000	0.0100000000	10	100	0	0.547923
2649000	-0.8000000000	0.0010000000	0.0100000000	10	100	0	0.529370
2650000	-0.8000000000	0.0010000000	0.0100000000	10	100	0	0.449394
2651000	-0.8000000000	0.0010000000	0.0100000000	10	100	0	0.481428
2652000	-0.8000000000	0.0010000000	0.0100000000	10	100	0	0.449394
2653000	-0.8000000000	0.0010000000	0.0100000000	10	100	0	0.465296
2654000	-0.8000000000	0.0010000000	0.0100000000	10	100	0	0.418344
2655000	-0.8000000000	0.0010000000	0.0100000000	10	100	0	0.447829
2656000	-0.8000000000	0.0010000000	0.0100000000	10	100	0	0.403221
2657000	-0.8000000000	0.0010000000	0.0100000000	10	100	0	0.421423
2658000	-0.8000000000	0.0010000000	0.0100000000	10	100	0	0.497775
2659000	-0.8000000000	0.0010000000	0.0100000000	10	100	0	0.433739
2660000	-0.8000000000	0.0010000000	0.0100000000	10	100	0	0.460525
2661000	-0.8000000000	0.0010000000	0.0100000000	10	100	0	0.514320
2662000	-0.8000000000	0.0010000000	0.0100000000	10	100	0	0.532746
2663000	-0.8000000000	0.0010000000	0.0100000000	10	100	0	0.558134
2664000	-0.8000000000	0.0010000000	0.0100000000	10	100	0	0.564941
2665000	-0.8000000000	0.0010000000	0.0100000000	10	100	0	0.594129
2666000	-0.8000000000	0.0010000000	0.0100000000	10	100	0	0.547923
2667000	-0.8000000000	0.0010000000	0.0100000000	10	100	0	0.582073
2668000	-0.8000000000	0.0010000000	0.0100000000	10	100	0	0.515992
2669000	-0.8000000000	0.0010000000	0.0100000000	10	100	0	0.499430
2670000	-0.8000000000	0.0010000000	0.0100000000	10	100	0	0.481428
2671000	-0.8000000000	0.0010000000	0.0100000000	10	100	0	0.583795
2672000	-0.8000000000	0.0010000000	0.0100000000	10	100	0	0.561537
2673000	-0.8000000000	0.0010000000	0.0100000000	10	100	0	0.514320
2674000	-0.8000000000	0.0010000000	0.0100000000	10	100	0	0.514320
2675000	-0.8000000000	0.0010000000	0.0100000000	10	100	0	0.497775
2676000	-0.8000000000	0.0010000000	0.0100000000	10	100	0	0.517664
2677000	-0.8000000000	0.0010000000	0.0100000000	10	100	0	0.539483
2678000	-0.8000000000	0.0010000000	0.0100000000	10	100	0	0.597574
2679000	-0.8000000000	0.0010000000	0.0100000000	10	100	0	0.553028
2680000	-0.8000000000	0.0010000000	0.0100000000	10	100	0	0.481428
2681000	-0.8000000000	0.0010000000	0.0100000000	10	100	0	0.531042
2682000	-0.8000000000	0.0010000000	0.0100000000	10	100	0	0.433739
2683000	-0.8000000000	0.0010000000	0.0100000000	10	100	0	0.376748
2684000	-0.8000000000	0.0010000000	0.0100000000	10	100	0	0.369567
2685000	-0.8000000000	0.0010000000	0.0100000000	10	100	0	0.403221
2686000	-0.8000000000	0.0010000000	0.0100000000	10	100	0	0.413807
2687000	-0.8000000000	0.0010000000	0.0100000000	10	100	0	0.415319
2688000	-0.8000000000	0.0010000000	0.0100000000	10	100	0	0.484698
2689000	-0.8000000000	0.0010000000	0.0100000000	10	100	0	0.497775
2690000	-0.8000000000	0.0010000000	0.0100000000	10	100	0	0.547923
2691000	-0.8000000000	0.0010000000	0.0100000000	10	100	0	0.514320
2692000	-0.8000000000	0.0010000000	0.0100000000	10	100	0	0.582073
2693000	-0.8000000000	0.0010000000	0.0100000000	10	100	0	0.517664
2694000	-0.8000000000	0.0010000000	0.0100000000	10	100	0	0.416832
2695000	-0.8000000000	0.0010000000	0.0100000000	10	100	0	0.435331
2696000	-0.8000000000	0.0010000000	0.0100000000	10	100	0	0.432200
2697000	-0.8000000000	0.0010000000	0.0100000000	10	100	0	0.449394
2698000	-0.8000000000	0.0010000000	0.0100000000	10	100	0	0.433739
2699000	-0.8000000000	0.0010000000	0.0100000000	10	100	0	0.388383
2700000	-0.8000000000	0.0010000000	0.0100000000	10	100	0	0.403221
2701000	-0.8000000000	0.0010000000	0.0100000000	10	100	0	0.514320
2702000	-0.8000000000	0.0010000000	0.0100000000	10	100	0	0.541171
2703000	-0.8000000000	0.0010000000	0.0100000000	10	100	0	0.481428
2704000	-0.8000000000	0.0010000000	0.0100000000	10	100	0	0.418344
2705000	-0.8000000000	0.0010000000	0.0100000000	10	100	0	0.388383
2706000	-0.8000000000	0.0010000000	0.0100000000	10	100	0	0.403221
2707000	-0.8000000000	0.0010000000	0.0100000000	10	100	0	0.418344
2708000	-0.8000000000	0.0010000000	0.0100000000	10	100	0	0.359599
2709000	-0.8000000000	0.0010000000	0.0100000000	10	100	0	0.418344
2710000	-0.8000000000	0.0010000000	0.0100000000	10	100	0	0.426042
2711000	-0.8000000000	0.0010000000	0.0100000000	10	100	0	0.449394
2712000	-0.8000000000	0.0010000000	0.0100000000	10	100	0	0.497775
2713000	-0.8000000000	0.0010000000	0.0100000000	10	100	0	0.465296
2714000	-0.8000000000	0.0010000000	0.0100000000	10	100	0	0.483063
2715000	-0.8000000000	0.0010000000	0.0100000000	10	100	0	0.455755
2716000	-0.8000000000	0.0010000000	0.0100000000	10	100	0	0.463706
2717000	-0.8000000000	0.0010000000	0.0100000000	10	100	0	0.465296
2718000	-0.8000000000	0.0010000000	0.0100000000	10	100	0	0.553042
2719000	-0.8000000000	0.0010000000	0.0100000000	10	100	0	0.599296
2720000	-0.8000000000	0.0010000000	0.0100000000	10	100	0	0.616584
2721000	-0.8000000000	0.0010000000	0.0100000000	10	100	0	0.633911
2722000	-0.8000000000	0.0010000000	0.0100000000	10	100	0	0.576933
2723000	-0.8000000000	0.0010000000	0.0100000000	10	100	0	0.616584
2724000	-0.8000000000	0.0010000000	0.0100000000	10	100	0	0.602780
2725000	-0.8000000000	0.0010000000	0.0100000000	10	100	0	0.547923
2726000	-0.8000000000	0.0010000000	0.0100000000	10	100	0	0.531074
2727000	-0.8000000000	0.0010000000	0.0100000000	10	100	0	0.582073
2728000	-0.8000000000	0.0010000000	0.0100000000	10	100	0	0.564941
2729000	-0.8000000000	0.0010000000	0.0100000000	10	100	0	0.522699
2730000	-0.8000000000	0.0010000000	0.0100000000	10	100	0	0.547923
2731000	-0.8000000000	0.0010000000	0.0100000000	10	100	0	0.494506
2732000	-0.8000000000	0.0010000000	0.0100000000	10	100	0	0.539483
2733000	-0.8000000000	0.0010000000	0.0100000000	10	100	0	0.496141
2734000	-0.8000000000	0.0010000000	0.0100000000	10	100	0	0.502739
2735000	-0.8000000000	0.0010000000	0.0100000000	10	100	0	0.531042
2736000	-0.8000000000	0.0010000000	0.0100000000	10	100	0	0.583804
2737000	-0.8000000000	0.0010000000	0.0100000000	10	100	0	0.583795
2738000	-0.8000000000	0.0010000000	0.0100000000	10	100	0	0.522681
2739000	-0.8000000000	0.0010000000	0.0100000000	10	100	0	0.418344
2740000	-0.8000000000	0.0010000000	0.0100000000	10	100	0	0.473362
2741000	-0.8000000000	0.0010000000	0.0100000000	10	100	0	0.515992
2742000	-0.8000000000	0.0010000000	0.0100000000	10	100	0	0.531042
2743000	-0.8000000000	0.0010000000	0.0100000000	10	100	0	0.491296
2744000	-0.8000000000	0.0010000000	0.0100000000	10	100	0	0.507702
2745000	-0.8000000000	0.0010000000	0.0100000000	10	100	0	0.462115
2746000	-0.8000000000	0.0010000000	0.0100000000	10	100	0	0.547923
2747000	-0.8000000000	0.0010000000	0.0100000000	10	100	0	0.633911
2748000	-0.8000000000	0.0010000000	0.0100000000	10	100	0	0.563239
2749000	-0.8000000000	0.0010000000	0.0100000000	10	100	0	0.582073
2750000	-0.8000000000	0.0010000000	0.0100000000	10	100	0	0.616584
2751000	-0.8000000000	0.0010000000	0.0100000000	10	100	0	0.616584
2752000	-0.8000000000	0.0010000000	0.0100000000	10	100	0	0.568367
2753000	-0.8000000000	0.0010000000	0.0100000000	10	100	0	0.531042
2754000	-0.8000000000	0.0010000000	0.0100000000	10	100	0	0.531042
2755000	-0.8000000000	0.0010000000	0.0100000000	10	100	0	0.497775
2756000	-0.8000000000	0.0010000000	0.0100000000	10	100	0	0.496141
2757000	-0.8000000000	0.0010000000	0.0100000000	10	100	0	0.539483
2758000	-0.8000000000	0.0010000000	0.0100000000	10	100	0	0.515992
2759000	-0.8000000000	0.0010000000	0.0100000000	10	100	0	0.599296
2760000	-0.8000000000	0.0010000000	0.0100000000	10	100	0	0.616584
2761000	-0.8000000000	0.0010000000	0.0100000000	10	100	0	0.646049
2762000	-0.8000000000	0.0010000000	0.0100000000	10	100	0	0.668573
2763000	-0.8000000000	0.0010000000	0.0100000000	10	100	0	0.547923
2764000	-0.8000000000	0.0010000000	0.0100000000	10	100	0	0.561537
2765000	-0.8000000000	0.0010000000	0.0100000000	10	100	0	0.547923
2766000	-0.8000000000	0.0010000000	0.0100000000	10	100	0	0.531042
2767000	-0.8000000000	0.0010000000	0.0100000000	10	100	0	0.536138
2768000	-0.8000000000	0.0010000000	0.0100000000	10	100	0	0.564941
2769000	-0.8000000000	0.0010000000	0.0100000000	10	100	0	0.547923
2770000	-0.8000000000	0.0010000000	0.0100000000	10	100	0	0.547923
2771000	-0.8000000000	0.0010000000	0.0100000000	10	100	0	0.524353
2772000	-0.8000000000	0.0010000000	0.0100000000	10	100	0	0.497775
2773000	-0.8000000000	0.0010000000	0.0100000000	10	100	0	0.547923
2774000	-0.8000000000	0.0010000000	0.0100000000	10	100	0	0.481428
2775000	-0.8000000000	0.0010000000	0.0100000000	10	100	0	0.394318
2776000	-0.8000000000	0.0010000000	0.0100000000	10	100	0	0.449394
2777000	-0.8000000000	0.0010000000	0.0100000000	10	100	0	0.514320
2778000	-0.8000000000	0.0010000000	0.0100000000	10	100	0	0.531042
2779000	-0.8000000000	0.0010000000	0.0100000000	10	100	0	0.563239
2780000	-0.8000000000	0.0010000000	0.0100000000	10	100	0	0.531042
2781000	-0.8000000000	0.0010000000	0.0100000000	10	100	0	0.529370
2782000	-0.8000000000	0.0010000000	0.0100000000	10	100	0	0.514320
2783000	-0.8000000000	0.0010000000	0.0100000000	10	100	0	0.514320
2784000	-0.8000000000	0.0010000000	0.0100000000	10	100	0	0.514320
2785000	-0.8000000000	0.0010000000	0.0100000000	10	100	0	0.465296
2786000	-0.8000000000	0.0010000000	0.0100000000	10	100	0	0.449394
2787000	-0.8000000000	0.0010000000	0.0100000000	10	100	0	0.388383
2788000	-0.8000000000	0.0010000000	0.0100000000	10	100	0	0.385592
2789000	-0.8000000000	0.0010000000	0.0100000000	10	100	0	0.418344
2790000	-0.8000000000	0.0010000000	0.0100000000	10	100	0	0.419883
2791000	-0.8000000000	0.0010000000	0.0100000000	10	100	0	0.531042
2792000	-0.8000000000	0.0010000000	0.0100000000	10	100	0	0.531121
2793000	-0.8000000000	0.0010000000	0.0100000000	10	100	0	0.564941
2794000	-0.8000000000	0.0010000000	0.0100000000	10	100	0	0.595851
2795000	-0.8000000000	0.0010000000	0.0100000000	10	100	0	0.668573
2796000	-0.8000000000	0.0010000000	0.0100000000	10	100	0	0.616584
2797000	-0.8000000000	0.0010000000	0.0100000000	10	100	0	0.651251
2798000	-0.8000000000	0.0010000000	0.0100000000	10	100	0	0.611398
2799000	-0.8000000000	0.0010000000	0.0100000000	10	100	0	0.616584
2800000	-0.8000000000	0.0010000000	0.0100000000	10	100	0	0.547923
2801000	-0.8000000000	0.0010000000	0.0100000000	10	100	0	0.539483
2802000	-0.8000000000	0.0010000000	0.0100000000	10	100	0	0.564941
2803000	-0.8000000000	0.0010000000	0.0100000000	10	100	0	0.633911
2804000	-0.8000000000	0.0010000000	0.0100000000	10	100	0	0.594129
2805000	-0.8000000000	0.0010000000	0.0100000000	10	100	0	0.602753
2806000	-0.8000000000	0.0010000000	0.0100000000	10	100	0	0.531042
2807000	-0.8000000000	0.0010000000	0.0100000000	10	100	0	0.433739
2808000	-0.8000000000	0.0010000000	0.0100000000	10	100	0	0.465296
2809000	-0.8000000000	0.0010000000	0.0100000000	10	100	0	0.531042
2810000	-0.8000000000	0.0010000000	0.0100000000	10	100	0	0.616584
2811000	-0.8000000000	0.0010000000	0.0100000000	10	100	0	0.561537
2812000	-0.8000000000	0.0010000000	0.0100000000	10	100	0	0.553028
2813000	-0.8000000000	0.0010000000	0.0100000000	10	100	0	0.573539
2814000	-0.8000000000	0.0010000000	0.0100000000	10	100	0	0.599296
2815000	-0.8000000000	0.0010000000	0.0100000000	10	100	0	0.604482
2816000	-0.8000000000	0.0010000000	0.0100000000	10	100	0	0.564941
2817000	-0.8000000000	0.0010000000	0.0100000000	10	100	0	0.684121
2818000	-0.8000000000	0.0010000000	0.0100000000	10	100	0	0.651251
2819000	-0.8000000000	0.0010000000	0.0100000000	10	100	0	0.582073
2820000	-0.8000000000	0.0010000000	0.0100000000	10	100	0	0.519336
2821000	-0.8000000000	0.0010000000	0.0100000000	10	100	0	0.564964
2822000	-0.8000000000	0.0010000000	0.0100000000	10	100	0	0.471770
2823000	-0.8000000000	0.0010000000	0.0100000000	10	100	0	0.465296
2824000	-0.8000000000	0.0010000000	0.0100000000	10	100	0	0.511011
2825000	-0.8000000000	0.0010000000	0.0100000000	10	100	0	0.502739
2826000	-0.8000000000	0.0010000000	0.0100000000	10	100	0	0.531042
2827000	-0.8000000000	0.0010000000	0.0100000000	10	100	0	0.564941
2828000	-0.8000000000	0.0010000000	0.0100000000	10	100	0	0.614855
2829000	-0.8000000000	0.0010000000	0.0100000000	10	100	0	0.570081
2830000	-0.8000000000	0.0010000000	0.0100000000	10	100	0	0.564941
2831000	-0.8000000000	0.0010000000	0.0100000000	10	100	0	0.515992
2832000	-0.8000000000	0.0010000000	0.0100000000	10	100	0	0.547923
2833000	-0.8000000000	0.0010000000	0.0100000000	10	100	0	0.547923
2834000	-0.8000000000	0.0010000000	0.0100000000	10	100	0	0.547923
2835000	-0.8000000000	0.0010000000	0.0100000000	10	100	0	0.558134
2836000	-0.8000000000	0.0010000000	0.0100000000	10	100	0	0.599296
2837000	-0.8000000000	0.0010000000	0.0100000000	10	100	0	0.514320
2838000	-0.8000000000	0.0010000000	0.0100000000	10	100	0	0.476588
2839000	-0.8000000000	0.0010000000	0.0100000000	10	100	0	0.512665
2840000	-0.8000000000	0.0010000000	0.0100000000	10	100	0	0.563239
2841000	-0.8000000000	0.0010000000	0.0100000000	10	100	0	0.616604
2842000	-0.8000000000	0.0010000000	0.0100000000	10	100	0	0.616584
2843000	-0.8000000000	0.0010000000	0.0100000000	10	100	0	0.737082
2844000	-0.8000000000	0.0010000000	0.0100000000	10	100	0	0.737082
2845000	-0.8000000000	0.0010000000	0.0100000000	10	100	0	0.737082
2846000	-0.8000000000	0.0010000000	0.0100000000	10	100	0	0.651251
2847000	-0.8000000000	0.0010000000	0.0100000000	10	100	0	0.566654
2848000	-0.8000000000	0.0010000000	0.0100000000	10	100	0	0.614855
2849000	-0.8000000000	0.0010000000	0.0100000000	10	100	0	0.564941
2850000	-0.8000000000	0.0010000000	0.0100000000	10	100	0	0.511011
2851000	-0.8000000000	0.0010000000	0.0100000000	10	100	0	0.497775
2852000	-0.8000000000	0.0010000000	0.0100000000	10	100	0	0.547923
2853000	-0.8000000000	0.0010000000	0.0100000000	10	100	0	0.582073
2854000	-0.8000000000	0.0010000000	0.0100000000	10	100	0	0.651251
2855000	-0.8000000000	0.0010000000	0.0100000000	10	100	0	0.517801
2856000	-0.8000000000	0.0010000000	0.0100000000	10	100	0	0.544547
2857000	-0.8000000000	0.0010000000	0.0100000000	10	100	0	0.582073
2858000	-0.8000000000	0.0010000000	0.0100000000	10	100	0	0.633911
2859000	-0.8000000000	0.0010000000	0.0100000000	10	100	0	0.599296
2860000	-0.8000000000	0.0010000000	0.0100000000	10	100	0	0.599296
2861000	-0.8000000000	0.0010000000	0.0100000000	10	100	0	0.542859
2862000	-0.8000000000	0.0010000000	0.0100000000	10	100	0	0.547923
2863000	-0.8000000000	0.0010000000	0.0100000000	10	100	0	0.497775
2864000	-0.8000000000	0.0010000000	0.0100000000	10	100	0	0.497775
2865000	-0.8000000000	0.0010000000	0.0100000000	10	100	0	0.541171
2866000	-0.8000000000	0.0010000000	0.0100000000	10	100	0	0.465296
2867000	-0.8000000000	0.0010000000	0.0100000000	10	100	0	0.449394
2868000	-0.8000000000	0.0010000000	0.0100000000	10	100	0	0.531042
2869000	-0.8000000000	0.0010000000	0.0100000000	10	100	0	0.582073
2870000	-0.8000000000	0.0010000000	0.0100000000	10	100	0	0.580360
2871000	-0.8000000000	0.0010000000	0.0100000000	10	100	0	0.623519
2872000	-0.8000000000	0.0010000000	0.0100000000	10	100	0	0.658179
2873000	-0.8000000000	0.0010000000	0.0100000000	10	100	0	0.616584
2874000	-0.8000000000	0.0010000000	0.0100000000	10	100	0	0.616584
2875000	-0.8000000000	0.0010000000	0.0100000000	10	100	0	0.614855
2876000	-0.8000000000	0.0010000000	0.0100000000	10	100	0	0.599296
2877000	-0.8000000000	0.0010000000	0.0100000000	10	100	0	0.609669
2878000	-0.8000000000	0.0010000000	0.0100000000	10	100	0	0.573507
2879000	-0.8000000000	0.0010000000	0.0100000000	10	100	0	0.539499
2880000	-0.8000000000	0.0010000000	0.0100000000	10	100	0	0.486332
2881000	-0.8000000000	0.0010000000	0.0100000000	10	100	0	0.443132
2882000	-0.8000000000	0.0010000000	0.0100000000	10	100	0	0.449394
2883000	-0.8000000000	0.0010000000	0.0100000000	10	100	0	0.489602
2884000	-0.8000000000	0.0010000000	0.0100000000	10	100	0	0.449394
2885000	-0.8000000000	0.0010000000	0.0100000000	10	100	0	0.514320
2886000	-0.8000000000	0.0010000000	0.0100000000	10	100	0	0.484698
2887000	-0.8000000000	0.0010000000	0.0100000000	10	100	0	0.449394
2888000	-0.8000000000	0.0010000000	0.0100000000	10	100	0	0.388383
2889000	-0.8000000000	0.0010000000	0.0100000000	10	100	0	0.433739
2890000	-0.8000000000	0.0010000000	0.0100000000	10	100	0	0.415319
2891000	-0.8000000000	0.0010000000	0.0100000000	10	100	0	0.359599
2892000	-0.8000000000	0.0010000000	0.0100000000	10	100	0	0.389867
2893000	-0.8000000000	0.0010000000	0.0100000000	10	100	0	0.449394
2894000	-0.8000000000	0.0010000000	0.0100000000	10	100	0	0.483106
2895000	-0.8000000000	0.0010000000	0.0100000000	10	100	0	0.514320
2896000	-0.8000000000	0.0010000000	0.0100000000	10	100	0	0.547923
2897000	-0.8000000000	0.0010000000	0.0100000000	10	100	0	0.597574
2898000	-0.8000000000	0.0010000000	0.0100000000	10	100	0	0.599296
2899000	-0.8000000000	0.0010000000	0.0100000000	10	100	0	0.582073
2900000	-0.8000000000	0.0010000000	0.0100000000	10	100	0	0.559836
2901000	-0.8000000000	0.0010000000	0.0100000000	10	100	0	0.563239
2902000	-0.8000000000	0.0010000000	0.0100000000	10	100	0	0.504393
2903000	-0.8000000000	0.0010000000	0.0100000000	10	100	0	0.433739
2904000	-0.8000000000	0.0010000000	0.0100000000	10	100	0	0.447829
2905000	-0.8000000000	0.0010000000	0.0100000000	10	100	0	0.433739
2906000	-0.8000000000	0.0010000000	0.0100000000	10	100	0	0.403221
2907000	-0.8000000000	0.0010000000	0.0100000000	10	100	0	0.381140
2908000	-0.8000000000	0.0010000000	0.0100000000	10	100	0	0.418344
2909000	-0.8000000000	0.0010000000	0.0100000000	10	100	0	0.449394
2910000	-0.8000000000	0.0010000000	0.0100000000	10	100	0	0.452575
2911000	-0.8000000000	0.0010000000	0.0100000000	10	100	0	0.497775
2912000	-0.8000000000	0.0010000000	0.0100000000	10	100	0	0.481428
2913000	-0.8000000000	0.0010000000	0.0100000000	10	100	0	0.522681
2914000	-0.8000000000	0.0010000000	0.0100000000	10	100	0	0.497775
2915000	-0.8000000000	0.0010000000	0.0100000000	10	100	0	0.514320
2916000	-0.8000000000	0.0010000000	0.0100000000	10	100	0	0.497775
2917000	-0.8000000000	0.0010000000	0.0100000000	10	100	0	0.497775
2918000	-0.8000000000	0.0010000000	0.0100000000	10	100	0	0.512665
2919000	-0.8000000000	0.0010000000	0.0100000000	10	100	0	0.496141
2920000	-0.8000000000	0.0010000000	0.0100000000	10	100	0	0.466909
2921000	-0.8000000000	0.0010000000	0.0100000000	10	100	0	0.497775
2922000	-0.8000000000	0.0010000000	0.0100000000	10	100	0	0.534418
2923000	-0.8000000000	0.0010000000	0.0100000000	10	100	0	0.564941
2924000	-0.8000000000	0.0010000000	0.0100000000	10	100	0	0.554744
2925000	-0.8000000000	0.0010000000	0.0100000000	10	100	0	0.527698
2926000	-0.8000000000	0.0010000000	0.0100000000	10	100	0	0.601025
2927000	-0.8000000000	0.0010000000	0.0100000000	10	100	0	0.595851
2928000	-0.8000000000	0.0010000000	0.0100000000	10	100	0	0.633911
2929000	-0.8000000000	0.0010000000	0.0100000000	10	100	0	0.651251
2930000	-0.8000000000	0.0010000000	0.0100000000	10	100	0	0.720135
2931000	-0.8000000000	0.0010000000	0.0100000000	10	100	0	0.684121
2932000	-0.8000000000	0.0010000000	0.0100000000	10	100	0	0.564941
2933000	-0.8000000000	0.0010000000	0.0100000000	10	100	0	0.599296
2934000	-0.8000000000	0.0010000000	0.0100000000	10	100	0	0.599296
2935000	-0.8000000000	0.0010000000	0.0100000000	10	100	0	0.531042
2936000	-0.8000000000	0.0010000000	0.0100000000	10	100	0	0.580360
2937000	-0.8000000000	0.0010000000	0.0100000000	10	100	0	0.575220
2938000	-0.8000000000	0.0010000000	0.0100000000	10	100	0	0.582073
2939000	-0.8000000000	0.0010000000	0.0100000000	10	100	0	0.531042
2940000	-0.8000000000	0.0010000000	0.0100000000	10	100	0	0.514320
2941000	-0.8000000000	0.0010000000	0.0100000000	10	100	0	0.514320
2942000	-0.8000000000	0.0010000000	0.0100000000	10	100	0	0.564941
2943000	-0.8000000000	0.0010000000	0.0100000000	10	100	0	0.515992
2944000	-0.8000000000	0.0010000000	0.0100000000	10	100	0	0.514320
2945000	-0.8000000000	0.0010000000	0.0100000000	10	100	0	0.515992
2946000	-0.8000000000	0.0010000000	0.0100000000	10	100	0	0.564941
2947000	-0.8000000000	0.0010000000	0.0100000000	10	100	0	0.497775
2948000	-0.8000000000	0.0010000000	0.0100000000	10	100	0	0.449394
2949000	-0.8000000000	0.0010000000	0.0100000000	10	100	0	0.465296
2950000	-0.8000000000	0.0010000000	0.0100000000	10	100	0	0.504393
2951000	-0.8000000000	0.0010000000	0.0100000000	10	100	0	0.499430
2952000	-0.8000000000	0.0010000000	0.0100000000	10	100	0	0.514320
2953000	-0.8000000000	0.0010000000	0.0100000000	10	100	0	0.564941
2954000	-0.8000000000	0.0010000000	0.0100000000	10	100	0	0.571794
2955000	-0.8000000000	0.0010000000	0.0100000000	10	100	0	0.564941
2956000	-0.8000000000	0.0010000000	0.0100000000	10	100	0	0.599296
2957000	-0.8000000000	0.0010000000	0.0100000000	10	100	0	0.590684
2958000	-0.8000000000	0.0010000000	0.0100000000	10	100	0	0.633913
2959000	-0.8000000000	0.0010000000	0.0100000000	10	100	0	0.616584
2960000	-0.8000000000	0.0010000000	0.0100000000	10	100	0	0.651251
2961000	-0.8000000000	0.0010000000	0.0100000000	10	100	0	0.582073
2962000	-0.8000000000	0.0010000000	0.0100000000	10	100	0	0.580360
2963000	-0.8000000000	0.0010000000	0.0100000000	10	100	0	0.551368
2964000	-0.8000000000	0.0010000000	0.0100000000	10	100	0	0.554730
2965000	-0.8000000000	0.0010000000	0.0100000000	10	100	0	0.497775
2966000	-0.8000000000	0.0010000000	0.0100000000	10	100	0	0.531042
2967000	-0.8000000000	0.0010000000	0.0100000000	10	100	0	0.532730
2968000	-0.8000000000	0.0010000000	0.0100000000	10	100	0	0.521009
2969000	-0.8000000000	0.0010000000	0.0100000000	10	100	0	0.497775
2970000	-0.8000000000	0.0010000000	0.0100000000	10	100	0	0.499430
2971000	-0.8000000000	0.0010000000	0.0100000000	10	100	0	0.531042
2972000	-0.8000000000	0.0010000000	0.0100000000	10	100	0	0.473362
2973000	-0.8000000000	0.0010000000	0.0100000000	10	100	0	0.418344
2974000	-0.8000000000	0.0010000000	0.0100000000	10	100	0	0.465296
2975000	-0.8000000000	0.0010000000	0.0100000000	10	100	0	0.564941
2976000	-0.8000000000	0.0010000000	0.0100000000	10	100	0	0.599296
2977000	-0.8000000000	0.0010000000	0.0100000000	10	100	0	0.633911
2978000	-0.8000000000	0.0010000000	0.0100000000	10	100	0	0.549625
2979000	-0.8000000000	0.0010000000	0.0100000000	10	100	0	0.471749
2980000	-0.8000000000	0.0010000000	0.0100000000	10	100	0	0.415374
2981000	-0.8000000000	0.0010000000	0.0100000000	10	100	0	0.514320
2982000	-0.8000000000	0.0010000000	0.0100000000	10	100	0	0.531042
2983000	-0.8000000000	0.0010000000	0.0100000000	10	100	0	0.491297
2984000	-0.8000000000	0.0010000000	0.0100000000	10	100	0	0.449394
2985000	-0.8000000000	0.0010000000	0.0100000000	10	100	0	0.479815
2986000	-0.8000000000	0.0010000000	0.0100000000	10	100	0	0.481428
2987000	-0.8000000000	0.0010000000	0.0100000000	10	100	0	0.514320
2988000	-0.8000000000	0.0010000000	0.0100000000	10	100	0	0.465296
2989000	-0.8000000000	0.0010000000	0.0100000000	10	100	0	0.506087
2990000	-0.8000000000	0.0010000000	0.0100000000	10	100	0	0.465296
2991000	-0.8000000000	0.0010000000	0.0100000000	10	100	0	0.395860
2992000	-0.8000000000	0.0010000000	0.0100000000	10	100	0	0.449419
2993000	-0.8000000000	0.0010000000	0.0100000000	10	100	0	0.427581
2994000	-0.8000000000	0.0010000000	0.0100000000	10	100	0	0.418344
2995000	-0.8000000000	0.0010000000	0.0100000000	10	100	0	0.433739
2996000	-0.8000000000	0.0010000000	0.0100000000	10	100	0	0.388412
2997000	-0.8000000000	0.0010000000	0.0100000000	10	100	0	0.418344
2998000	-0.8000000000	0.0010000000	0.0100000000	10	100	0	0.372415
2999000	-0.8000000000	0.0010000000	0.0100000000	10	100	0	0.403221
3000000	-0.8000000000	0.0010000000	0.0100000000	10	100	0	0.388383
