time	epistasis_coef	sel_coef	mu_prob	Ne	L	k_start	mean_fitness
2000000	-1.0000000000	0.0001000000	0.1000000000	10	100	0	0.836154
2001000	-1.0000000000	0.0001000000	0.1000000000	10	100	0	0.840335
2002000	-1.0000000000	0.0001000000	0.1000000000	10	100	0	0.875200
2003000	-1.0000000000	0.0001000000	0.1000000000	10	100	0	0.797240
2004000	-1.0000000000	0.0001000000	0.1000000000	10	100	0	0.797223
2005000	-1.0000000000	0.0001000000	0.1000000000	10	100	0	0.793449
2006000	-1.0000000000	0.0001000000	0.1000000000	10	100	0	0.763067
2007000	-1.0000000000	0.0001000000	0.1000000000	10	100	0	0.838261
2008000	-1.0000000000	0.0001000000	0.1000000000	10	100	0	0.825313
2009000	-1.0000000000	0.0001000000	0.1000000000	10	100	0	0.841034
2010000	-1.0000000000	0.0001000000	0.1000000000	10	100	0	0.790247
2011000	-1.0000000000	0.0001000000	0.1000000000	10	100	0	0.808530
2012000	-1.0000000000	0.0001000000	0.1000000000	10	100	0	0.781117
2013000	-1.0000000000	0.0001000000	0.1000000000	10	100	0	0.815197
2014000	-1.0000000000	0.0001000000	0.1000000000	10	100	0	0.818799
2015000	-1.0000000000	0.0001000000	0.1000000000	10	100	0	0.793441
2016000	-1.0000000000	0.0001000000	0.1000000000	10	100	0	0.794207
2017000	-1.0000000000	0.0001000000	0.1000000000	10	100	0	0.757461
2018000	-1.0000000000	0.0001000000	0.1000000000	10	100	0	0.774888
2019000	-1.0000000000	0.0001000000	0.1000000000	10	100	0	0.791149
2020000	-1.0000000000	0.0001000000	0.1000000000	10	100	0	0.823967
2021000	-1.0000000000	0.0001000000	0.1000000000	10	100	0	0.821028
2022000	-1.0000000000	0.0001000000	0.1000000000	10	100	0	0.799514
2023000	-1.0000000000	0.0001000000	0.1000000000	10	100	0	0.868123
2024000	-1.0000000000	0.0001000000	0.1000000000	10	100	0	0.811508
2025000	-1.0000000000	0.0001000000	0.1000000000	10	100	0	0.819497
2026000	-1.0000000000	0.0001000000	0.1000000000	10	100	0	0.841776
2027000	-1.0000000000	0.0001000000	0.1000000000	10	100	0	0.802537
2028000	-1.0000000000	0.0001000000	0.1000000000	10	100	0	0.804766
2029000	-1.0000000000	0.0001000000	0.1000000000	10	100	0	0.741386
2030000	-1.0000000000	0.0001000000	0.1000000000	10	100	0	0.742043
2031000	-1.0000000000	0.0001000000	0.1000000000	10	100	0	0.845258
2032000	-1.0000000000	0.0001000000	0.1000000000	10	100	0	0.815918
2033000	-1.0000000000	0.0001000000	0.1000000000	10	100	0	0.831135
2034000	-1.0000000000	0.0001000000	0.1000000000	10	100	0	0.781094
2035000	-1.0000000000	0.0001000000	0.1000000000	10	100	0	0.804026
2036000	-1.0000000000	0.0001000000	0.1000000000	10	100	0	0.794216
2037000	-1.0000000000	0.0001000000	0.1000000000	10	100	0	0.876466
2038000	-1.0000000000	0.0001000000	0.1000000000	10	100	0	0.795672
2039000	-1.0000000000	0.0001000000	0.1000000000	10	100	0	0.770967
2040000	-1.0000000000	0.0001000000	0.1000000000	10	100	0	0.842420
2041000	-1.0000000000	0.0001000000	0.1000000000	10	100	0	0.853484
2042000	-1.0000000000	0.0001000000	0.1000000000	10	100	0	0.798747
2043000	-1.0000000000	0.0001000000	0.1000000000	10	100	0	0.854159
2044000	-1.0000000000	0.0001000000	0.1000000000	10	100	0	0.777228
2045000	-1.0000000000	0.0001000000	0.1000000000	10	100	0	0.783185
2046000	-1.0000000000	0.0001000000	0.1000000000	10	100	0	0.848662
2047000	-1.0000000000	0.0001000000	0.1000000000	10	100	0	0.788823
2048000	-1.0000000000	0.0001000000	0.1000000000	10	100	0	0.838283
2049000	-1.0000000000	0.0001000000	0.1000000000	10	100	0	0.809991
2050000	-1.0000000000	0.0001000000	0.1000000000	10	100	0	0.841077
2051000	-1.0000000000	0.0001000000	0.1000000000	10	100	0	0.805525
2052000	-1.0000000000	0.0001000000	0.1000000000	10	100	0	0.798756
2053000	-1.0000000000	0.0001000000	0.1000000000	10	100	0	0.871393
2054000	-1.0000000000	0.0001000000	0.1000000000	10	100	0	0.830457
2055000	-1.0000000000	0.0001000000	0.1000000000	10	100	0	0.818857
2056000	-1.0000000000	0.0001000000	0.1000000000	10	100	0	0.764640
2057000	-1.0000000000	0.0001000000	0.1000000000	10	100	0	0.801030
2058000	-1.0000000000	0.0001000000	0.1000000000	10	100	0	0.745405
2059000	-1.0000000000	0.0001000000	0.1000000000	10	100	0	0.769380
2060000	-1.0000000000	0.0001000000	0.1000000000	10	100	0	0.810019
2061000	-1.0000000000	0.0001000000	0.1000000000	10	100	0	0.853461
2062000	-1.0000000000	0.0001000000	0.1000000000	10	100	0	0.792657
2063000	-1.0000000000	0.0001000000	0.1000000000	10	100	0	0.779544
2064000	-1.0000000000	0.0001000000	0.1000000000	10	100	0	0.816686
2065000	-1.0000000000	0.0001000000	0.1000000000	10	100	0	0.756698
2066000	-1.0000000000	0.0001000000	0.1000000000	10	100	0	0.795723
2067000	-1.0000000000	0.0001000000	0.1000000000	10	100	0	0.781900
2068000	-1.0000000000	0.0001000000	0.1000000000	10	100	0	0.779552
2069000	-1.0000000000	0.0001000000	0.1000000000	10	100	0	0.876479
2070000	-1.0000000000	0.0001000000	0.1000000000	10	100	0	0.857539
2071000	-1.0000000000	0.0001000000	0.1000000000	10	100	0	0.856175
2072000	-1.0000000000	0.0001000000	0.1000000000	10	100	0	0.820898
2073000	-1.0000000000	0.0001000000	0.1000000000	10	100	0	0.776430
2074000	-1.0000000000	0.0001000000	0.1000000000	10	100	0	0.790374
2075000	-1.0000000000	0.0001000000	0.1000000000	10	100	0	0.794182
2076000	-1.0000000000	0.0001000000	0.1000000000	10	100	0	0.811508
2077000	-1.0000000000	0.0001000000	0.1000000000	10	100	0	0.805415
2078000	-1.0000000000	0.0001000000	0.1000000000	10	100	0	0.823227
2079000	-1.0000000000	0.0001000000	0.1000000000	10	100	0	0.769372
2080000	-1.0000000000	0.0001000000	0.1000000000	10	100	0	0.889525
2081000	-1.0000000000	0.0001000000	0.1000000000	10	100	0	0.847070
2082000	-1.0000000000	0.0001000000	0.1000000000	10	100	0	0.764626
2083000	-1.0000000000	0.0001000000	0.1000000000	10	100	0	0.797239
2084000	-1.0000000000	0.0001000000	0.1000000000	10	100	0	0.767010
2085000	-1.0000000000	0.0001000000	0.1000000000	10	100	0	0.725873
2086000	-1.0000000000	0.0001000000	0.1000000000	10	100	0	0.875162
2087000	-1.0000000000	0.0001000000	0.1000000000	10	100	0	0.813718
2088000	-1.0000000000	0.0001000000	0.1000000000	10	100	0	0.858902
2089000	-1.0000000000	0.0001000000	0.1000000000	10	100	0	0.804035
2090000	-1.0000000000	0.0001000000	0.1000000000	10	100	0	0.816638
2091000	-1.0000000000	0.0001000000	0.1000000000	10	100	0	0.774888
2092000	-1.0000000000	0.0001000000	0.1000000000	10	100	0	0.786549
2093000	-1.0000000000	0.0001000000	0.1000000000	10	100	0	0.785000
2094000	-1.0000000000	0.0001000000	0.1000000000	10	100	0	0.807041
2095000	-1.0000000000	0.0001000000	0.1000000000	10	100	0	0.785749
2096000	-1.0000000000	0.0001000000	0.1000000000	10	100	0	0.779505
2097000	-1.0000000000	0.0001000000	0.1000000000	10	100	0	0.830436
2098000	-1.0000000000	0.0001000000	0.1000000000	10	100	0	0.796490
2099000	-1.0000000000	0.0001000000	0.1000000000	10	100	0	0.703501
2100000	-1.0000000000	0.0001000000	0.1000000000	10	100	0	0.774858
2101000	-1.0000000000	0.0001000000	0.1000000000	10	100	0	0.821728
2102000	-1.0000000000	0.0001000000	0.1000000000	10	100	0	0.847320
2103000	-1.0000000000	0.0001000000	0.1000000000	10	100	0	0.818127
2104000	-1.0000000000	0.0001000000	0.1000000000	10	100	0	0.773322
2105000	-1.0000000000	0.0001000000	0.1000000000	10	100	0	0.807041
2106000	-1.0000000000	0.0001000000	0.1000000000	10	100	0	0.820317
2107000	-1.0000000000	0.0001000000	0.1000000000	10	100	0	0.839680
2108000	-1.0000000000	0.0001000000	0.1000000000	10	100	0	0.810759
2109000	-1.0000000000	0.0001000000	0.1000000000	10	100	0	0.838938
2110000	-1.0000000000	0.0001000000	0.1000000000	10	100	0	0.827566
2111000	-1.0000000000	0.0001000000	0.1000000000	10	100	0	0.821787
2112000	-1.0000000000	0.0001000000	0.1000000000	10	100	0	0.849349
2113000	-1.0000000000	0.0001000000	0.1000000000	10	100	0	0.867447
2114000	-1.0000000000	0.0001000000	0.1000000000	10	100	0	0.834637
2115000	-1.0000000000	0.0001000000	0.1000000000	10	100	0	0.783450
2116000	-1.0000000000	0.0001000000	0.1000000000	10	100	0	0.795698
2117000	-1.0000000000	0.0001000000	0.1000000000	10	100	0	0.807754
2118000	-1.0000000000	0.0001000000	0.1000000000	10	100	0	0.804758
2119000	-1.0000000000	0.0001000000	0.1000000000	10	100	0	0.862874
2120000	-1.0000000000	0.0001000000	0.1000000000	10	100	0	0.819578
2121000	-1.0000000000	0.0001000000	0.1000000000	10	100	0	0.813727
2122000	-1.0000000000	0.0001000000	0.1000000000	10	100	0	0.788775
2123000	-1.0000000000	0.0001000000	0.1000000000	10	100	0	0.866193
2124000	-1.0000000000	0.0001000000	0.1000000000	10	100	0	0.854171
2125000	-1.0000000000	0.0001000000	0.1000000000	10	100	0	0.838228
2126000	-1.0000000000	0.0001000000	0.1000000000	10	100	0	0.812190
2127000	-1.0000000000	0.0001000000	0.1000000000	10	100	0	0.791076
2128000	-1.0000000000	0.0001000000	0.1000000000	10	100	0	0.804485
2129000	-1.0000000000	0.0001000000	0.1000000000	10	100	0	0.754294
2130000	-1.0000000000	0.0001000000	0.1000000000	10	100	0	0.770974
2131000	-1.0000000000	0.0001000000	0.1000000000	10	100	0	0.772467
2132000	-1.0000000000	0.0001000000	0.1000000000	10	100	0	0.783434
2133000	-1.0000000000	0.0001000000	0.1000000000	10	100	0	0.859554
2134000	-1.0000000000	0.0001000000	0.1000000000	10	100	0	0.850081
2135000	-1.0000000000	0.0001000000	0.1000000000	10	100	0	0.774880
2136000	-1.0000000000	0.0001000000	0.1000000000	10	100	0	0.828297
2137000	-1.0000000000	0.0001000000	0.1000000000	10	100	0	0.778785
2138000	-1.0000000000	0.0001000000	0.1000000000	10	100	0	0.852121
2139000	-1.0000000000	0.0001000000	0.1000000000	10	100	0	0.734878
2140000	-1.0000000000	0.0001000000	0.1000000000	10	100	0	0.851433
2141000	-1.0000000000	0.0001000000	0.1000000000	10	100	0	0.791149
2142000	-1.0000000000	0.0001000000	0.1000000000	10	100	0	0.715164
2143000	-1.0000000000	0.0001000000	0.1000000000	10	100	0	0.789591
2144000	-1.0000000000	0.0001000000	0.1000000000	10	100	0	0.817407
2145000	-1.0000000000	0.0001000000	0.1000000000	10	100	0	0.850689
2146000	-1.0000000000	0.0001000000	0.1000000000	10	100	0	0.848008
2147000	-1.0000000000	0.0001000000	0.1000000000	10	100	0	0.814457
2148000	-1.0000000000	0.0001000000	0.1000000000	10	100	0	0.803268
2149000	-1.0000000000	0.0001000000	0.1000000000	10	100	0	0.784968
2150000	-1.0000000000	0.0001000000	0.1000000000	10	100	0	0.794173
2151000	-1.0000000000	0.0001000000	0.1000000000	10	100	0	0.775663
2152000	-1.0000000000	0.0001000000	0.1000000000	10	100	0	0.767708
2153000	-1.0000000000	0.0001000000	0.1000000000	10	100	0	0.759772
2154000	-1.0000000000	0.0001000000	0.1000000000	10	100	0	0.859505
2155000	-1.0000000000	0.0001000000	0.1000000000	10	100	0	0.796438
2156000	-1.0000000000	0.0001000000	0.1000000000	10	100	0	0.886530
2157000	-1.0000000000	0.0001000000	0.1000000000	10	100	0	0.785758
2158000	-1.0000000000	0.0001000000	0.1000000000	10	100	0	0.816667
2159000	-1.0000000000	0.0001000000	0.1000000000	10	100	0	0.800254
2160000	-1.0000000000	0.0001000000	0.1000000000	10	100	0	0.833930
2161000	-1.0000000000	0.0001000000	0.1000000000	10	100	0	0.847263
2162000	-1.0000000000	0.0001000000	0.1000000000	10	100	0	0.821738
2163000	-1.0000000000	0.0001000000	0.1000000000	10	100	0	0.797248
2164000	-1.0000000000	0.0001000000	0.1000000000	10	100	0	0.879073
2165000	-1.0000000000	0.0001000000	0.1000000000	10	100	0	0.811935
2166000	-1.0000000000	0.0001000000	0.1000000000	10	100	0	0.810019
2167000	-1.0000000000	0.0001000000	0.1000000000	10	100	0	0.814419
2168000	-1.0000000000	0.0001000000	0.1000000000	10	100	0	0.818127
2169000	-1.0000000000	0.0001000000	0.1000000000	10	100	0	0.804730
2170000	-1.0000000000	0.0001000000	0.1000000000	10	100	0	0.787268
2171000	-1.0000000000	0.0001000000	0.1000000000	10	100	0	0.778003
2172000	-1.0000000000	0.0001000000	0.1000000000	10	100	0	0.888381
2173000	-1.0000000000	0.0001000000	0.1000000000	10	100	0	0.807041
2174000	-1.0000000000	0.0001000000	0.1000000000	10	100	0	0.854812
2175000	-1.0000000000	0.0001000000	0.1000000000	10	100	0	0.823987
2176000	-1.0000000000	0.0001000000	0.1000000000	10	100	0	0.812959
2177000	-1.0000000000	0.0001000000	0.1000000000	10	100	0	0.810019
2178000	-1.0000000000	0.0001000000	0.1000000000	10	100	0	0.800272
2179000	-1.0000000000	0.0001000000	0.1000000000	10	100	0	0.819607
2180000	-1.0000000000	0.0001000000	0.1000000000	10	100	0	0.798764
2181000	-1.0000000000	0.0001000000	0.1000000000	10	100	0	0.815169
2182000	-1.0000000000	0.0001000000	0.1000000000	10	100	0	0.786359
2183000	-1.0000000000	0.0001000000	0.1000000000	10	100	0	0.829027
2184000	-1.0000000000	0.0001000000	0.1000000000	10	100	0	0.861534
2185000	-1.0000000000	0.0001000000	0.1000000000	10	100	0	0.733258
2186000	-1.0000000000	0.0001000000	0.1000000000	10	100	0	0.772532
2187000	-1.0000000000	0.0001000000	0.1000000000	10	100	0	0.816667
2188000	-1.0000000000	0.0001000000	0.1000000000	10	100	0	0.816667
2189000	-1.0000000000	0.0001000000	0.1000000000	10	100	0	0.795732
2190000	-1.0000000000	0.0001000000	0.1000000000	10	100	0	0.854824
2191000	-1.0000000000	0.0001000000	0.1000000000	10	100	0	0.827546
2192000	-1.0000000000	0.0001000000	0.1000000000	10	100	0	0.792649
2193000	-1.0000000000	0.0001000000	0.1000000000	10	100	0	0.784201
2194000	-1.0000000000	0.0001000000	0.1000000000	10	100	0	0.759852
2195000	-1.0000000000	0.0001000000	0.1000000000	10	100	0	0.798006
2196000	-1.0000000000	0.0001000000	0.1000000000	10	100	0	0.818037
2197000	-1.0000000000	0.0001000000	0.1000000000	10	100	0	0.813727
2198000	-1.0000000000	0.0001000000	0.1000000000	10	100	0	0.763032
2199000	-1.0000000000	0.0001000000	0.1000000000	10	100	0	0.768604
2200000	-1.0000000000	0.0001000000	0.1000000000	10	100	0	0.767807
2201000	-1.0000000000	0.0001000000	0.1000000000	10	100	0	0.734851
2202000	-1.0000000000	0.0001000000	0.1000000000	10	100	0	0.770952
2203000	-1.0000000000	0.0001000000	0.1000000000	10	100	0	0.778755
2204000	-1.0000000000	0.0001000000	0.1000000000	10	100	0	0.801039
2205000	-1.0000000000	0.0001000000	0.1000000000	10	100	0	0.803286
2206000	-1.0000000000	0.0001000000	0.1000000000	10	100	0	0.792665
2207000	-1.0000000000	0.0001000000	0.1000000000	10	100	0	0.774105
2208000	-1.0000000000	0.0001000000	0.1000000000	10	100	0	0.780335
2209000	-1.0000000000	0.0001000000	0.1000000000	10	100	0	0.749478
2210000	-1.0000000000	0.0001000000	0.1000000000	10	100	0	0.849336
2211000	-1.0000000000	0.0001000000	0.1000000000	10	100	0	0.821797
2212000	-1.0000000000	0.0001000000	0.1000000000	10	100	0	0.760683
2213000	-1.0000000000	0.0001000000	0.1000000000	10	100	0	0.748668
2214000	-1.0000000000	0.0001000000	0.1000000000	10	100	0	0.885931
2215000	-1.0000000000	0.0001000000	0.1000000000	10	100	0	0.826116
2216000	-1.0000000000	0.0001000000	0.1000000000	10	100	0	0.685915
2217000	-1.0000000000	0.0001000000	0.1000000000	10	100	0	0.784967
2218000	-1.0000000000	0.0001000000	0.1000000000	10	100	0	0.817349
2219000	-1.0000000000	0.0001000000	0.1000000000	10	100	0	0.832565
2220000	-1.0000000000	0.0001000000	0.1000000000	10	100	0	0.764620
2221000	-1.0000000000	0.0001000000	0.1000000000	10	100	0	0.784200
2222000	-1.0000000000	0.0001000000	0.1000000000	10	100	0	0.747036
2223000	-1.0000000000	0.0001000000	0.1000000000	10	100	0	0.794216
2224000	-1.0000000000	0.0001000000	0.1000000000	10	100	0	0.743815
2225000	-1.0000000000	0.0001000000	0.1000000000	10	100	0	0.792683
2226000	-1.0000000000	0.0001000000	0.1000000000	10	100	0	0.781884
2227000	-1.0000000000	0.0001000000	0.1000000000	10	100	0	0.756678
2228000	-1.0000000000	0.0001000000	0.1000000000	10	100	0	0.816686
2229000	-1.0000000000	0.0001000000	0.1000000000	10	100	0	0.736458
2230000	-1.0000000000	0.0001000000	0.1000000000	10	100	0	0.824677
2231000	-1.0000000000	0.0001000000	0.1000000000	10	100	0	0.826846
2232000	-1.0000000000	0.0001000000	0.1000000000	10	100	0	0.823247
2233000	-1.0000000000	0.0001000000	0.1000000000	10	100	0	0.838186
2234000	-1.0000000000	0.0001000000	0.1000000000	10	100	0	0.832544
2235000	-1.0000000000	0.0001000000	0.1000000000	10	100	0	0.839669
2236000	-1.0000000000	0.0001000000	0.1000000000	10	100	0	0.738963
2237000	-1.0000000000	0.0001000000	0.1000000000	10	100	0	0.798644
2238000	-1.0000000000	0.0001000000	0.1000000000	10	100	0	0.797998
2239000	-1.0000000000	0.0001000000	0.1000000000	10	100	0	0.796463
2240000	-1.0000000000	0.0001000000	0.1000000000	10	100	0	0.763003
2241000	-1.0000000000	0.0001000000	0.1000000000	10	100	0	0.866168
2242000	-1.0000000000	0.0001000000	0.1000000000	10	100	0	0.780350
2243000	-1.0000000000	0.0001000000	0.1000000000	10	100	0	0.734063
2244000	-1.0000000000	0.0001000000	0.1000000000	10	100	0	0.780811
2245000	-1.0000000000	0.0001000000	0.1000000000	10	100	0	0.832544
2246000	-1.0000000000	0.0001000000	0.1000000000	10	100	0	0.842475
2247000	-1.0000000000	0.0001000000	0.1000000000	10	100	0	0.841045
2248000	-1.0000000000	0.0001000000	0.1000000000	10	100	0	0.819550
2249000	-1.0000000000	0.0001000000	0.1000000000	10	100	0	0.848707
2250000	-1.0000000000	0.0001000000	0.1000000000	10	100	0	0.821057
2251000	-1.0000000000	0.0001000000	0.1000000000	10	100	0	0.869438
2252000	-1.0000000000	0.0001000000	0.1000000000	10	100	0	0.843861
2253000	-1.0000000000	0.0001000000	0.1000000000	10	100	0	0.789582
2254000	-1.0000000000	0.0001000000	0.1000000000	10	100	0	0.751883
2255000	-1.0000000000	0.0001000000	0.1000000000	10	100	0	0.767024
2256000	-1.0000000000	0.0001000000	0.1000000000	10	100	0	0.770974
2257000	-1.0000000000	0.0001000000	0.1000000000	10	100	0	0.781860
2258000	-1.0000000000	0.0001000000	0.1000000000	10	100	0	0.808511
2259000	-1.0000000000	0.0001000000	0.1000000000	10	100	0	0.781876
2260000	-1.0000000000	0.0001000000	0.1000000000	10	100	0	0.801003
2261000	-1.0000000000	0.0001000000	0.1000000000	10	100	0	0.842397
2262000	-1.0000000000	0.0001000000	0.1000000000	10	100	0	0.789599
2263000	-1.0000000000	0.0001000000	0.1000000000	10	100	0	0.830467
2264000	-1.0000000000	0.0001000000	0.1000000000	10	100	0	0.786549
2265000	-1.0000000000	0.0001000000	0.1000000000	10	100	0	0.792657
2266000	-1.0000000000	0.0001000000	0.1000000000	10	100	0	0.757488
2267000	-1.0000000000	0.0001000000	0.1000000000	10	100	0	0.794931
2268000	-1.0000000000	0.0001000000	0.1000000000	10	100	0	0.827567
2269000	-1.0000000000	0.0001000000	0.1000000000	10	100	0	0.821037
2270000	-1.0000000000	0.0001000000	0.1000000000	10	100	0	0.856875
2271000	-1.0000000000	0.0001000000	0.1000000000	10	100	0	0.829027
2272000	-1.0000000000	0.0001000000	0.1000000000	10	100	0	0.815081
2273000	-1.0000000000	0.0001000000	0.1000000000	10	100	0	0.841776
2274000	-1.0000000000	0.0001000000	0.1000000000	10	100	0	0.807781
2275000	-1.0000000000	0.0001000000	0.1000000000	10	100	0	0.818867
2276000	-1.0000000000	0.0001000000	0.1000000000	10	100	0	0.783442
2277000	-1.0000000000	0.0001000000	0.1000000000	10	100	0	0.782651
2278000	-1.0000000000	0.0001000000	0.1000000000	10	100	0	0.838949
2279000	-1.0000000000	0.0001000000	0.1000000000	10	100	0	0.811461
2280000	-1.0000000000	0.0001000000	0.1000000000	10	100	0	0.793449
2281000	-1.0000000000	0.0001000000	0.1000000000	10	100	0	0.764647
2282000	-1.0000000000	0.0001000000	0.1000000000	10	100	0	0.790366
2283000	-1.0000000000	0.0001000000	0.1000000000	10	100	0	0.906062
2284000	-1.0000000000	0.0001000000	0.1000000000	10	100	0	0.797248
2285000	-1.0000000000	0.0001000000	0.1000000000	10	100	0	0.825376
2286000	-1.0000000000	0.0001000000	0.1000000000	10	100	0	0.840346
2287000	-1.0000000000	0.0001000000	0.1000000000	10	100	0	0.834004
2288000	-1.0000000000	0.0001000000	0.1000000000	10	100	0	0.794974
2289000	-1.0000000000	0.0001000000	0.1000000000	10	100	0	0.808539
2290000	-1.0000000000	0.0001000000	0.1000000000	10	100	0	0.777213
2291000	-1.0000000000	0.0001000000	0.1000000000	10	100	0	0.772540
2292000	-1.0000000000	0.0001000000	0.1000000000	10	100	0	0.777197
2293000	-1.0000000000	0.0001000000	0.1000000000	10	100	0	0.852144
2294000	-1.0000000000	0.0001000000	0.1000000000	10	100	0	0.852063
2295000	-1.0000000000	0.0001000000	0.1000000000	10	100	0	0.850734
2296000	-1.0000000000	0.0001000000	0.1000000000	10	100	0	0.771719
2297000	-1.0000000000	0.0001000000	0.1000000000	10	100	0	0.768576
2298000	-1.0000000000	0.0001000000	0.1000000000	10	100	0	0.858203
2299000	-1.0000000000	0.0001000000	0.1000000000	10	100	0	0.790924
2300000	-1.0000000000	0.0001000000	0.1000000000	10	100	0	0.828286
2301000	-1.0000000000	0.0001000000	0.1000000000	10	100	0	0.852144
2302000	-1.0000000000	0.0001000000	0.1000000000	10	100	0	0.816638
2303000	-1.0000000000	0.0001000000	0.1000000000	10	100	0	0.872382
2304000	-1.0000000000	0.0001000000	0.1000000000	10	100	0	0.771757
2305000	-1.0000000000	0.0001000000	0.1000000000	10	100	0	0.830436
2306000	-1.0000000000	0.0001000000	0.1000000000	10	100	0	0.836144
2307000	-1.0000000000	0.0001000000	0.1000000000	10	100	0	0.891417
2308000	-1.0000000000	0.0001000000	0.1000000000	10	100	0	0.846599
2309000	-1.0000000000	0.0001000000	0.1000000000	10	100	0	0.759089
2310000	-1.0000000000	0.0001000000	0.1000000000	10	100	0	0.766965
2311000	-1.0000000000	0.0001000000	0.1000000000	10	100	0	0.816647
2312000	-1.0000000000	0.0001000000	0.1000000000	10	100	0	0.797222
2313000	-1.0000000000	0.0001000000	0.1000000000	10	100	0	0.845024
2314000	-1.0000000000	0.0001000000	0.1000000000	10	100	0	0.765437
2315000	-1.0000000000	0.0001000000	0.1000000000	10	100	0	0.822306
2316000	-1.0000000000	0.0001000000	0.1000000000	10	100	0	0.818857
2317000	-1.0000000000	0.0001000000	0.1000000000	10	100	0	0.854113
2318000	-1.0000000000	0.0001000000	0.1000000000	10	100	0	0.828307
2319000	-1.0000000000	0.0001000000	0.1000000000	10	100	0	0.821067
2320000	-1.0000000000	0.0001000000	0.1000000000	10	100	0	0.815947
2321000	-1.0000000000	0.0001000000	0.1000000000	10	100	0	0.812210
2322000	-1.0000000000	0.0001000000	0.1000000000	10	100	0	0.765400
2323000	-1.0000000000	0.0001000000	0.1000000000	10	100	0	0.801012
2324000	-1.0000000000	0.0001000000	0.1000000000	10	100	0	0.801770
2325000	-1.0000000000	0.0001000000	0.1000000000	10	100	0	0.787291
2326000	-1.0000000000	0.0001000000	0.1000000000	10	100	0	0.873335
2327000	-1.0000000000	0.0001000000	0.1000000000	10	100	0	0.831897
2328000	-1.0000000000	0.0001000000	0.1000000000	10	100	0	0.761474
2329000	-1.0000000000	0.0001000000	0.1000000000	10	100	0	0.772532
2330000	-1.0000000000	0.0001000000	0.1000000000	10	100	0	0.824687
2331000	-1.0000000000	0.0001000000	0.1000000000	10	100	0	0.836143
2332000	-1.0000000000	0.0001000000	0.1000000000	10	100	0	0.813700
2333000	-1.0000000000	0.0001000000	0.1000000000	10	100	0	0.762277
2334000	-1.0000000000	0.0001000000	0.1000000000	10	100	0	0.790383
2335000	-1.0000000000	0.0001000000	0.1000000000	10	100	0	0.915013
2336000	-1.0000000000	0.0001000000	0.1000000000	10	100	0	0.778018
2337000	-1.0000000000	0.0001000000	0.1000000000	10	100	0	0.835402
2338000	-1.0000000000	0.0001000000	0.1000000000	10	100	0	0.828297
2339000	-1.0000000000	0.0001000000	0.1000000000	10	100	0	0.808512
2340000	-1.0000000000	0.0001000000	0.1000000000	10	100	0	0.812987
2341000	-1.0000000000	0.0001000000	0.1000000000	10	100	0	0.788790
2342000	-1.0000000000	0.0001000000	0.1000000000	10	100	0	0.779560
2343000	-1.0000000000	0.0001000000	0.1000000000	10	100	0	0.840270
2344000	-1.0000000000	0.0001000000	0.1000000000	10	100	0	0.840926
2345000	-1.0000000000	0.0001000000	0.1000000000	10	100	0	0.864189
2346000	-1.0000000000	0.0001000000	0.1000000000	10	100	0	0.803982
2347000	-1.0000000000	0.0001000000	0.1000000000	10	100	0	0.880950
2348000	-1.0000000000	0.0001000000	0.1000000000	10	100	0	0.846993
2349000	-1.0000000000	0.0001000000	0.1000000000	10	100	0	0.830436
2350000	-1.0000000000	0.0001000000	0.1000000000	10	100	0	0.794173
2351000	-1.0000000000	0.0001000000	0.1000000000	10	100	0	0.859566
2352000	-1.0000000000	0.0001000000	0.1000000000	10	100	0	0.818048
2353000	-1.0000000000	0.0001000000	0.1000000000	10	100	0	0.868099
2354000	-1.0000000000	0.0001000000	0.1000000000	10	100	0	0.779544
2355000	-1.0000000000	0.0001000000	0.1000000000	10	100	0	0.745429
2356000	-1.0000000000	0.0001000000	0.1000000000	10	100	0	0.777994
2357000	-1.0000000000	0.0001000000	0.1000000000	10	100	0	0.808539
2358000	-1.0000000000	0.0001000000	0.1000000000	10	100	0	0.804026
2359000	-1.0000000000	0.0001000000	0.1000000000	10	100	0	0.803956
2360000	-1.0000000000	0.0001000000	0.1000000000	10	100	0	0.792606
2361000	-1.0000000000	0.0001000000	0.1000000000	10	100	0	0.783392
2362000	-1.0000000000	0.0001000000	0.1000000000	10	100	0	0.845900
2363000	-1.0000000000	0.0001000000	0.1000000000	10	100	0	0.817407
2364000	-1.0000000000	0.0001000000	0.1000000000	10	100	0	0.845202
2365000	-1.0000000000	0.0001000000	0.1000000000	10	100	0	0.769366
2366000	-1.0000000000	0.0001000000	0.1000000000	10	100	0	0.766234
2367000	-1.0000000000	0.0001000000	0.1000000000	10	100	0	0.797997
2368000	-1.0000000000	0.0001000000	0.1000000000	10	100	0	0.810711
2369000	-1.0000000000	0.0001000000	0.1000000000	10	100	0	0.829027
2370000	-1.0000000000	0.0001000000	0.1000000000	10	100	0	0.775662
2371000	-1.0000000000	0.0001000000	0.1000000000	10	100	0	0.741386
2372000	-1.0000000000	0.0001000000	0.1000000000	10	100	0	0.822478
2373000	-1.0000000000	0.0001000000	0.1000000000	10	100	0	0.803295
2374000	-1.0000000000	0.0001000000	0.1000000000	10	100	0	0.807041
2375000	-1.0000000000	0.0001000000	0.1000000000	10	100	0	0.746973
2376000	-1.0000000000	0.0001000000	0.1000000000	10	100	0	0.774850
2377000	-1.0000000000	0.0001000000	0.1000000000	10	100	0	0.850712
2378000	-1.0000000000	0.0001000000	0.1000000000	10	100	0	0.796490
2379000	-1.0000000000	0.0001000000	0.1000000000	10	100	0	0.801597
2380000	-1.0000000000	0.0001000000	0.1000000000	10	100	0	0.800272
2381000	-1.0000000000	0.0001000000	0.1000000000	10	100	0	0.780239
2382000	-1.0000000000	0.0001000000	0.1000000000	10	100	0	0.826857
2383000	-1.0000000000	0.0001000000	0.1000000000	10	100	0	0.842475
2384000	-1.0000000000	0.0001000000	0.1000000000	10	100	0	0.790383
2385000	-1.0000000000	0.0001000000	0.1000000000	10	100	0	0.774089
2386000	-1.0000000000	0.0001000000	0.1000000000	10	100	0	0.822507
2387000	-1.0000000000	0.0001000000	0.1000000000	10	100	0	0.818147
2388000	-1.0000000000	0.0001000000	0.1000000000	10	100	0	0.795496
2389000	-1.0000000000	0.0001000000	0.1000000000	10	100	0	0.763053
2390000	-1.0000000000	0.0001000000	0.1000000000	10	100	0	0.796490
2391000	-1.0000000000	0.0001000000	0.1000000000	10	100	0	0.797240
2392000	-1.0000000000	0.0001000000	0.1000000000	10	100	0	0.739755
2393000	-1.0000000000	0.0001000000	0.1000000000	10	100	0	0.821562
2394000	-1.0000000000	0.0001000000	0.1000000000	10	100	0	0.816647
2395000	-1.0000000000	0.0001000000	0.1000000000	10	100	0	0.814467
2396000	-1.0000000000	0.0001000000	0.1000000000	10	100	0	0.812171
2397000	-1.0000000000	0.0001000000	0.1000000000	10	100	0	0.807735
2398000	-1.0000000000	0.0001000000	0.1000000000	10	100	0	0.816677
2399000	-1.0000000000	0.0001000000	0.1000000000	10	100	0	0.833993
2400000	-1.0000000000	0.0001000000	0.1000000000	10	100	0	0.838915
2401000	-1.0000000000	0.0001000000	0.1000000000	10	100	0	0.740570
2402000	-1.0000000000	0.0001000000	0.1000000000	10	100	0	0.816686
2403000	-1.0000000000	0.0001000000	0.1000000000	10	100	0	0.778777
2404000	-1.0000000000	0.0001000000	0.1000000000	10	100	0	0.812830
2405000	-1.0000000000	0.0001000000	0.1000000000	10	100	0	0.760683
2406000	-1.0000000000	0.0001000000	0.1000000000	10	100	0	0.774858
2407000	-1.0000000000	0.0001000000	0.1000000000	10	100	0	0.746257
2408000	-1.0000000000	0.0001000000	0.1000000000	10	100	0	0.733258
2409000	-1.0000000000	0.0001000000	0.1000000000	10	100	0	0.820648
2410000	-1.0000000000	0.0001000000	0.1000000000	10	100	0	0.791899
2411000	-1.0000000000	0.0001000000	0.1000000000	10	100	0	0.780311
2412000	-1.0000000000	0.0001000000	0.1000000000	10	100	0	0.789522
2413000	-1.0000000000	0.0001000000	0.1000000000	10	100	0	0.841731
2414000	-1.0000000000	0.0001000000	0.1000000000	10	100	0	0.788066
2415000	-1.0000000000	0.0001000000	0.1000000000	10	100	0	0.782675
2416000	-1.0000000000	0.0001000000	0.1000000000	10	100	0	0.789600
2417000	-1.0000000000	0.0001000000	0.1000000000	10	100	0	0.759886
2418000	-1.0000000000	0.0001000000	0.1000000000	10	100	0	0.766227
2419000	-1.0000000000	0.0001000000	0.1000000000	10	100	0	0.825417
2420000	-1.0000000000	0.0001000000	0.1000000000	10	100	0	0.843162
2421000	-1.0000000000	0.0001000000	0.1000000000	10	100	0	0.838283
2422000	-1.0000000000	0.0001000000	0.1000000000	10	100	0	0.825397
2423000	-1.0000000000	0.0001000000	0.1000000000	10	100	0	0.812939
2424000	-1.0000000000	0.0001000000	0.1000000000	10	100	0	0.797248
2425000	-1.0000000000	0.0001000000	0.1000000000	10	100	0	0.781836
2426000	-1.0000000000	0.0001000000	0.1000000000	10	100	0	0.855442
2427000	-1.0000000000	0.0001000000	0.1000000000	10	100	0	0.862210
2428000	-1.0000000000	0.0001000000	0.1000000000	10	100	0	0.871330
2429000	-1.0000000000	0.0001000000	0.1000000000	10	100	0	0.779576
2430000	-1.0000000000	0.0001000000	0.1000000000	10	100	0	0.861546
2431000	-1.0000000000	0.0001000000	0.1000000000	10	100	0	0.838981
2432000	-1.0000000000	0.0001000000	0.1000000000	10	100	0	0.811461
2433000	-1.0000000000	0.0001000000	0.1000000000	10	100	0	0.791132
2434000	-1.0000000000	0.0001000000	0.1000000000	10	100	0	0.842464
2435000	-1.0000000000	0.0001000000	0.1000000000	10	100	0	0.879646
2436000	-1.0000000000	0.0001000000	0.1000000000	10	100	0	0.788066
2437000	-1.0000000000	0.0001000000	0.1000000000	10	100	0	0.808530
2438000	-1.0000000000	0.0001000000	0.1000000000	10	100	0	0.764647
2439000	-1.0000000000	0.0001000000	0.1000000000	10	100	0	0.855240
2440000	-1.0000000000	0.0001000000	0.1000000000	10	100	0	0.811498
2441000	-1.0000000000	0.0001000000	0.1000000000	10	100	0	0.748675
2442000	-1.0000000000	0.0001000000	0.1000000000	10	100	0	0.840357
2443000	-1.0000000000	0.0001000000	0.1000000000	10	100	0	0.827587
2444000	-1.0000000000	0.0001000000	0.1000000000	10	100	0	0.744631
2445000	-1.0000000000	0.0001000000	0.1000000000	10	100	0	0.797231
2446000	-1.0000000000	0.0001000000	0.1000000000	10	100	0	0.766227
2447000	-1.0000000000	0.0001000000	0.1000000000	10	100	0	0.759836
2448000	-1.0000000000	0.0001000000	0.1000000000	10	100	0	0.875252
2449000	-1.0000000000	0.0001000000	0.1000000000	10	100	0	0.785725
2450000	-1.0000000000	0.0001000000	0.1000000000	10	100	0	0.791098
2451000	-1.0000000000	0.0001000000	0.1000000000	10	100	0	0.845258
2452000	-1.0000000000	0.0001000000	0.1000000000	10	100	0	0.753443
2453000	-1.0000000000	0.0001000000	0.1000000000	10	100	0	0.807771
2454000	-1.0000000000	0.0001000000	0.1000000000	10	100	0	0.817378
2455000	-1.0000000000	0.0001000000	0.1000000000	10	100	0	0.767024
2456000	-1.0000000000	0.0001000000	0.1000000000	10	100	0	0.769394
2457000	-1.0000000000	0.0001000000	0.1000000000	10	100	0	0.814457
2458000	-1.0000000000	0.0001000000	0.1000000000	10	100	0	0.834725
2459000	-1.0000000000	0.0001000000	0.1000000000	10	100	0	0.778801
2460000	-1.0000000000	0.0001000000	0.1000000000	10	100	0	0.771757
2461000	-1.0000000000	0.0001000000	0.1000000000	10	100	0	0.759886
2462000	-1.0000000000	0.0001000000	0.1000000000	10	100	0	0.797177
2463000	-1.0000000000	0.0001000000	0.1000000000	10	100	0	0.826712
2464000	-1.0000000000	0.0001000000	0.1000000000	10	100	0	0.830457
2465000	-1.0000000000	0.0001000000	0.1000000000	10	100	0	0.787259
2466000	-1.0000000000	0.0001000000	0.1000000000	10	100	0	0.825357
2467000	-1.0000000000	0.0001000000	0.1000000000	10	100	0	0.738129
2468000	-1.0000000000	0.0001000000	0.1000000000	10	100	0	0.810721
2469000	-1.0000000000	0.0001000000	0.1000000000	10	100	0	0.809990
2470000	-1.0000000000	0.0001000000	0.1000000000	10	100	0	0.821787
2471000	-1.0000000000	0.0001000000	0.1000000000	10	100	0	0.784975
2472000	-1.0000000000	0.0001000000	0.1000000000	10	100	0	0.809279
2473000	-1.0000000000	0.0001000000	0.1000000000	10	100	0	0.849383
2474000	-1.0000000000	0.0001000000	0.1000000000	10	100	0	0.858227
2475000	-1.0000000000	0.0001000000	0.1000000000	10	100	0	0.823957
2476000	-1.0000000000	0.0001000000	0.1000000000	10	100	0	0.783434
2477000	-1.0000000000	0.0001000000	0.1000000000	10	100	0	0.755097
2478000	-1.0000000000	0.0001000000	0.1000000000	10	100	0	0.737337
2479000	-1.0000000000	0.0001000000	0.1000000000	10	100	0	0.770170
2480000	-1.0000000000	0.0001000000	0.1000000000	10	100	0	0.812219
2481000	-1.0000000000	0.0001000000	0.1000000000	10	100	0	0.801788
2482000	-1.0000000000	0.0001000000	0.1000000000	10	100	0	0.801021
2483000	-1.0000000000	0.0001000000	0.1000000000	10	100	0	0.826147
2484000	-1.0000000000	0.0001000000	0.1000000000	10	100	0	0.820318
2485000	-1.0000000000	0.0001000000	0.1000000000	10	100	0	0.856792
2486000	-1.0000000000	0.0001000000	0.1000000000	10	100	0	0.775670
2487000	-1.0000000000	0.0001000000	0.1000000000	10	100	0	0.834735
2488000	-1.0000000000	0.0001000000	0.1000000000	10	100	0	0.781125
2489000	-1.0000000000	0.0001000000	0.1000000000	10	100	0	0.737337
2490000	-1.0000000000	0.0001000000	0.1000000000	10	100	0	0.747865
2491000	-1.0000000000	0.0001000000	0.1000000000	10	100	0	0.783434
2492000	-1.0000000000	0.0001000000	0.1000000000	10	100	0	0.791108
2493000	-1.0000000000	0.0001000000	0.1000000000	10	100	0	0.845258
2494000	-1.0000000000	0.0001000000	0.1000000000	10	100	0	0.838272
2495000	-1.0000000000	0.0001000000	0.1000000000	10	100	0	0.792559
2496000	-1.0000000000	0.0001000000	0.1000000000	10	100	0	0.823168
2497000	-1.0000000000	0.0001000000	0.1000000000	10	100	0	0.761411
2498000	-1.0000000000	0.0001000000	0.1000000000	10	100	0	0.793432
2499000	-1.0000000000	0.0001000000	0.1000000000	10	100	0	0.787316
2500000	-1.0000000000	0.0001000000	0.1000000000	10	100	0	0.814429
2501000	-1.0000000000	0.0001000000	0.1000000000	10	100	0	0.772510
2502000	-1.0000000000	0.0001000000	0.1000000000	10	100	0	0.854836
2503000	-1.0000000000	0.0001000000	0.1000000000	10	100	0	0.800281
2504000	-1.0000000000	0.0001000000	0.1000000000	10	100	0	0.795723
2505000	-1.0000000000	0.0001000000	0.1000000000	10	100	0	0.770795
2506000	-1.0000000000	0.0001000000	0.1000000000	10	100	0	0.869413
2507000	-1.0000000000	0.0001000000	0.1000000000	10	100	0	0.847332
2508000	-1.0000000000	0.0001000000	0.1000000000	10	100	0	0.797240
2509000	-1.0000000000	0.0001000000	0.1000000000	10	100	0	0.826147
2510000	-1.0000000000	0.0001000000	0.1000000000	10	100	0	0.730800
2511000	-1.0000000000	0.0001000000	0.1000000000	10	100	0	0.838938
2512000	-1.0000000000	0.0001000000	0.1000000000	10	100	0	0.841077
2513000	-1.0000000000	0.0001000000	0.1000000000	10	100	0	0.750282
2514000	-1.0000000000	0.0001000000	0.1000000000	10	100	0	0.743828
2515000	-1.0000000000	0.0001000000	0.1000000000	10	100	0	0.841743
2516000	-1.0000000000	0.0001000000	0.1000000000	10	100	0	0.803295
2517000	-1.0000000000	0.0001000000	0.1000000000	10	100	0	0.747852
2518000	-1.0000000000	0.0001000000	0.1000000000	10	100	0	0.825407
2519000	-1.0000000000	0.0001000000	0.1000000000	10	100	0	0.821057
2520000	-1.0000000000	0.0001000000	0.1000000000	10	100	0	0.774872
2521000	-1.0000000000	0.0001000000	0.1000000000	10	100	0	0.816677
2522000	-1.0000000000	0.0001000000	0.1000000000	10	100	0	0.820337
2523000	-1.0000000000	0.0001000000	0.1000000000	10	100	0	0.826137
2524000	-1.0000000000	0.0001000000	0.1000000000	10	100	0	0.838949
2525000	-1.0000000000	0.0001000000	0.1000000000	10	100	0	0.819587
2526000	-1.0000000000	0.0001000000	0.1000000000	10	100	0	0.845957
2527000	-1.0000000000	0.0001000000	0.1000000000	10	100	0	0.837551
2528000	-1.0000000000	0.0001000000	0.1000000000	10	100	0	0.827587
2529000	-1.0000000000	0.0001000000	0.1000000000	10	100	0	0.833305
2530000	-1.0000000000	0.0001000000	0.1000000000	10	100	0	0.756678
2531000	-1.0000000000	0.0001000000	0.1000000000	10	100	0	0.852762
2532000	-1.0000000000	0.0001000000	0.1000000000	10	100	0	0.833305
2533000	-1.0000000000	0.0001000000	0.1000000000	10	100	0	0.861185
2534000	-1.0000000000	0.0001000000	0.1000000000	10	100	0	0.825387
2535000	-1.0000000000	0.0001000000	0.1000000000	10	100	0	0.787308
2536000	-1.0000000000	0.0001000000	0.1000000000	10	100	0	0.800165
2537000	-1.0000000000	0.0001000000	0.1000000000	10	100	0	0.813708
2538000	-1.0000000000	0.0001000000	0.1000000000	10	100	0	0.797214
2539000	-1.0000000000	0.0001000000	0.1000000000	10	100	0	0.815937
2540000	-1.0000000000	0.0001000000	0.1000000000	10	100	0	0.853437
2541000	-1.0000000000	0.0001000000	0.1000000000	10	100	0	0.794965
2542000	-1.0000000000	0.0001000000	0.1000000000	10	100	0	0.818147
2543000	-1.0000000000	0.0001000000	0.1000000000	10	100	0	0.818108
2544000	-1.0000000000	0.0001000000	0.1000000000	10	100	0	0.765943
2545000	-1.0000000000	0.0001000000	0.1000000000	10	100	0	0.835434
2546000	-1.0000000000	0.0001000000	0.1000000000	10	100	0	0.801788
2547000	-1.0000000000	0.0001000000	0.1000000000	10	100	0	0.805496
2548000	-1.0000000000	0.0001000000	0.1000000000	10	100	0	0.827484
2549000	-1.0000000000	0.0001000000	0.1000000000	10	100	0	0.788066
2550000	-1.0000000000	0.0001000000	0.1000000000	10	100	0	0.823977
2551000	-1.0000000000	0.0001000000	0.1000000000	10	100	0	0.764633
2552000	-1.0000000000	0.0001000000	0.1000000000	10	100	0	0.836778
2553000	-1.0000000000	0.0001000000	0.1000000000	10	100	0	0.864729
2554000	-1.0000000000	0.0001000000	0.1000000000	10	100	0	0.864214
2555000	-1.0000000000	0.0001000000	0.1000000000	10	100	0	0.828307
2556000	-1.0000000000	0.0001000000	0.1000000000	10	100	0	0.765444
2557000	-1.0000000000	0.0001000000	0.1000000000	10	100	0	0.806282
2558000	-1.0000000000	0.0001000000	0.1000000000	10	100	0	0.804793
2559000	-1.0000000000	0.0001000000	0.1000000000	10	100	0	0.796463
2560000	-1.0000000000	0.0001000000	0.1000000000	10	100	0	0.817280
2561000	-1.0000000000	0.0001000000	0.1000000000	10	100	0	0.792683
2562000	-1.0000000000	0.0001000000	0.1000000000	10	100	0	0.756698
2563000	-1.0000000000	0.0001000000	0.1000000000	10	100	0	0.815947
2564000	-1.0000000000	0.0001000000	0.1000000000	10	100	0	0.788049
2565000	-1.0000000000	0.0001000000	0.1000000000	10	100	0	0.778785
2566000	-1.0000000000	0.0001000000	0.1000000000	10	100	0	0.752673
2567000	-1.0000000000	0.0001000000	0.1000000000	10	100	0	0.826137
2568000	-1.0000000000	0.0001000000	0.1000000000	10	100	0	0.822517
2569000	-1.0000000000	0.0001000000	0.1000000000	10	100	0	0.833252
2570000	-1.0000000000	0.0001000000	0.1000000000	10	100	0	0.735700
2571000	-1.0000000000	0.0001000000	0.1000000000	10	100	0	0.807041
2572000	-1.0000000000	0.0001000000	0.1000000000	10	100	0	0.820327
2573000	-1.0000000000	0.0001000000	0.1000000000	10	100	0	0.810758
2574000	-1.0000000000	0.0001000000	0.1000000000	10	100	0	0.769373
2575000	-1.0000000000	0.0001000000	0.1000000000	10	100	0	0.737337
2576000	-1.0000000000	0.0001000000	0.1000000000	10	100	0	0.839680
2577000	-1.0000000000	0.0001000000	0.1000000000	10	100	0	0.790374
2578000	-1.0000000000	0.0001000000	0.1000000000	10	100	0	0.773315
2579000	-1.0000000000	0.0001000000	0.1000000000	10	100	0	0.820297
2580000	-1.0000000000	0.0001000000	0.1000000000	10	100	0	0.807781
2581000	-1.0000000000	0.0001000000	0.1000000000	10	100	0	0.816657
2582000	-1.0000000000	0.0001000000	0.1000000000	10	100	0	0.762277
2583000	-1.0000000000	0.0001000000	0.1000000000	10	100	0	0.800985
2584000	-1.0000000000	0.0001000000	0.1000000000	10	100	0	0.847975
2585000	-1.0000000000	0.0001000000	0.1000000000	10	100	0	0.796473
2586000	-1.0000000000	0.0001000000	0.1000000000	10	100	0	0.792621
2587000	-1.0000000000	0.0001000000	0.1000000000	10	100	0	0.761466
2588000	-1.0000000000	0.0001000000	0.1000000000	10	100	0	0.812248
2589000	-1.0000000000	0.0001000000	0.1000000000	10	100	0	0.798756
2590000	-1.0000000000	0.0001000000	0.1000000000	10	100	0	0.820810
2591000	-1.0000000000	0.0001000000	0.1000000000	10	100	0	0.834015
2592000	-1.0000000000	0.0001000000	0.1000000000	10	100	0	0.799487
2593000	-1.0000000000	0.0001000000	0.1000000000	10	100	0	0.800272
2594000	-1.0000000000	0.0001000000	0.1000000000	10	100	0	0.803277
2595000	-1.0000000000	0.0001000000	0.1000000000	10	100	0	0.834735
2596000	-1.0000000000	0.0001000000	0.1000000000	10	100	0	0.854836
2597000	-1.0000000000	0.0001000000	0.1000000000	10	100	0	0.833666
2598000	-1.0000000000	0.0001000000	0.1000000000	10	100	0	0.834464
2599000	-1.0000000000	0.0001000000	0.1000000000	10	100	0	0.815207
2600000	-1.0000000000	0.0001000000	0.1000000000	10	100	0	0.912775
2601000	-1.0000000000	0.0001000000	0.1000000000	10	100	0	0.823247
2602000	-1.0000000000	0.0001000000	0.1000000000	10	100	0	0.777236
2603000	-1.0000000000	0.0001000000	0.1000000000	10	100	0	0.801030
2604000	-1.0000000000	0.0001000000	0.1000000000	10	100	0	0.781900
2605000	-1.0000000000	0.0001000000	0.1000000000	10	100	0	0.794956
2606000	-1.0000000000	0.0001000000	0.1000000000	10	100	0	0.814418
2607000	-1.0000000000	0.0001000000	0.1000000000	10	100	0	0.762277
2608000	-1.0000000000	0.0001000000	0.1000000000	10	100	0	0.828986
2609000	-1.0000000000	0.0001000000	0.1000000000	10	100	0	0.858902
2610000	-1.0000000000	0.0001000000	0.1000000000	10	100	0	0.796490
2611000	-1.0000000000	0.0001000000	0.1000000000	10	100	0	0.841765
2612000	-1.0000000000	0.0001000000	0.1000000000	10	100	0	0.786533
2613000	-1.0000000000	0.0001000000	0.1000000000	10	100	0	0.844526
2614000	-1.0000000000	0.0001000000	0.1000000000	10	100	0	0.730811
2615000	-1.0000000000	0.0001000000	0.1000000000	10	100	0	0.757488
2616000	-1.0000000000	0.0001000000	0.1000000000	10	100	0	0.756685
2617000	-1.0000000000	0.0001000000	0.1000000000	10	100	0	0.815918
2618000	-1.0000000000	0.0001000000	0.1000000000	10	100	0	0.784216
2619000	-1.0000000000	0.0001000000	0.1000000000	10	100	0	0.812159
2620000	-1.0000000000	0.0001000000	0.1000000000	10	100	0	0.746245
2621000	-1.0000000000	0.0001000000	0.1000000000	10	100	0	0.832330
2622000	-1.0000000000	0.0001000000	0.1000000000	10	100	0	0.804035
2623000	-1.0000000000	0.0001000000	0.1000000000	10	100	0	0.809288
2624000	-1.0000000000	0.0001000000	0.1000000000	10	100	0	0.804785
2625000	-1.0000000000	0.0001000000	0.1000000000	10	100	0	0.865541
2626000	-1.0000000000	0.0001000000	0.1000000000	10	100	0	0.794948
2627000	-1.0000000000	0.0001000000	0.1000000000	10	100	0	0.797980
2628000	-1.0000000000	0.0001000000	0.1000000000	10	100	0	0.820317
2629000	-1.0000000000	0.0001000000	0.1000000000	10	100	0	0.802546
2630000	-1.0000000000	0.0001000000	0.1000000000	10	100	0	0.900914
2631000	-1.0000000000	0.0001000000	0.1000000000	10	100	0	0.805543
2632000	-1.0000000000	0.0001000000	0.1000000000	10	100	0	0.751889
2633000	-1.0000000000	0.0001000000	0.1000000000	10	100	0	0.802483
2634000	-1.0000000000	0.0001000000	0.1000000000	10	100	0	0.810768
2635000	-1.0000000000	0.0001000000	0.1000000000	10	100	0	0.803295
2636000	-1.0000000000	0.0001000000	0.1000000000	10	100	0	0.804018
2637000	-1.0000000000	0.0001000000	0.1000000000	10	100	0	0.792683
2638000	-1.0000000000	0.0001000000	0.1000000000	10	100	0	0.806236
2639000	-1.0000000000	0.0001000000	0.1000000000	10	100	0	0.766234
2640000	-1.0000000000	0.0001000000	0.1000000000	10	100	0	0.778018
2641000	-1.0000000000	0.0001000000	0.1000000000	10	100	0	0.801003
2642000	-1.0000000000	0.0001000000	0.1000000000	10	100	0	0.843861
2643000	-1.0000000000	0.0001000000	0.1000000000	10	100	0	0.833316
2644000	-1.0000000000	0.0001000000	0.1000000000	10	100	0	0.840379
2645000	-1.0000000000	0.0001000000	0.1000000000	10	100	0	0.771742
2646000	-1.0000000000	0.0001000000	0.1000000000	10	100	0	0.848707
2647000	-1.0000000000	0.0001000000	0.1000000000	10	100	0	0.858097
2648000	-1.0000000000	0.0001000000	0.1000000000	10	100	0	0.842145
2649000	-1.0000000000	0.0001000000	0.1000000000	10	100	0	0.819607
2650000	-1.0000000000	0.0001000000	0.1000000000	10	100	0	0.825398
2651000	-1.0000000000	0.0001000000	0.1000000000	10	100	0	0.850059
2652000	-1.0000000000	0.0001000000	0.1000000000	10	100	0	0.776437
2653000	-1.0000000000	0.0001000000	0.1000000000	10	100	0	0.766974
2654000	-1.0000000000	0.0001000000	0.1000000000	10	100	0	0.818848
2655000	-1.0000000000	0.0001000000	0.1000000000	10	100	0	0.780343
2656000	-1.0000000000	0.0001000000	0.1000000000	10	100	0	0.819587
2657000	-1.0000000000	0.0001000000	0.1000000000	10	100	0	0.774105
2658000	-1.0000000000	0.0001000000	0.1000000000	10	100	0	0.847984
2659000	-1.0000000000	0.0001000000	0.1000000000	10	100	0	0.744631
2660000	-1.0000000000	0.0001000000	0.1000000000	10	100	0	0.861546
2661000	-1.0000000000	0.0001000000	0.1000000000	10	100	0	0.880924
2662000	-1.0000000000	0.0001000000	0.1000000000	10	100	0	0.741386
2663000	-1.0000000000	0.0001000000	0.1000000000	10	100	0	0.784048
2664000	-1.0000000000	0.0001000000	0.1000000000	10	100	0	0.866193
2665000	-1.0000000000	0.0001000000	0.1000000000	10	100	0	0.838163
2666000	-1.0000000000	0.0001000000	0.1000000000	10	100	0	0.823967
2667000	-1.0000000000	0.0001000000	0.1000000000	10	100	0	0.826867
2668000	-1.0000000000	0.0001000000	0.1000000000	10	100	0	0.756672
2669000	-1.0000000000	0.0001000000	0.1000000000	10	100	0	0.857551
2670000	-1.0000000000	0.0001000000	0.1000000000	10	100	0	0.823149
2671000	-1.0000000000	0.0001000000	0.1000000000	10	100	0	0.815927
2672000	-1.0000000000	0.0001000000	0.1000000000	10	100	0	0.734012
2673000	-1.0000000000	0.0001000000	0.1000000000	10	100	0	0.860870
2674000	-1.0000000000	0.0001000000	0.1000000000	10	100	0	0.822497
2675000	-1.0000000000	0.0001000000	0.1000000000	10	100	0	0.741392
2676000	-1.0000000000	0.0001000000	0.1000000000	10	100	0	0.816667
2677000	-1.0000000000	0.0001000000	0.1000000000	10	100	0	0.733253
2678000	-1.0000000000	0.0001000000	0.1000000000	10	100	0	0.803954
2679000	-1.0000000000	0.0001000000	0.1000000000	10	100	0	0.774865
2680000	-1.0000000000	0.0001000000	0.1000000000	10	100	0	0.864054
2681000	-1.0000000000	0.0001000000	0.1000000000	10	100	0	0.822507
2682000	-1.0000000000	0.0001000000	0.1000000000	10	100	0	0.770162
2683000	-1.0000000000	0.0001000000	0.1000000000	10	100	0	0.815927
2684000	-1.0000000000	0.0001000000	0.1000000000	10	100	0	0.815947
2685000	-1.0000000000	0.0001000000	0.1000000000	10	100	0	0.738821
2686000	-1.0000000000	0.0001000000	0.1000000000	10	100	0	0.767814
2687000	-1.0000000000	0.0001000000	0.1000000000	10	100	0	0.838218
2688000	-1.0000000000	0.0001000000	0.1000000000	10	100	0	0.867362
2689000	-1.0000000000	0.0001000000	0.1000000000	10	100	0	0.705189
2690000	-1.0000000000	0.0001000000	0.1000000000	10	100	0	0.793390
2691000	-1.0000000000	0.0001000000	0.1000000000	10	100	0	0.830467
2692000	-1.0000000000	0.0001000000	0.1000000000	10	100	0	0.810028
2693000	-1.0000000000	0.0001000000	0.1000000000	10	100	0	0.859554
2694000	-1.0000000000	0.0001000000	0.1000000000	10	100	0	0.825267
2695000	-1.0000000000	0.0001000000	0.1000000000	10	100	0	0.843872
2696000	-1.0000000000	0.0001000000	0.1000000000	10	100	0	0.842430
2697000	-1.0000000000	0.0001000000	0.1000000000	10	100	0	0.775557
2698000	-1.0000000000	0.0001000000	0.1000000000	10	100	0	0.767807
2699000	-1.0000000000	0.0001000000	0.1000000000	10	100	0	0.836099
2700000	-1.0000000000	0.0001000000	0.1000000000	10	100	0	0.778785
2701000	-1.0000000000	0.0001000000	0.1000000000	10	100	0	0.784975
2702000	-1.0000000000	0.0001000000	0.1000000000	10	100	0	0.802546
2703000	-1.0000000000	0.0001000000	0.1000000000	10	100	0	0.830467
2704000	-1.0000000000	0.0001000000	0.1000000000	10	100	0	0.765444
2705000	-1.0000000000	0.0001000000	0.1000000000	10	100	0	0.813727
2706000	-1.0000000000	0.0001000000	0.1000000000	10	100	0	0.802519
2707000	-1.0000000000	0.0001000000	0.1000000000	10	100	0	0.796403
2708000	-1.0000000000	0.0001000000	0.1000000000	10	100	0	0.773292
2709000	-1.0000000000	0.0001000000	0.1000000000	10	100	0	0.823237
2710000	-1.0000000000	0.0001000000	0.1000000000	10	100	0	0.770177
2711000	-1.0000000000	0.0001000000	0.1000000000	10	100	0	0.847332
2712000	-1.0000000000	0.0001000000	0.1000000000	10	100	0	0.796490
2713000	-1.0000000000	0.0001000000	0.1000000000	10	100	0	0.809260
2714000	-1.0000000000	0.0001000000	0.1000000000	10	100	0	0.827587
2715000	-1.0000000000	0.0001000000	0.1000000000	10	100	0	0.772525
2716000	-1.0000000000	0.0001000000	0.1000000000	10	100	0	0.804776
2717000	-1.0000000000	0.0001000000	0.1000000000	10	100	0	0.781869
2718000	-1.0000000000	0.0001000000	0.1000000000	10	100	0	0.880285
2719000	-1.0000000000	0.0001000000	0.1000000000	10	100	0	0.802492
2720000	-1.0000000000	0.0001000000	0.1000000000	10	100	0	0.775647
2721000	-1.0000000000	0.0001000000	0.1000000000	10	100	0	0.870064
2722000	-1.0000000000	0.0001000000	0.1000000000	10	100	0	0.766227
2723000	-1.0000000000	0.0001000000	0.1000000000	10	100	0	0.817397
2724000	-1.0000000000	0.0001000000	0.1000000000	10	100	0	0.824707
2725000	-1.0000000000	0.0001000000	0.1000000000	10	100	0	0.803286
2726000	-1.0000000000	0.0001000000	0.1000000000	10	100	0	0.838981
2727000	-1.0000000000	0.0001000000	0.1000000000	10	100	0	0.791132
2728000	-1.0000000000	0.0001000000	0.1000000000	10	100	0	0.793432
2729000	-1.0000000000	0.0001000000	0.1000000000	10	100	0	0.820265
2730000	-1.0000000000	0.0001000000	0.1000000000	10	100	0	0.800281
2731000	-1.0000000000	0.0001000000	0.1000000000	10	100	0	0.793441
2732000	-1.0000000000	0.0001000000	0.1000000000	10	100	0	0.829716
2733000	-1.0000000000	0.0001000000	0.1000000000	10	100	0	0.770184
2734000	-1.0000000000	0.0001000000	0.1000000000	10	100	0	0.749433
2735000	-1.0000000000	0.0001000000	0.1000000000	10	100	0	0.754294
2736000	-1.0000000000	0.0001000000	0.1000000000	10	100	0	0.775662
2737000	-1.0000000000	0.0001000000	0.1000000000	10	100	0	0.835359
2738000	-1.0000000000	0.0001000000	0.1000000000	10	100	0	0.847996
2739000	-1.0000000000	0.0001000000	0.1000000000	10	100	0	0.848707
2740000	-1.0000000000	0.0001000000	0.1000000000	10	100	0	0.776429
2741000	-1.0000000000	0.0001000000	0.1000000000	10	100	0	0.722584
2742000	-1.0000000000	0.0001000000	0.1000000000	10	100	0	0.810740
2743000	-1.0000000000	0.0001000000	0.1000000000	10	100	0	0.737320
2744000	-1.0000000000	0.0001000000	0.1000000000	10	100	0	0.725884
2745000	-1.0000000000	0.0001000000	0.1000000000	10	100	0	0.835391
2746000	-1.0000000000	0.0001000000	0.1000000000	10	100	0	0.758285
2747000	-1.0000000000	0.0001000000	0.1000000000	10	100	0	0.823987
2748000	-1.0000000000	0.0001000000	0.1000000000	10	100	0	0.798756
2749000	-1.0000000000	0.0001000000	0.1000000000	10	100	0	0.812248
2750000	-1.0000000000	0.0001000000	0.1000000000	10	100	0	0.747865
2751000	-1.0000000000	0.0001000000	0.1000000000	10	100	0	0.761473
2752000	-1.0000000000	0.0001000000	0.1000000000	10	100	0	0.773216
2753000	-1.0000000000	0.0001000000	0.1000000000	10	100	0	0.872671
2754000	-1.0000000000	0.0001000000	0.1000000000	10	100	0	0.843872
2755000	-1.0000000000	0.0001000000	0.1000000000	10	100	0	0.795645
2756000	-1.0000000000	0.0001000000	0.1000000000	10	100	0	0.850081
2757000	-1.0000000000	0.0001000000	0.1000000000	10	100	0	0.762270
2758000	-1.0000000000	0.0001000000	0.1000000000	10	100	0	0.789566
2759000	-1.0000000000	0.0001000000	0.1000000000	10	100	0	0.845269
2760000	-1.0000000000	0.0001000000	0.1000000000	10	100	0	0.836154
2761000	-1.0000000000	0.0001000000	0.1000000000	10	100	0	0.852774
2762000	-1.0000000000	0.0001000000	0.1000000000	10	100	0	0.780305
2763000	-1.0000000000	0.0001000000	0.1000000000	10	100	0	0.767772
2764000	-1.0000000000	0.0001000000	0.1000000000	10	100	0	0.879073
2765000	-1.0000000000	0.0001000000	0.1000000000	10	100	0	0.782642
2766000	-1.0000000000	0.0001000000	0.1000000000	10	100	0	0.718450
2767000	-1.0000000000	0.0001000000	0.1000000000	10	100	0	0.792665
2768000	-1.0000000000	0.0001000000	0.1000000000	10	100	0	0.808493
2769000	-1.0000000000	0.0001000000	0.1000000000	10	100	0	0.732437
2770000	-1.0000000000	0.0001000000	0.1000000000	10	100	0	0.782651
2771000	-1.0000000000	0.0001000000	0.1000000000	10	100	0	0.841765
2772000	-1.0000000000	0.0001000000	0.1000000000	10	100	0	0.847309
2773000	-1.0000000000	0.0001000000	0.1000000000	10	100	0	0.783426
2774000	-1.0000000000	0.0001000000	0.1000000000	10	100	0	0.746239
2775000	-1.0000000000	0.0001000000	0.1000000000	10	100	0	0.847320
2776000	-1.0000000000	0.0001000000	0.1000000000	10	100	0	0.807700
2777000	-1.0000000000	0.0001000000	0.1000000000	10	100	0	0.807736
2778000	-1.0000000000	0.0001000000	0.1000000000	10	100	0	0.850769
2779000	-1.0000000000	0.0001000000	0.1000000000	10	100	0	0.798617
2780000	-1.0000000000	0.0001000000	0.1000000000	10	100	0	0.759075
2781000	-1.0000000000	0.0001000000	0.1000000000	10	100	0	0.819489
2782000	-1.0000000000	0.0001000000	0.1000000000	10	100	0	0.812200
2783000	-1.0000000000	0.0001000000	0.1000000000	10	100	0	0.812096
2784000	-1.0000000000	0.0001000000	0.1000000000	10	100	0	0.791866
2785000	-1.0000000000	0.0001000000	0.1000000000	10	100	0	0.779560
2786000	-1.0000000000	0.0001000000	0.1000000000	10	100	0	0.810019
2787000	-1.0000000000	0.0001000000	0.1000000000	10	100	0	0.818147
2788000	-1.0000000000	0.0001000000	0.1000000000	10	100	0	0.814467
2789000	-1.0000000000	0.0001000000	0.1000000000	10	100	0	0.783450
2790000	-1.0000000000	0.0001000000	0.1000000000	10	100	0	0.821787
2791000	-1.0000000000	0.0001000000	0.1000000000	10	100	0	0.781117
2792000	-1.0000000000	0.0001000000	0.1000000000	10	100	0	0.735660
2793000	-1.0000000000	0.0001000000	0.1000000000	10	100	0	0.804035
2794000	-1.0000000000	0.0001000000	0.1000000000	10	100	0	0.828138
2795000	-1.0000000000	0.0001000000	0.1000000000	10	100	0	0.815859
2796000	-1.0000000000	0.0001000000	0.1000000000	10	100	0	0.806219
2797000	-1.0000000000	0.0001000000	0.1000000000	10	100	0	0.878447
2798000	-1.0000000000	0.0001000000	0.1000000000	10	100	0	0.804776
2799000	-1.0000000000	0.0001000000	0.1000000000	10	100	0	0.837530
2800000	-1.0000000000	0.0001000000	0.1000000000	10	100	0	0.807013
2801000	-1.0000000000	0.0001000000	0.1000000000	10	100	0	0.812238
2802000	-1.0000000000	0.0001000000	0.1000000000	10	100	0	0.817407
2803000	-1.0000000000	0.0001000000	0.1000000000	10	100	0	0.809203
2804000	-1.0000000000	0.0001000000	0.1000000000	10	100	0	0.809288
2805000	-1.0000000000	0.0001000000	0.1000000000	10	100	0	0.794965
2806000	-1.0000000000	0.0001000000	0.1000000000	10	100	0	0.849394
2807000	-1.0000000000	0.0001000000	0.1000000000	10	100	0	0.808418
2808000	-1.0000000000	0.0001000000	0.1000000000	10	100	0	0.752687
2809000	-1.0000000000	0.0001000000	0.1000000000	10	100	0	0.745441
2810000	-1.0000000000	0.0001000000	0.1000000000	10	100	0	0.752674
2811000	-1.0000000000	0.0001000000	0.1000000000	10	100	0	0.833305
2812000	-1.0000000000	0.0001000000	0.1000000000	10	100	0	0.867496
2813000	-1.0000000000	0.0001000000	0.1000000000	10	100	0	0.814457
2814000	-1.0000000000	0.0001000000	0.1000000000	10	100	0	0.836154
2815000	-1.0000000000	0.0001000000	0.1000000000	10	100	0	0.770162
2816000	-1.0000000000	0.0001000000	0.1000000000	10	100	0	0.720101
2817000	-1.0000000000	0.0001000000	0.1000000000	10	100	0	0.703505
2818000	-1.0000000000	0.0001000000	0.1000000000	10	100	0	0.790315
2819000	-1.0000000000	0.0001000000	0.1000000000	10	100	0	0.832585
2820000	-1.0000000000	0.0001000000	0.1000000000	10	100	0	0.785766
2821000	-1.0000000000	0.0001000000	0.1000000000	10	100	0	0.822507
2822000	-1.0000000000	0.0001000000	0.1000000000	10	100	0	0.805506
2823000	-1.0000000000	0.0001000000	0.1000000000	10	100	0	0.812914
2824000	-1.0000000000	0.0001000000	0.1000000000	10	100	0	0.845236
2825000	-1.0000000000	0.0001000000	0.1000000000	10	100	0	0.785774
2826000	-1.0000000000	0.0001000000	0.1000000000	10	100	0	0.697676
2827000	-1.0000000000	0.0001000000	0.1000000000	10	100	0	0.751086
2828000	-1.0000000000	0.0001000000	0.1000000000	10	100	0	0.837562
2829000	-1.0000000000	0.0001000000	0.1000000000	10	100	0	0.783442
2830000	-1.0000000000	0.0001000000	0.1000000000	10	100	0	0.877156
2831000	-1.0000000000	0.0001000000	0.1000000000	10	100	0	0.819597
2832000	-1.0000000000	0.0001000000	0.1000000000	10	100	0	0.800281
2833000	-1.0000000000	0.0001000000	0.1000000000	10	100	0	0.781876
2834000	-1.0000000000	0.0001000000	0.1000000000	10	100	0	0.816677
2835000	-1.0000000000	0.0001000000	0.1000000000	10	100	0	0.816686
2836000	-1.0000000000	0.0001000000	0.1000000000	10	100	0	0.800985
2837000	-1.0000000000	0.0001000000	0.1000000000	10	100	0	0.826076
2838000	-1.0000000000	0.0001000000	0.1000000000	10	100	0	0.715956
2839000	-1.0000000000	0.0001000000	0.1000000000	10	100	0	0.714333
2840000	-1.0000000000	0.0001000000	0.1000000000	10	100	0	0.793432
2841000	-1.0000000000	0.0001000000	0.1000000000	10	100	0	0.785774
2842000	-1.0000000000	0.0001000000	0.1000000000	10	100	0	0.807744
2843000	-1.0000000000	0.0001000000	0.1000000000	10	100	0	0.811498
2844000	-1.0000000000	0.0001000000	0.1000000000	10	100	0	0.818029
2845000	-1.0000000000	0.0001000000	0.1000000000	10	100	0	0.821787
2846000	-1.0000000000	0.0001000000	0.1000000000	10	100	0	0.893213
2847000	-1.0000000000	0.0001000000	0.1000000000	10	100	0	0.793441
2848000	-1.0000000000	0.0001000000	0.1000000000	10	100	0	0.815918
2849000	-1.0000000000	0.0001000000	0.1000000000	10	100	0	0.852820
2850000	-1.0000000000	0.0001000000	0.1000000000	10	100	0	0.866845
2851000	-1.0000000000	0.0001000000	0.1000000000	10	100	0	0.797222
2852000	-1.0000000000	0.0001000000	0.1000000000	10	100	0	0.737337
2853000	-1.0000000000	0.0001000000	0.1000000000	10	100	0	0.781032
2854000	-1.0000000000	0.0001000000	0.1000000000	10	100	0	0.810028
2855000	-1.0000000000	0.0001000000	0.1000000000	10	100	0	0.826127
2856000	-1.0000000000	0.0001000000	0.1000000000	10	100	0	0.797962
2857000	-1.0000000000	0.0001000000	0.1000000000	10	100	0	0.843872
2858000	-1.0000000000	0.0001000000	0.1000000000	10	100	0	0.893227
2859000	-1.0000000000	0.0001000000	0.1000000000	10	100	0	0.872632
2860000	-1.0000000000	0.0001000000	0.1000000000	10	100	0	0.819597
2861000	-1.0000000000	0.0001000000	0.1000000000	10	100	0	0.847332
2862000	-1.0000000000	0.0001000000	0.1000000000	10	100	0	0.810759
2863000	-1.0000000000	0.0001000000	0.1000000000	10	100	0	0.778785
2864000	-1.0000000000	0.0001000000	0.1000000000	10	100	0	0.796482
2865000	-1.0000000000	0.0001000000	0.1000000000	10	100	0	0.753464
2866000	-1.0000000000	0.0001000000	0.1000000000	10	100	0	0.778010
2867000	-1.0000000000	0.0001000000	0.1000000000	10	100	0	0.711835
2868000	-1.0000000000	0.0001000000	0.1000000000	10	100	0	0.794922
2869000	-1.0000000000	0.0001000000	0.1000000000	10	100	0	0.800281
2870000	-1.0000000000	0.0001000000	0.1000000000	10	100	0	0.835413
2871000	-1.0000000000	0.0001000000	0.1000000000	10	100	0	0.803295
2872000	-1.0000000000	0.0001000000	0.1000000000	10	100	0	0.757350
2873000	-1.0000000000	0.0001000000	0.1000000000	10	100	0	0.783394
2874000	-1.0000000000	0.0001000000	0.1000000000	10	100	0	0.793449
2875000	-1.0000000000	0.0001000000	0.1000000000	10	100	0	0.729169
2876000	-1.0000000000	0.0001000000	0.1000000000	10	100	0	0.823227
2877000	-1.0000000000	0.0001000000	0.1000000000	10	100	0	0.829017
2878000	-1.0000000000	0.0001000000	0.1000000000	10	100	0	0.750276
2879000	-1.0000000000	0.0001000000	0.1000000000	10	100	0	0.732437
2880000	-1.0000000000	0.0001000000	0.1000000000	10	100	0	0.768604
2881000	-1.0000000000	0.0001000000	0.1000000000	10	100	0	0.834005
2882000	-1.0000000000	0.0001000000	0.1000000000	10	100	0	0.873310
2883000	-1.0000000000	0.0001000000	0.1000000000	10	100	0	0.812987
2884000	-1.0000000000	0.0001000000	0.1000000000	10	100	0	0.825407
2885000	-1.0000000000	0.0001000000	0.1000000000	10	100	0	0.841776
2886000	-1.0000000000	0.0001000000	0.1000000000	10	100	0	0.864816
2887000	-1.0000000000	0.0001000000	0.1000000000	10	100	0	0.834725
2888000	-1.0000000000	0.0001000000	0.1000000000	10	100	0	0.812190
2889000	-1.0000000000	0.0001000000	0.1000000000	10	100	0	0.788083
2890000	-1.0000000000	0.0001000000	0.1000000000	10	100	0	0.854824
2891000	-1.0000000000	0.0001000000	0.1000000000	10	100	0	0.808530
2892000	-1.0000000000	0.0001000000	0.1000000000	10	100	0	0.856199
2893000	-1.0000000000	0.0001000000	0.1000000000	10	100	0	0.867471
2894000	-1.0000000000	0.0001000000	0.1000000000	10	100	0	0.824697
2895000	-1.0000000000	0.0001000000	0.1000000000	10	100	0	0.792674
2896000	-1.0000000000	0.0001000000	0.1000000000	10	100	0	0.829027
2897000	-1.0000000000	0.0001000000	0.1000000000	10	100	0	0.801039
2898000	-1.0000000000	0.0001000000	0.1000000000	10	100	0	0.852109
2899000	-1.0000000000	0.0001000000	0.1000000000	10	100	0	0.785758
2900000	-1.0000000000	0.0001000000	0.1000000000	10	100	0	0.828297
2901000	-1.0000000000	0.0001000000	0.1000000000	10	100	0	0.845889
2902000	-1.0000000000	0.0001000000	0.1000000000	10	100	0	0.765444
2903000	-1.0000000000	0.0001000000	0.1000000000	10	100	0	0.807032
2904000	-1.0000000000	0.0001000000	0.1000000000	10	100	0	0.848641
2905000	-1.0000000000	0.0001000000	0.1000000000	10	100	0	0.793397
2906000	-1.0000000000	0.0001000000	0.1000000000	10	100	0	0.775670
2907000	-1.0000000000	0.0001000000	0.1000000000	10	100	0	0.836110
2908000	-1.0000000000	0.0001000000	0.1000000000	10	100	0	0.836822
2909000	-1.0000000000	0.0001000000	0.1000000000	10	100	0	0.818137
2910000	-1.0000000000	0.0001000000	0.1000000000	10	100	0	0.800281
2911000	-1.0000000000	0.0001000000	0.1000000000	10	100	0	0.794216
2912000	-1.0000000000	0.0001000000	0.1000000000	10	100	0	0.807772
2913000	-1.0000000000	0.0001000000	0.1000000000	10	100	0	0.818857
2914000	-1.0000000000	0.0001000000	0.1000000000	10	100	0	0.792683
2915000	-1.0000000000	0.0001000000	0.1000000000	10	100	0	0.845923
2916000	-1.0000000000	0.0001000000	0.1000000000	10	100	0	0.715980
2917000	-1.0000000000	0.0001000000	0.1000000000	10	100	0	0.751066
2918000	-1.0000000000	0.0001000000	0.1000000000	10	100	0	0.807032
2919000	-1.0000000000	0.0001000000	0.1000000000	10	100	0	0.804758
2920000	-1.0000000000	0.0001000000	0.1000000000	10	100	0	0.807781
2921000	-1.0000000000	0.0001000000	0.1000000000	10	100	0	0.750282
2922000	-1.0000000000	0.0001000000	0.1000000000	10	100	0	0.781102
2923000	-1.0000000000	0.0001000000	0.1000000000	10	100	0	0.848008
2924000	-1.0000000000	0.0001000000	0.1000000000	10	100	0	0.788833
2925000	-1.0000000000	0.0001000000	0.1000000000	10	100	0	0.734890
2926000	-1.0000000000	0.0001000000	0.1000000000	10	100	0	0.788033
2927000	-1.0000000000	0.0001000000	0.1000000000	10	100	0	0.827577
2928000	-1.0000000000	0.0001000000	0.1000000000	10	100	0	0.863538
2929000	-1.0000000000	0.0001000000	0.1000000000	10	100	0	0.874600
2930000	-1.0000000000	0.0001000000	0.1000000000	10	100	0	0.786524
2931000	-1.0000000000	0.0001000000	0.1000000000	10	100	0	0.840288
2932000	-1.0000000000	0.0001000000	0.1000000000	10	100	0	0.826088
2933000	-1.0000000000	0.0001000000	0.1000000000	10	100	0	0.849371
2934000	-1.0000000000	0.0001000000	0.1000000000	10	100	0	0.866725
2935000	-1.0000000000	0.0001000000	0.1000000000	10	100	0	0.809279
2936000	-1.0000000000	0.0001000000	0.1000000000	10	100	0	0.845235
2937000	-1.0000000000	0.0001000000	0.1000000000	10	100	0	0.836864
2938000	-1.0000000000	0.0001000000	0.1000000000	10	100	0	0.804793
2939000	-1.0000000000	0.0001000000	0.1000000000	10	100	0	0.801770
2940000	-1.0000000000	0.0001000000	0.1000000000	10	100	0	0.830467
2941000	-1.0000000000	0.0001000000	0.1000000000	10	100	0	0.847962
2942000	-1.0000000000	0.0001000000	0.1000000000	10	100	0	0.850012
2943000	-1.0000000000	0.0001000000	0.1000000000	10	100	0	0.808539
2944000	-1.0000000000	0.0001000000	0.1000000000	10	100	0	0.789599
2945000	-1.0000000000	0.0001000000	0.1000000000	10	100	0	0.852785
2946000	-1.0000000000	0.0001000000	0.1000000000	10	100	0	0.780327
2947000	-1.0000000000	0.0001000000	0.1000000000	10	100	0	0.781860
2948000	-1.0000000000	0.0001000000	0.1000000000	10	100	0	0.864201
2949000	-1.0000000000	0.0001000000	0.1000000000	10	100	0	0.765444
2950000	-1.0000000000	0.0001000000	0.1000000000	10	100	0	0.797248
2951000	-1.0000000000	0.0001000000	0.1000000000	10	100	0	0.776453
2952000	-1.0000000000	0.0001000000	0.1000000000	10	100	0	0.811498
2953000	-1.0000000000	0.0001000000	0.1000000000	10	100	0	0.862222
2954000	-1.0000000000	0.0001000000	0.1000000000	10	100	0	0.786549
2955000	-1.0000000000	0.0001000000	0.1000000000	10	100	0	0.796455
2956000	-1.0000000000	0.0001000000	0.1000000000	10	100	0	0.784209
2957000	-1.0000000000	0.0001000000	0.1000000000	10	100	0	0.857410
2958000	-1.0000000000	0.0001000000	0.1000000000	10	100	0	0.746245
2959000	-1.0000000000	0.0001000000	0.1000000000	10	100	0	0.806265
2960000	-1.0000000000	0.0001000000	0.1000000000	10	100	0	0.855499
2961000	-1.0000000000	0.0001000000	0.1000000000	10	100	0	0.875878
2962000	-1.0000000000	0.0001000000	0.1000000000	10	100	0	0.797231
2963000	-1.0000000000	0.0001000000	0.1000000000	10	100	0	0.811461
2964000	-1.0000000000	0.0001000000	0.1000000000	10	100	0	0.745370
2965000	-1.0000000000	0.0001000000	0.1000000000	10	100	0	0.816648
2966000	-1.0000000000	0.0001000000	0.1000000000	10	100	0	0.813630
2967000	-1.0000000000	0.0001000000	0.1000000000	10	100	0	0.830436
2968000	-1.0000000000	0.0001000000	0.1000000000	10	100	0	0.791891
2969000	-1.0000000000	0.0001000000	0.1000000000	10	100	0	0.761480
2970000	-1.0000000000	0.0001000000	0.1000000000	10	100	0	0.798738
2971000	-1.0000000000	0.0001000000	0.1000000000	10	100	0	0.818041
2972000	-1.0000000000	0.0001000000	0.1000000000	10	100	0	0.788799
2973000	-1.0000000000	0.0001000000	0.1000000000	10	100	0	0.787233
2974000	-1.0000000000	0.0001000000	0.1000000000	10	100	0	0.818877
2975000	-1.0000000000	0.0001000000	0.1000000000	10	100	0	0.834005
2976000	-1.0000000000	0.0001000000	0.1000000000	10	100	0	0.753470
2977000	-1.0000000000	0.0001000000	0.1000000000	10	100	0	0.776445
2978000	-1.0000000000	0.0001000000	0.1000000000	10	100	0	0.770974
2979000	-1.0000000000	0.0001000000	0.1000000000	10	100	0	0.821797
2980000	-1.0000000000	0.0001000000	0.1000000000	10	100	0	0.861558
2981000	-1.0000000000	0.0001000000	0.1000000000	10	100	0	0.807041
2982000	-1.0000000000	0.0001000000	0.1000000000	10	100	0	0.847320
2983000	-1.0000000000	0.0001000000	0.1000000000	10	100	0	0.770184
2984000	-1.0000000000	0.0001000000	0.1000000000	10	100	0	0.796446
2985000	-1.0000000000	0.0001000000	0.1000000000	10	100	0	0.857551
2986000	-1.0000000000	0.0001000000	0.1000000000	10	100	0	0.831762
2987000	-1.0000000000	0.0001000000	0.1000000000	10	100	0	0.801779
2988000	-1.0000000000	0.0001000000	0.1000000000	10	100	0	0.816677
2989000	-1.0000000000	0.0001000000	0.1000000000	10	100	0	0.836132
2990000	-1.0000000000	0.0001000000	0.1000000000	10	100	0	0.827587
2991000	-1.0000000000	0.0001000000	0.1000000000	10	100	0	0.846633
2992000	-1.0000000000	0.0001000000	0.1000000000	10	100	0	0.852796
2993000	-1.0000000000	0.0001000000	0.1000000000	10	100	0	0.818867
2994000	-1.0000000000	0.0001000000	0.1000000000	10	100	0	0.807790
2995000	-1.0000000000	0.0001000000	0.1000000000	10	100	0	0.848019
2996000	-1.0000000000	0.0001000000	0.1000000000	10	100	0	0.861546
2997000	-1.0000000000	0.0001000000	0.1000000000	10	100	0	0.797919
2998000	-1.0000000000	0.0001000000	0.1000000000	10	100	0	0.823247
2999000	-1.0000000000	0.0001000000	0.1000000000	10	100	0	0.859518
3000000	-1.0000000000	0.0001000000	0.1000000000	10	100	0	0.800281
