time	epistasis_coef	sel_coef	mu_prob	Ne	L	k_start	mean_fitness
2000000	0.6000000000	0.0010000000	0.0100000000	10	100	0	0.995237
2001000	0.6000000000	0.0010000000	0.0100000000	10	100	0	0.995143
2002000	0.6000000000	0.0010000000	0.0100000000	10	100	0	0.995268
2003000	0.6000000000	0.0010000000	0.0100000000	10	100	0	0.995207
2004000	0.6000000000	0.0010000000	0.0100000000	10	100	0	0.995099
2005000	0.6000000000	0.0010000000	0.0100000000	10	100	0	0.995207
2006000	0.6000000000	0.0010000000	0.0100000000	10	100	0	0.995188
2007000	0.6000000000	0.0010000000	0.0100000000	10	100	0	0.995315
2008000	0.6000000000	0.0010000000	0.0100000000	10	100	0	0.995358
2009000	0.6000000000	0.0010000000	0.0100000000	10	100	0	0.995307
2010000	0.6000000000	0.0010000000	0.0100000000	10	100	0	0.995382
2011000	0.6000000000	0.0010000000	0.0100000000	10	100	0	0.995272
2012000	0.6000000000	0.0010000000	0.0100000000	10	100	0	0.995230
2013000	0.6000000000	0.0010000000	0.0100000000	10	100	0	0.995081
2014000	0.6000000000	0.0010000000	0.0100000000	10	100	0	0.995117
2015000	0.6000000000	0.0010000000	0.0100000000	10	100	0	0.995048
2016000	0.6000000000	0.0010000000	0.0100000000	10	100	0	0.995121
2017000	0.6000000000	0.0010000000	0.0100000000	10	100	0	0.994974
2018000	0.6000000000	0.0010000000	0.0100000000	10	100	0	0.995052
2019000	0.6000000000	0.0010000000	0.0100000000	10	100	0	0.995230
2020000	0.6000000000	0.0010000000	0.0100000000	10	100	0	0.995268
2021000	0.6000000000	0.0010000000	0.0100000000	10	100	0	0.995386
2022000	0.6000000000	0.0010000000	0.0100000000	10	100	0	0.995467
2023000	0.6000000000	0.0010000000	0.0100000000	10	100	0	0.995346
2024000	0.6000000000	0.0010000000	0.0100000000	10	100	0	0.995268
2025000	0.6000000000	0.0010000000	0.0100000000	10	100	0	0.995307
2026000	0.6000000000	0.0010000000	0.0100000000	10	100	0	0.995272
2027000	0.6000000000	0.0010000000	0.0100000000	10	100	0	0.995268
2028000	0.6000000000	0.0010000000	0.0100000000	10	100	0	0.995418
2029000	0.6000000000	0.0010000000	0.0100000000	10	100	0	0.995346
2030000	0.6000000000	0.0010000000	0.0100000000	10	100	0	0.995253
2031000	0.6000000000	0.0010000000	0.0100000000	10	100	0	0.995346
2032000	0.6000000000	0.0010000000	0.0100000000	10	100	0	0.995394
2033000	0.6000000000	0.0010000000	0.0100000000	10	100	0	0.995346
2034000	0.6000000000	0.0010000000	0.0100000000	10	100	0	0.995402
2035000	0.6000000000	0.0010000000	0.0100000000	10	100	0	0.995378
2036000	0.6000000000	0.0010000000	0.0100000000	10	100	0	0.995426
2037000	0.6000000000	0.0010000000	0.0100000000	10	100	0	0.995386
2038000	0.6000000000	0.0010000000	0.0100000000	10	100	0	0.995426
2039000	0.6000000000	0.0010000000	0.0100000000	10	100	0	0.995426
2040000	0.6000000000	0.0010000000	0.0100000000	10	100	0	0.995426
2041000	0.6000000000	0.0010000000	0.0100000000	10	100	0	0.995463
2042000	0.6000000000	0.0010000000	0.0100000000	10	100	0	0.995593
2043000	0.6000000000	0.0010000000	0.0100000000	10	100	0	0.995606
2044000	0.6000000000	0.0010000000	0.0100000000	10	100	0	0.995500
2045000	0.6000000000	0.0010000000	0.0100000000	10	100	0	0.995593
2046000	0.6000000000	0.0010000000	0.0100000000	10	100	0	0.995593
2047000	0.6000000000	0.0010000000	0.0100000000	10	100	0	0.995508
2048000	0.6000000000	0.0010000000	0.0100000000	10	100	0	0.995426
2049000	0.6000000000	0.0010000000	0.0100000000	10	100	0	0.995414
2050000	0.6000000000	0.0010000000	0.0100000000	10	100	0	0.995303
2051000	0.6000000000	0.0010000000	0.0100000000	10	100	0	0.995192
2052000	0.6000000000	0.0010000000	0.0100000000	10	100	0	0.995390
2053000	0.6000000000	0.0010000000	0.0100000000	10	100	0	0.995342
2054000	0.6000000000	0.0010000000	0.0100000000	10	100	0	0.995550
2055000	0.6000000000	0.0010000000	0.0100000000	10	100	0	0.995488
2056000	0.6000000000	0.0010000000	0.0100000000	10	100	0	0.995593
2057000	0.6000000000	0.0010000000	0.0100000000	10	100	0	0.995410
2058000	0.6000000000	0.0010000000	0.0100000000	10	100	0	0.995430
2059000	0.6000000000	0.0010000000	0.0100000000	10	100	0	0.995467
2060000	0.6000000000	0.0010000000	0.0100000000	10	100	0	0.995410
2061000	0.6000000000	0.0010000000	0.0100000000	10	100	0	0.995504
2062000	0.6000000000	0.0010000000	0.0100000000	10	100	0	0.995299
2063000	0.6000000000	0.0010000000	0.0100000000	10	100	0	0.995268
2064000	0.6000000000	0.0010000000	0.0100000000	10	100	0	0.995446
2065000	0.6000000000	0.0010000000	0.0100000000	10	100	0	0.995307
2066000	0.6000000000	0.0010000000	0.0100000000	10	100	0	0.995230
2067000	0.6000000000	0.0010000000	0.0100000000	10	100	0	0.995386
2068000	0.6000000000	0.0010000000	0.0100000000	10	100	0	0.995346
2069000	0.6000000000	0.0010000000	0.0100000000	10	100	0	0.995350
2070000	0.6000000000	0.0010000000	0.0100000000	10	100	0	0.995154
2071000	0.6000000000	0.0010000000	0.0100000000	10	100	0	0.995307
2072000	0.6000000000	0.0010000000	0.0100000000	10	100	0	0.995192
2073000	0.6000000000	0.0010000000	0.0100000000	10	100	0	0.995346
2074000	0.6000000000	0.0010000000	0.0100000000	10	100	0	0.995307
2075000	0.6000000000	0.0010000000	0.0100000000	10	100	0	0.995374
2076000	0.6000000000	0.0010000000	0.0100000000	10	100	0	0.995386
2077000	0.6000000000	0.0010000000	0.0100000000	10	100	0	0.995230
2078000	0.6000000000	0.0010000000	0.0100000000	10	100	0	0.995192
2079000	0.6000000000	0.0010000000	0.0100000000	10	100	0	0.995226
2080000	0.6000000000	0.0010000000	0.0100000000	10	100	0	0.995358
2081000	0.6000000000	0.0010000000	0.0100000000	10	100	0	0.995550
2082000	0.6000000000	0.0010000000	0.0100000000	10	100	0	0.995538
2083000	0.6000000000	0.0010000000	0.0100000000	10	100	0	0.995386
2084000	0.6000000000	0.0010000000	0.0100000000	10	100	0	0.995326
2085000	0.6000000000	0.0010000000	0.0100000000	10	100	0	0.995117
2086000	0.6000000000	0.0010000000	0.0100000000	10	100	0	0.995264
2087000	0.6000000000	0.0010000000	0.0100000000	10	100	0	0.995154
2088000	0.6000000000	0.0010000000	0.0100000000	10	100	0	0.995081
2089000	0.6000000000	0.0010000000	0.0100000000	10	100	0	0.994974
2090000	0.6000000000	0.0010000000	0.0100000000	10	100	0	0.994836
2091000	0.6000000000	0.0010000000	0.0100000000	10	100	0	0.994802
2092000	0.6000000000	0.0010000000	0.0100000000	10	100	0	0.994877
2093000	0.6000000000	0.0010000000	0.0100000000	10	100	0	0.994974
2094000	0.6000000000	0.0010000000	0.0100000000	10	100	0	0.994870
2095000	0.6000000000	0.0010000000	0.0100000000	10	100	0	0.994974
2096000	0.6000000000	0.0010000000	0.0100000000	10	100	0	0.995009
2097000	0.6000000000	0.0010000000	0.0100000000	10	100	0	0.995081
2098000	0.6000000000	0.0010000000	0.0100000000	10	100	0	0.995117
2099000	0.6000000000	0.0010000000	0.0100000000	10	100	0	0.995268
2100000	0.6000000000	0.0010000000	0.0100000000	10	100	0	0.995192
2101000	0.6000000000	0.0010000000	0.0100000000	10	100	0	0.995230
2102000	0.6000000000	0.0010000000	0.0100000000	10	100	0	0.995192
2103000	0.6000000000	0.0010000000	0.0100000000	10	100	0	0.995230
2104000	0.6000000000	0.0010000000	0.0100000000	10	100	0	0.995070
2105000	0.6000000000	0.0010000000	0.0100000000	10	100	0	0.995346
2106000	0.6000000000	0.0010000000	0.0100000000	10	100	0	0.995508
2107000	0.6000000000	0.0010000000	0.0100000000	10	100	0	0.995354
2108000	0.6000000000	0.0010000000	0.0100000000	10	100	0	0.995386
2109000	0.6000000000	0.0010000000	0.0100000000	10	100	0	0.995471
2110000	0.6000000000	0.0010000000	0.0100000000	10	100	0	0.995426
2111000	0.6000000000	0.0010000000	0.0100000000	10	100	0	0.995550
2112000	0.6000000000	0.0010000000	0.0100000000	10	100	0	0.995346
2113000	0.6000000000	0.0010000000	0.0100000000	10	100	0	0.995192
2114000	0.6000000000	0.0010000000	0.0100000000	10	100	0	0.995192
2115000	0.6000000000	0.0010000000	0.0100000000	10	100	0	0.995233
2116000	0.6000000000	0.0010000000	0.0100000000	10	100	0	0.995299
2117000	0.6000000000	0.0010000000	0.0100000000	10	100	0	0.995268
2118000	0.6000000000	0.0010000000	0.0100000000	10	100	0	0.995230
2119000	0.6000000000	0.0010000000	0.0100000000	10	100	0	0.995346
2120000	0.6000000000	0.0010000000	0.0100000000	10	100	0	0.995268
2121000	0.6000000000	0.0010000000	0.0100000000	10	100	0	0.995268
2122000	0.6000000000	0.0010000000	0.0100000000	10	100	0	0.995081
2123000	0.6000000000	0.0010000000	0.0100000000	10	100	0	0.995162
2124000	0.6000000000	0.0010000000	0.0100000000	10	100	0	0.995211
2125000	0.6000000000	0.0010000000	0.0100000000	10	100	0	0.995154
2126000	0.6000000000	0.0010000000	0.0100000000	10	100	0	0.995158
2127000	0.6000000000	0.0010000000	0.0100000000	10	100	0	0.995268
2128000	0.6000000000	0.0010000000	0.0100000000	10	100	0	0.995230
2129000	0.6000000000	0.0010000000	0.0100000000	10	100	0	0.995230
2130000	0.6000000000	0.0010000000	0.0100000000	10	100	0	0.995307
2131000	0.6000000000	0.0010000000	0.0100000000	10	100	0	0.995045
2132000	0.6000000000	0.0010000000	0.0100000000	10	100	0	0.995169
2133000	0.6000000000	0.0010000000	0.0100000000	10	100	0	0.995346
2134000	0.6000000000	0.0010000000	0.0100000000	10	100	0	0.995226
2135000	0.6000000000	0.0010000000	0.0100000000	10	100	0	0.995307
2136000	0.6000000000	0.0010000000	0.0100000000	10	100	0	0.995346
2137000	0.6000000000	0.0010000000	0.0100000000	10	100	0	0.995394
2138000	0.6000000000	0.0010000000	0.0100000000	10	100	0	0.995140
2139000	0.6000000000	0.0010000000	0.0100000000	10	100	0	0.995188
2140000	0.6000000000	0.0010000000	0.0100000000	10	100	0	0.995230
2141000	0.6000000000	0.0010000000	0.0100000000	10	100	0	0.995330
2142000	0.6000000000	0.0010000000	0.0100000000	10	100	0	0.995451
2143000	0.6000000000	0.0010000000	0.0100000000	10	100	0	0.995307
2144000	0.6000000000	0.0010000000	0.0100000000	10	100	0	0.995315
2145000	0.6000000000	0.0010000000	0.0100000000	10	100	0	0.995226
2146000	0.6000000000	0.0010000000	0.0100000000	10	100	0	0.995346
2147000	0.6000000000	0.0010000000	0.0100000000	10	100	0	0.995081
2148000	0.6000000000	0.0010000000	0.0100000000	10	100	0	0.995074
2149000	0.6000000000	0.0010000000	0.0100000000	10	100	0	0.994974
2150000	0.6000000000	0.0010000000	0.0100000000	10	100	0	0.995048
2151000	0.6000000000	0.0010000000	0.0100000000	10	100	0	0.995081
2152000	0.6000000000	0.0010000000	0.0100000000	10	100	0	0.995192
2153000	0.6000000000	0.0010000000	0.0100000000	10	100	0	0.995158
2154000	0.6000000000	0.0010000000	0.0100000000	10	100	0	0.995166
2155000	0.6000000000	0.0010000000	0.0100000000	10	100	0	0.995233
2156000	0.6000000000	0.0010000000	0.0100000000	10	100	0	0.995358
2157000	0.6000000000	0.0010000000	0.0100000000	10	100	0	0.995517
2158000	0.6000000000	0.0010000000	0.0100000000	10	100	0	0.995508
2159000	0.6000000000	0.0010000000	0.0100000000	10	100	0	0.995442
2160000	0.6000000000	0.0010000000	0.0100000000	10	100	0	0.995492
2161000	0.6000000000	0.0010000000	0.0100000000	10	100	0	0.995671
2162000	0.6000000000	0.0010000000	0.0100000000	10	100	0	0.995550
2163000	0.6000000000	0.0010000000	0.0100000000	10	100	0	0.995442
2164000	0.6000000000	0.0010000000	0.0100000000	10	100	0	0.995422
2165000	0.6000000000	0.0010000000	0.0100000000	10	100	0	0.995211
2166000	0.6000000000	0.0010000000	0.0100000000	10	100	0	0.995268
2167000	0.6000000000	0.0010000000	0.0100000000	10	100	0	0.995268
2168000	0.6000000000	0.0010000000	0.0100000000	10	100	0	0.995426
2169000	0.6000000000	0.0010000000	0.0100000000	10	100	0	0.995386
2170000	0.6000000000	0.0010000000	0.0100000000	10	100	0	0.995386
2171000	0.6000000000	0.0010000000	0.0100000000	10	100	0	0.995256
2172000	0.6000000000	0.0010000000	0.0100000000	10	100	0	0.995264
2173000	0.6000000000	0.0010000000	0.0100000000	10	100	0	0.995192
2174000	0.6000000000	0.0010000000	0.0100000000	10	100	0	0.995110
2175000	0.6000000000	0.0010000000	0.0100000000	10	100	0	0.994974
2176000	0.6000000000	0.0010000000	0.0100000000	10	100	0	0.994939
2177000	0.6000000000	0.0010000000	0.0100000000	10	100	0	0.995114
2178000	0.6000000000	0.0010000000	0.0100000000	10	100	0	0.995188
2179000	0.6000000000	0.0010000000	0.0100000000	10	100	0	0.995085
2180000	0.6000000000	0.0010000000	0.0100000000	10	100	0	0.995045
2181000	0.6000000000	0.0010000000	0.0100000000	10	100	0	0.995192
2182000	0.6000000000	0.0010000000	0.0100000000	10	100	0	0.995125
2183000	0.6000000000	0.0010000000	0.0100000000	10	100	0	0.995192
2184000	0.6000000000	0.0010000000	0.0100000000	10	100	0	0.995268
2185000	0.6000000000	0.0010000000	0.0100000000	10	100	0	0.995307
2186000	0.6000000000	0.0010000000	0.0100000000	10	100	0	0.995422
2187000	0.6000000000	0.0010000000	0.0100000000	10	100	0	0.995256
2188000	0.6000000000	0.0010000000	0.0100000000	10	100	0	0.995154
2189000	0.6000000000	0.0010000000	0.0100000000	10	100	0	0.995196
2190000	0.6000000000	0.0010000000	0.0100000000	10	100	0	0.995508
2191000	0.6000000000	0.0010000000	0.0100000000	10	100	0	0.995636
2192000	0.6000000000	0.0010000000	0.0100000000	10	100	0	0.995725
2193000	0.6000000000	0.0010000000	0.0100000000	10	100	0	0.995467
2194000	0.6000000000	0.0010000000	0.0100000000	10	100	0	0.995346
2195000	0.6000000000	0.0010000000	0.0100000000	10	100	0	0.995330
2196000	0.6000000000	0.0010000000	0.0100000000	10	100	0	0.995268
2197000	0.6000000000	0.0010000000	0.0100000000	10	100	0	0.995211
2198000	0.6000000000	0.0010000000	0.0100000000	10	100	0	0.995434
2199000	0.6000000000	0.0010000000	0.0100000000	10	100	0	0.995230
2200000	0.6000000000	0.0010000000	0.0100000000	10	100	0	0.995426
2201000	0.6000000000	0.0010000000	0.0100000000	10	100	0	0.995374
2202000	0.6000000000	0.0010000000	0.0100000000	10	100	0	0.995276
2203000	0.6000000000	0.0010000000	0.0100000000	10	100	0	0.995467
2204000	0.6000000000	0.0010000000	0.0100000000	10	100	0	0.995426
2205000	0.6000000000	0.0010000000	0.0100000000	10	100	0	0.995386
2206000	0.6000000000	0.0010000000	0.0100000000	10	100	0	0.995593
2207000	0.6000000000	0.0010000000	0.0100000000	10	100	0	0.995334
2208000	0.6000000000	0.0010000000	0.0100000000	10	100	0	0.995154
2209000	0.6000000000	0.0010000000	0.0100000000	10	100	0	0.995467
2210000	0.6000000000	0.0010000000	0.0100000000	10	100	0	0.995307
2211000	0.6000000000	0.0010000000	0.0100000000	10	100	0	0.995192
2212000	0.6000000000	0.0010000000	0.0100000000	10	100	0	0.995268
2213000	0.6000000000	0.0010000000	0.0100000000	10	100	0	0.995121
2214000	0.6000000000	0.0010000000	0.0100000000	10	100	0	0.995307
2215000	0.6000000000	0.0010000000	0.0100000000	10	100	0	0.995268
2216000	0.6000000000	0.0010000000	0.0100000000	10	100	0	0.995358
2217000	0.6000000000	0.0010000000	0.0100000000	10	100	0	0.995143
2218000	0.6000000000	0.0010000000	0.0100000000	10	100	0	0.995307
2219000	0.6000000000	0.0010000000	0.0100000000	10	100	0	0.995307
2220000	0.6000000000	0.0010000000	0.0100000000	10	100	0	0.995192
2221000	0.6000000000	0.0010000000	0.0100000000	10	100	0	0.995192
2222000	0.6000000000	0.0010000000	0.0100000000	10	100	0	0.995241
2223000	0.6000000000	0.0010000000	0.0100000000	10	100	0	0.995338
2224000	0.6000000000	0.0010000000	0.0100000000	10	100	0	0.995226
2225000	0.6000000000	0.0010000000	0.0100000000	10	100	0	0.995070
2226000	0.6000000000	0.0010000000	0.0100000000	10	100	0	0.995045
2227000	0.6000000000	0.0010000000	0.0100000000	10	100	0	0.995154
2228000	0.6000000000	0.0010000000	0.0100000000	10	100	0	0.994836
2229000	0.6000000000	0.0010000000	0.0100000000	10	100	0	0.994974
2230000	0.6000000000	0.0010000000	0.0100000000	10	100	0	0.995009
2231000	0.6000000000	0.0010000000	0.0100000000	10	100	0	0.995346
2232000	0.6000000000	0.0010000000	0.0100000000	10	100	0	0.995230
2233000	0.6000000000	0.0010000000	0.0100000000	10	100	0	0.995307
2234000	0.6000000000	0.0010000000	0.0100000000	10	100	0	0.995230
2235000	0.6000000000	0.0010000000	0.0100000000	10	100	0	0.995121
2236000	0.6000000000	0.0010000000	0.0100000000	10	100	0	0.995125
2237000	0.6000000000	0.0010000000	0.0100000000	10	100	0	0.995117
2238000	0.6000000000	0.0010000000	0.0100000000	10	100	0	0.995009
2239000	0.6000000000	0.0010000000	0.0100000000	10	100	0	0.995034
2240000	0.6000000000	0.0010000000	0.0100000000	10	100	0	0.995009
2241000	0.6000000000	0.0010000000	0.0100000000	10	100	0	0.995081
2242000	0.6000000000	0.0010000000	0.0100000000	10	100	0	0.995155
2243000	0.6000000000	0.0010000000	0.0100000000	10	100	0	0.995117
2244000	0.6000000000	0.0010000000	0.0100000000	10	100	0	0.995192
2245000	0.6000000000	0.0010000000	0.0100000000	10	100	0	0.995374
2246000	0.6000000000	0.0010000000	0.0100000000	10	100	0	0.995354
2247000	0.6000000000	0.0010000000	0.0100000000	10	100	0	0.995307
2248000	0.6000000000	0.0010000000	0.0100000000	10	100	0	0.995346
2249000	0.6000000000	0.0010000000	0.0100000000	10	100	0	0.995508
2250000	0.6000000000	0.0010000000	0.0100000000	10	100	0	0.995513
2251000	0.6000000000	0.0010000000	0.0100000000	10	100	0	0.995386
2252000	0.6000000000	0.0010000000	0.0100000000	10	100	0	0.995230
2253000	0.6000000000	0.0010000000	0.0100000000	10	100	0	0.995230
2254000	0.6000000000	0.0010000000	0.0100000000	10	100	0	0.995256
2255000	0.6000000000	0.0010000000	0.0100000000	10	100	0	0.995230
2256000	0.6000000000	0.0010000000	0.0100000000	10	100	0	0.995230
2257000	0.6000000000	0.0010000000	0.0100000000	10	100	0	0.995125
2258000	0.6000000000	0.0010000000	0.0100000000	10	100	0	0.995154
2259000	0.6000000000	0.0010000000	0.0100000000	10	100	0	0.995230
2260000	0.6000000000	0.0010000000	0.0100000000	10	100	0	0.995154
2261000	0.6000000000	0.0010000000	0.0100000000	10	100	0	0.995386
2262000	0.6000000000	0.0010000000	0.0100000000	10	100	0	0.995154
2263000	0.6000000000	0.0010000000	0.0100000000	10	100	0	0.995154
2264000	0.6000000000	0.0010000000	0.0100000000	10	100	0	0.995081
2265000	0.6000000000	0.0010000000	0.0100000000	10	100	0	0.994995
2266000	0.6000000000	0.0010000000	0.0100000000	10	100	0	0.994836
2267000	0.6000000000	0.0010000000	0.0100000000	10	100	0	0.994939
2268000	0.6000000000	0.0010000000	0.0100000000	10	100	0	0.994974
2269000	0.6000000000	0.0010000000	0.0100000000	10	100	0	0.994870
2270000	0.6000000000	0.0010000000	0.0100000000	10	100	0	0.994942
2271000	0.6000000000	0.0010000000	0.0100000000	10	100	0	0.995230
2272000	0.6000000000	0.0010000000	0.0100000000	10	100	0	0.995207
2273000	0.6000000000	0.0010000000	0.0100000000	10	100	0	0.995260
2274000	0.6000000000	0.0010000000	0.0100000000	10	100	0	0.995121
2275000	0.6000000000	0.0010000000	0.0100000000	10	100	0	0.995117
2276000	0.6000000000	0.0010000000	0.0100000000	10	100	0	0.995162
2277000	0.6000000000	0.0010000000	0.0100000000	10	100	0	0.995154
2278000	0.6000000000	0.0010000000	0.0100000000	10	100	0	0.995045
2279000	0.6000000000	0.0010000000	0.0100000000	10	100	0	0.995192
2280000	0.6000000000	0.0010000000	0.0100000000	10	100	0	0.995291
2281000	0.6000000000	0.0010000000	0.0100000000	10	100	0	0.995056
2282000	0.6000000000	0.0010000000	0.0100000000	10	100	0	0.995009
2283000	0.6000000000	0.0010000000	0.0100000000	10	100	0	0.995009
2284000	0.6000000000	0.0010000000	0.0100000000	10	100	0	0.994904
2285000	0.6000000000	0.0010000000	0.0100000000	10	100	0	0.995056
2286000	0.6000000000	0.0010000000	0.0100000000	10	100	0	0.995154
2287000	0.6000000000	0.0010000000	0.0100000000	10	100	0	0.995081
2288000	0.6000000000	0.0010000000	0.0100000000	10	100	0	0.995358
2289000	0.6000000000	0.0010000000	0.0100000000	10	100	0	0.995508
2290000	0.6000000000	0.0010000000	0.0100000000	10	100	0	0.995307
2291000	0.6000000000	0.0010000000	0.0100000000	10	100	0	0.995346
2292000	0.6000000000	0.0010000000	0.0100000000	10	100	0	0.995307
2293000	0.6000000000	0.0010000000	0.0100000000	10	100	0	0.995158
2294000	0.6000000000	0.0010000000	0.0100000000	10	100	0	0.995422
2295000	0.6000000000	0.0010000000	0.0100000000	10	100	0	0.995459
2296000	0.6000000000	0.0010000000	0.0100000000	10	100	0	0.995295
2297000	0.6000000000	0.0010000000	0.0100000000	10	100	0	0.995370
2298000	0.6000000000	0.0010000000	0.0100000000	10	100	0	0.995467
2299000	0.6000000000	0.0010000000	0.0100000000	10	100	0	0.995442
2300000	0.6000000000	0.0010000000	0.0100000000	10	100	0	0.995346
2301000	0.6000000000	0.0010000000	0.0100000000	10	100	0	0.995418
2302000	0.6000000000	0.0010000000	0.0100000000	10	100	0	0.995203
2303000	0.6000000000	0.0010000000	0.0100000000	10	100	0	0.995117
2304000	0.6000000000	0.0010000000	0.0100000000	10	100	0	0.995016
2305000	0.6000000000	0.0010000000	0.0100000000	10	100	0	0.995096
2306000	0.6000000000	0.0010000000	0.0100000000	10	100	0	0.995158
2307000	0.6000000000	0.0010000000	0.0100000000	10	100	0	0.995307
2308000	0.6000000000	0.0010000000	0.0100000000	10	100	0	0.995346
2309000	0.6000000000	0.0010000000	0.0100000000	10	100	0	0.995117
2310000	0.6000000000	0.0010000000	0.0100000000	10	100	0	0.995151
2311000	0.6000000000	0.0010000000	0.0100000000	10	100	0	0.995081
2312000	0.6000000000	0.0010000000	0.0100000000	10	100	0	0.995162
2313000	0.6000000000	0.0010000000	0.0100000000	10	100	0	0.995268
2314000	0.6000000000	0.0010000000	0.0100000000	10	100	0	0.995125
2315000	0.6000000000	0.0010000000	0.0100000000	10	100	0	0.995154
2316000	0.6000000000	0.0010000000	0.0100000000	10	100	0	0.995154
2317000	0.6000000000	0.0010000000	0.0100000000	10	100	0	0.995233
2318000	0.6000000000	0.0010000000	0.0100000000	10	100	0	0.995378
2319000	0.6000000000	0.0010000000	0.0100000000	10	100	0	0.995442
2320000	0.6000000000	0.0010000000	0.0100000000	10	100	0	0.995426
2321000	0.6000000000	0.0010000000	0.0100000000	10	100	0	0.995268
2322000	0.6000000000	0.0010000000	0.0100000000	10	100	0	0.995386
2323000	0.6000000000	0.0010000000	0.0100000000	10	100	0	0.995386
2324000	0.6000000000	0.0010000000	0.0100000000	10	100	0	0.995386
2325000	0.6000000000	0.0010000000	0.0100000000	10	100	0	0.995346
2326000	0.6000000000	0.0010000000	0.0100000000	10	100	0	0.995386
2327000	0.6000000000	0.0010000000	0.0100000000	10	100	0	0.995230
2328000	0.6000000000	0.0010000000	0.0100000000	10	100	0	0.995237
2329000	0.6000000000	0.0010000000	0.0100000000	10	100	0	0.995154
2330000	0.6000000000	0.0010000000	0.0100000000	10	100	0	0.995059
2331000	0.6000000000	0.0010000000	0.0100000000	10	100	0	0.995117
2332000	0.6000000000	0.0010000000	0.0100000000	10	100	0	0.995088
2333000	0.6000000000	0.0010000000	0.0100000000	10	100	0	0.995088
2334000	0.6000000000	0.0010000000	0.0100000000	10	100	0	0.995117
2335000	0.6000000000	0.0010000000	0.0100000000	10	100	0	0.995230
2336000	0.6000000000	0.0010000000	0.0100000000	10	100	0	0.995169
2337000	0.6000000000	0.0010000000	0.0100000000	10	100	0	0.995188
2338000	0.6000000000	0.0010000000	0.0100000000	10	100	0	0.995192
2339000	0.6000000000	0.0010000000	0.0100000000	10	100	0	0.995147
2340000	0.6000000000	0.0010000000	0.0100000000	10	100	0	0.995207
2341000	0.6000000000	0.0010000000	0.0100000000	10	100	0	0.995203
2342000	0.6000000000	0.0010000000	0.0100000000	10	100	0	0.995350
2343000	0.6000000000	0.0010000000	0.0100000000	10	100	0	0.995572
2344000	0.6000000000	0.0010000000	0.0100000000	10	100	0	0.995610
2345000	0.6000000000	0.0010000000	0.0100000000	10	100	0	0.995322
2346000	0.6000000000	0.0010000000	0.0100000000	10	100	0	0.995307
2347000	0.6000000000	0.0010000000	0.0100000000	10	100	0	0.995132
2348000	0.6000000000	0.0010000000	0.0100000000	10	100	0	0.995151
2349000	0.6000000000	0.0010000000	0.0100000000	10	100	0	0.995230
2350000	0.6000000000	0.0010000000	0.0100000000	10	100	0	0.995334
2351000	0.6000000000	0.0010000000	0.0100000000	10	100	0	0.995155
2352000	0.6000000000	0.0010000000	0.0100000000	10	100	0	0.995203
2353000	0.6000000000	0.0010000000	0.0100000000	10	100	0	0.995280
2354000	0.6000000000	0.0010000000	0.0100000000	10	100	0	0.995154
2355000	0.6000000000	0.0010000000	0.0100000000	10	100	0	0.995268
2356000	0.6000000000	0.0010000000	0.0100000000	10	100	0	0.995117
2357000	0.6000000000	0.0010000000	0.0100000000	10	100	0	0.995230
2358000	0.6000000000	0.0010000000	0.0100000000	10	100	0	0.995222
2359000	0.6000000000	0.0010000000	0.0100000000	10	100	0	0.995203
2360000	0.6000000000	0.0010000000	0.0100000000	10	100	0	0.995222
2361000	0.6000000000	0.0010000000	0.0100000000	10	100	0	0.995299
2362000	0.6000000000	0.0010000000	0.0100000000	10	100	0	0.995334
2363000	0.6000000000	0.0010000000	0.0100000000	10	100	0	0.995299
2364000	0.6000000000	0.0010000000	0.0100000000	10	100	0	0.995268
2365000	0.6000000000	0.0010000000	0.0100000000	10	100	0	0.995196
2366000	0.6000000000	0.0010000000	0.0100000000	10	100	0	0.995162
2367000	0.6000000000	0.0010000000	0.0100000000	10	100	0	0.995009
2368000	0.6000000000	0.0010000000	0.0100000000	10	100	0	0.995045
2369000	0.6000000000	0.0010000000	0.0100000000	10	100	0	0.995192
2370000	0.6000000000	0.0010000000	0.0100000000	10	100	0	0.995268
2371000	0.6000000000	0.0010000000	0.0100000000	10	100	0	0.995192
2372000	0.6000000000	0.0010000000	0.0100000000	10	100	0	0.995154
2373000	0.6000000000	0.0010000000	0.0100000000	10	100	0	0.995081
2374000	0.6000000000	0.0010000000	0.0100000000	10	100	0	0.995192
2375000	0.6000000000	0.0010000000	0.0100000000	10	100	0	0.995184
2376000	0.6000000000	0.0010000000	0.0100000000	10	100	0	0.995471
2377000	0.6000000000	0.0010000000	0.0100000000	10	100	0	0.995593
2378000	0.6000000000	0.0010000000	0.0100000000	10	100	0	0.995426
2379000	0.6000000000	0.0010000000	0.0100000000	10	100	0	0.995467
2380000	0.6000000000	0.0010000000	0.0100000000	10	100	0	0.995307
2381000	0.6000000000	0.0010000000	0.0100000000	10	100	0	0.995398
2382000	0.6000000000	0.0010000000	0.0100000000	10	100	0	0.995346
2383000	0.6000000000	0.0010000000	0.0100000000	10	100	0	0.995386
2384000	0.6000000000	0.0010000000	0.0100000000	10	100	0	0.995370
2385000	0.6000000000	0.0010000000	0.0100000000	10	100	0	0.995307
2386000	0.6000000000	0.0010000000	0.0100000000	10	100	0	0.995268
2387000	0.6000000000	0.0010000000	0.0100000000	10	100	0	0.995117
2388000	0.6000000000	0.0010000000	0.0100000000	10	100	0	0.995295
2389000	0.6000000000	0.0010000000	0.0100000000	10	100	0	0.995307
2390000	0.6000000000	0.0010000000	0.0100000000	10	100	0	0.995508
2391000	0.6000000000	0.0010000000	0.0100000000	10	100	0	0.995602
2392000	0.6000000000	0.0010000000	0.0100000000	10	100	0	0.995636
2393000	0.6000000000	0.0010000000	0.0100000000	10	100	0	0.995816
2394000	0.6000000000	0.0010000000	0.0100000000	10	100	0	0.995593
2395000	0.6000000000	0.0010000000	0.0100000000	10	100	0	0.995346
2396000	0.6000000000	0.0010000000	0.0100000000	10	100	0	0.995192
2397000	0.6000000000	0.0010000000	0.0100000000	10	100	0	0.995188
2398000	0.6000000000	0.0010000000	0.0100000000	10	100	0	0.995260
2399000	0.6000000000	0.0010000000	0.0100000000	10	100	0	0.995398
2400000	0.6000000000	0.0010000000	0.0100000000	10	100	0	0.995386
2401000	0.6000000000	0.0010000000	0.0100000000	10	100	0	0.995241
2402000	0.6000000000	0.0010000000	0.0100000000	10	100	0	0.995154
2403000	0.6000000000	0.0010000000	0.0100000000	10	100	0	0.995280
2404000	0.6000000000	0.0010000000	0.0100000000	10	100	0	0.995154
2405000	0.6000000000	0.0010000000	0.0100000000	10	100	0	0.995311
2406000	0.6000000000	0.0010000000	0.0100000000	10	100	0	0.995154
2407000	0.6000000000	0.0010000000	0.0100000000	10	100	0	0.995045
2408000	0.6000000000	0.0010000000	0.0100000000	10	100	0	0.995162
2409000	0.6000000000	0.0010000000	0.0100000000	10	100	0	0.995230
2410000	0.6000000000	0.0010000000	0.0100000000	10	100	0	0.995081
2411000	0.6000000000	0.0010000000	0.0100000000	10	100	0	0.995081
2412000	0.6000000000	0.0010000000	0.0100000000	10	100	0	0.995041
2413000	0.6000000000	0.0010000000	0.0100000000	10	100	0	0.995009
2414000	0.6000000000	0.0010000000	0.0100000000	10	100	0	0.995009
2415000	0.6000000000	0.0010000000	0.0100000000	10	100	0	0.995009
2416000	0.6000000000	0.0010000000	0.0100000000	10	100	0	0.995045
2417000	0.6000000000	0.0010000000	0.0100000000	10	100	0	0.995009
2418000	0.6000000000	0.0010000000	0.0100000000	10	100	0	0.994866
2419000	0.6000000000	0.0010000000	0.0100000000	10	100	0	0.994939
2420000	0.6000000000	0.0010000000	0.0100000000	10	100	0	0.994974
2421000	0.6000000000	0.0010000000	0.0100000000	10	100	0	0.995117
2422000	0.6000000000	0.0010000000	0.0100000000	10	100	0	0.995117
2423000	0.6000000000	0.0010000000	0.0100000000	10	100	0	0.995154
2424000	0.6000000000	0.0010000000	0.0100000000	10	100	0	0.995154
2425000	0.6000000000	0.0010000000	0.0100000000	10	100	0	0.995188
2426000	0.6000000000	0.0010000000	0.0100000000	10	100	0	0.995260
2427000	0.6000000000	0.0010000000	0.0100000000	10	100	0	0.995346
2428000	0.6000000000	0.0010000000	0.0100000000	10	100	0	0.995386
2429000	0.6000000000	0.0010000000	0.0100000000	10	100	0	0.995508
2430000	0.6000000000	0.0010000000	0.0100000000	10	100	0	0.995680
2431000	0.6000000000	0.0010000000	0.0100000000	10	100	0	0.995593
2432000	0.6000000000	0.0010000000	0.0100000000	10	100	0	0.995402
2433000	0.6000000000	0.0010000000	0.0100000000	10	100	0	0.995200
2434000	0.6000000000	0.0010000000	0.0100000000	10	100	0	0.995196
2435000	0.6000000000	0.0010000000	0.0100000000	10	100	0	0.995048
2436000	0.6000000000	0.0010000000	0.0100000000	10	100	0	0.995230
2437000	0.6000000000	0.0010000000	0.0100000000	10	100	0	0.995307
2438000	0.6000000000	0.0010000000	0.0100000000	10	100	0	0.995346
2439000	0.6000000000	0.0010000000	0.0100000000	10	100	0	0.995402
2440000	0.6000000000	0.0010000000	0.0100000000	10	100	0	0.995593
2441000	0.6000000000	0.0010000000	0.0100000000	10	100	0	0.995555
2442000	0.6000000000	0.0010000000	0.0100000000	10	100	0	0.995508
2443000	0.6000000000	0.0010000000	0.0100000000	10	100	0	0.995307
2444000	0.6000000000	0.0010000000	0.0100000000	10	100	0	0.995268
2445000	0.6000000000	0.0010000000	0.0100000000	10	100	0	0.995268
2446000	0.6000000000	0.0010000000	0.0100000000	10	100	0	0.995158
2447000	0.6000000000	0.0010000000	0.0100000000	10	100	0	0.995154
2448000	0.6000000000	0.0010000000	0.0100000000	10	100	0	0.995154
2449000	0.6000000000	0.0010000000	0.0100000000	10	100	0	0.995264
2450000	0.6000000000	0.0010000000	0.0100000000	10	100	0	0.995291
2451000	0.6000000000	0.0010000000	0.0100000000	10	100	0	0.995563
2452000	0.6000000000	0.0010000000	0.0100000000	10	100	0	0.995550
2453000	0.6000000000	0.0010000000	0.0100000000	10	100	0	0.995508
2454000	0.6000000000	0.0010000000	0.0100000000	10	100	0	0.995517
2455000	0.6000000000	0.0010000000	0.0100000000	10	100	0	0.995645
2456000	0.6000000000	0.0010000000	0.0100000000	10	100	0	0.995550
2457000	0.6000000000	0.0010000000	0.0100000000	10	100	0	0.995386
2458000	0.6000000000	0.0010000000	0.0100000000	10	100	0	0.995386
2459000	0.6000000000	0.0010000000	0.0100000000	10	100	0	0.995504
2460000	0.6000000000	0.0010000000	0.0100000000	10	100	0	0.995684
2461000	0.6000000000	0.0010000000	0.0100000000	10	100	0	0.995680
2462000	0.6000000000	0.0010000000	0.0100000000	10	100	0	0.995500
2463000	0.6000000000	0.0010000000	0.0100000000	10	100	0	0.995346
2464000	0.6000000000	0.0010000000	0.0100000000	10	100	0	0.995181
2465000	0.6000000000	0.0010000000	0.0100000000	10	100	0	0.995283
2466000	0.6000000000	0.0010000000	0.0100000000	10	100	0	0.995471
2467000	0.6000000000	0.0010000000	0.0100000000	10	100	0	0.995504
2468000	0.6000000000	0.0010000000	0.0100000000	10	100	0	0.995426
2469000	0.6000000000	0.0010000000	0.0100000000	10	100	0	0.995390
2470000	0.6000000000	0.0010000000	0.0100000000	10	100	0	0.995315
2471000	0.6000000000	0.0010000000	0.0100000000	10	100	0	0.995414
2472000	0.6000000000	0.0010000000	0.0100000000	10	100	0	0.995256
2473000	0.6000000000	0.0010000000	0.0100000000	10	100	0	0.995233
2474000	0.6000000000	0.0010000000	0.0100000000	10	100	0	0.995230
2475000	0.6000000000	0.0010000000	0.0100000000	10	100	0	0.995158
2476000	0.6000000000	0.0010000000	0.0100000000	10	100	0	0.995471
2477000	0.6000000000	0.0010000000	0.0100000000	10	100	0	0.995154
2478000	0.6000000000	0.0010000000	0.0100000000	10	100	0	0.995230
2479000	0.6000000000	0.0010000000	0.0100000000	10	100	0	0.995268
2480000	0.6000000000	0.0010000000	0.0100000000	10	100	0	0.995307
2481000	0.6000000000	0.0010000000	0.0100000000	10	100	0	0.995268
2482000	0.6000000000	0.0010000000	0.0100000000	10	100	0	0.995140
2483000	0.6000000000	0.0010000000	0.0100000000	10	100	0	0.995307
2484000	0.6000000000	0.0010000000	0.0100000000	10	100	0	0.995276
2485000	0.6000000000	0.0010000000	0.0100000000	10	100	0	0.995346
2486000	0.6000000000	0.0010000000	0.0100000000	10	100	0	0.995426
2487000	0.6000000000	0.0010000000	0.0100000000	10	100	0	0.995610
2488000	0.6000000000	0.0010000000	0.0100000000	10	100	0	0.995716
2489000	0.6000000000	0.0010000000	0.0100000000	10	100	0	0.995593
2490000	0.6000000000	0.0010000000	0.0100000000	10	100	0	0.995504
2491000	0.6000000000	0.0010000000	0.0100000000	10	100	0	0.995725
2492000	0.6000000000	0.0010000000	0.0100000000	10	100	0	0.995811
2493000	0.6000000000	0.0010000000	0.0100000000	10	100	0	0.995959
2494000	0.6000000000	0.0010000000	0.0100000000	10	100	0	0.995816
2495000	0.6000000000	0.0010000000	0.0100000000	10	100	0	0.995725
2496000	0.6000000000	0.0010000000	0.0100000000	10	100	0	0.995508
2497000	0.6000000000	0.0010000000	0.0100000000	10	100	0	0.995467
2498000	0.6000000000	0.0010000000	0.0100000000	10	100	0	0.995593
2499000	0.6000000000	0.0010000000	0.0100000000	10	100	0	0.995610
2500000	0.6000000000	0.0010000000	0.0100000000	10	100	0	0.995585
2501000	0.6000000000	0.0010000000	0.0100000000	10	100	0	0.995649
2502000	0.6000000000	0.0010000000	0.0100000000	10	100	0	0.995816
2503000	0.6000000000	0.0010000000	0.0100000000	10	100	0	0.995770
2504000	0.6000000000	0.0010000000	0.0100000000	10	100	0	0.995725
2505000	0.6000000000	0.0010000000	0.0100000000	10	100	0	0.995496
2506000	0.6000000000	0.0010000000	0.0100000000	10	100	0	0.995430
2507000	0.6000000000	0.0010000000	0.0100000000	10	100	0	0.995230
2508000	0.6000000000	0.0010000000	0.0100000000	10	100	0	0.995346
2509000	0.6000000000	0.0010000000	0.0100000000	10	100	0	0.995418
2510000	0.6000000000	0.0010000000	0.0100000000	10	100	0	0.995268
2511000	0.6000000000	0.0010000000	0.0100000000	10	100	0	0.995192
2512000	0.6000000000	0.0010000000	0.0100000000	10	100	0	0.995249
2513000	0.6000000000	0.0010000000	0.0100000000	10	100	0	0.995117
2514000	0.6000000000	0.0010000000	0.0100000000	10	100	0	0.995154
2515000	0.6000000000	0.0010000000	0.0100000000	10	100	0	0.995013
2516000	0.6000000000	0.0010000000	0.0100000000	10	100	0	0.995009
2517000	0.6000000000	0.0010000000	0.0100000000	10	100	0	0.994974
2518000	0.6000000000	0.0010000000	0.0100000000	10	100	0	0.995346
2519000	0.6000000000	0.0010000000	0.0100000000	10	100	0	0.995268
2520000	0.6000000000	0.0010000000	0.0100000000	10	100	0	0.995264
2521000	0.6000000000	0.0010000000	0.0100000000	10	100	0	0.995173
2522000	0.6000000000	0.0010000000	0.0100000000	10	100	0	0.995260
2523000	0.6000000000	0.0010000000	0.0100000000	10	100	0	0.995222
2524000	0.6000000000	0.0010000000	0.0100000000	10	100	0	0.995192
2525000	0.6000000000	0.0010000000	0.0100000000	10	100	0	0.995081
2526000	0.6000000000	0.0010000000	0.0100000000	10	100	0	0.994974
2527000	0.6000000000	0.0010000000	0.0100000000	10	100	0	0.994946
2528000	0.6000000000	0.0010000000	0.0100000000	10	100	0	0.995009
2529000	0.6000000000	0.0010000000	0.0100000000	10	100	0	0.995009
2530000	0.6000000000	0.0010000000	0.0100000000	10	100	0	0.995023
2531000	0.6000000000	0.0010000000	0.0100000000	10	100	0	0.995009
2532000	0.6000000000	0.0010000000	0.0100000000	10	100	0	0.995117
2533000	0.6000000000	0.0010000000	0.0100000000	10	100	0	0.995154
2534000	0.6000000000	0.0010000000	0.0100000000	10	100	0	0.995045
2535000	0.6000000000	0.0010000000	0.0100000000	10	100	0	0.995230
2536000	0.6000000000	0.0010000000	0.0100000000	10	100	0	0.995009
2537000	0.6000000000	0.0010000000	0.0100000000	10	100	0	0.995045
2538000	0.6000000000	0.0010000000	0.0100000000	10	100	0	0.995295
2539000	0.6000000000	0.0010000000	0.0100000000	10	100	0	0.995311
2540000	0.6000000000	0.0010000000	0.0100000000	10	100	0	0.995382
2541000	0.6000000000	0.0010000000	0.0100000000	10	100	0	0.995322
2542000	0.6000000000	0.0010000000	0.0100000000	10	100	0	0.995311
2543000	0.6000000000	0.0010000000	0.0100000000	10	100	0	0.995459
2544000	0.6000000000	0.0010000000	0.0100000000	10	100	0	0.995192
2545000	0.6000000000	0.0010000000	0.0100000000	10	100	0	0.995241
2546000	0.6000000000	0.0010000000	0.0100000000	10	100	0	0.995192
2547000	0.6000000000	0.0010000000	0.0100000000	10	100	0	0.995129
2548000	0.6000000000	0.0010000000	0.0100000000	10	100	0	0.995154
2549000	0.6000000000	0.0010000000	0.0100000000	10	100	0	0.995117
2550000	0.6000000000	0.0010000000	0.0100000000	10	100	0	0.995020
2551000	0.6000000000	0.0010000000	0.0100000000	10	100	0	0.995114
2552000	0.6000000000	0.0010000000	0.0100000000	10	100	0	0.995230
2553000	0.6000000000	0.0010000000	0.0100000000	10	100	0	0.995268
2554000	0.6000000000	0.0010000000	0.0100000000	10	100	0	0.995154
2555000	0.6000000000	0.0010000000	0.0100000000	10	100	0	0.994953
2556000	0.6000000000	0.0010000000	0.0100000000	10	100	0	0.994925
2557000	0.6000000000	0.0010000000	0.0100000000	10	100	0	0.994904
2558000	0.6000000000	0.0010000000	0.0100000000	10	100	0	0.994904
2559000	0.6000000000	0.0010000000	0.0100000000	10	100	0	0.994956
2560000	0.6000000000	0.0010000000	0.0100000000	10	100	0	0.994974
2561000	0.6000000000	0.0010000000	0.0100000000	10	100	0	0.995081
2562000	0.6000000000	0.0010000000	0.0100000000	10	100	0	0.995045
2563000	0.6000000000	0.0010000000	0.0100000000	10	100	0	0.995045
2564000	0.6000000000	0.0010000000	0.0100000000	10	100	0	0.995081
2565000	0.6000000000	0.0010000000	0.0100000000	10	100	0	0.994942
2566000	0.6000000000	0.0010000000	0.0100000000	10	100	0	0.994974
2567000	0.6000000000	0.0010000000	0.0100000000	10	100	0	0.995013
2568000	0.6000000000	0.0010000000	0.0100000000	10	100	0	0.995081
2569000	0.6000000000	0.0010000000	0.0100000000	10	100	0	0.995307
2570000	0.6000000000	0.0010000000	0.0100000000	10	100	0	0.995192
2571000	0.6000000000	0.0010000000	0.0100000000	10	100	0	0.995154
2572000	0.6000000000	0.0010000000	0.0100000000	10	100	0	0.995045
2573000	0.6000000000	0.0010000000	0.0100000000	10	100	0	0.995081
2574000	0.6000000000	0.0010000000	0.0100000000	10	100	0	0.994939
2575000	0.6000000000	0.0010000000	0.0100000000	10	100	0	0.994939
2576000	0.6000000000	0.0010000000	0.0100000000	10	100	0	0.994802
2577000	0.6000000000	0.0010000000	0.0100000000	10	100	0	0.994742
2578000	0.6000000000	0.0010000000	0.0100000000	10	100	0	0.994736
2579000	0.6000000000	0.0010000000	0.0100000000	10	100	0	0.994816
2580000	0.6000000000	0.0010000000	0.0100000000	10	100	0	0.995081
2581000	0.6000000000	0.0010000000	0.0100000000	10	100	0	0.995177
2582000	0.6000000000	0.0010000000	0.0100000000	10	100	0	0.994967
2583000	0.6000000000	0.0010000000	0.0100000000	10	100	0	0.995114
2584000	0.6000000000	0.0010000000	0.0100000000	10	100	0	0.995230
2585000	0.6000000000	0.0010000000	0.0100000000	10	100	0	0.995092
2586000	0.6000000000	0.0010000000	0.0100000000	10	100	0	0.995230
2587000	0.6000000000	0.0010000000	0.0100000000	10	100	0	0.995287
2588000	0.6000000000	0.0010000000	0.0100000000	10	100	0	0.995081
2589000	0.6000000000	0.0010000000	0.0100000000	10	100	0	0.995121
2590000	0.6000000000	0.0010000000	0.0100000000	10	100	0	0.995088
2591000	0.6000000000	0.0010000000	0.0100000000	10	100	0	0.995114
2592000	0.6000000000	0.0010000000	0.0100000000	10	100	0	0.995151
2593000	0.6000000000	0.0010000000	0.0100000000	10	100	0	0.995158
2594000	0.6000000000	0.0010000000	0.0100000000	10	100	0	0.995256
2595000	0.6000000000	0.0010000000	0.0100000000	10	100	0	0.995307
2596000	0.6000000000	0.0010000000	0.0100000000	10	100	0	0.995268
2597000	0.6000000000	0.0010000000	0.0100000000	10	100	0	0.995218
2598000	0.6000000000	0.0010000000	0.0100000000	10	100	0	0.995009
2599000	0.6000000000	0.0010000000	0.0100000000	10	100	0	0.995154
2600000	0.6000000000	0.0010000000	0.0100000000	10	100	0	0.995085
2601000	0.6000000000	0.0010000000	0.0100000000	10	100	0	0.995009
2602000	0.6000000000	0.0010000000	0.0100000000	10	100	0	0.994873
2603000	0.6000000000	0.0010000000	0.0100000000	10	100	0	0.995005
2604000	0.6000000000	0.0010000000	0.0100000000	10	100	0	0.994829
2605000	0.6000000000	0.0010000000	0.0100000000	10	100	0	0.995013
2606000	0.6000000000	0.0010000000	0.0100000000	10	100	0	0.995151
2607000	0.6000000000	0.0010000000	0.0100000000	10	100	0	0.995268
2608000	0.6000000000	0.0010000000	0.0100000000	10	100	0	0.995426
2609000	0.6000000000	0.0010000000	0.0100000000	10	100	0	0.995230
2610000	0.6000000000	0.0010000000	0.0100000000	10	100	0	0.995066
2611000	0.6000000000	0.0010000000	0.0100000000	10	100	0	0.995154
2612000	0.6000000000	0.0010000000	0.0100000000	10	100	0	0.995268
2613000	0.6000000000	0.0010000000	0.0100000000	10	100	0	0.995192
2614000	0.6000000000	0.0010000000	0.0100000000	10	100	0	0.995222
2615000	0.6000000000	0.0010000000	0.0100000000	10	100	0	0.995632
2616000	0.6000000000	0.0010000000	0.0100000000	10	100	0	0.995725
2617000	0.6000000000	0.0010000000	0.0100000000	10	100	0	0.995508
2618000	0.6000000000	0.0010000000	0.0100000000	10	100	0	0.995467
2619000	0.6000000000	0.0010000000	0.0100000000	10	100	0	0.995303
2620000	0.6000000000	0.0010000000	0.0100000000	10	100	0	0.995196
2621000	0.6000000000	0.0010000000	0.0100000000	10	100	0	0.995307
2622000	0.6000000000	0.0010000000	0.0100000000	10	100	0	0.995386
2623000	0.6000000000	0.0010000000	0.0100000000	10	100	0	0.995346
2624000	0.6000000000	0.0010000000	0.0100000000	10	100	0	0.995342
2625000	0.6000000000	0.0010000000	0.0100000000	10	100	0	0.995166
2626000	0.6000000000	0.0010000000	0.0100000000	10	100	0	0.995245
2627000	0.6000000000	0.0010000000	0.0100000000	10	100	0	0.995226
2628000	0.6000000000	0.0010000000	0.0100000000	10	100	0	0.995268
2629000	0.6000000000	0.0010000000	0.0100000000	10	100	0	0.995188
2630000	0.6000000000	0.0010000000	0.0100000000	10	100	0	0.995307
2631000	0.6000000000	0.0010000000	0.0100000000	10	100	0	0.995362
2632000	0.6000000000	0.0010000000	0.0100000000	10	100	0	0.995158
2633000	0.6000000000	0.0010000000	0.0100000000	10	100	0	0.995307
2634000	0.6000000000	0.0010000000	0.0100000000	10	100	0	0.995386
2635000	0.6000000000	0.0010000000	0.0100000000	10	100	0	0.995636
2636000	0.6000000000	0.0010000000	0.0100000000	10	100	0	0.995542
2637000	0.6000000000	0.0010000000	0.0100000000	10	100	0	0.995658
2638000	0.6000000000	0.0010000000	0.0100000000	10	100	0	0.995426
2639000	0.6000000000	0.0010000000	0.0100000000	10	100	0	0.995680
2640000	0.6000000000	0.0010000000	0.0100000000	10	100	0	0.995797
2641000	0.6000000000	0.0010000000	0.0100000000	10	100	0	0.995597
2642000	0.6000000000	0.0010000000	0.0100000000	10	100	0	0.995410
2643000	0.6000000000	0.0010000000	0.0100000000	10	100	0	0.995508
2644000	0.6000000000	0.0010000000	0.0100000000	10	100	0	0.995550
2645000	0.6000000000	0.0010000000	0.0100000000	10	100	0	0.995459
2646000	0.6000000000	0.0010000000	0.0100000000	10	100	0	0.995720
2647000	0.6000000000	0.0010000000	0.0100000000	10	100	0	0.995546
2648000	0.6000000000	0.0010000000	0.0100000000	10	100	0	0.995533
2649000	0.6000000000	0.0010000000	0.0100000000	10	100	0	0.995525
2650000	0.6000000000	0.0010000000	0.0100000000	10	100	0	0.995467
2651000	0.6000000000	0.0010000000	0.0100000000	10	100	0	0.995342
2652000	0.6000000000	0.0010000000	0.0100000000	10	100	0	0.995398
2653000	0.6000000000	0.0010000000	0.0100000000	10	100	0	0.995268
2654000	0.6000000000	0.0010000000	0.0100000000	10	100	0	0.995307
2655000	0.6000000000	0.0010000000	0.0100000000	10	100	0	0.995386
2656000	0.6000000000	0.0010000000	0.0100000000	10	100	0	0.995386
2657000	0.6000000000	0.0010000000	0.0100000000	10	100	0	0.995154
2658000	0.6000000000	0.0010000000	0.0100000000	10	100	0	0.995132
2659000	0.6000000000	0.0010000000	0.0100000000	10	100	0	0.994939
2660000	0.6000000000	0.0010000000	0.0100000000	10	100	0	0.995192
2661000	0.6000000000	0.0010000000	0.0100000000	10	100	0	0.995048
2662000	0.6000000000	0.0010000000	0.0100000000	10	100	0	0.995154
2663000	0.6000000000	0.0010000000	0.0100000000	10	100	0	0.995143
2664000	0.6000000000	0.0010000000	0.0100000000	10	100	0	0.995177
2665000	0.6000000000	0.0010000000	0.0100000000	10	100	0	0.995264
2666000	0.6000000000	0.0010000000	0.0100000000	10	100	0	0.995394
2667000	0.6000000000	0.0010000000	0.0100000000	10	100	0	0.995199
2668000	0.6000000000	0.0010000000	0.0100000000	10	100	0	0.995330
2669000	0.6000000000	0.0010000000	0.0100000000	10	100	0	0.995426
2670000	0.6000000000	0.0010000000	0.0100000000	10	100	0	0.995513
2671000	0.6000000000	0.0010000000	0.0100000000	10	100	0	0.995346
2672000	0.6000000000	0.0010000000	0.0100000000	10	100	0	0.995567
2673000	0.6000000000	0.0010000000	0.0100000000	10	100	0	0.995654
2674000	0.6000000000	0.0010000000	0.0100000000	10	100	0	0.995725
2675000	0.6000000000	0.0010000000	0.0100000000	10	100	0	0.995636
2676000	0.6000000000	0.0010000000	0.0100000000	10	100	0	0.995550
2677000	0.6000000000	0.0010000000	0.0100000000	10	100	0	0.995593
2678000	0.6000000000	0.0010000000	0.0100000000	10	100	0	0.995508
2679000	0.6000000000	0.0010000000	0.0100000000	10	100	0	0.995386
2680000	0.6000000000	0.0010000000	0.0100000000	10	100	0	0.995434
2681000	0.6000000000	0.0010000000	0.0100000000	10	100	0	0.995346
2682000	0.6000000000	0.0010000000	0.0100000000	10	100	0	0.995342
2683000	0.6000000000	0.0010000000	0.0100000000	10	100	0	0.995467
2684000	0.6000000000	0.0010000000	0.0100000000	10	100	0	0.995311
2685000	0.6000000000	0.0010000000	0.0100000000	10	100	0	0.995467
2686000	0.6000000000	0.0010000000	0.0100000000	10	100	0	0.995264
2687000	0.6000000000	0.0010000000	0.0100000000	10	100	0	0.995192
2688000	0.6000000000	0.0010000000	0.0100000000	10	100	0	0.995154
2689000	0.6000000000	0.0010000000	0.0100000000	10	100	0	0.995346
2690000	0.6000000000	0.0010000000	0.0100000000	10	100	0	0.995386
2691000	0.6000000000	0.0010000000	0.0100000000	10	100	0	0.995241
2692000	0.6000000000	0.0010000000	0.0100000000	10	100	0	0.995230
2693000	0.6000000000	0.0010000000	0.0100000000	10	100	0	0.995045
2694000	0.6000000000	0.0010000000	0.0100000000	10	100	0	0.995009
2695000	0.6000000000	0.0010000000	0.0100000000	10	100	0	0.994974
2696000	0.6000000000	0.0010000000	0.0100000000	10	100	0	0.995230
2697000	0.6000000000	0.0010000000	0.0100000000	10	100	0	0.995230
2698000	0.6000000000	0.0010000000	0.0100000000	10	100	0	0.995256
2699000	0.6000000000	0.0010000000	0.0100000000	10	100	0	0.995154
2700000	0.6000000000	0.0010000000	0.0100000000	10	100	0	0.995081
2701000	0.6000000000	0.0010000000	0.0100000000	10	100	0	0.995177
2702000	0.6000000000	0.0010000000	0.0100000000	10	100	0	0.995307
2703000	0.6000000000	0.0010000000	0.0100000000	10	100	0	0.995386
2704000	0.6000000000	0.0010000000	0.0100000000	10	100	0	0.995593
2705000	0.6000000000	0.0010000000	0.0100000000	10	100	0	0.995426
2706000	0.6000000000	0.0010000000	0.0100000000	10	100	0	0.995471
2707000	0.6000000000	0.0010000000	0.0100000000	10	100	0	0.995154
2708000	0.6000000000	0.0010000000	0.0100000000	10	100	0	0.995188
2709000	0.6000000000	0.0010000000	0.0100000000	10	100	0	0.995268
2710000	0.6000000000	0.0010000000	0.0100000000	10	100	0	0.995117
2711000	0.6000000000	0.0010000000	0.0100000000	10	100	0	0.995117
2712000	0.6000000000	0.0010000000	0.0100000000	10	100	0	0.995230
2713000	0.6000000000	0.0010000000	0.0100000000	10	100	0	0.995218
2714000	0.6000000000	0.0010000000	0.0100000000	10	100	0	0.995311
2715000	0.6000000000	0.0010000000	0.0100000000	10	100	0	0.995009
2716000	0.6000000000	0.0010000000	0.0100000000	10	100	0	0.994904
2717000	0.6000000000	0.0010000000	0.0100000000	10	100	0	0.994856
2718000	0.6000000000	0.0010000000	0.0100000000	10	100	0	0.994977
2719000	0.6000000000	0.0010000000	0.0100000000	10	100	0	0.994939
2720000	0.6000000000	0.0010000000	0.0100000000	10	100	0	0.995311
2721000	0.6000000000	0.0010000000	0.0100000000	10	100	0	0.995311
2722000	0.6000000000	0.0010000000	0.0100000000	10	100	0	0.995455
2723000	0.6000000000	0.0010000000	0.0100000000	10	100	0	0.995467
2724000	0.6000000000	0.0010000000	0.0100000000	10	100	0	0.995386
2725000	0.6000000000	0.0010000000	0.0100000000	10	100	0	0.995382
2726000	0.6000000000	0.0010000000	0.0100000000	10	100	0	0.995346
2727000	0.6000000000	0.0010000000	0.0100000000	10	100	0	0.995386
2728000	0.6000000000	0.0010000000	0.0100000000	10	100	0	0.995386
2729000	0.6000000000	0.0010000000	0.0100000000	10	100	0	0.995230
2730000	0.6000000000	0.0010000000	0.0100000000	10	100	0	0.995268
2731000	0.6000000000	0.0010000000	0.0100000000	10	100	0	0.995459
2732000	0.6000000000	0.0010000000	0.0100000000	10	100	0	0.995559
2733000	0.6000000000	0.0010000000	0.0100000000	10	100	0	0.995467
2734000	0.6000000000	0.0010000000	0.0100000000	10	100	0	0.995467
2735000	0.6000000000	0.0010000000	0.0100000000	10	100	0	0.995467
2736000	0.6000000000	0.0010000000	0.0100000000	10	100	0	0.995283
2737000	0.6000000000	0.0010000000	0.0100000000	10	100	0	0.995346
2738000	0.6000000000	0.0010000000	0.0100000000	10	100	0	0.995307
2739000	0.6000000000	0.0010000000	0.0100000000	10	100	0	0.995268
2740000	0.6000000000	0.0010000000	0.0100000000	10	100	0	0.995346
2741000	0.6000000000	0.0010000000	0.0100000000	10	100	0	0.995398
2742000	0.6000000000	0.0010000000	0.0100000000	10	100	0	0.995234
2743000	0.6000000000	0.0010000000	0.0100000000	10	100	0	0.995346
2744000	0.6000000000	0.0010000000	0.0100000000	10	100	0	0.995268
2745000	0.6000000000	0.0010000000	0.0100000000	10	100	0	0.995132
2746000	0.6000000000	0.0010000000	0.0100000000	10	100	0	0.995081
2747000	0.6000000000	0.0010000000	0.0100000000	10	100	0	0.995045
2748000	0.6000000000	0.0010000000	0.0100000000	10	100	0	0.995081
2749000	0.6000000000	0.0010000000	0.0100000000	10	100	0	0.995099
2750000	0.6000000000	0.0010000000	0.0100000000	10	100	0	0.995081
2751000	0.6000000000	0.0010000000	0.0100000000	10	100	0	0.995268
2752000	0.6000000000	0.0010000000	0.0100000000	10	100	0	0.995264
2753000	0.6000000000	0.0010000000	0.0100000000	10	100	0	0.995230
2754000	0.6000000000	0.0010000000	0.0100000000	10	100	0	0.995307
2755000	0.6000000000	0.0010000000	0.0100000000	10	100	0	0.995081
2756000	0.6000000000	0.0010000000	0.0100000000	10	100	0	0.995009
2757000	0.6000000000	0.0010000000	0.0100000000	10	100	0	0.994901
2758000	0.6000000000	0.0010000000	0.0100000000	10	100	0	0.994904
2759000	0.6000000000	0.0010000000	0.0100000000	10	100	0	0.994836
2760000	0.6000000000	0.0010000000	0.0100000000	10	100	0	0.994939
2761000	0.6000000000	0.0010000000	0.0100000000	10	100	0	0.994802
2762000	0.6000000000	0.0010000000	0.0100000000	10	100	0	0.994839
2763000	0.6000000000	0.0010000000	0.0100000000	10	100	0	0.994870
2764000	0.6000000000	0.0010000000	0.0100000000	10	100	0	0.994974
2765000	0.6000000000	0.0010000000	0.0100000000	10	100	0	0.995241
2766000	0.6000000000	0.0010000000	0.0100000000	10	100	0	0.994904
2767000	0.6000000000	0.0010000000	0.0100000000	10	100	0	0.994935
2768000	0.6000000000	0.0010000000	0.0100000000	10	100	0	0.994907
2769000	0.6000000000	0.0010000000	0.0100000000	10	100	0	0.994904
2770000	0.6000000000	0.0010000000	0.0100000000	10	100	0	0.995045
2771000	0.6000000000	0.0010000000	0.0100000000	10	100	0	0.995045
2772000	0.6000000000	0.0010000000	0.0100000000	10	100	0	0.995192
2773000	0.6000000000	0.0010000000	0.0100000000	10	100	0	0.995233
2774000	0.6000000000	0.0010000000	0.0100000000	10	100	0	0.995346
2775000	0.6000000000	0.0010000000	0.0100000000	10	100	0	0.995230
2776000	0.6000000000	0.0010000000	0.0100000000	10	100	0	0.995081
2777000	0.6000000000	0.0010000000	0.0100000000	10	100	0	0.995005
2778000	0.6000000000	0.0010000000	0.0100000000	10	100	0	0.995045
2779000	0.6000000000	0.0010000000	0.0100000000	10	100	0	0.994904
2780000	0.6000000000	0.0010000000	0.0100000000	10	100	0	0.994967
2781000	0.6000000000	0.0010000000	0.0100000000	10	100	0	0.994974
2782000	0.6000000000	0.0010000000	0.0100000000	10	100	0	0.995009
2783000	0.6000000000	0.0010000000	0.0100000000	10	100	0	0.995009
2784000	0.6000000000	0.0010000000	0.0100000000	10	100	0	0.995070
2785000	0.6000000000	0.0010000000	0.0100000000	10	100	0	0.995215
2786000	0.6000000000	0.0010000000	0.0100000000	10	100	0	0.995085
2787000	0.6000000000	0.0010000000	0.0100000000	10	100	0	0.995016
2788000	0.6000000000	0.0010000000	0.0100000000	10	100	0	0.995045
2789000	0.6000000000	0.0010000000	0.0100000000	10	100	0	0.995117
2790000	0.6000000000	0.0010000000	0.0100000000	10	100	0	0.995129
2791000	0.6000000000	0.0010000000	0.0100000000	10	100	0	0.995117
2792000	0.6000000000	0.0010000000	0.0100000000	10	100	0	0.995192
2793000	0.6000000000	0.0010000000	0.0100000000	10	100	0	0.995268
2794000	0.6000000000	0.0010000000	0.0100000000	10	100	0	0.995307
2795000	0.6000000000	0.0010000000	0.0100000000	10	100	0	0.995081
2796000	0.6000000000	0.0010000000	0.0100000000	10	100	0	0.995147
2797000	0.6000000000	0.0010000000	0.0100000000	10	100	0	0.995154
2798000	0.6000000000	0.0010000000	0.0100000000	10	100	0	0.995045
2799000	0.6000000000	0.0010000000	0.0100000000	10	100	0	0.995077
2800000	0.6000000000	0.0010000000	0.0100000000	10	100	0	0.995081
2801000	0.6000000000	0.0010000000	0.0100000000	10	100	0	0.995081
2802000	0.6000000000	0.0010000000	0.0100000000	10	100	0	0.995077
2803000	0.6000000000	0.0010000000	0.0100000000	10	100	0	0.995237
2804000	0.6000000000	0.0010000000	0.0100000000	10	100	0	0.995188
2805000	0.6000000000	0.0010000000	0.0100000000	10	100	0	0.995188
2806000	0.6000000000	0.0010000000	0.0100000000	10	100	0	0.995192
2807000	0.6000000000	0.0010000000	0.0100000000	10	100	0	0.995230
2808000	0.6000000000	0.0010000000	0.0100000000	10	100	0	0.995256
2809000	0.6000000000	0.0010000000	0.0100000000	10	100	0	0.995192
2810000	0.6000000000	0.0010000000	0.0100000000	10	100	0	0.995045
2811000	0.6000000000	0.0010000000	0.0100000000	10	100	0	0.995117
2812000	0.6000000000	0.0010000000	0.0100000000	10	100	0	0.995081
2813000	0.6000000000	0.0010000000	0.0100000000	10	100	0	0.995009
2814000	0.6000000000	0.0010000000	0.0100000000	10	100	0	0.995154
2815000	0.6000000000	0.0010000000	0.0100000000	10	100	0	0.995125
2816000	0.6000000000	0.0010000000	0.0100000000	10	100	0	0.995192
2817000	0.6000000000	0.0010000000	0.0100000000	10	100	0	0.995181
2818000	0.6000000000	0.0010000000	0.0100000000	10	100	0	0.995143
2819000	0.6000000000	0.0010000000	0.0100000000	10	100	0	0.995114
2820000	0.6000000000	0.0010000000	0.0100000000	10	100	0	0.995136
2821000	0.6000000000	0.0010000000	0.0100000000	10	100	0	0.995230
2822000	0.6000000000	0.0010000000	0.0100000000	10	100	0	0.995346
2823000	0.6000000000	0.0010000000	0.0100000000	10	100	0	0.995346
2824000	0.6000000000	0.0010000000	0.0100000000	10	100	0	0.995322
2825000	0.6000000000	0.0010000000	0.0100000000	10	100	0	0.995268
2826000	0.6000000000	0.0010000000	0.0100000000	10	100	0	0.995268
2827000	0.6000000000	0.0010000000	0.0100000000	10	100	0	0.995192
2828000	0.6000000000	0.0010000000	0.0100000000	10	100	0	0.995110
2829000	0.6000000000	0.0010000000	0.0100000000	10	100	0	0.995059
2830000	0.6000000000	0.0010000000	0.0100000000	10	100	0	0.995081
2831000	0.6000000000	0.0010000000	0.0100000000	10	100	0	0.995117
2832000	0.6000000000	0.0010000000	0.0100000000	10	100	0	0.995207
2833000	0.6000000000	0.0010000000	0.0100000000	10	100	0	0.995158
2834000	0.6000000000	0.0010000000	0.0100000000	10	100	0	0.995226
2835000	0.6000000000	0.0010000000	0.0100000000	10	100	0	0.995154
2836000	0.6000000000	0.0010000000	0.0100000000	10	100	0	0.995203
2837000	0.6000000000	0.0010000000	0.0100000000	10	100	0	0.995307
2838000	0.6000000000	0.0010000000	0.0100000000	10	100	0	0.995504
2839000	0.6000000000	0.0010000000	0.0100000000	10	100	0	0.995467
2840000	0.6000000000	0.0010000000	0.0100000000	10	100	0	0.995593
2841000	0.6000000000	0.0010000000	0.0100000000	10	100	0	0.995676
2842000	0.6000000000	0.0010000000	0.0100000000	10	100	0	0.995508
2843000	0.6000000000	0.0010000000	0.0100000000	10	100	0	0.995593
2844000	0.6000000000	0.0010000000	0.0100000000	10	100	0	0.995636
2845000	0.6000000000	0.0010000000	0.0100000000	10	100	0	0.995593
2846000	0.6000000000	0.0010000000	0.0100000000	10	100	0	0.995593
2847000	0.6000000000	0.0010000000	0.0100000000	10	100	0	0.995676
2848000	0.6000000000	0.0010000000	0.0100000000	10	100	0	0.995680
2849000	0.6000000000	0.0010000000	0.0100000000	10	100	0	0.995725
2850000	0.6000000000	0.0010000000	0.0100000000	10	100	0	0.995619
2851000	0.6000000000	0.0010000000	0.0100000000	10	100	0	0.995774
2852000	0.6000000000	0.0010000000	0.0100000000	10	100	0	0.995542
2853000	0.6000000000	0.0010000000	0.0100000000	10	100	0	0.995593
2854000	0.6000000000	0.0010000000	0.0100000000	10	100	0	0.995576
2855000	0.6000000000	0.0010000000	0.0100000000	10	100	0	0.995276
2856000	0.6000000000	0.0010000000	0.0100000000	10	100	0	0.995056
2857000	0.6000000000	0.0010000000	0.0100000000	10	100	0	0.995154
2858000	0.6000000000	0.0010000000	0.0100000000	10	100	0	0.995237
2859000	0.6000000000	0.0010000000	0.0100000000	10	100	0	0.995307
2860000	0.6000000000	0.0010000000	0.0100000000	10	100	0	0.995268
2861000	0.6000000000	0.0010000000	0.0100000000	10	100	0	0.995272
2862000	0.6000000000	0.0010000000	0.0100000000	10	100	0	0.995268
2863000	0.6000000000	0.0010000000	0.0100000000	10	100	0	0.995245
2864000	0.6000000000	0.0010000000	0.0100000000	10	100	0	0.994974
2865000	0.6000000000	0.0010000000	0.0100000000	10	100	0	0.995081
2866000	0.6000000000	0.0010000000	0.0100000000	10	100	0	0.994967
2867000	0.6000000000	0.0010000000	0.0100000000	10	100	0	0.995117
2868000	0.6000000000	0.0010000000	0.0100000000	10	100	0	0.995081
2869000	0.6000000000	0.0010000000	0.0100000000	10	100	0	0.995136
2870000	0.6000000000	0.0010000000	0.0100000000	10	100	0	0.995192
2871000	0.6000000000	0.0010000000	0.0100000000	10	100	0	0.995199
2872000	0.6000000000	0.0010000000	0.0100000000	10	100	0	0.995303
2873000	0.6000000000	0.0010000000	0.0100000000	10	100	0	0.995307
2874000	0.6000000000	0.0010000000	0.0100000000	10	100	0	0.994974
2875000	0.6000000000	0.0010000000	0.0100000000	10	100	0	0.995081
2876000	0.6000000000	0.0010000000	0.0100000000	10	100	0	0.995117
2877000	0.6000000000	0.0010000000	0.0100000000	10	100	0	0.995268
2878000	0.6000000000	0.0010000000	0.0100000000	10	100	0	0.995386
2879000	0.6000000000	0.0010000000	0.0100000000	10	100	0	0.995081
2880000	0.6000000000	0.0010000000	0.0100000000	10	100	0	0.995081
2881000	0.6000000000	0.0010000000	0.0100000000	10	100	0	0.995230
2882000	0.6000000000	0.0010000000	0.0100000000	10	100	0	0.995299
2883000	0.6000000000	0.0010000000	0.0100000000	10	100	0	0.995291
2884000	0.6000000000	0.0010000000	0.0100000000	10	100	0	0.995268
2885000	0.6000000000	0.0010000000	0.0100000000	10	100	0	0.995467
2886000	0.6000000000	0.0010000000	0.0100000000	10	100	0	0.995636
2887000	0.6000000000	0.0010000000	0.0100000000	10	100	0	0.995508
2888000	0.6000000000	0.0010000000	0.0100000000	10	100	0	0.995426
2889000	0.6000000000	0.0010000000	0.0100000000	10	100	0	0.995426
2890000	0.6000000000	0.0010000000	0.0100000000	10	100	0	0.995346
2891000	0.6000000000	0.0010000000	0.0100000000	10	100	0	0.995350
2892000	0.6000000000	0.0010000000	0.0100000000	10	100	0	0.995192
2893000	0.6000000000	0.0010000000	0.0100000000	10	100	0	0.995099
2894000	0.6000000000	0.0010000000	0.0100000000	10	100	0	0.995151
2895000	0.6000000000	0.0010000000	0.0100000000	10	100	0	0.995230
2896000	0.6000000000	0.0010000000	0.0100000000	10	100	0	0.995230
2897000	0.6000000000	0.0010000000	0.0100000000	10	100	0	0.995045
2898000	0.6000000000	0.0010000000	0.0100000000	10	100	0	0.995009
2899000	0.6000000000	0.0010000000	0.0100000000	10	100	0	0.995154
2900000	0.6000000000	0.0010000000	0.0100000000	10	100	0	0.995117
2901000	0.6000000000	0.0010000000	0.0100000000	10	100	0	0.995192
2902000	0.6000000000	0.0010000000	0.0100000000	10	100	0	0.995276
2903000	0.6000000000	0.0010000000	0.0100000000	10	100	0	0.995268
2904000	0.6000000000	0.0010000000	0.0100000000	10	100	0	0.995346
2905000	0.6000000000	0.0010000000	0.0100000000	10	100	0	0.995268
2906000	0.6000000000	0.0010000000	0.0100000000	10	100	0	0.995268
2907000	0.6000000000	0.0010000000	0.0100000000	10	100	0	0.995192
2908000	0.6000000000	0.0010000000	0.0100000000	10	100	0	0.995192
2909000	0.6000000000	0.0010000000	0.0100000000	10	100	0	0.995151
2910000	0.6000000000	0.0010000000	0.0100000000	10	100	0	0.995085
2911000	0.6000000000	0.0010000000	0.0100000000	10	100	0	0.994942
2912000	0.6000000000	0.0010000000	0.0100000000	10	100	0	0.994907
2913000	0.6000000000	0.0010000000	0.0100000000	10	100	0	0.994836
2914000	0.6000000000	0.0010000000	0.0100000000	10	100	0	0.994870
2915000	0.6000000000	0.0010000000	0.0100000000	10	100	0	0.994974
2916000	0.6000000000	0.0010000000	0.0100000000	10	100	0	0.995158
2917000	0.6000000000	0.0010000000	0.0100000000	10	100	0	0.995121
2918000	0.6000000000	0.0010000000	0.0100000000	10	100	0	0.995081
2919000	0.6000000000	0.0010000000	0.0100000000	10	100	0	0.995154
2920000	0.6000000000	0.0010000000	0.0100000000	10	100	0	0.995088
2921000	0.6000000000	0.0010000000	0.0100000000	10	100	0	0.994977
2922000	0.6000000000	0.0010000000	0.0100000000	10	100	0	0.995125
2923000	0.6000000000	0.0010000000	0.0100000000	10	100	0	0.995268
2924000	0.6000000000	0.0010000000	0.0100000000	10	100	0	0.995342
2925000	0.6000000000	0.0010000000	0.0100000000	10	100	0	0.995402
2926000	0.6000000000	0.0010000000	0.0100000000	10	100	0	0.995386
2927000	0.6000000000	0.0010000000	0.0100000000	10	100	0	0.995346
2928000	0.6000000000	0.0010000000	0.0100000000	10	100	0	0.995346
2929000	0.6000000000	0.0010000000	0.0100000000	10	100	0	0.995636
2930000	0.6000000000	0.0010000000	0.0100000000	10	100	0	0.995720
2931000	0.6000000000	0.0010000000	0.0100000000	10	100	0	0.995593
2932000	0.6000000000	0.0010000000	0.0100000000	10	100	0	0.995632
2933000	0.6000000000	0.0010000000	0.0100000000	10	100	0	0.995593
2934000	0.6000000000	0.0010000000	0.0100000000	10	100	0	0.995680
2935000	0.6000000000	0.0010000000	0.0100000000	10	100	0	0.995508
2936000	0.6000000000	0.0010000000	0.0100000000	10	100	0	0.995346
2937000	0.6000000000	0.0010000000	0.0100000000	10	100	0	0.995346
2938000	0.6000000000	0.0010000000	0.0100000000	10	100	0	0.995268
2939000	0.6000000000	0.0010000000	0.0100000000	10	100	0	0.995237
2940000	0.6000000000	0.0010000000	0.0100000000	10	100	0	0.995230
2941000	0.6000000000	0.0010000000	0.0100000000	10	100	0	0.995307
2942000	0.6000000000	0.0010000000	0.0100000000	10	100	0	0.995264
2943000	0.6000000000	0.0010000000	0.0100000000	10	100	0	0.995268
2944000	0.6000000000	0.0010000000	0.0100000000	10	100	0	0.995154
2945000	0.6000000000	0.0010000000	0.0100000000	10	100	0	0.995307
2946000	0.6000000000	0.0010000000	0.0100000000	10	100	0	0.995467
2947000	0.6000000000	0.0010000000	0.0100000000	10	100	0	0.995442
2948000	0.6000000000	0.0010000000	0.0100000000	10	100	0	0.995418
2949000	0.6000000000	0.0010000000	0.0100000000	10	100	0	0.995467
2950000	0.6000000000	0.0010000000	0.0100000000	10	100	0	0.995550
2951000	0.6000000000	0.0010000000	0.0100000000	10	100	0	0.995550
2952000	0.6000000000	0.0010000000	0.0100000000	10	100	0	0.995584
2953000	0.6000000000	0.0010000000	0.0100000000	10	100	0	0.995636
2954000	0.6000000000	0.0010000000	0.0100000000	10	100	0	0.995572
2955000	0.6000000000	0.0010000000	0.0100000000	10	100	0	0.995268
2956000	0.6000000000	0.0010000000	0.0100000000	10	100	0	0.995346
2957000	0.6000000000	0.0010000000	0.0100000000	10	100	0	0.995326
2958000	0.6000000000	0.0010000000	0.0100000000	10	100	0	0.995268
2959000	0.6000000000	0.0010000000	0.0100000000	10	100	0	0.995268
2960000	0.6000000000	0.0010000000	0.0100000000	10	100	0	0.995268
2961000	0.6000000000	0.0010000000	0.0100000000	10	100	0	0.995192
2962000	0.6000000000	0.0010000000	0.0100000000	10	100	0	0.995268
2963000	0.6000000000	0.0010000000	0.0100000000	10	100	0	0.995346
2964000	0.6000000000	0.0010000000	0.0100000000	10	100	0	0.995418
2965000	0.6000000000	0.0010000000	0.0100000000	10	100	0	0.995467
2966000	0.6000000000	0.0010000000	0.0100000000	10	100	0	0.995632
2967000	0.6000000000	0.0010000000	0.0100000000	10	100	0	0.995606
2968000	0.6000000000	0.0010000000	0.0100000000	10	100	0	0.995550
2969000	0.6000000000	0.0010000000	0.0100000000	10	100	0	0.995508
2970000	0.6000000000	0.0010000000	0.0100000000	10	100	0	0.995550
2971000	0.6000000000	0.0010000000	0.0100000000	10	100	0	0.995426
2972000	0.6000000000	0.0010000000	0.0100000000	10	100	0	0.995350
2973000	0.6000000000	0.0010000000	0.0100000000	10	100	0	0.995307
2974000	0.6000000000	0.0010000000	0.0100000000	10	100	0	0.995467
2975000	0.6000000000	0.0010000000	0.0100000000	10	100	0	0.995508
2976000	0.6000000000	0.0010000000	0.0100000000	10	100	0	0.995508
2977000	0.6000000000	0.0010000000	0.0100000000	10	100	0	0.995508
2978000	0.6000000000	0.0010000000	0.0100000000	10	100	0	0.995521
2979000	0.6000000000	0.0010000000	0.0100000000	10	100	0	0.995338
2980000	0.6000000000	0.0010000000	0.0100000000	10	100	0	0.995455
2981000	0.6000000000	0.0010000000	0.0100000000	10	100	0	0.995418
2982000	0.6000000000	0.0010000000	0.0100000000	10	100	0	0.995307
2983000	0.6000000000	0.0010000000	0.0100000000	10	100	0	0.995346
2984000	0.6000000000	0.0010000000	0.0100000000	10	100	0	0.995158
2985000	0.6000000000	0.0010000000	0.0100000000	10	100	0	0.995257
2986000	0.6000000000	0.0010000000	0.0100000000	10	100	0	0.995230
2987000	0.6000000000	0.0010000000	0.0100000000	10	100	0	0.995230
2988000	0.6000000000	0.0010000000	0.0100000000	10	100	0	0.995230
2989000	0.6000000000	0.0010000000	0.0100000000	10	100	0	0.995346
2990000	0.6000000000	0.0010000000	0.0100000000	10	100	0	0.995426
2991000	0.6000000000	0.0010000000	0.0100000000	10	100	0	0.995117
2992000	0.6000000000	0.0010000000	0.0100000000	10	100	0	0.995081
2993000	0.6000000000	0.0010000000	0.0100000000	10	100	0	0.995117
2994000	0.6000000000	0.0010000000	0.0100000000	10	100	0	0.995045
2995000	0.6000000000	0.0010000000	0.0100000000	10	100	0	0.995218
2996000	0.6000000000	0.0010000000	0.0100000000	10	100	0	0.995307
2997000	0.6000000000	0.0010000000	0.0100000000	10	100	0	0.995199
2998000	0.6000000000	0.0010000000	0.0100000000	10	100	0	0.995045
2999000	0.6000000000	0.0010000000	0.0100000000	10	100	0	0.995154
3000000	0.6000000000	0.0010000000	0.0100000000	10	100	0	0.995154
