time	epistasis_coef	sel_coef	mu_prob	Ne	L	k_start	mean_fitness
1500000	-0.8000000000	0.0100000000	1.0000000000	100	100	0	0.252014
1501000	-0.8000000000	0.0100000000	1.0000000000	100	100	0	0.223616
1502000	-0.8000000000	0.0100000000	1.0000000000	100	100	0	0.306593
1503000	-0.8000000000	0.0100000000	1.0000000000	100	100	0	0.306077
1504000	-0.8000000000	0.0100000000	1.0000000000	100	100	0	0.297941
1505000	-0.8000000000	0.0100000000	1.0000000000	100	100	0	0.339645
1506000	-0.8000000000	0.0100000000	1.0000000000	100	100	0	0.307878
1507000	-0.8000000000	0.0100000000	1.0000000000	100	100	0	0.204249
1508000	-0.8000000000	0.0100000000	1.0000000000	100	100	0	0.239829
1509000	-0.8000000000	0.0100000000	1.0000000000	100	100	0	0.280699
1510000	-0.8000000000	0.0100000000	1.0000000000	100	100	0	0.320270
1511000	-0.8000000000	0.0100000000	1.0000000000	100	100	0	0.370505
1512000	-0.8000000000	0.0100000000	1.0000000000	100	100	0	0.294436
1513000	-0.8000000000	0.0100000000	1.0000000000	100	100	0	0.265068
1514000	-0.8000000000	0.0100000000	1.0000000000	100	100	0	0.372652
1515000	-0.8000000000	0.0100000000	1.0000000000	100	100	0	0.275075
1516000	-0.8000000000	0.0100000000	1.0000000000	100	100	0	0.238566
1517000	-0.8000000000	0.0100000000	1.0000000000	100	100	0	0.251235
1518000	-0.8000000000	0.0100000000	1.0000000000	100	100	0	0.320565
1519000	-0.8000000000	0.0100000000	1.0000000000	100	100	0	0.352636
1520000	-0.8000000000	0.0100000000	1.0000000000	100	100	0	0.243765
1521000	-0.8000000000	0.0100000000	1.0000000000	100	100	0	0.374996
1522000	-0.8000000000	0.0100000000	1.0000000000	100	100	0	0.247250
1523000	-0.8000000000	0.0100000000	1.0000000000	100	100	0	0.356100
1524000	-0.8000000000	0.0100000000	1.0000000000	100	100	0	0.292091
1525000	-0.8000000000	0.0100000000	1.0000000000	100	100	0	0.336584
1526000	-0.8000000000	0.0100000000	1.0000000000	100	100	0	0.274294
1527000	-0.8000000000	0.0100000000	1.0000000000	100	100	0	0.217172
1528000	-0.8000000000	0.0100000000	1.0000000000	100	100	0	0.317583
1529000	-0.8000000000	0.0100000000	1.0000000000	100	100	0	0.320739
1530000	-0.8000000000	0.0100000000	1.0000000000	100	100	0	0.389907
1531000	-0.8000000000	0.0100000000	1.0000000000	100	100	0	0.308601
1532000	-0.8000000000	0.0100000000	1.0000000000	100	100	0	0.340088
1533000	-0.8000000000	0.0100000000	1.0000000000	100	100	0	0.247263
1534000	-0.8000000000	0.0100000000	1.0000000000	100	100	0	0.281890
1535000	-0.8000000000	0.0100000000	1.0000000000	100	100	0	0.354185
1536000	-0.8000000000	0.0100000000	1.0000000000	100	100	0	0.266902
1537000	-0.8000000000	0.0100000000	1.0000000000	100	100	0	0.306207
1538000	-0.8000000000	0.0100000000	1.0000000000	100	100	0	0.261422
1539000	-0.8000000000	0.0100000000	1.0000000000	100	100	0	0.282598
1540000	-0.8000000000	0.0100000000	1.0000000000	100	100	0	0.345722
1541000	-0.8000000000	0.0100000000	1.0000000000	100	100	0	0.338883
1542000	-0.8000000000	0.0100000000	1.0000000000	100	100	0	0.245224
1543000	-0.8000000000	0.0100000000	1.0000000000	100	100	0	0.330890
1544000	-0.8000000000	0.0100000000	1.0000000000	100	100	0	0.291845
1545000	-0.8000000000	0.0100000000	1.0000000000	100	100	0	0.404650
1546000	-0.8000000000	0.0100000000	1.0000000000	100	100	0	0.393444
1547000	-0.8000000000	0.0100000000	1.0000000000	100	100	0	0.272755
1548000	-0.8000000000	0.0100000000	1.0000000000	100	100	0	0.387084
1549000	-0.8000000000	0.0100000000	1.0000000000	100	100	0	0.325736
1550000	-0.8000000000	0.0100000000	1.0000000000	100	100	0	0.300605
1551000	-0.8000000000	0.0100000000	1.0000000000	100	100	0	0.273134
1552000	-0.8000000000	0.0100000000	1.0000000000	100	100	0	0.259054
1553000	-0.8000000000	0.0100000000	1.0000000000	100	100	0	0.390368
1554000	-0.8000000000	0.0100000000	1.0000000000	100	100	0	0.336853
1555000	-0.8000000000	0.0100000000	1.0000000000	100	100	0	0.368518
1556000	-0.8000000000	0.0100000000	1.0000000000	100	100	0	0.263488
1557000	-0.8000000000	0.0100000000	1.0000000000	100	100	0	0.226817
1558000	-0.8000000000	0.0100000000	1.0000000000	100	100	0	0.458673
1559000	-0.8000000000	0.0100000000	1.0000000000	100	100	0	0.248135
1560000	-0.8000000000	0.0100000000	1.0000000000	100	100	0	0.290069
1561000	-0.8000000000	0.0100000000	1.0000000000	100	100	0	0.398406
1562000	-0.8000000000	0.0100000000	1.0000000000	100	100	0	0.344440
1563000	-0.8000000000	0.0100000000	1.0000000000	100	100	0	0.271813
1564000	-0.8000000000	0.0100000000	1.0000000000	100	100	0	0.291733
1565000	-0.8000000000	0.0100000000	1.0000000000	100	100	0	0.329279
1566000	-0.8000000000	0.0100000000	1.0000000000	100	100	0	0.273407
1567000	-0.8000000000	0.0100000000	1.0000000000	100	100	0	0.300596
1568000	-0.8000000000	0.0100000000	1.0000000000	100	100	0	0.351882
1569000	-0.8000000000	0.0100000000	1.0000000000	100	100	0	0.406027
1570000	-0.8000000000	0.0100000000	1.0000000000	100	100	0	0.375598
1571000	-0.8000000000	0.0100000000	1.0000000000	100	100	0	0.257691
1572000	-0.8000000000	0.0100000000	1.0000000000	100	100	0	0.424311
1573000	-0.8000000000	0.0100000000	1.0000000000	100	100	0	0.222352
1574000	-0.8000000000	0.0100000000	1.0000000000	100	100	0	0.265102
1575000	-0.8000000000	0.0100000000	1.0000000000	100	100	0	0.316214
1576000	-0.8000000000	0.0100000000	1.0000000000	100	100	0	0.313848
1577000	-0.8000000000	0.0100000000	1.0000000000	100	100	0	0.267727
1578000	-0.8000000000	0.0100000000	1.0000000000	100	100	0	0.310499
1579000	-0.8000000000	0.0100000000	1.0000000000	100	100	0	0.376484
1580000	-0.8000000000	0.0100000000	1.0000000000	100	100	0	0.430266
1581000	-0.8000000000	0.0100000000	1.0000000000	100	100	0	0.274018
1582000	-0.8000000000	0.0100000000	1.0000000000	100	100	0	0.315947
1583000	-0.8000000000	0.0100000000	1.0000000000	100	100	0	0.313683
1584000	-0.8000000000	0.0100000000	1.0000000000	100	100	0	0.311245
1585000	-0.8000000000	0.0100000000	1.0000000000	100	100	0	0.368782
1586000	-0.8000000000	0.0100000000	1.0000000000	100	100	0	0.235554
1587000	-0.8000000000	0.0100000000	1.0000000000	100	100	0	0.396428
1588000	-0.8000000000	0.0100000000	1.0000000000	100	100	0	0.311578
1589000	-0.8000000000	0.0100000000	1.0000000000	100	100	0	0.272316
1590000	-0.8000000000	0.0100000000	1.0000000000	100	100	0	0.298061
1591000	-0.8000000000	0.0100000000	1.0000000000	100	100	0	0.252026
1592000	-0.8000000000	0.0100000000	1.0000000000	100	100	0	0.286837
1593000	-0.8000000000	0.0100000000	1.0000000000	100	100	0	0.261397
1594000	-0.8000000000	0.0100000000	1.0000000000	100	100	0	0.283916
1595000	-0.8000000000	0.0100000000	1.0000000000	100	100	0	0.383235
1596000	-0.8000000000	0.0100000000	1.0000000000	100	100	0	0.353910
1597000	-0.8000000000	0.0100000000	1.0000000000	100	100	0	0.325858
1598000	-0.8000000000	0.0100000000	1.0000000000	100	100	0	0.288075
1599000	-0.8000000000	0.0100000000	1.0000000000	100	100	0	0.342001
1600000	-0.8000000000	0.0100000000	1.0000000000	100	100	0	0.313365
1601000	-0.8000000000	0.0100000000	1.0000000000	100	100	0	0.291720
1602000	-0.8000000000	0.0100000000	1.0000000000	100	100	0	0.393877
1603000	-0.8000000000	0.0100000000	1.0000000000	100	100	0	0.252865
1604000	-0.8000000000	0.0100000000	1.0000000000	100	100	0	0.272562
1605000	-0.8000000000	0.0100000000	1.0000000000	100	100	0	0.265578
1606000	-0.8000000000	0.0100000000	1.0000000000	100	100	0	0.428514
1607000	-0.8000000000	0.0100000000	1.0000000000	100	100	0	0.243369
1608000	-0.8000000000	0.0100000000	1.0000000000	100	100	0	0.292535
1609000	-0.8000000000	0.0100000000	1.0000000000	100	100	0	0.212380
1610000	-0.8000000000	0.0100000000	1.0000000000	100	100	0	0.301967
1611000	-0.8000000000	0.0100000000	1.0000000000	100	100	0	0.333878
1612000	-0.8000000000	0.0100000000	1.0000000000	100	100	0	0.385611
1613000	-0.8000000000	0.0100000000	1.0000000000	100	100	0	0.431429
1614000	-0.8000000000	0.0100000000	1.0000000000	100	100	0	0.291829
1615000	-0.8000000000	0.0100000000	1.0000000000	100	100	0	0.246130
1616000	-0.8000000000	0.0100000000	1.0000000000	100	100	0	0.316586
1617000	-0.8000000000	0.0100000000	1.0000000000	100	100	0	0.294753
1618000	-0.8000000000	0.0100000000	1.0000000000	100	100	0	0.352900
1619000	-0.8000000000	0.0100000000	1.0000000000	100	100	0	0.305168
1620000	-0.8000000000	0.0100000000	1.0000000000	100	100	0	0.282489
1621000	-0.8000000000	0.0100000000	1.0000000000	100	100	0	0.226137
1622000	-0.8000000000	0.0100000000	1.0000000000	100	100	0	0.198049
1623000	-0.8000000000	0.0100000000	1.0000000000	100	100	0	0.282637
1624000	-0.8000000000	0.0100000000	1.0000000000	100	100	0	0.395655
1625000	-0.8000000000	0.0100000000	1.0000000000	100	100	0	0.366875
1626000	-0.8000000000	0.0100000000	1.0000000000	100	100	0	0.457180
1627000	-0.8000000000	0.0100000000	1.0000000000	100	100	0	0.281934
1628000	-0.8000000000	0.0100000000	1.0000000000	100	100	0	0.401805
1629000	-0.8000000000	0.0100000000	1.0000000000	100	100	0	0.290114
1630000	-0.8000000000	0.0100000000	1.0000000000	100	100	0	0.352303
1631000	-0.8000000000	0.0100000000	1.0000000000	100	100	0	0.232674
1632000	-0.8000000000	0.0100000000	1.0000000000	100	100	0	0.275513
1633000	-0.8000000000	0.0100000000	1.0000000000	100	100	0	0.438834
1634000	-0.8000000000	0.0100000000	1.0000000000	100	100	0	0.363854
1635000	-0.8000000000	0.0100000000	1.0000000000	100	100	0	0.234513
1636000	-0.8000000000	0.0100000000	1.0000000000	100	100	0	0.309633
1637000	-0.8000000000	0.0100000000	1.0000000000	100	100	0	0.420325
1638000	-0.8000000000	0.0100000000	1.0000000000	100	100	0	0.386069
1639000	-0.8000000000	0.0100000000	1.0000000000	100	100	0	0.277840
1640000	-0.8000000000	0.0100000000	1.0000000000	100	100	0	0.330925
1641000	-0.8000000000	0.0100000000	1.0000000000	100	100	0	0.329724
1642000	-0.8000000000	0.0100000000	1.0000000000	100	100	0	0.345572
1643000	-0.8000000000	0.0100000000	1.0000000000	100	100	0	0.354245
1644000	-0.8000000000	0.0100000000	1.0000000000	100	100	0	0.217997
1645000	-0.8000000000	0.0100000000	1.0000000000	100	100	0	0.298973
1646000	-0.8000000000	0.0100000000	1.0000000000	100	100	0	0.302099
1647000	-0.8000000000	0.0100000000	1.0000000000	100	100	0	0.380864
1648000	-0.8000000000	0.0100000000	1.0000000000	100	100	0	0.317612
1649000	-0.8000000000	0.0100000000	1.0000000000	100	100	0	0.283905
1650000	-0.8000000000	0.0100000000	1.0000000000	100	100	0	0.165340
1651000	-0.8000000000	0.0100000000	1.0000000000	100	100	0	0.255227
1652000	-0.8000000000	0.0100000000	1.0000000000	100	100	0	0.316251
1653000	-0.8000000000	0.0100000000	1.0000000000	100	100	0	0.260231
1654000	-0.8000000000	0.0100000000	1.0000000000	100	100	0	0.331334
1655000	-0.8000000000	0.0100000000	1.0000000000	100	100	0	0.349028
1656000	-0.8000000000	0.0100000000	1.0000000000	100	100	0	0.301292
1657000	-0.8000000000	0.0100000000	1.0000000000	100	100	0	0.334559
1658000	-0.8000000000	0.0100000000	1.0000000000	100	100	0	0.278507
1659000	-0.8000000000	0.0100000000	1.0000000000	100	100	0	0.270108
1660000	-0.8000000000	0.0100000000	1.0000000000	100	100	0	0.380001
1661000	-0.8000000000	0.0100000000	1.0000000000	100	100	0	0.272253
1662000	-0.8000000000	0.0100000000	1.0000000000	100	100	0	0.348893
1663000	-0.8000000000	0.0100000000	1.0000000000	100	100	0	0.317453
1664000	-0.8000000000	0.0100000000	1.0000000000	100	100	0	0.297547
1665000	-0.8000000000	0.0100000000	1.0000000000	100	100	0	0.410699
1666000	-0.8000000000	0.0100000000	1.0000000000	100	100	0	0.344908
1667000	-0.8000000000	0.0100000000	1.0000000000	100	100	0	0.337183
1668000	-0.8000000000	0.0100000000	1.0000000000	100	100	0	0.207782
1669000	-0.8000000000	0.0100000000	1.0000000000	100	100	0	0.299303
1670000	-0.8000000000	0.0100000000	1.0000000000	100	100	0	0.285834
1671000	-0.8000000000	0.0100000000	1.0000000000	100	100	0	0.279658
1672000	-0.8000000000	0.0100000000	1.0000000000	100	100	0	0.310370
1673000	-0.8000000000	0.0100000000	1.0000000000	100	100	0	0.304189
1674000	-0.8000000000	0.0100000000	1.0000000000	100	100	0	0.322691
1675000	-0.8000000000	0.0100000000	1.0000000000	100	100	0	0.375700
1676000	-0.8000000000	0.0100000000	1.0000000000	100	100	0	0.294253
1677000	-0.8000000000	0.0100000000	1.0000000000	100	100	0	0.188409
1678000	-0.8000000000	0.0100000000	1.0000000000	100	100	0	0.406442
1679000	-0.8000000000	0.0100000000	1.0000000000	100	100	0	0.304148
1680000	-0.8000000000	0.0100000000	1.0000000000	100	100	0	0.306261
1681000	-0.8000000000	0.0100000000	1.0000000000	100	100	0	0.343102
1682000	-0.8000000000	0.0100000000	1.0000000000	100	100	0	0.320920
1683000	-0.8000000000	0.0100000000	1.0000000000	100	100	0	0.284507
1684000	-0.8000000000	0.0100000000	1.0000000000	100	100	0	0.308740
1685000	-0.8000000000	0.0100000000	1.0000000000	100	100	0	0.329846
1686000	-0.8000000000	0.0100000000	1.0000000000	100	100	0	0.459257
1687000	-0.8000000000	0.0100000000	1.0000000000	100	100	0	0.278839
1688000	-0.8000000000	0.0100000000	1.0000000000	100	100	0	0.345055
1689000	-0.8000000000	0.0100000000	1.0000000000	100	100	0	0.350771
1690000	-0.8000000000	0.0100000000	1.0000000000	100	100	0	0.399271
1691000	-0.8000000000	0.0100000000	1.0000000000	100	100	0	0.225997
1692000	-0.8000000000	0.0100000000	1.0000000000	100	100	0	0.326544
1693000	-0.8000000000	0.0100000000	1.0000000000	100	100	0	0.385504
1694000	-0.8000000000	0.0100000000	1.0000000000	100	100	0	0.321181
1695000	-0.8000000000	0.0100000000	1.0000000000	100	100	0	0.364689
1696000	-0.8000000000	0.0100000000	1.0000000000	100	100	0	0.360373
1697000	-0.8000000000	0.0100000000	1.0000000000	100	100	0	0.308973
1698000	-0.8000000000	0.0100000000	1.0000000000	100	100	0	0.276734
1699000	-0.8000000000	0.0100000000	1.0000000000	100	100	0	0.341725
1700000	-0.8000000000	0.0100000000	1.0000000000	100	100	0	0.269948
1701000	-0.8000000000	0.0100000000	1.0000000000	100	100	0	0.247567
1702000	-0.8000000000	0.0100000000	1.0000000000	100	100	0	0.310920
1703000	-0.8000000000	0.0100000000	1.0000000000	100	100	0	0.321227
1704000	-0.8000000000	0.0100000000	1.0000000000	100	100	0	0.231608
1705000	-0.8000000000	0.0100000000	1.0000000000	100	100	0	0.287063
1706000	-0.8000000000	0.0100000000	1.0000000000	100	100	0	0.249880
1707000	-0.8000000000	0.0100000000	1.0000000000	100	100	0	0.280754
1708000	-0.8000000000	0.0100000000	1.0000000000	100	100	0	0.327115
1709000	-0.8000000000	0.0100000000	1.0000000000	100	100	0	0.309536
1710000	-0.8000000000	0.0100000000	1.0000000000	100	100	0	0.341844
1711000	-0.8000000000	0.0100000000	1.0000000000	100	100	0	0.454985
1712000	-0.8000000000	0.0100000000	1.0000000000	100	100	0	0.341609
1713000	-0.8000000000	0.0100000000	1.0000000000	100	100	0	0.330469
1714000	-0.8000000000	0.0100000000	1.0000000000	100	100	0	0.190522
1715000	-0.8000000000	0.0100000000	1.0000000000	100	100	0	0.285438
1716000	-0.8000000000	0.0100000000	1.0000000000	100	100	0	0.303749
1717000	-0.8000000000	0.0100000000	1.0000000000	100	100	0	0.264367
1718000	-0.8000000000	0.0100000000	1.0000000000	100	100	0	0.265759
1719000	-0.8000000000	0.0100000000	1.0000000000	100	100	0	0.250211
1720000	-0.8000000000	0.0100000000	1.0000000000	100	100	0	0.346905
1721000	-0.8000000000	0.0100000000	1.0000000000	100	100	0	0.360574
1722000	-0.8000000000	0.0100000000	1.0000000000	100	100	0	0.390197
1723000	-0.8000000000	0.0100000000	1.0000000000	100	100	0	0.321924
1724000	-0.8000000000	0.0100000000	1.0000000000	100	100	0	0.307503
1725000	-0.8000000000	0.0100000000	1.0000000000	100	100	0	0.293968
1726000	-0.8000000000	0.0100000000	1.0000000000	100	100	0	0.384936
1727000	-0.8000000000	0.0100000000	1.0000000000	100	100	0	0.302501
1728000	-0.8000000000	0.0100000000	1.0000000000	100	100	0	0.362175
1729000	-0.8000000000	0.0100000000	1.0000000000	100	100	0	0.315818
1730000	-0.8000000000	0.0100000000	1.0000000000	100	100	0	0.268739
1731000	-0.8000000000	0.0100000000	1.0000000000	100	100	0	0.334056
1732000	-0.8000000000	0.0100000000	1.0000000000	100	100	0	0.314593
1733000	-0.8000000000	0.0100000000	1.0000000000	100	100	0	0.285847
1734000	-0.8000000000	0.0100000000	1.0000000000	100	100	0	0.210735
1735000	-0.8000000000	0.0100000000	1.0000000000	100	100	0	0.316505
1736000	-0.8000000000	0.0100000000	1.0000000000	100	100	0	0.173064
1737000	-0.8000000000	0.0100000000	1.0000000000	100	100	0	0.274246
1738000	-0.8000000000	0.0100000000	1.0000000000	100	100	0	0.432004
1739000	-0.8000000000	0.0100000000	1.0000000000	100	100	0	0.322472
1740000	-0.8000000000	0.0100000000	1.0000000000	100	100	0	0.360457
1741000	-0.8000000000	0.0100000000	1.0000000000	100	100	0	0.241196
1742000	-0.8000000000	0.0100000000	1.0000000000	100	100	0	0.267702
1743000	-0.8000000000	0.0100000000	1.0000000000	100	100	0	0.282884
1744000	-0.8000000000	0.0100000000	1.0000000000	100	100	0	0.379321
1745000	-0.8000000000	0.0100000000	1.0000000000	100	100	0	0.246565
1746000	-0.8000000000	0.0100000000	1.0000000000	100	100	0	0.314813
1747000	-0.8000000000	0.0100000000	1.0000000000	100	100	0	0.291148
1748000	-0.8000000000	0.0100000000	1.0000000000	100	100	0	0.352768
1749000	-0.8000000000	0.0100000000	1.0000000000	100	100	0	0.369645
1750000	-0.8000000000	0.0100000000	1.0000000000	100	100	0	0.422072
1751000	-0.8000000000	0.0100000000	1.0000000000	100	100	0	0.398544
1752000	-0.8000000000	0.0100000000	1.0000000000	100	100	0	0.390326
1753000	-0.8000000000	0.0100000000	1.0000000000	100	100	0	0.246394
1754000	-0.8000000000	0.0100000000	1.0000000000	100	100	0	0.258006
1755000	-0.8000000000	0.0100000000	1.0000000000	100	100	0	0.243824
1756000	-0.8000000000	0.0100000000	1.0000000000	100	100	0	0.299640
1757000	-0.8000000000	0.0100000000	1.0000000000	100	100	0	0.308077
1758000	-0.8000000000	0.0100000000	1.0000000000	100	100	0	0.277337
1759000	-0.8000000000	0.0100000000	1.0000000000	100	100	0	0.519464
1760000	-0.8000000000	0.0100000000	1.0000000000	100	100	0	0.301863
1761000	-0.8000000000	0.0100000000	1.0000000000	100	100	0	0.342665
1762000	-0.8000000000	0.0100000000	1.0000000000	100	100	0	0.317249
1763000	-0.8000000000	0.0100000000	1.0000000000	100	100	0	0.293223
1764000	-0.8000000000	0.0100000000	1.0000000000	100	100	0	0.237755
1765000	-0.8000000000	0.0100000000	1.0000000000	100	100	0	0.291220
1766000	-0.8000000000	0.0100000000	1.0000000000	100	100	0	0.260278
1767000	-0.8000000000	0.0100000000	1.0000000000	100	100	0	0.252532
1768000	-0.8000000000	0.0100000000	1.0000000000	100	100	0	0.382130
1769000	-0.8000000000	0.0100000000	1.0000000000	100	100	0	0.266102
1770000	-0.8000000000	0.0100000000	1.0000000000	100	100	0	0.266192
1771000	-0.8000000000	0.0100000000	1.0000000000	100	100	0	0.304175
1772000	-0.8000000000	0.0100000000	1.0000000000	100	100	0	0.352548
1773000	-0.8000000000	0.0100000000	1.0000000000	100	100	0	0.366318
1774000	-0.8000000000	0.0100000000	1.0000000000	100	100	0	0.240088
1775000	-0.8000000000	0.0100000000	1.0000000000	100	100	0	0.357423
1776000	-0.8000000000	0.0100000000	1.0000000000	100	100	0	0.182987
1777000	-0.8000000000	0.0100000000	1.0000000000	100	100	0	0.283470
1778000	-0.8000000000	0.0100000000	1.0000000000	100	100	0	0.404902
1779000	-0.8000000000	0.0100000000	1.0000000000	100	100	0	0.302415
1780000	-0.8000000000	0.0100000000	1.0000000000	100	100	0	0.402907
1781000	-0.8000000000	0.0100000000	1.0000000000	100	100	0	0.288522
1782000	-0.8000000000	0.0100000000	1.0000000000	100	100	0	0.386629
1783000	-0.8000000000	0.0100000000	1.0000000000	100	100	0	0.210777
1784000	-0.8000000000	0.0100000000	1.0000000000	100	100	0	0.255516
1785000	-0.8000000000	0.0100000000	1.0000000000	100	100	0	0.250815
1786000	-0.8000000000	0.0100000000	1.0000000000	100	100	0	0.296091
1787000	-0.8000000000	0.0100000000	1.0000000000	100	100	0	0.446246
1788000	-0.8000000000	0.0100000000	1.0000000000	100	100	0	0.243591
1789000	-0.8000000000	0.0100000000	1.0000000000	100	100	0	0.290482
1790000	-0.8000000000	0.0100000000	1.0000000000	100	100	0	0.327669
1791000	-0.8000000000	0.0100000000	1.0000000000	100	100	0	0.262464
1792000	-0.8000000000	0.0100000000	1.0000000000	100	100	0	0.294753
1793000	-0.8000000000	0.0100000000	1.0000000000	100	100	0	0.291858
1794000	-0.8000000000	0.0100000000	1.0000000000	100	100	0	0.272175
1795000	-0.8000000000	0.0100000000	1.0000000000	100	100	0	0.363750
1796000	-0.8000000000	0.0100000000	1.0000000000	100	100	0	0.260816
1797000	-0.8000000000	0.0100000000	1.0000000000	100	100	0	0.337461
1798000	-0.8000000000	0.0100000000	1.0000000000	100	100	0	0.326192
1799000	-0.8000000000	0.0100000000	1.0000000000	100	100	0	0.429995
1800000	-0.8000000000	0.0100000000	1.0000000000	100	100	0	0.275601
1801000	-0.8000000000	0.0100000000	1.0000000000	100	100	0	0.415195
1802000	-0.8000000000	0.0100000000	1.0000000000	100	100	0	0.361472
1803000	-0.8000000000	0.0100000000	1.0000000000	100	100	0	0.361187
1804000	-0.8000000000	0.0100000000	1.0000000000	100	100	0	0.321002
1805000	-0.8000000000	0.0100000000	1.0000000000	100	100	0	0.341422
1806000	-0.8000000000	0.0100000000	1.0000000000	100	100	0	0.307481
1807000	-0.8000000000	0.0100000000	1.0000000000	100	100	0	0.338850
1808000	-0.8000000000	0.0100000000	1.0000000000	100	100	0	0.253681
1809000	-0.8000000000	0.0100000000	1.0000000000	100	100	0	0.333053
1810000	-0.8000000000	0.0100000000	1.0000000000	100	100	0	0.354007
1811000	-0.8000000000	0.0100000000	1.0000000000	100	100	0	0.331229
1812000	-0.8000000000	0.0100000000	1.0000000000	100	100	0	0.276808
1813000	-0.8000000000	0.0100000000	1.0000000000	100	100	0	0.306698
1814000	-0.8000000000	0.0100000000	1.0000000000	100	100	0	0.386811
1815000	-0.8000000000	0.0100000000	1.0000000000	100	100	0	0.286091
1816000	-0.8000000000	0.0100000000	1.0000000000	100	100	0	0.359436
1817000	-0.8000000000	0.0100000000	1.0000000000	100	100	0	0.358282
1818000	-0.8000000000	0.0100000000	1.0000000000	100	100	0	0.300609
1819000	-0.8000000000	0.0100000000	1.0000000000	100	100	0	0.377310
1820000	-0.8000000000	0.0100000000	1.0000000000	100	100	0	0.214377
1821000	-0.8000000000	0.0100000000	1.0000000000	100	100	0	0.302667
1822000	-0.8000000000	0.0100000000	1.0000000000	100	100	0	0.317362
1823000	-0.8000000000	0.0100000000	1.0000000000	100	100	0	0.323666
1824000	-0.8000000000	0.0100000000	1.0000000000	100	100	0	0.275287
1825000	-0.8000000000	0.0100000000	1.0000000000	100	100	0	0.337244
1826000	-0.8000000000	0.0100000000	1.0000000000	100	100	0	0.493570
1827000	-0.8000000000	0.0100000000	1.0000000000	100	100	0	0.300375
1828000	-0.8000000000	0.0100000000	1.0000000000	100	100	0	0.353940
1829000	-0.8000000000	0.0100000000	1.0000000000	100	100	0	0.269201
1830000	-0.8000000000	0.0100000000	1.0000000000	100	100	0	0.364815
1831000	-0.8000000000	0.0100000000	1.0000000000	100	100	0	0.320813
1832000	-0.8000000000	0.0100000000	1.0000000000	100	100	0	0.343214
1833000	-0.8000000000	0.0100000000	1.0000000000	100	100	0	0.302164
1834000	-0.8000000000	0.0100000000	1.0000000000	100	100	0	0.498754
1835000	-0.8000000000	0.0100000000	1.0000000000	100	100	0	0.405260
1836000	-0.8000000000	0.0100000000	1.0000000000	100	100	0	0.293542
1837000	-0.8000000000	0.0100000000	1.0000000000	100	100	0	0.334943
1838000	-0.8000000000	0.0100000000	1.0000000000	100	100	0	0.395032
1839000	-0.8000000000	0.0100000000	1.0000000000	100	100	0	0.415951
1840000	-0.8000000000	0.0100000000	1.0000000000	100	100	0	0.296396
1841000	-0.8000000000	0.0100000000	1.0000000000	100	100	0	0.289280
1842000	-0.8000000000	0.0100000000	1.0000000000	100	100	0	0.344598
1843000	-0.8000000000	0.0100000000	1.0000000000	100	100	0	0.223951
1844000	-0.8000000000	0.0100000000	1.0000000000	100	100	0	0.267980
1845000	-0.8000000000	0.0100000000	1.0000000000	100	100	0	0.355829
1846000	-0.8000000000	0.0100000000	1.0000000000	100	100	0	0.275565
1847000	-0.8000000000	0.0100000000	1.0000000000	100	100	0	0.293139
1848000	-0.8000000000	0.0100000000	1.0000000000	100	100	0	0.375756
1849000	-0.8000000000	0.0100000000	1.0000000000	100	100	0	0.375183
1850000	-0.8000000000	0.0100000000	1.0000000000	100	100	0	0.434414
1851000	-0.8000000000	0.0100000000	1.0000000000	100	100	0	0.408472
1852000	-0.8000000000	0.0100000000	1.0000000000	100	100	0	0.297584
1853000	-0.8000000000	0.0100000000	1.0000000000	100	100	0	0.218273
1854000	-0.8000000000	0.0100000000	1.0000000000	100	100	0	0.386733
1855000	-0.8000000000	0.0100000000	1.0000000000	100	100	0	0.409521
1856000	-0.8000000000	0.0100000000	1.0000000000	100	100	0	0.356101
1857000	-0.8000000000	0.0100000000	1.0000000000	100	100	0	0.355920
1858000	-0.8000000000	0.0100000000	1.0000000000	100	100	0	0.317773
1859000	-0.8000000000	0.0100000000	1.0000000000	100	100	0	0.300347
1860000	-0.8000000000	0.0100000000	1.0000000000	100	100	0	0.436670
1861000	-0.8000000000	0.0100000000	1.0000000000	100	100	0	0.302519
1862000	-0.8000000000	0.0100000000	1.0000000000	100	100	0	0.308999
1863000	-0.8000000000	0.0100000000	1.0000000000	100	100	0	0.290276
1864000	-0.8000000000	0.0100000000	1.0000000000	100	100	0	0.269252
1865000	-0.8000000000	0.0100000000	1.0000000000	100	100	0	0.320651
1866000	-0.8000000000	0.0100000000	1.0000000000	100	100	0	0.440290
1867000	-0.8000000000	0.0100000000	1.0000000000	100	100	0	0.273596
1868000	-0.8000000000	0.0100000000	1.0000000000	100	100	0	0.358344
1869000	-0.8000000000	0.0100000000	1.0000000000	100	100	0	0.326666
1870000	-0.8000000000	0.0100000000	1.0000000000	100	100	0	0.368113
1871000	-0.8000000000	0.0100000000	1.0000000000	100	100	0	0.251598
1872000	-0.8000000000	0.0100000000	1.0000000000	100	100	0	0.307354
1873000	-0.8000000000	0.0100000000	1.0000000000	100	100	0	0.278691
1874000	-0.8000000000	0.0100000000	1.0000000000	100	100	0	0.278231
1875000	-0.8000000000	0.0100000000	1.0000000000	100	100	0	0.407725
1876000	-0.8000000000	0.0100000000	1.0000000000	100	100	0	0.385776
1877000	-0.8000000000	0.0100000000	1.0000000000	100	100	0	0.314854
1878000	-0.8000000000	0.0100000000	1.0000000000	100	100	0	0.312218
1879000	-0.8000000000	0.0100000000	1.0000000000	100	100	0	0.314626
1880000	-0.8000000000	0.0100000000	1.0000000000	100	100	0	0.258137
1881000	-0.8000000000	0.0100000000	1.0000000000	100	100	0	0.298708
1882000	-0.8000000000	0.0100000000	1.0000000000	100	100	0	0.460425
1883000	-0.8000000000	0.0100000000	1.0000000000	100	100	0	0.253096
1884000	-0.8000000000	0.0100000000	1.0000000000	100	100	0	0.346973
1885000	-0.8000000000	0.0100000000	1.0000000000	100	100	0	0.285938
1886000	-0.8000000000	0.0100000000	1.0000000000	100	100	0	0.288640
1887000	-0.8000000000	0.0100000000	1.0000000000	100	100	0	0.317722
1888000	-0.8000000000	0.0100000000	1.0000000000	100	100	0	0.301863
1889000	-0.8000000000	0.0100000000	1.0000000000	100	100	0	0.281630
1890000	-0.8000000000	0.0100000000	1.0000000000	100	100	0	0.379867
1891000	-0.8000000000	0.0100000000	1.0000000000	100	100	0	0.349251
1892000	-0.8000000000	0.0100000000	1.0000000000	100	100	0	0.295188
1893000	-0.8000000000	0.0100000000	1.0000000000	100	100	0	0.303040
1894000	-0.8000000000	0.0100000000	1.0000000000	100	100	0	0.375336
1895000	-0.8000000000	0.0100000000	1.0000000000	100	100	0	0.188415
1896000	-0.8000000000	0.0100000000	1.0000000000	100	100	0	0.258960
1897000	-0.8000000000	0.0100000000	1.0000000000	100	100	0	0.290171
1898000	-0.8000000000	0.0100000000	1.0000000000	100	100	0	0.301953
1899000	-0.8000000000	0.0100000000	1.0000000000	100	100	0	0.294185
1900000	-0.8000000000	0.0100000000	1.0000000000	100	100	0	0.359168
1901000	-0.8000000000	0.0100000000	1.0000000000	100	100	0	0.258296
1902000	-0.8000000000	0.0100000000	1.0000000000	100	100	0	0.233004
1903000	-0.8000000000	0.0100000000	1.0000000000	100	100	0	0.305394
1904000	-0.8000000000	0.0100000000	1.0000000000	100	100	0	0.287128
1905000	-0.8000000000	0.0100000000	1.0000000000	100	100	0	0.484919
1906000	-0.8000000000	0.0100000000	1.0000000000	100	100	0	0.308292
1907000	-0.8000000000	0.0100000000	1.0000000000	100	100	0	0.221444
1908000	-0.8000000000	0.0100000000	1.0000000000	100	100	0	0.263183
1909000	-0.8000000000	0.0100000000	1.0000000000	100	100	0	0.336762
1910000	-0.8000000000	0.0100000000	1.0000000000	100	100	0	0.303408
1911000	-0.8000000000	0.0100000000	1.0000000000	100	100	0	0.323261
1912000	-0.8000000000	0.0100000000	1.0000000000	100	100	0	0.327013
1913000	-0.8000000000	0.0100000000	1.0000000000	100	100	0	0.313275
1914000	-0.8000000000	0.0100000000	1.0000000000	100	100	0	0.458012
1915000	-0.8000000000	0.0100000000	1.0000000000	100	100	0	0.345389
1916000	-0.8000000000	0.0100000000	1.0000000000	100	100	0	0.332338
1917000	-0.8000000000	0.0100000000	1.0000000000	100	100	0	0.366122
1918000	-0.8000000000	0.0100000000	1.0000000000	100	100	0	0.266813
1919000	-0.8000000000	0.0100000000	1.0000000000	100	100	0	0.294319
1920000	-0.8000000000	0.0100000000	1.0000000000	100	100	0	0.283326
1921000	-0.8000000000	0.0100000000	1.0000000000	100	100	0	0.286032
1922000	-0.8000000000	0.0100000000	1.0000000000	100	100	0	0.317138
1923000	-0.8000000000	0.0100000000	1.0000000000	100	100	0	0.279721
1924000	-0.8000000000	0.0100000000	1.0000000000	100	100	0	0.240220
1925000	-0.8000000000	0.0100000000	1.0000000000	100	100	0	0.165215
1926000	-0.8000000000	0.0100000000	1.0000000000	100	100	0	0.385443
1927000	-0.8000000000	0.0100000000	1.0000000000	100	100	0	0.264638
1928000	-0.8000000000	0.0100000000	1.0000000000	100	100	0	0.403665
1929000	-0.8000000000	0.0100000000	1.0000000000	100	100	0	0.224167
1930000	-0.8000000000	0.0100000000	1.0000000000	100	100	0	0.402074
1931000	-0.8000000000	0.0100000000	1.0000000000	100	100	0	0.473587
1932000	-0.8000000000	0.0100000000	1.0000000000	100	100	0	0.268979
1933000	-0.8000000000	0.0100000000	1.0000000000	100	100	0	0.321832
1934000	-0.8000000000	0.0100000000	1.0000000000	100	100	0	0.205391
1935000	-0.8000000000	0.0100000000	1.0000000000	100	100	0	0.221053
1936000	-0.8000000000	0.0100000000	1.0000000000	100	100	0	0.293876
1937000	-0.8000000000	0.0100000000	1.0000000000	100	100	0	0.350407
1938000	-0.8000000000	0.0100000000	1.0000000000	100	100	0	0.374386
1939000	-0.8000000000	0.0100000000	1.0000000000	100	100	0	0.259513
1940000	-0.8000000000	0.0100000000	1.0000000000	100	100	0	0.251583
1941000	-0.8000000000	0.0100000000	1.0000000000	100	100	0	0.264085
1942000	-0.8000000000	0.0100000000	1.0000000000	100	100	0	0.395009
1943000	-0.8000000000	0.0100000000	1.0000000000	100	100	0	0.217500
1944000	-0.8000000000	0.0100000000	1.0000000000	100	100	0	0.362276
1945000	-0.8000000000	0.0100000000	1.0000000000	100	100	0	0.271750
1946000	-0.8000000000	0.0100000000	1.0000000000	100	100	0	0.234427
1947000	-0.8000000000	0.0100000000	1.0000000000	100	100	0	0.314235
1948000	-0.8000000000	0.0100000000	1.0000000000	100	100	0	0.305647
1949000	-0.8000000000	0.0100000000	1.0000000000	100	100	0	0.255181
1950000	-0.8000000000	0.0100000000	1.0000000000	100	100	0	0.253400
1951000	-0.8000000000	0.0100000000	1.0000000000	100	100	0	0.324472
1952000	-0.8000000000	0.0100000000	1.0000000000	100	100	0	0.327932
1953000	-0.8000000000	0.0100000000	1.0000000000	100	100	0	0.264373
1954000	-0.8000000000	0.0100000000	1.0000000000	100	100	0	0.306709
1955000	-0.8000000000	0.0100000000	1.0000000000	100	100	0	0.273219
1956000	-0.8000000000	0.0100000000	1.0000000000	100	100	0	0.374724
1957000	-0.8000000000	0.0100000000	1.0000000000	100	100	0	0.280567
1958000	-0.8000000000	0.0100000000	1.0000000000	100	100	0	0.329933
1959000	-0.8000000000	0.0100000000	1.0000000000	100	100	0	0.319023
1960000	-0.8000000000	0.0100000000	1.0000000000	100	100	0	0.293348
1961000	-0.8000000000	0.0100000000	1.0000000000	100	100	0	0.306512
1962000	-0.8000000000	0.0100000000	1.0000000000	100	100	0	0.316681
1963000	-0.8000000000	0.0100000000	1.0000000000	100	100	0	0.430284
1964000	-0.8000000000	0.0100000000	1.0000000000	100	100	0	0.354270
1965000	-0.8000000000	0.0100000000	1.0000000000	100	100	0	0.393675
1966000	-0.8000000000	0.0100000000	1.0000000000	100	100	0	0.394685
1967000	-0.8000000000	0.0100000000	1.0000000000	100	100	0	0.332936
1968000	-0.8000000000	0.0100000000	1.0000000000	100	100	0	0.416457
1969000	-0.8000000000	0.0100000000	1.0000000000	100	100	0	0.337653
1970000	-0.8000000000	0.0100000000	1.0000000000	100	100	0	0.350519
1971000	-0.8000000000	0.0100000000	1.0000000000	100	100	0	0.331136
1972000	-0.8000000000	0.0100000000	1.0000000000	100	100	0	0.340578
1973000	-0.8000000000	0.0100000000	1.0000000000	100	100	0	0.249879
1974000	-0.8000000000	0.0100000000	1.0000000000	100	100	0	0.303968
1975000	-0.8000000000	0.0100000000	1.0000000000	100	100	0	0.391993
1976000	-0.8000000000	0.0100000000	1.0000000000	100	100	0	0.194443
1977000	-0.8000000000	0.0100000000	1.0000000000	100	100	0	0.364934
1978000	-0.8000000000	0.0100000000	1.0000000000	100	100	0	0.306214
1979000	-0.8000000000	0.0100000000	1.0000000000	100	100	0	0.440614
1980000	-0.8000000000	0.0100000000	1.0000000000	100	100	0	0.328649
1981000	-0.8000000000	0.0100000000	1.0000000000	100	100	0	0.339430
1982000	-0.8000000000	0.0100000000	1.0000000000	100	100	0	0.309732
1983000	-0.8000000000	0.0100000000	1.0000000000	100	100	0	0.330136
1984000	-0.8000000000	0.0100000000	1.0000000000	100	100	0	0.219547
1985000	-0.8000000000	0.0100000000	1.0000000000	100	100	0	0.275294
1986000	-0.8000000000	0.0100000000	1.0000000000	100	100	0	0.285975
1987000	-0.8000000000	0.0100000000	1.0000000000	100	100	0	0.258393
1988000	-0.8000000000	0.0100000000	1.0000000000	100	100	0	0.258240
1989000	-0.8000000000	0.0100000000	1.0000000000	100	100	0	0.248410
1990000	-0.8000000000	0.0100000000	1.0000000000	100	100	0	0.259599
1991000	-0.8000000000	0.0100000000	1.0000000000	100	100	0	0.217435
1992000	-0.8000000000	0.0100000000	1.0000000000	100	100	0	0.348389
1993000	-0.8000000000	0.0100000000	1.0000000000	100	100	0	0.424299
1994000	-0.8000000000	0.0100000000	1.0000000000	100	100	0	0.333325
1995000	-0.8000000000	0.0100000000	1.0000000000	100	100	0	0.268816
1996000	-0.8000000000	0.0100000000	1.0000000000	100	100	0	0.232291
1997000	-0.8000000000	0.0100000000	1.0000000000	100	100	0	0.421960
1998000	-0.8000000000	0.0100000000	1.0000000000	100	100	0	0.325862
1999000	-0.8000000000	0.0100000000	1.0000000000	100	100	0	0.268008
2000000	-0.8000000000	0.0100000000	1.0000000000	100	100	0	0.342669
2001000	-0.8000000000	0.0100000000	1.0000000000	100	100	0	0.323121
2002000	-0.8000000000	0.0100000000	1.0000000000	100	100	0	0.202227
2003000	-0.8000000000	0.0100000000	1.0000000000	100	100	0	0.359826
2004000	-0.8000000000	0.0100000000	1.0000000000	100	100	0	0.324537
2005000	-0.8000000000	0.0100000000	1.0000000000	100	100	0	0.259652
2006000	-0.8000000000	0.0100000000	1.0000000000	100	100	0	0.249153
2007000	-0.8000000000	0.0100000000	1.0000000000	100	100	0	0.264452
2008000	-0.8000000000	0.0100000000	1.0000000000	100	100	0	0.359819
2009000	-0.8000000000	0.0100000000	1.0000000000	100	100	0	0.280131
2010000	-0.8000000000	0.0100000000	1.0000000000	100	100	0	0.290571
2011000	-0.8000000000	0.0100000000	1.0000000000	100	100	0	0.291776
2012000	-0.8000000000	0.0100000000	1.0000000000	100	100	0	0.267292
2013000	-0.8000000000	0.0100000000	1.0000000000	100	100	0	0.393356
2014000	-0.8000000000	0.0100000000	1.0000000000	100	100	0	0.324308
2015000	-0.8000000000	0.0100000000	1.0000000000	100	100	0	0.246022
2016000	-0.8000000000	0.0100000000	1.0000000000	100	100	0	0.281774
2017000	-0.8000000000	0.0100000000	1.0000000000	100	100	0	0.436620
2018000	-0.8000000000	0.0100000000	1.0000000000	100	100	0	0.283594
2019000	-0.8000000000	0.0100000000	1.0000000000	100	100	0	0.330377
2020000	-0.8000000000	0.0100000000	1.0000000000	100	100	0	0.270694
2021000	-0.8000000000	0.0100000000	1.0000000000	100	100	0	0.352511
2022000	-0.8000000000	0.0100000000	1.0000000000	100	100	0	0.293277
2023000	-0.8000000000	0.0100000000	1.0000000000	100	100	0	0.289947
2024000	-0.8000000000	0.0100000000	1.0000000000	100	100	0	0.279629
2025000	-0.8000000000	0.0100000000	1.0000000000	100	100	0	0.398564
2026000	-0.8000000000	0.0100000000	1.0000000000	100	100	0	0.326262
2027000	-0.8000000000	0.0100000000	1.0000000000	100	100	0	0.244631
2028000	-0.8000000000	0.0100000000	1.0000000000	100	100	0	0.337877
2029000	-0.8000000000	0.0100000000	1.0000000000	100	100	0	0.286191
2030000	-0.8000000000	0.0100000000	1.0000000000	100	100	0	0.352128
2031000	-0.8000000000	0.0100000000	1.0000000000	100	100	0	0.236012
2032000	-0.8000000000	0.0100000000	1.0000000000	100	100	0	0.321766
2033000	-0.8000000000	0.0100000000	1.0000000000	100	100	0	0.373425
2034000	-0.8000000000	0.0100000000	1.0000000000	100	100	0	0.264596
2035000	-0.8000000000	0.0100000000	1.0000000000	100	100	0	0.326493
2036000	-0.8000000000	0.0100000000	1.0000000000	100	100	0	0.347454
2037000	-0.8000000000	0.0100000000	1.0000000000	100	100	0	0.399811
2038000	-0.8000000000	0.0100000000	1.0000000000	100	100	0	0.409671
2039000	-0.8000000000	0.0100000000	1.0000000000	100	100	0	0.379947
2040000	-0.8000000000	0.0100000000	1.0000000000	100	100	0	0.246937
2041000	-0.8000000000	0.0100000000	1.0000000000	100	100	0	0.245800
2042000	-0.8000000000	0.0100000000	1.0000000000	100	100	0	0.378653
2043000	-0.8000000000	0.0100000000	1.0000000000	100	100	0	0.249803
2044000	-0.8000000000	0.0100000000	1.0000000000	100	100	0	0.260211
2045000	-0.8000000000	0.0100000000	1.0000000000	100	100	0	0.365832
2046000	-0.8000000000	0.0100000000	1.0000000000	100	100	0	0.289422
2047000	-0.8000000000	0.0100000000	1.0000000000	100	100	0	0.239066
2048000	-0.8000000000	0.0100000000	1.0000000000	100	100	0	0.253298
2049000	-0.8000000000	0.0100000000	1.0000000000	100	100	0	0.321884
2050000	-0.8000000000	0.0100000000	1.0000000000	100	100	0	0.289728
2051000	-0.8000000000	0.0100000000	1.0000000000	100	100	0	0.288342
2052000	-0.8000000000	0.0100000000	1.0000000000	100	100	0	0.262072
2053000	-0.8000000000	0.0100000000	1.0000000000	100	100	0	0.404294
2054000	-0.8000000000	0.0100000000	1.0000000000	100	100	0	0.382623
2055000	-0.8000000000	0.0100000000	1.0000000000	100	100	0	0.369764
2056000	-0.8000000000	0.0100000000	1.0000000000	100	100	0	0.297285
2057000	-0.8000000000	0.0100000000	1.0000000000	100	100	0	0.313736
2058000	-0.8000000000	0.0100000000	1.0000000000	100	100	0	0.285396
2059000	-0.8000000000	0.0100000000	1.0000000000	100	100	0	0.373984
2060000	-0.8000000000	0.0100000000	1.0000000000	100	100	0	0.227703
2061000	-0.8000000000	0.0100000000	1.0000000000	100	100	0	0.373944
2062000	-0.8000000000	0.0100000000	1.0000000000	100	100	0	0.270599
2063000	-0.8000000000	0.0100000000	1.0000000000	100	100	0	0.249594
2064000	-0.8000000000	0.0100000000	1.0000000000	100	100	0	0.254278
2065000	-0.8000000000	0.0100000000	1.0000000000	100	100	0	0.279374
2066000	-0.8000000000	0.0100000000	1.0000000000	100	100	0	0.348684
2067000	-0.8000000000	0.0100000000	1.0000000000	100	100	0	0.422996
2068000	-0.8000000000	0.0100000000	1.0000000000	100	100	0	0.301826
2069000	-0.8000000000	0.0100000000	1.0000000000	100	100	0	0.294217
2070000	-0.8000000000	0.0100000000	1.0000000000	100	100	0	0.364175
2071000	-0.8000000000	0.0100000000	1.0000000000	100	100	0	0.264864
2072000	-0.8000000000	0.0100000000	1.0000000000	100	100	0	0.287069
2073000	-0.8000000000	0.0100000000	1.0000000000	100	100	0	0.262647
2074000	-0.8000000000	0.0100000000	1.0000000000	100	100	0	0.262503
2075000	-0.8000000000	0.0100000000	1.0000000000	100	100	0	0.299573
2076000	-0.8000000000	0.0100000000	1.0000000000	100	100	0	0.303312
2077000	-0.8000000000	0.0100000000	1.0000000000	100	100	0	0.438733
2078000	-0.8000000000	0.0100000000	1.0000000000	100	100	0	0.274254
2079000	-0.8000000000	0.0100000000	1.0000000000	100	100	0	0.282517
2080000	-0.8000000000	0.0100000000	1.0000000000	100	100	0	0.292676
2081000	-0.8000000000	0.0100000000	1.0000000000	100	100	0	0.282259
2082000	-0.8000000000	0.0100000000	1.0000000000	100	100	0	0.282774
2083000	-0.8000000000	0.0100000000	1.0000000000	100	100	0	0.327738
2084000	-0.8000000000	0.0100000000	1.0000000000	100	100	0	0.308407
2085000	-0.8000000000	0.0100000000	1.0000000000	100	100	0	0.437533
2086000	-0.8000000000	0.0100000000	1.0000000000	100	100	0	0.370429
2087000	-0.8000000000	0.0100000000	1.0000000000	100	100	0	0.262770
2088000	-0.8000000000	0.0100000000	1.0000000000	100	100	0	0.343938
2089000	-0.8000000000	0.0100000000	1.0000000000	100	100	0	0.364147
2090000	-0.8000000000	0.0100000000	1.0000000000	100	100	0	0.497963
2091000	-0.8000000000	0.0100000000	1.0000000000	100	100	0	0.289608
2092000	-0.8000000000	0.0100000000	1.0000000000	100	100	0	0.333879
2093000	-0.8000000000	0.0100000000	1.0000000000	100	100	0	0.244390
2094000	-0.8000000000	0.0100000000	1.0000000000	100	100	0	0.222361
2095000	-0.8000000000	0.0100000000	1.0000000000	100	100	0	0.304918
2096000	-0.8000000000	0.0100000000	1.0000000000	100	100	0	0.334599
2097000	-0.8000000000	0.0100000000	1.0000000000	100	100	0	0.213272
2098000	-0.8000000000	0.0100000000	1.0000000000	100	100	0	0.321574
2099000	-0.8000000000	0.0100000000	1.0000000000	100	100	0	0.293472
2100000	-0.8000000000	0.0100000000	1.0000000000	100	100	0	0.238811
2101000	-0.8000000000	0.0100000000	1.0000000000	100	100	0	0.369242
2102000	-0.8000000000	0.0100000000	1.0000000000	100	100	0	0.297284
2103000	-0.8000000000	0.0100000000	1.0000000000	100	100	0	0.278827
2104000	-0.8000000000	0.0100000000	1.0000000000	100	100	0	0.370677
2105000	-0.8000000000	0.0100000000	1.0000000000	100	100	0	0.332577
2106000	-0.8000000000	0.0100000000	1.0000000000	100	100	0	0.287941
2107000	-0.8000000000	0.0100000000	1.0000000000	100	100	0	0.308771
2108000	-0.8000000000	0.0100000000	1.0000000000	100	100	0	0.267473
2109000	-0.8000000000	0.0100000000	1.0000000000	100	100	0	0.287393
2110000	-0.8000000000	0.0100000000	1.0000000000	100	100	0	0.396095
2111000	-0.8000000000	0.0100000000	1.0000000000	100	100	0	0.241395
2112000	-0.8000000000	0.0100000000	1.0000000000	100	100	0	0.263479
2113000	-0.8000000000	0.0100000000	1.0000000000	100	100	0	0.235659
2114000	-0.8000000000	0.0100000000	1.0000000000	100	100	0	0.225445
2115000	-0.8000000000	0.0100000000	1.0000000000	100	100	0	0.271337
2116000	-0.8000000000	0.0100000000	1.0000000000	100	100	0	0.316485
2117000	-0.8000000000	0.0100000000	1.0000000000	100	100	0	0.333949
2118000	-0.8000000000	0.0100000000	1.0000000000	100	100	0	0.340051
2119000	-0.8000000000	0.0100000000	1.0000000000	100	100	0	0.305184
2120000	-0.8000000000	0.0100000000	1.0000000000	100	100	0	0.442326
2121000	-0.8000000000	0.0100000000	1.0000000000	100	100	0	0.249544
2122000	-0.8000000000	0.0100000000	1.0000000000	100	100	0	0.322714
2123000	-0.8000000000	0.0100000000	1.0000000000	100	100	0	0.288701
2124000	-0.8000000000	0.0100000000	1.0000000000	100	100	0	0.370832
2125000	-0.8000000000	0.0100000000	1.0000000000	100	100	0	0.313476
2126000	-0.8000000000	0.0100000000	1.0000000000	100	100	0	0.320589
2127000	-0.8000000000	0.0100000000	1.0000000000	100	100	0	0.333081
2128000	-0.8000000000	0.0100000000	1.0000000000	100	100	0	0.270679
2129000	-0.8000000000	0.0100000000	1.0000000000	100	100	0	0.314100
2130000	-0.8000000000	0.0100000000	1.0000000000	100	100	0	0.322263
2131000	-0.8000000000	0.0100000000	1.0000000000	100	100	0	0.240447
2132000	-0.8000000000	0.0100000000	1.0000000000	100	100	0	0.323672
2133000	-0.8000000000	0.0100000000	1.0000000000	100	100	0	0.328659
2134000	-0.8000000000	0.0100000000	1.0000000000	100	100	0	0.277140
2135000	-0.8000000000	0.0100000000	1.0000000000	100	100	0	0.327481
2136000	-0.8000000000	0.0100000000	1.0000000000	100	100	0	0.337720
2137000	-0.8000000000	0.0100000000	1.0000000000	100	100	0	0.244670
2138000	-0.8000000000	0.0100000000	1.0000000000	100	100	0	0.270247
2139000	-0.8000000000	0.0100000000	1.0000000000	100	100	0	0.268980
2140000	-0.8000000000	0.0100000000	1.0000000000	100	100	0	0.288056
2141000	-0.8000000000	0.0100000000	1.0000000000	100	100	0	0.348203
2142000	-0.8000000000	0.0100000000	1.0000000000	100	100	0	0.296930
2143000	-0.8000000000	0.0100000000	1.0000000000	100	100	0	0.325836
2144000	-0.8000000000	0.0100000000	1.0000000000	100	100	0	0.302393
2145000	-0.8000000000	0.0100000000	1.0000000000	100	100	0	0.252963
2146000	-0.8000000000	0.0100000000	1.0000000000	100	100	0	0.316707
2147000	-0.8000000000	0.0100000000	1.0000000000	100	100	0	0.322887
2148000	-0.8000000000	0.0100000000	1.0000000000	100	100	0	0.265725
2149000	-0.8000000000	0.0100000000	1.0000000000	100	100	0	0.223336
2150000	-0.8000000000	0.0100000000	1.0000000000	100	100	0	0.309328
2151000	-0.8000000000	0.0100000000	1.0000000000	100	100	0	0.280329
2152000	-0.8000000000	0.0100000000	1.0000000000	100	100	0	0.411489
2153000	-0.8000000000	0.0100000000	1.0000000000	100	100	0	0.272979
2154000	-0.8000000000	0.0100000000	1.0000000000	100	100	0	0.355684
2155000	-0.8000000000	0.0100000000	1.0000000000	100	100	0	0.376403
2156000	-0.8000000000	0.0100000000	1.0000000000	100	100	0	0.274172
2157000	-0.8000000000	0.0100000000	1.0000000000	100	100	0	0.366888
2158000	-0.8000000000	0.0100000000	1.0000000000	100	100	0	0.243790
2159000	-0.8000000000	0.0100000000	1.0000000000	100	100	0	0.303796
2160000	-0.8000000000	0.0100000000	1.0000000000	100	100	0	0.308155
2161000	-0.8000000000	0.0100000000	1.0000000000	100	100	0	0.315582
2162000	-0.8000000000	0.0100000000	1.0000000000	100	100	0	0.312001
2163000	-0.8000000000	0.0100000000	1.0000000000	100	100	0	0.278624
2164000	-0.8000000000	0.0100000000	1.0000000000	100	100	0	0.356376
2165000	-0.8000000000	0.0100000000	1.0000000000	100	100	0	0.162972
2166000	-0.8000000000	0.0100000000	1.0000000000	100	100	0	0.332684
2167000	-0.8000000000	0.0100000000	1.0000000000	100	100	0	0.284338
2168000	-0.8000000000	0.0100000000	1.0000000000	100	100	0	0.226042
2169000	-0.8000000000	0.0100000000	1.0000000000	100	100	0	0.363780
2170000	-0.8000000000	0.0100000000	1.0000000000	100	100	0	0.348178
2171000	-0.8000000000	0.0100000000	1.0000000000	100	100	0	0.281006
2172000	-0.8000000000	0.0100000000	1.0000000000	100	100	0	0.202504
2173000	-0.8000000000	0.0100000000	1.0000000000	100	100	0	0.251481
2174000	-0.8000000000	0.0100000000	1.0000000000	100	100	0	0.265513
2175000	-0.8000000000	0.0100000000	1.0000000000	100	100	0	0.272616
2176000	-0.8000000000	0.0100000000	1.0000000000	100	100	0	0.328160
2177000	-0.8000000000	0.0100000000	1.0000000000	100	100	0	0.244808
2178000	-0.8000000000	0.0100000000	1.0000000000	100	100	0	0.225769
2179000	-0.8000000000	0.0100000000	1.0000000000	100	100	0	0.310477
2180000	-0.8000000000	0.0100000000	1.0000000000	100	100	0	0.328636
2181000	-0.8000000000	0.0100000000	1.0000000000	100	100	0	0.255539
2182000	-0.8000000000	0.0100000000	1.0000000000	100	100	0	0.310700
2183000	-0.8000000000	0.0100000000	1.0000000000	100	100	0	0.288022
2184000	-0.8000000000	0.0100000000	1.0000000000	100	100	0	0.262692
2185000	-0.8000000000	0.0100000000	1.0000000000	100	100	0	0.388163
2186000	-0.8000000000	0.0100000000	1.0000000000	100	100	0	0.385430
2187000	-0.8000000000	0.0100000000	1.0000000000	100	100	0	0.233118
2188000	-0.8000000000	0.0100000000	1.0000000000	100	100	0	0.267270
2189000	-0.8000000000	0.0100000000	1.0000000000	100	100	0	0.336259
2190000	-0.8000000000	0.0100000000	1.0000000000	100	100	0	0.244707
2191000	-0.8000000000	0.0100000000	1.0000000000	100	100	0	0.360499
2192000	-0.8000000000	0.0100000000	1.0000000000	100	100	0	0.325705
2193000	-0.8000000000	0.0100000000	1.0000000000	100	100	0	0.328825
2194000	-0.8000000000	0.0100000000	1.0000000000	100	100	0	0.308590
2195000	-0.8000000000	0.0100000000	1.0000000000	100	100	0	0.322696
2196000	-0.8000000000	0.0100000000	1.0000000000	100	100	0	0.317570
2197000	-0.8000000000	0.0100000000	1.0000000000	100	100	0	0.296061
2198000	-0.8000000000	0.0100000000	1.0000000000	100	100	0	0.309781
2199000	-0.8000000000	0.0100000000	1.0000000000	100	100	0	0.238944
2200000	-0.8000000000	0.0100000000	1.0000000000	100	100	0	0.286680
2201000	-0.8000000000	0.0100000000	1.0000000000	100	100	0	0.261499
2202000	-0.8000000000	0.0100000000	1.0000000000	100	100	0	0.238015
2203000	-0.8000000000	0.0100000000	1.0000000000	100	100	0	0.311060
2204000	-0.8000000000	0.0100000000	1.0000000000	100	100	0	0.466099
2205000	-0.8000000000	0.0100000000	1.0000000000	100	100	0	0.244424
2206000	-0.8000000000	0.0100000000	1.0000000000	100	100	0	0.314269
2207000	-0.8000000000	0.0100000000	1.0000000000	100	100	0	0.281479
2208000	-0.8000000000	0.0100000000	1.0000000000	100	100	0	0.371013
2209000	-0.8000000000	0.0100000000	1.0000000000	100	100	0	0.362065
2210000	-0.8000000000	0.0100000000	1.0000000000	100	100	0	0.308480
2211000	-0.8000000000	0.0100000000	1.0000000000	100	100	0	0.255239
2212000	-0.8000000000	0.0100000000	1.0000000000	100	100	0	0.430865
2213000	-0.8000000000	0.0100000000	1.0000000000	100	100	0	0.239547
2214000	-0.8000000000	0.0100000000	1.0000000000	100	100	0	0.401900
2215000	-0.8000000000	0.0100000000	1.0000000000	100	100	0	0.371311
2216000	-0.8000000000	0.0100000000	1.0000000000	100	100	0	0.436655
2217000	-0.8000000000	0.0100000000	1.0000000000	100	100	0	0.317916
2218000	-0.8000000000	0.0100000000	1.0000000000	100	100	0	0.328591
2219000	-0.8000000000	0.0100000000	1.0000000000	100	100	0	0.229738
2220000	-0.8000000000	0.0100000000	1.0000000000	100	100	0	0.345514
2221000	-0.8000000000	0.0100000000	1.0000000000	100	100	0	0.252228
2222000	-0.8000000000	0.0100000000	1.0000000000	100	100	0	0.230978
2223000	-0.8000000000	0.0100000000	1.0000000000	100	100	0	0.314259
2224000	-0.8000000000	0.0100000000	1.0000000000	100	100	0	0.337083
2225000	-0.8000000000	0.0100000000	1.0000000000	100	100	0	0.279059
2226000	-0.8000000000	0.0100000000	1.0000000000	100	100	0	0.269307
2227000	-0.8000000000	0.0100000000	1.0000000000	100	100	0	0.248430
2228000	-0.8000000000	0.0100000000	1.0000000000	100	100	0	0.298725
2229000	-0.8000000000	0.0100000000	1.0000000000	100	100	0	0.255280
2230000	-0.8000000000	0.0100000000	1.0000000000	100	100	0	0.243968
2231000	-0.8000000000	0.0100000000	1.0000000000	100	100	0	0.380075
2232000	-0.8000000000	0.0100000000	1.0000000000	100	100	0	0.339594
2233000	-0.8000000000	0.0100000000	1.0000000000	100	100	0	0.252597
2234000	-0.8000000000	0.0100000000	1.0000000000	100	100	0	0.281159
2235000	-0.8000000000	0.0100000000	1.0000000000	100	100	0	0.321199
2236000	-0.8000000000	0.0100000000	1.0000000000	100	100	0	0.239682
2237000	-0.8000000000	0.0100000000	1.0000000000	100	100	0	0.304469
2238000	-0.8000000000	0.0100000000	1.0000000000	100	100	0	0.357664
2239000	-0.8000000000	0.0100000000	1.0000000000	100	100	0	0.219270
2240000	-0.8000000000	0.0100000000	1.0000000000	100	100	0	0.270510
2241000	-0.8000000000	0.0100000000	1.0000000000	100	100	0	0.376195
2242000	-0.8000000000	0.0100000000	1.0000000000	100	100	0	0.277665
2243000	-0.8000000000	0.0100000000	1.0000000000	100	100	0	0.332758
2244000	-0.8000000000	0.0100000000	1.0000000000	100	100	0	0.247107
2245000	-0.8000000000	0.0100000000	1.0000000000	100	100	0	0.254795
2246000	-0.8000000000	0.0100000000	1.0000000000	100	100	0	0.267659
2247000	-0.8000000000	0.0100000000	1.0000000000	100	100	0	0.304278
2248000	-0.8000000000	0.0100000000	1.0000000000	100	100	0	0.362816
2249000	-0.8000000000	0.0100000000	1.0000000000	100	100	0	0.312022
2250000	-0.8000000000	0.0100000000	1.0000000000	100	100	0	0.435206
2251000	-0.8000000000	0.0100000000	1.0000000000	100	100	0	0.340225
2252000	-0.8000000000	0.0100000000	1.0000000000	100	100	0	0.299840
2253000	-0.8000000000	0.0100000000	1.0000000000	100	100	0	0.266776
2254000	-0.8000000000	0.0100000000	1.0000000000	100	100	0	0.263761
2255000	-0.8000000000	0.0100000000	1.0000000000	100	100	0	0.290273
2256000	-0.8000000000	0.0100000000	1.0000000000	100	100	0	0.285826
2257000	-0.8000000000	0.0100000000	1.0000000000	100	100	0	0.294464
2258000	-0.8000000000	0.0100000000	1.0000000000	100	100	0	0.246264
2259000	-0.8000000000	0.0100000000	1.0000000000	100	100	0	0.303994
2260000	-0.8000000000	0.0100000000	1.0000000000	100	100	0	0.295940
2261000	-0.8000000000	0.0100000000	1.0000000000	100	100	0	0.351583
2262000	-0.8000000000	0.0100000000	1.0000000000	100	100	0	0.298965
2263000	-0.8000000000	0.0100000000	1.0000000000	100	100	0	0.247255
2264000	-0.8000000000	0.0100000000	1.0000000000	100	100	0	0.389566
2265000	-0.8000000000	0.0100000000	1.0000000000	100	100	0	0.355303
2266000	-0.8000000000	0.0100000000	1.0000000000	100	100	0	0.330401
2267000	-0.8000000000	0.0100000000	1.0000000000	100	100	0	0.467289
2268000	-0.8000000000	0.0100000000	1.0000000000	100	100	0	0.257151
2269000	-0.8000000000	0.0100000000	1.0000000000	100	100	0	0.333497
2270000	-0.8000000000	0.0100000000	1.0000000000	100	100	0	0.149466
2271000	-0.8000000000	0.0100000000	1.0000000000	100	100	0	0.304882
2272000	-0.8000000000	0.0100000000	1.0000000000	100	100	0	0.317782
2273000	-0.8000000000	0.0100000000	1.0000000000	100	100	0	0.427656
2274000	-0.8000000000	0.0100000000	1.0000000000	100	100	0	0.282150
2275000	-0.8000000000	0.0100000000	1.0000000000	100	100	0	0.198575
2276000	-0.8000000000	0.0100000000	1.0000000000	100	100	0	0.311742
2277000	-0.8000000000	0.0100000000	1.0000000000	100	100	0	0.259346
2278000	-0.8000000000	0.0100000000	1.0000000000	100	100	0	0.270734
2279000	-0.8000000000	0.0100000000	1.0000000000	100	100	0	0.251040
2280000	-0.8000000000	0.0100000000	1.0000000000	100	100	0	0.397016
2281000	-0.8000000000	0.0100000000	1.0000000000	100	100	0	0.266088
2282000	-0.8000000000	0.0100000000	1.0000000000	100	100	0	0.292841
2283000	-0.8000000000	0.0100000000	1.0000000000	100	100	0	0.384302
2284000	-0.8000000000	0.0100000000	1.0000000000	100	100	0	0.278677
2285000	-0.8000000000	0.0100000000	1.0000000000	100	100	0	0.394442
2286000	-0.8000000000	0.0100000000	1.0000000000	100	100	0	0.259155
2287000	-0.8000000000	0.0100000000	1.0000000000	100	100	0	0.278545
2288000	-0.8000000000	0.0100000000	1.0000000000	100	100	0	0.320042
2289000	-0.8000000000	0.0100000000	1.0000000000	100	100	0	0.401927
2290000	-0.8000000000	0.0100000000	1.0000000000	100	100	0	0.348850
2291000	-0.8000000000	0.0100000000	1.0000000000	100	100	0	0.232432
2292000	-0.8000000000	0.0100000000	1.0000000000	100	100	0	0.340009
2293000	-0.8000000000	0.0100000000	1.0000000000	100	100	0	0.280341
2294000	-0.8000000000	0.0100000000	1.0000000000	100	100	0	0.252911
2295000	-0.8000000000	0.0100000000	1.0000000000	100	100	0	0.356863
2296000	-0.8000000000	0.0100000000	1.0000000000	100	100	0	0.302045
2297000	-0.8000000000	0.0100000000	1.0000000000	100	100	0	0.353998
2298000	-0.8000000000	0.0100000000	1.0000000000	100	100	0	0.324991
2299000	-0.8000000000	0.0100000000	1.0000000000	100	100	0	0.310192
2300000	-0.8000000000	0.0100000000	1.0000000000	100	100	0	0.295519
2301000	-0.8000000000	0.0100000000	1.0000000000	100	100	0	0.351791
2302000	-0.8000000000	0.0100000000	1.0000000000	100	100	0	0.184138
2303000	-0.8000000000	0.0100000000	1.0000000000	100	100	0	0.292957
2304000	-0.8000000000	0.0100000000	1.0000000000	100	100	0	0.296066
2305000	-0.8000000000	0.0100000000	1.0000000000	100	100	0	0.239595
2306000	-0.8000000000	0.0100000000	1.0000000000	100	100	0	0.254076
2307000	-0.8000000000	0.0100000000	1.0000000000	100	100	0	0.330434
2308000	-0.8000000000	0.0100000000	1.0000000000	100	100	0	0.225680
2309000	-0.8000000000	0.0100000000	1.0000000000	100	100	0	0.394317
2310000	-0.8000000000	0.0100000000	1.0000000000	100	100	0	0.321542
2311000	-0.8000000000	0.0100000000	1.0000000000	100	100	0	0.425103
2312000	-0.8000000000	0.0100000000	1.0000000000	100	100	0	0.177659
2313000	-0.8000000000	0.0100000000	1.0000000000	100	100	0	0.313879
2314000	-0.8000000000	0.0100000000	1.0000000000	100	100	0	0.431626
2315000	-0.8000000000	0.0100000000	1.0000000000	100	100	0	0.368111
2316000	-0.8000000000	0.0100000000	1.0000000000	100	100	0	0.340375
2317000	-0.8000000000	0.0100000000	1.0000000000	100	100	0	0.323211
2318000	-0.8000000000	0.0100000000	1.0000000000	100	100	0	0.416813
2319000	-0.8000000000	0.0100000000	1.0000000000	100	100	0	0.235793
2320000	-0.8000000000	0.0100000000	1.0000000000	100	100	0	0.326494
2321000	-0.8000000000	0.0100000000	1.0000000000	100	100	0	0.318772
2322000	-0.8000000000	0.0100000000	1.0000000000	100	100	0	0.306579
2323000	-0.8000000000	0.0100000000	1.0000000000	100	100	0	0.354718
2324000	-0.8000000000	0.0100000000	1.0000000000	100	100	0	0.421081
2325000	-0.8000000000	0.0100000000	1.0000000000	100	100	0	0.274750
2326000	-0.8000000000	0.0100000000	1.0000000000	100	100	0	0.231203
2327000	-0.8000000000	0.0100000000	1.0000000000	100	100	0	0.330762
2328000	-0.8000000000	0.0100000000	1.0000000000	100	100	0	0.377943
2329000	-0.8000000000	0.0100000000	1.0000000000	100	100	0	0.350121
2330000	-0.8000000000	0.0100000000	1.0000000000	100	100	0	0.264199
2331000	-0.8000000000	0.0100000000	1.0000000000	100	100	0	0.276964
2332000	-0.8000000000	0.0100000000	1.0000000000	100	100	0	0.286058
2333000	-0.8000000000	0.0100000000	1.0000000000	100	100	0	0.314811
2334000	-0.8000000000	0.0100000000	1.0000000000	100	100	0	0.307912
2335000	-0.8000000000	0.0100000000	1.0000000000	100	100	0	0.324469
2336000	-0.8000000000	0.0100000000	1.0000000000	100	100	0	0.256976
2337000	-0.8000000000	0.0100000000	1.0000000000	100	100	0	0.231382
2338000	-0.8000000000	0.0100000000	1.0000000000	100	100	0	0.293224
2339000	-0.8000000000	0.0100000000	1.0000000000	100	100	0	0.289179
2340000	-0.8000000000	0.0100000000	1.0000000000	100	100	0	0.370023
2341000	-0.8000000000	0.0100000000	1.0000000000	100	100	0	0.253096
2342000	-0.8000000000	0.0100000000	1.0000000000	100	100	0	0.347514
2343000	-0.8000000000	0.0100000000	1.0000000000	100	100	0	0.262615
2344000	-0.8000000000	0.0100000000	1.0000000000	100	100	0	0.292915
2345000	-0.8000000000	0.0100000000	1.0000000000	100	100	0	0.229979
2346000	-0.8000000000	0.0100000000	1.0000000000	100	100	0	0.253715
2347000	-0.8000000000	0.0100000000	1.0000000000	100	100	0	0.351903
2348000	-0.8000000000	0.0100000000	1.0000000000	100	100	0	0.376558
2349000	-0.8000000000	0.0100000000	1.0000000000	100	100	0	0.325076
2350000	-0.8000000000	0.0100000000	1.0000000000	100	100	0	0.309112
2351000	-0.8000000000	0.0100000000	1.0000000000	100	100	0	0.261868
2352000	-0.8000000000	0.0100000000	1.0000000000	100	100	0	0.264779
2353000	-0.8000000000	0.0100000000	1.0000000000	100	100	0	0.212153
2354000	-0.8000000000	0.0100000000	1.0000000000	100	100	0	0.255666
2355000	-0.8000000000	0.0100000000	1.0000000000	100	100	0	0.377068
2356000	-0.8000000000	0.0100000000	1.0000000000	100	100	0	0.247226
2357000	-0.8000000000	0.0100000000	1.0000000000	100	100	0	0.323217
2358000	-0.8000000000	0.0100000000	1.0000000000	100	100	0	0.260413
2359000	-0.8000000000	0.0100000000	1.0000000000	100	100	0	0.209691
2360000	-0.8000000000	0.0100000000	1.0000000000	100	100	0	0.423266
2361000	-0.8000000000	0.0100000000	1.0000000000	100	100	0	0.445257
2362000	-0.8000000000	0.0100000000	1.0000000000	100	100	0	0.352653
2363000	-0.8000000000	0.0100000000	1.0000000000	100	100	0	0.338924
2364000	-0.8000000000	0.0100000000	1.0000000000	100	100	0	0.280374
2365000	-0.8000000000	0.0100000000	1.0000000000	100	100	0	0.390171
2366000	-0.8000000000	0.0100000000	1.0000000000	100	100	0	0.216199
2367000	-0.8000000000	0.0100000000	1.0000000000	100	100	0	0.319567
2368000	-0.8000000000	0.0100000000	1.0000000000	100	100	0	0.229192
2369000	-0.8000000000	0.0100000000	1.0000000000	100	100	0	0.316633
2370000	-0.8000000000	0.0100000000	1.0000000000	100	100	0	0.429297
2371000	-0.8000000000	0.0100000000	1.0000000000	100	100	0	0.295371
2372000	-0.8000000000	0.0100000000	1.0000000000	100	100	0	0.295579
2373000	-0.8000000000	0.0100000000	1.0000000000	100	100	0	0.376977
2374000	-0.8000000000	0.0100000000	1.0000000000	100	100	0	0.379462
2375000	-0.8000000000	0.0100000000	1.0000000000	100	100	0	0.260943
2376000	-0.8000000000	0.0100000000	1.0000000000	100	100	0	0.299328
2377000	-0.8000000000	0.0100000000	1.0000000000	100	100	0	0.340331
2378000	-0.8000000000	0.0100000000	1.0000000000	100	100	0	0.246738
2379000	-0.8000000000	0.0100000000	1.0000000000	100	100	0	0.326873
2380000	-0.8000000000	0.0100000000	1.0000000000	100	100	0	0.269531
2381000	-0.8000000000	0.0100000000	1.0000000000	100	100	0	0.299772
2382000	-0.8000000000	0.0100000000	1.0000000000	100	100	0	0.420251
2383000	-0.8000000000	0.0100000000	1.0000000000	100	100	0	0.236494
2384000	-0.8000000000	0.0100000000	1.0000000000	100	100	0	0.267095
2385000	-0.8000000000	0.0100000000	1.0000000000	100	100	0	0.369801
2386000	-0.8000000000	0.0100000000	1.0000000000	100	100	0	0.259018
2387000	-0.8000000000	0.0100000000	1.0000000000	100	100	0	0.439996
2388000	-0.8000000000	0.0100000000	1.0000000000	100	100	0	0.376861
2389000	-0.8000000000	0.0100000000	1.0000000000	100	100	0	0.259978
2390000	-0.8000000000	0.0100000000	1.0000000000	100	100	0	0.358692
2391000	-0.8000000000	0.0100000000	1.0000000000	100	100	0	0.360132
2392000	-0.8000000000	0.0100000000	1.0000000000	100	100	0	0.348988
2393000	-0.8000000000	0.0100000000	1.0000000000	100	100	0	0.232132
2394000	-0.8000000000	0.0100000000	1.0000000000	100	100	0	0.255352
2395000	-0.8000000000	0.0100000000	1.0000000000	100	100	0	0.217400
2396000	-0.8000000000	0.0100000000	1.0000000000	100	100	0	0.299389
2397000	-0.8000000000	0.0100000000	1.0000000000	100	100	0	0.287374
2398000	-0.8000000000	0.0100000000	1.0000000000	100	100	0	0.286933
2399000	-0.8000000000	0.0100000000	1.0000000000	100	100	0	0.230541
2400000	-0.8000000000	0.0100000000	1.0000000000	100	100	0	0.359582
2401000	-0.8000000000	0.0100000000	1.0000000000	100	100	0	0.348636
2402000	-0.8000000000	0.0100000000	1.0000000000	100	100	0	0.335844
2403000	-0.8000000000	0.0100000000	1.0000000000	100	100	0	0.364872
2404000	-0.8000000000	0.0100000000	1.0000000000	100	100	0	0.285757
2405000	-0.8000000000	0.0100000000	1.0000000000	100	100	0	0.315832
2406000	-0.8000000000	0.0100000000	1.0000000000	100	100	0	0.230662
2407000	-0.8000000000	0.0100000000	1.0000000000	100	100	0	0.279019
2408000	-0.8000000000	0.0100000000	1.0000000000	100	100	0	0.357474
2409000	-0.8000000000	0.0100000000	1.0000000000	100	100	0	0.263590
2410000	-0.8000000000	0.0100000000	1.0000000000	100	100	0	0.287963
2411000	-0.8000000000	0.0100000000	1.0000000000	100	100	0	0.476045
2412000	-0.8000000000	0.0100000000	1.0000000000	100	100	0	0.308561
2413000	-0.8000000000	0.0100000000	1.0000000000	100	100	0	0.338953
2414000	-0.8000000000	0.0100000000	1.0000000000	100	100	0	0.301176
2415000	-0.8000000000	0.0100000000	1.0000000000	100	100	0	0.385177
2416000	-0.8000000000	0.0100000000	1.0000000000	100	100	0	0.384987
2417000	-0.8000000000	0.0100000000	1.0000000000	100	100	0	0.337073
2418000	-0.8000000000	0.0100000000	1.0000000000	100	100	0	0.243371
2419000	-0.8000000000	0.0100000000	1.0000000000	100	100	0	0.257895
2420000	-0.8000000000	0.0100000000	1.0000000000	100	100	0	0.308859
2421000	-0.8000000000	0.0100000000	1.0000000000	100	100	0	0.428055
2422000	-0.8000000000	0.0100000000	1.0000000000	100	100	0	0.244892
2423000	-0.8000000000	0.0100000000	1.0000000000	100	100	0	0.254225
2424000	-0.8000000000	0.0100000000	1.0000000000	100	100	0	0.340531
2425000	-0.8000000000	0.0100000000	1.0000000000	100	100	0	0.346339
2426000	-0.8000000000	0.0100000000	1.0000000000	100	100	0	0.305663
2427000	-0.8000000000	0.0100000000	1.0000000000	100	100	0	0.207003
2428000	-0.8000000000	0.0100000000	1.0000000000	100	100	0	0.313934
2429000	-0.8000000000	0.0100000000	1.0000000000	100	100	0	0.255107
2430000	-0.8000000000	0.0100000000	1.0000000000	100	100	0	0.413292
2431000	-0.8000000000	0.0100000000	1.0000000000	100	100	0	0.308562
2432000	-0.8000000000	0.0100000000	1.0000000000	100	100	0	0.229116
2433000	-0.8000000000	0.0100000000	1.0000000000	100	100	0	0.356076
2434000	-0.8000000000	0.0100000000	1.0000000000	100	100	0	0.290710
2435000	-0.8000000000	0.0100000000	1.0000000000	100	100	0	0.315052
2436000	-0.8000000000	0.0100000000	1.0000000000	100	100	0	0.255667
2437000	-0.8000000000	0.0100000000	1.0000000000	100	100	0	0.266268
2438000	-0.8000000000	0.0100000000	1.0000000000	100	100	0	0.391797
2439000	-0.8000000000	0.0100000000	1.0000000000	100	100	0	0.402553
2440000	-0.8000000000	0.0100000000	1.0000000000	100	100	0	0.342013
2441000	-0.8000000000	0.0100000000	1.0000000000	100	100	0	0.459697
2442000	-0.8000000000	0.0100000000	1.0000000000	100	100	0	0.384662
2443000	-0.8000000000	0.0100000000	1.0000000000	100	100	0	0.245528
2444000	-0.8000000000	0.0100000000	1.0000000000	100	100	0	0.445549
2445000	-0.8000000000	0.0100000000	1.0000000000	100	100	0	0.319321
2446000	-0.8000000000	0.0100000000	1.0000000000	100	100	0	0.313382
2447000	-0.8000000000	0.0100000000	1.0000000000	100	100	0	0.336044
2448000	-0.8000000000	0.0100000000	1.0000000000	100	100	0	0.262044
2449000	-0.8000000000	0.0100000000	1.0000000000	100	100	0	0.336380
2450000	-0.8000000000	0.0100000000	1.0000000000	100	100	0	0.253397
2451000	-0.8000000000	0.0100000000	1.0000000000	100	100	0	0.307243
2452000	-0.8000000000	0.0100000000	1.0000000000	100	100	0	0.401628
2453000	-0.8000000000	0.0100000000	1.0000000000	100	100	0	0.313348
2454000	-0.8000000000	0.0100000000	1.0000000000	100	100	0	0.262553
2455000	-0.8000000000	0.0100000000	1.0000000000	100	100	0	0.288005
2456000	-0.8000000000	0.0100000000	1.0000000000	100	100	0	0.279740
2457000	-0.8000000000	0.0100000000	1.0000000000	100	100	0	0.348596
2458000	-0.8000000000	0.0100000000	1.0000000000	100	100	0	0.261578
2459000	-0.8000000000	0.0100000000	1.0000000000	100	100	0	0.272961
2460000	-0.8000000000	0.0100000000	1.0000000000	100	100	0	0.341781
2461000	-0.8000000000	0.0100000000	1.0000000000	100	100	0	0.377501
2462000	-0.8000000000	0.0100000000	1.0000000000	100	100	0	0.300393
2463000	-0.8000000000	0.0100000000	1.0000000000	100	100	0	0.307089
2464000	-0.8000000000	0.0100000000	1.0000000000	100	100	0	0.351841
2465000	-0.8000000000	0.0100000000	1.0000000000	100	100	0	0.289880
2466000	-0.8000000000	0.0100000000	1.0000000000	100	100	0	0.422901
2467000	-0.8000000000	0.0100000000	1.0000000000	100	100	0	0.354186
2468000	-0.8000000000	0.0100000000	1.0000000000	100	100	0	0.349544
2469000	-0.8000000000	0.0100000000	1.0000000000	100	100	0	0.330686
2470000	-0.8000000000	0.0100000000	1.0000000000	100	100	0	0.387954
2471000	-0.8000000000	0.0100000000	1.0000000000	100	100	0	0.260118
2472000	-0.8000000000	0.0100000000	1.0000000000	100	100	0	0.321817
2473000	-0.8000000000	0.0100000000	1.0000000000	100	100	0	0.331143
2474000	-0.8000000000	0.0100000000	1.0000000000	100	100	0	0.317268
2475000	-0.8000000000	0.0100000000	1.0000000000	100	100	0	0.292567
2476000	-0.8000000000	0.0100000000	1.0000000000	100	100	0	0.300230
2477000	-0.8000000000	0.0100000000	1.0000000000	100	100	0	0.311288
2478000	-0.8000000000	0.0100000000	1.0000000000	100	100	0	0.304124
2479000	-0.8000000000	0.0100000000	1.0000000000	100	100	0	0.359516
2480000	-0.8000000000	0.0100000000	1.0000000000	100	100	0	0.276298
2481000	-0.8000000000	0.0100000000	1.0000000000	100	100	0	0.252646
2482000	-0.8000000000	0.0100000000	1.0000000000	100	100	0	0.222827
2483000	-0.8000000000	0.0100000000	1.0000000000	100	100	0	0.214666
2484000	-0.8000000000	0.0100000000	1.0000000000	100	100	0	0.250456
2485000	-0.8000000000	0.0100000000	1.0000000000	100	100	0	0.248997
2486000	-0.8000000000	0.0100000000	1.0000000000	100	100	0	0.350714
2487000	-0.8000000000	0.0100000000	1.0000000000	100	100	0	0.286752
2488000	-0.8000000000	0.0100000000	1.0000000000	100	100	0	0.322852
2489000	-0.8000000000	0.0100000000	1.0000000000	100	100	0	0.383119
2490000	-0.8000000000	0.0100000000	1.0000000000	100	100	0	0.357307
2491000	-0.8000000000	0.0100000000	1.0000000000	100	100	0	0.338383
2492000	-0.8000000000	0.0100000000	1.0000000000	100	100	0	0.283055
2493000	-0.8000000000	0.0100000000	1.0000000000	100	100	0	0.221565
2494000	-0.8000000000	0.0100000000	1.0000000000	100	100	0	0.318114
2495000	-0.8000000000	0.0100000000	1.0000000000	100	100	0	0.265787
2496000	-0.8000000000	0.0100000000	1.0000000000	100	100	0	0.378306
2497000	-0.8000000000	0.0100000000	1.0000000000	100	100	0	0.239941
2498000	-0.8000000000	0.0100000000	1.0000000000	100	100	0	0.366590
2499000	-0.8000000000	0.0100000000	1.0000000000	100	100	0	0.258652
2500000	-0.8000000000	0.0100000000	1.0000000000	100	100	0	0.251706
