time	epistasis_coef	sel_coef	mu_prob	Ne	L	k_start	mean_fitness
1500000	-0.4000000000	0.0010000000	0.0100000000	100	100	0	0.889753
1501000	-0.4000000000	0.0010000000	0.0100000000	100	100	0	0.894940
1502000	-0.4000000000	0.0010000000	0.0100000000	100	100	0	0.891478
1503000	-0.4000000000	0.0010000000	0.0100000000	100	100	0	0.870876
1504000	-0.4000000000	0.0010000000	0.0100000000	100	100	0	0.874951
1505000	-0.4000000000	0.0010000000	0.0100000000	100	100	0	0.881658
1506000	-0.4000000000	0.0010000000	0.0100000000	100	100	0	0.896791
1507000	-0.4000000000	0.0010000000	0.0100000000	100	100	0	0.901587
1508000	-0.4000000000	0.0010000000	0.0100000000	100	100	0	0.898547
1509000	-0.4000000000	0.0010000000	0.0100000000	100	100	0	0.900551
1510000	-0.4000000000	0.0010000000	0.0100000000	100	100	0	0.896766
1511000	-0.4000000000	0.0010000000	0.0100000000	100	100	0	0.884222
1512000	-0.4000000000	0.0010000000	0.0100000000	100	100	0	0.903544
1513000	-0.4000000000	0.0010000000	0.0100000000	100	100	0	0.891074
1514000	-0.4000000000	0.0010000000	0.0100000000	100	100	0	0.892380
1515000	-0.4000000000	0.0010000000	0.0100000000	100	100	0	0.893839
1516000	-0.4000000000	0.0010000000	0.0100000000	100	100	0	0.901160
1517000	-0.4000000000	0.0010000000	0.0100000000	100	100	0	0.905519
1518000	-0.4000000000	0.0010000000	0.0100000000	100	100	0	0.910333
1519000	-0.4000000000	0.0010000000	0.0100000000	100	100	0	0.921452
1520000	-0.4000000000	0.0010000000	0.0100000000	100	100	0	0.910840
1521000	-0.4000000000	0.0010000000	0.0100000000	100	100	0	0.904665
1522000	-0.4000000000	0.0010000000	0.0100000000	100	100	0	0.912077
1523000	-0.4000000000	0.0010000000	0.0100000000	100	100	0	0.916776
1524000	-0.4000000000	0.0010000000	0.0100000000	100	100	0	0.905746
1525000	-0.4000000000	0.0010000000	0.0100000000	100	100	0	0.908717
1526000	-0.4000000000	0.0010000000	0.0100000000	100	100	0	0.898740
1527000	-0.4000000000	0.0010000000	0.0100000000	100	100	0	0.891944
1528000	-0.4000000000	0.0010000000	0.0100000000	100	100	0	0.883040
1529000	-0.4000000000	0.0010000000	0.0100000000	100	100	0	0.894127
1530000	-0.4000000000	0.0010000000	0.0100000000	100	100	0	0.891616
1531000	-0.4000000000	0.0010000000	0.0100000000	100	100	0	0.894974
1532000	-0.4000000000	0.0010000000	0.0100000000	100	100	0	0.897044
1533000	-0.4000000000	0.0010000000	0.0100000000	100	100	0	0.890988
1534000	-0.4000000000	0.0010000000	0.0100000000	100	100	0	0.909049
1535000	-0.4000000000	0.0010000000	0.0100000000	100	100	0	0.898577
1536000	-0.4000000000	0.0010000000	0.0100000000	100	100	0	0.876738
1537000	-0.4000000000	0.0010000000	0.0100000000	100	100	0	0.878172
1538000	-0.4000000000	0.0010000000	0.0100000000	100	100	0	0.871172
1539000	-0.4000000000	0.0010000000	0.0100000000	100	100	0	0.860788
1540000	-0.4000000000	0.0010000000	0.0100000000	100	100	0	0.866467
1541000	-0.4000000000	0.0010000000	0.0100000000	100	100	0	0.871470
1542000	-0.4000000000	0.0010000000	0.0100000000	100	100	0	0.871816
1543000	-0.4000000000	0.0010000000	0.0100000000	100	100	0	0.872466
1544000	-0.4000000000	0.0010000000	0.0100000000	100	100	0	0.865818
1545000	-0.4000000000	0.0010000000	0.0100000000	100	100	0	0.875339
1546000	-0.4000000000	0.0010000000	0.0100000000	100	100	0	0.850304
1547000	-0.4000000000	0.0010000000	0.0100000000	100	100	0	0.842584
1548000	-0.4000000000	0.0010000000	0.0100000000	100	100	0	0.876244
1549000	-0.4000000000	0.0010000000	0.0100000000	100	100	0	0.881303
1550000	-0.4000000000	0.0010000000	0.0100000000	100	100	0	0.882398
1551000	-0.4000000000	0.0010000000	0.0100000000	100	100	0	0.880732
1552000	-0.4000000000	0.0010000000	0.0100000000	100	100	0	0.881700
1553000	-0.4000000000	0.0010000000	0.0100000000	100	100	0	0.918470
1554000	-0.4000000000	0.0010000000	0.0100000000	100	100	0	0.923875
1555000	-0.4000000000	0.0010000000	0.0100000000	100	100	0	0.911941
1556000	-0.4000000000	0.0010000000	0.0100000000	100	100	0	0.892766
1557000	-0.4000000000	0.0010000000	0.0100000000	100	100	0	0.914952
1558000	-0.4000000000	0.0010000000	0.0100000000	100	100	0	0.917891
1559000	-0.4000000000	0.0010000000	0.0100000000	100	100	0	0.915800
1560000	-0.4000000000	0.0010000000	0.0100000000	100	100	0	0.892198
1561000	-0.4000000000	0.0010000000	0.0100000000	100	100	0	0.896532
1562000	-0.4000000000	0.0010000000	0.0100000000	100	100	0	0.911467
1563000	-0.4000000000	0.0010000000	0.0100000000	100	100	0	0.907407
1564000	-0.4000000000	0.0010000000	0.0100000000	100	100	0	0.898213
1565000	-0.4000000000	0.0010000000	0.0100000000	100	100	0	0.904113
1566000	-0.4000000000	0.0010000000	0.0100000000	100	100	0	0.885734
1567000	-0.4000000000	0.0010000000	0.0100000000	100	100	0	0.893020
1568000	-0.4000000000	0.0010000000	0.0100000000	100	100	0	0.871873
1569000	-0.4000000000	0.0010000000	0.0100000000	100	100	0	0.871665
1570000	-0.4000000000	0.0010000000	0.0100000000	100	100	0	0.875712
1571000	-0.4000000000	0.0010000000	0.0100000000	100	100	0	0.887538
1572000	-0.4000000000	0.0010000000	0.0100000000	100	100	0	0.886030
1573000	-0.4000000000	0.0010000000	0.0100000000	100	100	0	0.885312
1574000	-0.4000000000	0.0010000000	0.0100000000	100	100	0	0.884975
1575000	-0.4000000000	0.0010000000	0.0100000000	100	100	0	0.886026
1576000	-0.4000000000	0.0010000000	0.0100000000	100	100	0	0.876136
1577000	-0.4000000000	0.0010000000	0.0100000000	100	100	0	0.880286
1578000	-0.4000000000	0.0010000000	0.0100000000	100	100	0	0.896818
1579000	-0.4000000000	0.0010000000	0.0100000000	100	100	0	0.911332
1580000	-0.4000000000	0.0010000000	0.0100000000	100	100	0	0.895706
1581000	-0.4000000000	0.0010000000	0.0100000000	100	100	0	0.883616
1582000	-0.4000000000	0.0010000000	0.0100000000	100	100	0	0.891986
1583000	-0.4000000000	0.0010000000	0.0100000000	100	100	0	0.886060
1584000	-0.4000000000	0.0010000000	0.0100000000	100	100	0	0.881322
1585000	-0.4000000000	0.0010000000	0.0100000000	100	100	0	0.878317
1586000	-0.4000000000	0.0010000000	0.0100000000	100	100	0	0.870159
1587000	-0.4000000000	0.0010000000	0.0100000000	100	100	0	0.875946
1588000	-0.4000000000	0.0010000000	0.0100000000	100	100	0	0.877479
1589000	-0.4000000000	0.0010000000	0.0100000000	100	100	0	0.880343
1590000	-0.4000000000	0.0010000000	0.0100000000	100	100	0	0.888407
1591000	-0.4000000000	0.0010000000	0.0100000000	100	100	0	0.874746
1592000	-0.4000000000	0.0010000000	0.0100000000	100	100	0	0.901501
1593000	-0.4000000000	0.0010000000	0.0100000000	100	100	0	0.895270
1594000	-0.4000000000	0.0010000000	0.0100000000	100	100	0	0.901446
1595000	-0.4000000000	0.0010000000	0.0100000000	100	100	0	0.894030
1596000	-0.4000000000	0.0010000000	0.0100000000	100	100	0	0.909040
1597000	-0.4000000000	0.0010000000	0.0100000000	100	100	0	0.914885
1598000	-0.4000000000	0.0010000000	0.0100000000	100	100	0	0.905415
1599000	-0.4000000000	0.0010000000	0.0100000000	100	100	0	0.901350
1600000	-0.4000000000	0.0010000000	0.0100000000	100	100	0	0.893449
1601000	-0.4000000000	0.0010000000	0.0100000000	100	100	0	0.896773
1602000	-0.4000000000	0.0010000000	0.0100000000	100	100	0	0.902239
1603000	-0.4000000000	0.0010000000	0.0100000000	100	100	0	0.911082
1604000	-0.4000000000	0.0010000000	0.0100000000	100	100	0	0.906079
1605000	-0.4000000000	0.0010000000	0.0100000000	100	100	0	0.913045
1606000	-0.4000000000	0.0010000000	0.0100000000	100	100	0	0.892463
1607000	-0.4000000000	0.0010000000	0.0100000000	100	100	0	0.897349
1608000	-0.4000000000	0.0010000000	0.0100000000	100	100	0	0.924470
1609000	-0.4000000000	0.0010000000	0.0100000000	100	100	0	0.913744
1610000	-0.4000000000	0.0010000000	0.0100000000	100	100	0	0.907350
1611000	-0.4000000000	0.0010000000	0.0100000000	100	100	0	0.902538
1612000	-0.4000000000	0.0010000000	0.0100000000	100	100	0	0.910881
1613000	-0.4000000000	0.0010000000	0.0100000000	100	100	0	0.912800
1614000	-0.4000000000	0.0010000000	0.0100000000	100	100	0	0.896809
1615000	-0.4000000000	0.0010000000	0.0100000000	100	100	0	0.899833
1616000	-0.4000000000	0.0010000000	0.0100000000	100	100	0	0.896245
1617000	-0.4000000000	0.0010000000	0.0100000000	100	100	0	0.900728
1618000	-0.4000000000	0.0010000000	0.0100000000	100	100	0	0.895372
1619000	-0.4000000000	0.0010000000	0.0100000000	100	100	0	0.898883
1620000	-0.4000000000	0.0010000000	0.0100000000	100	100	0	0.890359
1621000	-0.4000000000	0.0010000000	0.0100000000	100	100	0	0.862956
1622000	-0.4000000000	0.0010000000	0.0100000000	100	100	0	0.875692
1623000	-0.4000000000	0.0010000000	0.0100000000	100	100	0	0.896995
1624000	-0.4000000000	0.0010000000	0.0100000000	100	100	0	0.895084
1625000	-0.4000000000	0.0010000000	0.0100000000	100	100	0	0.896483
1626000	-0.4000000000	0.0010000000	0.0100000000	100	100	0	0.904565
1627000	-0.4000000000	0.0010000000	0.0100000000	100	100	0	0.911781
1628000	-0.4000000000	0.0010000000	0.0100000000	100	100	0	0.902117
1629000	-0.4000000000	0.0010000000	0.0100000000	100	100	0	0.895664
1630000	-0.4000000000	0.0010000000	0.0100000000	100	100	0	0.894037
1631000	-0.4000000000	0.0010000000	0.0100000000	100	100	0	0.890650
1632000	-0.4000000000	0.0010000000	0.0100000000	100	100	0	0.884469
1633000	-0.4000000000	0.0010000000	0.0100000000	100	100	0	0.873003
1634000	-0.4000000000	0.0010000000	0.0100000000	100	100	0	0.880928
1635000	-0.4000000000	0.0010000000	0.0100000000	100	100	0	0.883434
1636000	-0.4000000000	0.0010000000	0.0100000000	100	100	0	0.866017
1637000	-0.4000000000	0.0010000000	0.0100000000	100	100	0	0.893108
1638000	-0.4000000000	0.0010000000	0.0100000000	100	100	0	0.870626
1639000	-0.4000000000	0.0010000000	0.0100000000	100	100	0	0.889296
1640000	-0.4000000000	0.0010000000	0.0100000000	100	100	0	0.882793
1641000	-0.4000000000	0.0010000000	0.0100000000	100	100	0	0.871120
1642000	-0.4000000000	0.0010000000	0.0100000000	100	100	0	0.875246
1643000	-0.4000000000	0.0010000000	0.0100000000	100	100	0	0.877183
1644000	-0.4000000000	0.0010000000	0.0100000000	100	100	0	0.878863
1645000	-0.4000000000	0.0010000000	0.0100000000	100	100	0	0.902391
1646000	-0.4000000000	0.0010000000	0.0100000000	100	100	0	0.908943
1647000	-0.4000000000	0.0010000000	0.0100000000	100	100	0	0.909412
1648000	-0.4000000000	0.0010000000	0.0100000000	100	100	0	0.892808
1649000	-0.4000000000	0.0010000000	0.0100000000	100	100	0	0.872470
1650000	-0.4000000000	0.0010000000	0.0100000000	100	100	0	0.861225
1651000	-0.4000000000	0.0010000000	0.0100000000	100	100	0	0.849031
1652000	-0.4000000000	0.0010000000	0.0100000000	100	100	0	0.869875
1653000	-0.4000000000	0.0010000000	0.0100000000	100	100	0	0.881444
1654000	-0.4000000000	0.0010000000	0.0100000000	100	100	0	0.900633
1655000	-0.4000000000	0.0010000000	0.0100000000	100	100	0	0.906453
1656000	-0.4000000000	0.0010000000	0.0100000000	100	100	0	0.906398
1657000	-0.4000000000	0.0010000000	0.0100000000	100	100	0	0.902713
1658000	-0.4000000000	0.0010000000	0.0100000000	100	100	0	0.911149
1659000	-0.4000000000	0.0010000000	0.0100000000	100	100	0	0.909201
1660000	-0.4000000000	0.0010000000	0.0100000000	100	100	0	0.897266
1661000	-0.4000000000	0.0010000000	0.0100000000	100	100	0	0.892334
1662000	-0.4000000000	0.0010000000	0.0100000000	100	100	0	0.897254
1663000	-0.4000000000	0.0010000000	0.0100000000	100	100	0	0.899774
1664000	-0.4000000000	0.0010000000	0.0100000000	100	100	0	0.900255
1665000	-0.4000000000	0.0010000000	0.0100000000	100	100	0	0.900332
1666000	-0.4000000000	0.0010000000	0.0100000000	100	100	0	0.886367
1667000	-0.4000000000	0.0010000000	0.0100000000	100	100	0	0.878814
1668000	-0.4000000000	0.0010000000	0.0100000000	100	100	0	0.884949
1669000	-0.4000000000	0.0010000000	0.0100000000	100	100	0	0.884173
1670000	-0.4000000000	0.0010000000	0.0100000000	100	100	0	0.906369
1671000	-0.4000000000	0.0010000000	0.0100000000	100	100	0	0.890453
1672000	-0.4000000000	0.0010000000	0.0100000000	100	100	0	0.889781
1673000	-0.4000000000	0.0010000000	0.0100000000	100	100	0	0.877606
1674000	-0.4000000000	0.0010000000	0.0100000000	100	100	0	0.867979
1675000	-0.4000000000	0.0010000000	0.0100000000	100	100	0	0.895039
1676000	-0.4000000000	0.0010000000	0.0100000000	100	100	0	0.887639
1677000	-0.4000000000	0.0010000000	0.0100000000	100	100	0	0.888212
1678000	-0.4000000000	0.0010000000	0.0100000000	100	100	0	0.887344
1679000	-0.4000000000	0.0010000000	0.0100000000	100	100	0	0.884592
1680000	-0.4000000000	0.0010000000	0.0100000000	100	100	0	0.881066
1681000	-0.4000000000	0.0010000000	0.0100000000	100	100	0	0.874051
1682000	-0.4000000000	0.0010000000	0.0100000000	100	100	0	0.878516
1683000	-0.4000000000	0.0010000000	0.0100000000	100	100	0	0.906683
1684000	-0.4000000000	0.0010000000	0.0100000000	100	100	0	0.897729
1685000	-0.4000000000	0.0010000000	0.0100000000	100	100	0	0.892052
1686000	-0.4000000000	0.0010000000	0.0100000000	100	100	0	0.898079
1687000	-0.4000000000	0.0010000000	0.0100000000	100	100	0	0.909778
1688000	-0.4000000000	0.0010000000	0.0100000000	100	100	0	0.900350
1689000	-0.4000000000	0.0010000000	0.0100000000	100	100	0	0.886563
1690000	-0.4000000000	0.0010000000	0.0100000000	100	100	0	0.864877
1691000	-0.4000000000	0.0010000000	0.0100000000	100	100	0	0.854162
1692000	-0.4000000000	0.0010000000	0.0100000000	100	100	0	0.850762
1693000	-0.4000000000	0.0010000000	0.0100000000	100	100	0	0.880924
1694000	-0.4000000000	0.0010000000	0.0100000000	100	100	0	0.890796
1695000	-0.4000000000	0.0010000000	0.0100000000	100	100	0	0.875590
1696000	-0.4000000000	0.0010000000	0.0100000000	100	100	0	0.851057
1697000	-0.4000000000	0.0010000000	0.0100000000	100	100	0	0.840478
1698000	-0.4000000000	0.0010000000	0.0100000000	100	100	0	0.854012
1699000	-0.4000000000	0.0010000000	0.0100000000	100	100	0	0.892339
1700000	-0.4000000000	0.0010000000	0.0100000000	100	100	0	0.881670
1701000	-0.4000000000	0.0010000000	0.0100000000	100	100	0	0.887727
1702000	-0.4000000000	0.0010000000	0.0100000000	100	100	0	0.894033
1703000	-0.4000000000	0.0010000000	0.0100000000	100	100	0	0.895235
1704000	-0.4000000000	0.0010000000	0.0100000000	100	100	0	0.888556
1705000	-0.4000000000	0.0010000000	0.0100000000	100	100	0	0.876936
1706000	-0.4000000000	0.0010000000	0.0100000000	100	100	0	0.889169
1707000	-0.4000000000	0.0010000000	0.0100000000	100	100	0	0.879209
1708000	-0.4000000000	0.0010000000	0.0100000000	100	100	0	0.868880
1709000	-0.4000000000	0.0010000000	0.0100000000	100	100	0	0.866102
1710000	-0.4000000000	0.0010000000	0.0100000000	100	100	0	0.884245
1711000	-0.4000000000	0.0010000000	0.0100000000	100	100	0	0.908298
1712000	-0.4000000000	0.0010000000	0.0100000000	100	100	0	0.907118
1713000	-0.4000000000	0.0010000000	0.0100000000	100	100	0	0.906179
1714000	-0.4000000000	0.0010000000	0.0100000000	100	100	0	0.906364
1715000	-0.4000000000	0.0010000000	0.0100000000	100	100	0	0.909886
1716000	-0.4000000000	0.0010000000	0.0100000000	100	100	0	0.872150
1717000	-0.4000000000	0.0010000000	0.0100000000	100	100	0	0.865824
1718000	-0.4000000000	0.0010000000	0.0100000000	100	100	0	0.868181
1719000	-0.4000000000	0.0010000000	0.0100000000	100	100	0	0.872269
1720000	-0.4000000000	0.0010000000	0.0100000000	100	100	0	0.869231
1721000	-0.4000000000	0.0010000000	0.0100000000	100	100	0	0.886752
1722000	-0.4000000000	0.0010000000	0.0100000000	100	100	0	0.883822
1723000	-0.4000000000	0.0010000000	0.0100000000	100	100	0	0.897636
1724000	-0.4000000000	0.0010000000	0.0100000000	100	100	0	0.913422
1725000	-0.4000000000	0.0010000000	0.0100000000	100	100	0	0.902782
1726000	-0.4000000000	0.0010000000	0.0100000000	100	100	0	0.885783
1727000	-0.4000000000	0.0010000000	0.0100000000	100	100	0	0.895285
1728000	-0.4000000000	0.0010000000	0.0100000000	100	100	0	0.894931
1729000	-0.4000000000	0.0010000000	0.0100000000	100	100	0	0.912427
1730000	-0.4000000000	0.0010000000	0.0100000000	100	100	0	0.896531
1731000	-0.4000000000	0.0010000000	0.0100000000	100	100	0	0.883675
1732000	-0.4000000000	0.0010000000	0.0100000000	100	100	0	0.879059
1733000	-0.4000000000	0.0010000000	0.0100000000	100	100	0	0.861902
1734000	-0.4000000000	0.0010000000	0.0100000000	100	100	0	0.869782
1735000	-0.4000000000	0.0010000000	0.0100000000	100	100	0	0.850353
1736000	-0.4000000000	0.0010000000	0.0100000000	100	100	0	0.885290
1737000	-0.4000000000	0.0010000000	0.0100000000	100	100	0	0.888882
1738000	-0.4000000000	0.0010000000	0.0100000000	100	100	0	0.896657
1739000	-0.4000000000	0.0010000000	0.0100000000	100	100	0	0.896235
1740000	-0.4000000000	0.0010000000	0.0100000000	100	100	0	0.872674
1741000	-0.4000000000	0.0010000000	0.0100000000	100	100	0	0.907994
1742000	-0.4000000000	0.0010000000	0.0100000000	100	100	0	0.897708
1743000	-0.4000000000	0.0010000000	0.0100000000	100	100	0	0.896429
1744000	-0.4000000000	0.0010000000	0.0100000000	100	100	0	0.911069
1745000	-0.4000000000	0.0010000000	0.0100000000	100	100	0	0.917114
1746000	-0.4000000000	0.0010000000	0.0100000000	100	100	0	0.915817
1747000	-0.4000000000	0.0010000000	0.0100000000	100	100	0	0.919708
1748000	-0.4000000000	0.0010000000	0.0100000000	100	100	0	0.907116
1749000	-0.4000000000	0.0010000000	0.0100000000	100	100	0	0.907738
1750000	-0.4000000000	0.0010000000	0.0100000000	100	100	0	0.910123
1751000	-0.4000000000	0.0010000000	0.0100000000	100	100	0	0.913152
1752000	-0.4000000000	0.0010000000	0.0100000000	100	100	0	0.902925
1753000	-0.4000000000	0.0010000000	0.0100000000	100	100	0	0.908564
1754000	-0.4000000000	0.0010000000	0.0100000000	100	100	0	0.904793
1755000	-0.4000000000	0.0010000000	0.0100000000	100	100	0	0.891951
1756000	-0.4000000000	0.0010000000	0.0100000000	100	100	0	0.903377
1757000	-0.4000000000	0.0010000000	0.0100000000	100	100	0	0.910120
1758000	-0.4000000000	0.0010000000	0.0100000000	100	100	0	0.909978
1759000	-0.4000000000	0.0010000000	0.0100000000	100	100	0	0.904524
1760000	-0.4000000000	0.0010000000	0.0100000000	100	100	0	0.906279
1761000	-0.4000000000	0.0010000000	0.0100000000	100	100	0	0.915349
1762000	-0.4000000000	0.0010000000	0.0100000000	100	100	0	0.913885
1763000	-0.4000000000	0.0010000000	0.0100000000	100	100	0	0.928466
1764000	-0.4000000000	0.0010000000	0.0100000000	100	100	0	0.939176
1765000	-0.4000000000	0.0010000000	0.0100000000	100	100	0	0.943449
1766000	-0.4000000000	0.0010000000	0.0100000000	100	100	0	0.933979
1767000	-0.4000000000	0.0010000000	0.0100000000	100	100	0	0.924707
1768000	-0.4000000000	0.0010000000	0.0100000000	100	100	0	0.924771
1769000	-0.4000000000	0.0010000000	0.0100000000	100	100	0	0.942231
1770000	-0.4000000000	0.0010000000	0.0100000000	100	100	0	0.924646
1771000	-0.4000000000	0.0010000000	0.0100000000	100	100	0	0.914944
1772000	-0.4000000000	0.0010000000	0.0100000000	100	100	0	0.922139
1773000	-0.4000000000	0.0010000000	0.0100000000	100	100	0	0.924514
1774000	-0.4000000000	0.0010000000	0.0100000000	100	100	0	0.924885
1775000	-0.4000000000	0.0010000000	0.0100000000	100	100	0	0.924366
1776000	-0.4000000000	0.0010000000	0.0100000000	100	100	0	0.909358
1777000	-0.4000000000	0.0010000000	0.0100000000	100	100	0	0.889911
1778000	-0.4000000000	0.0010000000	0.0100000000	100	100	0	0.893312
1779000	-0.4000000000	0.0010000000	0.0100000000	100	100	0	0.889198
1780000	-0.4000000000	0.0010000000	0.0100000000	100	100	0	0.913547
1781000	-0.4000000000	0.0010000000	0.0100000000	100	100	0	0.907925
1782000	-0.4000000000	0.0010000000	0.0100000000	100	100	0	0.932534
1783000	-0.4000000000	0.0010000000	0.0100000000	100	100	0	0.923581
1784000	-0.4000000000	0.0010000000	0.0100000000	100	100	0	0.907579
1785000	-0.4000000000	0.0010000000	0.0100000000	100	100	0	0.917210
1786000	-0.4000000000	0.0010000000	0.0100000000	100	100	0	0.909499
1787000	-0.4000000000	0.0010000000	0.0100000000	100	100	0	0.906501
1788000	-0.4000000000	0.0010000000	0.0100000000	100	100	0	0.896340
1789000	-0.4000000000	0.0010000000	0.0100000000	100	100	0	0.889337
1790000	-0.4000000000	0.0010000000	0.0100000000	100	100	0	0.890596
1791000	-0.4000000000	0.0010000000	0.0100000000	100	100	0	0.894748
1792000	-0.4000000000	0.0010000000	0.0100000000	100	100	0	0.889730
1793000	-0.4000000000	0.0010000000	0.0100000000	100	100	0	0.904946
1794000	-0.4000000000	0.0010000000	0.0100000000	100	100	0	0.921150
1795000	-0.4000000000	0.0010000000	0.0100000000	100	100	0	0.903541
1796000	-0.4000000000	0.0010000000	0.0100000000	100	100	0	0.889140
1797000	-0.4000000000	0.0010000000	0.0100000000	100	100	0	0.899432
1798000	-0.4000000000	0.0010000000	0.0100000000	100	100	0	0.892026
1799000	-0.4000000000	0.0010000000	0.0100000000	100	100	0	0.899118
1800000	-0.4000000000	0.0010000000	0.0100000000	100	100	0	0.892436
1801000	-0.4000000000	0.0010000000	0.0100000000	100	100	0	0.908483
1802000	-0.4000000000	0.0010000000	0.0100000000	100	100	0	0.897388
1803000	-0.4000000000	0.0010000000	0.0100000000	100	100	0	0.912801
1804000	-0.4000000000	0.0010000000	0.0100000000	100	100	0	0.927974
1805000	-0.4000000000	0.0010000000	0.0100000000	100	100	0	0.895765
1806000	-0.4000000000	0.0010000000	0.0100000000	100	100	0	0.895437
1807000	-0.4000000000	0.0010000000	0.0100000000	100	100	0	0.882550
1808000	-0.4000000000	0.0010000000	0.0100000000	100	100	0	0.889864
1809000	-0.4000000000	0.0010000000	0.0100000000	100	100	0	0.885095
1810000	-0.4000000000	0.0010000000	0.0100000000	100	100	0	0.894753
1811000	-0.4000000000	0.0010000000	0.0100000000	100	100	0	0.885523
1812000	-0.4000000000	0.0010000000	0.0100000000	100	100	0	0.893643
1813000	-0.4000000000	0.0010000000	0.0100000000	100	100	0	0.875832
1814000	-0.4000000000	0.0010000000	0.0100000000	100	100	0	0.882738
1815000	-0.4000000000	0.0010000000	0.0100000000	100	100	0	0.892482
1816000	-0.4000000000	0.0010000000	0.0100000000	100	100	0	0.899121
1817000	-0.4000000000	0.0010000000	0.0100000000	100	100	0	0.917384
1818000	-0.4000000000	0.0010000000	0.0100000000	100	100	0	0.945214
1819000	-0.4000000000	0.0010000000	0.0100000000	100	100	0	0.950222
1820000	-0.4000000000	0.0010000000	0.0100000000	100	100	0	0.931653
1821000	-0.4000000000	0.0010000000	0.0100000000	100	100	0	0.911597
1822000	-0.4000000000	0.0010000000	0.0100000000	100	100	0	0.917878
1823000	-0.4000000000	0.0010000000	0.0100000000	100	100	0	0.916278
1824000	-0.4000000000	0.0010000000	0.0100000000	100	100	0	0.901374
1825000	-0.4000000000	0.0010000000	0.0100000000	100	100	0	0.908847
1826000	-0.4000000000	0.0010000000	0.0100000000	100	100	0	0.896289
1827000	-0.4000000000	0.0010000000	0.0100000000	100	100	0	0.889288
1828000	-0.4000000000	0.0010000000	0.0100000000	100	100	0	0.910071
1829000	-0.4000000000	0.0010000000	0.0100000000	100	100	0	0.909876
1830000	-0.4000000000	0.0010000000	0.0100000000	100	100	0	0.904954
1831000	-0.4000000000	0.0010000000	0.0100000000	100	100	0	0.899919
1832000	-0.4000000000	0.0010000000	0.0100000000	100	100	0	0.897671
1833000	-0.4000000000	0.0010000000	0.0100000000	100	100	0	0.897778
1834000	-0.4000000000	0.0010000000	0.0100000000	100	100	0	0.884492
1835000	-0.4000000000	0.0010000000	0.0100000000	100	100	0	0.886906
1836000	-0.4000000000	0.0010000000	0.0100000000	100	100	0	0.888174
1837000	-0.4000000000	0.0010000000	0.0100000000	100	100	0	0.887860
1838000	-0.4000000000	0.0010000000	0.0100000000	100	100	0	0.884807
1839000	-0.4000000000	0.0010000000	0.0100000000	100	100	0	0.907313
1840000	-0.4000000000	0.0010000000	0.0100000000	100	100	0	0.894813
1841000	-0.4000000000	0.0010000000	0.0100000000	100	100	0	0.898164
1842000	-0.4000000000	0.0010000000	0.0100000000	100	100	0	0.893117
1843000	-0.4000000000	0.0010000000	0.0100000000	100	100	0	0.903828
1844000	-0.4000000000	0.0010000000	0.0100000000	100	100	0	0.903008
1845000	-0.4000000000	0.0010000000	0.0100000000	100	100	0	0.904708
1846000	-0.4000000000	0.0010000000	0.0100000000	100	100	0	0.898777
1847000	-0.4000000000	0.0010000000	0.0100000000	100	100	0	0.903188
1848000	-0.4000000000	0.0010000000	0.0100000000	100	100	0	0.879456
1849000	-0.4000000000	0.0010000000	0.0100000000	100	100	0	0.870132
1850000	-0.4000000000	0.0010000000	0.0100000000	100	100	0	0.868275
1851000	-0.4000000000	0.0010000000	0.0100000000	100	100	0	0.866123
1852000	-0.4000000000	0.0010000000	0.0100000000	100	100	0	0.864673
1853000	-0.4000000000	0.0010000000	0.0100000000	100	100	0	0.868632
1854000	-0.4000000000	0.0010000000	0.0100000000	100	100	0	0.873267
1855000	-0.4000000000	0.0010000000	0.0100000000	100	100	0	0.872869
1856000	-0.4000000000	0.0010000000	0.0100000000	100	100	0	0.867178
1857000	-0.4000000000	0.0010000000	0.0100000000	100	100	0	0.856047
1858000	-0.4000000000	0.0010000000	0.0100000000	100	100	0	0.873851
1859000	-0.4000000000	0.0010000000	0.0100000000	100	100	0	0.887436
1860000	-0.4000000000	0.0010000000	0.0100000000	100	100	0	0.876382
1861000	-0.4000000000	0.0010000000	0.0100000000	100	100	0	0.883035
1862000	-0.4000000000	0.0010000000	0.0100000000	100	100	0	0.870480
1863000	-0.4000000000	0.0010000000	0.0100000000	100	100	0	0.867763
1864000	-0.4000000000	0.0010000000	0.0100000000	100	100	0	0.881129
1865000	-0.4000000000	0.0010000000	0.0100000000	100	100	0	0.887784
1866000	-0.4000000000	0.0010000000	0.0100000000	100	100	0	0.886952
1867000	-0.4000000000	0.0010000000	0.0100000000	100	100	0	0.902940
1868000	-0.4000000000	0.0010000000	0.0100000000	100	100	0	0.923174
1869000	-0.4000000000	0.0010000000	0.0100000000	100	100	0	0.899263
1870000	-0.4000000000	0.0010000000	0.0100000000	100	100	0	0.902905
1871000	-0.4000000000	0.0010000000	0.0100000000	100	100	0	0.905404
1872000	-0.4000000000	0.0010000000	0.0100000000	100	100	0	0.897972
1873000	-0.4000000000	0.0010000000	0.0100000000	100	100	0	0.897425
1874000	-0.4000000000	0.0010000000	0.0100000000	100	100	0	0.888564
1875000	-0.4000000000	0.0010000000	0.0100000000	100	100	0	0.877315
1876000	-0.4000000000	0.0010000000	0.0100000000	100	100	0	0.906842
1877000	-0.4000000000	0.0010000000	0.0100000000	100	100	0	0.898927
1878000	-0.4000000000	0.0010000000	0.0100000000	100	100	0	0.902711
1879000	-0.4000000000	0.0010000000	0.0100000000	100	100	0	0.909278
1880000	-0.4000000000	0.0010000000	0.0100000000	100	100	0	0.916837
1881000	-0.4000000000	0.0010000000	0.0100000000	100	100	0	0.926592
1882000	-0.4000000000	0.0010000000	0.0100000000	100	100	0	0.906745
1883000	-0.4000000000	0.0010000000	0.0100000000	100	100	0	0.909052
1884000	-0.4000000000	0.0010000000	0.0100000000	100	100	0	0.899016
1885000	-0.4000000000	0.0010000000	0.0100000000	100	100	0	0.898259
1886000	-0.4000000000	0.0010000000	0.0100000000	100	100	0	0.884616
1887000	-0.4000000000	0.0010000000	0.0100000000	100	100	0	0.892345
1888000	-0.4000000000	0.0010000000	0.0100000000	100	100	0	0.905156
1889000	-0.4000000000	0.0010000000	0.0100000000	100	100	0	0.868128
1890000	-0.4000000000	0.0010000000	0.0100000000	100	100	0	0.873706
1891000	-0.4000000000	0.0010000000	0.0100000000	100	100	0	0.861195
1892000	-0.4000000000	0.0010000000	0.0100000000	100	100	0	0.865116
1893000	-0.4000000000	0.0010000000	0.0100000000	100	100	0	0.871717
1894000	-0.4000000000	0.0010000000	0.0100000000	100	100	0	0.856212
1895000	-0.4000000000	0.0010000000	0.0100000000	100	100	0	0.862409
1896000	-0.4000000000	0.0010000000	0.0100000000	100	100	0	0.878320
1897000	-0.4000000000	0.0010000000	0.0100000000	100	100	0	0.905664
1898000	-0.4000000000	0.0010000000	0.0100000000	100	100	0	0.898104
1899000	-0.4000000000	0.0010000000	0.0100000000	100	100	0	0.890845
1900000	-0.4000000000	0.0010000000	0.0100000000	100	100	0	0.887783
1901000	-0.4000000000	0.0010000000	0.0100000000	100	100	0	0.902008
1902000	-0.4000000000	0.0010000000	0.0100000000	100	100	0	0.919159
1903000	-0.4000000000	0.0010000000	0.0100000000	100	100	0	0.908803
1904000	-0.4000000000	0.0010000000	0.0100000000	100	100	0	0.903058
1905000	-0.4000000000	0.0010000000	0.0100000000	100	100	0	0.899160
1906000	-0.4000000000	0.0010000000	0.0100000000	100	100	0	0.910251
1907000	-0.4000000000	0.0010000000	0.0100000000	100	100	0	0.887394
1908000	-0.4000000000	0.0010000000	0.0100000000	100	100	0	0.906397
1909000	-0.4000000000	0.0010000000	0.0100000000	100	100	0	0.889677
1910000	-0.4000000000	0.0010000000	0.0100000000	100	100	0	0.888974
1911000	-0.4000000000	0.0010000000	0.0100000000	100	100	0	0.894414
1912000	-0.4000000000	0.0010000000	0.0100000000	100	100	0	0.888661
1913000	-0.4000000000	0.0010000000	0.0100000000	100	100	0	0.889716
1914000	-0.4000000000	0.0010000000	0.0100000000	100	100	0	0.870230
1915000	-0.4000000000	0.0010000000	0.0100000000	100	100	0	0.876285
1916000	-0.4000000000	0.0010000000	0.0100000000	100	100	0	0.881220
1917000	-0.4000000000	0.0010000000	0.0100000000	100	100	0	0.904249
1918000	-0.4000000000	0.0010000000	0.0100000000	100	100	0	0.891027
1919000	-0.4000000000	0.0010000000	0.0100000000	100	100	0	0.889787
1920000	-0.4000000000	0.0010000000	0.0100000000	100	100	0	0.912823
1921000	-0.4000000000	0.0010000000	0.0100000000	100	100	0	0.911287
1922000	-0.4000000000	0.0010000000	0.0100000000	100	100	0	0.912394
1923000	-0.4000000000	0.0010000000	0.0100000000	100	100	0	0.897778
1924000	-0.4000000000	0.0010000000	0.0100000000	100	100	0	0.875750
1925000	-0.4000000000	0.0010000000	0.0100000000	100	100	0	0.894466
1926000	-0.4000000000	0.0010000000	0.0100000000	100	100	0	0.896048
1927000	-0.4000000000	0.0010000000	0.0100000000	100	100	0	0.888366
1928000	-0.4000000000	0.0010000000	0.0100000000	100	100	0	0.893021
1929000	-0.4000000000	0.0010000000	0.0100000000	100	100	0	0.894720
1930000	-0.4000000000	0.0010000000	0.0100000000	100	100	0	0.892489
1931000	-0.4000000000	0.0010000000	0.0100000000	100	100	0	0.902593
1932000	-0.4000000000	0.0010000000	0.0100000000	100	100	0	0.897820
1933000	-0.4000000000	0.0010000000	0.0100000000	100	100	0	0.881022
1934000	-0.4000000000	0.0010000000	0.0100000000	100	100	0	0.869333
1935000	-0.4000000000	0.0010000000	0.0100000000	100	100	0	0.875191
1936000	-0.4000000000	0.0010000000	0.0100000000	100	100	0	0.862711
1937000	-0.4000000000	0.0010000000	0.0100000000	100	100	0	0.882437
1938000	-0.4000000000	0.0010000000	0.0100000000	100	100	0	0.902260
1939000	-0.4000000000	0.0010000000	0.0100000000	100	100	0	0.882701
1940000	-0.4000000000	0.0010000000	0.0100000000	100	100	0	0.887630
1941000	-0.4000000000	0.0010000000	0.0100000000	100	100	0	0.889480
1942000	-0.4000000000	0.0010000000	0.0100000000	100	100	0	0.887092
1943000	-0.4000000000	0.0010000000	0.0100000000	100	100	0	0.893394
1944000	-0.4000000000	0.0010000000	0.0100000000	100	100	0	0.889442
1945000	-0.4000000000	0.0010000000	0.0100000000	100	100	0	0.903070
1946000	-0.4000000000	0.0010000000	0.0100000000	100	100	0	0.898112
1947000	-0.4000000000	0.0010000000	0.0100000000	100	100	0	0.906608
1948000	-0.4000000000	0.0010000000	0.0100000000	100	100	0	0.909798
1949000	-0.4000000000	0.0010000000	0.0100000000	100	100	0	0.912577
1950000	-0.4000000000	0.0010000000	0.0100000000	100	100	0	0.916511
1951000	-0.4000000000	0.0010000000	0.0100000000	100	100	0	0.908709
1952000	-0.4000000000	0.0010000000	0.0100000000	100	100	0	0.913460
1953000	-0.4000000000	0.0010000000	0.0100000000	100	100	0	0.905522
1954000	-0.4000000000	0.0010000000	0.0100000000	100	100	0	0.916140
1955000	-0.4000000000	0.0010000000	0.0100000000	100	100	0	0.931127
1956000	-0.4000000000	0.0010000000	0.0100000000	100	100	0	0.926630
1957000	-0.4000000000	0.0010000000	0.0100000000	100	100	0	0.928055
1958000	-0.4000000000	0.0010000000	0.0100000000	100	100	0	0.929420
1959000	-0.4000000000	0.0010000000	0.0100000000	100	100	0	0.921027
1960000	-0.4000000000	0.0010000000	0.0100000000	100	100	0	0.940377
1961000	-0.4000000000	0.0010000000	0.0100000000	100	100	0	0.939297
1962000	-0.4000000000	0.0010000000	0.0100000000	100	100	0	0.918054
1963000	-0.4000000000	0.0010000000	0.0100000000	100	100	0	0.911241
1964000	-0.4000000000	0.0010000000	0.0100000000	100	100	0	0.910961
1965000	-0.4000000000	0.0010000000	0.0100000000	100	100	0	0.921617
1966000	-0.4000000000	0.0010000000	0.0100000000	100	100	0	0.907597
1967000	-0.4000000000	0.0010000000	0.0100000000	100	100	0	0.902796
1968000	-0.4000000000	0.0010000000	0.0100000000	100	100	0	0.893955
1969000	-0.4000000000	0.0010000000	0.0100000000	100	100	0	0.871218
1970000	-0.4000000000	0.0010000000	0.0100000000	100	100	0	0.858878
1971000	-0.4000000000	0.0010000000	0.0100000000	100	100	0	0.862860
1972000	-0.4000000000	0.0010000000	0.0100000000	100	100	0	0.885692
1973000	-0.4000000000	0.0010000000	0.0100000000	100	100	0	0.890887
1974000	-0.4000000000	0.0010000000	0.0100000000	100	100	0	0.898870
1975000	-0.4000000000	0.0010000000	0.0100000000	100	100	0	0.905756
1976000	-0.4000000000	0.0010000000	0.0100000000	100	100	0	0.901776
1977000	-0.4000000000	0.0010000000	0.0100000000	100	100	0	0.908019
1978000	-0.4000000000	0.0010000000	0.0100000000	100	100	0	0.912063
1979000	-0.4000000000	0.0010000000	0.0100000000	100	100	0	0.905771
1980000	-0.4000000000	0.0010000000	0.0100000000	100	100	0	0.901396
1981000	-0.4000000000	0.0010000000	0.0100000000	100	100	0	0.893891
1982000	-0.4000000000	0.0010000000	0.0100000000	100	100	0	0.894177
1983000	-0.4000000000	0.0010000000	0.0100000000	100	100	0	0.887720
1984000	-0.4000000000	0.0010000000	0.0100000000	100	100	0	0.899692
1985000	-0.4000000000	0.0010000000	0.0100000000	100	100	0	0.913285
1986000	-0.4000000000	0.0010000000	0.0100000000	100	100	0	0.899306
1987000	-0.4000000000	0.0010000000	0.0100000000	100	100	0	0.891609
1988000	-0.4000000000	0.0010000000	0.0100000000	100	100	0	0.887910
1989000	-0.4000000000	0.0010000000	0.0100000000	100	100	0	0.894610
1990000	-0.4000000000	0.0010000000	0.0100000000	100	100	0	0.892518
1991000	-0.4000000000	0.0010000000	0.0100000000	100	100	0	0.907406
1992000	-0.4000000000	0.0010000000	0.0100000000	100	100	0	0.894470
1993000	-0.4000000000	0.0010000000	0.0100000000	100	100	0	0.896189
1994000	-0.4000000000	0.0010000000	0.0100000000	100	100	0	0.904426
1995000	-0.4000000000	0.0010000000	0.0100000000	100	100	0	0.919435
1996000	-0.4000000000	0.0010000000	0.0100000000	100	100	0	0.908991
1997000	-0.4000000000	0.0010000000	0.0100000000	100	100	0	0.917137
1998000	-0.4000000000	0.0010000000	0.0100000000	100	100	0	0.923681
1999000	-0.4000000000	0.0010000000	0.0100000000	100	100	0	0.904345
2000000	-0.4000000000	0.0010000000	0.0100000000	100	100	0	0.883109
2001000	-0.4000000000	0.0010000000	0.0100000000	100	100	0	0.889197
2002000	-0.4000000000	0.0010000000	0.0100000000	100	100	0	0.902736
2003000	-0.4000000000	0.0010000000	0.0100000000	100	100	0	0.903014
2004000	-0.4000000000	0.0010000000	0.0100000000	100	100	0	0.897733
2005000	-0.4000000000	0.0010000000	0.0100000000	100	100	0	0.896090
2006000	-0.4000000000	0.0010000000	0.0100000000	100	100	0	0.903760
2007000	-0.4000000000	0.0010000000	0.0100000000	100	100	0	0.891535
2008000	-0.4000000000	0.0010000000	0.0100000000	100	100	0	0.894465
2009000	-0.4000000000	0.0010000000	0.0100000000	100	100	0	0.890887
2010000	-0.4000000000	0.0010000000	0.0100000000	100	100	0	0.890327
2011000	-0.4000000000	0.0010000000	0.0100000000	100	100	0	0.883674
2012000	-0.4000000000	0.0010000000	0.0100000000	100	100	0	0.873959
2013000	-0.4000000000	0.0010000000	0.0100000000	100	100	0	0.897012
2014000	-0.4000000000	0.0010000000	0.0100000000	100	100	0	0.895567
2015000	-0.4000000000	0.0010000000	0.0100000000	100	100	0	0.891375
2016000	-0.4000000000	0.0010000000	0.0100000000	100	100	0	0.897728
2017000	-0.4000000000	0.0010000000	0.0100000000	100	100	0	0.890071
2018000	-0.4000000000	0.0010000000	0.0100000000	100	100	0	0.891807
2019000	-0.4000000000	0.0010000000	0.0100000000	100	100	0	0.899907
2020000	-0.4000000000	0.0010000000	0.0100000000	100	100	0	0.899311
2021000	-0.4000000000	0.0010000000	0.0100000000	100	100	0	0.892719
2022000	-0.4000000000	0.0010000000	0.0100000000	100	100	0	0.889089
2023000	-0.4000000000	0.0010000000	0.0100000000	100	100	0	0.886204
2024000	-0.4000000000	0.0010000000	0.0100000000	100	100	0	0.876195
2025000	-0.4000000000	0.0010000000	0.0100000000	100	100	0	0.859081
2026000	-0.4000000000	0.0010000000	0.0100000000	100	100	0	0.866176
2027000	-0.4000000000	0.0010000000	0.0100000000	100	100	0	0.869780
2028000	-0.4000000000	0.0010000000	0.0100000000	100	100	0	0.872359
2029000	-0.4000000000	0.0010000000	0.0100000000	100	100	0	0.870971
2030000	-0.4000000000	0.0010000000	0.0100000000	100	100	0	0.879506
2031000	-0.4000000000	0.0010000000	0.0100000000	100	100	0	0.894082
2032000	-0.4000000000	0.0010000000	0.0100000000	100	100	0	0.888740
2033000	-0.4000000000	0.0010000000	0.0100000000	100	100	0	0.911148
2034000	-0.4000000000	0.0010000000	0.0100000000	100	100	0	0.892721
2035000	-0.4000000000	0.0010000000	0.0100000000	100	100	0	0.901638
2036000	-0.4000000000	0.0010000000	0.0100000000	100	100	0	0.889857
2037000	-0.4000000000	0.0010000000	0.0100000000	100	100	0	0.903342
2038000	-0.4000000000	0.0010000000	0.0100000000	100	100	0	0.896438
2039000	-0.4000000000	0.0010000000	0.0100000000	100	100	0	0.876438
2040000	-0.4000000000	0.0010000000	0.0100000000	100	100	0	0.863711
2041000	-0.4000000000	0.0010000000	0.0100000000	100	100	0	0.871671
2042000	-0.4000000000	0.0010000000	0.0100000000	100	100	0	0.890748
2043000	-0.4000000000	0.0010000000	0.0100000000	100	100	0	0.902020
2044000	-0.4000000000	0.0010000000	0.0100000000	100	100	0	0.901780
2045000	-0.4000000000	0.0010000000	0.0100000000	100	100	0	0.899377
2046000	-0.4000000000	0.0010000000	0.0100000000	100	100	0	0.925286
2047000	-0.4000000000	0.0010000000	0.0100000000	100	100	0	0.929835
2048000	-0.4000000000	0.0010000000	0.0100000000	100	100	0	0.905000
2049000	-0.4000000000	0.0010000000	0.0100000000	100	100	0	0.913196
2050000	-0.4000000000	0.0010000000	0.0100000000	100	100	0	0.902352
2051000	-0.4000000000	0.0010000000	0.0100000000	100	100	0	0.907391
2052000	-0.4000000000	0.0010000000	0.0100000000	100	100	0	0.912500
2053000	-0.4000000000	0.0010000000	0.0100000000	100	100	0	0.908113
2054000	-0.4000000000	0.0010000000	0.0100000000	100	100	0	0.919309
2055000	-0.4000000000	0.0010000000	0.0100000000	100	100	0	0.922898
2056000	-0.4000000000	0.0010000000	0.0100000000	100	100	0	0.917469
2057000	-0.4000000000	0.0010000000	0.0100000000	100	100	0	0.915889
2058000	-0.4000000000	0.0010000000	0.0100000000	100	100	0	0.917392
2059000	-0.4000000000	0.0010000000	0.0100000000	100	100	0	0.922809
2060000	-0.4000000000	0.0010000000	0.0100000000	100	100	0	0.930071
2061000	-0.4000000000	0.0010000000	0.0100000000	100	100	0	0.918023
2062000	-0.4000000000	0.0010000000	0.0100000000	100	100	0	0.922579
2063000	-0.4000000000	0.0010000000	0.0100000000	100	100	0	0.919384
2064000	-0.4000000000	0.0010000000	0.0100000000	100	100	0	0.931210
2065000	-0.4000000000	0.0010000000	0.0100000000	100	100	0	0.927724
2066000	-0.4000000000	0.0010000000	0.0100000000	100	100	0	0.902241
2067000	-0.4000000000	0.0010000000	0.0100000000	100	100	0	0.930105
2068000	-0.4000000000	0.0010000000	0.0100000000	100	100	0	0.931242
2069000	-0.4000000000	0.0010000000	0.0100000000	100	100	0	0.920539
2070000	-0.4000000000	0.0010000000	0.0100000000	100	100	0	0.914656
2071000	-0.4000000000	0.0010000000	0.0100000000	100	100	0	0.906179
2072000	-0.4000000000	0.0010000000	0.0100000000	100	100	0	0.904088
2073000	-0.4000000000	0.0010000000	0.0100000000	100	100	0	0.910481
2074000	-0.4000000000	0.0010000000	0.0100000000	100	100	0	0.921235
2075000	-0.4000000000	0.0010000000	0.0100000000	100	100	0	0.917615
2076000	-0.4000000000	0.0010000000	0.0100000000	100	100	0	0.907785
2077000	-0.4000000000	0.0010000000	0.0100000000	100	100	0	0.892087
2078000	-0.4000000000	0.0010000000	0.0100000000	100	100	0	0.894422
2079000	-0.4000000000	0.0010000000	0.0100000000	100	100	0	0.896241
2080000	-0.4000000000	0.0010000000	0.0100000000	100	100	0	0.915964
2081000	-0.4000000000	0.0010000000	0.0100000000	100	100	0	0.928770
2082000	-0.4000000000	0.0010000000	0.0100000000	100	100	0	0.919302
2083000	-0.4000000000	0.0010000000	0.0100000000	100	100	0	0.918603
2084000	-0.4000000000	0.0010000000	0.0100000000	100	100	0	0.920846
2085000	-0.4000000000	0.0010000000	0.0100000000	100	100	0	0.921819
2086000	-0.4000000000	0.0010000000	0.0100000000	100	100	0	0.908067
2087000	-0.4000000000	0.0010000000	0.0100000000	100	100	0	0.914076
2088000	-0.4000000000	0.0010000000	0.0100000000	100	100	0	0.903400
2089000	-0.4000000000	0.0010000000	0.0100000000	100	100	0	0.901392
2090000	-0.4000000000	0.0010000000	0.0100000000	100	100	0	0.874873
2091000	-0.4000000000	0.0010000000	0.0100000000	100	100	0	0.864467
2092000	-0.4000000000	0.0010000000	0.0100000000	100	100	0	0.893184
2093000	-0.4000000000	0.0010000000	0.0100000000	100	100	0	0.907216
2094000	-0.4000000000	0.0010000000	0.0100000000	100	100	0	0.911941
2095000	-0.4000000000	0.0010000000	0.0100000000	100	100	0	0.887851
2096000	-0.4000000000	0.0010000000	0.0100000000	100	100	0	0.878162
2097000	-0.4000000000	0.0010000000	0.0100000000	100	100	0	0.898263
2098000	-0.4000000000	0.0010000000	0.0100000000	100	100	0	0.881699
2099000	-0.4000000000	0.0010000000	0.0100000000	100	100	0	0.876291
2100000	-0.4000000000	0.0010000000	0.0100000000	100	100	0	0.899357
2101000	-0.4000000000	0.0010000000	0.0100000000	100	100	0	0.911052
2102000	-0.4000000000	0.0010000000	0.0100000000	100	100	0	0.908802
2103000	-0.4000000000	0.0010000000	0.0100000000	100	100	0	0.910531
2104000	-0.4000000000	0.0010000000	0.0100000000	100	100	0	0.920674
2105000	-0.4000000000	0.0010000000	0.0100000000	100	100	0	0.909921
2106000	-0.4000000000	0.0010000000	0.0100000000	100	100	0	0.894365
2107000	-0.4000000000	0.0010000000	0.0100000000	100	100	0	0.882437
2108000	-0.4000000000	0.0010000000	0.0100000000	100	100	0	0.895139
2109000	-0.4000000000	0.0010000000	0.0100000000	100	100	0	0.891224
2110000	-0.4000000000	0.0010000000	0.0100000000	100	100	0	0.886177
2111000	-0.4000000000	0.0010000000	0.0100000000	100	100	0	0.888502
2112000	-0.4000000000	0.0010000000	0.0100000000	100	100	0	0.890943
2113000	-0.4000000000	0.0010000000	0.0100000000	100	100	0	0.890839
2114000	-0.4000000000	0.0010000000	0.0100000000	100	100	0	0.900723
2115000	-0.4000000000	0.0010000000	0.0100000000	100	100	0	0.916961
2116000	-0.4000000000	0.0010000000	0.0100000000	100	100	0	0.901241
2117000	-0.4000000000	0.0010000000	0.0100000000	100	100	0	0.886455
2118000	-0.4000000000	0.0010000000	0.0100000000	100	100	0	0.890797
2119000	-0.4000000000	0.0010000000	0.0100000000	100	100	0	0.869573
2120000	-0.4000000000	0.0010000000	0.0100000000	100	100	0	0.889000
2121000	-0.4000000000	0.0010000000	0.0100000000	100	100	0	0.869980
2122000	-0.4000000000	0.0010000000	0.0100000000	100	100	0	0.879736
2123000	-0.4000000000	0.0010000000	0.0100000000	100	100	0	0.886122
2124000	-0.4000000000	0.0010000000	0.0100000000	100	100	0	0.898207
2125000	-0.4000000000	0.0010000000	0.0100000000	100	100	0	0.908937
2126000	-0.4000000000	0.0010000000	0.0100000000	100	100	0	0.914716
2127000	-0.4000000000	0.0010000000	0.0100000000	100	100	0	0.923209
2128000	-0.4000000000	0.0010000000	0.0100000000	100	100	0	0.917576
2129000	-0.4000000000	0.0010000000	0.0100000000	100	100	0	0.923704
2130000	-0.4000000000	0.0010000000	0.0100000000	100	100	0	0.930481
2131000	-0.4000000000	0.0010000000	0.0100000000	100	100	0	0.939557
2132000	-0.4000000000	0.0010000000	0.0100000000	100	100	0	0.934584
2133000	-0.4000000000	0.0010000000	0.0100000000	100	100	0	0.912313
2134000	-0.4000000000	0.0010000000	0.0100000000	100	100	0	0.898103
2135000	-0.4000000000	0.0010000000	0.0100000000	100	100	0	0.894690
2136000	-0.4000000000	0.0010000000	0.0100000000	100	100	0	0.910073
2137000	-0.4000000000	0.0010000000	0.0100000000	100	100	0	0.902261
2138000	-0.4000000000	0.0010000000	0.0100000000	100	100	0	0.898355
2139000	-0.4000000000	0.0010000000	0.0100000000	100	100	0	0.898403
2140000	-0.4000000000	0.0010000000	0.0100000000	100	100	0	0.912963
2141000	-0.4000000000	0.0010000000	0.0100000000	100	100	0	0.909768
2142000	-0.4000000000	0.0010000000	0.0100000000	100	100	0	0.910211
2143000	-0.4000000000	0.0010000000	0.0100000000	100	100	0	0.903130
2144000	-0.4000000000	0.0010000000	0.0100000000	100	100	0	0.888583
2145000	-0.4000000000	0.0010000000	0.0100000000	100	100	0	0.889239
2146000	-0.4000000000	0.0010000000	0.0100000000	100	100	0	0.904099
2147000	-0.4000000000	0.0010000000	0.0100000000	100	100	0	0.893173
2148000	-0.4000000000	0.0010000000	0.0100000000	100	100	0	0.899171
2149000	-0.4000000000	0.0010000000	0.0100000000	100	100	0	0.883830
2150000	-0.4000000000	0.0010000000	0.0100000000	100	100	0	0.874957
2151000	-0.4000000000	0.0010000000	0.0100000000	100	100	0	0.878865
2152000	-0.4000000000	0.0010000000	0.0100000000	100	100	0	0.843355
2153000	-0.4000000000	0.0010000000	0.0100000000	100	100	0	0.854894
2154000	-0.4000000000	0.0010000000	0.0100000000	100	100	0	0.847796
2155000	-0.4000000000	0.0010000000	0.0100000000	100	100	0	0.842738
2156000	-0.4000000000	0.0010000000	0.0100000000	100	100	0	0.842521
2157000	-0.4000000000	0.0010000000	0.0100000000	100	100	0	0.883138
2158000	-0.4000000000	0.0010000000	0.0100000000	100	100	0	0.875788
2159000	-0.4000000000	0.0010000000	0.0100000000	100	100	0	0.889290
2160000	-0.4000000000	0.0010000000	0.0100000000	100	100	0	0.888708
2161000	-0.4000000000	0.0010000000	0.0100000000	100	100	0	0.878068
2162000	-0.4000000000	0.0010000000	0.0100000000	100	100	0	0.879555
2163000	-0.4000000000	0.0010000000	0.0100000000	100	100	0	0.880132
2164000	-0.4000000000	0.0010000000	0.0100000000	100	100	0	0.884172
2165000	-0.4000000000	0.0010000000	0.0100000000	100	100	0	0.896454
2166000	-0.4000000000	0.0010000000	0.0100000000	100	100	0	0.885477
2167000	-0.4000000000	0.0010000000	0.0100000000	100	100	0	0.890313
2168000	-0.4000000000	0.0010000000	0.0100000000	100	100	0	0.900971
2169000	-0.4000000000	0.0010000000	0.0100000000	100	100	0	0.875938
2170000	-0.4000000000	0.0010000000	0.0100000000	100	100	0	0.872313
2171000	-0.4000000000	0.0010000000	0.0100000000	100	100	0	0.883045
2172000	-0.4000000000	0.0010000000	0.0100000000	100	100	0	0.884370
2173000	-0.4000000000	0.0010000000	0.0100000000	100	100	0	0.885967
2174000	-0.4000000000	0.0010000000	0.0100000000	100	100	0	0.873066
2175000	-0.4000000000	0.0010000000	0.0100000000	100	100	0	0.879007
2176000	-0.4000000000	0.0010000000	0.0100000000	100	100	0	0.879754
2177000	-0.4000000000	0.0010000000	0.0100000000	100	100	0	0.886675
2178000	-0.4000000000	0.0010000000	0.0100000000	100	100	0	0.883819
2179000	-0.4000000000	0.0010000000	0.0100000000	100	100	0	0.890940
2180000	-0.4000000000	0.0010000000	0.0100000000	100	100	0	0.885188
2181000	-0.4000000000	0.0010000000	0.0100000000	100	100	0	0.882351
2182000	-0.4000000000	0.0010000000	0.0100000000	100	100	0	0.893283
2183000	-0.4000000000	0.0010000000	0.0100000000	100	100	0	0.905803
2184000	-0.4000000000	0.0010000000	0.0100000000	100	100	0	0.905025
2185000	-0.4000000000	0.0010000000	0.0100000000	100	100	0	0.906023
2186000	-0.4000000000	0.0010000000	0.0100000000	100	100	0	0.916186
2187000	-0.4000000000	0.0010000000	0.0100000000	100	100	0	0.910403
2188000	-0.4000000000	0.0010000000	0.0100000000	100	100	0	0.915588
2189000	-0.4000000000	0.0010000000	0.0100000000	100	100	0	0.909497
2190000	-0.4000000000	0.0010000000	0.0100000000	100	100	0	0.884208
2191000	-0.4000000000	0.0010000000	0.0100000000	100	100	0	0.908828
2192000	-0.4000000000	0.0010000000	0.0100000000	100	100	0	0.908247
2193000	-0.4000000000	0.0010000000	0.0100000000	100	100	0	0.911894
2194000	-0.4000000000	0.0010000000	0.0100000000	100	100	0	0.900070
2195000	-0.4000000000	0.0010000000	0.0100000000	100	100	0	0.879945
2196000	-0.4000000000	0.0010000000	0.0100000000	100	100	0	0.881809
2197000	-0.4000000000	0.0010000000	0.0100000000	100	100	0	0.909089
2198000	-0.4000000000	0.0010000000	0.0100000000	100	100	0	0.906687
2199000	-0.4000000000	0.0010000000	0.0100000000	100	100	0	0.922222
2200000	-0.4000000000	0.0010000000	0.0100000000	100	100	0	0.910801
2201000	-0.4000000000	0.0010000000	0.0100000000	100	100	0	0.904863
2202000	-0.4000000000	0.0010000000	0.0100000000	100	100	0	0.910481
2203000	-0.4000000000	0.0010000000	0.0100000000	100	100	0	0.906132
2204000	-0.4000000000	0.0010000000	0.0100000000	100	100	0	0.924301
2205000	-0.4000000000	0.0010000000	0.0100000000	100	100	0	0.904909
2206000	-0.4000000000	0.0010000000	0.0100000000	100	100	0	0.899599
2207000	-0.4000000000	0.0010000000	0.0100000000	100	100	0	0.912963
2208000	-0.4000000000	0.0010000000	0.0100000000	100	100	0	0.918572
2209000	-0.4000000000	0.0010000000	0.0100000000	100	100	0	0.901632
2210000	-0.4000000000	0.0010000000	0.0100000000	100	100	0	0.910199
2211000	-0.4000000000	0.0010000000	0.0100000000	100	100	0	0.906655
2212000	-0.4000000000	0.0010000000	0.0100000000	100	100	0	0.911356
2213000	-0.4000000000	0.0010000000	0.0100000000	100	100	0	0.908642
2214000	-0.4000000000	0.0010000000	0.0100000000	100	100	0	0.898822
2215000	-0.4000000000	0.0010000000	0.0100000000	100	100	0	0.899073
2216000	-0.4000000000	0.0010000000	0.0100000000	100	100	0	0.889384
2217000	-0.4000000000	0.0010000000	0.0100000000	100	100	0	0.882354
2218000	-0.4000000000	0.0010000000	0.0100000000	100	100	0	0.895754
2219000	-0.4000000000	0.0010000000	0.0100000000	100	100	0	0.911399
2220000	-0.4000000000	0.0010000000	0.0100000000	100	100	0	0.925178
2221000	-0.4000000000	0.0010000000	0.0100000000	100	100	0	0.926306
2222000	-0.4000000000	0.0010000000	0.0100000000	100	100	0	0.915686
2223000	-0.4000000000	0.0010000000	0.0100000000	100	100	0	0.920488
2224000	-0.4000000000	0.0010000000	0.0100000000	100	100	0	0.926372
2225000	-0.4000000000	0.0010000000	0.0100000000	100	100	0	0.926057
2226000	-0.4000000000	0.0010000000	0.0100000000	100	100	0	0.931040
2227000	-0.4000000000	0.0010000000	0.0100000000	100	100	0	0.913054
2228000	-0.4000000000	0.0010000000	0.0100000000	100	100	0	0.908534
2229000	-0.4000000000	0.0010000000	0.0100000000	100	100	0	0.915814
2230000	-0.4000000000	0.0010000000	0.0100000000	100	100	0	0.920034
2231000	-0.4000000000	0.0010000000	0.0100000000	100	100	0	0.919555
2232000	-0.4000000000	0.0010000000	0.0100000000	100	100	0	0.929524
2233000	-0.4000000000	0.0010000000	0.0100000000	100	100	0	0.912491
2234000	-0.4000000000	0.0010000000	0.0100000000	100	100	0	0.929392
2235000	-0.4000000000	0.0010000000	0.0100000000	100	100	0	0.902221
2236000	-0.4000000000	0.0010000000	0.0100000000	100	100	0	0.906467
2237000	-0.4000000000	0.0010000000	0.0100000000	100	100	0	0.921587
2238000	-0.4000000000	0.0010000000	0.0100000000	100	100	0	0.922670
2239000	-0.4000000000	0.0010000000	0.0100000000	100	100	0	0.910352
2240000	-0.4000000000	0.0010000000	0.0100000000	100	100	0	0.908935
2241000	-0.4000000000	0.0010000000	0.0100000000	100	100	0	0.912169
2242000	-0.4000000000	0.0010000000	0.0100000000	100	100	0	0.930908
2243000	-0.4000000000	0.0010000000	0.0100000000	100	100	0	0.921773
2244000	-0.4000000000	0.0010000000	0.0100000000	100	100	0	0.907708
2245000	-0.4000000000	0.0010000000	0.0100000000	100	100	0	0.899583
2246000	-0.4000000000	0.0010000000	0.0100000000	100	100	0	0.892701
2247000	-0.4000000000	0.0010000000	0.0100000000	100	100	0	0.896527
2248000	-0.4000000000	0.0010000000	0.0100000000	100	100	0	0.885820
2249000	-0.4000000000	0.0010000000	0.0100000000	100	100	0	0.882243
2250000	-0.4000000000	0.0010000000	0.0100000000	100	100	0	0.872372
2251000	-0.4000000000	0.0010000000	0.0100000000	100	100	0	0.859940
2252000	-0.4000000000	0.0010000000	0.0100000000	100	100	0	0.870324
2253000	-0.4000000000	0.0010000000	0.0100000000	100	100	0	0.865066
2254000	-0.4000000000	0.0010000000	0.0100000000	100	100	0	0.887586
2255000	-0.4000000000	0.0010000000	0.0100000000	100	100	0	0.892586
2256000	-0.4000000000	0.0010000000	0.0100000000	100	100	0	0.894948
2257000	-0.4000000000	0.0010000000	0.0100000000	100	100	0	0.902242
2258000	-0.4000000000	0.0010000000	0.0100000000	100	100	0	0.920166
2259000	-0.4000000000	0.0010000000	0.0100000000	100	100	0	0.902625
2260000	-0.4000000000	0.0010000000	0.0100000000	100	100	0	0.879701
2261000	-0.4000000000	0.0010000000	0.0100000000	100	100	0	0.892179
2262000	-0.4000000000	0.0010000000	0.0100000000	100	100	0	0.904346
2263000	-0.4000000000	0.0010000000	0.0100000000	100	100	0	0.897843
2264000	-0.4000000000	0.0010000000	0.0100000000	100	100	0	0.901810
2265000	-0.4000000000	0.0010000000	0.0100000000	100	100	0	0.902298
2266000	-0.4000000000	0.0010000000	0.0100000000	100	100	0	0.880785
2267000	-0.4000000000	0.0010000000	0.0100000000	100	100	0	0.854820
2268000	-0.4000000000	0.0010000000	0.0100000000	100	100	0	0.885634
2269000	-0.4000000000	0.0010000000	0.0100000000	100	100	0	0.875050
2270000	-0.4000000000	0.0010000000	0.0100000000	100	100	0	0.879755
2271000	-0.4000000000	0.0010000000	0.0100000000	100	100	0	0.891470
2272000	-0.4000000000	0.0010000000	0.0100000000	100	100	0	0.886807
2273000	-0.4000000000	0.0010000000	0.0100000000	100	100	0	0.891077
2274000	-0.4000000000	0.0010000000	0.0100000000	100	100	0	0.882551
2275000	-0.4000000000	0.0010000000	0.0100000000	100	100	0	0.884059
2276000	-0.4000000000	0.0010000000	0.0100000000	100	100	0	0.901215
2277000	-0.4000000000	0.0010000000	0.0100000000	100	100	0	0.894432
2278000	-0.4000000000	0.0010000000	0.0100000000	100	100	0	0.895568
2279000	-0.4000000000	0.0010000000	0.0100000000	100	100	0	0.893548
2280000	-0.4000000000	0.0010000000	0.0100000000	100	100	0	0.875300
2281000	-0.4000000000	0.0010000000	0.0100000000	100	100	0	0.888368
2282000	-0.4000000000	0.0010000000	0.0100000000	100	100	0	0.879504
2283000	-0.4000000000	0.0010000000	0.0100000000	100	100	0	0.881947
2284000	-0.4000000000	0.0010000000	0.0100000000	100	100	0	0.910401
2285000	-0.4000000000	0.0010000000	0.0100000000	100	100	0	0.901816
2286000	-0.4000000000	0.0010000000	0.0100000000	100	100	0	0.895644
2287000	-0.4000000000	0.0010000000	0.0100000000	100	100	0	0.904247
2288000	-0.4000000000	0.0010000000	0.0100000000	100	100	0	0.910989
2289000	-0.4000000000	0.0010000000	0.0100000000	100	100	0	0.911786
2290000	-0.4000000000	0.0010000000	0.0100000000	100	100	0	0.910729
2291000	-0.4000000000	0.0010000000	0.0100000000	100	100	0	0.909926
2292000	-0.4000000000	0.0010000000	0.0100000000	100	100	0	0.904366
2293000	-0.4000000000	0.0010000000	0.0100000000	100	100	0	0.911229
2294000	-0.4000000000	0.0010000000	0.0100000000	100	100	0	0.911138
2295000	-0.4000000000	0.0010000000	0.0100000000	100	100	0	0.896466
2296000	-0.4000000000	0.0010000000	0.0100000000	100	100	0	0.899611
2297000	-0.4000000000	0.0010000000	0.0100000000	100	100	0	0.900928
2298000	-0.4000000000	0.0010000000	0.0100000000	100	100	0	0.892567
2299000	-0.4000000000	0.0010000000	0.0100000000	100	100	0	0.901339
2300000	-0.4000000000	0.0010000000	0.0100000000	100	100	0	0.879345
2301000	-0.4000000000	0.0010000000	0.0100000000	100	100	0	0.883825
2302000	-0.4000000000	0.0010000000	0.0100000000	100	100	0	0.871420
2303000	-0.4000000000	0.0010000000	0.0100000000	100	100	0	0.897300
2304000	-0.4000000000	0.0010000000	0.0100000000	100	100	0	0.892951
2305000	-0.4000000000	0.0010000000	0.0100000000	100	100	0	0.904018
2306000	-0.4000000000	0.0010000000	0.0100000000	100	100	0	0.907165
2307000	-0.4000000000	0.0010000000	0.0100000000	100	100	0	0.924436
2308000	-0.4000000000	0.0010000000	0.0100000000	100	100	0	0.927657
2309000	-0.4000000000	0.0010000000	0.0100000000	100	100	0	0.922138
2310000	-0.4000000000	0.0010000000	0.0100000000	100	100	0	0.909968
2311000	-0.4000000000	0.0010000000	0.0100000000	100	100	0	0.904049
2312000	-0.4000000000	0.0010000000	0.0100000000	100	100	0	0.910681
2313000	-0.4000000000	0.0010000000	0.0100000000	100	100	0	0.923561
2314000	-0.4000000000	0.0010000000	0.0100000000	100	100	0	0.931807
2315000	-0.4000000000	0.0010000000	0.0100000000	100	100	0	0.928411
2316000	-0.4000000000	0.0010000000	0.0100000000	100	100	0	0.942101
2317000	-0.4000000000	0.0010000000	0.0100000000	100	100	0	0.933967
2318000	-0.4000000000	0.0010000000	0.0100000000	100	100	0	0.930862
2319000	-0.4000000000	0.0010000000	0.0100000000	100	100	0	0.921590
2320000	-0.4000000000	0.0010000000	0.0100000000	100	100	0	0.924001
2321000	-0.4000000000	0.0010000000	0.0100000000	100	100	0	0.946673
2322000	-0.4000000000	0.0010000000	0.0100000000	100	100	0	0.952665
2323000	-0.4000000000	0.0010000000	0.0100000000	100	100	0	0.942775
2324000	-0.4000000000	0.0010000000	0.0100000000	100	100	0	0.924389
2325000	-0.4000000000	0.0010000000	0.0100000000	100	100	0	0.939201
2326000	-0.4000000000	0.0010000000	0.0100000000	100	100	0	0.931395
2327000	-0.4000000000	0.0010000000	0.0100000000	100	100	0	0.905329
2328000	-0.4000000000	0.0010000000	0.0100000000	100	100	0	0.907643
2329000	-0.4000000000	0.0010000000	0.0100000000	100	100	0	0.908750
2330000	-0.4000000000	0.0010000000	0.0100000000	100	100	0	0.918367
2331000	-0.4000000000	0.0010000000	0.0100000000	100	100	0	0.912265
2332000	-0.4000000000	0.0010000000	0.0100000000	100	100	0	0.901117
2333000	-0.4000000000	0.0010000000	0.0100000000	100	100	0	0.912631
2334000	-0.4000000000	0.0010000000	0.0100000000	100	100	0	0.908883
2335000	-0.4000000000	0.0010000000	0.0100000000	100	100	0	0.911552
2336000	-0.4000000000	0.0010000000	0.0100000000	100	100	0	0.913977
2337000	-0.4000000000	0.0010000000	0.0100000000	100	100	0	0.911986
2338000	-0.4000000000	0.0010000000	0.0100000000	100	100	0	0.885870
2339000	-0.4000000000	0.0010000000	0.0100000000	100	100	0	0.897007
2340000	-0.4000000000	0.0010000000	0.0100000000	100	100	0	0.908937
2341000	-0.4000000000	0.0010000000	0.0100000000	100	100	0	0.905224
2342000	-0.4000000000	0.0010000000	0.0100000000	100	100	0	0.914617
2343000	-0.4000000000	0.0010000000	0.0100000000	100	100	0	0.914210
2344000	-0.4000000000	0.0010000000	0.0100000000	100	100	0	0.892108
2345000	-0.4000000000	0.0010000000	0.0100000000	100	100	0	0.914069
2346000	-0.4000000000	0.0010000000	0.0100000000	100	100	0	0.908865
2347000	-0.4000000000	0.0010000000	0.0100000000	100	100	0	0.910431
2348000	-0.4000000000	0.0010000000	0.0100000000	100	100	0	0.879442
2349000	-0.4000000000	0.0010000000	0.0100000000	100	100	0	0.864313
2350000	-0.4000000000	0.0010000000	0.0100000000	100	100	0	0.862550
2351000	-0.4000000000	0.0010000000	0.0100000000	100	100	0	0.869828
2352000	-0.4000000000	0.0010000000	0.0100000000	100	100	0	0.884602
2353000	-0.4000000000	0.0010000000	0.0100000000	100	100	0	0.866972
2354000	-0.4000000000	0.0010000000	0.0100000000	100	100	0	0.880192
2355000	-0.4000000000	0.0010000000	0.0100000000	100	100	0	0.882508
2356000	-0.4000000000	0.0010000000	0.0100000000	100	100	0	0.903828
2357000	-0.4000000000	0.0010000000	0.0100000000	100	100	0	0.913266
2358000	-0.4000000000	0.0010000000	0.0100000000	100	100	0	0.916230
2359000	-0.4000000000	0.0010000000	0.0100000000	100	100	0	0.921654
2360000	-0.4000000000	0.0010000000	0.0100000000	100	100	0	0.925088
2361000	-0.4000000000	0.0010000000	0.0100000000	100	100	0	0.891323
2362000	-0.4000000000	0.0010000000	0.0100000000	100	100	0	0.898932
2363000	-0.4000000000	0.0010000000	0.0100000000	100	100	0	0.905364
2364000	-0.4000000000	0.0010000000	0.0100000000	100	100	0	0.893985
2365000	-0.4000000000	0.0010000000	0.0100000000	100	100	0	0.888905
2366000	-0.4000000000	0.0010000000	0.0100000000	100	100	0	0.889806
2367000	-0.4000000000	0.0010000000	0.0100000000	100	100	0	0.879408
2368000	-0.4000000000	0.0010000000	0.0100000000	100	100	0	0.884565
2369000	-0.4000000000	0.0010000000	0.0100000000	100	100	0	0.878271
2370000	-0.4000000000	0.0010000000	0.0100000000	100	100	0	0.899681
2371000	-0.4000000000	0.0010000000	0.0100000000	100	100	0	0.908240
2372000	-0.4000000000	0.0010000000	0.0100000000	100	100	0	0.909883
2373000	-0.4000000000	0.0010000000	0.0100000000	100	100	0	0.917798
2374000	-0.4000000000	0.0010000000	0.0100000000	100	100	0	0.912430
2375000	-0.4000000000	0.0010000000	0.0100000000	100	100	0	0.910568
2376000	-0.4000000000	0.0010000000	0.0100000000	100	100	0	0.899260
2377000	-0.4000000000	0.0010000000	0.0100000000	100	100	0	0.900252
2378000	-0.4000000000	0.0010000000	0.0100000000	100	100	0	0.901120
2379000	-0.4000000000	0.0010000000	0.0100000000	100	100	0	0.900135
2380000	-0.4000000000	0.0010000000	0.0100000000	100	100	0	0.902879
2381000	-0.4000000000	0.0010000000	0.0100000000	100	100	0	0.909610
2382000	-0.4000000000	0.0010000000	0.0100000000	100	100	0	0.900020
2383000	-0.4000000000	0.0010000000	0.0100000000	100	100	0	0.903639
2384000	-0.4000000000	0.0010000000	0.0100000000	100	100	0	0.888758
2385000	-0.4000000000	0.0010000000	0.0100000000	100	100	0	0.895879
2386000	-0.4000000000	0.0010000000	0.0100000000	100	100	0	0.895160
2387000	-0.4000000000	0.0010000000	0.0100000000	100	100	0	0.896528
2388000	-0.4000000000	0.0010000000	0.0100000000	100	100	0	0.905937
2389000	-0.4000000000	0.0010000000	0.0100000000	100	100	0	0.878806
2390000	-0.4000000000	0.0010000000	0.0100000000	100	100	0	0.875966
2391000	-0.4000000000	0.0010000000	0.0100000000	100	100	0	0.882350
2392000	-0.4000000000	0.0010000000	0.0100000000	100	100	0	0.885190
2393000	-0.4000000000	0.0010000000	0.0100000000	100	100	0	0.886659
2394000	-0.4000000000	0.0010000000	0.0100000000	100	100	0	0.901155
2395000	-0.4000000000	0.0010000000	0.0100000000	100	100	0	0.910439
2396000	-0.4000000000	0.0010000000	0.0100000000	100	100	0	0.923217
2397000	-0.4000000000	0.0010000000	0.0100000000	100	100	0	0.930194
2398000	-0.4000000000	0.0010000000	0.0100000000	100	100	0	0.916249
2399000	-0.4000000000	0.0010000000	0.0100000000	100	100	0	0.926775
2400000	-0.4000000000	0.0010000000	0.0100000000	100	100	0	0.907642
2401000	-0.4000000000	0.0010000000	0.0100000000	100	100	0	0.909239
2402000	-0.4000000000	0.0010000000	0.0100000000	100	100	0	0.871376
2403000	-0.4000000000	0.0010000000	0.0100000000	100	100	0	0.897589
2404000	-0.4000000000	0.0010000000	0.0100000000	100	100	0	0.889247
2405000	-0.4000000000	0.0010000000	0.0100000000	100	100	0	0.888270
2406000	-0.4000000000	0.0010000000	0.0100000000	100	100	0	0.896666
2407000	-0.4000000000	0.0010000000	0.0100000000	100	100	0	0.899297
2408000	-0.4000000000	0.0010000000	0.0100000000	100	100	0	0.886312
2409000	-0.4000000000	0.0010000000	0.0100000000	100	100	0	0.896770
2410000	-0.4000000000	0.0010000000	0.0100000000	100	100	0	0.889574
2411000	-0.4000000000	0.0010000000	0.0100000000	100	100	0	0.870069
2412000	-0.4000000000	0.0010000000	0.0100000000	100	100	0	0.850953
2413000	-0.4000000000	0.0010000000	0.0100000000	100	100	0	0.853510
2414000	-0.4000000000	0.0010000000	0.0100000000	100	100	0	0.844738
2415000	-0.4000000000	0.0010000000	0.0100000000	100	100	0	0.885338
2416000	-0.4000000000	0.0010000000	0.0100000000	100	100	0	0.890989
2417000	-0.4000000000	0.0010000000	0.0100000000	100	100	0	0.903102
2418000	-0.4000000000	0.0010000000	0.0100000000	100	100	0	0.887732
2419000	-0.4000000000	0.0010000000	0.0100000000	100	100	0	0.892484
2420000	-0.4000000000	0.0010000000	0.0100000000	100	100	0	0.900151
2421000	-0.4000000000	0.0010000000	0.0100000000	100	100	0	0.907825
2422000	-0.4000000000	0.0010000000	0.0100000000	100	100	0	0.891745
2423000	-0.4000000000	0.0010000000	0.0100000000	100	100	0	0.897297
2424000	-0.4000000000	0.0010000000	0.0100000000	100	100	0	0.896341
2425000	-0.4000000000	0.0010000000	0.0100000000	100	100	0	0.909325
2426000	-0.4000000000	0.0010000000	0.0100000000	100	100	0	0.908392
2427000	-0.4000000000	0.0010000000	0.0100000000	100	100	0	0.913567
2428000	-0.4000000000	0.0010000000	0.0100000000	100	100	0	0.896386
2429000	-0.4000000000	0.0010000000	0.0100000000	100	100	0	0.894326
2430000	-0.4000000000	0.0010000000	0.0100000000	100	100	0	0.892441
2431000	-0.4000000000	0.0010000000	0.0100000000	100	100	0	0.866624
2432000	-0.4000000000	0.0010000000	0.0100000000	100	100	0	0.880043
2433000	-0.4000000000	0.0010000000	0.0100000000	100	100	0	0.867074
2434000	-0.4000000000	0.0010000000	0.0100000000	100	100	0	0.868626
2435000	-0.4000000000	0.0010000000	0.0100000000	100	100	0	0.863157
2436000	-0.4000000000	0.0010000000	0.0100000000	100	100	0	0.884369
2437000	-0.4000000000	0.0010000000	0.0100000000	100	100	0	0.888603
2438000	-0.4000000000	0.0010000000	0.0100000000	100	100	0	0.916789
2439000	-0.4000000000	0.0010000000	0.0100000000	100	100	0	0.923484
2440000	-0.4000000000	0.0010000000	0.0100000000	100	100	0	0.914656
2441000	-0.4000000000	0.0010000000	0.0100000000	100	100	0	0.910730
2442000	-0.4000000000	0.0010000000	0.0100000000	100	100	0	0.879606
2443000	-0.4000000000	0.0010000000	0.0100000000	100	100	0	0.892980
2444000	-0.4000000000	0.0010000000	0.0100000000	100	100	0	0.898019
2445000	-0.4000000000	0.0010000000	0.0100000000	100	100	0	0.903253
2446000	-0.4000000000	0.0010000000	0.0100000000	100	100	0	0.906137
2447000	-0.4000000000	0.0010000000	0.0100000000	100	100	0	0.911890
2448000	-0.4000000000	0.0010000000	0.0100000000	100	100	0	0.895041
2449000	-0.4000000000	0.0010000000	0.0100000000	100	100	0	0.908288
2450000	-0.4000000000	0.0010000000	0.0100000000	100	100	0	0.869028
2451000	-0.4000000000	0.0010000000	0.0100000000	100	100	0	0.874106
2452000	-0.4000000000	0.0010000000	0.0100000000	100	100	0	0.887438
2453000	-0.4000000000	0.0010000000	0.0100000000	100	100	0	0.893353
2454000	-0.4000000000	0.0010000000	0.0100000000	100	100	0	0.882698
2455000	-0.4000000000	0.0010000000	0.0100000000	100	100	0	0.890308
2456000	-0.4000000000	0.0010000000	0.0100000000	100	100	0	0.910214
2457000	-0.4000000000	0.0010000000	0.0100000000	100	100	0	0.920947
2458000	-0.4000000000	0.0010000000	0.0100000000	100	100	0	0.899827
2459000	-0.4000000000	0.0010000000	0.0100000000	100	100	0	0.891275
2460000	-0.4000000000	0.0010000000	0.0100000000	100	100	0	0.888368
2461000	-0.4000000000	0.0010000000	0.0100000000	100	100	0	0.873653
2462000	-0.4000000000	0.0010000000	0.0100000000	100	100	0	0.878319
2463000	-0.4000000000	0.0010000000	0.0100000000	100	100	0	0.876095
2464000	-0.4000000000	0.0010000000	0.0100000000	100	100	0	0.870317
2465000	-0.4000000000	0.0010000000	0.0100000000	100	100	0	0.870673
2466000	-0.4000000000	0.0010000000	0.0100000000	100	100	0	0.879997
2467000	-0.4000000000	0.0010000000	0.0100000000	100	100	0	0.880191
2468000	-0.4000000000	0.0010000000	0.0100000000	100	100	0	0.884504
2469000	-0.4000000000	0.0010000000	0.0100000000	100	100	0	0.901970
2470000	-0.4000000000	0.0010000000	0.0100000000	100	100	0	0.907257
2471000	-0.4000000000	0.0010000000	0.0100000000	100	100	0	0.903741
2472000	-0.4000000000	0.0010000000	0.0100000000	100	100	0	0.892969
2473000	-0.4000000000	0.0010000000	0.0100000000	100	100	0	0.882453
2474000	-0.4000000000	0.0010000000	0.0100000000	100	100	0	0.884467
2475000	-0.4000000000	0.0010000000	0.0100000000	100	100	0	0.910114
2476000	-0.4000000000	0.0010000000	0.0100000000	100	100	0	0.908679
2477000	-0.4000000000	0.0010000000	0.0100000000	100	100	0	0.907359
2478000	-0.4000000000	0.0010000000	0.0100000000	100	100	0	0.906887
2479000	-0.4000000000	0.0010000000	0.0100000000	100	100	0	0.891277
2480000	-0.4000000000	0.0010000000	0.0100000000	100	100	0	0.898063
2481000	-0.4000000000	0.0010000000	0.0100000000	100	100	0	0.914208
2482000	-0.4000000000	0.0010000000	0.0100000000	100	100	0	0.916649
2483000	-0.4000000000	0.0010000000	0.0100000000	100	100	0	0.905702
2484000	-0.4000000000	0.0010000000	0.0100000000	100	100	0	0.885383
2485000	-0.4000000000	0.0010000000	0.0100000000	100	100	0	0.902770
2486000	-0.4000000000	0.0010000000	0.0100000000	100	100	0	0.912499
2487000	-0.4000000000	0.0010000000	0.0100000000	100	100	0	0.915872
2488000	-0.4000000000	0.0010000000	0.0100000000	100	100	0	0.910343
2489000	-0.4000000000	0.0010000000	0.0100000000	100	100	0	0.899689
2490000	-0.4000000000	0.0010000000	0.0100000000	100	100	0	0.891135
2491000	-0.4000000000	0.0010000000	0.0100000000	100	100	0	0.876837
2492000	-0.4000000000	0.0010000000	0.0100000000	100	100	0	0.870243
2493000	-0.4000000000	0.0010000000	0.0100000000	100	100	0	0.894499
2494000	-0.4000000000	0.0010000000	0.0100000000	100	100	0	0.896165
2495000	-0.4000000000	0.0010000000	0.0100000000	100	100	0	0.886112
2496000	-0.4000000000	0.0010000000	0.0100000000	100	100	0	0.883483
2497000	-0.4000000000	0.0010000000	0.0100000000	100	100	0	0.908946
2498000	-0.4000000000	0.0010000000	0.0100000000	100	100	0	0.917622
2499000	-0.4000000000	0.0010000000	0.0100000000	100	100	0	0.909706
2500000	-0.4000000000	0.0010000000	0.0100000000	100	100	0	0.929886
