time	epistasis_coef	sel_coef	mu_prob	Ne	L	k_start	mean_fitness
1500000	-1.0000000000	0.0100000000	0.0010000000	100	100	0	0.989757
1501000	-1.0000000000	0.0100000000	0.0010000000	100	100	0	0.995839
1502000	-1.0000000000	0.0100000000	0.0010000000	100	100	0	0.999502
1503000	-1.0000000000	0.0100000000	0.0010000000	100	100	0	0.999900
1504000	-1.0000000000	0.0100000000	0.0010000000	100	100	0	1.000000
1505000	-1.0000000000	0.0100000000	0.0010000000	100	100	0	0.999602
1506000	-1.0000000000	0.0100000000	0.0010000000	100	100	0	0.999104
1507000	-1.0000000000	0.0100000000	0.0010000000	100	100	0	0.999701
1508000	-1.0000000000	0.0100000000	0.0010000000	100	100	0	0.998115
1509000	-1.0000000000	0.0100000000	0.0010000000	100	100	0	0.998010
1510000	-1.0000000000	0.0100000000	0.0010000000	100	100	0	0.997512
1511000	-1.0000000000	0.0100000000	0.0010000000	100	100	0	0.999104
1512000	-1.0000000000	0.0100000000	0.0010000000	100	100	0	0.999900
1513000	-1.0000000000	0.0100000000	0.0010000000	100	100	0	0.996020
1514000	-1.0000000000	0.0100000000	0.0010000000	100	100	0	0.988294
1515000	-1.0000000000	0.0100000000	0.0010000000	100	100	0	0.990050
1516000	-1.0000000000	0.0100000000	0.0010000000	100	100	0	0.989757
1517000	-1.0000000000	0.0100000000	0.0010000000	100	100	0	0.990050
1518000	-1.0000000000	0.0100000000	0.0010000000	100	100	0	0.985076
1519000	-1.0000000000	0.0100000000	0.0010000000	100	100	0	0.990050
1520000	-1.0000000000	0.0100000000	0.0010000000	100	100	0	0.990050
1521000	-1.0000000000	0.0100000000	0.0010000000	100	100	0	0.990050
1522000	-1.0000000000	0.0100000000	0.0010000000	100	100	0	0.990050
1523000	-1.0000000000	0.0100000000	0.0010000000	100	100	0	0.990050
1524000	-1.0000000000	0.0100000000	0.0010000000	100	100	0	0.987124
1525000	-1.0000000000	0.0100000000	0.0010000000	100	100	0	0.990050
1526000	-1.0000000000	0.0100000000	0.0010000000	100	100	0	0.981857
1527000	-1.0000000000	0.0100000000	0.0010000000	100	100	0	0.990050
1528000	-1.0000000000	0.0100000000	0.0010000000	100	100	0	0.990050
1529000	-1.0000000000	0.0100000000	0.0010000000	100	100	0	0.988587
1530000	-1.0000000000	0.0100000000	0.0010000000	100	100	0	0.990050
1531000	-1.0000000000	0.0100000000	0.0010000000	100	100	0	0.990050
1532000	-1.0000000000	0.0100000000	0.0010000000	100	100	0	0.990050
1533000	-1.0000000000	0.0100000000	0.0010000000	100	100	0	0.990050
1534000	-1.0000000000	0.0100000000	0.0010000000	100	100	0	0.980979
1535000	-1.0000000000	0.0100000000	0.0010000000	100	100	0	0.989757
1536000	-1.0000000000	0.0100000000	0.0010000000	100	100	0	0.990050
1537000	-1.0000000000	0.0100000000	0.0010000000	100	100	0	0.990050
1538000	-1.0000000000	0.0100000000	0.0010000000	100	100	0	0.970738
1539000	-1.0000000000	0.0100000000	0.0010000000	100	100	0	0.960789
1540000	-1.0000000000	0.0100000000	0.0010000000	100	100	0	0.988587
1541000	-1.0000000000	0.0100000000	0.0010000000	100	100	0	0.983613
1542000	-1.0000000000	0.0100000000	0.0010000000	100	100	0	0.988294
1543000	-1.0000000000	0.0100000000	0.0010000000	100	100	0	0.990050
1544000	-1.0000000000	0.0100000000	0.0010000000	100	100	0	0.990050
1545000	-1.0000000000	0.0100000000	0.0010000000	100	100	0	0.990050
1546000	-1.0000000000	0.0100000000	0.0010000000	100	100	0	0.988879
1547000	-1.0000000000	0.0100000000	0.0010000000	100	100	0	0.990050
1548000	-1.0000000000	0.0100000000	0.0010000000	100	100	0	0.985485
1549000	-1.0000000000	0.0100000000	0.0010000000	100	100	0	0.988294
1550000	-1.0000000000	0.0100000000	0.0010000000	100	100	0	0.989757
1551000	-1.0000000000	0.0100000000	0.0010000000	100	100	0	0.990050
1552000	-1.0000000000	0.0100000000	0.0010000000	100	100	0	0.990050
1553000	-1.0000000000	0.0100000000	0.0010000000	100	100	0	0.990050
1554000	-1.0000000000	0.0100000000	0.0010000000	100	100	0	0.990050
1555000	-1.0000000000	0.0100000000	0.0010000000	100	100	0	0.989757
1556000	-1.0000000000	0.0100000000	0.0010000000	100	100	0	0.989757
1557000	-1.0000000000	0.0100000000	0.0010000000	100	100	0	0.990050
1558000	-1.0000000000	0.0100000000	0.0010000000	100	100	0	0.990050
1559000	-1.0000000000	0.0100000000	0.0010000000	100	100	0	0.989757
1560000	-1.0000000000	0.0100000000	0.0010000000	100	100	0	0.984783
1561000	-1.0000000000	0.0100000000	0.0010000000	100	100	0	0.989757
1562000	-1.0000000000	0.0100000000	0.0010000000	100	100	0	0.990050
1563000	-1.0000000000	0.0100000000	0.0010000000	100	100	0	0.990050
1564000	-1.0000000000	0.0100000000	0.0010000000	100	100	0	0.990050
1565000	-1.0000000000	0.0100000000	0.0010000000	100	100	0	0.988879
1566000	-1.0000000000	0.0100000000	0.0010000000	100	100	0	0.990050
1567000	-1.0000000000	0.0100000000	0.0010000000	100	100	0	0.984490
1568000	-1.0000000000	0.0100000000	0.0010000000	100	100	0	0.990050
1569000	-1.0000000000	0.0100000000	0.0010000000	100	100	0	0.990050
1570000	-1.0000000000	0.0100000000	0.0010000000	100	100	0	0.990050
1571000	-1.0000000000	0.0100000000	0.0010000000	100	100	0	0.990050
1572000	-1.0000000000	0.0100000000	0.0010000000	100	100	0	0.990050
1573000	-1.0000000000	0.0100000000	0.0010000000	100	100	0	0.990050
1574000	-1.0000000000	0.0100000000	0.0010000000	100	100	0	0.990050
1575000	-1.0000000000	0.0100000000	0.0010000000	100	100	0	0.989564
1576000	-1.0000000000	0.0100000000	0.0010000000	100	100	0	0.990050
1577000	-1.0000000000	0.0100000000	0.0010000000	100	100	0	0.990050
1578000	-1.0000000000	0.0100000000	0.0010000000	100	100	0	0.989465
1579000	-1.0000000000	0.0100000000	0.0010000000	100	100	0	0.990050
1580000	-1.0000000000	0.0100000000	0.0010000000	100	100	0	0.987124
1581000	-1.0000000000	0.0100000000	0.0010000000	100	100	0	0.990050
1582000	-1.0000000000	0.0100000000	0.0010000000	100	100	0	0.984490
1583000	-1.0000000000	0.0100000000	0.0010000000	100	100	0	0.990050
1584000	-1.0000000000	0.0100000000	0.0010000000	100	100	0	0.989465
1585000	-1.0000000000	0.0100000000	0.0010000000	100	100	0	0.988587
1586000	-1.0000000000	0.0100000000	0.0010000000	100	100	0	0.990050
1587000	-1.0000000000	0.0100000000	0.0010000000	100	100	0	0.990050
1588000	-1.0000000000	0.0100000000	0.0010000000	100	100	0	0.988235
1589000	-1.0000000000	0.0100000000	0.0010000000	100	100	0	0.990050
1590000	-1.0000000000	0.0100000000	0.0010000000	100	100	0	0.985953
1591000	-1.0000000000	0.0100000000	0.0010000000	100	100	0	0.990050
1592000	-1.0000000000	0.0100000000	0.0010000000	100	100	0	0.990050
1593000	-1.0000000000	0.0100000000	0.0010000000	100	100	0	0.990050
1594000	-1.0000000000	0.0100000000	0.0010000000	100	100	0	0.986831
1595000	-1.0000000000	0.0100000000	0.0010000000	100	100	0	0.989757
1596000	-1.0000000000	0.0100000000	0.0010000000	100	100	0	0.990050
1597000	-1.0000000000	0.0100000000	0.0010000000	100	100	0	0.984198
1598000	-1.0000000000	0.0100000000	0.0010000000	100	100	0	0.988002
1599000	-1.0000000000	0.0100000000	0.0010000000	100	100	0	0.990050
1600000	-1.0000000000	0.0100000000	0.0010000000	100	100	0	0.997114
1601000	-1.0000000000	0.0100000000	0.0010000000	100	100	0	0.999701
1602000	-1.0000000000	0.0100000000	0.0010000000	100	100	0	1.000000
1603000	-1.0000000000	0.0100000000	0.0010000000	100	100	0	0.994826
1604000	-1.0000000000	0.0100000000	0.0010000000	100	100	0	0.997413
1605000	-1.0000000000	0.0100000000	0.0010000000	100	100	0	1.000000
1606000	-1.0000000000	0.0100000000	0.0010000000	100	100	0	0.999602
1607000	-1.0000000000	0.0100000000	0.0010000000	100	100	0	0.999900
1608000	-1.0000000000	0.0100000000	0.0010000000	100	100	0	0.994019
1609000	-1.0000000000	0.0100000000	0.0010000000	100	100	0	0.994931
1610000	-1.0000000000	0.0100000000	0.0010000000	100	100	0	1.000000
1611000	-1.0000000000	0.0100000000	0.0010000000	100	100	0	1.000000
1612000	-1.0000000000	0.0100000000	0.0010000000	100	100	0	0.989757
1613000	-1.0000000000	0.0100000000	0.0010000000	100	100	0	0.990050
1614000	-1.0000000000	0.0100000000	0.0010000000	100	100	0	0.989757
1615000	-1.0000000000	0.0100000000	0.0010000000	100	100	0	0.988879
1616000	-1.0000000000	0.0100000000	0.0010000000	100	100	0	0.989757
1617000	-1.0000000000	0.0100000000	0.0010000000	100	100	0	0.988879
1618000	-1.0000000000	0.0100000000	0.0010000000	100	100	0	0.989757
1619000	-1.0000000000	0.0100000000	0.0010000000	100	100	0	0.990050
1620000	-1.0000000000	0.0100000000	0.0010000000	100	100	0	0.988002
1621000	-1.0000000000	0.0100000000	0.0010000000	100	100	0	0.990050
1622000	-1.0000000000	0.0100000000	0.0010000000	100	100	0	0.988587
1623000	-1.0000000000	0.0100000000	0.0010000000	100	100	0	0.989757
1624000	-1.0000000000	0.0100000000	0.0010000000	100	100	0	0.989465
1625000	-1.0000000000	0.0100000000	0.0010000000	100	100	0	0.990050
1626000	-1.0000000000	0.0100000000	0.0010000000	100	100	0	0.988587
1627000	-1.0000000000	0.0100000000	0.0010000000	100	100	0	0.990050
1628000	-1.0000000000	0.0100000000	0.0010000000	100	100	0	0.990050
1629000	-1.0000000000	0.0100000000	0.0010000000	100	100	0	0.988587
1630000	-1.0000000000	0.0100000000	0.0010000000	100	100	0	0.990050
1631000	-1.0000000000	0.0100000000	0.0010000000	100	100	0	0.988879
1632000	-1.0000000000	0.0100000000	0.0010000000	100	100	0	0.988587
1633000	-1.0000000000	0.0100000000	0.0010000000	100	100	0	0.980394
1634000	-1.0000000000	0.0100000000	0.0010000000	100	100	0	0.990050
1635000	-1.0000000000	0.0100000000	0.0010000000	100	100	0	0.990050
1636000	-1.0000000000	0.0100000000	0.0010000000	100	100	0	0.984198
1637000	-1.0000000000	0.0100000000	0.0010000000	100	100	0	0.987709
1638000	-1.0000000000	0.0100000000	0.0010000000	100	100	0	0.989465
1639000	-1.0000000000	0.0100000000	0.0010000000	100	100	0	0.989465
1640000	-1.0000000000	0.0100000000	0.0010000000	100	100	0	0.990050
1641000	-1.0000000000	0.0100000000	0.0010000000	100	100	0	0.990050
1642000	-1.0000000000	0.0100000000	0.0010000000	100	100	0	0.990050
1643000	-1.0000000000	0.0100000000	0.0010000000	100	100	0	0.960789
1644000	-1.0000000000	0.0100000000	0.0010000000	100	100	0	0.990050
1645000	-1.0000000000	0.0100000000	0.0010000000	100	100	0	0.990050
1646000	-1.0000000000	0.0100000000	0.0010000000	100	100	0	0.987416
1647000	-1.0000000000	0.0100000000	0.0010000000	100	100	0	0.989757
1648000	-1.0000000000	0.0100000000	0.0010000000	100	100	0	0.983027
1649000	-1.0000000000	0.0100000000	0.0010000000	100	100	0	0.986831
1650000	-1.0000000000	0.0100000000	0.0010000000	100	100	0	0.990050
1651000	-1.0000000000	0.0100000000	0.0010000000	100	100	0	0.988879
1652000	-1.0000000000	0.0100000000	0.0010000000	100	100	0	0.990050
1653000	-1.0000000000	0.0100000000	0.0010000000	100	100	0	0.989465
1654000	-1.0000000000	0.0100000000	0.0010000000	100	100	0	0.990050
1655000	-1.0000000000	0.0100000000	0.0010000000	100	100	0	0.990050
1656000	-1.0000000000	0.0100000000	0.0010000000	100	100	0	0.989465
1657000	-1.0000000000	0.0100000000	0.0010000000	100	100	0	0.990050
1658000	-1.0000000000	0.0100000000	0.0010000000	100	100	0	0.990050
1659000	-1.0000000000	0.0100000000	0.0010000000	100	100	0	0.988587
1660000	-1.0000000000	0.0100000000	0.0010000000	100	100	0	0.960789
1661000	-1.0000000000	0.0100000000	0.0010000000	100	100	0	0.960321
1662000	-1.0000000000	0.0100000000	0.0010000000	100	100	0	0.959852
1663000	-1.0000000000	0.0100000000	0.0010000000	100	100	0	0.958447
1664000	-1.0000000000	0.0100000000	0.0010000000	100	100	0	0.960321
1665000	-1.0000000000	0.0100000000	0.0010000000	100	100	0	0.957978
1666000	-1.0000000000	0.0100000000	0.0010000000	100	100	0	0.960789
1667000	-1.0000000000	0.0100000000	0.0010000000	100	100	0	0.951418
1668000	-1.0000000000	0.0100000000	0.0010000000	100	100	0	0.960789
1669000	-1.0000000000	0.0100000000	0.0010000000	100	100	0	0.981564
1670000	-1.0000000000	0.0100000000	0.0010000000	100	100	0	0.990050
1671000	-1.0000000000	0.0100000000	0.0010000000	100	100	0	0.989465
1672000	-1.0000000000	0.0100000000	0.0010000000	100	100	0	0.990050
1673000	-1.0000000000	0.0100000000	0.0010000000	100	100	0	0.983905
1674000	-1.0000000000	0.0100000000	0.0010000000	100	100	0	0.990050
1675000	-1.0000000000	0.0100000000	0.0010000000	100	100	0	0.989465
1676000	-1.0000000000	0.0100000000	0.0010000000	100	100	0	0.947201
1677000	-1.0000000000	0.0100000000	0.0010000000	100	100	0	0.960321
1678000	-1.0000000000	0.0100000000	0.0010000000	100	100	0	0.960789
1679000	-1.0000000000	0.0100000000	0.0010000000	100	100	0	0.960789
1680000	-1.0000000000	0.0100000000	0.0010000000	100	100	0	0.959384
1681000	-1.0000000000	0.0100000000	0.0010000000	100	100	0	0.960789
1682000	-1.0000000000	0.0100000000	0.0010000000	100	100	0	0.960789
1683000	-1.0000000000	0.0100000000	0.0010000000	100	100	0	0.960789
1684000	-1.0000000000	0.0100000000	0.0010000000	100	100	0	0.960789
1685000	-1.0000000000	0.0100000000	0.0010000000	100	100	0	0.959384
1686000	-1.0000000000	0.0100000000	0.0010000000	100	100	0	0.960789
1687000	-1.0000000000	0.0100000000	0.0010000000	100	100	0	0.960789
1688000	-1.0000000000	0.0100000000	0.0010000000	100	100	0	0.960321
1689000	-1.0000000000	0.0100000000	0.0010000000	100	100	0	0.960789
1690000	-1.0000000000	0.0100000000	0.0010000000	100	100	0	0.957978
1691000	-1.0000000000	0.0100000000	0.0010000000	100	100	0	0.959852
1692000	-1.0000000000	0.0100000000	0.0010000000	100	100	0	0.959384
1693000	-1.0000000000	0.0100000000	0.0010000000	100	100	0	0.950949
1694000	-1.0000000000	0.0100000000	0.0010000000	100	100	0	0.960789
1695000	-1.0000000000	0.0100000000	0.0010000000	100	100	0	0.960789
1696000	-1.0000000000	0.0100000000	0.0010000000	100	100	0	0.960789
1697000	-1.0000000000	0.0100000000	0.0010000000	100	100	0	0.960789
1698000	-1.0000000000	0.0100000000	0.0010000000	100	100	0	0.960789
1699000	-1.0000000000	0.0100000000	0.0010000000	100	100	0	0.958915
1700000	-1.0000000000	0.0100000000	0.0010000000	100	100	0	0.960789
1701000	-1.0000000000	0.0100000000	0.0010000000	100	100	0	0.960789
1702000	-1.0000000000	0.0100000000	0.0010000000	100	100	0	0.989172
1703000	-1.0000000000	0.0100000000	0.0010000000	100	100	0	0.990050
1704000	-1.0000000000	0.0100000000	0.0010000000	100	100	0	0.990050
1705000	-1.0000000000	0.0100000000	0.0010000000	100	100	0	0.981272
1706000	-1.0000000000	0.0100000000	0.0010000000	100	100	0	0.974540
1707000	-1.0000000000	0.0100000000	0.0010000000	100	100	0	0.988587
1708000	-1.0000000000	0.0100000000	0.0010000000	100	100	0	0.990050
1709000	-1.0000000000	0.0100000000	0.0010000000	100	100	0	0.990050
1710000	-1.0000000000	0.0100000000	0.0010000000	100	100	0	0.990050
1711000	-1.0000000000	0.0100000000	0.0010000000	100	100	0	0.990050
1712000	-1.0000000000	0.0100000000	0.0010000000	100	100	0	0.988294
1713000	-1.0000000000	0.0100000000	0.0010000000	100	100	0	0.989172
1714000	-1.0000000000	0.0100000000	0.0010000000	100	100	0	0.990050
1715000	-1.0000000000	0.0100000000	0.0010000000	100	100	0	0.990050
1716000	-1.0000000000	0.0100000000	0.0010000000	100	100	0	0.990050
1717000	-1.0000000000	0.0100000000	0.0010000000	100	100	0	0.990050
1718000	-1.0000000000	0.0100000000	0.0010000000	100	100	0	0.990050
1719000	-1.0000000000	0.0100000000	0.0010000000	100	100	0	0.988879
1720000	-1.0000000000	0.0100000000	0.0010000000	100	100	0	0.989172
1721000	-1.0000000000	0.0100000000	0.0010000000	100	100	0	0.990050
1722000	-1.0000000000	0.0100000000	0.0010000000	100	100	0	0.989757
1723000	-1.0000000000	0.0100000000	0.0010000000	100	100	0	0.990050
1724000	-1.0000000000	0.0100000000	0.0010000000	100	100	0	0.990050
1725000	-1.0000000000	0.0100000000	0.0010000000	100	100	0	0.990050
1726000	-1.0000000000	0.0100000000	0.0010000000	100	100	0	0.990050
1727000	-1.0000000000	0.0100000000	0.0010000000	100	100	0	0.990050
1728000	-1.0000000000	0.0100000000	0.0010000000	100	100	0	0.990050
1729000	-1.0000000000	0.0100000000	0.0010000000	100	100	0	0.988587
1730000	-1.0000000000	0.0100000000	0.0010000000	100	100	0	0.988879
1731000	-1.0000000000	0.0100000000	0.0010000000	100	100	0	0.989757
1732000	-1.0000000000	0.0100000000	0.0010000000	100	100	0	0.988587
1733000	-1.0000000000	0.0100000000	0.0010000000	100	100	0	0.989172
1734000	-1.0000000000	0.0100000000	0.0010000000	100	100	0	0.990050
1735000	-1.0000000000	0.0100000000	0.0010000000	100	100	0	0.989757
1736000	-1.0000000000	0.0100000000	0.0010000000	100	100	0	0.986831
1737000	-1.0000000000	0.0100000000	0.0010000000	100	100	0	0.985953
1738000	-1.0000000000	0.0100000000	0.0010000000	100	100	0	0.978638
1739000	-1.0000000000	0.0100000000	0.0010000000	100	100	0	0.990050
1740000	-1.0000000000	0.0100000000	0.0010000000	100	100	0	0.990050
1741000	-1.0000000000	0.0100000000	0.0010000000	100	100	0	0.990050
1742000	-1.0000000000	0.0100000000	0.0010000000	100	100	0	0.989465
1743000	-1.0000000000	0.0100000000	0.0010000000	100	100	0	0.988294
1744000	-1.0000000000	0.0100000000	0.0010000000	100	100	0	0.990050
1745000	-1.0000000000	0.0100000000	0.0010000000	100	100	0	0.988002
1746000	-1.0000000000	0.0100000000	0.0010000000	100	100	0	0.990050
1747000	-1.0000000000	0.0100000000	0.0010000000	100	100	0	0.990050
1748000	-1.0000000000	0.0100000000	0.0010000000	100	100	0	0.960789
1749000	-1.0000000000	0.0100000000	0.0010000000	100	100	0	0.960789
1750000	-1.0000000000	0.0100000000	0.0010000000	100	100	0	0.960789
1751000	-1.0000000000	0.0100000000	0.0010000000	100	100	0	0.960789
1752000	-1.0000000000	0.0100000000	0.0010000000	100	100	0	0.957041
1753000	-1.0000000000	0.0100000000	0.0010000000	100	100	0	0.960789
1754000	-1.0000000000	0.0100000000	0.0010000000	100	100	0	0.990050
1755000	-1.0000000000	0.0100000000	0.0010000000	100	100	0	0.989465
1756000	-1.0000000000	0.0100000000	0.0010000000	100	100	0	0.990050
1757000	-1.0000000000	0.0100000000	0.0010000000	100	100	0	0.985953
1758000	-1.0000000000	0.0100000000	0.0010000000	100	100	0	0.990050
1759000	-1.0000000000	0.0100000000	0.0010000000	100	100	0	0.990050
1760000	-1.0000000000	0.0100000000	0.0010000000	100	100	0	0.990050
1761000	-1.0000000000	0.0100000000	0.0010000000	100	100	0	0.990050
1762000	-1.0000000000	0.0100000000	0.0010000000	100	100	0	0.988002
1763000	-1.0000000000	0.0100000000	0.0010000000	100	100	0	0.996418
1764000	-1.0000000000	0.0100000000	0.0010000000	100	100	0	0.990050
1765000	-1.0000000000	0.0100000000	0.0010000000	100	100	0	0.989172
1766000	-1.0000000000	0.0100000000	0.0010000000	100	100	0	0.990050
1767000	-1.0000000000	0.0100000000	0.0010000000	100	100	0	0.990050
1768000	-1.0000000000	0.0100000000	0.0010000000	100	100	0	0.990050
1769000	-1.0000000000	0.0100000000	0.0010000000	100	100	0	0.989172
1770000	-1.0000000000	0.0100000000	0.0010000000	100	100	0	0.986246
1771000	-1.0000000000	0.0100000000	0.0010000000	100	100	0	0.989757
1772000	-1.0000000000	0.0100000000	0.0010000000	100	100	0	0.983027
1773000	-1.0000000000	0.0100000000	0.0010000000	100	100	0	0.959852
1774000	-1.0000000000	0.0100000000	0.0010000000	100	100	0	0.960789
1775000	-1.0000000000	0.0100000000	0.0010000000	100	100	0	0.960321
1776000	-1.0000000000	0.0100000000	0.0010000000	100	100	0	0.960789
1777000	-1.0000000000	0.0100000000	0.0010000000	100	100	0	0.960789
1778000	-1.0000000000	0.0100000000	0.0010000000	100	100	0	0.958915
1779000	-1.0000000000	0.0100000000	0.0010000000	100	100	0	0.958447
1780000	-1.0000000000	0.0100000000	0.0010000000	100	100	0	0.960789
1781000	-1.0000000000	0.0100000000	0.0010000000	100	100	0	0.960789
1782000	-1.0000000000	0.0100000000	0.0010000000	100	100	0	0.960789
1783000	-1.0000000000	0.0100000000	0.0010000000	100	100	0	0.990050
1784000	-1.0000000000	0.0100000000	0.0010000000	100	100	0	0.990050
1785000	-1.0000000000	0.0100000000	0.0010000000	100	100	0	0.990050
1786000	-1.0000000000	0.0100000000	0.0010000000	100	100	0	0.990050
1787000	-1.0000000000	0.0100000000	0.0010000000	100	100	0	0.989757
1788000	-1.0000000000	0.0100000000	0.0010000000	100	100	0	0.976297
1789000	-1.0000000000	0.0100000000	0.0010000000	100	100	0	0.986831
1790000	-1.0000000000	0.0100000000	0.0010000000	100	100	0	0.988879
1791000	-1.0000000000	0.0100000000	0.0010000000	100	100	0	0.990050
1792000	-1.0000000000	0.0100000000	0.0010000000	100	100	0	0.990050
1793000	-1.0000000000	0.0100000000	0.0010000000	100	100	0	0.990050
1794000	-1.0000000000	0.0100000000	0.0010000000	100	100	0	0.990050
1795000	-1.0000000000	0.0100000000	0.0010000000	100	100	0	0.960789
1796000	-1.0000000000	0.0100000000	0.0010000000	100	100	0	0.960789
1797000	-1.0000000000	0.0100000000	0.0010000000	100	100	0	0.957041
1798000	-1.0000000000	0.0100000000	0.0010000000	100	100	0	0.953292
1799000	-1.0000000000	0.0100000000	0.0010000000	100	100	0	0.959384
1800000	-1.0000000000	0.0100000000	0.0010000000	100	100	0	0.959852
1801000	-1.0000000000	0.0100000000	0.0010000000	100	100	0	0.960789
1802000	-1.0000000000	0.0100000000	0.0010000000	100	100	0	0.958915
1803000	-1.0000000000	0.0100000000	0.0010000000	100	100	0	0.960789
1804000	-1.0000000000	0.0100000000	0.0010000000	100	100	0	0.988587
1805000	-1.0000000000	0.0100000000	0.0010000000	100	100	0	0.989465
1806000	-1.0000000000	0.0100000000	0.0010000000	100	100	0	0.990050
1807000	-1.0000000000	0.0100000000	0.0010000000	100	100	0	0.990050
1808000	-1.0000000000	0.0100000000	0.0010000000	100	100	0	0.990050
1809000	-1.0000000000	0.0100000000	0.0010000000	100	100	0	0.982323
1810000	-1.0000000000	0.0100000000	0.0010000000	100	100	0	0.990050
1811000	-1.0000000000	0.0100000000	0.0010000000	100	100	0	0.990050
1812000	-1.0000000000	0.0100000000	0.0010000000	100	100	0	0.989172
1813000	-1.0000000000	0.0100000000	0.0010000000	100	100	0	0.990050
1814000	-1.0000000000	0.0100000000	0.0010000000	100	100	0	0.989465
1815000	-1.0000000000	0.0100000000	0.0010000000	100	100	0	0.974302
1816000	-1.0000000000	0.0100000000	0.0010000000	100	100	0	0.989757
1817000	-1.0000000000	0.0100000000	0.0010000000	100	100	0	0.989757
1818000	-1.0000000000	0.0100000000	0.0010000000	100	100	0	0.990050
1819000	-1.0000000000	0.0100000000	0.0010000000	100	100	0	0.988879
1820000	-1.0000000000	0.0100000000	0.0010000000	100	100	0	0.988879
1821000	-1.0000000000	0.0100000000	0.0010000000	100	100	0	0.990050
1822000	-1.0000000000	0.0100000000	0.0010000000	100	100	0	0.989757
1823000	-1.0000000000	0.0100000000	0.0010000000	100	100	0	0.990050
1824000	-1.0000000000	0.0100000000	0.0010000000	100	100	0	0.990050
1825000	-1.0000000000	0.0100000000	0.0010000000	100	100	0	0.989465
1826000	-1.0000000000	0.0100000000	0.0010000000	100	100	0	0.990050
1827000	-1.0000000000	0.0100000000	0.0010000000	100	100	0	0.989757
1828000	-1.0000000000	0.0100000000	0.0010000000	100	100	0	0.990050
1829000	-1.0000000000	0.0100000000	0.0010000000	100	100	0	0.990746
1830000	-1.0000000000	0.0100000000	0.0010000000	100	100	0	0.960321
1831000	-1.0000000000	0.0100000000	0.0010000000	100	100	0	0.960789
1832000	-1.0000000000	0.0100000000	0.0010000000	100	100	0	0.960789
1833000	-1.0000000000	0.0100000000	0.0010000000	100	100	0	0.960789
1834000	-1.0000000000	0.0100000000	0.0010000000	100	100	0	0.960789
1835000	-1.0000000000	0.0100000000	0.0010000000	100	100	0	0.960789
1836000	-1.0000000000	0.0100000000	0.0010000000	100	100	0	0.958447
1837000	-1.0000000000	0.0100000000	0.0010000000	100	100	0	0.960789
1838000	-1.0000000000	0.0100000000	0.0010000000	100	100	0	0.958447
1839000	-1.0000000000	0.0100000000	0.0010000000	100	100	0	0.959852
1840000	-1.0000000000	0.0100000000	0.0010000000	100	100	0	0.959384
1841000	-1.0000000000	0.0100000000	0.0010000000	100	100	0	0.958915
1842000	-1.0000000000	0.0100000000	0.0010000000	100	100	0	0.960789
1843000	-1.0000000000	0.0100000000	0.0010000000	100	100	0	0.960789
1844000	-1.0000000000	0.0100000000	0.0010000000	100	100	0	0.960789
1845000	-1.0000000000	0.0100000000	0.0010000000	100	100	0	0.960789
1846000	-1.0000000000	0.0100000000	0.0010000000	100	100	0	0.960789
1847000	-1.0000000000	0.0100000000	0.0010000000	100	100	0	0.957978
1848000	-1.0000000000	0.0100000000	0.0010000000	100	100	0	0.959384
1849000	-1.0000000000	0.0100000000	0.0010000000	100	100	0	0.960789
1850000	-1.0000000000	0.0100000000	0.0010000000	100	100	0	0.960789
1851000	-1.0000000000	0.0100000000	0.0010000000	100	100	0	0.960789
1852000	-1.0000000000	0.0100000000	0.0010000000	100	100	0	0.960789
1853000	-1.0000000000	0.0100000000	0.0010000000	100	100	0	0.958915
1854000	-1.0000000000	0.0100000000	0.0010000000	100	100	0	0.960789
1855000	-1.0000000000	0.0100000000	0.0010000000	100	100	0	0.960789
1856000	-1.0000000000	0.0100000000	0.0010000000	100	100	0	0.958915
1857000	-1.0000000000	0.0100000000	0.0010000000	100	100	0	0.960789
1858000	-1.0000000000	0.0100000000	0.0010000000	100	100	0	0.989465
1859000	-1.0000000000	0.0100000000	0.0010000000	100	100	0	0.990050
1860000	-1.0000000000	0.0100000000	0.0010000000	100	100	0	0.990050
1861000	-1.0000000000	0.0100000000	0.0010000000	100	100	0	0.989757
1862000	-1.0000000000	0.0100000000	0.0010000000	100	100	0	0.978777
1863000	-1.0000000000	0.0100000000	0.0010000000	100	100	0	0.984490
1864000	-1.0000000000	0.0100000000	0.0010000000	100	100	0	0.989465
1865000	-1.0000000000	0.0100000000	0.0010000000	100	100	0	0.990050
1866000	-1.0000000000	0.0100000000	0.0010000000	100	100	0	0.990050
1867000	-1.0000000000	0.0100000000	0.0010000000	100	100	0	0.990050
1868000	-1.0000000000	0.0100000000	0.0010000000	100	100	0	0.990050
1869000	-1.0000000000	0.0100000000	0.0010000000	100	100	0	0.989757
1870000	-1.0000000000	0.0100000000	0.0010000000	100	100	0	0.990050
1871000	-1.0000000000	0.0100000000	0.0010000000	100	100	0	0.990050
1872000	-1.0000000000	0.0100000000	0.0010000000	100	100	0	0.983320
1873000	-1.0000000000	0.0100000000	0.0010000000	100	100	0	0.986246
1874000	-1.0000000000	0.0100000000	0.0010000000	100	100	0	0.988294
1875000	-1.0000000000	0.0100000000	0.0010000000	100	100	0	0.960789
1876000	-1.0000000000	0.0100000000	0.0010000000	100	100	0	0.960789
1877000	-1.0000000000	0.0100000000	0.0010000000	100	100	0	0.954698
1878000	-1.0000000000	0.0100000000	0.0010000000	100	100	0	0.988587
1879000	-1.0000000000	0.0100000000	0.0010000000	100	100	0	0.985368
1880000	-1.0000000000	0.0100000000	0.0010000000	100	100	0	0.990050
1881000	-1.0000000000	0.0100000000	0.0010000000	100	100	0	0.990050
1882000	-1.0000000000	0.0100000000	0.0010000000	100	100	0	0.990050
1883000	-1.0000000000	0.0100000000	0.0010000000	100	100	0	0.989757
1884000	-1.0000000000	0.0100000000	0.0010000000	100	100	0	0.990050
1885000	-1.0000000000	0.0100000000	0.0010000000	100	100	0	0.990050
1886000	-1.0000000000	0.0100000000	0.0010000000	100	100	0	0.990050
1887000	-1.0000000000	0.0100000000	0.0010000000	100	100	0	0.990050
1888000	-1.0000000000	0.0100000000	0.0010000000	100	100	0	0.990050
1889000	-1.0000000000	0.0100000000	0.0010000000	100	100	0	0.986246
1890000	-1.0000000000	0.0100000000	0.0010000000	100	100	0	0.985542
1891000	-1.0000000000	0.0100000000	0.0010000000	100	100	0	0.990050
1892000	-1.0000000000	0.0100000000	0.0010000000	100	100	0	0.980687
1893000	-1.0000000000	0.0100000000	0.0010000000	100	100	0	0.988446
1894000	-1.0000000000	0.0100000000	0.0010000000	100	100	0	0.990050
1895000	-1.0000000000	0.0100000000	0.0010000000	100	100	0	0.989465
1896000	-1.0000000000	0.0100000000	0.0010000000	100	100	0	0.988294
1897000	-1.0000000000	0.0100000000	0.0010000000	100	100	0	0.990050
1898000	-1.0000000000	0.0100000000	0.0010000000	100	100	0	0.988879
1899000	-1.0000000000	0.0100000000	0.0010000000	100	100	0	0.990050
1900000	-1.0000000000	0.0100000000	0.0010000000	100	100	0	0.990050
1901000	-1.0000000000	0.0100000000	0.0010000000	100	100	0	0.987124
1902000	-1.0000000000	0.0100000000	0.0010000000	100	100	0	0.990050
1903000	-1.0000000000	0.0100000000	0.0010000000	100	100	0	0.990050
1904000	-1.0000000000	0.0100000000	0.0010000000	100	100	0	0.990050
1905000	-1.0000000000	0.0100000000	0.0010000000	100	100	0	0.989757
1906000	-1.0000000000	0.0100000000	0.0010000000	100	100	0	0.989172
1907000	-1.0000000000	0.0100000000	0.0010000000	100	100	0	0.988294
1908000	-1.0000000000	0.0100000000	0.0010000000	100	100	0	0.990050
1909000	-1.0000000000	0.0100000000	0.0010000000	100	100	0	0.990050
1910000	-1.0000000000	0.0100000000	0.0010000000	100	100	0	0.990050
1911000	-1.0000000000	0.0100000000	0.0010000000	100	100	0	0.989757
1912000	-1.0000000000	0.0100000000	0.0010000000	100	100	0	0.989172
1913000	-1.0000000000	0.0100000000	0.0010000000	100	100	0	0.989172
1914000	-1.0000000000	0.0100000000	0.0010000000	100	100	0	0.990050
1915000	-1.0000000000	0.0100000000	0.0010000000	100	100	0	0.975420
1916000	-1.0000000000	0.0100000000	0.0010000000	100	100	0	0.984783
1917000	-1.0000000000	0.0100000000	0.0010000000	100	100	0	0.990050
1918000	-1.0000000000	0.0100000000	0.0010000000	100	100	0	0.990050
1919000	-1.0000000000	0.0100000000	0.0010000000	100	100	0	0.985076
1920000	-1.0000000000	0.0100000000	0.0010000000	100	100	0	0.960789
1921000	-1.0000000000	0.0100000000	0.0010000000	100	100	0	0.960789
1922000	-1.0000000000	0.0100000000	0.0010000000	100	100	0	0.960789
1923000	-1.0000000000	0.0100000000	0.0010000000	100	100	0	0.960789
1924000	-1.0000000000	0.0100000000	0.0010000000	100	100	0	0.960789
1925000	-1.0000000000	0.0100000000	0.0010000000	100	100	0	0.958915
1926000	-1.0000000000	0.0100000000	0.0010000000	100	100	0	0.960789
1927000	-1.0000000000	0.0100000000	0.0010000000	100	100	0	0.953292
1928000	-1.0000000000	0.0100000000	0.0010000000	100	100	0	0.955635
1929000	-1.0000000000	0.0100000000	0.0010000000	100	100	0	0.959852
1930000	-1.0000000000	0.0100000000	0.0010000000	100	100	0	0.960789
1931000	-1.0000000000	0.0100000000	0.0010000000	100	100	0	0.958915
1932000	-1.0000000000	0.0100000000	0.0010000000	100	100	0	0.960789
1933000	-1.0000000000	0.0100000000	0.0010000000	100	100	0	0.960789
1934000	-1.0000000000	0.0100000000	0.0010000000	100	100	0	0.960789
1935000	-1.0000000000	0.0100000000	0.0010000000	100	100	0	0.960789
1936000	-1.0000000000	0.0100000000	0.0010000000	100	100	0	0.960789
1937000	-1.0000000000	0.0100000000	0.0010000000	100	100	0	0.960789
1938000	-1.0000000000	0.0100000000	0.0010000000	100	100	0	0.955635
1939000	-1.0000000000	0.0100000000	0.0010000000	100	100	0	0.956572
1940000	-1.0000000000	0.0100000000	0.0010000000	100	100	0	0.960789
1941000	-1.0000000000	0.0100000000	0.0010000000	100	100	0	0.959384
1942000	-1.0000000000	0.0100000000	0.0010000000	100	100	0	0.957041
1943000	-1.0000000000	0.0100000000	0.0010000000	100	100	0	0.982150
1944000	-1.0000000000	0.0100000000	0.0010000000	100	100	0	0.990050
1945000	-1.0000000000	0.0100000000	0.0010000000	100	100	0	0.990050
1946000	-1.0000000000	0.0100000000	0.0010000000	100	100	0	0.989757
1947000	-1.0000000000	0.0100000000	0.0010000000	100	100	0	0.990050
1948000	-1.0000000000	0.0100000000	0.0010000000	100	100	0	0.990050
1949000	-1.0000000000	0.0100000000	0.0010000000	100	100	0	0.990050
1950000	-1.0000000000	0.0100000000	0.0010000000	100	100	0	0.990050
1951000	-1.0000000000	0.0100000000	0.0010000000	100	100	0	0.991870
1952000	-1.0000000000	0.0100000000	0.0010000000	100	100	0	0.990746
1953000	-1.0000000000	0.0100000000	0.0010000000	100	100	0	0.990050
1954000	-1.0000000000	0.0100000000	0.0010000000	100	100	0	0.990050
1955000	-1.0000000000	0.0100000000	0.0010000000	100	100	0	0.989465
1956000	-1.0000000000	0.0100000000	0.0010000000	100	100	0	0.990050
1957000	-1.0000000000	0.0100000000	0.0010000000	100	100	0	0.987709
1958000	-1.0000000000	0.0100000000	0.0010000000	100	100	0	0.990050
1959000	-1.0000000000	0.0100000000	0.0010000000	100	100	0	0.990050
1960000	-1.0000000000	0.0100000000	0.0010000000	100	100	0	0.987416
1961000	-1.0000000000	0.0100000000	0.0010000000	100	100	0	0.986246
1962000	-1.0000000000	0.0100000000	0.0010000000	100	100	0	0.990050
1963000	-1.0000000000	0.0100000000	0.0010000000	100	100	0	0.989757
1964000	-1.0000000000	0.0100000000	0.0010000000	100	100	0	0.986831
1965000	-1.0000000000	0.0100000000	0.0010000000	100	100	0	0.990050
1966000	-1.0000000000	0.0100000000	0.0010000000	100	100	0	1.000000
1967000	-1.0000000000	0.0100000000	0.0010000000	100	100	0	1.000000
1968000	-1.0000000000	0.0100000000	0.0010000000	100	100	0	0.989172
1969000	-1.0000000000	0.0100000000	0.0010000000	100	100	0	0.989757
1970000	-1.0000000000	0.0100000000	0.0010000000	100	100	0	0.989465
1971000	-1.0000000000	0.0100000000	0.0010000000	100	100	0	0.990050
1972000	-1.0000000000	0.0100000000	0.0010000000	100	100	0	0.987124
1973000	-1.0000000000	0.0100000000	0.0010000000	100	100	0	0.990050
1974000	-1.0000000000	0.0100000000	0.0010000000	100	100	0	0.990050
1975000	-1.0000000000	0.0100000000	0.0010000000	100	100	0	0.988879
1976000	-1.0000000000	0.0100000000	0.0010000000	100	100	0	0.990050
1977000	-1.0000000000	0.0100000000	0.0010000000	100	100	0	0.982735
1978000	-1.0000000000	0.0100000000	0.0010000000	100	100	0	0.990050
1979000	-1.0000000000	0.0100000000	0.0010000000	100	100	0	0.990050
1980000	-1.0000000000	0.0100000000	0.0010000000	100	100	0	0.988294
1981000	-1.0000000000	0.0100000000	0.0010000000	100	100	0	0.988587
1982000	-1.0000000000	0.0100000000	0.0010000000	100	100	0	0.990050
1983000	-1.0000000000	0.0100000000	0.0010000000	100	100	0	0.990050
1984000	-1.0000000000	0.0100000000	0.0010000000	100	100	0	0.989172
1985000	-1.0000000000	0.0100000000	0.0010000000	100	100	0	0.990050
1986000	-1.0000000000	0.0100000000	0.0010000000	100	100	0	0.990050
1987000	-1.0000000000	0.0100000000	0.0010000000	100	100	0	0.990050
1988000	-1.0000000000	0.0100000000	0.0010000000	100	100	0	0.990050
1989000	-1.0000000000	0.0100000000	0.0010000000	100	100	0	0.990050
1990000	-1.0000000000	0.0100000000	0.0010000000	100	100	0	0.989465
1991000	-1.0000000000	0.0100000000	0.0010000000	100	100	0	0.990050
1992000	-1.0000000000	0.0100000000	0.0010000000	100	100	0	0.990050
1993000	-1.0000000000	0.0100000000	0.0010000000	100	100	0	0.987709
1994000	-1.0000000000	0.0100000000	0.0010000000	100	100	0	0.990050
1995000	-1.0000000000	0.0100000000	0.0010000000	100	100	0	0.990050
1996000	-1.0000000000	0.0100000000	0.0010000000	100	100	0	0.989757
1997000	-1.0000000000	0.0100000000	0.0010000000	100	100	0	0.986246
1998000	-1.0000000000	0.0100000000	0.0010000000	100	100	0	0.989757
1999000	-1.0000000000	0.0100000000	0.0010000000	100	100	0	0.990050
2000000	-1.0000000000	0.0100000000	0.0010000000	100	100	0	0.989757
2001000	-1.0000000000	0.0100000000	0.0010000000	100	100	0	0.990050
2002000	-1.0000000000	0.0100000000	0.0010000000	100	100	0	0.990050
2003000	-1.0000000000	0.0100000000	0.0010000000	100	100	0	0.984490
2004000	-1.0000000000	0.0100000000	0.0010000000	100	100	0	0.990050
2005000	-1.0000000000	0.0100000000	0.0010000000	100	100	0	0.990050
2006000	-1.0000000000	0.0100000000	0.0010000000	100	100	0	0.987124
2007000	-1.0000000000	0.0100000000	0.0010000000	100	100	0	0.988294
2008000	-1.0000000000	0.0100000000	0.0010000000	100	100	0	0.989465
2009000	-1.0000000000	0.0100000000	0.0010000000	100	100	0	0.985076
2010000	-1.0000000000	0.0100000000	0.0010000000	100	100	0	0.990050
2011000	-1.0000000000	0.0100000000	0.0010000000	100	100	0	0.990050
2012000	-1.0000000000	0.0100000000	0.0010000000	100	100	0	0.960789
2013000	-1.0000000000	0.0100000000	0.0010000000	100	100	0	0.960321
2014000	-1.0000000000	0.0100000000	0.0010000000	100	100	0	0.960789
2015000	-1.0000000000	0.0100000000	0.0010000000	100	100	0	0.960321
2016000	-1.0000000000	0.0100000000	0.0010000000	100	100	0	0.960789
2017000	-1.0000000000	0.0100000000	0.0010000000	100	100	0	0.960789
2018000	-1.0000000000	0.0100000000	0.0010000000	100	100	0	0.960789
2019000	-1.0000000000	0.0100000000	0.0010000000	100	100	0	0.988879
2020000	-1.0000000000	0.0100000000	0.0010000000	100	100	0	0.990050
2021000	-1.0000000000	0.0100000000	0.0010000000	100	100	0	0.990050
2022000	-1.0000000000	0.0100000000	0.0010000000	100	100	0	0.990050
2023000	-1.0000000000	0.0100000000	0.0010000000	100	100	0	0.990050
2024000	-1.0000000000	0.0100000000	0.0010000000	100	100	0	0.982442
2025000	-1.0000000000	0.0100000000	0.0010000000	100	100	0	0.989757
2026000	-1.0000000000	0.0100000000	0.0010000000	100	100	0	0.990050
2027000	-1.0000000000	0.0100000000	0.0010000000	100	100	0	0.990050
2028000	-1.0000000000	0.0100000000	0.0010000000	100	100	0	0.988879
2029000	-1.0000000000	0.0100000000	0.0010000000	100	100	0	0.990050
2030000	-1.0000000000	0.0100000000	0.0010000000	100	100	0	0.990050
2031000	-1.0000000000	0.0100000000	0.0010000000	100	100	0	0.988587
2032000	-1.0000000000	0.0100000000	0.0010000000	100	100	0	0.985953
2033000	-1.0000000000	0.0100000000	0.0010000000	100	100	0	0.990050
2034000	-1.0000000000	0.0100000000	0.0010000000	100	100	0	0.989757
2035000	-1.0000000000	0.0100000000	0.0010000000	100	100	0	0.990050
2036000	-1.0000000000	0.0100000000	0.0010000000	100	100	0	0.990050
2037000	-1.0000000000	0.0100000000	0.0010000000	100	100	0	0.989757
2038000	-1.0000000000	0.0100000000	0.0010000000	100	100	0	0.990050
2039000	-1.0000000000	0.0100000000	0.0010000000	100	100	0	0.990050
2040000	-1.0000000000	0.0100000000	0.0010000000	100	100	0	0.990050
2041000	-1.0000000000	0.0100000000	0.0010000000	100	100	0	0.989757
2042000	-1.0000000000	0.0100000000	0.0010000000	100	100	0	0.985661
2043000	-1.0000000000	0.0100000000	0.0010000000	100	100	0	0.990050
2044000	-1.0000000000	0.0100000000	0.0010000000	100	100	0	0.975420
2045000	-1.0000000000	0.0100000000	0.0010000000	100	100	0	0.985661
2046000	-1.0000000000	0.0100000000	0.0010000000	100	100	0	0.990050
2047000	-1.0000000000	0.0100000000	0.0010000000	100	100	0	0.990050
2048000	-1.0000000000	0.0100000000	0.0010000000	100	100	0	0.990050
2049000	-1.0000000000	0.0100000000	0.0010000000	100	100	0	0.960789
2050000	-1.0000000000	0.0100000000	0.0010000000	100	100	0	0.960321
2051000	-1.0000000000	0.0100000000	0.0010000000	100	100	0	0.960789
2052000	-1.0000000000	0.0100000000	0.0010000000	100	100	0	0.960789
2053000	-1.0000000000	0.0100000000	0.0010000000	100	100	0	0.960789
2054000	-1.0000000000	0.0100000000	0.0010000000	100	100	0	0.960789
2055000	-1.0000000000	0.0100000000	0.0010000000	100	100	0	0.988294
2056000	-1.0000000000	0.0100000000	0.0010000000	100	100	0	0.990050
2057000	-1.0000000000	0.0100000000	0.0010000000	100	100	0	0.988294
2058000	-1.0000000000	0.0100000000	0.0010000000	100	100	0	0.989465
2059000	-1.0000000000	0.0100000000	0.0010000000	100	100	0	0.990050
2060000	-1.0000000000	0.0100000000	0.0010000000	100	100	0	0.990050
2061000	-1.0000000000	0.0100000000	0.0010000000	100	100	0	0.987124
2062000	-1.0000000000	0.0100000000	0.0010000000	100	100	0	0.990050
2063000	-1.0000000000	0.0100000000	0.0010000000	100	100	0	0.990050
2064000	-1.0000000000	0.0100000000	0.0010000000	100	100	0	0.990050
2065000	-1.0000000000	0.0100000000	0.0010000000	100	100	0	0.976883
2066000	-1.0000000000	0.0100000000	0.0010000000	100	100	0	0.990050
2067000	-1.0000000000	0.0100000000	0.0010000000	100	100	0	0.989757
2068000	-1.0000000000	0.0100000000	0.0010000000	100	100	0	0.989465
2069000	-1.0000000000	0.0100000000	0.0010000000	100	100	0	0.988587
2070000	-1.0000000000	0.0100000000	0.0010000000	100	100	0	0.990050
2071000	-1.0000000000	0.0100000000	0.0010000000	100	100	0	0.990050
2072000	-1.0000000000	0.0100000000	0.0010000000	100	100	0	0.989757
2073000	-1.0000000000	0.0100000000	0.0010000000	100	100	0	0.990050
2074000	-1.0000000000	0.0100000000	0.0010000000	100	100	0	0.988587
2075000	-1.0000000000	0.0100000000	0.0010000000	100	100	0	0.989465
2076000	-1.0000000000	0.0100000000	0.0010000000	100	100	0	0.990050
2077000	-1.0000000000	0.0100000000	0.0010000000	100	100	0	0.990050
2078000	-1.0000000000	0.0100000000	0.0010000000	100	100	0	0.989172
2079000	-1.0000000000	0.0100000000	0.0010000000	100	100	0	0.990050
2080000	-1.0000000000	0.0100000000	0.0010000000	100	100	0	0.990050
2081000	-1.0000000000	0.0100000000	0.0010000000	100	100	0	0.990050
2082000	-1.0000000000	0.0100000000	0.0010000000	100	100	0	0.989757
2083000	-1.0000000000	0.0100000000	0.0010000000	100	100	0	0.990050
2084000	-1.0000000000	0.0100000000	0.0010000000	100	100	0	0.990050
2085000	-1.0000000000	0.0100000000	0.0010000000	100	100	0	0.990050
2086000	-1.0000000000	0.0100000000	0.0010000000	100	100	0	0.989172
2087000	-1.0000000000	0.0100000000	0.0010000000	100	100	0	0.986831
2088000	-1.0000000000	0.0100000000	0.0010000000	100	100	0	0.987124
2089000	-1.0000000000	0.0100000000	0.0010000000	100	100	0	0.990050
2090000	-1.0000000000	0.0100000000	0.0010000000	100	100	0	0.990050
2091000	-1.0000000000	0.0100000000	0.0010000000	100	100	0	0.990050
2092000	-1.0000000000	0.0100000000	0.0010000000	100	100	0	0.990050
2093000	-1.0000000000	0.0100000000	0.0010000000	100	100	0	0.989172
2094000	-1.0000000000	0.0100000000	0.0010000000	100	100	0	0.990050
2095000	-1.0000000000	0.0100000000	0.0010000000	100	100	0	0.989172
2096000	-1.0000000000	0.0100000000	0.0010000000	100	100	0	0.990050
2097000	-1.0000000000	0.0100000000	0.0010000000	100	100	0	0.990050
2098000	-1.0000000000	0.0100000000	0.0010000000	100	100	0	0.989172
2099000	-1.0000000000	0.0100000000	0.0010000000	100	100	0	0.990050
2100000	-1.0000000000	0.0100000000	0.0010000000	100	100	0	0.989757
2101000	-1.0000000000	0.0100000000	0.0010000000	100	100	0	0.972256
2102000	-1.0000000000	0.0100000000	0.0010000000	100	100	0	0.988002
2103000	-1.0000000000	0.0100000000	0.0010000000	100	100	0	0.990050
2104000	-1.0000000000	0.0100000000	0.0010000000	100	100	0	0.990050
2105000	-1.0000000000	0.0100000000	0.0010000000	100	100	0	0.990050
2106000	-1.0000000000	0.0100000000	0.0010000000	100	100	0	0.959852
2107000	-1.0000000000	0.0100000000	0.0010000000	100	100	0	0.960789
2108000	-1.0000000000	0.0100000000	0.0010000000	100	100	0	0.960789
2109000	-1.0000000000	0.0100000000	0.0010000000	100	100	0	0.958447
2110000	-1.0000000000	0.0100000000	0.0010000000	100	100	0	0.960789
2111000	-1.0000000000	0.0100000000	0.0010000000	100	100	0	0.960789
2112000	-1.0000000000	0.0100000000	0.0010000000	100	100	0	0.960321
2113000	-1.0000000000	0.0100000000	0.0010000000	100	100	0	0.960321
2114000	-1.0000000000	0.0100000000	0.0010000000	100	100	0	0.960789
2115000	-1.0000000000	0.0100000000	0.0010000000	100	100	0	0.959852
2116000	-1.0000000000	0.0100000000	0.0010000000	100	100	0	0.960321
2117000	-1.0000000000	0.0100000000	0.0010000000	100	100	0	0.960789
2118000	-1.0000000000	0.0100000000	0.0010000000	100	100	0	0.960789
2119000	-1.0000000000	0.0100000000	0.0010000000	100	100	0	0.960789
2120000	-1.0000000000	0.0100000000	0.0010000000	100	100	0	0.960789
2121000	-1.0000000000	0.0100000000	0.0010000000	100	100	0	0.960789
2122000	-1.0000000000	0.0100000000	0.0010000000	100	100	0	0.960789
2123000	-1.0000000000	0.0100000000	0.0010000000	100	100	0	0.959384
2124000	-1.0000000000	0.0100000000	0.0010000000	100	100	0	0.990050
2125000	-1.0000000000	0.0100000000	0.0010000000	100	100	0	0.989172
2126000	-1.0000000000	0.0100000000	0.0010000000	100	100	0	0.990050
2127000	-1.0000000000	0.0100000000	0.0010000000	100	100	0	0.989465
2128000	-1.0000000000	0.0100000000	0.0010000000	100	100	0	0.990050
2129000	-1.0000000000	0.0100000000	0.0010000000	100	100	0	0.990050
2130000	-1.0000000000	0.0100000000	0.0010000000	100	100	0	0.990050
2131000	-1.0000000000	0.0100000000	0.0010000000	100	100	0	0.984198
2132000	-1.0000000000	0.0100000000	0.0010000000	100	100	0	0.985953
2133000	-1.0000000000	0.0100000000	0.0010000000	100	100	0	0.990050
2134000	-1.0000000000	0.0100000000	0.0010000000	100	100	0	0.990050
2135000	-1.0000000000	0.0100000000	0.0010000000	100	100	0	0.989757
2136000	-1.0000000000	0.0100000000	0.0010000000	100	100	0	0.990050
2137000	-1.0000000000	0.0100000000	0.0010000000	100	100	0	0.990050
2138000	-1.0000000000	0.0100000000	0.0010000000	100	100	0	0.989757
2139000	-1.0000000000	0.0100000000	0.0010000000	100	100	0	0.990050
2140000	-1.0000000000	0.0100000000	0.0010000000	100	100	0	0.989757
2141000	-1.0000000000	0.0100000000	0.0010000000	100	100	0	0.983144
2142000	-1.0000000000	0.0100000000	0.0010000000	100	100	0	0.980979
2143000	-1.0000000000	0.0100000000	0.0010000000	100	100	0	0.986831
2144000	-1.0000000000	0.0100000000	0.0010000000	100	100	0	0.990050
2145000	-1.0000000000	0.0100000000	0.0010000000	100	100	0	0.989757
2146000	-1.0000000000	0.0100000000	0.0010000000	100	100	0	0.989465
2147000	-1.0000000000	0.0100000000	0.0010000000	100	100	0	0.989757
2148000	-1.0000000000	0.0100000000	0.0010000000	100	100	0	0.990050
2149000	-1.0000000000	0.0100000000	0.0010000000	100	100	0	0.989757
2150000	-1.0000000000	0.0100000000	0.0010000000	100	100	0	0.990050
2151000	-1.0000000000	0.0100000000	0.0010000000	100	100	0	0.989172
2152000	-1.0000000000	0.0100000000	0.0010000000	100	100	0	0.990050
2153000	-1.0000000000	0.0100000000	0.0010000000	100	100	0	0.986539
2154000	-1.0000000000	0.0100000000	0.0010000000	100	100	0	0.985661
2155000	-1.0000000000	0.0100000000	0.0010000000	100	100	0	0.990050
2156000	-1.0000000000	0.0100000000	0.0010000000	100	100	0	0.990050
2157000	-1.0000000000	0.0100000000	0.0010000000	100	100	0	0.990050
2158000	-1.0000000000	0.0100000000	0.0010000000	100	100	0	0.990050
2159000	-1.0000000000	0.0100000000	0.0010000000	100	100	0	0.989172
2160000	-1.0000000000	0.0100000000	0.0010000000	100	100	0	0.990050
2161000	-1.0000000000	0.0100000000	0.0010000000	100	100	0	0.990050
2162000	-1.0000000000	0.0100000000	0.0010000000	100	100	0	0.989172
2163000	-1.0000000000	0.0100000000	0.0010000000	100	100	0	0.985953
2164000	-1.0000000000	0.0100000000	0.0010000000	100	100	0	0.989465
2165000	-1.0000000000	0.0100000000	0.0010000000	100	100	0	0.989757
2166000	-1.0000000000	0.0100000000	0.0010000000	100	100	0	0.983905
2167000	-1.0000000000	0.0100000000	0.0010000000	100	100	0	0.980101
2168000	-1.0000000000	0.0100000000	0.0010000000	100	100	0	0.990050
2169000	-1.0000000000	0.0100000000	0.0010000000	100	100	0	0.990050
2170000	-1.0000000000	0.0100000000	0.0010000000	100	100	0	0.988587
2171000	-1.0000000000	0.0100000000	0.0010000000	100	100	0	0.951886
2172000	-1.0000000000	0.0100000000	0.0010000000	100	100	0	0.957509
2173000	-1.0000000000	0.0100000000	0.0010000000	100	100	0	0.960321
2174000	-1.0000000000	0.0100000000	0.0010000000	100	100	0	0.941578
2175000	-1.0000000000	0.0100000000	0.0010000000	100	100	0	0.957978
2176000	-1.0000000000	0.0100000000	0.0010000000	100	100	0	0.959852
2177000	-1.0000000000	0.0100000000	0.0010000000	100	100	0	0.960789
2178000	-1.0000000000	0.0100000000	0.0010000000	100	100	0	0.960789
2179000	-1.0000000000	0.0100000000	0.0010000000	100	100	0	0.960789
2180000	-1.0000000000	0.0100000000	0.0010000000	100	100	0	0.960321
2181000	-1.0000000000	0.0100000000	0.0010000000	100	100	0	0.960789
2182000	-1.0000000000	0.0100000000	0.0010000000	100	100	0	0.959384
2183000	-1.0000000000	0.0100000000	0.0010000000	100	100	0	0.959852
2184000	-1.0000000000	0.0100000000	0.0010000000	100	100	0	0.960789
2185000	-1.0000000000	0.0100000000	0.0010000000	100	100	0	0.960789
2186000	-1.0000000000	0.0100000000	0.0010000000	100	100	0	0.960789
2187000	-1.0000000000	0.0100000000	0.0010000000	100	100	0	0.960321
2188000	-1.0000000000	0.0100000000	0.0010000000	100	100	0	0.960789
2189000	-1.0000000000	0.0100000000	0.0010000000	100	100	0	0.960789
2190000	-1.0000000000	0.0100000000	0.0010000000	100	100	0	0.960321
2191000	-1.0000000000	0.0100000000	0.0010000000	100	100	0	0.959384
2192000	-1.0000000000	0.0100000000	0.0010000000	100	100	0	0.960321
2193000	-1.0000000000	0.0100000000	0.0010000000	100	100	0	0.959852
2194000	-1.0000000000	0.0100000000	0.0010000000	100	100	0	0.960789
2195000	-1.0000000000	0.0100000000	0.0010000000	100	100	0	0.948606
2196000	-1.0000000000	0.0100000000	0.0010000000	100	100	0	0.986539
2197000	-1.0000000000	0.0100000000	0.0010000000	100	100	0	0.988002
2198000	-1.0000000000	0.0100000000	0.0010000000	100	100	0	0.990050
2199000	-1.0000000000	0.0100000000	0.0010000000	100	100	0	0.984490
2200000	-1.0000000000	0.0100000000	0.0010000000	100	100	0	0.990050
2201000	-1.0000000000	0.0100000000	0.0010000000	100	100	0	0.990050
2202000	-1.0000000000	0.0100000000	0.0010000000	100	100	0	0.990050
2203000	-1.0000000000	0.0100000000	0.0010000000	100	100	0	0.990050
2204000	-1.0000000000	0.0100000000	0.0010000000	100	100	0	0.989465
2205000	-1.0000000000	0.0100000000	0.0010000000	100	100	0	0.988879
2206000	-1.0000000000	0.0100000000	0.0010000000	100	100	0	0.990050
2207000	-1.0000000000	0.0100000000	0.0010000000	100	100	0	0.989757
2208000	-1.0000000000	0.0100000000	0.0010000000	100	100	0	0.990050
2209000	-1.0000000000	0.0100000000	0.0010000000	100	100	0	0.990050
2210000	-1.0000000000	0.0100000000	0.0010000000	100	100	0	0.990050
2211000	-1.0000000000	0.0100000000	0.0010000000	100	100	0	0.990050
2212000	-1.0000000000	0.0100000000	0.0010000000	100	100	0	0.990050
2213000	-1.0000000000	0.0100000000	0.0010000000	100	100	0	0.986246
2214000	-1.0000000000	0.0100000000	0.0010000000	100	100	0	0.989465
2215000	-1.0000000000	0.0100000000	0.0010000000	100	100	0	0.990050
2216000	-1.0000000000	0.0100000000	0.0010000000	100	100	0	0.990050
2217000	-1.0000000000	0.0100000000	0.0010000000	100	100	0	0.990050
2218000	-1.0000000000	0.0100000000	0.0010000000	100	100	0	0.986831
2219000	-1.0000000000	0.0100000000	0.0010000000	100	100	0	0.998109
2220000	-1.0000000000	0.0100000000	0.0010000000	100	100	0	1.000000
2221000	-1.0000000000	0.0100000000	0.0010000000	100	100	0	0.999502
2222000	-1.0000000000	0.0100000000	0.0010000000	100	100	0	0.997413
2223000	-1.0000000000	0.0100000000	0.0010000000	100	100	0	0.999801
2224000	-1.0000000000	0.0100000000	0.0010000000	100	100	0	0.999900
2225000	-1.0000000000	0.0100000000	0.0010000000	100	100	0	1.000000
2226000	-1.0000000000	0.0100000000	0.0010000000	100	100	0	0.994030
2227000	-1.0000000000	0.0100000000	0.0010000000	100	100	0	0.990050
2228000	-1.0000000000	0.0100000000	0.0010000000	100	100	0	0.990050
2229000	-1.0000000000	0.0100000000	0.0010000000	100	100	0	0.990050
2230000	-1.0000000000	0.0100000000	0.0010000000	100	100	0	0.987124
2231000	-1.0000000000	0.0100000000	0.0010000000	100	100	0	0.989757
2232000	-1.0000000000	0.0100000000	0.0010000000	100	100	0	0.989465
2233000	-1.0000000000	0.0100000000	0.0010000000	100	100	0	0.990050
2234000	-1.0000000000	0.0100000000	0.0010000000	100	100	0	0.983613
2235000	-1.0000000000	0.0100000000	0.0010000000	100	100	0	0.990050
2236000	-1.0000000000	0.0100000000	0.0010000000	100	100	0	0.989757
2237000	-1.0000000000	0.0100000000	0.0010000000	100	100	0	0.990050
2238000	-1.0000000000	0.0100000000	0.0010000000	100	100	0	0.980394
2239000	-1.0000000000	0.0100000000	0.0010000000	100	100	0	0.989757
2240000	-1.0000000000	0.0100000000	0.0010000000	100	100	0	0.989757
2241000	-1.0000000000	0.0100000000	0.0010000000	100	100	0	0.988002
2242000	-1.0000000000	0.0100000000	0.0010000000	100	100	0	0.990050
2243000	-1.0000000000	0.0100000000	0.0010000000	100	100	0	0.990050
2244000	-1.0000000000	0.0100000000	0.0010000000	100	100	0	0.990050
2245000	-1.0000000000	0.0100000000	0.0010000000	100	100	0	0.989471
2246000	-1.0000000000	0.0100000000	0.0010000000	100	100	0	0.990050
2247000	-1.0000000000	0.0100000000	0.0010000000	100	100	0	0.986246
2248000	-1.0000000000	0.0100000000	0.0010000000	100	100	0	0.990050
2249000	-1.0000000000	0.0100000000	0.0010000000	100	100	0	0.987709
2250000	-1.0000000000	0.0100000000	0.0010000000	100	100	0	0.988587
2251000	-1.0000000000	0.0100000000	0.0010000000	100	100	0	0.990050
2252000	-1.0000000000	0.0100000000	0.0010000000	100	100	0	0.990050
2253000	-1.0000000000	0.0100000000	0.0010000000	100	100	0	0.990050
2254000	-1.0000000000	0.0100000000	0.0010000000	100	100	0	0.990050
2255000	-1.0000000000	0.0100000000	0.0010000000	100	100	0	0.988879
2256000	-1.0000000000	0.0100000000	0.0010000000	100	100	0	0.996418
2257000	-1.0000000000	0.0100000000	0.0010000000	100	100	0	0.989757
2258000	-1.0000000000	0.0100000000	0.0010000000	100	100	0	0.990050
2259000	-1.0000000000	0.0100000000	0.0010000000	100	100	0	0.990050
2260000	-1.0000000000	0.0100000000	0.0010000000	100	100	0	0.989757
2261000	-1.0000000000	0.0100000000	0.0010000000	100	100	0	0.990050
2262000	-1.0000000000	0.0100000000	0.0010000000	100	100	0	0.983613
2263000	-1.0000000000	0.0100000000	0.0010000000	100	100	0	0.986246
2264000	-1.0000000000	0.0100000000	0.0010000000	100	100	0	0.989757
2265000	-1.0000000000	0.0100000000	0.0010000000	100	100	0	0.990050
2266000	-1.0000000000	0.0100000000	0.0010000000	100	100	0	0.988879
2267000	-1.0000000000	0.0100000000	0.0010000000	100	100	0	0.986246
2268000	-1.0000000000	0.0100000000	0.0010000000	100	100	0	0.990050
2269000	-1.0000000000	0.0100000000	0.0010000000	100	100	0	0.989757
2270000	-1.0000000000	0.0100000000	0.0010000000	100	100	0	0.989757
2271000	-1.0000000000	0.0100000000	0.0010000000	100	100	0	0.983613
2272000	-1.0000000000	0.0100000000	0.0010000000	100	100	0	0.990050
2273000	-1.0000000000	0.0100000000	0.0010000000	100	100	0	0.990050
2274000	-1.0000000000	0.0100000000	0.0010000000	100	100	0	0.990050
2275000	-1.0000000000	0.0100000000	0.0010000000	100	100	0	0.985368
2276000	-1.0000000000	0.0100000000	0.0010000000	100	100	0	0.990050
2277000	-1.0000000000	0.0100000000	0.0010000000	100	100	0	0.989757
2278000	-1.0000000000	0.0100000000	0.0010000000	100	100	0	0.990050
2279000	-1.0000000000	0.0100000000	0.0010000000	100	100	0	0.988587
2280000	-1.0000000000	0.0100000000	0.0010000000	100	100	0	0.958447
2281000	-1.0000000000	0.0100000000	0.0010000000	100	100	0	0.990050
2282000	-1.0000000000	0.0100000000	0.0010000000	100	100	0	0.990050
2283000	-1.0000000000	0.0100000000	0.0010000000	100	100	0	0.990050
2284000	-1.0000000000	0.0100000000	0.0010000000	100	100	0	0.988879
2285000	-1.0000000000	0.0100000000	0.0010000000	100	100	0	0.990050
2286000	-1.0000000000	0.0100000000	0.0010000000	100	100	0	0.990050
2287000	-1.0000000000	0.0100000000	0.0010000000	100	100	0	0.985076
2288000	-1.0000000000	0.0100000000	0.0010000000	100	100	0	0.990050
2289000	-1.0000000000	0.0100000000	0.0010000000	100	100	0	0.960789
2290000	-1.0000000000	0.0100000000	0.0010000000	100	100	0	0.960789
2291000	-1.0000000000	0.0100000000	0.0010000000	100	100	0	0.964943
2292000	-1.0000000000	0.0100000000	0.0010000000	100	100	0	0.989757
2293000	-1.0000000000	0.0100000000	0.0010000000	100	100	0	0.990050
2294000	-1.0000000000	0.0100000000	0.0010000000	100	100	0	0.990050
2295000	-1.0000000000	0.0100000000	0.0010000000	100	100	0	0.990050
2296000	-1.0000000000	0.0100000000	0.0010000000	100	100	0	0.989757
2297000	-1.0000000000	0.0100000000	0.0010000000	100	100	0	0.988879
2298000	-1.0000000000	0.0100000000	0.0010000000	100	100	0	0.989465
2299000	-1.0000000000	0.0100000000	0.0010000000	100	100	0	0.957509
2300000	-1.0000000000	0.0100000000	0.0010000000	100	100	0	0.960321
2301000	-1.0000000000	0.0100000000	0.0010000000	100	100	0	0.959852
2302000	-1.0000000000	0.0100000000	0.0010000000	100	100	0	0.960789
2303000	-1.0000000000	0.0100000000	0.0010000000	100	100	0	0.960789
2304000	-1.0000000000	0.0100000000	0.0010000000	100	100	0	0.960789
2305000	-1.0000000000	0.0100000000	0.0010000000	100	100	0	0.960789
2306000	-1.0000000000	0.0100000000	0.0010000000	100	100	0	0.989465
2307000	-1.0000000000	0.0100000000	0.0010000000	100	100	0	1.000000
2308000	-1.0000000000	0.0100000000	0.0010000000	100	100	0	0.990050
2309000	-1.0000000000	0.0100000000	0.0010000000	100	100	0	0.993140
2310000	-1.0000000000	0.0100000000	0.0010000000	100	100	0	0.989172
2311000	-1.0000000000	0.0100000000	0.0010000000	100	100	0	0.990050
2312000	-1.0000000000	0.0100000000	0.0010000000	100	100	0	0.989465
2313000	-1.0000000000	0.0100000000	0.0010000000	100	100	0	0.990050
2314000	-1.0000000000	0.0100000000	0.0010000000	100	100	0	0.989172
2315000	-1.0000000000	0.0100000000	0.0010000000	100	100	0	0.989465
2316000	-1.0000000000	0.0100000000	0.0010000000	100	100	0	0.989465
2317000	-1.0000000000	0.0100000000	0.0010000000	100	100	0	0.989757
2318000	-1.0000000000	0.0100000000	0.0010000000	100	100	0	0.992836
2319000	-1.0000000000	0.0100000000	0.0010000000	100	100	0	1.000000
2320000	-1.0000000000	0.0100000000	0.0010000000	100	100	0	0.990050
2321000	-1.0000000000	0.0100000000	0.0010000000	100	100	0	0.989757
2322000	-1.0000000000	0.0100000000	0.0010000000	100	100	0	0.990050
2323000	-1.0000000000	0.0100000000	0.0010000000	100	100	0	0.990050
2324000	-1.0000000000	0.0100000000	0.0010000000	100	100	0	0.990050
2325000	-1.0000000000	0.0100000000	0.0010000000	100	100	0	0.990050
2326000	-1.0000000000	0.0100000000	0.0010000000	100	100	0	0.981272
2327000	-1.0000000000	0.0100000000	0.0010000000	100	100	0	0.989465
2328000	-1.0000000000	0.0100000000	0.0010000000	100	100	0	0.990050
2329000	-1.0000000000	0.0100000000	0.0010000000	100	100	0	0.990050
2330000	-1.0000000000	0.0100000000	0.0010000000	100	100	0	0.990050
2331000	-1.0000000000	0.0100000000	0.0010000000	100	100	0	0.990050
2332000	-1.0000000000	0.0100000000	0.0010000000	100	100	0	0.988411
2333000	-1.0000000000	0.0100000000	0.0010000000	100	100	0	0.989757
2334000	-1.0000000000	0.0100000000	0.0010000000	100	100	0	0.990050
2335000	-1.0000000000	0.0100000000	0.0010000000	100	100	0	0.979223
2336000	-1.0000000000	0.0100000000	0.0010000000	100	100	0	0.990050
2337000	-1.0000000000	0.0100000000	0.0010000000	100	100	0	0.990050
2338000	-1.0000000000	0.0100000000	0.0010000000	100	100	0	0.989757
2339000	-1.0000000000	0.0100000000	0.0010000000	100	100	0	0.967102
2340000	-1.0000000000	0.0100000000	0.0010000000	100	100	0	0.990050
2341000	-1.0000000000	0.0100000000	0.0010000000	100	100	0	0.990050
2342000	-1.0000000000	0.0100000000	0.0010000000	100	100	0	0.989757
2343000	-1.0000000000	0.0100000000	0.0010000000	100	100	0	0.990050
2344000	-1.0000000000	0.0100000000	0.0010000000	100	100	0	0.989172
2345000	-1.0000000000	0.0100000000	0.0010000000	100	100	0	0.990050
2346000	-1.0000000000	0.0100000000	0.0010000000	100	100	0	0.990050
2347000	-1.0000000000	0.0100000000	0.0010000000	100	100	0	0.989757
2348000	-1.0000000000	0.0100000000	0.0010000000	100	100	0	0.990050
2349000	-1.0000000000	0.0100000000	0.0010000000	100	100	0	0.990050
2350000	-1.0000000000	0.0100000000	0.0010000000	100	100	0	0.985368
2351000	-1.0000000000	0.0100000000	0.0010000000	100	100	0	0.989757
2352000	-1.0000000000	0.0100000000	0.0010000000	100	100	0	0.990050
2353000	-1.0000000000	0.0100000000	0.0010000000	100	100	0	0.990050
2354000	-1.0000000000	0.0100000000	0.0010000000	100	100	0	0.988879
2355000	-1.0000000000	0.0100000000	0.0010000000	100	100	0	0.990050
2356000	-1.0000000000	0.0100000000	0.0010000000	100	100	0	0.990050
2357000	-1.0000000000	0.0100000000	0.0010000000	100	100	0	0.989465
2358000	-1.0000000000	0.0100000000	0.0010000000	100	100	0	0.990050
2359000	-1.0000000000	0.0100000000	0.0010000000	100	100	0	0.990050
2360000	-1.0000000000	0.0100000000	0.0010000000	100	100	0	0.990050
2361000	-1.0000000000	0.0100000000	0.0010000000	100	100	0	0.990050
2362000	-1.0000000000	0.0100000000	0.0010000000	100	100	0	0.990050
2363000	-1.0000000000	0.0100000000	0.0010000000	100	100	0	0.989757
2364000	-1.0000000000	0.0100000000	0.0010000000	100	100	0	0.989757
2365000	-1.0000000000	0.0100000000	0.0010000000	100	100	0	0.988879
2366000	-1.0000000000	0.0100000000	0.0010000000	100	100	0	0.989757
2367000	-1.0000000000	0.0100000000	0.0010000000	100	100	0	0.989757
2368000	-1.0000000000	0.0100000000	0.0010000000	100	100	0	0.989757
2369000	-1.0000000000	0.0100000000	0.0010000000	100	100	0	0.988879
2370000	-1.0000000000	0.0100000000	0.0010000000	100	100	0	0.990050
2371000	-1.0000000000	0.0100000000	0.0010000000	100	100	0	0.990050
2372000	-1.0000000000	0.0100000000	0.0010000000	100	100	0	0.989757
2373000	-1.0000000000	0.0100000000	0.0010000000	100	100	0	0.957978
2374000	-1.0000000000	0.0100000000	0.0010000000	100	100	0	0.959384
2375000	-1.0000000000	0.0100000000	0.0010000000	100	100	0	0.960789
2376000	-1.0000000000	0.0100000000	0.0010000000	100	100	0	0.960789
2377000	-1.0000000000	0.0100000000	0.0010000000	100	100	0	0.959852
2378000	-1.0000000000	0.0100000000	0.0010000000	100	100	0	0.959852
2379000	-1.0000000000	0.0100000000	0.0010000000	100	100	0	0.959384
2380000	-1.0000000000	0.0100000000	0.0010000000	100	100	0	0.959852
2381000	-1.0000000000	0.0100000000	0.0010000000	100	100	0	0.960789
2382000	-1.0000000000	0.0100000000	0.0010000000	100	100	0	0.960789
2383000	-1.0000000000	0.0100000000	0.0010000000	100	100	0	0.960789
2384000	-1.0000000000	0.0100000000	0.0010000000	100	100	0	0.960321
2385000	-1.0000000000	0.0100000000	0.0010000000	100	100	0	0.960789
2386000	-1.0000000000	0.0100000000	0.0010000000	100	100	0	0.960789
2387000	-1.0000000000	0.0100000000	0.0010000000	100	100	0	0.960321
2388000	-1.0000000000	0.0100000000	0.0010000000	100	100	0	0.960789
2389000	-1.0000000000	0.0100000000	0.0010000000	100	100	0	0.990050
2390000	-1.0000000000	0.0100000000	0.0010000000	100	100	0	0.989757
2391000	-1.0000000000	0.0100000000	0.0010000000	100	100	0	0.990050
2392000	-1.0000000000	0.0100000000	0.0010000000	100	100	0	0.988879
2393000	-1.0000000000	0.0100000000	0.0010000000	100	100	0	0.984198
2394000	-1.0000000000	0.0100000000	0.0010000000	100	100	0	0.990050
2395000	-1.0000000000	0.0100000000	0.0010000000	100	100	0	0.990050
2396000	-1.0000000000	0.0100000000	0.0010000000	100	100	0	0.990050
2397000	-1.0000000000	0.0100000000	0.0010000000	100	100	0	0.979223
2398000	-1.0000000000	0.0100000000	0.0010000000	100	100	0	0.990050
2399000	-1.0000000000	0.0100000000	0.0010000000	100	100	0	0.990050
2400000	-1.0000000000	0.0100000000	0.0010000000	100	100	0	0.988879
2401000	-1.0000000000	0.0100000000	0.0010000000	100	100	0	0.990050
2402000	-1.0000000000	0.0100000000	0.0010000000	100	100	0	0.989757
2403000	-1.0000000000	0.0100000000	0.0010000000	100	100	0	0.990050
2404000	-1.0000000000	0.0100000000	0.0010000000	100	100	0	0.988587
2405000	-1.0000000000	0.0100000000	0.0010000000	100	100	0	0.990050
2406000	-1.0000000000	0.0100000000	0.0010000000	100	100	0	0.990050
2407000	-1.0000000000	0.0100000000	0.0010000000	100	100	0	0.990050
2408000	-1.0000000000	0.0100000000	0.0010000000	100	100	0	0.987709
2409000	-1.0000000000	0.0100000000	0.0010000000	100	100	0	0.990050
2410000	-1.0000000000	0.0100000000	0.0010000000	100	100	0	0.990050
2411000	-1.0000000000	0.0100000000	0.0010000000	100	100	0	0.989757
2412000	-1.0000000000	0.0100000000	0.0010000000	100	100	0	0.987709
2413000	-1.0000000000	0.0100000000	0.0010000000	100	100	0	0.986831
2414000	-1.0000000000	0.0100000000	0.0010000000	100	100	0	0.984314
2415000	-1.0000000000	0.0100000000	0.0010000000	100	100	0	0.990050
2416000	-1.0000000000	0.0100000000	0.0010000000	100	100	0	0.989465
2417000	-1.0000000000	0.0100000000	0.0010000000	100	100	0	0.988002
2418000	-1.0000000000	0.0100000000	0.0010000000	100	100	0	0.990050
2419000	-1.0000000000	0.0100000000	0.0010000000	100	100	0	0.990050
2420000	-1.0000000000	0.0100000000	0.0010000000	100	100	0	0.990050
2421000	-1.0000000000	0.0100000000	0.0010000000	100	100	0	0.990050
2422000	-1.0000000000	0.0100000000	0.0010000000	100	100	0	0.990050
2423000	-1.0000000000	0.0100000000	0.0010000000	100	100	0	0.981272
2424000	-1.0000000000	0.0100000000	0.0010000000	100	100	0	0.990050
2425000	-1.0000000000	0.0100000000	0.0010000000	100	100	0	0.990050
2426000	-1.0000000000	0.0100000000	0.0010000000	100	100	0	0.990050
2427000	-1.0000000000	0.0100000000	0.0010000000	100	100	0	0.990050
2428000	-1.0000000000	0.0100000000	0.0010000000	100	100	0	0.990050
2429000	-1.0000000000	0.0100000000	0.0010000000	100	100	0	0.964417
2430000	-1.0000000000	0.0100000000	0.0010000000	100	100	0	0.987416
2431000	-1.0000000000	0.0100000000	0.0010000000	100	100	0	0.990050
2432000	-1.0000000000	0.0100000000	0.0010000000	100	100	0	0.987124
2433000	-1.0000000000	0.0100000000	0.0010000000	100	100	0	0.990050
2434000	-1.0000000000	0.0100000000	0.0010000000	100	100	0	0.989465
2435000	-1.0000000000	0.0100000000	0.0010000000	100	100	0	0.988002
2436000	-1.0000000000	0.0100000000	0.0010000000	100	100	0	0.990050
2437000	-1.0000000000	0.0100000000	0.0010000000	100	100	0	0.989465
2438000	-1.0000000000	0.0100000000	0.0010000000	100	100	0	0.989172
2439000	-1.0000000000	0.0100000000	0.0010000000	100	100	0	0.989757
2440000	-1.0000000000	0.0100000000	0.0010000000	100	100	0	0.985076
2441000	-1.0000000000	0.0100000000	0.0010000000	100	100	0	0.990050
2442000	-1.0000000000	0.0100000000	0.0010000000	100	100	0	0.988879
2443000	-1.0000000000	0.0100000000	0.0010000000	100	100	0	0.986831
2444000	-1.0000000000	0.0100000000	0.0010000000	100	100	0	0.969508
2445000	-1.0000000000	0.0100000000	0.0010000000	100	100	0	0.989757
2446000	-1.0000000000	0.0100000000	0.0010000000	100	100	0	0.990050
2447000	-1.0000000000	0.0100000000	0.0010000000	100	100	0	0.990050
2448000	-1.0000000000	0.0100000000	0.0010000000	100	100	0	0.990050
2449000	-1.0000000000	0.0100000000	0.0010000000	100	100	0	0.986831
2450000	-1.0000000000	0.0100000000	0.0010000000	100	100	0	0.990050
2451000	-1.0000000000	0.0100000000	0.0010000000	100	100	0	0.990050
2452000	-1.0000000000	0.0100000000	0.0010000000	100	100	0	0.990050
2453000	-1.0000000000	0.0100000000	0.0010000000	100	100	0	0.987124
2454000	-1.0000000000	0.0100000000	0.0010000000	100	100	0	0.990050
2455000	-1.0000000000	0.0100000000	0.0010000000	100	100	0	0.983905
2456000	-1.0000000000	0.0100000000	0.0010000000	100	100	0	0.985368
2457000	-1.0000000000	0.0100000000	0.0010000000	100	100	0	0.986831
2458000	-1.0000000000	0.0100000000	0.0010000000	100	100	0	0.990050
2459000	-1.0000000000	0.0100000000	0.0010000000	100	100	0	0.989465
2460000	-1.0000000000	0.0100000000	0.0010000000	100	100	0	0.990050
2461000	-1.0000000000	0.0100000000	0.0010000000	100	100	0	0.990050
2462000	-1.0000000000	0.0100000000	0.0010000000	100	100	0	0.988879
2463000	-1.0000000000	0.0100000000	0.0010000000	100	100	0	0.990050
2464000	-1.0000000000	0.0100000000	0.0010000000	100	100	0	0.989757
2465000	-1.0000000000	0.0100000000	0.0010000000	100	100	0	0.989465
2466000	-1.0000000000	0.0100000000	0.0010000000	100	100	0	0.990050
2467000	-1.0000000000	0.0100000000	0.0010000000	100	100	0	0.990050
2468000	-1.0000000000	0.0100000000	0.0010000000	100	100	0	0.990050
2469000	-1.0000000000	0.0100000000	0.0010000000	100	100	0	0.990050
2470000	-1.0000000000	0.0100000000	0.0010000000	100	100	0	0.989757
2471000	-1.0000000000	0.0100000000	0.0010000000	100	100	0	0.990050
2472000	-1.0000000000	0.0100000000	0.0010000000	100	100	0	0.986539
2473000	-1.0000000000	0.0100000000	0.0010000000	100	100	0	0.990050
2474000	-1.0000000000	0.0100000000	0.0010000000	100	100	0	0.990050
2475000	-1.0000000000	0.0100000000	0.0010000000	100	100	0	0.990050
2476000	-1.0000000000	0.0100000000	0.0010000000	100	100	0	0.990050
2477000	-1.0000000000	0.0100000000	0.0010000000	100	100	0	0.990050
2478000	-1.0000000000	0.0100000000	0.0010000000	100	100	0	0.990050
2479000	-1.0000000000	0.0100000000	0.0010000000	100	100	0	0.989465
2480000	-1.0000000000	0.0100000000	0.0010000000	100	100	0	0.990050
2481000	-1.0000000000	0.0100000000	0.0010000000	100	100	0	0.990050
2482000	-1.0000000000	0.0100000000	0.0010000000	100	100	0	0.990050
2483000	-1.0000000000	0.0100000000	0.0010000000	100	100	0	0.990050
2484000	-1.0000000000	0.0100000000	0.0010000000	100	100	0	0.990050
2485000	-1.0000000000	0.0100000000	0.0010000000	100	100	0	0.989465
2486000	-1.0000000000	0.0100000000	0.0010000000	100	100	0	0.989465
2487000	-1.0000000000	0.0100000000	0.0010000000	100	100	0	0.989465
2488000	-1.0000000000	0.0100000000	0.0010000000	100	100	0	0.990050
2489000	-1.0000000000	0.0100000000	0.0010000000	100	100	0	0.988879
2490000	-1.0000000000	0.0100000000	0.0010000000	100	100	0	0.990149
2491000	-1.0000000000	0.0100000000	0.0010000000	100	100	0	0.989465
2492000	-1.0000000000	0.0100000000	0.0010000000	100	100	0	0.988879
2493000	-1.0000000000	0.0100000000	0.0010000000	100	100	0	0.990050
2494000	-1.0000000000	0.0100000000	0.0010000000	100	100	0	0.976883
2495000	-1.0000000000	0.0100000000	0.0010000000	100	100	0	0.990050
2496000	-1.0000000000	0.0100000000	0.0010000000	100	100	0	0.990050
2497000	-1.0000000000	0.0100000000	0.0010000000	100	100	0	0.990050
2498000	-1.0000000000	0.0100000000	0.0010000000	100	100	0	0.989465
2499000	-1.0000000000	0.0100000000	0.0010000000	100	100	0	0.990050
2500000	-1.0000000000	0.0100000000	0.0010000000	100	100	0	0.990050
