time	epistasis_coef	sel_coef	mu_prob	Ne	L	k_start	mean_fitness
1500000	-0.4000000000	0.0001000000	0.1000000000	100	100	0	0.979297
1501000	-0.4000000000	0.0001000000	0.1000000000	100	100	0	0.976945
1502000	-0.4000000000	0.0001000000	0.1000000000	100	100	0	0.977247
1503000	-0.4000000000	0.0001000000	0.1000000000	100	100	0	0.979555
1504000	-0.4000000000	0.0001000000	0.1000000000	100	100	0	0.975055
1505000	-0.4000000000	0.0001000000	0.1000000000	100	100	0	0.975752
1506000	-0.4000000000	0.0001000000	0.1000000000	100	100	0	0.978402
1507000	-0.4000000000	0.0001000000	0.1000000000	100	100	0	0.976940
1508000	-0.4000000000	0.0001000000	0.1000000000	100	100	0	0.979073
1509000	-0.4000000000	0.0001000000	0.1000000000	100	100	0	0.978136
1510000	-0.4000000000	0.0001000000	0.1000000000	100	100	0	0.979935
1511000	-0.4000000000	0.0001000000	0.1000000000	100	100	0	0.980571
1512000	-0.4000000000	0.0001000000	0.1000000000	100	100	0	0.977624
1513000	-0.4000000000	0.0001000000	0.1000000000	100	100	0	0.978224
1514000	-0.4000000000	0.0001000000	0.1000000000	100	100	0	0.976922
1515000	-0.4000000000	0.0001000000	0.1000000000	100	100	0	0.979611
1516000	-0.4000000000	0.0001000000	0.1000000000	100	100	0	0.976771
1517000	-0.4000000000	0.0001000000	0.1000000000	100	100	0	0.977235
1518000	-0.4000000000	0.0001000000	0.1000000000	100	100	0	0.974226
1519000	-0.4000000000	0.0001000000	0.1000000000	100	100	0	0.975647
1520000	-0.4000000000	0.0001000000	0.1000000000	100	100	0	0.975627
1521000	-0.4000000000	0.0001000000	0.1000000000	100	100	0	0.977157
1522000	-0.4000000000	0.0001000000	0.1000000000	100	100	0	0.975065
1523000	-0.4000000000	0.0001000000	0.1000000000	100	100	0	0.977615
1524000	-0.4000000000	0.0001000000	0.1000000000	100	100	0	0.980213
1525000	-0.4000000000	0.0001000000	0.1000000000	100	100	0	0.979810
1526000	-0.4000000000	0.0001000000	0.1000000000	100	100	0	0.977300
1527000	-0.4000000000	0.0001000000	0.1000000000	100	100	0	0.976919
1528000	-0.4000000000	0.0001000000	0.1000000000	100	100	0	0.977859
1529000	-0.4000000000	0.0001000000	0.1000000000	100	100	0	0.985274
1530000	-0.4000000000	0.0001000000	0.1000000000	100	100	0	0.975782
1531000	-0.4000000000	0.0001000000	0.1000000000	100	100	0	0.980506
1532000	-0.4000000000	0.0001000000	0.1000000000	100	100	0	0.976100
1533000	-0.4000000000	0.0001000000	0.1000000000	100	100	0	0.976886
1534000	-0.4000000000	0.0001000000	0.1000000000	100	100	0	0.973752
1535000	-0.4000000000	0.0001000000	0.1000000000	100	100	0	0.978500
1536000	-0.4000000000	0.0001000000	0.1000000000	100	100	0	0.983916
1537000	-0.4000000000	0.0001000000	0.1000000000	100	100	0	0.974072
1538000	-0.4000000000	0.0001000000	0.1000000000	100	100	0	0.976762
1539000	-0.4000000000	0.0001000000	0.1000000000	100	100	0	0.977448
1540000	-0.4000000000	0.0001000000	0.1000000000	100	100	0	0.979530
1541000	-0.4000000000	0.0001000000	0.1000000000	100	100	0	0.978092
1542000	-0.4000000000	0.0001000000	0.1000000000	100	100	0	0.980531
1543000	-0.4000000000	0.0001000000	0.1000000000	100	100	0	0.979839
1544000	-0.4000000000	0.0001000000	0.1000000000	100	100	0	0.978471
1545000	-0.4000000000	0.0001000000	0.1000000000	100	100	0	0.978417
1546000	-0.4000000000	0.0001000000	0.1000000000	100	100	0	0.976843
1547000	-0.4000000000	0.0001000000	0.1000000000	100	100	0	0.972808
1548000	-0.4000000000	0.0001000000	0.1000000000	100	100	0	0.979659
1549000	-0.4000000000	0.0001000000	0.1000000000	100	100	0	0.982570
1550000	-0.4000000000	0.0001000000	0.1000000000	100	100	0	0.979592
1551000	-0.4000000000	0.0001000000	0.1000000000	100	100	0	0.977296
1552000	-0.4000000000	0.0001000000	0.1000000000	100	100	0	0.975219
1553000	-0.4000000000	0.0001000000	0.1000000000	100	100	0	0.979129
1554000	-0.4000000000	0.0001000000	0.1000000000	100	100	0	0.978375
1555000	-0.4000000000	0.0001000000	0.1000000000	100	100	0	0.978285
1556000	-0.4000000000	0.0001000000	0.1000000000	100	100	0	0.976475
1557000	-0.4000000000	0.0001000000	0.1000000000	100	100	0	0.977135
1558000	-0.4000000000	0.0001000000	0.1000000000	100	100	0	0.974428
1559000	-0.4000000000	0.0001000000	0.1000000000	100	100	0	0.984045
1560000	-0.4000000000	0.0001000000	0.1000000000	100	100	0	0.974780
1561000	-0.4000000000	0.0001000000	0.1000000000	100	100	0	0.976885
1562000	-0.4000000000	0.0001000000	0.1000000000	100	100	0	0.977343
1563000	-0.4000000000	0.0001000000	0.1000000000	100	100	0	0.979953
1564000	-0.4000000000	0.0001000000	0.1000000000	100	100	0	0.981512
1565000	-0.4000000000	0.0001000000	0.1000000000	100	100	0	0.973228
1566000	-0.4000000000	0.0001000000	0.1000000000	100	100	0	0.978057
1567000	-0.4000000000	0.0001000000	0.1000000000	100	100	0	0.977799
1568000	-0.4000000000	0.0001000000	0.1000000000	100	100	0	0.978874
1569000	-0.4000000000	0.0001000000	0.1000000000	100	100	0	0.977861
1570000	-0.4000000000	0.0001000000	0.1000000000	100	100	0	0.978500
1571000	-0.4000000000	0.0001000000	0.1000000000	100	100	0	0.974453
1572000	-0.4000000000	0.0001000000	0.1000000000	100	100	0	0.975689
1573000	-0.4000000000	0.0001000000	0.1000000000	100	100	0	0.974139
1574000	-0.4000000000	0.0001000000	0.1000000000	100	100	0	0.977419
1575000	-0.4000000000	0.0001000000	0.1000000000	100	100	0	0.980640
1576000	-0.4000000000	0.0001000000	0.1000000000	100	100	0	0.981125
1577000	-0.4000000000	0.0001000000	0.1000000000	100	100	0	0.977591
1578000	-0.4000000000	0.0001000000	0.1000000000	100	100	0	0.980016
1579000	-0.4000000000	0.0001000000	0.1000000000	100	100	0	0.976740
1580000	-0.4000000000	0.0001000000	0.1000000000	100	100	0	0.979023
1581000	-0.4000000000	0.0001000000	0.1000000000	100	100	0	0.982013
1582000	-0.4000000000	0.0001000000	0.1000000000	100	100	0	0.980180
1583000	-0.4000000000	0.0001000000	0.1000000000	100	100	0	0.979693
1584000	-0.4000000000	0.0001000000	0.1000000000	100	100	0	0.980441
1585000	-0.4000000000	0.0001000000	0.1000000000	100	100	0	0.978442
1586000	-0.4000000000	0.0001000000	0.1000000000	100	100	0	0.977451
1587000	-0.4000000000	0.0001000000	0.1000000000	100	100	0	0.975141
1588000	-0.4000000000	0.0001000000	0.1000000000	100	100	0	0.977741
1589000	-0.4000000000	0.0001000000	0.1000000000	100	100	0	0.979745
1590000	-0.4000000000	0.0001000000	0.1000000000	100	100	0	0.979879
1591000	-0.4000000000	0.0001000000	0.1000000000	100	100	0	0.980304
1592000	-0.4000000000	0.0001000000	0.1000000000	100	100	0	0.977589
1593000	-0.4000000000	0.0001000000	0.1000000000	100	100	0	0.976873
1594000	-0.4000000000	0.0001000000	0.1000000000	100	100	0	0.977860
1595000	-0.4000000000	0.0001000000	0.1000000000	100	100	0	0.980916
1596000	-0.4000000000	0.0001000000	0.1000000000	100	100	0	0.976839
1597000	-0.4000000000	0.0001000000	0.1000000000	100	100	0	0.981096
1598000	-0.4000000000	0.0001000000	0.1000000000	100	100	0	0.980488
1599000	-0.4000000000	0.0001000000	0.1000000000	100	100	0	0.981272
1600000	-0.4000000000	0.0001000000	0.1000000000	100	100	0	0.975937
1601000	-0.4000000000	0.0001000000	0.1000000000	100	100	0	0.975892
1602000	-0.4000000000	0.0001000000	0.1000000000	100	100	0	0.979528
1603000	-0.4000000000	0.0001000000	0.1000000000	100	100	0	0.976335
1604000	-0.4000000000	0.0001000000	0.1000000000	100	100	0	0.976844
1605000	-0.4000000000	0.0001000000	0.1000000000	100	100	0	0.979403
1606000	-0.4000000000	0.0001000000	0.1000000000	100	100	0	0.978004
1607000	-0.4000000000	0.0001000000	0.1000000000	100	100	0	0.979571
1608000	-0.4000000000	0.0001000000	0.1000000000	100	100	0	0.978781
1609000	-0.4000000000	0.0001000000	0.1000000000	100	100	0	0.978732
1610000	-0.4000000000	0.0001000000	0.1000000000	100	100	0	0.980008
1611000	-0.4000000000	0.0001000000	0.1000000000	100	100	0	0.976518
1612000	-0.4000000000	0.0001000000	0.1000000000	100	100	0	0.979873
1613000	-0.4000000000	0.0001000000	0.1000000000	100	100	0	0.976956
1614000	-0.4000000000	0.0001000000	0.1000000000	100	100	0	0.974206
1615000	-0.4000000000	0.0001000000	0.1000000000	100	100	0	0.978053
1616000	-0.4000000000	0.0001000000	0.1000000000	100	100	0	0.983023
1617000	-0.4000000000	0.0001000000	0.1000000000	100	100	0	0.978559
1618000	-0.4000000000	0.0001000000	0.1000000000	100	100	0	0.976228
1619000	-0.4000000000	0.0001000000	0.1000000000	100	100	0	0.979957
1620000	-0.4000000000	0.0001000000	0.1000000000	100	100	0	0.973252
1621000	-0.4000000000	0.0001000000	0.1000000000	100	100	0	0.973431
1622000	-0.4000000000	0.0001000000	0.1000000000	100	100	0	0.974868
1623000	-0.4000000000	0.0001000000	0.1000000000	100	100	0	0.975340
1624000	-0.4000000000	0.0001000000	0.1000000000	100	100	0	0.980416
1625000	-0.4000000000	0.0001000000	0.1000000000	100	100	0	0.979419
1626000	-0.4000000000	0.0001000000	0.1000000000	100	100	0	0.981377
1627000	-0.4000000000	0.0001000000	0.1000000000	100	100	0	0.976838
1628000	-0.4000000000	0.0001000000	0.1000000000	100	100	0	0.980620
1629000	-0.4000000000	0.0001000000	0.1000000000	100	100	0	0.978271
1630000	-0.4000000000	0.0001000000	0.1000000000	100	100	0	0.978748
1631000	-0.4000000000	0.0001000000	0.1000000000	100	100	0	0.979052
1632000	-0.4000000000	0.0001000000	0.1000000000	100	100	0	0.976532
1633000	-0.4000000000	0.0001000000	0.1000000000	100	100	0	0.975518
1634000	-0.4000000000	0.0001000000	0.1000000000	100	100	0	0.980067
1635000	-0.4000000000	0.0001000000	0.1000000000	100	100	0	0.980140
1636000	-0.4000000000	0.0001000000	0.1000000000	100	100	0	0.975966
1637000	-0.4000000000	0.0001000000	0.1000000000	100	100	0	0.977437
1638000	-0.4000000000	0.0001000000	0.1000000000	100	100	0	0.979532
1639000	-0.4000000000	0.0001000000	0.1000000000	100	100	0	0.979191
1640000	-0.4000000000	0.0001000000	0.1000000000	100	100	0	0.978101
1641000	-0.4000000000	0.0001000000	0.1000000000	100	100	0	0.979457
1642000	-0.4000000000	0.0001000000	0.1000000000	100	100	0	0.975114
1643000	-0.4000000000	0.0001000000	0.1000000000	100	100	0	0.980771
1644000	-0.4000000000	0.0001000000	0.1000000000	100	100	0	0.974671
1645000	-0.4000000000	0.0001000000	0.1000000000	100	100	0	0.977361
1646000	-0.4000000000	0.0001000000	0.1000000000	100	100	0	0.976917
1647000	-0.4000000000	0.0001000000	0.1000000000	100	100	0	0.975642
1648000	-0.4000000000	0.0001000000	0.1000000000	100	100	0	0.973333
1649000	-0.4000000000	0.0001000000	0.1000000000	100	100	0	0.976924
1650000	-0.4000000000	0.0001000000	0.1000000000	100	100	0	0.978218
1651000	-0.4000000000	0.0001000000	0.1000000000	100	100	0	0.976945
1652000	-0.4000000000	0.0001000000	0.1000000000	100	100	0	0.978453
1653000	-0.4000000000	0.0001000000	0.1000000000	100	100	0	0.979426
1654000	-0.4000000000	0.0001000000	0.1000000000	100	100	0	0.976486
1655000	-0.4000000000	0.0001000000	0.1000000000	100	100	0	0.978895
1656000	-0.4000000000	0.0001000000	0.1000000000	100	100	0	0.981848
1657000	-0.4000000000	0.0001000000	0.1000000000	100	100	0	0.978635
1658000	-0.4000000000	0.0001000000	0.1000000000	100	100	0	0.973729
1659000	-0.4000000000	0.0001000000	0.1000000000	100	100	0	0.977701
1660000	-0.4000000000	0.0001000000	0.1000000000	100	100	0	0.976280
1661000	-0.4000000000	0.0001000000	0.1000000000	100	100	0	0.973476
1662000	-0.4000000000	0.0001000000	0.1000000000	100	100	0	0.979447
1663000	-0.4000000000	0.0001000000	0.1000000000	100	100	0	0.975002
1664000	-0.4000000000	0.0001000000	0.1000000000	100	100	0	0.974779
1665000	-0.4000000000	0.0001000000	0.1000000000	100	100	0	0.982730
1666000	-0.4000000000	0.0001000000	0.1000000000	100	100	0	0.974537
1667000	-0.4000000000	0.0001000000	0.1000000000	100	100	0	0.976169
1668000	-0.4000000000	0.0001000000	0.1000000000	100	100	0	0.977016
1669000	-0.4000000000	0.0001000000	0.1000000000	100	100	0	0.977765
1670000	-0.4000000000	0.0001000000	0.1000000000	100	100	0	0.976732
1671000	-0.4000000000	0.0001000000	0.1000000000	100	100	0	0.974670
1672000	-0.4000000000	0.0001000000	0.1000000000	100	100	0	0.978065
1673000	-0.4000000000	0.0001000000	0.1000000000	100	100	0	0.980025
1674000	-0.4000000000	0.0001000000	0.1000000000	100	100	0	0.980497
1675000	-0.4000000000	0.0001000000	0.1000000000	100	100	0	0.978584
1676000	-0.4000000000	0.0001000000	0.1000000000	100	100	0	0.975869
1677000	-0.4000000000	0.0001000000	0.1000000000	100	100	0	0.977871
1678000	-0.4000000000	0.0001000000	0.1000000000	100	100	0	0.976920
1679000	-0.4000000000	0.0001000000	0.1000000000	100	100	0	0.979377
1680000	-0.4000000000	0.0001000000	0.1000000000	100	100	0	0.973450
1681000	-0.4000000000	0.0001000000	0.1000000000	100	100	0	0.979532
1682000	-0.4000000000	0.0001000000	0.1000000000	100	100	0	0.976350
1683000	-0.4000000000	0.0001000000	0.1000000000	100	100	0	0.978910
1684000	-0.4000000000	0.0001000000	0.1000000000	100	100	0	0.975209
1685000	-0.4000000000	0.0001000000	0.1000000000	100	100	0	0.976741
1686000	-0.4000000000	0.0001000000	0.1000000000	100	100	0	0.975886
1687000	-0.4000000000	0.0001000000	0.1000000000	100	100	0	0.978051
1688000	-0.4000000000	0.0001000000	0.1000000000	100	100	0	0.976415
1689000	-0.4000000000	0.0001000000	0.1000000000	100	100	0	0.976203
1690000	-0.4000000000	0.0001000000	0.1000000000	100	100	0	0.975421
1691000	-0.4000000000	0.0001000000	0.1000000000	100	100	0	0.975991
1692000	-0.4000000000	0.0001000000	0.1000000000	100	100	0	0.978081
1693000	-0.4000000000	0.0001000000	0.1000000000	100	100	0	0.972337
1694000	-0.4000000000	0.0001000000	0.1000000000	100	100	0	0.976865
1695000	-0.4000000000	0.0001000000	0.1000000000	100	100	0	0.977622
1696000	-0.4000000000	0.0001000000	0.1000000000	100	100	0	0.980830
1697000	-0.4000000000	0.0001000000	0.1000000000	100	100	0	0.979565
1698000	-0.4000000000	0.0001000000	0.1000000000	100	100	0	0.976717
1699000	-0.4000000000	0.0001000000	0.1000000000	100	100	0	0.979441
1700000	-0.4000000000	0.0001000000	0.1000000000	100	100	0	0.983221
1701000	-0.4000000000	0.0001000000	0.1000000000	100	100	0	0.975905
1702000	-0.4000000000	0.0001000000	0.1000000000	100	100	0	0.975857
1703000	-0.4000000000	0.0001000000	0.1000000000	100	100	0	0.975168
1704000	-0.4000000000	0.0001000000	0.1000000000	100	100	0	0.976636
1705000	-0.4000000000	0.0001000000	0.1000000000	100	100	0	0.980388
1706000	-0.4000000000	0.0001000000	0.1000000000	100	100	0	0.977658
1707000	-0.4000000000	0.0001000000	0.1000000000	100	100	0	0.977068
1708000	-0.4000000000	0.0001000000	0.1000000000	100	100	0	0.974123
1709000	-0.4000000000	0.0001000000	0.1000000000	100	100	0	0.982322
1710000	-0.4000000000	0.0001000000	0.1000000000	100	100	0	0.982050
1711000	-0.4000000000	0.0001000000	0.1000000000	100	100	0	0.979583
1712000	-0.4000000000	0.0001000000	0.1000000000	100	100	0	0.974226
1713000	-0.4000000000	0.0001000000	0.1000000000	100	100	0	0.980168
1714000	-0.4000000000	0.0001000000	0.1000000000	100	100	0	0.980428
1715000	-0.4000000000	0.0001000000	0.1000000000	100	100	0	0.977414
1716000	-0.4000000000	0.0001000000	0.1000000000	100	100	0	0.976820
1717000	-0.4000000000	0.0001000000	0.1000000000	100	100	0	0.979847
1718000	-0.4000000000	0.0001000000	0.1000000000	100	100	0	0.980079
1719000	-0.4000000000	0.0001000000	0.1000000000	100	100	0	0.979202
1720000	-0.4000000000	0.0001000000	0.1000000000	100	100	0	0.974809
1721000	-0.4000000000	0.0001000000	0.1000000000	100	100	0	0.976763
1722000	-0.4000000000	0.0001000000	0.1000000000	100	100	0	0.981598
1723000	-0.4000000000	0.0001000000	0.1000000000	100	100	0	0.978378
1724000	-0.4000000000	0.0001000000	0.1000000000	100	100	0	0.978316
1725000	-0.4000000000	0.0001000000	0.1000000000	100	100	0	0.973699
1726000	-0.4000000000	0.0001000000	0.1000000000	100	100	0	0.979464
1727000	-0.4000000000	0.0001000000	0.1000000000	100	100	0	0.979029
1728000	-0.4000000000	0.0001000000	0.1000000000	100	100	0	0.976107
1729000	-0.4000000000	0.0001000000	0.1000000000	100	100	0	0.975046
1730000	-0.4000000000	0.0001000000	0.1000000000	100	100	0	0.982846
1731000	-0.4000000000	0.0001000000	0.1000000000	100	100	0	0.975724
1732000	-0.4000000000	0.0001000000	0.1000000000	100	100	0	0.974994
1733000	-0.4000000000	0.0001000000	0.1000000000	100	100	0	0.974820
1734000	-0.4000000000	0.0001000000	0.1000000000	100	100	0	0.976937
1735000	-0.4000000000	0.0001000000	0.1000000000	100	100	0	0.975766
1736000	-0.4000000000	0.0001000000	0.1000000000	100	100	0	0.973400
1737000	-0.4000000000	0.0001000000	0.1000000000	100	100	0	0.977858
1738000	-0.4000000000	0.0001000000	0.1000000000	100	100	0	0.979618
1739000	-0.4000000000	0.0001000000	0.1000000000	100	100	0	0.979493
1740000	-0.4000000000	0.0001000000	0.1000000000	100	100	0	0.978287
1741000	-0.4000000000	0.0001000000	0.1000000000	100	100	0	0.973320
1742000	-0.4000000000	0.0001000000	0.1000000000	100	100	0	0.978534
1743000	-0.4000000000	0.0001000000	0.1000000000	100	100	0	0.978978
1744000	-0.4000000000	0.0001000000	0.1000000000	100	100	0	0.978809
1745000	-0.4000000000	0.0001000000	0.1000000000	100	100	0	0.976268
1746000	-0.4000000000	0.0001000000	0.1000000000	100	100	0	0.978130
1747000	-0.4000000000	0.0001000000	0.1000000000	100	100	0	0.975329
1748000	-0.4000000000	0.0001000000	0.1000000000	100	100	0	0.976864
1749000	-0.4000000000	0.0001000000	0.1000000000	100	100	0	0.978326
1750000	-0.4000000000	0.0001000000	0.1000000000	100	100	0	0.975641
1751000	-0.4000000000	0.0001000000	0.1000000000	100	100	0	0.980559
1752000	-0.4000000000	0.0001000000	0.1000000000	100	100	0	0.979569
1753000	-0.4000000000	0.0001000000	0.1000000000	100	100	0	0.978352
1754000	-0.4000000000	0.0001000000	0.1000000000	100	100	0	0.977202
1755000	-0.4000000000	0.0001000000	0.1000000000	100	100	0	0.981703
1756000	-0.4000000000	0.0001000000	0.1000000000	100	100	0	0.976105
1757000	-0.4000000000	0.0001000000	0.1000000000	100	100	0	0.977253
1758000	-0.4000000000	0.0001000000	0.1000000000	100	100	0	0.978035
1759000	-0.4000000000	0.0001000000	0.1000000000	100	100	0	0.977091
1760000	-0.4000000000	0.0001000000	0.1000000000	100	100	0	0.979710
1761000	-0.4000000000	0.0001000000	0.1000000000	100	100	0	0.976957
1762000	-0.4000000000	0.0001000000	0.1000000000	100	100	0	0.979577
1763000	-0.4000000000	0.0001000000	0.1000000000	100	100	0	0.976855
1764000	-0.4000000000	0.0001000000	0.1000000000	100	100	0	0.977749
1765000	-0.4000000000	0.0001000000	0.1000000000	100	100	0	0.978009
1766000	-0.4000000000	0.0001000000	0.1000000000	100	100	0	0.980254
1767000	-0.4000000000	0.0001000000	0.1000000000	100	100	0	0.978609
1768000	-0.4000000000	0.0001000000	0.1000000000	100	100	0	0.975999
1769000	-0.4000000000	0.0001000000	0.1000000000	100	100	0	0.976781
1770000	-0.4000000000	0.0001000000	0.1000000000	100	100	0	0.972643
1771000	-0.4000000000	0.0001000000	0.1000000000	100	100	0	0.985810
1772000	-0.4000000000	0.0001000000	0.1000000000	100	100	0	0.979953
1773000	-0.4000000000	0.0001000000	0.1000000000	100	100	0	0.977785
1774000	-0.4000000000	0.0001000000	0.1000000000	100	100	0	0.980169
1775000	-0.4000000000	0.0001000000	0.1000000000	100	100	0	0.975981
1776000	-0.4000000000	0.0001000000	0.1000000000	100	100	0	0.976846
1777000	-0.4000000000	0.0001000000	0.1000000000	100	100	0	0.976247
1778000	-0.4000000000	0.0001000000	0.1000000000	100	100	0	0.978243
1779000	-0.4000000000	0.0001000000	0.1000000000	100	100	0	0.978807
1780000	-0.4000000000	0.0001000000	0.1000000000	100	100	0	0.980422
1781000	-0.4000000000	0.0001000000	0.1000000000	100	100	0	0.974797
1782000	-0.4000000000	0.0001000000	0.1000000000	100	100	0	0.977834
1783000	-0.4000000000	0.0001000000	0.1000000000	100	100	0	0.974255
1784000	-0.4000000000	0.0001000000	0.1000000000	100	100	0	0.973641
1785000	-0.4000000000	0.0001000000	0.1000000000	100	100	0	0.971722
1786000	-0.4000000000	0.0001000000	0.1000000000	100	100	0	0.976259
1787000	-0.4000000000	0.0001000000	0.1000000000	100	100	0	0.977206
1788000	-0.4000000000	0.0001000000	0.1000000000	100	100	0	0.976616
1789000	-0.4000000000	0.0001000000	0.1000000000	100	100	0	0.973171
1790000	-0.4000000000	0.0001000000	0.1000000000	100	100	0	0.974303
1791000	-0.4000000000	0.0001000000	0.1000000000	100	100	0	0.975703
1792000	-0.4000000000	0.0001000000	0.1000000000	100	100	0	0.975537
1793000	-0.4000000000	0.0001000000	0.1000000000	100	100	0	0.980188
1794000	-0.4000000000	0.0001000000	0.1000000000	100	100	0	0.980140
1795000	-0.4000000000	0.0001000000	0.1000000000	100	100	0	0.980630
1796000	-0.4000000000	0.0001000000	0.1000000000	100	100	0	0.975384
1797000	-0.4000000000	0.0001000000	0.1000000000	100	100	0	0.980056
1798000	-0.4000000000	0.0001000000	0.1000000000	100	100	0	0.976495
1799000	-0.4000000000	0.0001000000	0.1000000000	100	100	0	0.979847
1800000	-0.4000000000	0.0001000000	0.1000000000	100	100	0	0.978658
1801000	-0.4000000000	0.0001000000	0.1000000000	100	100	0	0.978121
1802000	-0.4000000000	0.0001000000	0.1000000000	100	100	0	0.978845
1803000	-0.4000000000	0.0001000000	0.1000000000	100	100	0	0.977524
1804000	-0.4000000000	0.0001000000	0.1000000000	100	100	0	0.976841
1805000	-0.4000000000	0.0001000000	0.1000000000	100	100	0	0.976927
1806000	-0.4000000000	0.0001000000	0.1000000000	100	100	0	0.974021
1807000	-0.4000000000	0.0001000000	0.1000000000	100	100	0	0.973994
1808000	-0.4000000000	0.0001000000	0.1000000000	100	100	0	0.977076
1809000	-0.4000000000	0.0001000000	0.1000000000	100	100	0	0.979191
1810000	-0.4000000000	0.0001000000	0.1000000000	100	100	0	0.981449
1811000	-0.4000000000	0.0001000000	0.1000000000	100	100	0	0.973868
1812000	-0.4000000000	0.0001000000	0.1000000000	100	100	0	0.978334
1813000	-0.4000000000	0.0001000000	0.1000000000	100	100	0	0.978426
1814000	-0.4000000000	0.0001000000	0.1000000000	100	100	0	0.977086
1815000	-0.4000000000	0.0001000000	0.1000000000	100	100	0	0.976016
1816000	-0.4000000000	0.0001000000	0.1000000000	100	100	0	0.975334
1817000	-0.4000000000	0.0001000000	0.1000000000	100	100	0	0.979976
1818000	-0.4000000000	0.0001000000	0.1000000000	100	100	0	0.978143
1819000	-0.4000000000	0.0001000000	0.1000000000	100	100	0	0.975083
1820000	-0.4000000000	0.0001000000	0.1000000000	100	100	0	0.977168
1821000	-0.4000000000	0.0001000000	0.1000000000	100	100	0	0.980190
1822000	-0.4000000000	0.0001000000	0.1000000000	100	100	0	0.978164
1823000	-0.4000000000	0.0001000000	0.1000000000	100	100	0	0.975239
1824000	-0.4000000000	0.0001000000	0.1000000000	100	100	0	0.980155
1825000	-0.4000000000	0.0001000000	0.1000000000	100	100	0	0.981597
1826000	-0.4000000000	0.0001000000	0.1000000000	100	100	0	0.982296
1827000	-0.4000000000	0.0001000000	0.1000000000	100	100	0	0.979110
1828000	-0.4000000000	0.0001000000	0.1000000000	100	100	0	0.980097
1829000	-0.4000000000	0.0001000000	0.1000000000	100	100	0	0.976264
1830000	-0.4000000000	0.0001000000	0.1000000000	100	100	0	0.974695
1831000	-0.4000000000	0.0001000000	0.1000000000	100	100	0	0.978627
1832000	-0.4000000000	0.0001000000	0.1000000000	100	100	0	0.981904
1833000	-0.4000000000	0.0001000000	0.1000000000	100	100	0	0.981629
1834000	-0.4000000000	0.0001000000	0.1000000000	100	100	0	0.977556
1835000	-0.4000000000	0.0001000000	0.1000000000	100	100	0	0.977903
1836000	-0.4000000000	0.0001000000	0.1000000000	100	100	0	0.982048
1837000	-0.4000000000	0.0001000000	0.1000000000	100	100	0	0.976848
1838000	-0.4000000000	0.0001000000	0.1000000000	100	100	0	0.979572
1839000	-0.4000000000	0.0001000000	0.1000000000	100	100	0	0.977697
1840000	-0.4000000000	0.0001000000	0.1000000000	100	100	0	0.979182
1841000	-0.4000000000	0.0001000000	0.1000000000	100	100	0	0.975715
1842000	-0.4000000000	0.0001000000	0.1000000000	100	100	0	0.977572
1843000	-0.4000000000	0.0001000000	0.1000000000	100	100	0	0.979820
1844000	-0.4000000000	0.0001000000	0.1000000000	100	100	0	0.973573
1845000	-0.4000000000	0.0001000000	0.1000000000	100	100	0	0.974952
1846000	-0.4000000000	0.0001000000	0.1000000000	100	100	0	0.970940
1847000	-0.4000000000	0.0001000000	0.1000000000	100	100	0	0.973924
1848000	-0.4000000000	0.0001000000	0.1000000000	100	100	0	0.976041
1849000	-0.4000000000	0.0001000000	0.1000000000	100	100	0	0.980583
1850000	-0.4000000000	0.0001000000	0.1000000000	100	100	0	0.975328
1851000	-0.4000000000	0.0001000000	0.1000000000	100	100	0	0.977770
1852000	-0.4000000000	0.0001000000	0.1000000000	100	100	0	0.976870
1853000	-0.4000000000	0.0001000000	0.1000000000	100	100	0	0.976548
1854000	-0.4000000000	0.0001000000	0.1000000000	100	100	0	0.980494
1855000	-0.4000000000	0.0001000000	0.1000000000	100	100	0	0.978813
1856000	-0.4000000000	0.0001000000	0.1000000000	100	100	0	0.975116
1857000	-0.4000000000	0.0001000000	0.1000000000	100	100	0	0.979816
1858000	-0.4000000000	0.0001000000	0.1000000000	100	100	0	0.977834
1859000	-0.4000000000	0.0001000000	0.1000000000	100	100	0	0.975423
1860000	-0.4000000000	0.0001000000	0.1000000000	100	100	0	0.975640
1861000	-0.4000000000	0.0001000000	0.1000000000	100	100	0	0.980875
1862000	-0.4000000000	0.0001000000	0.1000000000	100	100	0	0.976390
1863000	-0.4000000000	0.0001000000	0.1000000000	100	100	0	0.975380
1864000	-0.4000000000	0.0001000000	0.1000000000	100	100	0	0.980714
1865000	-0.4000000000	0.0001000000	0.1000000000	100	100	0	0.977853
1866000	-0.4000000000	0.0001000000	0.1000000000	100	100	0	0.974508
1867000	-0.4000000000	0.0001000000	0.1000000000	100	100	0	0.979133
1868000	-0.4000000000	0.0001000000	0.1000000000	100	100	0	0.979803
1869000	-0.4000000000	0.0001000000	0.1000000000	100	100	0	0.980829
1870000	-0.4000000000	0.0001000000	0.1000000000	100	100	0	0.976546
1871000	-0.4000000000	0.0001000000	0.1000000000	100	100	0	0.979159
1872000	-0.4000000000	0.0001000000	0.1000000000	100	100	0	0.977757
1873000	-0.4000000000	0.0001000000	0.1000000000	100	100	0	0.978099
1874000	-0.4000000000	0.0001000000	0.1000000000	100	100	0	0.975802
1875000	-0.4000000000	0.0001000000	0.1000000000	100	100	0	0.974978
1876000	-0.4000000000	0.0001000000	0.1000000000	100	100	0	0.976098
1877000	-0.4000000000	0.0001000000	0.1000000000	100	100	0	0.976805
1878000	-0.4000000000	0.0001000000	0.1000000000	100	100	0	0.978032
1879000	-0.4000000000	0.0001000000	0.1000000000	100	100	0	0.976206
1880000	-0.4000000000	0.0001000000	0.1000000000	100	100	0	0.976114
1881000	-0.4000000000	0.0001000000	0.1000000000	100	100	0	0.974609
1882000	-0.4000000000	0.0001000000	0.1000000000	100	100	0	0.974586
1883000	-0.4000000000	0.0001000000	0.1000000000	100	100	0	0.971857
1884000	-0.4000000000	0.0001000000	0.1000000000	100	100	0	0.976204
1885000	-0.4000000000	0.0001000000	0.1000000000	100	100	0	0.981346
1886000	-0.4000000000	0.0001000000	0.1000000000	100	100	0	0.982391
1887000	-0.4000000000	0.0001000000	0.1000000000	100	100	0	0.977680
1888000	-0.4000000000	0.0001000000	0.1000000000	100	100	0	0.980869
1889000	-0.4000000000	0.0001000000	0.1000000000	100	100	0	0.983375
1890000	-0.4000000000	0.0001000000	0.1000000000	100	100	0	0.980181
1891000	-0.4000000000	0.0001000000	0.1000000000	100	100	0	0.978903
1892000	-0.4000000000	0.0001000000	0.1000000000	100	100	0	0.976110
1893000	-0.4000000000	0.0001000000	0.1000000000	100	100	0	0.976544
1894000	-0.4000000000	0.0001000000	0.1000000000	100	100	0	0.977660
1895000	-0.4000000000	0.0001000000	0.1000000000	100	100	0	0.981299
1896000	-0.4000000000	0.0001000000	0.1000000000	100	100	0	0.977655
1897000	-0.4000000000	0.0001000000	0.1000000000	100	100	0	0.973003
1898000	-0.4000000000	0.0001000000	0.1000000000	100	100	0	0.976959
1899000	-0.4000000000	0.0001000000	0.1000000000	100	100	0	0.972493
1900000	-0.4000000000	0.0001000000	0.1000000000	100	100	0	0.974834
1901000	-0.4000000000	0.0001000000	0.1000000000	100	100	0	0.985182
1902000	-0.4000000000	0.0001000000	0.1000000000	100	100	0	0.977854
1903000	-0.4000000000	0.0001000000	0.1000000000	100	100	0	0.977329
1904000	-0.4000000000	0.0001000000	0.1000000000	100	100	0	0.977115
1905000	-0.4000000000	0.0001000000	0.1000000000	100	100	0	0.978025
1906000	-0.4000000000	0.0001000000	0.1000000000	100	100	0	0.969615
1907000	-0.4000000000	0.0001000000	0.1000000000	100	100	0	0.976587
1908000	-0.4000000000	0.0001000000	0.1000000000	100	100	0	0.977077
1909000	-0.4000000000	0.0001000000	0.1000000000	100	100	0	0.972910
1910000	-0.4000000000	0.0001000000	0.1000000000	100	100	0	0.981024
1911000	-0.4000000000	0.0001000000	0.1000000000	100	100	0	0.979633
1912000	-0.4000000000	0.0001000000	0.1000000000	100	100	0	0.974804
1913000	-0.4000000000	0.0001000000	0.1000000000	100	100	0	0.975641
1914000	-0.4000000000	0.0001000000	0.1000000000	100	100	0	0.980966
1915000	-0.4000000000	0.0001000000	0.1000000000	100	100	0	0.973945
1916000	-0.4000000000	0.0001000000	0.1000000000	100	100	0	0.978929
1917000	-0.4000000000	0.0001000000	0.1000000000	100	100	0	0.977975
1918000	-0.4000000000	0.0001000000	0.1000000000	100	100	0	0.974535
1919000	-0.4000000000	0.0001000000	0.1000000000	100	100	0	0.972811
1920000	-0.4000000000	0.0001000000	0.1000000000	100	100	0	0.976645
1921000	-0.4000000000	0.0001000000	0.1000000000	100	100	0	0.977916
1922000	-0.4000000000	0.0001000000	0.1000000000	100	100	0	0.973011
1923000	-0.4000000000	0.0001000000	0.1000000000	100	100	0	0.978903
1924000	-0.4000000000	0.0001000000	0.1000000000	100	100	0	0.977852
1925000	-0.4000000000	0.0001000000	0.1000000000	100	100	0	0.977473
1926000	-0.4000000000	0.0001000000	0.1000000000	100	100	0	0.973035
1927000	-0.4000000000	0.0001000000	0.1000000000	100	100	0	0.976678
1928000	-0.4000000000	0.0001000000	0.1000000000	100	100	0	0.974329
1929000	-0.4000000000	0.0001000000	0.1000000000	100	100	0	0.978448
1930000	-0.4000000000	0.0001000000	0.1000000000	100	100	0	0.976975
1931000	-0.4000000000	0.0001000000	0.1000000000	100	100	0	0.976426
1932000	-0.4000000000	0.0001000000	0.1000000000	100	100	0	0.979030
1933000	-0.4000000000	0.0001000000	0.1000000000	100	100	0	0.976726
1934000	-0.4000000000	0.0001000000	0.1000000000	100	100	0	0.977083
1935000	-0.4000000000	0.0001000000	0.1000000000	100	100	0	0.974079
1936000	-0.4000000000	0.0001000000	0.1000000000	100	100	0	0.978909
1937000	-0.4000000000	0.0001000000	0.1000000000	100	100	0	0.975209
1938000	-0.4000000000	0.0001000000	0.1000000000	100	100	0	0.975576
1939000	-0.4000000000	0.0001000000	0.1000000000	100	100	0	0.978221
1940000	-0.4000000000	0.0001000000	0.1000000000	100	100	0	0.979449
1941000	-0.4000000000	0.0001000000	0.1000000000	100	100	0	0.978173
1942000	-0.4000000000	0.0001000000	0.1000000000	100	100	0	0.979422
1943000	-0.4000000000	0.0001000000	0.1000000000	100	100	0	0.973902
1944000	-0.4000000000	0.0001000000	0.1000000000	100	100	0	0.975885
1945000	-0.4000000000	0.0001000000	0.1000000000	100	100	0	0.977769
1946000	-0.4000000000	0.0001000000	0.1000000000	100	100	0	0.973508
1947000	-0.4000000000	0.0001000000	0.1000000000	100	100	0	0.978008
1948000	-0.4000000000	0.0001000000	0.1000000000	100	100	0	0.977842
1949000	-0.4000000000	0.0001000000	0.1000000000	100	100	0	0.977417
1950000	-0.4000000000	0.0001000000	0.1000000000	100	100	0	0.975601
1951000	-0.4000000000	0.0001000000	0.1000000000	100	100	0	0.976560
1952000	-0.4000000000	0.0001000000	0.1000000000	100	100	0	0.974104
1953000	-0.4000000000	0.0001000000	0.1000000000	100	100	0	0.978406
1954000	-0.4000000000	0.0001000000	0.1000000000	100	100	0	0.976318
1955000	-0.4000000000	0.0001000000	0.1000000000	100	100	0	0.979899
1956000	-0.4000000000	0.0001000000	0.1000000000	100	100	0	0.981534
1957000	-0.4000000000	0.0001000000	0.1000000000	100	100	0	0.980537
1958000	-0.4000000000	0.0001000000	0.1000000000	100	100	0	0.983573
1959000	-0.4000000000	0.0001000000	0.1000000000	100	100	0	0.978197
1960000	-0.4000000000	0.0001000000	0.1000000000	100	100	0	0.980169
1961000	-0.4000000000	0.0001000000	0.1000000000	100	100	0	0.972407
1962000	-0.4000000000	0.0001000000	0.1000000000	100	100	0	0.977703
1963000	-0.4000000000	0.0001000000	0.1000000000	100	100	0	0.973996
1964000	-0.4000000000	0.0001000000	0.1000000000	100	100	0	0.975006
1965000	-0.4000000000	0.0001000000	0.1000000000	100	100	0	0.978373
1966000	-0.4000000000	0.0001000000	0.1000000000	100	100	0	0.977089
1967000	-0.4000000000	0.0001000000	0.1000000000	100	100	0	0.977756
1968000	-0.4000000000	0.0001000000	0.1000000000	100	100	0	0.974446
1969000	-0.4000000000	0.0001000000	0.1000000000	100	100	0	0.978331
1970000	-0.4000000000	0.0001000000	0.1000000000	100	100	0	0.977942
1971000	-0.4000000000	0.0001000000	0.1000000000	100	100	0	0.975194
1972000	-0.4000000000	0.0001000000	0.1000000000	100	100	0	0.977416
1973000	-0.4000000000	0.0001000000	0.1000000000	100	100	0	0.977572
1974000	-0.4000000000	0.0001000000	0.1000000000	100	100	0	0.978661
1975000	-0.4000000000	0.0001000000	0.1000000000	100	100	0	0.978460
1976000	-0.4000000000	0.0001000000	0.1000000000	100	100	0	0.979069
1977000	-0.4000000000	0.0001000000	0.1000000000	100	100	0	0.977520
1978000	-0.4000000000	0.0001000000	0.1000000000	100	100	0	0.980314
1979000	-0.4000000000	0.0001000000	0.1000000000	100	100	0	0.978078
1980000	-0.4000000000	0.0001000000	0.1000000000	100	100	0	0.976272
1981000	-0.4000000000	0.0001000000	0.1000000000	100	100	0	0.974070
1982000	-0.4000000000	0.0001000000	0.1000000000	100	100	0	0.974641
1983000	-0.4000000000	0.0001000000	0.1000000000	100	100	0	0.973466
1984000	-0.4000000000	0.0001000000	0.1000000000	100	100	0	0.978920
1985000	-0.4000000000	0.0001000000	0.1000000000	100	100	0	0.978196
1986000	-0.4000000000	0.0001000000	0.1000000000	100	100	0	0.980306
1987000	-0.4000000000	0.0001000000	0.1000000000	100	100	0	0.985579
1988000	-0.4000000000	0.0001000000	0.1000000000	100	100	0	0.974688
1989000	-0.4000000000	0.0001000000	0.1000000000	100	100	0	0.976723
1990000	-0.4000000000	0.0001000000	0.1000000000	100	100	0	0.977331
1991000	-0.4000000000	0.0001000000	0.1000000000	100	100	0	0.975758
1992000	-0.4000000000	0.0001000000	0.1000000000	100	100	0	0.979197
1993000	-0.4000000000	0.0001000000	0.1000000000	100	100	0	0.975422
1994000	-0.4000000000	0.0001000000	0.1000000000	100	100	0	0.979489
1995000	-0.4000000000	0.0001000000	0.1000000000	100	100	0	0.981304
1996000	-0.4000000000	0.0001000000	0.1000000000	100	100	0	0.983234
1997000	-0.4000000000	0.0001000000	0.1000000000	100	100	0	0.974407
1998000	-0.4000000000	0.0001000000	0.1000000000	100	100	0	0.976859
1999000	-0.4000000000	0.0001000000	0.1000000000	100	100	0	0.978620
2000000	-0.4000000000	0.0001000000	0.1000000000	100	100	0	0.977047
2001000	-0.4000000000	0.0001000000	0.1000000000	100	100	0	0.980411
2002000	-0.4000000000	0.0001000000	0.1000000000	100	100	0	0.978666
2003000	-0.4000000000	0.0001000000	0.1000000000	100	100	0	0.982188
2004000	-0.4000000000	0.0001000000	0.1000000000	100	100	0	0.975482
2005000	-0.4000000000	0.0001000000	0.1000000000	100	100	0	0.978215
2006000	-0.4000000000	0.0001000000	0.1000000000	100	100	0	0.975041
2007000	-0.4000000000	0.0001000000	0.1000000000	100	100	0	0.969512
2008000	-0.4000000000	0.0001000000	0.1000000000	100	100	0	0.974236
2009000	-0.4000000000	0.0001000000	0.1000000000	100	100	0	0.979177
2010000	-0.4000000000	0.0001000000	0.1000000000	100	100	0	0.977417
2011000	-0.4000000000	0.0001000000	0.1000000000	100	100	0	0.980026
2012000	-0.4000000000	0.0001000000	0.1000000000	100	100	0	0.980333
2013000	-0.4000000000	0.0001000000	0.1000000000	100	100	0	0.980841
2014000	-0.4000000000	0.0001000000	0.1000000000	100	100	0	0.976169
2015000	-0.4000000000	0.0001000000	0.1000000000	100	100	0	0.977694
2016000	-0.4000000000	0.0001000000	0.1000000000	100	100	0	0.975086
2017000	-0.4000000000	0.0001000000	0.1000000000	100	100	0	0.977226
2018000	-0.4000000000	0.0001000000	0.1000000000	100	100	0	0.981252
2019000	-0.4000000000	0.0001000000	0.1000000000	100	100	0	0.984357
2020000	-0.4000000000	0.0001000000	0.1000000000	100	100	0	0.975517
2021000	-0.4000000000	0.0001000000	0.1000000000	100	100	0	0.974022
2022000	-0.4000000000	0.0001000000	0.1000000000	100	100	0	0.977455
2023000	-0.4000000000	0.0001000000	0.1000000000	100	100	0	0.982460
2024000	-0.4000000000	0.0001000000	0.1000000000	100	100	0	0.980023
2025000	-0.4000000000	0.0001000000	0.1000000000	100	100	0	0.977651
2026000	-0.4000000000	0.0001000000	0.1000000000	100	100	0	0.979732
2027000	-0.4000000000	0.0001000000	0.1000000000	100	100	0	0.975091
2028000	-0.4000000000	0.0001000000	0.1000000000	100	100	0	0.977383
2029000	-0.4000000000	0.0001000000	0.1000000000	100	100	0	0.978803
2030000	-0.4000000000	0.0001000000	0.1000000000	100	100	0	0.980167
2031000	-0.4000000000	0.0001000000	0.1000000000	100	100	0	0.980007
2032000	-0.4000000000	0.0001000000	0.1000000000	100	100	0	0.975761
2033000	-0.4000000000	0.0001000000	0.1000000000	100	100	0	0.977539
2034000	-0.4000000000	0.0001000000	0.1000000000	100	100	0	0.976006
2035000	-0.4000000000	0.0001000000	0.1000000000	100	100	0	0.975962
2036000	-0.4000000000	0.0001000000	0.1000000000	100	100	0	0.977299
2037000	-0.4000000000	0.0001000000	0.1000000000	100	100	0	0.975227
2038000	-0.4000000000	0.0001000000	0.1000000000	100	100	0	0.975768
2039000	-0.4000000000	0.0001000000	0.1000000000	100	100	0	0.977597
2040000	-0.4000000000	0.0001000000	0.1000000000	100	100	0	0.977328
2041000	-0.4000000000	0.0001000000	0.1000000000	100	100	0	0.979212
2042000	-0.4000000000	0.0001000000	0.1000000000	100	100	0	0.978392
2043000	-0.4000000000	0.0001000000	0.1000000000	100	100	0	0.984502
2044000	-0.4000000000	0.0001000000	0.1000000000	100	100	0	0.978073
2045000	-0.4000000000	0.0001000000	0.1000000000	100	100	0	0.977143
2046000	-0.4000000000	0.0001000000	0.1000000000	100	100	0	0.977498
2047000	-0.4000000000	0.0001000000	0.1000000000	100	100	0	0.977233
2048000	-0.4000000000	0.0001000000	0.1000000000	100	100	0	0.979390
2049000	-0.4000000000	0.0001000000	0.1000000000	100	100	0	0.975931
2050000	-0.4000000000	0.0001000000	0.1000000000	100	100	0	0.979224
2051000	-0.4000000000	0.0001000000	0.1000000000	100	100	0	0.984641
2052000	-0.4000000000	0.0001000000	0.1000000000	100	100	0	0.980494
2053000	-0.4000000000	0.0001000000	0.1000000000	100	100	0	0.978151
2054000	-0.4000000000	0.0001000000	0.1000000000	100	100	0	0.981594
2055000	-0.4000000000	0.0001000000	0.1000000000	100	100	0	0.977861
2056000	-0.4000000000	0.0001000000	0.1000000000	100	100	0	0.975304
2057000	-0.4000000000	0.0001000000	0.1000000000	100	100	0	0.980372
2058000	-0.4000000000	0.0001000000	0.1000000000	100	100	0	0.982180
2059000	-0.4000000000	0.0001000000	0.1000000000	100	100	0	0.980085
2060000	-0.4000000000	0.0001000000	0.1000000000	100	100	0	0.978791
2061000	-0.4000000000	0.0001000000	0.1000000000	100	100	0	0.976716
2062000	-0.4000000000	0.0001000000	0.1000000000	100	100	0	0.978971
2063000	-0.4000000000	0.0001000000	0.1000000000	100	100	0	0.975288
2064000	-0.4000000000	0.0001000000	0.1000000000	100	100	0	0.976682
2065000	-0.4000000000	0.0001000000	0.1000000000	100	100	0	0.976545
2066000	-0.4000000000	0.0001000000	0.1000000000	100	100	0	0.973155
2067000	-0.4000000000	0.0001000000	0.1000000000	100	100	0	0.971434
2068000	-0.4000000000	0.0001000000	0.1000000000	100	100	0	0.974824
2069000	-0.4000000000	0.0001000000	0.1000000000	100	100	0	0.979468
2070000	-0.4000000000	0.0001000000	0.1000000000	100	100	0	0.976978
2071000	-0.4000000000	0.0001000000	0.1000000000	100	100	0	0.973789
2072000	-0.4000000000	0.0001000000	0.1000000000	100	100	0	0.976630
2073000	-0.4000000000	0.0001000000	0.1000000000	100	100	0	0.977582
2074000	-0.4000000000	0.0001000000	0.1000000000	100	100	0	0.973234
2075000	-0.4000000000	0.0001000000	0.1000000000	100	100	0	0.975307
2076000	-0.4000000000	0.0001000000	0.1000000000	100	100	0	0.979548
2077000	-0.4000000000	0.0001000000	0.1000000000	100	100	0	0.977768
2078000	-0.4000000000	0.0001000000	0.1000000000	100	100	0	0.980051
2079000	-0.4000000000	0.0001000000	0.1000000000	100	100	0	0.980751
2080000	-0.4000000000	0.0001000000	0.1000000000	100	100	0	0.978445
2081000	-0.4000000000	0.0001000000	0.1000000000	100	100	0	0.979159
2082000	-0.4000000000	0.0001000000	0.1000000000	100	100	0	0.979662
2083000	-0.4000000000	0.0001000000	0.1000000000	100	100	0	0.980449
2084000	-0.4000000000	0.0001000000	0.1000000000	100	100	0	0.976701
2085000	-0.4000000000	0.0001000000	0.1000000000	100	100	0	0.977550
2086000	-0.4000000000	0.0001000000	0.1000000000	100	100	0	0.978571
2087000	-0.4000000000	0.0001000000	0.1000000000	100	100	0	0.969222
2088000	-0.4000000000	0.0001000000	0.1000000000	100	100	0	0.976786
2089000	-0.4000000000	0.0001000000	0.1000000000	100	100	0	0.979113
2090000	-0.4000000000	0.0001000000	0.1000000000	100	100	0	0.980561
2091000	-0.4000000000	0.0001000000	0.1000000000	100	100	0	0.976343
2092000	-0.4000000000	0.0001000000	0.1000000000	100	100	0	0.976751
2093000	-0.4000000000	0.0001000000	0.1000000000	100	100	0	0.978441
2094000	-0.4000000000	0.0001000000	0.1000000000	100	100	0	0.982647
2095000	-0.4000000000	0.0001000000	0.1000000000	100	100	0	0.981255
2096000	-0.4000000000	0.0001000000	0.1000000000	100	100	0	0.978738
2097000	-0.4000000000	0.0001000000	0.1000000000	100	100	0	0.979204
2098000	-0.4000000000	0.0001000000	0.1000000000	100	100	0	0.974252
2099000	-0.4000000000	0.0001000000	0.1000000000	100	100	0	0.981951
2100000	-0.4000000000	0.0001000000	0.1000000000	100	100	0	0.976959
2101000	-0.4000000000	0.0001000000	0.1000000000	100	100	0	0.979950
2102000	-0.4000000000	0.0001000000	0.1000000000	100	100	0	0.980764
2103000	-0.4000000000	0.0001000000	0.1000000000	100	100	0	0.978303
2104000	-0.4000000000	0.0001000000	0.1000000000	100	100	0	0.974685
2105000	-0.4000000000	0.0001000000	0.1000000000	100	100	0	0.969204
2106000	-0.4000000000	0.0001000000	0.1000000000	100	100	0	0.979824
2107000	-0.4000000000	0.0001000000	0.1000000000	100	100	0	0.976543
2108000	-0.4000000000	0.0001000000	0.1000000000	100	100	0	0.978031
2109000	-0.4000000000	0.0001000000	0.1000000000	100	100	0	0.974140
2110000	-0.4000000000	0.0001000000	0.1000000000	100	100	0	0.973519
2111000	-0.4000000000	0.0001000000	0.1000000000	100	100	0	0.977890
2112000	-0.4000000000	0.0001000000	0.1000000000	100	100	0	0.977904
2113000	-0.4000000000	0.0001000000	0.1000000000	100	100	0	0.982316
2114000	-0.4000000000	0.0001000000	0.1000000000	100	100	0	0.976857
2115000	-0.4000000000	0.0001000000	0.1000000000	100	100	0	0.976969
2116000	-0.4000000000	0.0001000000	0.1000000000	100	100	0	0.978558
2117000	-0.4000000000	0.0001000000	0.1000000000	100	100	0	0.972852
2118000	-0.4000000000	0.0001000000	0.1000000000	100	100	0	0.976214
2119000	-0.4000000000	0.0001000000	0.1000000000	100	100	0	0.975995
2120000	-0.4000000000	0.0001000000	0.1000000000	100	100	0	0.974037
2121000	-0.4000000000	0.0001000000	0.1000000000	100	100	0	0.978605
2122000	-0.4000000000	0.0001000000	0.1000000000	100	100	0	0.980982
2123000	-0.4000000000	0.0001000000	0.1000000000	100	100	0	0.980567
2124000	-0.4000000000	0.0001000000	0.1000000000	100	100	0	0.981403
2125000	-0.4000000000	0.0001000000	0.1000000000	100	100	0	0.980375
2126000	-0.4000000000	0.0001000000	0.1000000000	100	100	0	0.979325
2127000	-0.4000000000	0.0001000000	0.1000000000	100	100	0	0.975298
2128000	-0.4000000000	0.0001000000	0.1000000000	100	100	0	0.979976
2129000	-0.4000000000	0.0001000000	0.1000000000	100	100	0	0.975458
2130000	-0.4000000000	0.0001000000	0.1000000000	100	100	0	0.978057
2131000	-0.4000000000	0.0001000000	0.1000000000	100	100	0	0.978051
2132000	-0.4000000000	0.0001000000	0.1000000000	100	100	0	0.979780
2133000	-0.4000000000	0.0001000000	0.1000000000	100	100	0	0.977444
2134000	-0.4000000000	0.0001000000	0.1000000000	100	100	0	0.974089
2135000	-0.4000000000	0.0001000000	0.1000000000	100	100	0	0.974360
2136000	-0.4000000000	0.0001000000	0.1000000000	100	100	0	0.982821
2137000	-0.4000000000	0.0001000000	0.1000000000	100	100	0	0.978572
2138000	-0.4000000000	0.0001000000	0.1000000000	100	100	0	0.977474
2139000	-0.4000000000	0.0001000000	0.1000000000	100	100	0	0.979231
2140000	-0.4000000000	0.0001000000	0.1000000000	100	100	0	0.980298
2141000	-0.4000000000	0.0001000000	0.1000000000	100	100	0	0.981223
2142000	-0.4000000000	0.0001000000	0.1000000000	100	100	0	0.978924
2143000	-0.4000000000	0.0001000000	0.1000000000	100	100	0	0.980638
2144000	-0.4000000000	0.0001000000	0.1000000000	100	100	0	0.976911
2145000	-0.4000000000	0.0001000000	0.1000000000	100	100	0	0.976658
2146000	-0.4000000000	0.0001000000	0.1000000000	100	100	0	0.977940
2147000	-0.4000000000	0.0001000000	0.1000000000	100	100	0	0.977234
2148000	-0.4000000000	0.0001000000	0.1000000000	100	100	0	0.979911
2149000	-0.4000000000	0.0001000000	0.1000000000	100	100	0	0.978374
2150000	-0.4000000000	0.0001000000	0.1000000000	100	100	0	0.978344
2151000	-0.4000000000	0.0001000000	0.1000000000	100	100	0	0.978969
2152000	-0.4000000000	0.0001000000	0.1000000000	100	100	0	0.974690
2153000	-0.4000000000	0.0001000000	0.1000000000	100	100	0	0.977635
2154000	-0.4000000000	0.0001000000	0.1000000000	100	100	0	0.975858
2155000	-0.4000000000	0.0001000000	0.1000000000	100	100	0	0.981280
2156000	-0.4000000000	0.0001000000	0.1000000000	100	100	0	0.979547
2157000	-0.4000000000	0.0001000000	0.1000000000	100	100	0	0.975558
2158000	-0.4000000000	0.0001000000	0.1000000000	100	100	0	0.975071
2159000	-0.4000000000	0.0001000000	0.1000000000	100	100	0	0.975413
2160000	-0.4000000000	0.0001000000	0.1000000000	100	100	0	0.976395
2161000	-0.4000000000	0.0001000000	0.1000000000	100	100	0	0.977814
2162000	-0.4000000000	0.0001000000	0.1000000000	100	100	0	0.971535
2163000	-0.4000000000	0.0001000000	0.1000000000	100	100	0	0.977961
2164000	-0.4000000000	0.0001000000	0.1000000000	100	100	0	0.977093
2165000	-0.4000000000	0.0001000000	0.1000000000	100	100	0	0.972891
2166000	-0.4000000000	0.0001000000	0.1000000000	100	100	0	0.978327
2167000	-0.4000000000	0.0001000000	0.1000000000	100	100	0	0.981429
2168000	-0.4000000000	0.0001000000	0.1000000000	100	100	0	0.985228
2169000	-0.4000000000	0.0001000000	0.1000000000	100	100	0	0.980964
2170000	-0.4000000000	0.0001000000	0.1000000000	100	100	0	0.980086
2171000	-0.4000000000	0.0001000000	0.1000000000	100	100	0	0.978082
2172000	-0.4000000000	0.0001000000	0.1000000000	100	100	0	0.976999
2173000	-0.4000000000	0.0001000000	0.1000000000	100	100	0	0.981265
2174000	-0.4000000000	0.0001000000	0.1000000000	100	100	0	0.978035
2175000	-0.4000000000	0.0001000000	0.1000000000	100	100	0	0.978587
2176000	-0.4000000000	0.0001000000	0.1000000000	100	100	0	0.978588
2177000	-0.4000000000	0.0001000000	0.1000000000	100	100	0	0.977011
2178000	-0.4000000000	0.0001000000	0.1000000000	100	100	0	0.978604
2179000	-0.4000000000	0.0001000000	0.1000000000	100	100	0	0.981370
2180000	-0.4000000000	0.0001000000	0.1000000000	100	100	0	0.978736
2181000	-0.4000000000	0.0001000000	0.1000000000	100	100	0	0.976713
2182000	-0.4000000000	0.0001000000	0.1000000000	100	100	0	0.976901
2183000	-0.4000000000	0.0001000000	0.1000000000	100	100	0	0.978398
2184000	-0.4000000000	0.0001000000	0.1000000000	100	100	0	0.980830
2185000	-0.4000000000	0.0001000000	0.1000000000	100	100	0	0.980045
2186000	-0.4000000000	0.0001000000	0.1000000000	100	100	0	0.982650
2187000	-0.4000000000	0.0001000000	0.1000000000	100	100	0	0.981027
2188000	-0.4000000000	0.0001000000	0.1000000000	100	100	0	0.976997
2189000	-0.4000000000	0.0001000000	0.1000000000	100	100	0	0.977515
2190000	-0.4000000000	0.0001000000	0.1000000000	100	100	0	0.974562
2191000	-0.4000000000	0.0001000000	0.1000000000	100	100	0	0.978167
2192000	-0.4000000000	0.0001000000	0.1000000000	100	100	0	0.973932
2193000	-0.4000000000	0.0001000000	0.1000000000	100	100	0	0.981275
2194000	-0.4000000000	0.0001000000	0.1000000000	100	100	0	0.973021
2195000	-0.4000000000	0.0001000000	0.1000000000	100	100	0	0.974225
2196000	-0.4000000000	0.0001000000	0.1000000000	100	100	0	0.978581
2197000	-0.4000000000	0.0001000000	0.1000000000	100	100	0	0.978025
2198000	-0.4000000000	0.0001000000	0.1000000000	100	100	0	0.974544
2199000	-0.4000000000	0.0001000000	0.1000000000	100	100	0	0.976433
2200000	-0.4000000000	0.0001000000	0.1000000000	100	100	0	0.979152
2201000	-0.4000000000	0.0001000000	0.1000000000	100	100	0	0.976752
2202000	-0.4000000000	0.0001000000	0.1000000000	100	100	0	0.977868
2203000	-0.4000000000	0.0001000000	0.1000000000	100	100	0	0.979943
2204000	-0.4000000000	0.0001000000	0.1000000000	100	100	0	0.982434
2205000	-0.4000000000	0.0001000000	0.1000000000	100	100	0	0.979380
2206000	-0.4000000000	0.0001000000	0.1000000000	100	100	0	0.972161
2207000	-0.4000000000	0.0001000000	0.1000000000	100	100	0	0.978159
2208000	-0.4000000000	0.0001000000	0.1000000000	100	100	0	0.976046
2209000	-0.4000000000	0.0001000000	0.1000000000	100	100	0	0.973980
2210000	-0.4000000000	0.0001000000	0.1000000000	100	100	0	0.975602
2211000	-0.4000000000	0.0001000000	0.1000000000	100	100	0	0.969629
2212000	-0.4000000000	0.0001000000	0.1000000000	100	100	0	0.974034
2213000	-0.4000000000	0.0001000000	0.1000000000	100	100	0	0.976448
2214000	-0.4000000000	0.0001000000	0.1000000000	100	100	0	0.978831
2215000	-0.4000000000	0.0001000000	0.1000000000	100	100	0	0.972333
2216000	-0.4000000000	0.0001000000	0.1000000000	100	100	0	0.982517
2217000	-0.4000000000	0.0001000000	0.1000000000	100	100	0	0.978631
2218000	-0.4000000000	0.0001000000	0.1000000000	100	100	0	0.976598
2219000	-0.4000000000	0.0001000000	0.1000000000	100	100	0	0.973891
2220000	-0.4000000000	0.0001000000	0.1000000000	100	100	0	0.975135
2221000	-0.4000000000	0.0001000000	0.1000000000	100	100	0	0.976693
2222000	-0.4000000000	0.0001000000	0.1000000000	100	100	0	0.978083
2223000	-0.4000000000	0.0001000000	0.1000000000	100	100	0	0.978318
2224000	-0.4000000000	0.0001000000	0.1000000000	100	100	0	0.976095
2225000	-0.4000000000	0.0001000000	0.1000000000	100	100	0	0.978155
2226000	-0.4000000000	0.0001000000	0.1000000000	100	100	0	0.979796
2227000	-0.4000000000	0.0001000000	0.1000000000	100	100	0	0.975896
2228000	-0.4000000000	0.0001000000	0.1000000000	100	100	0	0.977892
2229000	-0.4000000000	0.0001000000	0.1000000000	100	100	0	0.978448
2230000	-0.4000000000	0.0001000000	0.1000000000	100	100	0	0.981976
2231000	-0.4000000000	0.0001000000	0.1000000000	100	100	0	0.978963
2232000	-0.4000000000	0.0001000000	0.1000000000	100	100	0	0.974566
2233000	-0.4000000000	0.0001000000	0.1000000000	100	100	0	0.978912
2234000	-0.4000000000	0.0001000000	0.1000000000	100	100	0	0.977987
2235000	-0.4000000000	0.0001000000	0.1000000000	100	100	0	0.977589
2236000	-0.4000000000	0.0001000000	0.1000000000	100	100	0	0.976970
2237000	-0.4000000000	0.0001000000	0.1000000000	100	100	0	0.979698
2238000	-0.4000000000	0.0001000000	0.1000000000	100	100	0	0.977472
2239000	-0.4000000000	0.0001000000	0.1000000000	100	100	0	0.972283
2240000	-0.4000000000	0.0001000000	0.1000000000	100	100	0	0.975713
2241000	-0.4000000000	0.0001000000	0.1000000000	100	100	0	0.974809
2242000	-0.4000000000	0.0001000000	0.1000000000	100	100	0	0.979224
2243000	-0.4000000000	0.0001000000	0.1000000000	100	100	0	0.981078
2244000	-0.4000000000	0.0001000000	0.1000000000	100	100	0	0.983378
2245000	-0.4000000000	0.0001000000	0.1000000000	100	100	0	0.977875
2246000	-0.4000000000	0.0001000000	0.1000000000	100	100	0	0.975105
2247000	-0.4000000000	0.0001000000	0.1000000000	100	100	0	0.980534
2248000	-0.4000000000	0.0001000000	0.1000000000	100	100	0	0.975758
2249000	-0.4000000000	0.0001000000	0.1000000000	100	100	0	0.974608
2250000	-0.4000000000	0.0001000000	0.1000000000	100	100	0	0.977511
2251000	-0.4000000000	0.0001000000	0.1000000000	100	100	0	0.981484
2252000	-0.4000000000	0.0001000000	0.1000000000	100	100	0	0.981942
2253000	-0.4000000000	0.0001000000	0.1000000000	100	100	0	0.978591
2254000	-0.4000000000	0.0001000000	0.1000000000	100	100	0	0.976429
2255000	-0.4000000000	0.0001000000	0.1000000000	100	100	0	0.976585
2256000	-0.4000000000	0.0001000000	0.1000000000	100	100	0	0.978984
2257000	-0.4000000000	0.0001000000	0.1000000000	100	100	0	0.975537
2258000	-0.4000000000	0.0001000000	0.1000000000	100	100	0	0.974398
2259000	-0.4000000000	0.0001000000	0.1000000000	100	100	0	0.978486
2260000	-0.4000000000	0.0001000000	0.1000000000	100	100	0	0.980294
2261000	-0.4000000000	0.0001000000	0.1000000000	100	100	0	0.974219
2262000	-0.4000000000	0.0001000000	0.1000000000	100	100	0	0.977117
2263000	-0.4000000000	0.0001000000	0.1000000000	100	100	0	0.981292
2264000	-0.4000000000	0.0001000000	0.1000000000	100	100	0	0.982386
2265000	-0.4000000000	0.0001000000	0.1000000000	100	100	0	0.976958
2266000	-0.4000000000	0.0001000000	0.1000000000	100	100	0	0.980120
2267000	-0.4000000000	0.0001000000	0.1000000000	100	100	0	0.977940
2268000	-0.4000000000	0.0001000000	0.1000000000	100	100	0	0.975096
2269000	-0.4000000000	0.0001000000	0.1000000000	100	100	0	0.974561
2270000	-0.4000000000	0.0001000000	0.1000000000	100	100	0	0.979434
2271000	-0.4000000000	0.0001000000	0.1000000000	100	100	0	0.979716
2272000	-0.4000000000	0.0001000000	0.1000000000	100	100	0	0.975150
2273000	-0.4000000000	0.0001000000	0.1000000000	100	100	0	0.976738
2274000	-0.4000000000	0.0001000000	0.1000000000	100	100	0	0.979170
2275000	-0.4000000000	0.0001000000	0.1000000000	100	100	0	0.978901
2276000	-0.4000000000	0.0001000000	0.1000000000	100	100	0	0.981573
2277000	-0.4000000000	0.0001000000	0.1000000000	100	100	0	0.973478
2278000	-0.4000000000	0.0001000000	0.1000000000	100	100	0	0.976312
2279000	-0.4000000000	0.0001000000	0.1000000000	100	100	0	0.977210
2280000	-0.4000000000	0.0001000000	0.1000000000	100	100	0	0.980267
2281000	-0.4000000000	0.0001000000	0.1000000000	100	100	0	0.980596
2282000	-0.4000000000	0.0001000000	0.1000000000	100	100	0	0.977091
2283000	-0.4000000000	0.0001000000	0.1000000000	100	100	0	0.979783
2284000	-0.4000000000	0.0001000000	0.1000000000	100	100	0	0.979852
2285000	-0.4000000000	0.0001000000	0.1000000000	100	100	0	0.978151
2286000	-0.4000000000	0.0001000000	0.1000000000	100	100	0	0.978163
2287000	-0.4000000000	0.0001000000	0.1000000000	100	100	0	0.975179
2288000	-0.4000000000	0.0001000000	0.1000000000	100	100	0	0.975448
2289000	-0.4000000000	0.0001000000	0.1000000000	100	100	0	0.978750
2290000	-0.4000000000	0.0001000000	0.1000000000	100	100	0	0.975213
2291000	-0.4000000000	0.0001000000	0.1000000000	100	100	0	0.975038
2292000	-0.4000000000	0.0001000000	0.1000000000	100	100	0	0.971141
2293000	-0.4000000000	0.0001000000	0.1000000000	100	100	0	0.973961
2294000	-0.4000000000	0.0001000000	0.1000000000	100	100	0	0.978629
2295000	-0.4000000000	0.0001000000	0.1000000000	100	100	0	0.977225
2296000	-0.4000000000	0.0001000000	0.1000000000	100	100	0	0.974506
2297000	-0.4000000000	0.0001000000	0.1000000000	100	100	0	0.976735
2298000	-0.4000000000	0.0001000000	0.1000000000	100	100	0	0.975751
2299000	-0.4000000000	0.0001000000	0.1000000000	100	100	0	0.976663
2300000	-0.4000000000	0.0001000000	0.1000000000	100	100	0	0.979752
2301000	-0.4000000000	0.0001000000	0.1000000000	100	100	0	0.977863
2302000	-0.4000000000	0.0001000000	0.1000000000	100	100	0	0.977438
2303000	-0.4000000000	0.0001000000	0.1000000000	100	100	0	0.975502
2304000	-0.4000000000	0.0001000000	0.1000000000	100	100	0	0.975939
2305000	-0.4000000000	0.0001000000	0.1000000000	100	100	0	0.976752
2306000	-0.4000000000	0.0001000000	0.1000000000	100	100	0	0.980171
2307000	-0.4000000000	0.0001000000	0.1000000000	100	100	0	0.977183
2308000	-0.4000000000	0.0001000000	0.1000000000	100	100	0	0.977481
2309000	-0.4000000000	0.0001000000	0.1000000000	100	100	0	0.980761
2310000	-0.4000000000	0.0001000000	0.1000000000	100	100	0	0.980260
2311000	-0.4000000000	0.0001000000	0.1000000000	100	100	0	0.977113
2312000	-0.4000000000	0.0001000000	0.1000000000	100	100	0	0.978350
2313000	-0.4000000000	0.0001000000	0.1000000000	100	100	0	0.975532
2314000	-0.4000000000	0.0001000000	0.1000000000	100	100	0	0.979560
2315000	-0.4000000000	0.0001000000	0.1000000000	100	100	0	0.980822
2316000	-0.4000000000	0.0001000000	0.1000000000	100	100	0	0.981314
2317000	-0.4000000000	0.0001000000	0.1000000000	100	100	0	0.973527
2318000	-0.4000000000	0.0001000000	0.1000000000	100	100	0	0.979230
2319000	-0.4000000000	0.0001000000	0.1000000000	100	100	0	0.975684
2320000	-0.4000000000	0.0001000000	0.1000000000	100	100	0	0.974495
2321000	-0.4000000000	0.0001000000	0.1000000000	100	100	0	0.978738
2322000	-0.4000000000	0.0001000000	0.1000000000	100	100	0	0.972162
2323000	-0.4000000000	0.0001000000	0.1000000000	100	100	0	0.974155
2324000	-0.4000000000	0.0001000000	0.1000000000	100	100	0	0.979706
2325000	-0.4000000000	0.0001000000	0.1000000000	100	100	0	0.984816
2326000	-0.4000000000	0.0001000000	0.1000000000	100	100	0	0.981978
2327000	-0.4000000000	0.0001000000	0.1000000000	100	100	0	0.977719
2328000	-0.4000000000	0.0001000000	0.1000000000	100	100	0	0.977451
2329000	-0.4000000000	0.0001000000	0.1000000000	100	100	0	0.979699
2330000	-0.4000000000	0.0001000000	0.1000000000	100	100	0	0.977171
2331000	-0.4000000000	0.0001000000	0.1000000000	100	100	0	0.974284
2332000	-0.4000000000	0.0001000000	0.1000000000	100	100	0	0.978411
2333000	-0.4000000000	0.0001000000	0.1000000000	100	100	0	0.980411
2334000	-0.4000000000	0.0001000000	0.1000000000	100	100	0	0.984691
2335000	-0.4000000000	0.0001000000	0.1000000000	100	100	0	0.976098
2336000	-0.4000000000	0.0001000000	0.1000000000	100	100	0	0.978656
2337000	-0.4000000000	0.0001000000	0.1000000000	100	100	0	0.978443
2338000	-0.4000000000	0.0001000000	0.1000000000	100	100	0	0.974375
2339000	-0.4000000000	0.0001000000	0.1000000000	100	100	0	0.981507
2340000	-0.4000000000	0.0001000000	0.1000000000	100	100	0	0.977149
2341000	-0.4000000000	0.0001000000	0.1000000000	100	100	0	0.976602
2342000	-0.4000000000	0.0001000000	0.1000000000	100	100	0	0.980376
2343000	-0.4000000000	0.0001000000	0.1000000000	100	100	0	0.981536
2344000	-0.4000000000	0.0001000000	0.1000000000	100	100	0	0.978131
2345000	-0.4000000000	0.0001000000	0.1000000000	100	100	0	0.979942
2346000	-0.4000000000	0.0001000000	0.1000000000	100	100	0	0.978151
2347000	-0.4000000000	0.0001000000	0.1000000000	100	100	0	0.980392
2348000	-0.4000000000	0.0001000000	0.1000000000	100	100	0	0.977918
2349000	-0.4000000000	0.0001000000	0.1000000000	100	100	0	0.978174
2350000	-0.4000000000	0.0001000000	0.1000000000	100	100	0	0.974830
2351000	-0.4000000000	0.0001000000	0.1000000000	100	100	0	0.980497
2352000	-0.4000000000	0.0001000000	0.1000000000	100	100	0	0.980271
2353000	-0.4000000000	0.0001000000	0.1000000000	100	100	0	0.981342
2354000	-0.4000000000	0.0001000000	0.1000000000	100	100	0	0.978152
2355000	-0.4000000000	0.0001000000	0.1000000000	100	100	0	0.975172
2356000	-0.4000000000	0.0001000000	0.1000000000	100	100	0	0.981447
2357000	-0.4000000000	0.0001000000	0.1000000000	100	100	0	0.978291
2358000	-0.4000000000	0.0001000000	0.1000000000	100	100	0	0.979676
2359000	-0.4000000000	0.0001000000	0.1000000000	100	100	0	0.982527
2360000	-0.4000000000	0.0001000000	0.1000000000	100	100	0	0.980884
2361000	-0.4000000000	0.0001000000	0.1000000000	100	100	0	0.981267
2362000	-0.4000000000	0.0001000000	0.1000000000	100	100	0	0.976422
2363000	-0.4000000000	0.0001000000	0.1000000000	100	100	0	0.975965
2364000	-0.4000000000	0.0001000000	0.1000000000	100	100	0	0.978144
2365000	-0.4000000000	0.0001000000	0.1000000000	100	100	0	0.978003
2366000	-0.4000000000	0.0001000000	0.1000000000	100	100	0	0.978657
2367000	-0.4000000000	0.0001000000	0.1000000000	100	100	0	0.980275
2368000	-0.4000000000	0.0001000000	0.1000000000	100	100	0	0.977344
2369000	-0.4000000000	0.0001000000	0.1000000000	100	100	0	0.974747
2370000	-0.4000000000	0.0001000000	0.1000000000	100	100	0	0.978177
2371000	-0.4000000000	0.0001000000	0.1000000000	100	100	0	0.977596
2372000	-0.4000000000	0.0001000000	0.1000000000	100	100	0	0.979339
2373000	-0.4000000000	0.0001000000	0.1000000000	100	100	0	0.975595
2374000	-0.4000000000	0.0001000000	0.1000000000	100	100	0	0.975817
2375000	-0.4000000000	0.0001000000	0.1000000000	100	100	0	0.973568
2376000	-0.4000000000	0.0001000000	0.1000000000	100	100	0	0.977828
2377000	-0.4000000000	0.0001000000	0.1000000000	100	100	0	0.977540
2378000	-0.4000000000	0.0001000000	0.1000000000	100	100	0	0.980901
2379000	-0.4000000000	0.0001000000	0.1000000000	100	100	0	0.975158
2380000	-0.4000000000	0.0001000000	0.1000000000	100	100	0	0.978042
2381000	-0.4000000000	0.0001000000	0.1000000000	100	100	0	0.980670
2382000	-0.4000000000	0.0001000000	0.1000000000	100	100	0	0.977552
2383000	-0.4000000000	0.0001000000	0.1000000000	100	100	0	0.980112
2384000	-0.4000000000	0.0001000000	0.1000000000	100	100	0	0.979430
2385000	-0.4000000000	0.0001000000	0.1000000000	100	100	0	0.978911
2386000	-0.4000000000	0.0001000000	0.1000000000	100	100	0	0.977500
2387000	-0.4000000000	0.0001000000	0.1000000000	100	100	0	0.977117
2388000	-0.4000000000	0.0001000000	0.1000000000	100	100	0	0.978448
2389000	-0.4000000000	0.0001000000	0.1000000000	100	100	0	0.975212
2390000	-0.4000000000	0.0001000000	0.1000000000	100	100	0	0.974905
2391000	-0.4000000000	0.0001000000	0.1000000000	100	100	0	0.977080
2392000	-0.4000000000	0.0001000000	0.1000000000	100	100	0	0.980498
2393000	-0.4000000000	0.0001000000	0.1000000000	100	100	0	0.974020
2394000	-0.4000000000	0.0001000000	0.1000000000	100	100	0	0.977294
2395000	-0.4000000000	0.0001000000	0.1000000000	100	100	0	0.980980
2396000	-0.4000000000	0.0001000000	0.1000000000	100	100	0	0.975265
2397000	-0.4000000000	0.0001000000	0.1000000000	100	100	0	0.977957
2398000	-0.4000000000	0.0001000000	0.1000000000	100	100	0	0.971118
2399000	-0.4000000000	0.0001000000	0.1000000000	100	100	0	0.978330
2400000	-0.4000000000	0.0001000000	0.1000000000	100	100	0	0.976974
2401000	-0.4000000000	0.0001000000	0.1000000000	100	100	0	0.978414
2402000	-0.4000000000	0.0001000000	0.1000000000	100	100	0	0.978911
2403000	-0.4000000000	0.0001000000	0.1000000000	100	100	0	0.976132
2404000	-0.4000000000	0.0001000000	0.1000000000	100	100	0	0.968222
2405000	-0.4000000000	0.0001000000	0.1000000000	100	100	0	0.980036
2406000	-0.4000000000	0.0001000000	0.1000000000	100	100	0	0.976687
2407000	-0.4000000000	0.0001000000	0.1000000000	100	100	0	0.975664
2408000	-0.4000000000	0.0001000000	0.1000000000	100	100	0	0.974577
2409000	-0.4000000000	0.0001000000	0.1000000000	100	100	0	0.980412
2410000	-0.4000000000	0.0001000000	0.1000000000	100	100	0	0.978257
2411000	-0.4000000000	0.0001000000	0.1000000000	100	100	0	0.977417
2412000	-0.4000000000	0.0001000000	0.1000000000	100	100	0	0.983107
2413000	-0.4000000000	0.0001000000	0.1000000000	100	100	0	0.980109
2414000	-0.4000000000	0.0001000000	0.1000000000	100	100	0	0.979503
2415000	-0.4000000000	0.0001000000	0.1000000000	100	100	0	0.978566
2416000	-0.4000000000	0.0001000000	0.1000000000	100	100	0	0.980927
2417000	-0.4000000000	0.0001000000	0.1000000000	100	100	0	0.982194
2418000	-0.4000000000	0.0001000000	0.1000000000	100	100	0	0.978740
2419000	-0.4000000000	0.0001000000	0.1000000000	100	100	0	0.973508
2420000	-0.4000000000	0.0001000000	0.1000000000	100	100	0	0.976927
2421000	-0.4000000000	0.0001000000	0.1000000000	100	100	0	0.980018
2422000	-0.4000000000	0.0001000000	0.1000000000	100	100	0	0.976075
2423000	-0.4000000000	0.0001000000	0.1000000000	100	100	0	0.974932
2424000	-0.4000000000	0.0001000000	0.1000000000	100	100	0	0.977436
2425000	-0.4000000000	0.0001000000	0.1000000000	100	100	0	0.975959
2426000	-0.4000000000	0.0001000000	0.1000000000	100	100	0	0.975623
2427000	-0.4000000000	0.0001000000	0.1000000000	100	100	0	0.982841
2428000	-0.4000000000	0.0001000000	0.1000000000	100	100	0	0.979608
2429000	-0.4000000000	0.0001000000	0.1000000000	100	100	0	0.980052
2430000	-0.4000000000	0.0001000000	0.1000000000	100	100	0	0.976456
2431000	-0.4000000000	0.0001000000	0.1000000000	100	100	0	0.978542
2432000	-0.4000000000	0.0001000000	0.1000000000	100	100	0	0.979361
2433000	-0.4000000000	0.0001000000	0.1000000000	100	100	0	0.975452
2434000	-0.4000000000	0.0001000000	0.1000000000	100	100	0	0.980842
2435000	-0.4000000000	0.0001000000	0.1000000000	100	100	0	0.978484
2436000	-0.4000000000	0.0001000000	0.1000000000	100	100	0	0.979730
2437000	-0.4000000000	0.0001000000	0.1000000000	100	100	0	0.980389
2438000	-0.4000000000	0.0001000000	0.1000000000	100	100	0	0.980753
2439000	-0.4000000000	0.0001000000	0.1000000000	100	100	0	0.979343
2440000	-0.4000000000	0.0001000000	0.1000000000	100	100	0	0.978744
2441000	-0.4000000000	0.0001000000	0.1000000000	100	100	0	0.979282
2442000	-0.4000000000	0.0001000000	0.1000000000	100	100	0	0.977680
2443000	-0.4000000000	0.0001000000	0.1000000000	100	100	0	0.976216
2444000	-0.4000000000	0.0001000000	0.1000000000	100	100	0	0.978212
2445000	-0.4000000000	0.0001000000	0.1000000000	100	100	0	0.974870
2446000	-0.4000000000	0.0001000000	0.1000000000	100	100	0	0.973748
2447000	-0.4000000000	0.0001000000	0.1000000000	100	100	0	0.975220
2448000	-0.4000000000	0.0001000000	0.1000000000	100	100	0	0.973730
2449000	-0.4000000000	0.0001000000	0.1000000000	100	100	0	0.977272
2450000	-0.4000000000	0.0001000000	0.1000000000	100	100	0	0.979957
2451000	-0.4000000000	0.0001000000	0.1000000000	100	100	0	0.974587
2452000	-0.4000000000	0.0001000000	0.1000000000	100	100	0	0.980698
2453000	-0.4000000000	0.0001000000	0.1000000000	100	100	0	0.975893
2454000	-0.4000000000	0.0001000000	0.1000000000	100	100	0	0.978577
2455000	-0.4000000000	0.0001000000	0.1000000000	100	100	0	0.973743
2456000	-0.4000000000	0.0001000000	0.1000000000	100	100	0	0.979282
2457000	-0.4000000000	0.0001000000	0.1000000000	100	100	0	0.979557
2458000	-0.4000000000	0.0001000000	0.1000000000	100	100	0	0.979234
2459000	-0.4000000000	0.0001000000	0.1000000000	100	100	0	0.981165
2460000	-0.4000000000	0.0001000000	0.1000000000	100	100	0	0.982193
2461000	-0.4000000000	0.0001000000	0.1000000000	100	100	0	0.979305
2462000	-0.4000000000	0.0001000000	0.1000000000	100	100	0	0.978763
2463000	-0.4000000000	0.0001000000	0.1000000000	100	100	0	0.978709
2464000	-0.4000000000	0.0001000000	0.1000000000	100	100	0	0.981666
2465000	-0.4000000000	0.0001000000	0.1000000000	100	100	0	0.979643
2466000	-0.4000000000	0.0001000000	0.1000000000	100	100	0	0.981804
2467000	-0.4000000000	0.0001000000	0.1000000000	100	100	0	0.976910
2468000	-0.4000000000	0.0001000000	0.1000000000	100	100	0	0.978974
2469000	-0.4000000000	0.0001000000	0.1000000000	100	100	0	0.977560
2470000	-0.4000000000	0.0001000000	0.1000000000	100	100	0	0.980943
2471000	-0.4000000000	0.0001000000	0.1000000000	100	100	0	0.976602
2472000	-0.4000000000	0.0001000000	0.1000000000	100	100	0	0.972064
2473000	-0.4000000000	0.0001000000	0.1000000000	100	100	0	0.977016
2474000	-0.4000000000	0.0001000000	0.1000000000	100	100	0	0.977606
2475000	-0.4000000000	0.0001000000	0.1000000000	100	100	0	0.978276
2476000	-0.4000000000	0.0001000000	0.1000000000	100	100	0	0.977922
2477000	-0.4000000000	0.0001000000	0.1000000000	100	100	0	0.977252
2478000	-0.4000000000	0.0001000000	0.1000000000	100	100	0	0.979200
2479000	-0.4000000000	0.0001000000	0.1000000000	100	100	0	0.978276
2480000	-0.4000000000	0.0001000000	0.1000000000	100	100	0	0.979305
2481000	-0.4000000000	0.0001000000	0.1000000000	100	100	0	0.982437
2482000	-0.4000000000	0.0001000000	0.1000000000	100	100	0	0.974397
2483000	-0.4000000000	0.0001000000	0.1000000000	100	100	0	0.983575
2484000	-0.4000000000	0.0001000000	0.1000000000	100	100	0	0.981804
2485000	-0.4000000000	0.0001000000	0.1000000000	100	100	0	0.978041
2486000	-0.4000000000	0.0001000000	0.1000000000	100	100	0	0.978929
2487000	-0.4000000000	0.0001000000	0.1000000000	100	100	0	0.977426
2488000	-0.4000000000	0.0001000000	0.1000000000	100	100	0	0.982519
2489000	-0.4000000000	0.0001000000	0.1000000000	100	100	0	0.977555
2490000	-0.4000000000	0.0001000000	0.1000000000	100	100	0	0.979709
2491000	-0.4000000000	0.0001000000	0.1000000000	100	100	0	0.976271
2492000	-0.4000000000	0.0001000000	0.1000000000	100	100	0	0.975363
2493000	-0.4000000000	0.0001000000	0.1000000000	100	100	0	0.976435
2494000	-0.4000000000	0.0001000000	0.1000000000	100	100	0	0.977358
2495000	-0.4000000000	0.0001000000	0.1000000000	100	100	0	0.980416
2496000	-0.4000000000	0.0001000000	0.1000000000	100	100	0	0.978462
2497000	-0.4000000000	0.0001000000	0.1000000000	100	100	0	0.973927
2498000	-0.4000000000	0.0001000000	0.1000000000	100	100	0	0.978443
2499000	-0.4000000000	0.0001000000	0.1000000000	100	100	0	0.978192
2500000	-0.4000000000	0.0001000000	0.1000000000	100	100	0	0.976365
