time	epistasis_coef	sel_coef	mu_prob	Ne	L	k_start	mean_fitness
1500000	-0.8000000000	0.0010000000	0.0001000000	100	100	0	0.958655
1501000	-0.8000000000	0.0010000000	0.0001000000	100	100	0	0.958655
1502000	-0.8000000000	0.0010000000	0.0001000000	100	100	0	0.958655
1503000	-0.8000000000	0.0010000000	0.0001000000	100	100	0	0.958655
1504000	-0.8000000000	0.0010000000	0.0001000000	100	100	0	0.958655
1505000	-0.8000000000	0.0010000000	0.0001000000	100	100	0	0.958465
1506000	-0.8000000000	0.0010000000	0.0001000000	100	100	0	0.958655
1507000	-0.8000000000	0.0010000000	0.0001000000	100	100	0	0.958655
1508000	-0.8000000000	0.0010000000	0.0001000000	100	100	0	0.967342
1509000	-0.8000000000	0.0010000000	0.0001000000	100	100	0	0.958655
1510000	-0.8000000000	0.0010000000	0.0001000000	100	100	0	0.958655
1511000	-0.8000000000	0.0010000000	0.0001000000	100	100	0	0.958655
1512000	-0.8000000000	0.0010000000	0.0001000000	100	100	0	0.958655
1513000	-0.8000000000	0.0010000000	0.0001000000	100	100	0	0.958655
1514000	-0.8000000000	0.0010000000	0.0001000000	100	100	0	0.958655
1515000	-0.8000000000	0.0010000000	0.0001000000	100	100	0	0.958655
1516000	-0.8000000000	0.0010000000	0.0001000000	100	100	0	0.958655
1517000	-0.8000000000	0.0010000000	0.0001000000	100	100	0	0.958655
1518000	-0.8000000000	0.0010000000	0.0001000000	100	100	0	0.958655
1519000	-0.8000000000	0.0010000000	0.0001000000	100	100	0	0.958655
1520000	-0.8000000000	0.0010000000	0.0001000000	100	100	0	0.958655
1521000	-0.8000000000	0.0010000000	0.0001000000	100	100	0	0.958655
1522000	-0.8000000000	0.0010000000	0.0001000000	100	100	0	0.958655
1523000	-0.8000000000	0.0010000000	0.0001000000	100	100	0	0.958655
1524000	-0.8000000000	0.0010000000	0.0001000000	100	100	0	0.958655
1525000	-0.8000000000	0.0010000000	0.0001000000	100	100	0	0.947358
1526000	-0.8000000000	0.0010000000	0.0001000000	100	100	0	0.958274
1527000	-0.8000000000	0.0010000000	0.0001000000	100	100	0	0.958655
1528000	-0.8000000000	0.0010000000	0.0001000000	100	100	0	0.958655
1529000	-0.8000000000	0.0010000000	0.0001000000	100	100	0	0.958655
1530000	-0.8000000000	0.0010000000	0.0001000000	100	100	0	0.958655
1531000	-0.8000000000	0.0010000000	0.0001000000	100	100	0	0.958655
1532000	-0.8000000000	0.0010000000	0.0001000000	100	100	0	0.958655
1533000	-0.8000000000	0.0010000000	0.0001000000	100	100	0	0.958655
1534000	-0.8000000000	0.0010000000	0.0001000000	100	100	0	0.958655
1535000	-0.8000000000	0.0010000000	0.0001000000	100	100	0	0.958655
1536000	-0.8000000000	0.0010000000	0.0001000000	100	100	0	0.958655
1537000	-0.8000000000	0.0010000000	0.0001000000	100	100	0	0.958655
1538000	-0.8000000000	0.0010000000	0.0001000000	100	100	0	0.958655
1539000	-0.8000000000	0.0010000000	0.0001000000	100	100	0	0.958655
1540000	-0.8000000000	0.0010000000	0.0001000000	100	100	0	0.949143
1541000	-0.8000000000	0.0010000000	0.0001000000	100	100	0	0.949143
1542000	-0.8000000000	0.0010000000	0.0001000000	100	100	0	0.949143
1543000	-0.8000000000	0.0010000000	0.0001000000	100	100	0	0.949143
1544000	-0.8000000000	0.0010000000	0.0001000000	100	100	0	0.949143
1545000	-0.8000000000	0.0010000000	0.0001000000	100	100	0	0.949143
1546000	-0.8000000000	0.0010000000	0.0001000000	100	100	0	0.949143
1547000	-0.8000000000	0.0010000000	0.0001000000	100	100	0	0.949143
1548000	-0.8000000000	0.0010000000	0.0001000000	100	100	0	0.949143
1549000	-0.8000000000	0.0010000000	0.0001000000	100	100	0	0.949143
1550000	-0.8000000000	0.0010000000	0.0001000000	100	100	0	0.949143
1551000	-0.8000000000	0.0010000000	0.0001000000	100	100	0	0.949143
1552000	-0.8000000000	0.0010000000	0.0001000000	100	100	0	0.949143
1553000	-0.8000000000	0.0010000000	0.0001000000	100	100	0	0.949143
1554000	-0.8000000000	0.0010000000	0.0001000000	100	100	0	0.949143
1555000	-0.8000000000	0.0010000000	0.0001000000	100	100	0	0.949143
1556000	-0.8000000000	0.0010000000	0.0001000000	100	100	0	0.949143
1557000	-0.8000000000	0.0010000000	0.0001000000	100	100	0	0.949143
1558000	-0.8000000000	0.0010000000	0.0001000000	100	100	0	0.948526
1559000	-0.8000000000	0.0010000000	0.0001000000	100	100	0	0.949143
1560000	-0.8000000000	0.0010000000	0.0001000000	100	100	0	0.949143
1561000	-0.8000000000	0.0010000000	0.0001000000	100	100	0	0.949143
1562000	-0.8000000000	0.0010000000	0.0001000000	100	100	0	0.949143
1563000	-0.8000000000	0.0010000000	0.0001000000	100	100	0	0.938854
1564000	-0.8000000000	0.0010000000	0.0001000000	100	100	0	0.938854
1565000	-0.8000000000	0.0010000000	0.0001000000	100	100	0	0.938854
1566000	-0.8000000000	0.0010000000	0.0001000000	100	100	0	0.938743
1567000	-0.8000000000	0.0010000000	0.0001000000	100	100	0	0.938854
1568000	-0.8000000000	0.0010000000	0.0001000000	100	100	0	0.938854
1569000	-0.8000000000	0.0010000000	0.0001000000	100	100	0	0.938854
1570000	-0.8000000000	0.0010000000	0.0001000000	100	100	0	0.936429
1571000	-0.8000000000	0.0010000000	0.0001000000	100	100	0	0.938854
1572000	-0.8000000000	0.0010000000	0.0001000000	100	100	0	0.938854
1573000	-0.8000000000	0.0010000000	0.0001000000	100	100	0	0.938854
1574000	-0.8000000000	0.0010000000	0.0001000000	100	100	0	0.938854
1575000	-0.8000000000	0.0010000000	0.0001000000	100	100	0	0.938854
1576000	-0.8000000000	0.0010000000	0.0001000000	100	100	0	0.938854
1577000	-0.8000000000	0.0010000000	0.0001000000	100	100	0	0.938854
1578000	-0.8000000000	0.0010000000	0.0001000000	100	100	0	0.938854
1579000	-0.8000000000	0.0010000000	0.0001000000	100	100	0	0.938854
1580000	-0.8000000000	0.0010000000	0.0001000000	100	100	0	0.938854
1581000	-0.8000000000	0.0010000000	0.0001000000	100	100	0	0.938854
1582000	-0.8000000000	0.0010000000	0.0001000000	100	100	0	0.938854
1583000	-0.8000000000	0.0010000000	0.0001000000	100	100	0	0.938854
1584000	-0.8000000000	0.0010000000	0.0001000000	100	100	0	0.938854
1585000	-0.8000000000	0.0010000000	0.0001000000	100	100	0	0.938854
1586000	-0.8000000000	0.0010000000	0.0001000000	100	100	0	0.938854
1587000	-0.8000000000	0.0010000000	0.0001000000	100	100	0	0.938854
1588000	-0.8000000000	0.0010000000	0.0001000000	100	100	0	0.938854
1589000	-0.8000000000	0.0010000000	0.0001000000	100	100	0	0.938854
1590000	-0.8000000000	0.0010000000	0.0001000000	100	100	0	0.938854
1591000	-0.8000000000	0.0010000000	0.0001000000	100	100	0	0.938854
1592000	-0.8000000000	0.0010000000	0.0001000000	100	100	0	0.938854
1593000	-0.8000000000	0.0010000000	0.0001000000	100	100	0	0.938854
1594000	-0.8000000000	0.0010000000	0.0001000000	100	100	0	0.938854
1595000	-0.8000000000	0.0010000000	0.0001000000	100	100	0	0.938854
1596000	-0.8000000000	0.0010000000	0.0001000000	100	100	0	0.938854
1597000	-0.8000000000	0.0010000000	0.0001000000	100	100	0	0.938854
1598000	-0.8000000000	0.0010000000	0.0001000000	100	100	0	0.938854
1599000	-0.8000000000	0.0010000000	0.0001000000	100	100	0	0.938854
1600000	-0.8000000000	0.0010000000	0.0001000000	100	100	0	0.938854
1601000	-0.8000000000	0.0010000000	0.0001000000	100	100	0	0.938854
1602000	-0.8000000000	0.0010000000	0.0001000000	100	100	0	0.938854
1603000	-0.8000000000	0.0010000000	0.0001000000	100	100	0	0.938854
1604000	-0.8000000000	0.0010000000	0.0001000000	100	100	0	0.938854
1605000	-0.8000000000	0.0010000000	0.0001000000	100	100	0	0.938854
1606000	-0.8000000000	0.0010000000	0.0001000000	100	100	0	0.938854
1607000	-0.8000000000	0.0010000000	0.0001000000	100	100	0	0.938854
1608000	-0.8000000000	0.0010000000	0.0001000000	100	100	0	0.938854
1609000	-0.8000000000	0.0010000000	0.0001000000	100	100	0	0.938854
1610000	-0.8000000000	0.0010000000	0.0001000000	100	100	0	0.938854
1611000	-0.8000000000	0.0010000000	0.0001000000	100	100	0	0.938854
1612000	-0.8000000000	0.0010000000	0.0001000000	100	100	0	0.938854
1613000	-0.8000000000	0.0010000000	0.0001000000	100	100	0	0.938854
1614000	-0.8000000000	0.0010000000	0.0001000000	100	100	0	0.938854
1615000	-0.8000000000	0.0010000000	0.0001000000	100	100	0	0.938854
1616000	-0.8000000000	0.0010000000	0.0001000000	100	100	0	0.938854
1617000	-0.8000000000	0.0010000000	0.0001000000	100	100	0	0.938854
1618000	-0.8000000000	0.0010000000	0.0001000000	100	100	0	0.938854
1619000	-0.8000000000	0.0010000000	0.0001000000	100	100	0	0.938854
1620000	-0.8000000000	0.0010000000	0.0001000000	100	100	0	0.938854
1621000	-0.8000000000	0.0010000000	0.0001000000	100	100	0	0.938854
1622000	-0.8000000000	0.0010000000	0.0001000000	100	100	0	0.938854
1623000	-0.8000000000	0.0010000000	0.0001000000	100	100	0	0.938854
1624000	-0.8000000000	0.0010000000	0.0001000000	100	100	0	0.938854
1625000	-0.8000000000	0.0010000000	0.0001000000	100	100	0	0.938854
1626000	-0.8000000000	0.0010000000	0.0001000000	100	100	0	0.938854
1627000	-0.8000000000	0.0010000000	0.0001000000	100	100	0	0.938743
1628000	-0.8000000000	0.0010000000	0.0001000000	100	100	0	0.938633
1629000	-0.8000000000	0.0010000000	0.0001000000	100	100	0	0.938854
1630000	-0.8000000000	0.0010000000	0.0001000000	100	100	0	0.938854
1631000	-0.8000000000	0.0010000000	0.0001000000	100	100	0	0.938854
1632000	-0.8000000000	0.0010000000	0.0001000000	100	100	0	0.938854
1633000	-0.8000000000	0.0010000000	0.0001000000	100	100	0	0.938854
1634000	-0.8000000000	0.0010000000	0.0001000000	100	100	0	0.938854
1635000	-0.8000000000	0.0010000000	0.0001000000	100	100	0	0.938854
1636000	-0.8000000000	0.0010000000	0.0001000000	100	100	0	0.938854
1637000	-0.8000000000	0.0010000000	0.0001000000	100	100	0	0.938854
1638000	-0.8000000000	0.0010000000	0.0001000000	100	100	0	0.938854
1639000	-0.8000000000	0.0010000000	0.0001000000	100	100	0	0.938854
1640000	-0.8000000000	0.0010000000	0.0001000000	100	100	0	0.938854
1641000	-0.8000000000	0.0010000000	0.0001000000	100	100	0	0.938854
1642000	-0.8000000000	0.0010000000	0.0001000000	100	100	0	0.949143
1643000	-0.8000000000	0.0010000000	0.0001000000	100	100	0	0.949143
1644000	-0.8000000000	0.0010000000	0.0001000000	100	100	0	0.949143
1645000	-0.8000000000	0.0010000000	0.0001000000	100	100	0	0.949143
1646000	-0.8000000000	0.0010000000	0.0001000000	100	100	0	0.949143
1647000	-0.8000000000	0.0010000000	0.0001000000	100	100	0	0.949143
1648000	-0.8000000000	0.0010000000	0.0001000000	100	100	0	0.949143
1649000	-0.8000000000	0.0010000000	0.0001000000	100	100	0	0.949143
1650000	-0.8000000000	0.0010000000	0.0001000000	100	100	0	0.949143
1651000	-0.8000000000	0.0010000000	0.0001000000	100	100	0	0.949143
1652000	-0.8000000000	0.0010000000	0.0001000000	100	100	0	0.949143
1653000	-0.8000000000	0.0010000000	0.0001000000	100	100	0	0.949143
1654000	-0.8000000000	0.0010000000	0.0001000000	100	100	0	0.949040
1655000	-0.8000000000	0.0010000000	0.0001000000	100	100	0	0.949143
1656000	-0.8000000000	0.0010000000	0.0001000000	100	100	0	0.958655
1657000	-0.8000000000	0.0010000000	0.0001000000	100	100	0	0.958655
1658000	-0.8000000000	0.0010000000	0.0001000000	100	100	0	0.958655
1659000	-0.8000000000	0.0010000000	0.0001000000	100	100	0	0.958655
1660000	-0.8000000000	0.0010000000	0.0001000000	100	100	0	0.958655
1661000	-0.8000000000	0.0010000000	0.0001000000	100	100	0	0.958655
1662000	-0.8000000000	0.0010000000	0.0001000000	100	100	0	0.958655
1663000	-0.8000000000	0.0010000000	0.0001000000	100	100	0	0.956657
1664000	-0.8000000000	0.0010000000	0.0001000000	100	100	0	0.958655
1665000	-0.8000000000	0.0010000000	0.0001000000	100	100	0	0.958655
1666000	-0.8000000000	0.0010000000	0.0001000000	100	100	0	0.958655
1667000	-0.8000000000	0.0010000000	0.0001000000	100	100	0	0.958655
1668000	-0.8000000000	0.0010000000	0.0001000000	100	100	0	0.958655
1669000	-0.8000000000	0.0010000000	0.0001000000	100	100	0	0.958655
1670000	-0.8000000000	0.0010000000	0.0001000000	100	100	0	0.958655
1671000	-0.8000000000	0.0010000000	0.0001000000	100	100	0	0.958655
1672000	-0.8000000000	0.0010000000	0.0001000000	100	100	0	0.958655
1673000	-0.8000000000	0.0010000000	0.0001000000	100	100	0	0.958560
1674000	-0.8000000000	0.0010000000	0.0001000000	100	100	0	0.958655
1675000	-0.8000000000	0.0010000000	0.0001000000	100	100	0	0.956943
1676000	-0.8000000000	0.0010000000	0.0001000000	100	100	0	0.958655
1677000	-0.8000000000	0.0010000000	0.0001000000	100	100	0	0.958655
1678000	-0.8000000000	0.0010000000	0.0001000000	100	100	0	0.958655
1679000	-0.8000000000	0.0010000000	0.0001000000	100	100	0	0.958655
1680000	-0.8000000000	0.0010000000	0.0001000000	100	100	0	0.958655
1681000	-0.8000000000	0.0010000000	0.0001000000	100	100	0	0.958655
1682000	-0.8000000000	0.0010000000	0.0001000000	100	100	0	0.958655
1683000	-0.8000000000	0.0010000000	0.0001000000	100	100	0	0.958655
1684000	-0.8000000000	0.0010000000	0.0001000000	100	100	0	0.958655
1685000	-0.8000000000	0.0010000000	0.0001000000	100	100	0	0.958655
1686000	-0.8000000000	0.0010000000	0.0001000000	100	100	0	0.958655
1687000	-0.8000000000	0.0010000000	0.0001000000	100	100	0	0.958655
1688000	-0.8000000000	0.0010000000	0.0001000000	100	100	0	0.958655
1689000	-0.8000000000	0.0010000000	0.0001000000	100	100	0	0.958655
1690000	-0.8000000000	0.0010000000	0.0001000000	100	100	0	0.958655
1691000	-0.8000000000	0.0010000000	0.0001000000	100	100	0	0.958655
1692000	-0.8000000000	0.0010000000	0.0001000000	100	100	0	0.958655
1693000	-0.8000000000	0.0010000000	0.0001000000	100	100	0	0.958655
1694000	-0.8000000000	0.0010000000	0.0001000000	100	100	0	0.958655
1695000	-0.8000000000	0.0010000000	0.0001000000	100	100	0	0.958655
1696000	-0.8000000000	0.0010000000	0.0001000000	100	100	0	0.958655
1697000	-0.8000000000	0.0010000000	0.0001000000	100	100	0	0.967342
1698000	-0.8000000000	0.0010000000	0.0001000000	100	100	0	0.967342
1699000	-0.8000000000	0.0010000000	0.0001000000	100	100	0	0.967342
1700000	-0.8000000000	0.0010000000	0.0001000000	100	100	0	0.967342
1701000	-0.8000000000	0.0010000000	0.0001000000	100	100	0	0.967342
1702000	-0.8000000000	0.0010000000	0.0001000000	100	100	0	0.967342
1703000	-0.8000000000	0.0010000000	0.0001000000	100	100	0	0.967342
1704000	-0.8000000000	0.0010000000	0.0001000000	100	100	0	0.967342
1705000	-0.8000000000	0.0010000000	0.0001000000	100	100	0	0.967342
1706000	-0.8000000000	0.0010000000	0.0001000000	100	100	0	0.967342
1707000	-0.8000000000	0.0010000000	0.0001000000	100	100	0	0.966821
1708000	-0.8000000000	0.0010000000	0.0001000000	100	100	0	0.967342
1709000	-0.8000000000	0.0010000000	0.0001000000	100	100	0	0.967342
1710000	-0.8000000000	0.0010000000	0.0001000000	100	100	0	0.967082
1711000	-0.8000000000	0.0010000000	0.0001000000	100	100	0	0.967342
1712000	-0.8000000000	0.0010000000	0.0001000000	100	100	0	0.964910
1713000	-0.8000000000	0.0010000000	0.0001000000	100	100	0	0.967342
1714000	-0.8000000000	0.0010000000	0.0001000000	100	100	0	0.967342
1715000	-0.8000000000	0.0010000000	0.0001000000	100	100	0	0.967342
1716000	-0.8000000000	0.0010000000	0.0001000000	100	100	0	0.967342
1717000	-0.8000000000	0.0010000000	0.0001000000	100	100	0	0.967342
1718000	-0.8000000000	0.0010000000	0.0001000000	100	100	0	0.967342
1719000	-0.8000000000	0.0010000000	0.0001000000	100	100	0	0.967255
1720000	-0.8000000000	0.0010000000	0.0001000000	100	100	0	0.967342
1721000	-0.8000000000	0.0010000000	0.0001000000	100	100	0	0.967342
1722000	-0.8000000000	0.0010000000	0.0001000000	100	100	0	0.967342
1723000	-0.8000000000	0.0010000000	0.0001000000	100	100	0	0.967342
1724000	-0.8000000000	0.0010000000	0.0001000000	100	100	0	0.967342
1725000	-0.8000000000	0.0010000000	0.0001000000	100	100	0	0.967342
1726000	-0.8000000000	0.0010000000	0.0001000000	100	100	0	0.967342
1727000	-0.8000000000	0.0010000000	0.0001000000	100	100	0	0.967342
1728000	-0.8000000000	0.0010000000	0.0001000000	100	100	0	0.967342
1729000	-0.8000000000	0.0010000000	0.0001000000	100	100	0	0.967342
1730000	-0.8000000000	0.0010000000	0.0001000000	100	100	0	0.967342
1731000	-0.8000000000	0.0010000000	0.0001000000	100	100	0	0.967342
1732000	-0.8000000000	0.0010000000	0.0001000000	100	100	0	0.966908
1733000	-0.8000000000	0.0010000000	0.0001000000	100	100	0	0.967342
1734000	-0.8000000000	0.0010000000	0.0001000000	100	100	0	0.967342
1735000	-0.8000000000	0.0010000000	0.0001000000	100	100	0	0.967342
1736000	-0.8000000000	0.0010000000	0.0001000000	100	100	0	0.967342
1737000	-0.8000000000	0.0010000000	0.0001000000	100	100	0	0.967342
1738000	-0.8000000000	0.0010000000	0.0001000000	100	100	0	0.967342
1739000	-0.8000000000	0.0010000000	0.0001000000	100	100	0	0.967342
1740000	-0.8000000000	0.0010000000	0.0001000000	100	100	0	0.967342
1741000	-0.8000000000	0.0010000000	0.0001000000	100	100	0	0.967342
1742000	-0.8000000000	0.0010000000	0.0001000000	100	100	0	0.967342
1743000	-0.8000000000	0.0010000000	0.0001000000	100	100	0	0.967342
1744000	-0.8000000000	0.0010000000	0.0001000000	100	100	0	0.964562
1745000	-0.8000000000	0.0010000000	0.0001000000	100	100	0	0.967342
1746000	-0.8000000000	0.0010000000	0.0001000000	100	100	0	0.967342
1747000	-0.8000000000	0.0010000000	0.0001000000	100	100	0	0.967255
1748000	-0.8000000000	0.0010000000	0.0001000000	100	100	0	0.967342
1749000	-0.8000000000	0.0010000000	0.0001000000	100	100	0	0.967342
1750000	-0.8000000000	0.0010000000	0.0001000000	100	100	0	0.973281
1751000	-0.8000000000	0.0010000000	0.0001000000	100	100	0	0.967342
1752000	-0.8000000000	0.0010000000	0.0001000000	100	100	0	0.967342
1753000	-0.8000000000	0.0010000000	0.0001000000	100	100	0	0.967342
1754000	-0.8000000000	0.0010000000	0.0001000000	100	100	0	0.967342
1755000	-0.8000000000	0.0010000000	0.0001000000	100	100	0	0.967342
1756000	-0.8000000000	0.0010000000	0.0001000000	100	100	0	0.967342
1757000	-0.8000000000	0.0010000000	0.0001000000	100	100	0	0.965257
1758000	-0.8000000000	0.0010000000	0.0001000000	100	100	0	0.967342
1759000	-0.8000000000	0.0010000000	0.0001000000	100	100	0	0.967342
1760000	-0.8000000000	0.0010000000	0.0001000000	100	100	0	0.967342
1761000	-0.8000000000	0.0010000000	0.0001000000	100	100	0	0.967342
1762000	-0.8000000000	0.0010000000	0.0001000000	100	100	0	0.967342
1763000	-0.8000000000	0.0010000000	0.0001000000	100	100	0	0.967342
1764000	-0.8000000000	0.0010000000	0.0001000000	100	100	0	0.967342
1765000	-0.8000000000	0.0010000000	0.0001000000	100	100	0	0.975156
1766000	-0.8000000000	0.0010000000	0.0001000000	100	100	0	0.972812
1767000	-0.8000000000	0.0010000000	0.0001000000	100	100	0	0.975156
1768000	-0.8000000000	0.0010000000	0.0001000000	100	100	0	0.974453
1769000	-0.8000000000	0.0010000000	0.0001000000	100	100	0	0.975156
1770000	-0.8000000000	0.0010000000	0.0001000000	100	100	0	0.975156
1771000	-0.8000000000	0.0010000000	0.0001000000	100	100	0	0.975156
1772000	-0.8000000000	0.0010000000	0.0001000000	100	100	0	0.975156
1773000	-0.8000000000	0.0010000000	0.0001000000	100	100	0	0.975156
1774000	-0.8000000000	0.0010000000	0.0001000000	100	100	0	0.975156
1775000	-0.8000000000	0.0010000000	0.0001000000	100	100	0	0.975156
1776000	-0.8000000000	0.0010000000	0.0001000000	100	100	0	0.975156
1777000	-0.8000000000	0.0010000000	0.0001000000	100	100	0	0.975156
1778000	-0.8000000000	0.0010000000	0.0001000000	100	100	0	0.975156
1779000	-0.8000000000	0.0010000000	0.0001000000	100	100	0	0.975156
1780000	-0.8000000000	0.0010000000	0.0001000000	100	100	0	0.975156
1781000	-0.8000000000	0.0010000000	0.0001000000	100	100	0	0.975156
1782000	-0.8000000000	0.0010000000	0.0001000000	100	100	0	0.975156
1783000	-0.8000000000	0.0010000000	0.0001000000	100	100	0	0.975156
1784000	-0.8000000000	0.0010000000	0.0001000000	100	100	0	0.975156
1785000	-0.8000000000	0.0010000000	0.0001000000	100	100	0	0.975156
1786000	-0.8000000000	0.0010000000	0.0001000000	100	100	0	0.975156
1787000	-0.8000000000	0.0010000000	0.0001000000	100	100	0	0.974609
1788000	-0.8000000000	0.0010000000	0.0001000000	100	100	0	0.975156
1789000	-0.8000000000	0.0010000000	0.0001000000	100	100	0	0.975156
1790000	-0.8000000000	0.0010000000	0.0001000000	100	100	0	0.975156
1791000	-0.8000000000	0.0010000000	0.0001000000	100	100	0	0.975156
1792000	-0.8000000000	0.0010000000	0.0001000000	100	100	0	0.975156
1793000	-0.8000000000	0.0010000000	0.0001000000	100	100	0	0.975156
1794000	-0.8000000000	0.0010000000	0.0001000000	100	100	0	0.975156
1795000	-0.8000000000	0.0010000000	0.0001000000	100	100	0	0.975156
1796000	-0.8000000000	0.0010000000	0.0001000000	100	100	0	0.975156
1797000	-0.8000000000	0.0010000000	0.0001000000	100	100	0	0.975156
1798000	-0.8000000000	0.0010000000	0.0001000000	100	100	0	0.975156
1799000	-0.8000000000	0.0010000000	0.0001000000	100	100	0	0.975156
1800000	-0.8000000000	0.0010000000	0.0001000000	100	100	0	0.975156
1801000	-0.8000000000	0.0010000000	0.0001000000	100	100	0	0.975156
1802000	-0.8000000000	0.0010000000	0.0001000000	100	100	0	0.969608
1803000	-0.8000000000	0.0010000000	0.0001000000	100	100	0	0.967342
1804000	-0.8000000000	0.0010000000	0.0001000000	100	100	0	0.967255
1805000	-0.8000000000	0.0010000000	0.0001000000	100	100	0	0.967342
1806000	-0.8000000000	0.0010000000	0.0001000000	100	100	0	0.967342
1807000	-0.8000000000	0.0010000000	0.0001000000	100	100	0	0.967342
1808000	-0.8000000000	0.0010000000	0.0001000000	100	100	0	0.967342
1809000	-0.8000000000	0.0010000000	0.0001000000	100	100	0	0.967342
1810000	-0.8000000000	0.0010000000	0.0001000000	100	100	0	0.967342
1811000	-0.8000000000	0.0010000000	0.0001000000	100	100	0	0.975156
1812000	-0.8000000000	0.0010000000	0.0001000000	100	100	0	0.975156
1813000	-0.8000000000	0.0010000000	0.0001000000	100	100	0	0.975156
1814000	-0.8000000000	0.0010000000	0.0001000000	100	100	0	0.975156
1815000	-0.8000000000	0.0010000000	0.0001000000	100	100	0	0.975156
1816000	-0.8000000000	0.0010000000	0.0001000000	100	100	0	0.975156
1817000	-0.8000000000	0.0010000000	0.0001000000	100	100	0	0.975156
1818000	-0.8000000000	0.0010000000	0.0001000000	100	100	0	0.975156
1819000	-0.8000000000	0.0010000000	0.0001000000	100	100	0	0.975156
1820000	-0.8000000000	0.0010000000	0.0001000000	100	100	0	0.975156
1821000	-0.8000000000	0.0010000000	0.0001000000	100	100	0	0.975156
1822000	-0.8000000000	0.0010000000	0.0001000000	100	100	0	0.975156
1823000	-0.8000000000	0.0010000000	0.0001000000	100	100	0	0.975078
1824000	-0.8000000000	0.0010000000	0.0001000000	100	100	0	0.975156
1825000	-0.8000000000	0.0010000000	0.0001000000	100	100	0	0.975156
1826000	-0.8000000000	0.0010000000	0.0001000000	100	100	0	0.975156
1827000	-0.8000000000	0.0010000000	0.0001000000	100	100	0	0.975156
1828000	-0.8000000000	0.0010000000	0.0001000000	100	100	0	0.975156
1829000	-0.8000000000	0.0010000000	0.0001000000	100	100	0	0.975156
1830000	-0.8000000000	0.0010000000	0.0001000000	100	100	0	0.975156
1831000	-0.8000000000	0.0010000000	0.0001000000	100	100	0	0.975156
1832000	-0.8000000000	0.0010000000	0.0001000000	100	100	0	0.975156
1833000	-0.8000000000	0.0010000000	0.0001000000	100	100	0	0.975156
1834000	-0.8000000000	0.0010000000	0.0001000000	100	100	0	0.975156
1835000	-0.8000000000	0.0010000000	0.0001000000	100	100	0	0.975156
1836000	-0.8000000000	0.0010000000	0.0001000000	100	100	0	0.975156
1837000	-0.8000000000	0.0010000000	0.0001000000	100	100	0	0.975156
1838000	-0.8000000000	0.0010000000	0.0001000000	100	100	0	0.975156
1839000	-0.8000000000	0.0010000000	0.0001000000	100	100	0	0.975156
1840000	-0.8000000000	0.0010000000	0.0001000000	100	100	0	0.975156
1841000	-0.8000000000	0.0010000000	0.0001000000	100	100	0	0.975156
1842000	-0.8000000000	0.0010000000	0.0001000000	100	100	0	0.975156
1843000	-0.8000000000	0.0010000000	0.0001000000	100	100	0	0.975156
1844000	-0.8000000000	0.0010000000	0.0001000000	100	100	0	0.975156
1845000	-0.8000000000	0.0010000000	0.0001000000	100	100	0	0.975156
1846000	-0.8000000000	0.0010000000	0.0001000000	100	100	0	0.975156
1847000	-0.8000000000	0.0010000000	0.0001000000	100	100	0	0.975156
1848000	-0.8000000000	0.0010000000	0.0001000000	100	100	0	0.975156
1849000	-0.8000000000	0.0010000000	0.0001000000	100	100	0	0.967342
1850000	-0.8000000000	0.0010000000	0.0001000000	100	100	0	0.967342
1851000	-0.8000000000	0.0010000000	0.0001000000	100	100	0	0.967342
1852000	-0.8000000000	0.0010000000	0.0001000000	100	100	0	0.967342
1853000	-0.8000000000	0.0010000000	0.0001000000	100	100	0	0.967342
1854000	-0.8000000000	0.0010000000	0.0001000000	100	100	0	0.967342
1855000	-0.8000000000	0.0010000000	0.0001000000	100	100	0	0.967342
1856000	-0.8000000000	0.0010000000	0.0001000000	100	100	0	0.967168
1857000	-0.8000000000	0.0010000000	0.0001000000	100	100	0	0.967342
1858000	-0.8000000000	0.0010000000	0.0001000000	100	100	0	0.967342
1859000	-0.8000000000	0.0010000000	0.0001000000	100	100	0	0.967342
1860000	-0.8000000000	0.0010000000	0.0001000000	100	100	0	0.967342
1861000	-0.8000000000	0.0010000000	0.0001000000	100	100	0	0.967342
1862000	-0.8000000000	0.0010000000	0.0001000000	100	100	0	0.967342
1863000	-0.8000000000	0.0010000000	0.0001000000	100	100	0	0.967342
1864000	-0.8000000000	0.0010000000	0.0001000000	100	100	0	0.967342
1865000	-0.8000000000	0.0010000000	0.0001000000	100	100	0	0.967342
1866000	-0.8000000000	0.0010000000	0.0001000000	100	100	0	0.967342
1867000	-0.8000000000	0.0010000000	0.0001000000	100	100	0	0.967342
1868000	-0.8000000000	0.0010000000	0.0001000000	100	100	0	0.967342
1869000	-0.8000000000	0.0010000000	0.0001000000	100	100	0	0.967342
1870000	-0.8000000000	0.0010000000	0.0001000000	100	100	0	0.967342
1871000	-0.8000000000	0.0010000000	0.0001000000	100	100	0	0.967342
1872000	-0.8000000000	0.0010000000	0.0001000000	100	100	0	0.967342
1873000	-0.8000000000	0.0010000000	0.0001000000	100	100	0	0.967342
1874000	-0.8000000000	0.0010000000	0.0001000000	100	100	0	0.967342
1875000	-0.8000000000	0.0010000000	0.0001000000	100	100	0	0.967342
1876000	-0.8000000000	0.0010000000	0.0001000000	100	100	0	0.967342
1877000	-0.8000000000	0.0010000000	0.0001000000	100	100	0	0.967342
1878000	-0.8000000000	0.0010000000	0.0001000000	100	100	0	0.967342
1879000	-0.8000000000	0.0010000000	0.0001000000	100	100	0	0.967342
1880000	-0.8000000000	0.0010000000	0.0001000000	100	100	0	0.967342
1881000	-0.8000000000	0.0010000000	0.0001000000	100	100	0	0.967342
1882000	-0.8000000000	0.0010000000	0.0001000000	100	100	0	0.966560
1883000	-0.8000000000	0.0010000000	0.0001000000	100	100	0	0.958655
1884000	-0.8000000000	0.0010000000	0.0001000000	100	100	0	0.958274
1885000	-0.8000000000	0.0010000000	0.0001000000	100	100	0	0.958655
1886000	-0.8000000000	0.0010000000	0.0001000000	100	100	0	0.958655
1887000	-0.8000000000	0.0010000000	0.0001000000	100	100	0	0.958655
1888000	-0.8000000000	0.0010000000	0.0001000000	100	100	0	0.958655
1889000	-0.8000000000	0.0010000000	0.0001000000	100	100	0	0.958655
1890000	-0.8000000000	0.0010000000	0.0001000000	100	100	0	0.958655
1891000	-0.8000000000	0.0010000000	0.0001000000	100	100	0	0.958560
1892000	-0.8000000000	0.0010000000	0.0001000000	100	100	0	0.958655
1893000	-0.8000000000	0.0010000000	0.0001000000	100	100	0	0.957799
1894000	-0.8000000000	0.0010000000	0.0001000000	100	100	0	0.958655
1895000	-0.8000000000	0.0010000000	0.0001000000	100	100	0	0.958655
1896000	-0.8000000000	0.0010000000	0.0001000000	100	100	0	0.958655
1897000	-0.8000000000	0.0010000000	0.0001000000	100	100	0	0.958655
1898000	-0.8000000000	0.0010000000	0.0001000000	100	100	0	0.958655
1899000	-0.8000000000	0.0010000000	0.0001000000	100	100	0	0.958655
1900000	-0.8000000000	0.0010000000	0.0001000000	100	100	0	0.958655
1901000	-0.8000000000	0.0010000000	0.0001000000	100	100	0	0.958655
1902000	-0.8000000000	0.0010000000	0.0001000000	100	100	0	0.949143
1903000	-0.8000000000	0.0010000000	0.0001000000	100	100	0	0.949143
1904000	-0.8000000000	0.0010000000	0.0001000000	100	100	0	0.949143
1905000	-0.8000000000	0.0010000000	0.0001000000	100	100	0	0.949143
1906000	-0.8000000000	0.0010000000	0.0001000000	100	100	0	0.949143
1907000	-0.8000000000	0.0010000000	0.0001000000	100	100	0	0.949143
1908000	-0.8000000000	0.0010000000	0.0001000000	100	100	0	0.949143
1909000	-0.8000000000	0.0010000000	0.0001000000	100	100	0	0.949143
1910000	-0.8000000000	0.0010000000	0.0001000000	100	100	0	0.949143
1911000	-0.8000000000	0.0010000000	0.0001000000	100	100	0	0.949143
1912000	-0.8000000000	0.0010000000	0.0001000000	100	100	0	0.949143
1913000	-0.8000000000	0.0010000000	0.0001000000	100	100	0	0.949143
1914000	-0.8000000000	0.0010000000	0.0001000000	100	100	0	0.949143
1915000	-0.8000000000	0.0010000000	0.0001000000	100	100	0	0.949143
1916000	-0.8000000000	0.0010000000	0.0001000000	100	100	0	0.947497
1917000	-0.8000000000	0.0010000000	0.0001000000	100	100	0	0.949143
1918000	-0.8000000000	0.0010000000	0.0001000000	100	100	0	0.949143
1919000	-0.8000000000	0.0010000000	0.0001000000	100	100	0	0.949143
1920000	-0.8000000000	0.0010000000	0.0001000000	100	100	0	0.949143
1921000	-0.8000000000	0.0010000000	0.0001000000	100	100	0	0.949143
1922000	-0.8000000000	0.0010000000	0.0001000000	100	100	0	0.949143
1923000	-0.8000000000	0.0010000000	0.0001000000	100	100	0	0.948320
1924000	-0.8000000000	0.0010000000	0.0001000000	100	100	0	0.949143
1925000	-0.8000000000	0.0010000000	0.0001000000	100	100	0	0.948937
1926000	-0.8000000000	0.0010000000	0.0001000000	100	100	0	0.949143
1927000	-0.8000000000	0.0010000000	0.0001000000	100	100	0	0.949143
1928000	-0.8000000000	0.0010000000	0.0001000000	100	100	0	0.949143
1929000	-0.8000000000	0.0010000000	0.0001000000	100	100	0	0.949143
1930000	-0.8000000000	0.0010000000	0.0001000000	100	100	0	0.949143
1931000	-0.8000000000	0.0010000000	0.0001000000	100	100	0	0.949143
1932000	-0.8000000000	0.0010000000	0.0001000000	100	100	0	0.949143
1933000	-0.8000000000	0.0010000000	0.0001000000	100	100	0	0.949143
1934000	-0.8000000000	0.0010000000	0.0001000000	100	100	0	0.949143
1935000	-0.8000000000	0.0010000000	0.0001000000	100	100	0	0.949143
1936000	-0.8000000000	0.0010000000	0.0001000000	100	100	0	0.949040
1937000	-0.8000000000	0.0010000000	0.0001000000	100	100	0	0.927832
1938000	-0.8000000000	0.0010000000	0.0001000000	100	100	0	0.927481
1939000	-0.8000000000	0.0010000000	0.0001000000	100	100	0	0.927832
1940000	-0.8000000000	0.0010000000	0.0001000000	100	100	0	0.927832
1941000	-0.8000000000	0.0010000000	0.0001000000	100	100	0	0.927832
1942000	-0.8000000000	0.0010000000	0.0001000000	100	100	0	0.927832
1943000	-0.8000000000	0.0010000000	0.0001000000	100	100	0	0.927832
1944000	-0.8000000000	0.0010000000	0.0001000000	100	100	0	0.927832
1945000	-0.8000000000	0.0010000000	0.0001000000	100	100	0	0.927832
1946000	-0.8000000000	0.0010000000	0.0001000000	100	100	0	0.927832
1947000	-0.8000000000	0.0010000000	0.0001000000	100	100	0	0.927832
1948000	-0.8000000000	0.0010000000	0.0001000000	100	100	0	0.927832
1949000	-0.8000000000	0.0010000000	0.0001000000	100	100	0	0.927832
1950000	-0.8000000000	0.0010000000	0.0001000000	100	100	0	0.927832
1951000	-0.8000000000	0.0010000000	0.0001000000	100	100	0	0.927832
1952000	-0.8000000000	0.0010000000	0.0001000000	100	100	0	0.927832
1953000	-0.8000000000	0.0010000000	0.0001000000	100	100	0	0.938413
1954000	-0.8000000000	0.0010000000	0.0001000000	100	100	0	0.938854
1955000	-0.8000000000	0.0010000000	0.0001000000	100	100	0	0.938854
1956000	-0.8000000000	0.0010000000	0.0001000000	100	100	0	0.938854
1957000	-0.8000000000	0.0010000000	0.0001000000	100	100	0	0.938854
1958000	-0.8000000000	0.0010000000	0.0001000000	100	100	0	0.938854
1959000	-0.8000000000	0.0010000000	0.0001000000	100	100	0	0.935327
1960000	-0.8000000000	0.0010000000	0.0001000000	100	100	0	0.938303
1961000	-0.8000000000	0.0010000000	0.0001000000	100	100	0	0.938854
1962000	-0.8000000000	0.0010000000	0.0001000000	100	100	0	0.938854
1963000	-0.8000000000	0.0010000000	0.0001000000	100	100	0	0.938854
1964000	-0.8000000000	0.0010000000	0.0001000000	100	100	0	0.938854
1965000	-0.8000000000	0.0010000000	0.0001000000	100	100	0	0.938854
1966000	-0.8000000000	0.0010000000	0.0001000000	100	100	0	0.942249
1967000	-0.8000000000	0.0010000000	0.0001000000	100	100	0	0.949143
1968000	-0.8000000000	0.0010000000	0.0001000000	100	100	0	0.949143
1969000	-0.8000000000	0.0010000000	0.0001000000	100	100	0	0.949143
1970000	-0.8000000000	0.0010000000	0.0001000000	100	100	0	0.949143
1971000	-0.8000000000	0.0010000000	0.0001000000	100	100	0	0.949143
1972000	-0.8000000000	0.0010000000	0.0001000000	100	100	0	0.949143
1973000	-0.8000000000	0.0010000000	0.0001000000	100	100	0	0.949143
1974000	-0.8000000000	0.0010000000	0.0001000000	100	100	0	0.949143
1975000	-0.8000000000	0.0010000000	0.0001000000	100	100	0	0.949143
1976000	-0.8000000000	0.0010000000	0.0001000000	100	100	0	0.949143
1977000	-0.8000000000	0.0010000000	0.0001000000	100	100	0	0.949143
1978000	-0.8000000000	0.0010000000	0.0001000000	100	100	0	0.949143
1979000	-0.8000000000	0.0010000000	0.0001000000	100	100	0	0.949143
1980000	-0.8000000000	0.0010000000	0.0001000000	100	100	0	0.948011
1981000	-0.8000000000	0.0010000000	0.0001000000	100	100	0	0.949143
1982000	-0.8000000000	0.0010000000	0.0001000000	100	100	0	0.949143
1983000	-0.8000000000	0.0010000000	0.0001000000	100	100	0	0.949143
1984000	-0.8000000000	0.0010000000	0.0001000000	100	100	0	0.949143
1985000	-0.8000000000	0.0010000000	0.0001000000	100	100	0	0.949143
1986000	-0.8000000000	0.0010000000	0.0001000000	100	100	0	0.944204
1987000	-0.8000000000	0.0010000000	0.0001000000	100	100	0	0.949143
1988000	-0.8000000000	0.0010000000	0.0001000000	100	100	0	0.949143
1989000	-0.8000000000	0.0010000000	0.0001000000	100	100	0	0.949143
1990000	-0.8000000000	0.0010000000	0.0001000000	100	100	0	0.949143
1991000	-0.8000000000	0.0010000000	0.0001000000	100	100	0	0.949143
1992000	-0.8000000000	0.0010000000	0.0001000000	100	100	0	0.949143
1993000	-0.8000000000	0.0010000000	0.0001000000	100	100	0	0.949143
1994000	-0.8000000000	0.0010000000	0.0001000000	100	100	0	0.949143
1995000	-0.8000000000	0.0010000000	0.0001000000	100	100	0	0.948937
1996000	-0.8000000000	0.0010000000	0.0001000000	100	100	0	0.949143
1997000	-0.8000000000	0.0010000000	0.0001000000	100	100	0	0.947908
1998000	-0.8000000000	0.0010000000	0.0001000000	100	100	0	0.949143
1999000	-0.8000000000	0.0010000000	0.0001000000	100	100	0	0.938854
2000000	-0.8000000000	0.0010000000	0.0001000000	100	100	0	0.938854
2001000	-0.8000000000	0.0010000000	0.0001000000	100	100	0	0.938854
2002000	-0.8000000000	0.0010000000	0.0001000000	100	100	0	0.938854
2003000	-0.8000000000	0.0010000000	0.0001000000	100	100	0	0.938854
2004000	-0.8000000000	0.0010000000	0.0001000000	100	100	0	0.938854
2005000	-0.8000000000	0.0010000000	0.0001000000	100	100	0	0.938854
2006000	-0.8000000000	0.0010000000	0.0001000000	100	100	0	0.938854
2007000	-0.8000000000	0.0010000000	0.0001000000	100	100	0	0.938854
2008000	-0.8000000000	0.0010000000	0.0001000000	100	100	0	0.938854
2009000	-0.8000000000	0.0010000000	0.0001000000	100	100	0	0.938854
2010000	-0.8000000000	0.0010000000	0.0001000000	100	100	0	0.927715
2011000	-0.8000000000	0.0010000000	0.0001000000	100	100	0	0.916123
2012000	-0.8000000000	0.0010000000	0.0001000000	100	100	0	0.916123
2013000	-0.8000000000	0.0010000000	0.0001000000	100	100	0	0.916123
2014000	-0.8000000000	0.0010000000	0.0001000000	100	100	0	0.916123
2015000	-0.8000000000	0.0010000000	0.0001000000	100	100	0	0.916000
2016000	-0.8000000000	0.0010000000	0.0001000000	100	100	0	0.916123
2017000	-0.8000000000	0.0010000000	0.0001000000	100	100	0	0.916123
2018000	-0.8000000000	0.0010000000	0.0001000000	100	100	0	0.916000
2019000	-0.8000000000	0.0010000000	0.0001000000	100	100	0	0.922680
2020000	-0.8000000000	0.0010000000	0.0001000000	100	100	0	0.916123
2021000	-0.8000000000	0.0010000000	0.0001000000	100	100	0	0.916123
2022000	-0.8000000000	0.0010000000	0.0001000000	100	100	0	0.916123
2023000	-0.8000000000	0.0010000000	0.0001000000	100	100	0	0.916123
2024000	-0.8000000000	0.0010000000	0.0001000000	100	100	0	0.916123
2025000	-0.8000000000	0.0010000000	0.0001000000	100	100	0	0.916123
2026000	-0.8000000000	0.0010000000	0.0001000000	100	100	0	0.915876
2027000	-0.8000000000	0.0010000000	0.0001000000	100	100	0	0.916123
2028000	-0.8000000000	0.0010000000	0.0001000000	100	100	0	0.916123
2029000	-0.8000000000	0.0010000000	0.0001000000	100	100	0	0.916123
2030000	-0.8000000000	0.0010000000	0.0001000000	100	100	0	0.916123
2031000	-0.8000000000	0.0010000000	0.0001000000	100	100	0	0.916123
2032000	-0.8000000000	0.0010000000	0.0001000000	100	100	0	0.916123
2033000	-0.8000000000	0.0010000000	0.0001000000	100	100	0	0.916123
2034000	-0.8000000000	0.0010000000	0.0001000000	100	100	0	0.915876
2035000	-0.8000000000	0.0010000000	0.0001000000	100	100	0	0.916123
2036000	-0.8000000000	0.0010000000	0.0001000000	100	100	0	0.916123
2037000	-0.8000000000	0.0010000000	0.0001000000	100	100	0	0.916123
2038000	-0.8000000000	0.0010000000	0.0001000000	100	100	0	0.916123
2039000	-0.8000000000	0.0010000000	0.0001000000	100	100	0	0.916123
2040000	-0.8000000000	0.0010000000	0.0001000000	100	100	0	0.916123
2041000	-0.8000000000	0.0010000000	0.0001000000	100	100	0	0.916123
2042000	-0.8000000000	0.0010000000	0.0001000000	100	100	0	0.916123
2043000	-0.8000000000	0.0010000000	0.0001000000	100	100	0	0.927130
2044000	-0.8000000000	0.0010000000	0.0001000000	100	100	0	0.916123
2045000	-0.8000000000	0.0010000000	0.0001000000	100	100	0	0.916123
2046000	-0.8000000000	0.0010000000	0.0001000000	100	100	0	0.916123
2047000	-0.8000000000	0.0010000000	0.0001000000	100	100	0	0.916123
2048000	-0.8000000000	0.0010000000	0.0001000000	100	100	0	0.916123
2049000	-0.8000000000	0.0010000000	0.0001000000	100	100	0	0.916123
2050000	-0.8000000000	0.0010000000	0.0001000000	100	100	0	0.916123
2051000	-0.8000000000	0.0010000000	0.0001000000	100	100	0	0.916123
2052000	-0.8000000000	0.0010000000	0.0001000000	100	100	0	0.916123
2053000	-0.8000000000	0.0010000000	0.0001000000	100	100	0	0.916123
2054000	-0.8000000000	0.0010000000	0.0001000000	100	100	0	0.916123
2055000	-0.8000000000	0.0010000000	0.0001000000	100	100	0	0.916123
2056000	-0.8000000000	0.0010000000	0.0001000000	100	100	0	0.916123
2057000	-0.8000000000	0.0010000000	0.0001000000	100	100	0	0.916123
2058000	-0.8000000000	0.0010000000	0.0001000000	100	100	0	0.916123
2059000	-0.8000000000	0.0010000000	0.0001000000	100	100	0	0.916123
2060000	-0.8000000000	0.0010000000	0.0001000000	100	100	0	0.916123
2061000	-0.8000000000	0.0010000000	0.0001000000	100	100	0	0.916123
2062000	-0.8000000000	0.0010000000	0.0001000000	100	100	0	0.916123
2063000	-0.8000000000	0.0010000000	0.0001000000	100	100	0	0.916123
2064000	-0.8000000000	0.0010000000	0.0001000000	100	100	0	0.916123
2065000	-0.8000000000	0.0010000000	0.0001000000	100	100	0	0.916123
2066000	-0.8000000000	0.0010000000	0.0001000000	100	100	0	0.916123
2067000	-0.8000000000	0.0010000000	0.0001000000	100	100	0	0.927832
2068000	-0.8000000000	0.0010000000	0.0001000000	100	100	0	0.927832
2069000	-0.8000000000	0.0010000000	0.0001000000	100	100	0	0.927832
2070000	-0.8000000000	0.0010000000	0.0001000000	100	100	0	0.927832
2071000	-0.8000000000	0.0010000000	0.0001000000	100	100	0	0.927832
2072000	-0.8000000000	0.0010000000	0.0001000000	100	100	0	0.927832
2073000	-0.8000000000	0.0010000000	0.0001000000	100	100	0	0.927832
2074000	-0.8000000000	0.0010000000	0.0001000000	100	100	0	0.927832
2075000	-0.8000000000	0.0010000000	0.0001000000	100	100	0	0.927832
2076000	-0.8000000000	0.0010000000	0.0001000000	100	100	0	0.927832
2077000	-0.8000000000	0.0010000000	0.0001000000	100	100	0	0.927832
2078000	-0.8000000000	0.0010000000	0.0001000000	100	100	0	0.927832
2079000	-0.8000000000	0.0010000000	0.0001000000	100	100	0	0.927832
2080000	-0.8000000000	0.0010000000	0.0001000000	100	100	0	0.927832
2081000	-0.8000000000	0.0010000000	0.0001000000	100	100	0	0.927832
2082000	-0.8000000000	0.0010000000	0.0001000000	100	100	0	0.927832
2083000	-0.8000000000	0.0010000000	0.0001000000	100	100	0	0.927832
2084000	-0.8000000000	0.0010000000	0.0001000000	100	100	0	0.927832
2085000	-0.8000000000	0.0010000000	0.0001000000	100	100	0	0.927832
2086000	-0.8000000000	0.0010000000	0.0001000000	100	100	0	0.927832
2087000	-0.8000000000	0.0010000000	0.0001000000	100	100	0	0.935878
2088000	-0.8000000000	0.0010000000	0.0001000000	100	100	0	0.938854
2089000	-0.8000000000	0.0010000000	0.0001000000	100	100	0	0.938854
2090000	-0.8000000000	0.0010000000	0.0001000000	100	100	0	0.938854
2091000	-0.8000000000	0.0010000000	0.0001000000	100	100	0	0.938854
2092000	-0.8000000000	0.0010000000	0.0001000000	100	100	0	0.934335
2093000	-0.8000000000	0.0010000000	0.0001000000	100	100	0	0.938854
2094000	-0.8000000000	0.0010000000	0.0001000000	100	100	0	0.940191
2095000	-0.8000000000	0.0010000000	0.0001000000	100	100	0	0.938854
2096000	-0.8000000000	0.0010000000	0.0001000000	100	100	0	0.938854
2097000	-0.8000000000	0.0010000000	0.0001000000	100	100	0	0.938854
2098000	-0.8000000000	0.0010000000	0.0001000000	100	100	0	0.938854
2099000	-0.8000000000	0.0010000000	0.0001000000	100	100	0	0.938854
2100000	-0.8000000000	0.0010000000	0.0001000000	100	100	0	0.938854
2101000	-0.8000000000	0.0010000000	0.0001000000	100	100	0	0.938854
2102000	-0.8000000000	0.0010000000	0.0001000000	100	100	0	0.938854
2103000	-0.8000000000	0.0010000000	0.0001000000	100	100	0	0.938854
2104000	-0.8000000000	0.0010000000	0.0001000000	100	100	0	0.938854
2105000	-0.8000000000	0.0010000000	0.0001000000	100	100	0	0.938854
2106000	-0.8000000000	0.0010000000	0.0001000000	100	100	0	0.938854
2107000	-0.8000000000	0.0010000000	0.0001000000	100	100	0	0.938854
2108000	-0.8000000000	0.0010000000	0.0001000000	100	100	0	0.927832
2109000	-0.8000000000	0.0010000000	0.0001000000	100	100	0	0.927832
2110000	-0.8000000000	0.0010000000	0.0001000000	100	100	0	0.927013
2111000	-0.8000000000	0.0010000000	0.0001000000	100	100	0	0.927832
2112000	-0.8000000000	0.0010000000	0.0001000000	100	100	0	0.927832
2113000	-0.8000000000	0.0010000000	0.0001000000	100	100	0	0.927832
2114000	-0.8000000000	0.0010000000	0.0001000000	100	100	0	0.927832
2115000	-0.8000000000	0.0010000000	0.0001000000	100	100	0	0.927832
2116000	-0.8000000000	0.0010000000	0.0001000000	100	100	0	0.927832
2117000	-0.8000000000	0.0010000000	0.0001000000	100	100	0	0.927832
2118000	-0.8000000000	0.0010000000	0.0001000000	100	100	0	0.927832
2119000	-0.8000000000	0.0010000000	0.0001000000	100	100	0	0.927832
2120000	-0.8000000000	0.0010000000	0.0001000000	100	100	0	0.927832
2121000	-0.8000000000	0.0010000000	0.0001000000	100	100	0	0.927832
2122000	-0.8000000000	0.0010000000	0.0001000000	100	100	0	0.927832
2123000	-0.8000000000	0.0010000000	0.0001000000	100	100	0	0.927832
2124000	-0.8000000000	0.0010000000	0.0001000000	100	100	0	0.927832
2125000	-0.8000000000	0.0010000000	0.0001000000	100	100	0	0.927832
2126000	-0.8000000000	0.0010000000	0.0001000000	100	100	0	0.927598
2127000	-0.8000000000	0.0010000000	0.0001000000	100	100	0	0.927832
2128000	-0.8000000000	0.0010000000	0.0001000000	100	100	0	0.927832
2129000	-0.8000000000	0.0010000000	0.0001000000	100	100	0	0.927832
2130000	-0.8000000000	0.0010000000	0.0001000000	100	100	0	0.927832
2131000	-0.8000000000	0.0010000000	0.0001000000	100	100	0	0.927832
2132000	-0.8000000000	0.0010000000	0.0001000000	100	100	0	0.927832
2133000	-0.8000000000	0.0010000000	0.0001000000	100	100	0	0.927832
2134000	-0.8000000000	0.0010000000	0.0001000000	100	100	0	0.927832
2135000	-0.8000000000	0.0010000000	0.0001000000	100	100	0	0.927832
2136000	-0.8000000000	0.0010000000	0.0001000000	100	100	0	0.916123
2137000	-0.8000000000	0.0010000000	0.0001000000	100	100	0	0.915382
2138000	-0.8000000000	0.0010000000	0.0001000000	100	100	0	0.916123
2139000	-0.8000000000	0.0010000000	0.0001000000	100	100	0	0.916123
2140000	-0.8000000000	0.0010000000	0.0001000000	100	100	0	0.916123
2141000	-0.8000000000	0.0010000000	0.0001000000	100	100	0	0.916123
2142000	-0.8000000000	0.0010000000	0.0001000000	100	100	0	0.916123
2143000	-0.8000000000	0.0010000000	0.0001000000	100	100	0	0.916123
2144000	-0.8000000000	0.0010000000	0.0001000000	100	100	0	0.916123
2145000	-0.8000000000	0.0010000000	0.0001000000	100	100	0	0.916123
2146000	-0.8000000000	0.0010000000	0.0001000000	100	100	0	0.916123
2147000	-0.8000000000	0.0010000000	0.0001000000	100	100	0	0.916123
2148000	-0.8000000000	0.0010000000	0.0001000000	100	100	0	0.916123
2149000	-0.8000000000	0.0010000000	0.0001000000	100	100	0	0.916123
2150000	-0.8000000000	0.0010000000	0.0001000000	100	100	0	0.916123
2151000	-0.8000000000	0.0010000000	0.0001000000	100	100	0	0.916123
2152000	-0.8000000000	0.0010000000	0.0001000000	100	100	0	0.916123
2153000	-0.8000000000	0.0010000000	0.0001000000	100	100	0	0.916123
2154000	-0.8000000000	0.0010000000	0.0001000000	100	100	0	0.916123
2155000	-0.8000000000	0.0010000000	0.0001000000	100	100	0	0.916123
2156000	-0.8000000000	0.0010000000	0.0001000000	100	100	0	0.916123
2157000	-0.8000000000	0.0010000000	0.0001000000	100	100	0	0.916123
2158000	-0.8000000000	0.0010000000	0.0001000000	100	100	0	0.916123
2159000	-0.8000000000	0.0010000000	0.0001000000	100	100	0	0.916123
2160000	-0.8000000000	0.0010000000	0.0001000000	100	100	0	0.916123
2161000	-0.8000000000	0.0010000000	0.0001000000	100	100	0	0.916123
2162000	-0.8000000000	0.0010000000	0.0001000000	100	100	0	0.916123
2163000	-0.8000000000	0.0010000000	0.0001000000	100	100	0	0.916123
2164000	-0.8000000000	0.0010000000	0.0001000000	100	100	0	0.916123
2165000	-0.8000000000	0.0010000000	0.0001000000	100	100	0	0.916123
2166000	-0.8000000000	0.0010000000	0.0001000000	100	100	0	0.916123
2167000	-0.8000000000	0.0010000000	0.0001000000	100	100	0	0.916123
2168000	-0.8000000000	0.0010000000	0.0001000000	100	100	0	0.916123
2169000	-0.8000000000	0.0010000000	0.0001000000	100	100	0	0.916123
2170000	-0.8000000000	0.0010000000	0.0001000000	100	100	0	0.916123
2171000	-0.8000000000	0.0010000000	0.0001000000	100	100	0	0.916123
2172000	-0.8000000000	0.0010000000	0.0001000000	100	100	0	0.916123
2173000	-0.8000000000	0.0010000000	0.0001000000	100	100	0	0.916123
2174000	-0.8000000000	0.0010000000	0.0001000000	100	100	0	0.916123
2175000	-0.8000000000	0.0010000000	0.0001000000	100	100	0	0.916123
2176000	-0.8000000000	0.0010000000	0.0001000000	100	100	0	0.916123
2177000	-0.8000000000	0.0010000000	0.0001000000	100	100	0	0.916123
2178000	-0.8000000000	0.0010000000	0.0001000000	100	100	0	0.916123
2179000	-0.8000000000	0.0010000000	0.0001000000	100	100	0	0.916123
2180000	-0.8000000000	0.0010000000	0.0001000000	100	100	0	0.916123
2181000	-0.8000000000	0.0010000000	0.0001000000	100	100	0	0.916123
2182000	-0.8000000000	0.0010000000	0.0001000000	100	100	0	0.916123
2183000	-0.8000000000	0.0010000000	0.0001000000	100	100	0	0.916123
2184000	-0.8000000000	0.0010000000	0.0001000000	100	100	0	0.916123
2185000	-0.8000000000	0.0010000000	0.0001000000	100	100	0	0.916123
2186000	-0.8000000000	0.0010000000	0.0001000000	100	100	0	0.916123
2187000	-0.8000000000	0.0010000000	0.0001000000	100	100	0	0.916123
2188000	-0.8000000000	0.0010000000	0.0001000000	100	100	0	0.916123
2189000	-0.8000000000	0.0010000000	0.0001000000	100	100	0	0.916123
2190000	-0.8000000000	0.0010000000	0.0001000000	100	100	0	0.916123
2191000	-0.8000000000	0.0010000000	0.0001000000	100	100	0	0.916123
2192000	-0.8000000000	0.0010000000	0.0001000000	100	100	0	0.916123
2193000	-0.8000000000	0.0010000000	0.0001000000	100	100	0	0.916123
2194000	-0.8000000000	0.0010000000	0.0001000000	100	100	0	0.916123
2195000	-0.8000000000	0.0010000000	0.0001000000	100	100	0	0.916123
2196000	-0.8000000000	0.0010000000	0.0001000000	100	100	0	0.916123
2197000	-0.8000000000	0.0010000000	0.0001000000	100	100	0	0.916123
2198000	-0.8000000000	0.0010000000	0.0001000000	100	100	0	0.916123
2199000	-0.8000000000	0.0010000000	0.0001000000	100	100	0	0.916123
2200000	-0.8000000000	0.0010000000	0.0001000000	100	100	0	0.916123
2201000	-0.8000000000	0.0010000000	0.0001000000	100	100	0	0.916123
2202000	-0.8000000000	0.0010000000	0.0001000000	100	100	0	0.916123
2203000	-0.8000000000	0.0010000000	0.0001000000	100	100	0	0.916123
2204000	-0.8000000000	0.0010000000	0.0001000000	100	100	0	0.916123
2205000	-0.8000000000	0.0010000000	0.0001000000	100	100	0	0.916123
2206000	-0.8000000000	0.0010000000	0.0001000000	100	100	0	0.916123
2207000	-0.8000000000	0.0010000000	0.0001000000	100	100	0	0.903770
2208000	-0.8000000000	0.0010000000	0.0001000000	100	100	0	0.903770
2209000	-0.8000000000	0.0010000000	0.0001000000	100	100	0	0.890814
2210000	-0.8000000000	0.0010000000	0.0001000000	100	100	0	0.890814
2211000	-0.8000000000	0.0010000000	0.0001000000	100	100	0	0.890814
2212000	-0.8000000000	0.0010000000	0.0001000000	100	100	0	0.890814
2213000	-0.8000000000	0.0010000000	0.0001000000	100	100	0	0.890814
2214000	-0.8000000000	0.0010000000	0.0001000000	100	100	0	0.890814
2215000	-0.8000000000	0.0010000000	0.0001000000	100	100	0	0.903770
2216000	-0.8000000000	0.0010000000	0.0001000000	100	100	0	0.903770
2217000	-0.8000000000	0.0010000000	0.0001000000	100	100	0	0.903770
2218000	-0.8000000000	0.0010000000	0.0001000000	100	100	0	0.903770
2219000	-0.8000000000	0.0010000000	0.0001000000	100	100	0	0.903770
2220000	-0.8000000000	0.0010000000	0.0001000000	100	100	0	0.903893
2221000	-0.8000000000	0.0010000000	0.0001000000	100	100	0	0.903770
2222000	-0.8000000000	0.0010000000	0.0001000000	100	100	0	0.903770
2223000	-0.8000000000	0.0010000000	0.0001000000	100	100	0	0.903770
2224000	-0.8000000000	0.0010000000	0.0001000000	100	100	0	0.903770
2225000	-0.8000000000	0.0010000000	0.0001000000	100	100	0	0.903770
2226000	-0.8000000000	0.0010000000	0.0001000000	100	100	0	0.903770
2227000	-0.8000000000	0.0010000000	0.0001000000	100	100	0	0.903770
2228000	-0.8000000000	0.0010000000	0.0001000000	100	100	0	0.903770
2229000	-0.8000000000	0.0010000000	0.0001000000	100	100	0	0.903770
2230000	-0.8000000000	0.0010000000	0.0001000000	100	100	0	0.903640
2231000	-0.8000000000	0.0010000000	0.0001000000	100	100	0	0.903770
2232000	-0.8000000000	0.0010000000	0.0001000000	100	100	0	0.903770
2233000	-0.8000000000	0.0010000000	0.0001000000	100	100	0	0.903770
2234000	-0.8000000000	0.0010000000	0.0001000000	100	100	0	0.903770
2235000	-0.8000000000	0.0010000000	0.0001000000	100	100	0	0.903770
2236000	-0.8000000000	0.0010000000	0.0001000000	100	100	0	0.903770
2237000	-0.8000000000	0.0010000000	0.0001000000	100	100	0	0.903770
2238000	-0.8000000000	0.0010000000	0.0001000000	100	100	0	0.903770
2239000	-0.8000000000	0.0010000000	0.0001000000	100	100	0	0.916123
2240000	-0.8000000000	0.0010000000	0.0001000000	100	100	0	0.916123
2241000	-0.8000000000	0.0010000000	0.0001000000	100	100	0	0.916123
2242000	-0.8000000000	0.0010000000	0.0001000000	100	100	0	0.916123
2243000	-0.8000000000	0.0010000000	0.0001000000	100	100	0	0.916123
2244000	-0.8000000000	0.0010000000	0.0001000000	100	100	0	0.916123
2245000	-0.8000000000	0.0010000000	0.0001000000	100	100	0	0.916123
2246000	-0.8000000000	0.0010000000	0.0001000000	100	100	0	0.916123
2247000	-0.8000000000	0.0010000000	0.0001000000	100	100	0	0.916123
2248000	-0.8000000000	0.0010000000	0.0001000000	100	100	0	0.916123
2249000	-0.8000000000	0.0010000000	0.0001000000	100	100	0	0.916123
2250000	-0.8000000000	0.0010000000	0.0001000000	100	100	0	0.916123
2251000	-0.8000000000	0.0010000000	0.0001000000	100	100	0	0.916123
2252000	-0.8000000000	0.0010000000	0.0001000000	100	100	0	0.916123
2253000	-0.8000000000	0.0010000000	0.0001000000	100	100	0	0.916123
2254000	-0.8000000000	0.0010000000	0.0001000000	100	100	0	0.916123
2255000	-0.8000000000	0.0010000000	0.0001000000	100	100	0	0.916123
2256000	-0.8000000000	0.0010000000	0.0001000000	100	100	0	0.916123
2257000	-0.8000000000	0.0010000000	0.0001000000	100	100	0	0.916123
2258000	-0.8000000000	0.0010000000	0.0001000000	100	100	0	0.916123
2259000	-0.8000000000	0.0010000000	0.0001000000	100	100	0	0.916123
2260000	-0.8000000000	0.0010000000	0.0001000000	100	100	0	0.916123
2261000	-0.8000000000	0.0010000000	0.0001000000	100	100	0	0.916123
2262000	-0.8000000000	0.0010000000	0.0001000000	100	100	0	0.916123
2263000	-0.8000000000	0.0010000000	0.0001000000	100	100	0	0.916123
2264000	-0.8000000000	0.0010000000	0.0001000000	100	100	0	0.927832
2265000	-0.8000000000	0.0010000000	0.0001000000	100	100	0	0.927832
2266000	-0.8000000000	0.0010000000	0.0001000000	100	100	0	0.927832
2267000	-0.8000000000	0.0010000000	0.0001000000	100	100	0	0.927832
2268000	-0.8000000000	0.0010000000	0.0001000000	100	100	0	0.927832
2269000	-0.8000000000	0.0010000000	0.0001000000	100	100	0	0.927832
2270000	-0.8000000000	0.0010000000	0.0001000000	100	100	0	0.938854
2271000	-0.8000000000	0.0010000000	0.0001000000	100	100	0	0.938854
2272000	-0.8000000000	0.0010000000	0.0001000000	100	100	0	0.938854
2273000	-0.8000000000	0.0010000000	0.0001000000	100	100	0	0.938854
2274000	-0.8000000000	0.0010000000	0.0001000000	100	100	0	0.938854
2275000	-0.8000000000	0.0010000000	0.0001000000	100	100	0	0.938854
2276000	-0.8000000000	0.0010000000	0.0001000000	100	100	0	0.938854
2277000	-0.8000000000	0.0010000000	0.0001000000	100	100	0	0.948834
2278000	-0.8000000000	0.0010000000	0.0001000000	100	100	0	0.949143
2279000	-0.8000000000	0.0010000000	0.0001000000	100	100	0	0.949143
2280000	-0.8000000000	0.0010000000	0.0001000000	100	100	0	0.949143
2281000	-0.8000000000	0.0010000000	0.0001000000	100	100	0	0.949143
2282000	-0.8000000000	0.0010000000	0.0001000000	100	100	0	0.949143
2283000	-0.8000000000	0.0010000000	0.0001000000	100	100	0	0.949143
2284000	-0.8000000000	0.0010000000	0.0001000000	100	100	0	0.949143
2285000	-0.8000000000	0.0010000000	0.0001000000	100	100	0	0.949143
2286000	-0.8000000000	0.0010000000	0.0001000000	100	100	0	0.949143
2287000	-0.8000000000	0.0010000000	0.0001000000	100	100	0	0.949143
2288000	-0.8000000000	0.0010000000	0.0001000000	100	100	0	0.949143
2289000	-0.8000000000	0.0010000000	0.0001000000	100	100	0	0.949143
2290000	-0.8000000000	0.0010000000	0.0001000000	100	100	0	0.949143
2291000	-0.8000000000	0.0010000000	0.0001000000	100	100	0	0.949143
2292000	-0.8000000000	0.0010000000	0.0001000000	100	100	0	0.949143
2293000	-0.8000000000	0.0010000000	0.0001000000	100	100	0	0.949143
2294000	-0.8000000000	0.0010000000	0.0001000000	100	100	0	0.949143
2295000	-0.8000000000	0.0010000000	0.0001000000	100	100	0	0.949143
2296000	-0.8000000000	0.0010000000	0.0001000000	100	100	0	0.948834
2297000	-0.8000000000	0.0010000000	0.0001000000	100	100	0	0.947291
2298000	-0.8000000000	0.0010000000	0.0001000000	100	100	0	0.949143
2299000	-0.8000000000	0.0010000000	0.0001000000	100	100	0	0.949143
2300000	-0.8000000000	0.0010000000	0.0001000000	100	100	0	0.949143
2301000	-0.8000000000	0.0010000000	0.0001000000	100	100	0	0.949143
2302000	-0.8000000000	0.0010000000	0.0001000000	100	100	0	0.949143
2303000	-0.8000000000	0.0010000000	0.0001000000	100	100	0	0.949143
2304000	-0.8000000000	0.0010000000	0.0001000000	100	100	0	0.949143
2305000	-0.8000000000	0.0010000000	0.0001000000	100	100	0	0.949143
2306000	-0.8000000000	0.0010000000	0.0001000000	100	100	0	0.949143
2307000	-0.8000000000	0.0010000000	0.0001000000	100	100	0	0.949143
2308000	-0.8000000000	0.0010000000	0.0001000000	100	100	0	0.949143
2309000	-0.8000000000	0.0010000000	0.0001000000	100	100	0	0.949143
2310000	-0.8000000000	0.0010000000	0.0001000000	100	100	0	0.949143
2311000	-0.8000000000	0.0010000000	0.0001000000	100	100	0	0.949143
2312000	-0.8000000000	0.0010000000	0.0001000000	100	100	0	0.949143
2313000	-0.8000000000	0.0010000000	0.0001000000	100	100	0	0.949143
2314000	-0.8000000000	0.0010000000	0.0001000000	100	100	0	0.949143
2315000	-0.8000000000	0.0010000000	0.0001000000	100	100	0	0.949143
2316000	-0.8000000000	0.0010000000	0.0001000000	100	100	0	0.950475
2317000	-0.8000000000	0.0010000000	0.0001000000	100	100	0	0.949143
2318000	-0.8000000000	0.0010000000	0.0001000000	100	100	0	0.949143
2319000	-0.8000000000	0.0010000000	0.0001000000	100	100	0	0.949143
2320000	-0.8000000000	0.0010000000	0.0001000000	100	100	0	0.949143
2321000	-0.8000000000	0.0010000000	0.0001000000	100	100	0	0.949143
2322000	-0.8000000000	0.0010000000	0.0001000000	100	100	0	0.949143
2323000	-0.8000000000	0.0010000000	0.0001000000	100	100	0	0.949143
2324000	-0.8000000000	0.0010000000	0.0001000000	100	100	0	0.949143
2325000	-0.8000000000	0.0010000000	0.0001000000	100	100	0	0.949040
2326000	-0.8000000000	0.0010000000	0.0001000000	100	100	0	0.949143
2327000	-0.8000000000	0.0010000000	0.0001000000	100	100	0	0.949143
2328000	-0.8000000000	0.0010000000	0.0001000000	100	100	0	0.948423
2329000	-0.8000000000	0.0010000000	0.0001000000	100	100	0	0.949143
2330000	-0.8000000000	0.0010000000	0.0001000000	100	100	0	0.949143
2331000	-0.8000000000	0.0010000000	0.0001000000	100	100	0	0.949143
2332000	-0.8000000000	0.0010000000	0.0001000000	100	100	0	0.949143
2333000	-0.8000000000	0.0010000000	0.0001000000	100	100	0	0.949143
2334000	-0.8000000000	0.0010000000	0.0001000000	100	100	0	0.949143
2335000	-0.8000000000	0.0010000000	0.0001000000	100	100	0	0.945439
2336000	-0.8000000000	0.0010000000	0.0001000000	100	100	0	0.949143
2337000	-0.8000000000	0.0010000000	0.0001000000	100	100	0	0.949143
2338000	-0.8000000000	0.0010000000	0.0001000000	100	100	0	0.949143
2339000	-0.8000000000	0.0010000000	0.0001000000	100	100	0	0.949143
2340000	-0.8000000000	0.0010000000	0.0001000000	100	100	0	0.949143
2341000	-0.8000000000	0.0010000000	0.0001000000	100	100	0	0.949143
2342000	-0.8000000000	0.0010000000	0.0001000000	100	100	0	0.949143
2343000	-0.8000000000	0.0010000000	0.0001000000	100	100	0	0.949143
2344000	-0.8000000000	0.0010000000	0.0001000000	100	100	0	0.949143
2345000	-0.8000000000	0.0010000000	0.0001000000	100	100	0	0.949143
2346000	-0.8000000000	0.0010000000	0.0001000000	100	100	0	0.949143
2347000	-0.8000000000	0.0010000000	0.0001000000	100	100	0	0.949143
2348000	-0.8000000000	0.0010000000	0.0001000000	100	100	0	0.948320
2349000	-0.8000000000	0.0010000000	0.0001000000	100	100	0	0.949143
2350000	-0.8000000000	0.0010000000	0.0001000000	100	100	0	0.948217
2351000	-0.8000000000	0.0010000000	0.0001000000	100	100	0	0.949143
2352000	-0.8000000000	0.0010000000	0.0001000000	100	100	0	0.949143
2353000	-0.8000000000	0.0010000000	0.0001000000	100	100	0	0.949143
2354000	-0.8000000000	0.0010000000	0.0001000000	100	100	0	0.949143
2355000	-0.8000000000	0.0010000000	0.0001000000	100	100	0	0.949143
2356000	-0.8000000000	0.0010000000	0.0001000000	100	100	0	0.949143
2357000	-0.8000000000	0.0010000000	0.0001000000	100	100	0	0.949143
2358000	-0.8000000000	0.0010000000	0.0001000000	100	100	0	0.949143
2359000	-0.8000000000	0.0010000000	0.0001000000	100	100	0	0.949040
2360000	-0.8000000000	0.0010000000	0.0001000000	100	100	0	0.949143
2361000	-0.8000000000	0.0010000000	0.0001000000	100	100	0	0.949143
2362000	-0.8000000000	0.0010000000	0.0001000000	100	100	0	0.949143
2363000	-0.8000000000	0.0010000000	0.0001000000	100	100	0	0.947394
2364000	-0.8000000000	0.0010000000	0.0001000000	100	100	0	0.948628
2365000	-0.8000000000	0.0010000000	0.0001000000	100	100	0	0.949143
2366000	-0.8000000000	0.0010000000	0.0001000000	100	100	0	0.949143
2367000	-0.8000000000	0.0010000000	0.0001000000	100	100	0	0.949143
2368000	-0.8000000000	0.0010000000	0.0001000000	100	100	0	0.949143
2369000	-0.8000000000	0.0010000000	0.0001000000	100	100	0	0.949143
2370000	-0.8000000000	0.0010000000	0.0001000000	100	100	0	0.949143
2371000	-0.8000000000	0.0010000000	0.0001000000	100	100	0	0.949143
2372000	-0.8000000000	0.0010000000	0.0001000000	100	100	0	0.949143
2373000	-0.8000000000	0.0010000000	0.0001000000	100	100	0	0.949143
2374000	-0.8000000000	0.0010000000	0.0001000000	100	100	0	0.949143
2375000	-0.8000000000	0.0010000000	0.0001000000	100	100	0	0.949143
2376000	-0.8000000000	0.0010000000	0.0001000000	100	100	0	0.949143
2377000	-0.8000000000	0.0010000000	0.0001000000	100	100	0	0.949143
2378000	-0.8000000000	0.0010000000	0.0001000000	100	100	0	0.949143
2379000	-0.8000000000	0.0010000000	0.0001000000	100	100	0	0.949143
2380000	-0.8000000000	0.0010000000	0.0001000000	100	100	0	0.949143
2381000	-0.8000000000	0.0010000000	0.0001000000	100	100	0	0.948731
2382000	-0.8000000000	0.0010000000	0.0001000000	100	100	0	0.949238
2383000	-0.8000000000	0.0010000000	0.0001000000	100	100	0	0.949143
2384000	-0.8000000000	0.0010000000	0.0001000000	100	100	0	0.949143
2385000	-0.8000000000	0.0010000000	0.0001000000	100	100	0	0.949143
2386000	-0.8000000000	0.0010000000	0.0001000000	100	100	0	0.949238
2387000	-0.8000000000	0.0010000000	0.0001000000	100	100	0	0.949143
2388000	-0.8000000000	0.0010000000	0.0001000000	100	100	0	0.949143
2389000	-0.8000000000	0.0010000000	0.0001000000	100	100	0	0.949143
2390000	-0.8000000000	0.0010000000	0.0001000000	100	100	0	0.949143
2391000	-0.8000000000	0.0010000000	0.0001000000	100	100	0	0.949143
2392000	-0.8000000000	0.0010000000	0.0001000000	100	100	0	0.949143
2393000	-0.8000000000	0.0010000000	0.0001000000	100	100	0	0.949143
2394000	-0.8000000000	0.0010000000	0.0001000000	100	100	0	0.949143
2395000	-0.8000000000	0.0010000000	0.0001000000	100	100	0	0.949143
2396000	-0.8000000000	0.0010000000	0.0001000000	100	100	0	0.949143
2397000	-0.8000000000	0.0010000000	0.0001000000	100	100	0	0.958655
2398000	-0.8000000000	0.0010000000	0.0001000000	100	100	0	0.958655
2399000	-0.8000000000	0.0010000000	0.0001000000	100	100	0	0.958655
2400000	-0.8000000000	0.0010000000	0.0001000000	100	100	0	0.958655
2401000	-0.8000000000	0.0010000000	0.0001000000	100	100	0	0.958655
2402000	-0.8000000000	0.0010000000	0.0001000000	100	100	0	0.958655
2403000	-0.8000000000	0.0010000000	0.0001000000	100	100	0	0.958655
2404000	-0.8000000000	0.0010000000	0.0001000000	100	100	0	0.958655
2405000	-0.8000000000	0.0010000000	0.0001000000	100	100	0	0.958655
2406000	-0.8000000000	0.0010000000	0.0001000000	100	100	0	0.958655
2407000	-0.8000000000	0.0010000000	0.0001000000	100	100	0	0.958655
2408000	-0.8000000000	0.0010000000	0.0001000000	100	100	0	0.958655
2409000	-0.8000000000	0.0010000000	0.0001000000	100	100	0	0.958655
2410000	-0.8000000000	0.0010000000	0.0001000000	100	100	0	0.958655
2411000	-0.8000000000	0.0010000000	0.0001000000	100	100	0	0.957513
2412000	-0.8000000000	0.0010000000	0.0001000000	100	100	0	0.958655
2413000	-0.8000000000	0.0010000000	0.0001000000	100	100	0	0.958655
2414000	-0.8000000000	0.0010000000	0.0001000000	100	100	0	0.958655
2415000	-0.8000000000	0.0010000000	0.0001000000	100	100	0	0.958655
2416000	-0.8000000000	0.0010000000	0.0001000000	100	100	0	0.958655
2417000	-0.8000000000	0.0010000000	0.0001000000	100	100	0	0.958655
2418000	-0.8000000000	0.0010000000	0.0001000000	100	100	0	0.949143
2419000	-0.8000000000	0.0010000000	0.0001000000	100	100	0	0.949143
2420000	-0.8000000000	0.0010000000	0.0001000000	100	100	0	0.949143
2421000	-0.8000000000	0.0010000000	0.0001000000	100	100	0	0.949143
2422000	-0.8000000000	0.0010000000	0.0001000000	100	100	0	0.949143
2423000	-0.8000000000	0.0010000000	0.0001000000	100	100	0	0.938854
2424000	-0.8000000000	0.0010000000	0.0001000000	100	100	0	0.938854
2425000	-0.8000000000	0.0010000000	0.0001000000	100	100	0	0.938854
2426000	-0.8000000000	0.0010000000	0.0001000000	100	100	0	0.938854
2427000	-0.8000000000	0.0010000000	0.0001000000	100	100	0	0.938854
2428000	-0.8000000000	0.0010000000	0.0001000000	100	100	0	0.938854
2429000	-0.8000000000	0.0010000000	0.0001000000	100	100	0	0.938854
2430000	-0.8000000000	0.0010000000	0.0001000000	100	100	0	0.938854
2431000	-0.8000000000	0.0010000000	0.0001000000	100	100	0	0.938854
2432000	-0.8000000000	0.0010000000	0.0001000000	100	100	0	0.938854
2433000	-0.8000000000	0.0010000000	0.0001000000	100	100	0	0.938854
2434000	-0.8000000000	0.0010000000	0.0001000000	100	100	0	0.938854
2435000	-0.8000000000	0.0010000000	0.0001000000	100	100	0	0.938854
2436000	-0.8000000000	0.0010000000	0.0001000000	100	100	0	0.937641
2437000	-0.8000000000	0.0010000000	0.0001000000	100	100	0	0.938854
2438000	-0.8000000000	0.0010000000	0.0001000000	100	100	0	0.938854
2439000	-0.8000000000	0.0010000000	0.0001000000	100	100	0	0.938854
2440000	-0.8000000000	0.0010000000	0.0001000000	100	100	0	0.938854
2441000	-0.8000000000	0.0010000000	0.0001000000	100	100	0	0.938854
2442000	-0.8000000000	0.0010000000	0.0001000000	100	100	0	0.938854
2443000	-0.8000000000	0.0010000000	0.0001000000	100	100	0	0.938854
2444000	-0.8000000000	0.0010000000	0.0001000000	100	100	0	0.938854
2445000	-0.8000000000	0.0010000000	0.0001000000	100	100	0	0.938854
2446000	-0.8000000000	0.0010000000	0.0001000000	100	100	0	0.938854
2447000	-0.8000000000	0.0010000000	0.0001000000	100	100	0	0.938854
2448000	-0.8000000000	0.0010000000	0.0001000000	100	100	0	0.938854
2449000	-0.8000000000	0.0010000000	0.0001000000	100	100	0	0.938854
2450000	-0.8000000000	0.0010000000	0.0001000000	100	100	0	0.927832
2451000	-0.8000000000	0.0010000000	0.0001000000	100	100	0	0.927832
2452000	-0.8000000000	0.0010000000	0.0001000000	100	100	0	0.927832
2453000	-0.8000000000	0.0010000000	0.0001000000	100	100	0	0.927715
2454000	-0.8000000000	0.0010000000	0.0001000000	100	100	0	0.927832
2455000	-0.8000000000	0.0010000000	0.0001000000	100	100	0	0.927832
2456000	-0.8000000000	0.0010000000	0.0001000000	100	100	0	0.927832
2457000	-0.8000000000	0.0010000000	0.0001000000	100	100	0	0.938854
2458000	-0.8000000000	0.0010000000	0.0001000000	100	100	0	0.938854
2459000	-0.8000000000	0.0010000000	0.0001000000	100	100	0	0.938854
2460000	-0.8000000000	0.0010000000	0.0001000000	100	100	0	0.938854
2461000	-0.8000000000	0.0010000000	0.0001000000	100	100	0	0.938854
2462000	-0.8000000000	0.0010000000	0.0001000000	100	100	0	0.938854
2463000	-0.8000000000	0.0010000000	0.0001000000	100	100	0	0.938854
2464000	-0.8000000000	0.0010000000	0.0001000000	100	100	0	0.938854
2465000	-0.8000000000	0.0010000000	0.0001000000	100	100	0	0.938854
2466000	-0.8000000000	0.0010000000	0.0001000000	100	100	0	0.933012
2467000	-0.8000000000	0.0010000000	0.0001000000	100	100	0	0.937090
2468000	-0.8000000000	0.0010000000	0.0001000000	100	100	0	0.938854
2469000	-0.8000000000	0.0010000000	0.0001000000	100	100	0	0.938854
2470000	-0.8000000000	0.0010000000	0.0001000000	100	100	0	0.938854
2471000	-0.8000000000	0.0010000000	0.0001000000	100	100	0	0.938854
2472000	-0.8000000000	0.0010000000	0.0001000000	100	100	0	0.938854
2473000	-0.8000000000	0.0010000000	0.0001000000	100	100	0	0.938854
2474000	-0.8000000000	0.0010000000	0.0001000000	100	100	0	0.938854
2475000	-0.8000000000	0.0010000000	0.0001000000	100	100	0	0.938854
2476000	-0.8000000000	0.0010000000	0.0001000000	100	100	0	0.938854
2477000	-0.8000000000	0.0010000000	0.0001000000	100	100	0	0.938854
2478000	-0.8000000000	0.0010000000	0.0001000000	100	100	0	0.938854
2479000	-0.8000000000	0.0010000000	0.0001000000	100	100	0	0.938854
2480000	-0.8000000000	0.0010000000	0.0001000000	100	100	0	0.938854
2481000	-0.8000000000	0.0010000000	0.0001000000	100	100	0	0.938854
2482000	-0.8000000000	0.0010000000	0.0001000000	100	100	0	0.938854
2483000	-0.8000000000	0.0010000000	0.0001000000	100	100	0	0.938854
2484000	-0.8000000000	0.0010000000	0.0001000000	100	100	0	0.938854
2485000	-0.8000000000	0.0010000000	0.0001000000	100	100	0	0.938854
2486000	-0.8000000000	0.0010000000	0.0001000000	100	100	0	0.938854
2487000	-0.8000000000	0.0010000000	0.0001000000	100	100	0	0.938854
2488000	-0.8000000000	0.0010000000	0.0001000000	100	100	0	0.938854
2489000	-0.8000000000	0.0010000000	0.0001000000	100	100	0	0.938854
2490000	-0.8000000000	0.0010000000	0.0001000000	100	100	0	0.938854
2491000	-0.8000000000	0.0010000000	0.0001000000	100	100	0	0.938854
2492000	-0.8000000000	0.0010000000	0.0001000000	100	100	0	0.938854
2493000	-0.8000000000	0.0010000000	0.0001000000	100	100	0	0.938854
2494000	-0.8000000000	0.0010000000	0.0001000000	100	100	0	0.938854
2495000	-0.8000000000	0.0010000000	0.0001000000	100	100	0	0.927832
2496000	-0.8000000000	0.0010000000	0.0001000000	100	100	0	0.927832
2497000	-0.8000000000	0.0010000000	0.0001000000	100	100	0	0.927832
2498000	-0.8000000000	0.0010000000	0.0001000000	100	100	0	0.925842
2499000	-0.8000000000	0.0010000000	0.0001000000	100	100	0	0.927832
2500000	-0.8000000000	0.0010000000	0.0001000000	100	100	0	0.927832
