time	epistasis_coef	sel_coef	mu_prob	Ne	L	k_start	mean_fitness
1500000	0.0000000000	0.0100000000	0.0010000000	100	100	0	0.829286
1501000	0.0000000000	0.0100000000	0.0010000000	100	100	0	0.826959
1502000	0.0000000000	0.0100000000	0.0010000000	100	100	0	0.827544
1503000	0.0000000000	0.0100000000	0.0010000000	100	100	0	0.826959
1504000	0.0000000000	0.0100000000	0.0010000000	100	100	0	0.818731
1505000	0.0000000000	0.0100000000	0.0010000000	100	100	0	0.810667
1506000	0.0000000000	0.0100000000	0.0010000000	100	100	0	0.810020
1507000	0.0000000000	0.0100000000	0.0010000000	100	100	0	0.810504
1508000	0.0000000000	0.0100000000	0.0010000000	100	100	0	0.810504
1509000	0.0000000000	0.0100000000	0.0010000000	100	100	0	0.810584
1510000	0.0000000000	0.0100000000	0.0010000000	100	100	0	0.810584
1511000	0.0000000000	0.0100000000	0.0010000000	100	100	0	0.818731
1512000	0.0000000000	0.0100000000	0.0010000000	100	100	0	0.818405
1513000	0.0000000000	0.0100000000	0.0010000000	100	100	0	0.818731
1514000	0.0000000000	0.0100000000	0.0010000000	100	100	0	0.803085
1515000	0.0000000000	0.0100000000	0.0010000000	100	100	0	0.813191
1516000	0.0000000000	0.0100000000	0.0010000000	100	100	0	0.809697
1517000	0.0000000000	0.0100000000	0.0010000000	100	100	0	0.810584
1518000	0.0000000000	0.0100000000	0.0010000000	100	100	0	0.802519
1519000	0.0000000000	0.0100000000	0.0010000000	100	100	0	0.802519
1520000	0.0000000000	0.0100000000	0.0010000000	100	100	0	0.810584
1521000	0.0000000000	0.0100000000	0.0010000000	100	100	0	0.809132
1522000	0.0000000000	0.0100000000	0.0010000000	100	100	0	0.800922
1523000	0.0000000000	0.0100000000	0.0010000000	100	100	0	0.794534
1524000	0.0000000000	0.0100000000	0.0010000000	100	100	0	0.794217
1525000	0.0000000000	0.0100000000	0.0010000000	100	100	0	0.802279
1526000	0.0000000000	0.0100000000	0.0010000000	100	100	0	0.802359
1527000	0.0000000000	0.0100000000	0.0010000000	100	100	0	0.802041
1528000	0.0000000000	0.0100000000	0.0010000000	100	100	0	0.802519
1529000	0.0000000000	0.0100000000	0.0010000000	100	100	0	0.801720
1530000	0.0000000000	0.0100000000	0.0010000000	100	100	0	0.794375
1531000	0.0000000000	0.0100000000	0.0010000000	100	100	0	0.802519
1532000	0.0000000000	0.0100000000	0.0010000000	100	100	0	0.802519
1533000	0.0000000000	0.0100000000	0.0010000000	100	100	0	0.810181
1534000	0.0000000000	0.0100000000	0.0010000000	100	100	0	0.812539
1535000	0.0000000000	0.0100000000	0.0010000000	100	100	0	0.810584
1536000	0.0000000000	0.0100000000	0.0010000000	100	100	0	0.818731
1537000	0.0000000000	0.0100000000	0.0010000000	100	100	0	0.822187
1538000	0.0000000000	0.0100000000	0.0010000000	100	100	0	0.826959
1539000	0.0000000000	0.0100000000	0.0010000000	100	100	0	0.817590
1540000	0.0000000000	0.0100000000	0.0010000000	100	100	0	0.826548
1541000	0.0000000000	0.0100000000	0.0010000000	100	100	0	0.826959
1542000	0.0000000000	0.0100000000	0.0010000000	100	100	0	0.825231
1543000	0.0000000000	0.0100000000	0.0010000000	100	100	0	0.835270
1544000	0.0000000000	0.0100000000	0.0010000000	100	100	0	0.835270
1545000	0.0000000000	0.0100000000	0.0010000000	100	100	0	0.835270
1546000	0.0000000000	0.0100000000	0.0010000000	100	100	0	0.835270
1547000	0.0000000000	0.0100000000	0.0010000000	100	100	0	0.826959
1548000	0.0000000000	0.0100000000	0.0010000000	100	100	0	0.823998
1549000	0.0000000000	0.0100000000	0.0010000000	100	100	0	0.818731
1550000	0.0000000000	0.0100000000	0.0010000000	100	100	0	0.818731
1551000	0.0000000000	0.0100000000	0.0010000000	100	100	0	0.818731
1552000	0.0000000000	0.0100000000	0.0010000000	100	100	0	0.818649
1553000	0.0000000000	0.0100000000	0.0010000000	100	100	0	0.819554
1554000	0.0000000000	0.0100000000	0.0010000000	100	100	0	0.810504
1555000	0.0000000000	0.0100000000	0.0010000000	100	100	0	0.789395
1556000	0.0000000000	0.0100000000	0.0010000000	100	100	0	0.794613
1557000	0.0000000000	0.0100000000	0.0010000000	100	100	0	0.810584
1558000	0.0000000000	0.0100000000	0.0010000000	100	100	0	0.801800
1559000	0.0000000000	0.0100000000	0.0010000000	100	100	0	0.802599
1560000	0.0000000000	0.0100000000	0.0010000000	100	100	0	0.802519
1561000	0.0000000000	0.0100000000	0.0010000000	100	100	0	0.802359
1562000	0.0000000000	0.0100000000	0.0010000000	100	100	0	0.801002
1563000	0.0000000000	0.0100000000	0.0010000000	100	100	0	0.810584
1564000	0.0000000000	0.0100000000	0.0010000000	100	100	0	0.815228
1565000	0.0000000000	0.0100000000	0.0010000000	100	100	0	0.818731
1566000	0.0000000000	0.0100000000	0.0010000000	100	100	0	0.818731
1567000	0.0000000000	0.0100000000	0.0010000000	100	100	0	0.815967
1568000	0.0000000000	0.0100000000	0.0010000000	100	100	0	0.818731
1569000	0.0000000000	0.0100000000	0.0010000000	100	100	0	0.818323
1570000	0.0000000000	0.0100000000	0.0010000000	100	100	0	0.818731
1571000	0.0000000000	0.0100000000	0.0010000000	100	100	0	0.820706
1572000	0.0000000000	0.0100000000	0.0010000000	100	100	0	0.820376
1573000	0.0000000000	0.0100000000	0.0010000000	100	100	0	0.832029
1574000	0.0000000000	0.0100000000	0.0010000000	100	100	0	0.834442
1575000	0.0000000000	0.0100000000	0.0010000000	100	100	0	0.846125
1576000	0.0000000000	0.0100000000	0.0010000000	100	100	0	0.846548
1577000	0.0000000000	0.0100000000	0.0010000000	100	100	0	0.843665
1578000	0.0000000000	0.0100000000	0.0010000000	100	100	0	0.843665
1579000	0.0000000000	0.0100000000	0.0010000000	100	100	0	0.846802
1580000	0.0000000000	0.0100000000	0.0010000000	100	100	0	0.852144
1581000	0.0000000000	0.0100000000	0.0010000000	100	100	0	0.860622
1582000	0.0000000000	0.0100000000	0.0010000000	100	100	0	0.868666
1583000	0.0000000000	0.0100000000	0.0010000000	100	100	0	0.869358
1584000	0.0000000000	0.0100000000	0.0010000000	100	100	0	0.878008
1585000	0.0000000000	0.0100000000	0.0010000000	100	100	0	0.878095
1586000	0.0000000000	0.0100000000	0.0010000000	100	100	0	0.873133
1587000	0.0000000000	0.0100000000	0.0010000000	100	100	0	0.877309
1588000	0.0000000000	0.0100000000	0.0010000000	100	100	0	0.878008
1589000	0.0000000000	0.0100000000	0.0010000000	100	100	0	0.878095
1590000	0.0000000000	0.0100000000	0.0010000000	100	100	0	0.877396
1591000	0.0000000000	0.0100000000	0.0010000000	100	100	0	0.890129
1592000	0.0000000000	0.0100000000	0.0010000000	100	100	0	0.877921
1593000	0.0000000000	0.0100000000	0.0010000000	100	100	0	0.860708
1594000	0.0000000000	0.0100000000	0.0010000000	100	100	0	0.860708
1595000	0.0000000000	0.0100000000	0.0010000000	100	100	0	0.850456
1596000	0.0000000000	0.0100000000	0.0010000000	100	100	0	0.852144
1597000	0.0000000000	0.0100000000	0.0010000000	100	100	0	0.851296
1598000	0.0000000000	0.0100000000	0.0010000000	100	100	0	0.851974
1599000	0.0000000000	0.0100000000	0.0010000000	100	100	0	0.852144
1600000	0.0000000000	0.0100000000	0.0010000000	100	100	0	0.857454
1601000	0.0000000000	0.0100000000	0.0010000000	100	100	0	0.860622
1602000	0.0000000000	0.0100000000	0.0010000000	100	100	0	0.860708
1603000	0.0000000000	0.0100000000	0.0010000000	100	100	0	0.867974
1604000	0.0000000000	0.0100000000	0.0010000000	100	100	0	0.862784
1605000	0.0000000000	0.0100000000	0.0010000000	100	100	0	0.878095
1606000	0.0000000000	0.0100000000	0.0010000000	100	100	0	0.869358
1607000	0.0000000000	0.0100000000	0.0010000000	100	100	0	0.869358
1608000	0.0000000000	0.0100000000	0.0010000000	100	100	0	0.869185
1609000	0.0000000000	0.0100000000	0.0010000000	100	100	0	0.869358
1610000	0.0000000000	0.0100000000	0.0010000000	100	100	0	0.877484
1611000	0.0000000000	0.0100000000	0.0010000000	100	100	0	0.878095
1612000	0.0000000000	0.0100000000	0.0010000000	100	100	0	0.893786
1613000	0.0000000000	0.0100000000	0.0010000000	100	100	0	0.884449
1614000	0.0000000000	0.0100000000	0.0010000000	100	100	0	0.886832
1615000	0.0000000000	0.0100000000	0.0010000000	100	100	0	0.886920
1616000	0.0000000000	0.0100000000	0.0010000000	100	100	0	0.885861
1617000	0.0000000000	0.0100000000	0.0010000000	100	100	0	0.879105
1618000	0.0000000000	0.0100000000	0.0010000000	100	100	0	0.895478
1619000	0.0000000000	0.0100000000	0.0010000000	100	100	0	0.895834
1620000	0.0000000000	0.0100000000	0.0010000000	100	100	0	0.895032
1621000	0.0000000000	0.0100000000	0.0010000000	100	100	0	0.895834
1622000	0.0000000000	0.0100000000	0.0010000000	100	100	0	0.895834
1623000	0.0000000000	0.0100000000	0.0010000000	100	100	0	0.895834
1624000	0.0000000000	0.0100000000	0.0010000000	100	100	0	0.894408
1625000	0.0000000000	0.0100000000	0.0010000000	100	100	0	0.895834
1626000	0.0000000000	0.0100000000	0.0010000000	100	100	0	0.893249
1627000	0.0000000000	0.0100000000	0.0010000000	100	100	0	0.894854
1628000	0.0000000000	0.0100000000	0.0010000000	100	100	0	0.895834
1629000	0.0000000000	0.0100000000	0.0010000000	100	100	0	0.886832
1630000	0.0000000000	0.0100000000	0.0010000000	100	100	0	0.890042
1631000	0.0000000000	0.0100000000	0.0010000000	100	100	0	0.886920
1632000	0.0000000000	0.0100000000	0.0010000000	100	100	0	0.885155
1633000	0.0000000000	0.0100000000	0.0010000000	100	100	0	0.884714
1634000	0.0000000000	0.0100000000	0.0010000000	100	100	0	0.895834
1635000	0.0000000000	0.0100000000	0.0010000000	100	100	0	0.896014
1636000	0.0000000000	0.0100000000	0.0010000000	100	100	0	0.895834
1637000	0.0000000000	0.0100000000	0.0010000000	100	100	0	0.895745
1638000	0.0000000000	0.0100000000	0.0010000000	100	100	0	0.886920
1639000	0.0000000000	0.0100000000	0.0010000000	100	100	0	0.886920
1640000	0.0000000000	0.0100000000	0.0010000000	100	100	0	0.885420
1641000	0.0000000000	0.0100000000	0.0010000000	100	100	0	0.886832
1642000	0.0000000000	0.0100000000	0.0010000000	100	100	0	0.877396
1643000	0.0000000000	0.0100000000	0.0010000000	100	100	0	0.877309
1644000	0.0000000000	0.0100000000	0.0010000000	100	100	0	0.878978
1645000	0.0000000000	0.0100000000	0.0010000000	100	100	0	0.877929
1646000	0.0000000000	0.0100000000	0.0010000000	100	100	0	0.878095
1647000	0.0000000000	0.0100000000	0.0010000000	100	100	0	0.878095
1648000	0.0000000000	0.0100000000	0.0010000000	100	100	0	0.904837
1649000	0.0000000000	0.0100000000	0.0010000000	100	100	0	0.904747
1650000	0.0000000000	0.0100000000	0.0010000000	100	100	0	0.886920
1651000	0.0000000000	0.0100000000	0.0010000000	100	100	0	0.887010
1652000	0.0000000000	0.0100000000	0.0010000000	100	100	0	0.878095
1653000	0.0000000000	0.0100000000	0.0010000000	100	100	0	0.878095
1654000	0.0000000000	0.0100000000	0.0010000000	100	100	0	0.878095
1655000	0.0000000000	0.0100000000	0.0010000000	100	100	0	0.876435
1656000	0.0000000000	0.0100000000	0.0010000000	100	100	0	0.884096
1657000	0.0000000000	0.0100000000	0.0010000000	100	100	0	0.895745
1658000	0.0000000000	0.0100000000	0.0010000000	100	100	0	0.895834
1659000	0.0000000000	0.0100000000	0.0010000000	100	100	0	0.895834
1660000	0.0000000000	0.0100000000	0.0010000000	100	100	0	0.893606
1661000	0.0000000000	0.0100000000	0.0010000000	100	100	0	0.878008
1662000	0.0000000000	0.0100000000	0.0010000000	100	100	0	0.876348
1663000	0.0000000000	0.0100000000	0.0010000000	100	100	0	0.878725
1664000	0.0000000000	0.0100000000	0.0010000000	100	100	0	0.876435
1665000	0.0000000000	0.0100000000	0.0010000000	100	100	0	0.869272
1666000	0.0000000000	0.0100000000	0.0010000000	100	100	0	0.868407
1667000	0.0000000000	0.0100000000	0.0010000000	100	100	0	0.878095
1668000	0.0000000000	0.0100000000	0.0010000000	100	100	0	0.895834
1669000	0.0000000000	0.0100000000	0.0010000000	100	100	0	0.895210
1670000	0.0000000000	0.0100000000	0.0010000000	100	100	0	0.894051
1671000	0.0000000000	0.0100000000	0.0010000000	100	100	0	0.895478
1672000	0.0000000000	0.0100000000	0.0010000000	100	100	0	0.895745
1673000	0.0000000000	0.0100000000	0.0010000000	100	100	0	0.885773
1674000	0.0000000000	0.0100000000	0.0010000000	100	100	0	0.870232
1675000	0.0000000000	0.0100000000	0.0010000000	100	100	0	0.876435
1676000	0.0000000000	0.0100000000	0.0010000000	100	100	0	0.868753
1677000	0.0000000000	0.0100000000	0.0010000000	100	100	0	0.869358
1678000	0.0000000000	0.0100000000	0.0010000000	100	100	0	0.869358
1679000	0.0000000000	0.0100000000	0.0010000000	100	100	0	0.869446
1680000	0.0000000000	0.0100000000	0.0010000000	100	100	0	0.880655
1681000	0.0000000000	0.0100000000	0.0010000000	100	100	0	0.886920
1682000	0.0000000000	0.0100000000	0.0010000000	100	100	0	0.886744
1683000	0.0000000000	0.0100000000	0.0010000000	100	100	0	0.872418
1684000	0.0000000000	0.0100000000	0.0010000000	100	100	0	0.878095
1685000	0.0000000000	0.0100000000	0.0010000000	100	100	0	0.878095
1686000	0.0000000000	0.0100000000	0.0010000000	100	100	0	0.878095
1687000	0.0000000000	0.0100000000	0.0010000000	100	100	0	0.876350
1688000	0.0000000000	0.0100000000	0.0010000000	100	100	0	0.879331
1689000	0.0000000000	0.0100000000	0.0010000000	100	100	0	0.886567
1690000	0.0000000000	0.0100000000	0.0010000000	100	100	0	0.895656
1691000	0.0000000000	0.0100000000	0.0010000000	100	100	0	0.895745
1692000	0.0000000000	0.0100000000	0.0010000000	100	100	0	0.895388
1693000	0.0000000000	0.0100000000	0.0010000000	100	100	0	0.894497
1694000	0.0000000000	0.0100000000	0.0010000000	100	100	0	0.904837
1695000	0.0000000000	0.0100000000	0.0010000000	100	100	0	0.904837
1696000	0.0000000000	0.0100000000	0.0010000000	100	100	0	0.902407
1697000	0.0000000000	0.0100000000	0.0010000000	100	100	0	0.895834
1698000	0.0000000000	0.0100000000	0.0010000000	100	100	0	0.886567
1699000	0.0000000000	0.0100000000	0.0010000000	100	100	0	0.886920
1700000	0.0000000000	0.0100000000	0.0010000000	100	100	0	0.886920
1701000	0.0000000000	0.0100000000	0.0010000000	100	100	0	0.895834
1702000	0.0000000000	0.0100000000	0.0010000000	100	100	0	0.895834
1703000	0.0000000000	0.0100000000	0.0010000000	100	100	0	0.895834
1704000	0.0000000000	0.0100000000	0.0010000000	100	100	0	0.895656
1705000	0.0000000000	0.0100000000	0.0010000000	100	100	0	0.895745
1706000	0.0000000000	0.0100000000	0.0010000000	100	100	0	0.895834
1707000	0.0000000000	0.0100000000	0.0010000000	100	100	0	0.894854
1708000	0.0000000000	0.0100000000	0.0010000000	100	100	0	0.886920
1709000	0.0000000000	0.0100000000	0.0010000000	100	100	0	0.886920
1710000	0.0000000000	0.0100000000	0.0010000000	100	100	0	0.881537
1711000	0.0000000000	0.0100000000	0.0010000000	100	100	0	0.883920
1712000	0.0000000000	0.0100000000	0.0010000000	100	100	0	0.886920
1713000	0.0000000000	0.0100000000	0.0010000000	100	100	0	0.878095
1714000	0.0000000000	0.0100000000	0.0010000000	100	100	0	0.869012
1715000	0.0000000000	0.0100000000	0.0010000000	100	100	0	0.869358
1716000	0.0000000000	0.0100000000	0.0010000000	100	100	0	0.876610
1717000	0.0000000000	0.0100000000	0.0010000000	100	100	0	0.861140
1718000	0.0000000000	0.0100000000	0.0010000000	100	100	0	0.858824
1719000	0.0000000000	0.0100000000	0.0010000000	100	100	0	0.869358
1720000	0.0000000000	0.0100000000	0.0010000000	100	100	0	0.869358
1721000	0.0000000000	0.0100000000	0.0010000000	100	100	0	0.869358
1722000	0.0000000000	0.0100000000	0.0010000000	100	100	0	0.869272
1723000	0.0000000000	0.0100000000	0.0010000000	100	100	0	0.860708
1724000	0.0000000000	0.0100000000	0.0010000000	100	100	0	0.863044
1725000	0.0000000000	0.0100000000	0.0010000000	100	100	0	0.869358
1726000	0.0000000000	0.0100000000	0.0010000000	100	100	0	0.869358
1727000	0.0000000000	0.0100000000	0.0010000000	100	100	0	0.868839
1728000	0.0000000000	0.0100000000	0.0010000000	100	100	0	0.869358
1729000	0.0000000000	0.0100000000	0.0010000000	100	100	0	0.875125
1730000	0.0000000000	0.0100000000	0.0010000000	100	100	0	0.886920
1731000	0.0000000000	0.0100000000	0.0010000000	100	100	0	0.884802
1732000	0.0000000000	0.0100000000	0.0010000000	100	100	0	0.886920
1733000	0.0000000000	0.0100000000	0.0010000000	100	100	0	0.894051
1734000	0.0000000000	0.0100000000	0.0010000000	100	100	0	0.886920
1735000	0.0000000000	0.0100000000	0.0010000000	100	100	0	0.886656
1736000	0.0000000000	0.0100000000	0.0010000000	100	100	0	0.886920
1737000	0.0000000000	0.0100000000	0.0010000000	100	100	0	0.886656
1738000	0.0000000000	0.0100000000	0.0010000000	100	100	0	0.900786
1739000	0.0000000000	0.0100000000	0.0010000000	100	100	0	0.904657
1740000	0.0000000000	0.0100000000	0.0010000000	100	100	0	0.904747
1741000	0.0000000000	0.0100000000	0.0010000000	100	100	0	0.923116
1742000	0.0000000000	0.0100000000	0.0010000000	100	100	0	0.910839
1743000	0.0000000000	0.0100000000	0.0010000000	100	100	0	0.907404
1744000	0.0000000000	0.0100000000	0.0010000000	100	100	0	0.913931
1745000	0.0000000000	0.0100000000	0.0010000000	100	100	0	0.904837
1746000	0.0000000000	0.0100000000	0.0010000000	100	100	0	0.904837
1747000	0.0000000000	0.0100000000	0.0010000000	100	100	0	0.904297
1748000	0.0000000000	0.0100000000	0.0010000000	100	100	0	0.894943
1749000	0.0000000000	0.0100000000	0.0010000000	100	100	0	0.886920
1750000	0.0000000000	0.0100000000	0.0010000000	100	100	0	0.886832
1751000	0.0000000000	0.0100000000	0.0010000000	100	100	0	0.883037
1752000	0.0000000000	0.0100000000	0.0010000000	100	100	0	0.886920
1753000	0.0000000000	0.0100000000	0.0010000000	100	100	0	0.886920
1754000	0.0000000000	0.0100000000	0.0010000000	100	100	0	0.878008
1755000	0.0000000000	0.0100000000	0.0010000000	100	100	0	0.886920
1756000	0.0000000000	0.0100000000	0.0010000000	100	100	0	0.886920
1757000	0.0000000000	0.0100000000	0.0010000000	100	100	0	0.886920
1758000	0.0000000000	0.0100000000	0.0010000000	100	100	0	0.877134
1759000	0.0000000000	0.0100000000	0.0010000000	100	100	0	0.877746
1760000	0.0000000000	0.0100000000	0.0010000000	100	100	0	0.877659
1761000	0.0000000000	0.0100000000	0.0010000000	100	100	0	0.878095
1762000	0.0000000000	0.0100000000	0.0010000000	100	100	0	0.868839
1763000	0.0000000000	0.0100000000	0.0010000000	100	100	0	0.863649
1764000	0.0000000000	0.0100000000	0.0010000000	100	100	0	0.860622
1765000	0.0000000000	0.0100000000	0.0010000000	100	100	0	0.858824
1766000	0.0000000000	0.0100000000	0.0010000000	100	100	0	0.852144
1767000	0.0000000000	0.0100000000	0.0010000000	100	100	0	0.850702
1768000	0.0000000000	0.0100000000	0.0010000000	100	100	0	0.852144
1769000	0.0000000000	0.0100000000	0.0010000000	100	100	0	0.842322
1770000	0.0000000000	0.0100000000	0.0010000000	100	100	0	0.843665
1771000	0.0000000000	0.0100000000	0.0010000000	100	100	0	0.843665
1772000	0.0000000000	0.0100000000	0.0010000000	100	100	0	0.843665
1773000	0.0000000000	0.0100000000	0.0010000000	100	100	0	0.852144
1774000	0.0000000000	0.0100000000	0.0010000000	100	100	0	0.852144
1775000	0.0000000000	0.0100000000	0.0010000000	100	100	0	0.851889
1776000	0.0000000000	0.0100000000	0.0010000000	100	100	0	0.851805
1777000	0.0000000000	0.0100000000	0.0010000000	100	100	0	0.851720
1778000	0.0000000000	0.0100000000	0.0010000000	100	100	0	0.852144
1779000	0.0000000000	0.0100000000	0.0010000000	100	100	0	0.852144
1780000	0.0000000000	0.0100000000	0.0010000000	100	100	0	0.846209
1781000	0.0000000000	0.0100000000	0.0010000000	100	100	0	0.852144
1782000	0.0000000000	0.0100000000	0.0010000000	100	100	0	0.860194
1783000	0.0000000000	0.0100000000	0.0010000000	100	100	0	0.850194
1784000	0.0000000000	0.0100000000	0.0010000000	100	100	0	0.851805
1785000	0.0000000000	0.0100000000	0.0010000000	100	100	0	0.843581
1786000	0.0000000000	0.0100000000	0.0010000000	100	100	0	0.852144
1787000	0.0000000000	0.0100000000	0.0010000000	100	100	0	0.847841
1788000	0.0000000000	0.0100000000	0.0010000000	100	100	0	0.851889
1789000	0.0000000000	0.0100000000	0.0010000000	100	100	0	0.860708
1790000	0.0000000000	0.0100000000	0.0010000000	100	100	0	0.860622
1791000	0.0000000000	0.0100000000	0.0010000000	100	100	0	0.865725
1792000	0.0000000000	0.0100000000	0.0010000000	100	100	0	0.869358
1793000	0.0000000000	0.0100000000	0.0010000000	100	100	0	0.869185
1794000	0.0000000000	0.0100000000	0.0010000000	100	100	0	0.869358
1795000	0.0000000000	0.0100000000	0.0010000000	100	100	0	0.869185
1796000	0.0000000000	0.0100000000	0.0010000000	100	100	0	0.869358
1797000	0.0000000000	0.0100000000	0.0010000000	100	100	0	0.878184
1798000	0.0000000000	0.0100000000	0.0010000000	100	100	0	0.873465
1799000	0.0000000000	0.0100000000	0.0010000000	100	100	0	0.861922
1800000	0.0000000000	0.0100000000	0.0010000000	100	100	0	0.868493
1801000	0.0000000000	0.0100000000	0.0010000000	100	100	0	0.860623
1802000	0.0000000000	0.0100000000	0.0010000000	100	100	0	0.872766
1803000	0.0000000000	0.0100000000	0.0010000000	100	100	0	0.876086
1804000	0.0000000000	0.0100000000	0.0010000000	100	100	0	0.876435
1805000	0.0000000000	0.0100000000	0.0010000000	100	100	0	0.868320
1806000	0.0000000000	0.0100000000	0.0010000000	100	100	0	0.869358
1807000	0.0000000000	0.0100000000	0.0010000000	100	100	0	0.869358
1808000	0.0000000000	0.0100000000	0.0010000000	100	100	0	0.865985
1809000	0.0000000000	0.0100000000	0.0010000000	100	100	0	0.865727
1810000	0.0000000000	0.0100000000	0.0010000000	100	100	0	0.869358
1811000	0.0000000000	0.0100000000	0.0010000000	100	100	0	0.869358
1812000	0.0000000000	0.0100000000	0.0010000000	100	100	0	0.868580
1813000	0.0000000000	0.0100000000	0.0010000000	100	100	0	0.869358
1814000	0.0000000000	0.0100000000	0.0010000000	100	100	0	0.869358
1815000	0.0000000000	0.0100000000	0.0010000000	100	100	0	0.869272
1816000	0.0000000000	0.0100000000	0.0010000000	100	100	0	0.860708
1817000	0.0000000000	0.0100000000	0.0010000000	100	100	0	0.865130
1818000	0.0000000000	0.0100000000	0.0010000000	100	100	0	0.868839
1819000	0.0000000000	0.0100000000	0.0010000000	100	100	0	0.868320
1820000	0.0000000000	0.0100000000	0.0010000000	100	100	0	0.869012
1821000	0.0000000000	0.0100000000	0.0010000000	100	100	0	0.869358
1822000	0.0000000000	0.0100000000	0.0010000000	100	100	0	0.877921
1823000	0.0000000000	0.0100000000	0.0010000000	100	100	0	0.876348
1824000	0.0000000000	0.0100000000	0.0010000000	100	100	0	0.866417
1825000	0.0000000000	0.0100000000	0.0010000000	100	100	0	0.878095
1826000	0.0000000000	0.0100000000	0.0010000000	100	100	0	0.877309
1827000	0.0000000000	0.0100000000	0.0010000000	100	100	0	0.878095
1828000	0.0000000000	0.0100000000	0.0010000000	100	100	0	0.873902
1829000	0.0000000000	0.0100000000	0.0010000000	100	100	0	0.878095
1830000	0.0000000000	0.0100000000	0.0010000000	100	100	0	0.878008
1831000	0.0000000000	0.0100000000	0.0010000000	100	100	0	0.869358
1832000	0.0000000000	0.0100000000	0.0010000000	100	100	0	0.858995
1833000	0.0000000000	0.0100000000	0.0010000000	100	100	0	0.860451
1834000	0.0000000000	0.0100000000	0.0010000000	100	100	0	0.851381
1835000	0.0000000000	0.0100000000	0.0010000000	100	100	0	0.843497
1836000	0.0000000000	0.0100000000	0.0010000000	100	100	0	0.835270
1837000	0.0000000000	0.0100000000	0.0010000000	100	100	0	0.835522
1838000	0.0000000000	0.0100000000	0.0010000000	100	100	0	0.839132
1839000	0.0000000000	0.0100000000	0.0010000000	100	100	0	0.834522
1840000	0.0000000000	0.0100000000	0.0010000000	100	100	0	0.832860
1841000	0.0000000000	0.0100000000	0.0010000000	100	100	0	0.835270
1842000	0.0000000000	0.0100000000	0.0010000000	100	100	0	0.829536
1843000	0.0000000000	0.0100000000	0.0010000000	100	100	0	0.826959
1844000	0.0000000000	0.0100000000	0.0010000000	100	100	0	0.826959
1845000	0.0000000000	0.0100000000	0.0010000000	100	100	0	0.841567
1846000	0.0000000000	0.0100000000	0.0010000000	100	100	0	0.843665
1847000	0.0000000000	0.0100000000	0.0010000000	100	100	0	0.842070
1848000	0.0000000000	0.0100000000	0.0010000000	100	100	0	0.843665
1849000	0.0000000000	0.0100000000	0.0010000000	100	100	0	0.843253
1850000	0.0000000000	0.0100000000	0.0010000000	100	100	0	0.843581
1851000	0.0000000000	0.0100000000	0.0010000000	100	100	0	0.838461
1852000	0.0000000000	0.0100000000	0.0010000000	100	100	0	0.834605
1853000	0.0000000000	0.0100000000	0.0010000000	100	100	0	0.833857
1854000	0.0000000000	0.0100000000	0.0010000000	100	100	0	0.834273
1855000	0.0000000000	0.0100000000	0.0010000000	100	100	0	0.835858
1856000	0.0000000000	0.0100000000	0.0010000000	100	100	0	0.825313
1857000	0.0000000000	0.0100000000	0.0010000000	100	100	0	0.825807
1858000	0.0000000000	0.0100000000	0.0010000000	100	100	0	0.826959
1859000	0.0000000000	0.0100000000	0.0010000000	100	100	0	0.826959
1860000	0.0000000000	0.0100000000	0.0010000000	100	100	0	0.843497
1861000	0.0000000000	0.0100000000	0.0010000000	100	100	0	0.843665
1862000	0.0000000000	0.0100000000	0.0010000000	100	100	0	0.843413
1863000	0.0000000000	0.0100000000	0.0010000000	100	100	0	0.844174
1864000	0.0000000000	0.0100000000	0.0010000000	100	100	0	0.852059
1865000	0.0000000000	0.0100000000	0.0010000000	100	100	0	0.851889
1866000	0.0000000000	0.0100000000	0.0010000000	100	100	0	0.852144
1867000	0.0000000000	0.0100000000	0.0010000000	100	100	0	0.852144
1868000	0.0000000000	0.0100000000	0.0010000000	100	100	0	0.852144
1869000	0.0000000000	0.0100000000	0.0010000000	100	100	0	0.878095
1870000	0.0000000000	0.0100000000	0.0010000000	100	100	0	0.874251
1871000	0.0000000000	0.0100000000	0.0010000000	100	100	0	0.878095
1872000	0.0000000000	0.0100000000	0.0010000000	100	100	0	0.885244
1873000	0.0000000000	0.0100000000	0.0010000000	100	100	0	0.881184
1874000	0.0000000000	0.0100000000	0.0010000000	100	100	0	0.878095
1875000	0.0000000000	0.0100000000	0.0010000000	100	100	0	0.872855
1876000	0.0000000000	0.0100000000	0.0010000000	100	100	0	0.868753
1877000	0.0000000000	0.0100000000	0.0010000000	100	100	0	0.860622
1878000	0.0000000000	0.0100000000	0.0010000000	100	100	0	0.860708
1879000	0.0000000000	0.0100000000	0.0010000000	100	100	0	0.859766
1880000	0.0000000000	0.0100000000	0.0010000000	100	100	0	0.860708
1881000	0.0000000000	0.0100000000	0.0010000000	100	100	0	0.860708
1882000	0.0000000000	0.0100000000	0.0010000000	100	100	0	0.852144
1883000	0.0000000000	0.0100000000	0.0010000000	100	100	0	0.852144
1884000	0.0000000000	0.0100000000	0.0010000000	100	100	0	0.843665
1885000	0.0000000000	0.0100000000	0.0010000000	100	100	0	0.852144
1886000	0.0000000000	0.0100000000	0.0010000000	100	100	0	0.860622
1887000	0.0000000000	0.0100000000	0.0010000000	100	100	0	0.860280
1888000	0.0000000000	0.0100000000	0.0010000000	100	100	0	0.867196
1889000	0.0000000000	0.0100000000	0.0010000000	100	100	0	0.869358
1890000	0.0000000000	0.0100000000	0.0010000000	100	100	0	0.878095
1891000	0.0000000000	0.0100000000	0.0010000000	100	100	0	0.877222
1892000	0.0000000000	0.0100000000	0.0010000000	100	100	0	0.878095
1893000	0.0000000000	0.0100000000	0.0010000000	100	100	0	0.881890
1894000	0.0000000000	0.0100000000	0.0010000000	100	100	0	0.894319
1895000	0.0000000000	0.0100000000	0.0010000000	100	100	0	0.898818
1896000	0.0000000000	0.0100000000	0.0010000000	100	100	0	0.904837
1897000	0.0000000000	0.0100000000	0.0010000000	100	100	0	0.903759
1898000	0.0000000000	0.0100000000	0.0010000000	100	100	0	0.902046
1899000	0.0000000000	0.0100000000	0.0010000000	100	100	0	0.913931
1900000	0.0000000000	0.0100000000	0.0010000000	100	100	0	0.913931
1901000	0.0000000000	0.0100000000	0.0010000000	100	100	0	0.916319
1902000	0.0000000000	0.0100000000	0.0010000000	100	100	0	0.913931
1903000	0.0000000000	0.0100000000	0.0010000000	100	100	0	0.913931
1904000	0.0000000000	0.0100000000	0.0010000000	100	100	0	0.912021
1905000	0.0000000000	0.0100000000	0.0010000000	100	100	0	0.913931
1906000	0.0000000000	0.0100000000	0.0010000000	100	100	0	0.904657
1907000	0.0000000000	0.0100000000	0.0010000000	100	100	0	0.894408
1908000	0.0000000000	0.0100000000	0.0010000000	100	100	0	0.886920
1909000	0.0000000000	0.0100000000	0.0010000000	100	100	0	0.885861
1910000	0.0000000000	0.0100000000	0.0010000000	100	100	0	0.878272
1911000	0.0000000000	0.0100000000	0.0010000000	100	100	0	0.868407
1912000	0.0000000000	0.0100000000	0.0010000000	100	100	0	0.860708
1913000	0.0000000000	0.0100000000	0.0010000000	100	100	0	0.860622
1914000	0.0000000000	0.0100000000	0.0010000000	100	100	0	0.860708
1915000	0.0000000000	0.0100000000	0.0010000000	100	100	0	0.860537
1916000	0.0000000000	0.0100000000	0.0010000000	100	100	0	0.868927
1917000	0.0000000000	0.0100000000	0.0010000000	100	100	0	0.868580
1918000	0.0000000000	0.0100000000	0.0010000000	100	100	0	0.867801
1919000	0.0000000000	0.0100000000	0.0010000000	100	100	0	0.869446
1920000	0.0000000000	0.0100000000	0.0010000000	100	100	0	0.878095
1921000	0.0000000000	0.0100000000	0.0010000000	100	100	0	0.878095
1922000	0.0000000000	0.0100000000	0.0010000000	100	100	0	0.877048
1923000	0.0000000000	0.0100000000	0.0010000000	100	100	0	0.886567
1924000	0.0000000000	0.0100000000	0.0010000000	100	100	0	0.895834
1925000	0.0000000000	0.0100000000	0.0010000000	100	100	0	0.895834
1926000	0.0000000000	0.0100000000	0.0010000000	100	100	0	0.895745
1927000	0.0000000000	0.0100000000	0.0010000000	100	100	0	0.904837
1928000	0.0000000000	0.0100000000	0.0010000000	100	100	0	0.904477
1929000	0.0000000000	0.0100000000	0.0010000000	100	100	0	0.904747
1930000	0.0000000000	0.0100000000	0.0010000000	100	100	0	0.902046
1931000	0.0000000000	0.0100000000	0.0010000000	100	100	0	0.903847
1932000	0.0000000000	0.0100000000	0.0010000000	100	100	0	0.904837
1933000	0.0000000000	0.0100000000	0.0010000000	100	100	0	0.895834
1934000	0.0000000000	0.0100000000	0.0010000000	100	100	0	0.895834
1935000	0.0000000000	0.0100000000	0.0010000000	100	100	0	0.895299
1936000	0.0000000000	0.0100000000	0.0010000000	100	100	0	0.895745
1937000	0.0000000000	0.0100000000	0.0010000000	100	100	0	0.894586
1938000	0.0000000000	0.0100000000	0.0010000000	100	100	0	0.895834
1939000	0.0000000000	0.0100000000	0.0010000000	100	100	0	0.880754
1940000	0.0000000000	0.0100000000	0.0010000000	100	100	0	0.895656
1941000	0.0000000000	0.0100000000	0.0010000000	100	100	0	0.895299
1942000	0.0000000000	0.0100000000	0.0010000000	100	100	0	0.885244
1943000	0.0000000000	0.0100000000	0.0010000000	100	100	0	0.894764
1944000	0.0000000000	0.0100000000	0.0010000000	100	100	0	0.895388
1945000	0.0000000000	0.0100000000	0.0010000000	100	100	0	0.895834
1946000	0.0000000000	0.0100000000	0.0010000000	100	100	0	0.895746
1947000	0.0000000000	0.0100000000	0.0010000000	100	100	0	0.893962
1948000	0.0000000000	0.0100000000	0.0010000000	100	100	0	0.904567
1949000	0.0000000000	0.0100000000	0.0010000000	100	100	0	0.892803
1950000	0.0000000000	0.0100000000	0.0010000000	100	100	0	0.904837
1951000	0.0000000000	0.0100000000	0.0010000000	100	100	0	0.903049
1952000	0.0000000000	0.0100000000	0.0010000000	100	100	0	0.901956
1953000	0.0000000000	0.0100000000	0.0010000000	100	100	0	0.887455
1954000	0.0000000000	0.0100000000	0.0010000000	100	100	0	0.894675
1955000	0.0000000000	0.0100000000	0.0010000000	100	100	0	0.904837
1956000	0.0000000000	0.0100000000	0.0010000000	100	100	0	0.895834
1957000	0.0000000000	0.0100000000	0.0010000000	100	100	0	0.895834
1958000	0.0000000000	0.0100000000	0.0010000000	100	100	0	0.895834
1959000	0.0000000000	0.0100000000	0.0010000000	100	100	0	0.895745
1960000	0.0000000000	0.0100000000	0.0010000000	100	100	0	0.886920
1961000	0.0000000000	0.0100000000	0.0010000000	100	100	0	0.886744
1962000	0.0000000000	0.0100000000	0.0010000000	100	100	0	0.886920
1963000	0.0000000000	0.0100000000	0.0010000000	100	100	0	0.885508
1964000	0.0000000000	0.0100000000	0.0010000000	100	100	0	0.895834
1965000	0.0000000000	0.0100000000	0.0010000000	100	100	0	0.904837
1966000	0.0000000000	0.0100000000	0.0010000000	100	100	0	0.904567
1967000	0.0000000000	0.0100000000	0.0010000000	100	100	0	0.904837
1968000	0.0000000000	0.0100000000	0.0010000000	100	100	0	0.913840
1969000	0.0000000000	0.0100000000	0.0010000000	100	100	0	0.901506
1970000	0.0000000000	0.0100000000	0.0010000000	100	100	0	0.904837
1971000	0.0000000000	0.0100000000	0.0010000000	100	100	0	0.895032
1972000	0.0000000000	0.0100000000	0.0010000000	100	100	0	0.895834
1973000	0.0000000000	0.0100000000	0.0010000000	100	100	0	0.886303
1974000	0.0000000000	0.0100000000	0.0010000000	100	100	0	0.886920
1975000	0.0000000000	0.0100000000	0.0010000000	100	100	0	0.886920
1976000	0.0000000000	0.0100000000	0.0010000000	100	100	0	0.886920
1977000	0.0000000000	0.0100000000	0.0010000000	100	100	0	0.886920
1978000	0.0000000000	0.0100000000	0.0010000000	100	100	0	0.886920
1979000	0.0000000000	0.0100000000	0.0010000000	100	100	0	0.878095
1980000	0.0000000000	0.0100000000	0.0010000000	100	100	0	0.875660
1981000	0.0000000000	0.0100000000	0.0010000000	100	100	0	0.886391
1982000	0.0000000000	0.0100000000	0.0010000000	100	100	0	0.886920
1983000	0.0000000000	0.0100000000	0.0010000000	100	100	0	0.885950
1984000	0.0000000000	0.0100000000	0.0010000000	100	100	0	0.883214
1985000	0.0000000000	0.0100000000	0.0010000000	100	100	0	0.886832
1986000	0.0000000000	0.0100000000	0.0010000000	100	100	0	0.886920
1987000	0.0000000000	0.0100000000	0.0010000000	100	100	0	0.886744
1988000	0.0000000000	0.0100000000	0.0010000000	100	100	0	0.895478
1989000	0.0000000000	0.0100000000	0.0010000000	100	100	0	0.895478
1990000	0.0000000000	0.0100000000	0.0010000000	100	100	0	0.895032
1991000	0.0000000000	0.0100000000	0.0010000000	100	100	0	0.894497
1992000	0.0000000000	0.0100000000	0.0010000000	100	100	0	0.895834
1993000	0.0000000000	0.0100000000	0.0010000000	100	100	0	0.898265
1994000	0.0000000000	0.0100000000	0.0010000000	100	100	0	0.895834
1995000	0.0000000000	0.0100000000	0.0010000000	100	100	0	0.895033
1996000	0.0000000000	0.0100000000	0.0010000000	100	100	0	0.891468
1997000	0.0000000000	0.0100000000	0.0010000000	100	100	0	0.895834
1998000	0.0000000000	0.0100000000	0.0010000000	100	100	0	0.895834
1999000	0.0000000000	0.0100000000	0.0010000000	100	100	0	0.894592
2000000	0.0000000000	0.0100000000	0.0010000000	100	100	0	0.895834
2001000	0.0000000000	0.0100000000	0.0010000000	100	100	0	0.886567
2002000	0.0000000000	0.0100000000	0.0010000000	100	100	0	0.880390
2003000	0.0000000000	0.0100000000	0.0010000000	100	100	0	0.886920
2004000	0.0000000000	0.0100000000	0.0010000000	100	100	0	0.890129
2005000	0.0000000000	0.0100000000	0.0010000000	100	100	0	0.886744
2006000	0.0000000000	0.0100000000	0.0010000000	100	100	0	0.879599
2007000	0.0000000000	0.0100000000	0.0010000000	100	100	0	0.885867
2008000	0.0000000000	0.0100000000	0.0010000000	100	100	0	0.886920
2009000	0.0000000000	0.0100000000	0.0010000000	100	100	0	0.886920
2010000	0.0000000000	0.0100000000	0.0010000000	100	100	0	0.878095
2011000	0.0000000000	0.0100000000	0.0010000000	100	100	0	0.878008
2012000	0.0000000000	0.0100000000	0.0010000000	100	100	0	0.877833
2013000	0.0000000000	0.0100000000	0.0010000000	100	100	0	0.878095
2014000	0.0000000000	0.0100000000	0.0010000000	100	100	0	0.878095
2015000	0.0000000000	0.0100000000	0.0010000000	100	100	0	0.878095
2016000	0.0000000000	0.0100000000	0.0010000000	100	100	0	0.886920
2017000	0.0000000000	0.0100000000	0.0010000000	100	100	0	0.895210
2018000	0.0000000000	0.0100000000	0.0010000000	100	100	0	0.886656
2019000	0.0000000000	0.0100000000	0.0010000000	100	100	0	0.886920
2020000	0.0000000000	0.0100000000	0.0010000000	100	100	0	0.886920
2021000	0.0000000000	0.0100000000	0.0010000000	100	100	0	0.870581
2022000	0.0000000000	0.0100000000	0.0010000000	100	100	0	0.873476
2023000	0.0000000000	0.0100000000	0.0010000000	100	100	0	0.884365
2024000	0.0000000000	0.0100000000	0.0010000000	100	100	0	0.887101
2025000	0.0000000000	0.0100000000	0.0010000000	100	100	0	0.894141
2026000	0.0000000000	0.0100000000	0.0010000000	100	100	0	0.895834
2027000	0.0000000000	0.0100000000	0.0010000000	100	100	0	0.895834
2028000	0.0000000000	0.0100000000	0.0010000000	100	100	0	0.896014
2029000	0.0000000000	0.0100000000	0.0010000000	100	100	0	0.890309
2030000	0.0000000000	0.0100000000	0.0010000000	100	100	0	0.886832
2031000	0.0000000000	0.0100000000	0.0010000000	100	100	0	0.886038
2032000	0.0000000000	0.0100000000	0.0010000000	100	100	0	0.886920
2033000	0.0000000000	0.0100000000	0.0010000000	100	100	0	0.895834
2034000	0.0000000000	0.0100000000	0.0010000000	100	100	0	0.895834
2035000	0.0000000000	0.0100000000	0.0010000000	100	100	0	0.890664
2036000	0.0000000000	0.0100000000	0.0010000000	100	100	0	0.904837
2037000	0.0000000000	0.0100000000	0.0010000000	100	100	0	0.904837
2038000	0.0000000000	0.0100000000	0.0010000000	100	100	0	0.904837
2039000	0.0000000000	0.0100000000	0.0010000000	100	100	0	0.895834
2040000	0.0000000000	0.0100000000	0.0010000000	100	100	0	0.895834
2041000	0.0000000000	0.0100000000	0.0010000000	100	100	0	0.895834
2042000	0.0000000000	0.0100000000	0.0010000000	100	100	0	0.892536
2043000	0.0000000000	0.0100000000	0.0010000000	100	100	0	0.895834
2044000	0.0000000000	0.0100000000	0.0010000000	100	100	0	0.895834
2045000	0.0000000000	0.0100000000	0.0010000000	100	100	0	0.895388
2046000	0.0000000000	0.0100000000	0.0010000000	100	100	0	0.875736
2047000	0.0000000000	0.0100000000	0.0010000000	100	100	0	0.878095
2048000	0.0000000000	0.0100000000	0.0010000000	100	100	0	0.864947
2049000	0.0000000000	0.0100000000	0.0010000000	100	100	0	0.861313
2050000	0.0000000000	0.0100000000	0.0010000000	100	100	0	0.851720
2051000	0.0000000000	0.0100000000	0.0010000000	100	100	0	0.852144
2052000	0.0000000000	0.0100000000	0.0010000000	100	100	0	0.843665
2053000	0.0000000000	0.0100000000	0.0010000000	100	100	0	0.844352
2054000	0.0000000000	0.0100000000	0.0010000000	100	100	0	0.849431
2055000	0.0000000000	0.0100000000	0.0010000000	100	100	0	0.849939
2056000	0.0000000000	0.0100000000	0.0010000000	100	100	0	0.851211
2057000	0.0000000000	0.0100000000	0.0010000000	100	100	0	0.852059
2058000	0.0000000000	0.0100000000	0.0010000000	100	100	0	0.859166
2059000	0.0000000000	0.0100000000	0.0010000000	100	100	0	0.860708
2060000	0.0000000000	0.0100000000	0.0010000000	100	100	0	0.860708
2061000	0.0000000000	0.0100000000	0.0010000000	100	100	0	0.867628
2062000	0.0000000000	0.0100000000	0.0010000000	100	100	0	0.869358
2063000	0.0000000000	0.0100000000	0.0010000000	100	100	0	0.869358
2064000	0.0000000000	0.0100000000	0.0010000000	100	100	0	0.869272
2065000	0.0000000000	0.0100000000	0.0010000000	100	100	0	0.860708
2066000	0.0000000000	0.0100000000	0.0010000000	100	100	0	0.860023
2067000	0.0000000000	0.0100000000	0.0010000000	100	100	0	0.869446
2068000	0.0000000000	0.0100000000	0.0010000000	100	100	0	0.860622
2069000	0.0000000000	0.0100000000	0.0010000000	100	100	0	0.860286
2070000	0.0000000000	0.0100000000	0.0010000000	100	100	0	0.860708
2071000	0.0000000000	0.0100000000	0.0010000000	100	100	0	0.886567
2072000	0.0000000000	0.0100000000	0.0010000000	100	100	0	0.885420
2073000	0.0000000000	0.0100000000	0.0010000000	100	100	0	0.886303
2074000	0.0000000000	0.0100000000	0.0010000000	100	100	0	0.886920
2075000	0.0000000000	0.0100000000	0.0010000000	100	100	0	0.885597
2076000	0.0000000000	0.0100000000	0.0010000000	100	100	0	0.886920
2077000	0.0000000000	0.0100000000	0.0010000000	100	100	0	0.875825
2078000	0.0000000000	0.0100000000	0.0010000000	100	100	0	0.878095
2079000	0.0000000000	0.0100000000	0.0010000000	100	100	0	0.886920
2080000	0.0000000000	0.0100000000	0.0010000000	100	100	0	0.886920
2081000	0.0000000000	0.0100000000	0.0010000000	100	100	0	0.878095
2082000	0.0000000000	0.0100000000	0.0010000000	100	100	0	0.886215
2083000	0.0000000000	0.0100000000	0.0010000000	100	100	0	0.877222
2084000	0.0000000000	0.0100000000	0.0010000000	100	100	0	0.877921
2085000	0.0000000000	0.0100000000	0.0010000000	100	100	0	0.887366
2086000	0.0000000000	0.0100000000	0.0010000000	100	100	0	0.886920
2087000	0.0000000000	0.0100000000	0.0010000000	100	100	0	0.883390
2088000	0.0000000000	0.0100000000	0.0010000000	100	100	0	0.895834
2089000	0.0000000000	0.0100000000	0.0010000000	100	100	0	0.896014
2090000	0.0000000000	0.0100000000	0.0010000000	100	100	0	0.886744
2091000	0.0000000000	0.0100000000	0.0010000000	100	100	0	0.886920
2092000	0.0000000000	0.0100000000	0.0010000000	100	100	0	0.888097
2093000	0.0000000000	0.0100000000	0.0010000000	100	100	0	0.870931
2094000	0.0000000000	0.0100000000	0.0010000000	100	100	0	0.867715
2095000	0.0000000000	0.0100000000	0.0010000000	100	100	0	0.869358
2096000	0.0000000000	0.0100000000	0.0010000000	100	100	0	0.866590
2097000	0.0000000000	0.0100000000	0.0010000000	100	100	0	0.877309
2098000	0.0000000000	0.0100000000	0.0010000000	100	100	0	0.878008
2099000	0.0000000000	0.0100000000	0.0010000000	100	100	0	0.874514
2100000	0.0000000000	0.0100000000	0.0010000000	100	100	0	0.886126
2101000	0.0000000000	0.0100000000	0.0010000000	100	100	0	0.886567
2102000	0.0000000000	0.0100000000	0.0010000000	100	100	0	0.886744
2103000	0.0000000000	0.0100000000	0.0010000000	100	100	0	0.877833
2104000	0.0000000000	0.0100000000	0.0010000000	100	100	0	0.869185
2105000	0.0000000000	0.0100000000	0.0010000000	100	100	0	0.869358
2106000	0.0000000000	0.0100000000	0.0010000000	100	100	0	0.869358
2107000	0.0000000000	0.0100000000	0.0010000000	100	100	0	0.878008
2108000	0.0000000000	0.0100000000	0.0010000000	100	100	0	0.878095
2109000	0.0000000000	0.0100000000	0.0010000000	100	100	0	0.878184
2110000	0.0000000000	0.0100000000	0.0010000000	100	100	0	0.876872
2111000	0.0000000000	0.0100000000	0.0010000000	100	100	0	0.878095
2112000	0.0000000000	0.0100000000	0.0010000000	100	100	0	0.895834
2113000	0.0000000000	0.0100000000	0.0010000000	100	100	0	0.895834
2114000	0.0000000000	0.0100000000	0.0010000000	100	100	0	0.895834
2115000	0.0000000000	0.0100000000	0.0010000000	100	100	0	0.898715
2116000	0.0000000000	0.0100000000	0.0010000000	100	100	0	0.895121
2117000	0.0000000000	0.0100000000	0.0010000000	100	100	0	0.894497
2118000	0.0000000000	0.0100000000	0.0010000000	100	100	0	0.895834
2119000	0.0000000000	0.0100000000	0.0010000000	100	100	0	0.895834
2120000	0.0000000000	0.0100000000	0.0010000000	100	100	0	0.890230
2121000	0.0000000000	0.0100000000	0.0010000000	100	100	0	0.895834
2122000	0.0000000000	0.0100000000	0.0010000000	100	100	0	0.895834
2123000	0.0000000000	0.0100000000	0.0010000000	100	100	0	0.894764
2124000	0.0000000000	0.0100000000	0.0010000000	100	100	0	0.887634
2125000	0.0000000000	0.0100000000	0.0010000000	100	100	0	0.896650
2126000	0.0000000000	0.0100000000	0.0010000000	100	100	0	0.886744
2127000	0.0000000000	0.0100000000	0.0010000000	100	100	0	0.895834
2128000	0.0000000000	0.0100000000	0.0010000000	100	100	0	0.878272
2129000	0.0000000000	0.0100000000	0.0010000000	100	100	0	0.874704
2130000	0.0000000000	0.0100000000	0.0010000000	100	100	0	0.878360
2131000	0.0000000000	0.0100000000	0.0010000000	100	100	0	0.869358
2132000	0.0000000000	0.0100000000	0.0010000000	100	100	0	0.869358
2133000	0.0000000000	0.0100000000	0.0010000000	100	100	0	0.868061
2134000	0.0000000000	0.0100000000	0.0010000000	100	100	0	0.851974
2135000	0.0000000000	0.0100000000	0.0010000000	100	100	0	0.860721
2136000	0.0000000000	0.0100000000	0.0010000000	100	100	0	0.860451
2137000	0.0000000000	0.0100000000	0.0010000000	100	100	0	0.860708
2138000	0.0000000000	0.0100000000	0.0010000000	100	100	0	0.860708
2139000	0.0000000000	0.0100000000	0.0010000000	100	100	0	0.860708
2140000	0.0000000000	0.0100000000	0.0010000000	100	100	0	0.860708
2141000	0.0000000000	0.0100000000	0.0010000000	100	100	0	0.860708
2142000	0.0000000000	0.0100000000	0.0010000000	100	100	0	0.860708
2143000	0.0000000000	0.0100000000	0.0010000000	100	100	0	0.869358
2144000	0.0000000000	0.0100000000	0.0010000000	100	100	0	0.878095
2145000	0.0000000000	0.0100000000	0.0010000000	100	100	0	0.878008
2146000	0.0000000000	0.0100000000	0.0010000000	100	100	0	0.885244
2147000	0.0000000000	0.0100000000	0.0010000000	100	100	0	0.878095
2148000	0.0000000000	0.0100000000	0.0010000000	100	100	0	0.878095
2149000	0.0000000000	0.0100000000	0.0010000000	100	100	0	0.886920
2150000	0.0000000000	0.0100000000	0.0010000000	100	100	0	0.886479
2151000	0.0000000000	0.0100000000	0.0010000000	100	100	0	0.886038
2152000	0.0000000000	0.0100000000	0.0010000000	100	100	0	0.882861
2153000	0.0000000000	0.0100000000	0.0010000000	100	100	0	0.877833
2154000	0.0000000000	0.0100000000	0.0010000000	100	100	0	0.869358
2155000	0.0000000000	0.0100000000	0.0010000000	100	100	0	0.878095
2156000	0.0000000000	0.0100000000	0.0010000000	100	100	0	0.869358
2157000	0.0000000000	0.0100000000	0.0010000000	100	100	0	0.875212
2158000	0.0000000000	0.0100000000	0.0010000000	100	100	0	0.878095
2159000	0.0000000000	0.0100000000	0.0010000000	100	100	0	0.871717
2160000	0.0000000000	0.0100000000	0.0010000000	100	100	0	0.888622
2161000	0.0000000000	0.0100000000	0.0010000000	100	100	0	0.895656
2162000	0.0000000000	0.0100000000	0.0010000000	100	100	0	0.895834
2163000	0.0000000000	0.0100000000	0.0010000000	100	100	0	0.886920
2164000	0.0000000000	0.0100000000	0.0010000000	100	100	0	0.886744
2165000	0.0000000000	0.0100000000	0.0010000000	100	100	0	0.886920
2166000	0.0000000000	0.0100000000	0.0010000000	100	100	0	0.885244
2167000	0.0000000000	0.0100000000	0.0010000000	100	100	0	0.892001
2168000	0.0000000000	0.0100000000	0.0010000000	100	100	0	0.895032
2169000	0.0000000000	0.0100000000	0.0010000000	100	100	0	0.895745
2170000	0.0000000000	0.0100000000	0.0010000000	100	100	0	0.898805
2171000	0.0000000000	0.0100000000	0.0010000000	100	100	0	0.883480
2172000	0.0000000000	0.0100000000	0.0010000000	100	100	0	0.883214
2173000	0.0000000000	0.0100000000	0.0010000000	100	100	0	0.892627
2174000	0.0000000000	0.0100000000	0.0010000000	100	100	0	0.884891
2175000	0.0000000000	0.0100000000	0.0010000000	100	100	0	0.883847
2176000	0.0000000000	0.0100000000	0.0010000000	100	100	0	0.873902
2177000	0.0000000000	0.0100000000	0.0010000000	100	100	0	0.869358
2178000	0.0000000000	0.0100000000	0.0010000000	100	100	0	0.878192
2179000	0.0000000000	0.0100000000	0.0010000000	100	100	0	0.884626
2180000	0.0000000000	0.0100000000	0.0010000000	100	100	0	0.878095
2181000	0.0000000000	0.0100000000	0.0010000000	100	100	0	0.878095
2182000	0.0000000000	0.0100000000	0.0010000000	100	100	0	0.877574
2183000	0.0000000000	0.0100000000	0.0010000000	100	100	0	0.875304
2184000	0.0000000000	0.0100000000	0.0010000000	100	100	0	0.878095
2185000	0.0000000000	0.0100000000	0.0010000000	100	100	0	0.886920
2186000	0.0000000000	0.0100000000	0.0010000000	100	100	0	0.885773
2187000	0.0000000000	0.0100000000	0.0010000000	100	100	0	0.887901
2188000	0.0000000000	0.0100000000	0.0010000000	100	100	0	0.886920
2189000	0.0000000000	0.0100000000	0.0010000000	100	100	0	0.886832
2190000	0.0000000000	0.0100000000	0.0010000000	100	100	0	0.878095
2191000	0.0000000000	0.0100000000	0.0010000000	100	100	0	0.877921
2192000	0.0000000000	0.0100000000	0.0010000000	100	100	0	0.881008
2193000	0.0000000000	0.0100000000	0.0010000000	100	100	0	0.871455
2194000	0.0000000000	0.0100000000	0.0010000000	100	100	0	0.881361
2195000	0.0000000000	0.0100000000	0.0010000000	100	100	0	0.886832
2196000	0.0000000000	0.0100000000	0.0010000000	100	100	0	0.895834
2197000	0.0000000000	0.0100000000	0.0010000000	100	100	0	0.895834
2198000	0.0000000000	0.0100000000	0.0010000000	100	100	0	0.911749
2199000	0.0000000000	0.0100000000	0.0010000000	100	100	0	0.907838
2200000	0.0000000000	0.0100000000	0.0010000000	100	100	0	0.913658
2201000	0.0000000000	0.0100000000	0.0010000000	100	100	0	0.913749
2202000	0.0000000000	0.0100000000	0.0010000000	100	100	0	0.915309
2203000	0.0000000000	0.0100000000	0.0010000000	100	100	0	0.910476
2204000	0.0000000000	0.0100000000	0.0010000000	100	100	0	0.923024
2205000	0.0000000000	0.0100000000	0.0010000000	100	100	0	0.922014
2206000	0.0000000000	0.0100000000	0.0010000000	100	100	0	0.913931
2207000	0.0000000000	0.0100000000	0.0010000000	100	100	0	0.911567
2208000	0.0000000000	0.0100000000	0.0010000000	100	100	0	0.907020
2209000	0.0000000000	0.0100000000	0.0010000000	100	100	0	0.909407
2210000	0.0000000000	0.0100000000	0.0010000000	100	100	0	0.913749
2211000	0.0000000000	0.0100000000	0.0010000000	100	100	0	0.885508
2212000	0.0000000000	0.0100000000	0.0010000000	100	100	0	0.893873
2213000	0.0000000000	0.0100000000	0.0010000000	100	100	0	0.891377
2214000	0.0000000000	0.0100000000	0.0010000000	100	100	0	0.877921
2215000	0.0000000000	0.0100000000	0.0010000000	100	100	0	0.878095
2216000	0.0000000000	0.0100000000	0.0010000000	100	100	0	0.885332
2217000	0.0000000000	0.0100000000	0.0010000000	100	100	0	0.895834
2218000	0.0000000000	0.0100000000	0.0010000000	100	100	0	0.904207
2219000	0.0000000000	0.0100000000	0.0010000000	100	100	0	0.904477
2220000	0.0000000000	0.0100000000	0.0010000000	100	100	0	0.904928
2221000	0.0000000000	0.0100000000	0.0010000000	100	100	0	0.904657
2222000	0.0000000000	0.0100000000	0.0010000000	100	100	0	0.903307
2223000	0.0000000000	0.0100000000	0.0010000000	100	100	0	0.913658
2224000	0.0000000000	0.0100000000	0.0010000000	100	100	0	0.913840
2225000	0.0000000000	0.0100000000	0.0010000000	100	100	0	0.917067
2226000	0.0000000000	0.0100000000	0.0010000000	100	100	0	0.921562
2227000	0.0000000000	0.0100000000	0.0010000000	100	100	0	0.922014
2228000	0.0000000000	0.0100000000	0.0010000000	100	100	0	0.913931
2229000	0.0000000000	0.0100000000	0.0010000000	100	100	0	0.913931
2230000	0.0000000000	0.0100000000	0.0010000000	100	100	0	0.895567
2231000	0.0000000000	0.0100000000	0.0010000000	100	100	0	0.895656
2232000	0.0000000000	0.0100000000	0.0010000000	100	100	0	0.894586
2233000	0.0000000000	0.0100000000	0.0010000000	100	100	0	0.886920
2234000	0.0000000000	0.0100000000	0.0010000000	100	100	0	0.883037
2235000	0.0000000000	0.0100000000	0.0010000000	100	100	0	0.885244
2236000	0.0000000000	0.0100000000	0.0010000000	100	100	0	0.886920
2237000	0.0000000000	0.0100000000	0.0010000000	100	100	0	0.886920
2238000	0.0000000000	0.0100000000	0.0010000000	100	100	0	0.886920
2239000	0.0000000000	0.0100000000	0.0010000000	100	100	0	0.885950
2240000	0.0000000000	0.0100000000	0.0010000000	100	100	0	0.885597
2241000	0.0000000000	0.0100000000	0.0010000000	100	100	0	0.895834
2242000	0.0000000000	0.0100000000	0.0010000000	100	100	0	0.895745
2243000	0.0000000000	0.0100000000	0.0010000000	100	100	0	0.896195
2244000	0.0000000000	0.0100000000	0.0010000000	100	100	0	0.885685
2245000	0.0000000000	0.0100000000	0.0010000000	100	100	0	0.894230
2246000	0.0000000000	0.0100000000	0.0010000000	100	100	0	0.895834
2247000	0.0000000000	0.0100000000	0.0010000000	100	100	0	0.886838
2248000	0.0000000000	0.0100000000	0.0010000000	100	100	0	0.886920
2249000	0.0000000000	0.0100000000	0.0010000000	100	100	0	0.885332
2250000	0.0000000000	0.0100000000	0.0010000000	100	100	0	0.878095
2251000	0.0000000000	0.0100000000	0.0010000000	100	100	0	0.878095
2252000	0.0000000000	0.0100000000	0.0010000000	100	100	0	0.884389
2253000	0.0000000000	0.0100000000	0.0010000000	100	100	0	0.890486
2254000	0.0000000000	0.0100000000	0.0010000000	100	100	0	0.885861
2255000	0.0000000000	0.0100000000	0.0010000000	100	100	0	0.869358
2256000	0.0000000000	0.0100000000	0.0010000000	100	100	0	0.860708
2257000	0.0000000000	0.0100000000	0.0010000000	100	100	0	0.860365
2258000	0.0000000000	0.0100000000	0.0010000000	100	100	0	0.860708
2259000	0.0000000000	0.0100000000	0.0010000000	100	100	0	0.848583
2260000	0.0000000000	0.0100000000	0.0010000000	100	100	0	0.852059
2261000	0.0000000000	0.0100000000	0.0010000000	100	100	0	0.852144
2262000	0.0000000000	0.0100000000	0.0010000000	100	100	0	0.850194
2263000	0.0000000000	0.0100000000	0.0010000000	100	100	0	0.852144
2264000	0.0000000000	0.0100000000	0.0010000000	100	100	0	0.852144
2265000	0.0000000000	0.0100000000	0.0010000000	100	100	0	0.849685
2266000	0.0000000000	0.0100000000	0.0010000000	100	100	0	0.841566
2267000	0.0000000000	0.0100000000	0.0010000000	100	100	0	0.835187
2268000	0.0000000000	0.0100000000	0.0010000000	100	100	0	0.835270
2269000	0.0000000000	0.0100000000	0.0010000000	100	100	0	0.834855
2270000	0.0000000000	0.0100000000	0.0010000000	100	100	0	0.843665
2271000	0.0000000000	0.0100000000	0.0010000000	100	100	0	0.857282
2272000	0.0000000000	0.0100000000	0.0010000000	100	100	0	0.858738
2273000	0.0000000000	0.0100000000	0.0010000000	100	100	0	0.860708
2274000	0.0000000000	0.0100000000	0.0010000000	100	100	0	0.860708
2275000	0.0000000000	0.0100000000	0.0010000000	100	100	0	0.865812
2276000	0.0000000000	0.0100000000	0.0010000000	100	100	0	0.861146
2277000	0.0000000000	0.0100000000	0.0010000000	100	100	0	0.851889
2278000	0.0000000000	0.0100000000	0.0010000000	100	100	0	0.854799
2279000	0.0000000000	0.0100000000	0.0010000000	100	100	0	0.852144
2280000	0.0000000000	0.0100000000	0.0010000000	100	100	0	0.843665
2281000	0.0000000000	0.0100000000	0.0010000000	100	100	0	0.843665
2282000	0.0000000000	0.0100000000	0.0010000000	100	100	0	0.835270
2283000	0.0000000000	0.0100000000	0.0010000000	100	100	0	0.834772
2284000	0.0000000000	0.0100000000	0.0010000000	100	100	0	0.835270
2285000	0.0000000000	0.0100000000	0.0010000000	100	100	0	0.852144
2286000	0.0000000000	0.0100000000	0.0010000000	100	100	0	0.848086
2287000	0.0000000000	0.0100000000	0.0010000000	100	100	0	0.852145
2288000	0.0000000000	0.0100000000	0.0010000000	100	100	0	0.850872
2289000	0.0000000000	0.0100000000	0.0010000000	100	100	0	0.842323
2290000	0.0000000000	0.0100000000	0.0010000000	100	100	0	0.846293
2291000	0.0000000000	0.0100000000	0.0010000000	100	100	0	0.840559
2292000	0.0000000000	0.0100000000	0.0010000000	100	100	0	0.841903
2293000	0.0000000000	0.0100000000	0.0010000000	100	100	0	0.852059
2294000	0.0000000000	0.0100000000	0.0010000000	100	100	0	0.860708
2295000	0.0000000000	0.0100000000	0.0010000000	100	100	0	0.864947
2296000	0.0000000000	0.0100000000	0.0010000000	100	100	0	0.868926
2297000	0.0000000000	0.0100000000	0.0010000000	100	100	0	0.869358
2298000	0.0000000000	0.0100000000	0.0010000000	100	100	0	0.869358
2299000	0.0000000000	0.0100000000	0.0010000000	100	100	0	0.878095
2300000	0.0000000000	0.0100000000	0.0010000000	100	100	0	0.876348
2301000	0.0000000000	0.0100000000	0.0010000000	100	100	0	0.868927
2302000	0.0000000000	0.0100000000	0.0010000000	100	100	0	0.873203
2303000	0.0000000000	0.0100000000	0.0010000000	100	100	0	0.869446
2304000	0.0000000000	0.0100000000	0.0010000000	100	100	0	0.860199
2305000	0.0000000000	0.0100000000	0.0010000000	100	100	0	0.853685
2306000	0.0000000000	0.0100000000	0.0010000000	100	100	0	0.849770
2307000	0.0000000000	0.0100000000	0.0010000000	100	100	0	0.843665
2308000	0.0000000000	0.0100000000	0.0010000000	100	100	0	0.843581
2309000	0.0000000000	0.0100000000	0.0010000000	100	100	0	0.852059
2310000	0.0000000000	0.0100000000	0.0010000000	100	100	0	0.852059
2311000	0.0000000000	0.0100000000	0.0010000000	100	100	0	0.852059
2312000	0.0000000000	0.0100000000	0.0010000000	100	100	0	0.851974
2313000	0.0000000000	0.0100000000	0.0010000000	100	100	0	0.852144
2314000	0.0000000000	0.0100000000	0.0010000000	100	100	0	0.852144
2315000	0.0000000000	0.0100000000	0.0010000000	100	100	0	0.843161
2316000	0.0000000000	0.0100000000	0.0010000000	100	100	0	0.842323
2317000	0.0000000000	0.0100000000	0.0010000000	100	100	0	0.852144
2318000	0.0000000000	0.0100000000	0.0010000000	100	100	0	0.851889
2319000	0.0000000000	0.0100000000	0.0010000000	100	100	0	0.850872
2320000	0.0000000000	0.0100000000	0.0010000000	100	100	0	0.844598
2321000	0.0000000000	0.0100000000	0.0010000000	100	100	0	0.846379
2322000	0.0000000000	0.0100000000	0.0010000000	100	100	0	0.844684
2323000	0.0000000000	0.0100000000	0.0010000000	100	100	0	0.859852
2324000	0.0000000000	0.0100000000	0.0010000000	100	100	0	0.878095
2325000	0.0000000000	0.0100000000	0.0010000000	100	100	0	0.886567
2326000	0.0000000000	0.0100000000	0.0010000000	100	100	0	0.886920
2327000	0.0000000000	0.0100000000	0.0010000000	100	100	0	0.888971
2328000	0.0000000000	0.0100000000	0.0010000000	100	100	0	0.886920
2329000	0.0000000000	0.0100000000	0.0010000000	100	100	0	0.886920
2330000	0.0000000000	0.0100000000	0.0010000000	100	100	0	0.895834
2331000	0.0000000000	0.0100000000	0.0010000000	100	100	0	0.895834
2332000	0.0000000000	0.0100000000	0.0010000000	100	100	0	0.904837
2333000	0.0000000000	0.0100000000	0.0010000000	100	100	0	0.913931
2334000	0.0000000000	0.0100000000	0.0010000000	100	100	0	0.903037
2335000	0.0000000000	0.0100000000	0.0010000000	100	100	0	0.908202
2336000	0.0000000000	0.0100000000	0.0010000000	100	100	0	0.904207
2337000	0.0000000000	0.0100000000	0.0010000000	100	100	0	0.913931
2338000	0.0000000000	0.0100000000	0.0010000000	100	100	0	0.904837
2339000	0.0000000000	0.0100000000	0.0010000000	100	100	0	0.895388
2340000	0.0000000000	0.0100000000	0.0010000000	100	100	0	0.895834
2341000	0.0000000000	0.0100000000	0.0010000000	100	100	0	0.895834
2342000	0.0000000000	0.0100000000	0.0010000000	100	100	0	0.885155
2343000	0.0000000000	0.0100000000	0.0010000000	100	100	0	0.877659
2344000	0.0000000000	0.0100000000	0.0010000000	100	100	0	0.869358
2345000	0.0000000000	0.0100000000	0.0010000000	100	100	0	0.868926
2346000	0.0000000000	0.0100000000	0.0010000000	100	100	0	0.869272
2347000	0.0000000000	0.0100000000	0.0010000000	100	100	0	0.874164
2348000	0.0000000000	0.0100000000	0.0010000000	100	100	0	0.886216
2349000	0.0000000000	0.0100000000	0.0010000000	100	100	0	0.878095
2350000	0.0000000000	0.0100000000	0.0010000000	100	100	0	0.878095
2351000	0.0000000000	0.0100000000	0.0010000000	100	100	0	0.878095
2352000	0.0000000000	0.0100000000	0.0010000000	100	100	0	0.878008
2353000	0.0000000000	0.0100000000	0.0010000000	100	100	0	0.877746
2354000	0.0000000000	0.0100000000	0.0010000000	100	100	0	0.878095
2355000	0.0000000000	0.0100000000	0.0010000000	100	100	0	0.878008
2356000	0.0000000000	0.0100000000	0.0010000000	100	100	0	0.876872
2357000	0.0000000000	0.0100000000	0.0010000000	100	100	0	0.886920
2358000	0.0000000000	0.0100000000	0.0010000000	100	100	0	0.878095
2359000	0.0000000000	0.0100000000	0.0010000000	100	100	0	0.869358
2360000	0.0000000000	0.0100000000	0.0010000000	100	100	0	0.869358
2361000	0.0000000000	0.0100000000	0.0010000000	100	100	0	0.869358
2362000	0.0000000000	0.0100000000	0.0010000000	100	100	0	0.869358
2363000	0.0000000000	0.0100000000	0.0010000000	100	100	0	0.876261
2364000	0.0000000000	0.0100000000	0.0010000000	100	100	0	0.886920
2365000	0.0000000000	0.0100000000	0.0010000000	100	100	0	0.882426
2366000	0.0000000000	0.0100000000	0.0010000000	100	100	0	0.894675
2367000	0.0000000000	0.0100000000	0.0010000000	100	100	0	0.895834
2368000	0.0000000000	0.0100000000	0.0010000000	100	100	0	0.886920
2369000	0.0000000000	0.0100000000	0.0010000000	100	100	0	0.886920
2370000	0.0000000000	0.0100000000	0.0010000000	100	100	0	0.895745
2371000	0.0000000000	0.0100000000	0.0010000000	100	100	0	0.886832
2372000	0.0000000000	0.0100000000	0.0010000000	100	100	0	0.887455
2373000	0.0000000000	0.0100000000	0.0010000000	100	100	0	0.886920
2374000	0.0000000000	0.0100000000	0.0010000000	100	100	0	0.895834
2375000	0.0000000000	0.0100000000	0.0010000000	100	100	0	0.886920
2376000	0.0000000000	0.0100000000	0.0010000000	100	100	0	0.877833
2377000	0.0000000000	0.0100000000	0.0010000000	100	100	0	0.878095
2378000	0.0000000000	0.0100000000	0.0010000000	100	100	0	0.886920
2379000	0.0000000000	0.0100000000	0.0010000000	100	100	0	0.890486
2380000	0.0000000000	0.0100000000	0.0010000000	100	100	0	0.886920
2381000	0.0000000000	0.0100000000	0.0010000000	100	100	0	0.886657
2382000	0.0000000000	0.0100000000	0.0010000000	100	100	0	0.894945
2383000	0.0000000000	0.0100000000	0.0010000000	100	100	0	0.890932
2384000	0.0000000000	0.0100000000	0.0010000000	100	100	0	0.877746
2385000	0.0000000000	0.0100000000	0.0010000000	100	100	0	0.869358
2386000	0.0000000000	0.0100000000	0.0010000000	100	100	0	0.861054
2387000	0.0000000000	0.0100000000	0.0010000000	100	100	0	0.860708
2388000	0.0000000000	0.0100000000	0.0010000000	100	100	0	0.852144
2389000	0.0000000000	0.0100000000	0.0010000000	100	100	0	0.860708
2390000	0.0000000000	0.0100000000	0.0010000000	100	100	0	0.859680
2391000	0.0000000000	0.0100000000	0.0010000000	100	100	0	0.868666
2392000	0.0000000000	0.0100000000	0.0010000000	100	100	0	0.878095
2393000	0.0000000000	0.0100000000	0.0010000000	100	100	0	0.885508
2394000	0.0000000000	0.0100000000	0.0010000000	100	100	0	0.877833
2395000	0.0000000000	0.0100000000	0.0010000000	100	100	0	0.860365
2396000	0.0000000000	0.0100000000	0.0010000000	100	100	0	0.878842
2397000	0.0000000000	0.0100000000	0.0010000000	100	100	0	0.885861
2398000	0.0000000000	0.0100000000	0.0010000000	100	100	0	0.886656
2399000	0.0000000000	0.0100000000	0.0010000000	100	100	0	0.886920
2400000	0.0000000000	0.0100000000	0.0010000000	100	100	0	0.886479
2401000	0.0000000000	0.0100000000	0.0010000000	100	100	0	0.886744
2402000	0.0000000000	0.0100000000	0.0010000000	100	100	0	0.888971
2403000	0.0000000000	0.0100000000	0.0010000000	100	100	0	0.895745
2404000	0.0000000000	0.0100000000	0.0010000000	100	100	0	0.895745
2405000	0.0000000000	0.0100000000	0.0010000000	100	100	0	0.886920
2406000	0.0000000000	0.0100000000	0.0010000000	100	100	0	0.885244
2407000	0.0000000000	0.0100000000	0.0010000000	100	100	0	0.894497
2408000	0.0000000000	0.0100000000	0.0010000000	100	100	0	0.895657
2409000	0.0000000000	0.0100000000	0.0010000000	100	100	0	0.886920
2410000	0.0000000000	0.0100000000	0.0010000000	100	100	0	0.887188
2411000	0.0000000000	0.0100000000	0.0010000000	100	100	0	0.886920
2412000	0.0000000000	0.0100000000	0.0010000000	100	100	0	0.886656
2413000	0.0000000000	0.0100000000	0.0010000000	100	100	0	0.886920
2414000	0.0000000000	0.0100000000	0.0010000000	100	100	0	0.884449
2415000	0.0000000000	0.0100000000	0.0010000000	100	100	0	0.895834
2416000	0.0000000000	0.0100000000	0.0010000000	100	100	0	0.886920
2417000	0.0000000000	0.0100000000	0.0010000000	100	100	0	0.886832
2418000	0.0000000000	0.0100000000	0.0010000000	100	100	0	0.886656
2419000	0.0000000000	0.0100000000	0.0010000000	100	100	0	0.886920
2420000	0.0000000000	0.0100000000	0.0010000000	100	100	0	0.892714
2421000	0.0000000000	0.0100000000	0.0010000000	100	100	0	0.886920
2422000	0.0000000000	0.0100000000	0.0010000000	100	100	0	0.886920
2423000	0.0000000000	0.0100000000	0.0010000000	100	100	0	0.869358
2424000	0.0000000000	0.0100000000	0.0010000000	100	100	0	0.878008
2425000	0.0000000000	0.0100000000	0.0010000000	100	100	0	0.869358
2426000	0.0000000000	0.0100000000	0.0010000000	100	100	0	0.869358
2427000	0.0000000000	0.0100000000	0.0010000000	100	100	0	0.867888
2428000	0.0000000000	0.0100000000	0.0010000000	100	100	0	0.869358
2429000	0.0000000000	0.0100000000	0.0010000000	100	100	0	0.867023
2430000	0.0000000000	0.0100000000	0.0010000000	100	100	0	0.867379
2431000	0.0000000000	0.0100000000	0.0010000000	100	100	0	0.869358
2432000	0.0000000000	0.0100000000	0.0010000000	100	100	0	0.872853
2433000	0.0000000000	0.0100000000	0.0010000000	100	100	0	0.878095
2434000	0.0000000000	0.0100000000	0.0010000000	100	100	0	0.878095
2435000	0.0000000000	0.0100000000	0.0010000000	100	100	0	0.878095
2436000	0.0000000000	0.0100000000	0.0010000000	100	100	0	0.878095
2437000	0.0000000000	0.0100000000	0.0010000000	100	100	0	0.886920
2438000	0.0000000000	0.0100000000	0.0010000000	100	100	0	0.871368
2439000	0.0000000000	0.0100000000	0.0010000000	100	100	0	0.869358
2440000	0.0000000000	0.0100000000	0.0010000000	100	100	0	0.866768
2441000	0.0000000000	0.0100000000	0.0010000000	100	100	0	0.869358
2442000	0.0000000000	0.0100000000	0.0010000000	100	100	0	0.869358
2443000	0.0000000000	0.0100000000	0.0010000000	100	100	0	0.852317
2444000	0.0000000000	0.0100000000	0.0010000000	100	100	0	0.852144
2445000	0.0000000000	0.0100000000	0.0010000000	100	100	0	0.860023
2446000	0.0000000000	0.0100000000	0.0010000000	100	100	0	0.866780
2447000	0.0000000000	0.0100000000	0.0010000000	100	100	0	0.869272
2448000	0.0000000000	0.0100000000	0.0010000000	100	100	0	0.869358
2449000	0.0000000000	0.0100000000	0.0010000000	100	100	0	0.869358
2450000	0.0000000000	0.0100000000	0.0010000000	100	100	0	0.868839
2451000	0.0000000000	0.0100000000	0.0010000000	100	100	0	0.860708
2452000	0.0000000000	0.0100000000	0.0010000000	100	100	0	0.858567
2453000	0.0000000000	0.0100000000	0.0010000000	100	100	0	0.852144
2454000	0.0000000000	0.0100000000	0.0010000000	100	100	0	0.852144
2455000	0.0000000000	0.0100000000	0.0010000000	100	100	0	0.846717
2456000	0.0000000000	0.0100000000	0.0010000000	100	100	0	0.843581
2457000	0.0000000000	0.0100000000	0.0010000000	100	100	0	0.843077
2458000	0.0000000000	0.0100000000	0.0010000000	100	100	0	0.842741
2459000	0.0000000000	0.0100000000	0.0010000000	100	100	0	0.857711
2460000	0.0000000000	0.0100000000	0.0010000000	100	100	0	0.852059
2461000	0.0000000000	0.0100000000	0.0010000000	100	100	0	0.842825
2462000	0.0000000000	0.0100000000	0.0010000000	100	100	0	0.843497
2463000	0.0000000000	0.0100000000	0.0010000000	100	100	0	0.843665
2464000	0.0000000000	0.0100000000	0.0010000000	100	100	0	0.852401
2465000	0.0000000000	0.0100000000	0.0010000000	100	100	0	0.843665
2466000	0.0000000000	0.0100000000	0.0010000000	100	100	0	0.843245
2467000	0.0000000000	0.0100000000	0.0010000000	100	100	0	0.843665
2468000	0.0000000000	0.0100000000	0.0010000000	100	100	0	0.841566
2469000	0.0000000000	0.0100000000	0.0010000000	100	100	0	0.843161
2470000	0.0000000000	0.0100000000	0.0010000000	100	100	0	0.843665
2471000	0.0000000000	0.0100000000	0.0010000000	100	100	0	0.846802
2472000	0.0000000000	0.0100000000	0.0010000000	100	100	0	0.852059
2473000	0.0000000000	0.0100000000	0.0010000000	100	100	0	0.854543
2474000	0.0000000000	0.0100000000	0.0010000000	100	100	0	0.860708
2475000	0.0000000000	0.0100000000	0.0010000000	100	100	0	0.851465
2476000	0.0000000000	0.0100000000	0.0010000000	100	100	0	0.852144
2477000	0.0000000000	0.0100000000	0.0010000000	100	100	0	0.857282
2478000	0.0000000000	0.0100000000	0.0010000000	100	100	0	0.860451
2479000	0.0000000000	0.0100000000	0.0010000000	100	100	0	0.860708
2480000	0.0000000000	0.0100000000	0.0010000000	100	100	0	0.869099
2481000	0.0000000000	0.0100000000	0.0010000000	100	100	0	0.878095
2482000	0.0000000000	0.0100000000	0.0010000000	100	100	0	0.885155
2483000	0.0000000000	0.0100000000	0.0010000000	100	100	0	0.884979
2484000	0.0000000000	0.0100000000	0.0010000000	100	100	0	0.886920
2485000	0.0000000000	0.0100000000	0.0010000000	100	100	0	0.886656
2486000	0.0000000000	0.0100000000	0.0010000000	100	100	0	0.869358
2487000	0.0000000000	0.0100000000	0.0010000000	100	100	0	0.867974
2488000	0.0000000000	0.0100000000	0.0010000000	100	100	0	0.868061
2489000	0.0000000000	0.0100000000	0.0010000000	100	100	0	0.869358
2490000	0.0000000000	0.0100000000	0.0010000000	100	100	0	0.860708
2491000	0.0000000000	0.0100000000	0.0010000000	100	100	0	0.860537
2492000	0.0000000000	0.0100000000	0.0010000000	100	100	0	0.852144
2493000	0.0000000000	0.0100000000	0.0010000000	100	100	0	0.859338
2494000	0.0000000000	0.0100000000	0.0010000000	100	100	0	0.855569
2495000	0.0000000000	0.0100000000	0.0010000000	100	100	0	0.860708
2496000	0.0000000000	0.0100000000	0.0010000000	100	100	0	0.860708
2497000	0.0000000000	0.0100000000	0.0010000000	100	100	0	0.858396
2498000	0.0000000000	0.0100000000	0.0010000000	100	100	0	0.869358
2499000	0.0000000000	0.0100000000	0.0010000000	100	100	0	0.869358
2500000	0.0000000000	0.0100000000	0.0010000000	100	100	0	0.879067
