time	epistasis_coef	sel_coef	mu_prob	Ne	L	k_start	mean_fitness
1500000	0.2000000000	0.0010000000	0.1000000000	100	100	0	0.975249
1501000	0.2000000000	0.0010000000	0.1000000000	100	100	0	0.979501
1502000	0.2000000000	0.0010000000	0.1000000000	100	100	0	0.977674
1503000	0.2000000000	0.0010000000	0.1000000000	100	100	0	0.976215
1504000	0.2000000000	0.0010000000	0.1000000000	100	100	0	0.976698
1505000	0.2000000000	0.0010000000	0.1000000000	100	100	0	0.974627
1506000	0.2000000000	0.0010000000	0.1000000000	100	100	0	0.976818
1507000	0.2000000000	0.0010000000	0.1000000000	100	100	0	0.979257
1508000	0.2000000000	0.0010000000	0.1000000000	100	100	0	0.979094
1509000	0.2000000000	0.0010000000	0.1000000000	100	100	0	0.978379
1510000	0.2000000000	0.0010000000	0.1000000000	100	100	0	0.976412
1511000	0.2000000000	0.0010000000	0.1000000000	100	100	0	0.977346
1512000	0.2000000000	0.0010000000	0.1000000000	100	100	0	0.977535
1513000	0.2000000000	0.0010000000	0.1000000000	100	100	0	0.979507
1514000	0.2000000000	0.0010000000	0.1000000000	100	100	0	0.977394
1515000	0.2000000000	0.0010000000	0.1000000000	100	100	0	0.978874
1516000	0.2000000000	0.0010000000	0.1000000000	100	100	0	0.979846
1517000	0.2000000000	0.0010000000	0.1000000000	100	100	0	0.977429
1518000	0.2000000000	0.0010000000	0.1000000000	100	100	0	0.977940
1519000	0.2000000000	0.0010000000	0.1000000000	100	100	0	0.979358
1520000	0.2000000000	0.0010000000	0.1000000000	100	100	0	0.980591
1521000	0.2000000000	0.0010000000	0.1000000000	100	100	0	0.978374
1522000	0.2000000000	0.0010000000	0.1000000000	100	100	0	0.977487
1523000	0.2000000000	0.0010000000	0.1000000000	100	100	0	0.976801
1524000	0.2000000000	0.0010000000	0.1000000000	100	100	0	0.979792
1525000	0.2000000000	0.0010000000	0.1000000000	100	100	0	0.979498
1526000	0.2000000000	0.0010000000	0.1000000000	100	100	0	0.979767
1527000	0.2000000000	0.0010000000	0.1000000000	100	100	0	0.978310
1528000	0.2000000000	0.0010000000	0.1000000000	100	100	0	0.980235
1529000	0.2000000000	0.0010000000	0.1000000000	100	100	0	0.977716
1530000	0.2000000000	0.0010000000	0.1000000000	100	100	0	0.977395
1531000	0.2000000000	0.0010000000	0.1000000000	100	100	0	0.975507
1532000	0.2000000000	0.0010000000	0.1000000000	100	100	0	0.979255
1533000	0.2000000000	0.0010000000	0.1000000000	100	100	0	0.976463
1534000	0.2000000000	0.0010000000	0.1000000000	100	100	0	0.979863
1535000	0.2000000000	0.0010000000	0.1000000000	100	100	0	0.978217
1536000	0.2000000000	0.0010000000	0.1000000000	100	100	0	0.978626
1537000	0.2000000000	0.0010000000	0.1000000000	100	100	0	0.977167
1538000	0.2000000000	0.0010000000	0.1000000000	100	100	0	0.978327
1539000	0.2000000000	0.0010000000	0.1000000000	100	100	0	0.978538
1540000	0.2000000000	0.0010000000	0.1000000000	100	100	0	0.975668
1541000	0.2000000000	0.0010000000	0.1000000000	100	100	0	0.980177
1542000	0.2000000000	0.0010000000	0.1000000000	100	100	0	0.978674
1543000	0.2000000000	0.0010000000	0.1000000000	100	100	0	0.976667
1544000	0.2000000000	0.0010000000	0.1000000000	100	100	0	0.980623
1545000	0.2000000000	0.0010000000	0.1000000000	100	100	0	0.976088
1546000	0.2000000000	0.0010000000	0.1000000000	100	100	0	0.979941
1547000	0.2000000000	0.0010000000	0.1000000000	100	100	0	0.979726
1548000	0.2000000000	0.0010000000	0.1000000000	100	100	0	0.974905
1549000	0.2000000000	0.0010000000	0.1000000000	100	100	0	0.975137
1550000	0.2000000000	0.0010000000	0.1000000000	100	100	0	0.976489
1551000	0.2000000000	0.0010000000	0.1000000000	100	100	0	0.976548
1552000	0.2000000000	0.0010000000	0.1000000000	100	100	0	0.977318
1553000	0.2000000000	0.0010000000	0.1000000000	100	100	0	0.978444
1554000	0.2000000000	0.0010000000	0.1000000000	100	100	0	0.977486
1555000	0.2000000000	0.0010000000	0.1000000000	100	100	0	0.975772
1556000	0.2000000000	0.0010000000	0.1000000000	100	100	0	0.975392
1557000	0.2000000000	0.0010000000	0.1000000000	100	100	0	0.977873
1558000	0.2000000000	0.0010000000	0.1000000000	100	100	0	0.978047
1559000	0.2000000000	0.0010000000	0.1000000000	100	100	0	0.978121
1560000	0.2000000000	0.0010000000	0.1000000000	100	100	0	0.979342
1561000	0.2000000000	0.0010000000	0.1000000000	100	100	0	0.978421
1562000	0.2000000000	0.0010000000	0.1000000000	100	100	0	0.980037
1563000	0.2000000000	0.0010000000	0.1000000000	100	100	0	0.975854
1564000	0.2000000000	0.0010000000	0.1000000000	100	100	0	0.980213
1565000	0.2000000000	0.0010000000	0.1000000000	100	100	0	0.976826
1566000	0.2000000000	0.0010000000	0.1000000000	100	100	0	0.975318
1567000	0.2000000000	0.0010000000	0.1000000000	100	100	0	0.979704
1568000	0.2000000000	0.0010000000	0.1000000000	100	100	0	0.977646
1569000	0.2000000000	0.0010000000	0.1000000000	100	100	0	0.974784
1570000	0.2000000000	0.0010000000	0.1000000000	100	100	0	0.976154
1571000	0.2000000000	0.0010000000	0.1000000000	100	100	0	0.977361
1572000	0.2000000000	0.0010000000	0.1000000000	100	100	0	0.979888
1573000	0.2000000000	0.0010000000	0.1000000000	100	100	0	0.976596
1574000	0.2000000000	0.0010000000	0.1000000000	100	100	0	0.978032
1575000	0.2000000000	0.0010000000	0.1000000000	100	100	0	0.976962
1576000	0.2000000000	0.0010000000	0.1000000000	100	100	0	0.976511
1577000	0.2000000000	0.0010000000	0.1000000000	100	100	0	0.979917
1578000	0.2000000000	0.0010000000	0.1000000000	100	100	0	0.979176
1579000	0.2000000000	0.0010000000	0.1000000000	100	100	0	0.975627
1580000	0.2000000000	0.0010000000	0.1000000000	100	100	0	0.978305
1581000	0.2000000000	0.0010000000	0.1000000000	100	100	0	0.979539
1582000	0.2000000000	0.0010000000	0.1000000000	100	100	0	0.976942
1583000	0.2000000000	0.0010000000	0.1000000000	100	100	0	0.977986
1584000	0.2000000000	0.0010000000	0.1000000000	100	100	0	0.977429
1585000	0.2000000000	0.0010000000	0.1000000000	100	100	0	0.979098
1586000	0.2000000000	0.0010000000	0.1000000000	100	100	0	0.978677
1587000	0.2000000000	0.0010000000	0.1000000000	100	100	0	0.977711
1588000	0.2000000000	0.0010000000	0.1000000000	100	100	0	0.979696
1589000	0.2000000000	0.0010000000	0.1000000000	100	100	0	0.976613
1590000	0.2000000000	0.0010000000	0.1000000000	100	100	0	0.978829
1591000	0.2000000000	0.0010000000	0.1000000000	100	100	0	0.980784
1592000	0.2000000000	0.0010000000	0.1000000000	100	100	0	0.979745
1593000	0.2000000000	0.0010000000	0.1000000000	100	100	0	0.976345
1594000	0.2000000000	0.0010000000	0.1000000000	100	100	0	0.977989
1595000	0.2000000000	0.0010000000	0.1000000000	100	100	0	0.979026
1596000	0.2000000000	0.0010000000	0.1000000000	100	100	0	0.981715
1597000	0.2000000000	0.0010000000	0.1000000000	100	100	0	0.977510
1598000	0.2000000000	0.0010000000	0.1000000000	100	100	0	0.978168
1599000	0.2000000000	0.0010000000	0.1000000000	100	100	0	0.982429
1600000	0.2000000000	0.0010000000	0.1000000000	100	100	0	0.976959
1601000	0.2000000000	0.0010000000	0.1000000000	100	100	0	0.978255
1602000	0.2000000000	0.0010000000	0.1000000000	100	100	0	0.979713
1603000	0.2000000000	0.0010000000	0.1000000000	100	100	0	0.978267
1604000	0.2000000000	0.0010000000	0.1000000000	100	100	0	0.979215
1605000	0.2000000000	0.0010000000	0.1000000000	100	100	0	0.975158
1606000	0.2000000000	0.0010000000	0.1000000000	100	100	0	0.976348
1607000	0.2000000000	0.0010000000	0.1000000000	100	100	0	0.977179
1608000	0.2000000000	0.0010000000	0.1000000000	100	100	0	0.980160
1609000	0.2000000000	0.0010000000	0.1000000000	100	100	0	0.978956
1610000	0.2000000000	0.0010000000	0.1000000000	100	100	0	0.976543
1611000	0.2000000000	0.0010000000	0.1000000000	100	100	0	0.975992
1612000	0.2000000000	0.0010000000	0.1000000000	100	100	0	0.978683
1613000	0.2000000000	0.0010000000	0.1000000000	100	100	0	0.979072
1614000	0.2000000000	0.0010000000	0.1000000000	100	100	0	0.978042
1615000	0.2000000000	0.0010000000	0.1000000000	100	100	0	0.980353
1616000	0.2000000000	0.0010000000	0.1000000000	100	100	0	0.976351
1617000	0.2000000000	0.0010000000	0.1000000000	100	100	0	0.977862
1618000	0.2000000000	0.0010000000	0.1000000000	100	100	0	0.975803
1619000	0.2000000000	0.0010000000	0.1000000000	100	100	0	0.977593
1620000	0.2000000000	0.0010000000	0.1000000000	100	100	0	0.976958
1621000	0.2000000000	0.0010000000	0.1000000000	100	100	0	0.977118
1622000	0.2000000000	0.0010000000	0.1000000000	100	100	0	0.979569
1623000	0.2000000000	0.0010000000	0.1000000000	100	100	0	0.979652
1624000	0.2000000000	0.0010000000	0.1000000000	100	100	0	0.978705
1625000	0.2000000000	0.0010000000	0.1000000000	100	100	0	0.978883
1626000	0.2000000000	0.0010000000	0.1000000000	100	100	0	0.980013
1627000	0.2000000000	0.0010000000	0.1000000000	100	100	0	0.979669
1628000	0.2000000000	0.0010000000	0.1000000000	100	100	0	0.978601
1629000	0.2000000000	0.0010000000	0.1000000000	100	100	0	0.977217
1630000	0.2000000000	0.0010000000	0.1000000000	100	100	0	0.976490
1631000	0.2000000000	0.0010000000	0.1000000000	100	100	0	0.977877
1632000	0.2000000000	0.0010000000	0.1000000000	100	100	0	0.977416
1633000	0.2000000000	0.0010000000	0.1000000000	100	100	0	0.979229
1634000	0.2000000000	0.0010000000	0.1000000000	100	100	0	0.976603
1635000	0.2000000000	0.0010000000	0.1000000000	100	100	0	0.978354
1636000	0.2000000000	0.0010000000	0.1000000000	100	100	0	0.978435
1637000	0.2000000000	0.0010000000	0.1000000000	100	100	0	0.978267
1638000	0.2000000000	0.0010000000	0.1000000000	100	100	0	0.974061
1639000	0.2000000000	0.0010000000	0.1000000000	100	100	0	0.977737
1640000	0.2000000000	0.0010000000	0.1000000000	100	100	0	0.976890
1641000	0.2000000000	0.0010000000	0.1000000000	100	100	0	0.979345
1642000	0.2000000000	0.0010000000	0.1000000000	100	100	0	0.981538
1643000	0.2000000000	0.0010000000	0.1000000000	100	100	0	0.978235
1644000	0.2000000000	0.0010000000	0.1000000000	100	100	0	0.979573
1645000	0.2000000000	0.0010000000	0.1000000000	100	100	0	0.976745
1646000	0.2000000000	0.0010000000	0.1000000000	100	100	0	0.978851
1647000	0.2000000000	0.0010000000	0.1000000000	100	100	0	0.980031
1648000	0.2000000000	0.0010000000	0.1000000000	100	100	0	0.978806
1649000	0.2000000000	0.0010000000	0.1000000000	100	100	0	0.979003
1650000	0.2000000000	0.0010000000	0.1000000000	100	100	0	0.976149
1651000	0.2000000000	0.0010000000	0.1000000000	100	100	0	0.974749
1652000	0.2000000000	0.0010000000	0.1000000000	100	100	0	0.974554
1653000	0.2000000000	0.0010000000	0.1000000000	100	100	0	0.977073
1654000	0.2000000000	0.0010000000	0.1000000000	100	100	0	0.976566
1655000	0.2000000000	0.0010000000	0.1000000000	100	100	0	0.977569
1656000	0.2000000000	0.0010000000	0.1000000000	100	100	0	0.979361
1657000	0.2000000000	0.0010000000	0.1000000000	100	100	0	0.976141
1658000	0.2000000000	0.0010000000	0.1000000000	100	100	0	0.978800
1659000	0.2000000000	0.0010000000	0.1000000000	100	100	0	0.976584
1660000	0.2000000000	0.0010000000	0.1000000000	100	100	0	0.978347
1661000	0.2000000000	0.0010000000	0.1000000000	100	100	0	0.976584
1662000	0.2000000000	0.0010000000	0.1000000000	100	100	0	0.978796
1663000	0.2000000000	0.0010000000	0.1000000000	100	100	0	0.977593
1664000	0.2000000000	0.0010000000	0.1000000000	100	100	0	0.977116
1665000	0.2000000000	0.0010000000	0.1000000000	100	100	0	0.978170
1666000	0.2000000000	0.0010000000	0.1000000000	100	100	0	0.979057
1667000	0.2000000000	0.0010000000	0.1000000000	100	100	0	0.979063
1668000	0.2000000000	0.0010000000	0.1000000000	100	100	0	0.978195
1669000	0.2000000000	0.0010000000	0.1000000000	100	100	0	0.976657
1670000	0.2000000000	0.0010000000	0.1000000000	100	100	0	0.976632
1671000	0.2000000000	0.0010000000	0.1000000000	100	100	0	0.976176
1672000	0.2000000000	0.0010000000	0.1000000000	100	100	0	0.977169
1673000	0.2000000000	0.0010000000	0.1000000000	100	100	0	0.981381
1674000	0.2000000000	0.0010000000	0.1000000000	100	100	0	0.978940
1675000	0.2000000000	0.0010000000	0.1000000000	100	100	0	0.978847
1676000	0.2000000000	0.0010000000	0.1000000000	100	100	0	0.977015
1677000	0.2000000000	0.0010000000	0.1000000000	100	100	0	0.978936
1678000	0.2000000000	0.0010000000	0.1000000000	100	100	0	0.978478
1679000	0.2000000000	0.0010000000	0.1000000000	100	100	0	0.976938
1680000	0.2000000000	0.0010000000	0.1000000000	100	100	0	0.976281
1681000	0.2000000000	0.0010000000	0.1000000000	100	100	0	0.977017
1682000	0.2000000000	0.0010000000	0.1000000000	100	100	0	0.978055
1683000	0.2000000000	0.0010000000	0.1000000000	100	100	0	0.978528
1684000	0.2000000000	0.0010000000	0.1000000000	100	100	0	0.977192
1685000	0.2000000000	0.0010000000	0.1000000000	100	100	0	0.979370
1686000	0.2000000000	0.0010000000	0.1000000000	100	100	0	0.978273
1687000	0.2000000000	0.0010000000	0.1000000000	100	100	0	0.979886
1688000	0.2000000000	0.0010000000	0.1000000000	100	100	0	0.976683
1689000	0.2000000000	0.0010000000	0.1000000000	100	100	0	0.979226
1690000	0.2000000000	0.0010000000	0.1000000000	100	100	0	0.977822
1691000	0.2000000000	0.0010000000	0.1000000000	100	100	0	0.977670
1692000	0.2000000000	0.0010000000	0.1000000000	100	100	0	0.976478
1693000	0.2000000000	0.0010000000	0.1000000000	100	100	0	0.977628
1694000	0.2000000000	0.0010000000	0.1000000000	100	100	0	0.978456
1695000	0.2000000000	0.0010000000	0.1000000000	100	100	0	0.977618
1696000	0.2000000000	0.0010000000	0.1000000000	100	100	0	0.974088
1697000	0.2000000000	0.0010000000	0.1000000000	100	100	0	0.975043
1698000	0.2000000000	0.0010000000	0.1000000000	100	100	0	0.978115
1699000	0.2000000000	0.0010000000	0.1000000000	100	100	0	0.979475
1700000	0.2000000000	0.0010000000	0.1000000000	100	100	0	0.979284
1701000	0.2000000000	0.0010000000	0.1000000000	100	100	0	0.975841
1702000	0.2000000000	0.0010000000	0.1000000000	100	100	0	0.975764
1703000	0.2000000000	0.0010000000	0.1000000000	100	100	0	0.978910
1704000	0.2000000000	0.0010000000	0.1000000000	100	100	0	0.980709
1705000	0.2000000000	0.0010000000	0.1000000000	100	100	0	0.980930
1706000	0.2000000000	0.0010000000	0.1000000000	100	100	0	0.980442
1707000	0.2000000000	0.0010000000	0.1000000000	100	100	0	0.978690
1708000	0.2000000000	0.0010000000	0.1000000000	100	100	0	0.976752
1709000	0.2000000000	0.0010000000	0.1000000000	100	100	0	0.977272
1710000	0.2000000000	0.0010000000	0.1000000000	100	100	0	0.976933
1711000	0.2000000000	0.0010000000	0.1000000000	100	100	0	0.977109
1712000	0.2000000000	0.0010000000	0.1000000000	100	100	0	0.977239
1713000	0.2000000000	0.0010000000	0.1000000000	100	100	0	0.978774
1714000	0.2000000000	0.0010000000	0.1000000000	100	100	0	0.979000
1715000	0.2000000000	0.0010000000	0.1000000000	100	100	0	0.976141
1716000	0.2000000000	0.0010000000	0.1000000000	100	100	0	0.978941
1717000	0.2000000000	0.0010000000	0.1000000000	100	100	0	0.979312
1718000	0.2000000000	0.0010000000	0.1000000000	100	100	0	0.979515
1719000	0.2000000000	0.0010000000	0.1000000000	100	100	0	0.976222
1720000	0.2000000000	0.0010000000	0.1000000000	100	100	0	0.979257
1721000	0.2000000000	0.0010000000	0.1000000000	100	100	0	0.975287
1722000	0.2000000000	0.0010000000	0.1000000000	100	100	0	0.976868
1723000	0.2000000000	0.0010000000	0.1000000000	100	100	0	0.975173
1724000	0.2000000000	0.0010000000	0.1000000000	100	100	0	0.979649
1725000	0.2000000000	0.0010000000	0.1000000000	100	100	0	0.977730
1726000	0.2000000000	0.0010000000	0.1000000000	100	100	0	0.980796
1727000	0.2000000000	0.0010000000	0.1000000000	100	100	0	0.978853
1728000	0.2000000000	0.0010000000	0.1000000000	100	100	0	0.978917
1729000	0.2000000000	0.0010000000	0.1000000000	100	100	0	0.978969
1730000	0.2000000000	0.0010000000	0.1000000000	100	100	0	0.979530
1731000	0.2000000000	0.0010000000	0.1000000000	100	100	0	0.976213
1732000	0.2000000000	0.0010000000	0.1000000000	100	100	0	0.977892
1733000	0.2000000000	0.0010000000	0.1000000000	100	100	0	0.977775
1734000	0.2000000000	0.0010000000	0.1000000000	100	100	0	0.978476
1735000	0.2000000000	0.0010000000	0.1000000000	100	100	0	0.978717
1736000	0.2000000000	0.0010000000	0.1000000000	100	100	0	0.976493
1737000	0.2000000000	0.0010000000	0.1000000000	100	100	0	0.975238
1738000	0.2000000000	0.0010000000	0.1000000000	100	100	0	0.977962
1739000	0.2000000000	0.0010000000	0.1000000000	100	100	0	0.978179
1740000	0.2000000000	0.0010000000	0.1000000000	100	100	0	0.977154
1741000	0.2000000000	0.0010000000	0.1000000000	100	100	0	0.976680
1742000	0.2000000000	0.0010000000	0.1000000000	100	100	0	0.975793
1743000	0.2000000000	0.0010000000	0.1000000000	100	100	0	0.978197
1744000	0.2000000000	0.0010000000	0.1000000000	100	100	0	0.978917
1745000	0.2000000000	0.0010000000	0.1000000000	100	100	0	0.980280
1746000	0.2000000000	0.0010000000	0.1000000000	100	100	0	0.976993
1747000	0.2000000000	0.0010000000	0.1000000000	100	100	0	0.976965
1748000	0.2000000000	0.0010000000	0.1000000000	100	100	0	0.978085
1749000	0.2000000000	0.0010000000	0.1000000000	100	100	0	0.980647
1750000	0.2000000000	0.0010000000	0.1000000000	100	100	0	0.976769
1751000	0.2000000000	0.0010000000	0.1000000000	100	100	0	0.977399
1752000	0.2000000000	0.0010000000	0.1000000000	100	100	0	0.975021
1753000	0.2000000000	0.0010000000	0.1000000000	100	100	0	0.975602
1754000	0.2000000000	0.0010000000	0.1000000000	100	100	0	0.979239
1755000	0.2000000000	0.0010000000	0.1000000000	100	100	0	0.979674
1756000	0.2000000000	0.0010000000	0.1000000000	100	100	0	0.978340
1757000	0.2000000000	0.0010000000	0.1000000000	100	100	0	0.979458
1758000	0.2000000000	0.0010000000	0.1000000000	100	100	0	0.978912
1759000	0.2000000000	0.0010000000	0.1000000000	100	100	0	0.980399
1760000	0.2000000000	0.0010000000	0.1000000000	100	100	0	0.977391
1761000	0.2000000000	0.0010000000	0.1000000000	100	100	0	0.976990
1762000	0.2000000000	0.0010000000	0.1000000000	100	100	0	0.975276
1763000	0.2000000000	0.0010000000	0.1000000000	100	100	0	0.976199
1764000	0.2000000000	0.0010000000	0.1000000000	100	100	0	0.977198
1765000	0.2000000000	0.0010000000	0.1000000000	100	100	0	0.978322
1766000	0.2000000000	0.0010000000	0.1000000000	100	100	0	0.980347
1767000	0.2000000000	0.0010000000	0.1000000000	100	100	0	0.979106
1768000	0.2000000000	0.0010000000	0.1000000000	100	100	0	0.977369
1769000	0.2000000000	0.0010000000	0.1000000000	100	100	0	0.978850
1770000	0.2000000000	0.0010000000	0.1000000000	100	100	0	0.977842
1771000	0.2000000000	0.0010000000	0.1000000000	100	100	0	0.977842
1772000	0.2000000000	0.0010000000	0.1000000000	100	100	0	0.975438
1773000	0.2000000000	0.0010000000	0.1000000000	100	100	0	0.977807
1774000	0.2000000000	0.0010000000	0.1000000000	100	100	0	0.978906
1775000	0.2000000000	0.0010000000	0.1000000000	100	100	0	0.974028
1776000	0.2000000000	0.0010000000	0.1000000000	100	100	0	0.977529
1777000	0.2000000000	0.0010000000	0.1000000000	100	100	0	0.979189
1778000	0.2000000000	0.0010000000	0.1000000000	100	100	0	0.979710
1779000	0.2000000000	0.0010000000	0.1000000000	100	100	0	0.977440
1780000	0.2000000000	0.0010000000	0.1000000000	100	100	0	0.978517
1781000	0.2000000000	0.0010000000	0.1000000000	100	100	0	0.980929
1782000	0.2000000000	0.0010000000	0.1000000000	100	100	0	0.979107
1783000	0.2000000000	0.0010000000	0.1000000000	100	100	0	0.979838
1784000	0.2000000000	0.0010000000	0.1000000000	100	100	0	0.977828
1785000	0.2000000000	0.0010000000	0.1000000000	100	100	0	0.977527
1786000	0.2000000000	0.0010000000	0.1000000000	100	100	0	0.977640
1787000	0.2000000000	0.0010000000	0.1000000000	100	100	0	0.976579
1788000	0.2000000000	0.0010000000	0.1000000000	100	100	0	0.976292
1789000	0.2000000000	0.0010000000	0.1000000000	100	100	0	0.979006
1790000	0.2000000000	0.0010000000	0.1000000000	100	100	0	0.977574
1791000	0.2000000000	0.0010000000	0.1000000000	100	100	0	0.977322
1792000	0.2000000000	0.0010000000	0.1000000000	100	100	0	0.977318
1793000	0.2000000000	0.0010000000	0.1000000000	100	100	0	0.977508
1794000	0.2000000000	0.0010000000	0.1000000000	100	100	0	0.975740
1795000	0.2000000000	0.0010000000	0.1000000000	100	100	0	0.978977
1796000	0.2000000000	0.0010000000	0.1000000000	100	100	0	0.977732
1797000	0.2000000000	0.0010000000	0.1000000000	100	100	0	0.978134
1798000	0.2000000000	0.0010000000	0.1000000000	100	100	0	0.980672
1799000	0.2000000000	0.0010000000	0.1000000000	100	100	0	0.977490
1800000	0.2000000000	0.0010000000	0.1000000000	100	100	0	0.974884
1801000	0.2000000000	0.0010000000	0.1000000000	100	100	0	0.976589
1802000	0.2000000000	0.0010000000	0.1000000000	100	100	0	0.976794
1803000	0.2000000000	0.0010000000	0.1000000000	100	100	0	0.978816
1804000	0.2000000000	0.0010000000	0.1000000000	100	100	0	0.979122
1805000	0.2000000000	0.0010000000	0.1000000000	100	100	0	0.977739
1806000	0.2000000000	0.0010000000	0.1000000000	100	100	0	0.977890
1807000	0.2000000000	0.0010000000	0.1000000000	100	100	0	0.979575
1808000	0.2000000000	0.0010000000	0.1000000000	100	100	0	0.977467
1809000	0.2000000000	0.0010000000	0.1000000000	100	100	0	0.975781
1810000	0.2000000000	0.0010000000	0.1000000000	100	100	0	0.974806
1811000	0.2000000000	0.0010000000	0.1000000000	100	100	0	0.977470
1812000	0.2000000000	0.0010000000	0.1000000000	100	100	0	0.978235
1813000	0.2000000000	0.0010000000	0.1000000000	100	100	0	0.977976
1814000	0.2000000000	0.0010000000	0.1000000000	100	100	0	0.979859
1815000	0.2000000000	0.0010000000	0.1000000000	100	100	0	0.979281
1816000	0.2000000000	0.0010000000	0.1000000000	100	100	0	0.977533
1817000	0.2000000000	0.0010000000	0.1000000000	100	100	0	0.979003
1818000	0.2000000000	0.0010000000	0.1000000000	100	100	0	0.977145
1819000	0.2000000000	0.0010000000	0.1000000000	100	100	0	0.976260
1820000	0.2000000000	0.0010000000	0.1000000000	100	100	0	0.979872
1821000	0.2000000000	0.0010000000	0.1000000000	100	100	0	0.977065
1822000	0.2000000000	0.0010000000	0.1000000000	100	100	0	0.975562
1823000	0.2000000000	0.0010000000	0.1000000000	100	100	0	0.977055
1824000	0.2000000000	0.0010000000	0.1000000000	100	100	0	0.975245
1825000	0.2000000000	0.0010000000	0.1000000000	100	100	0	0.978367
1826000	0.2000000000	0.0010000000	0.1000000000	100	100	0	0.977516
1827000	0.2000000000	0.0010000000	0.1000000000	100	100	0	0.979219
1828000	0.2000000000	0.0010000000	0.1000000000	100	100	0	0.979971
1829000	0.2000000000	0.0010000000	0.1000000000	100	100	0	0.978122
1830000	0.2000000000	0.0010000000	0.1000000000	100	100	0	0.978416
1831000	0.2000000000	0.0010000000	0.1000000000	100	100	0	0.980621
1832000	0.2000000000	0.0010000000	0.1000000000	100	100	0	0.978459
1833000	0.2000000000	0.0010000000	0.1000000000	100	100	0	0.980664
1834000	0.2000000000	0.0010000000	0.1000000000	100	100	0	0.978735
1835000	0.2000000000	0.0010000000	0.1000000000	100	100	0	0.977488
1836000	0.2000000000	0.0010000000	0.1000000000	100	100	0	0.976118
1837000	0.2000000000	0.0010000000	0.1000000000	100	100	0	0.978037
1838000	0.2000000000	0.0010000000	0.1000000000	100	100	0	0.979294
1839000	0.2000000000	0.0010000000	0.1000000000	100	100	0	0.977237
1840000	0.2000000000	0.0010000000	0.1000000000	100	100	0	0.977470
1841000	0.2000000000	0.0010000000	0.1000000000	100	100	0	0.976760
1842000	0.2000000000	0.0010000000	0.1000000000	100	100	0	0.978289
1843000	0.2000000000	0.0010000000	0.1000000000	100	100	0	0.980419
1844000	0.2000000000	0.0010000000	0.1000000000	100	100	0	0.978975
1845000	0.2000000000	0.0010000000	0.1000000000	100	100	0	0.977794
1846000	0.2000000000	0.0010000000	0.1000000000	100	100	0	0.982125
1847000	0.2000000000	0.0010000000	0.1000000000	100	100	0	0.976264
1848000	0.2000000000	0.0010000000	0.1000000000	100	100	0	0.977883
1849000	0.2000000000	0.0010000000	0.1000000000	100	100	0	0.976292
1850000	0.2000000000	0.0010000000	0.1000000000	100	100	0	0.973652
1851000	0.2000000000	0.0010000000	0.1000000000	100	100	0	0.977437
1852000	0.2000000000	0.0010000000	0.1000000000	100	100	0	0.975952
1853000	0.2000000000	0.0010000000	0.1000000000	100	100	0	0.976951
1854000	0.2000000000	0.0010000000	0.1000000000	100	100	0	0.979052
1855000	0.2000000000	0.0010000000	0.1000000000	100	100	0	0.979823
1856000	0.2000000000	0.0010000000	0.1000000000	100	100	0	0.975287
1857000	0.2000000000	0.0010000000	0.1000000000	100	100	0	0.976405
1858000	0.2000000000	0.0010000000	0.1000000000	100	100	0	0.978033
1859000	0.2000000000	0.0010000000	0.1000000000	100	100	0	0.979717
1860000	0.2000000000	0.0010000000	0.1000000000	100	100	0	0.976614
1861000	0.2000000000	0.0010000000	0.1000000000	100	100	0	0.979082
1862000	0.2000000000	0.0010000000	0.1000000000	100	100	0	0.978664
1863000	0.2000000000	0.0010000000	0.1000000000	100	100	0	0.975876
1864000	0.2000000000	0.0010000000	0.1000000000	100	100	0	0.976990
1865000	0.2000000000	0.0010000000	0.1000000000	100	100	0	0.977703
1866000	0.2000000000	0.0010000000	0.1000000000	100	100	0	0.978205
1867000	0.2000000000	0.0010000000	0.1000000000	100	100	0	0.978640
1868000	0.2000000000	0.0010000000	0.1000000000	100	100	0	0.977736
1869000	0.2000000000	0.0010000000	0.1000000000	100	100	0	0.978778
1870000	0.2000000000	0.0010000000	0.1000000000	100	100	0	0.979023
1871000	0.2000000000	0.0010000000	0.1000000000	100	100	0	0.977728
1872000	0.2000000000	0.0010000000	0.1000000000	100	100	0	0.977422
1873000	0.2000000000	0.0010000000	0.1000000000	100	100	0	0.979329
1874000	0.2000000000	0.0010000000	0.1000000000	100	100	0	0.977455
1875000	0.2000000000	0.0010000000	0.1000000000	100	100	0	0.976734
1876000	0.2000000000	0.0010000000	0.1000000000	100	100	0	0.976734
1877000	0.2000000000	0.0010000000	0.1000000000	100	100	0	0.976384
1878000	0.2000000000	0.0010000000	0.1000000000	100	100	0	0.979287
1879000	0.2000000000	0.0010000000	0.1000000000	100	100	0	0.977459
1880000	0.2000000000	0.0010000000	0.1000000000	100	100	0	0.979709
1881000	0.2000000000	0.0010000000	0.1000000000	100	100	0	0.977730
1882000	0.2000000000	0.0010000000	0.1000000000	100	100	0	0.976580
1883000	0.2000000000	0.0010000000	0.1000000000	100	100	0	0.975386
1884000	0.2000000000	0.0010000000	0.1000000000	100	100	0	0.977800
1885000	0.2000000000	0.0010000000	0.1000000000	100	100	0	0.975416
1886000	0.2000000000	0.0010000000	0.1000000000	100	100	0	0.976635
1887000	0.2000000000	0.0010000000	0.1000000000	100	100	0	0.979580
1888000	0.2000000000	0.0010000000	0.1000000000	100	100	0	0.977974
1889000	0.2000000000	0.0010000000	0.1000000000	100	100	0	0.978341
1890000	0.2000000000	0.0010000000	0.1000000000	100	100	0	0.977486
1891000	0.2000000000	0.0010000000	0.1000000000	100	100	0	0.979378
1892000	0.2000000000	0.0010000000	0.1000000000	100	100	0	0.979459
1893000	0.2000000000	0.0010000000	0.1000000000	100	100	0	0.978751
1894000	0.2000000000	0.0010000000	0.1000000000	100	100	0	0.977020
1895000	0.2000000000	0.0010000000	0.1000000000	100	100	0	0.977685
1896000	0.2000000000	0.0010000000	0.1000000000	100	100	0	0.980696
1897000	0.2000000000	0.0010000000	0.1000000000	100	100	0	0.980107
1898000	0.2000000000	0.0010000000	0.1000000000	100	100	0	0.979157
1899000	0.2000000000	0.0010000000	0.1000000000	100	100	0	0.978219
1900000	0.2000000000	0.0010000000	0.1000000000	100	100	0	0.976994
1901000	0.2000000000	0.0010000000	0.1000000000	100	100	0	0.978288
1902000	0.2000000000	0.0010000000	0.1000000000	100	100	0	0.975089
1903000	0.2000000000	0.0010000000	0.1000000000	100	100	0	0.978560
1904000	0.2000000000	0.0010000000	0.1000000000	100	100	0	0.976972
1905000	0.2000000000	0.0010000000	0.1000000000	100	100	0	0.976271
1906000	0.2000000000	0.0010000000	0.1000000000	100	100	0	0.976840
1907000	0.2000000000	0.0010000000	0.1000000000	100	100	0	0.977997
1908000	0.2000000000	0.0010000000	0.1000000000	100	100	0	0.981471
1909000	0.2000000000	0.0010000000	0.1000000000	100	100	0	0.981153
1910000	0.2000000000	0.0010000000	0.1000000000	100	100	0	0.977403
1911000	0.2000000000	0.0010000000	0.1000000000	100	100	0	0.977585
1912000	0.2000000000	0.0010000000	0.1000000000	100	100	0	0.978223
1913000	0.2000000000	0.0010000000	0.1000000000	100	100	0	0.976598
1914000	0.2000000000	0.0010000000	0.1000000000	100	100	0	0.979597
1915000	0.2000000000	0.0010000000	0.1000000000	100	100	0	0.974238
1916000	0.2000000000	0.0010000000	0.1000000000	100	100	0	0.975991
1917000	0.2000000000	0.0010000000	0.1000000000	100	100	0	0.975822
1918000	0.2000000000	0.0010000000	0.1000000000	100	100	0	0.976924
1919000	0.2000000000	0.0010000000	0.1000000000	100	100	0	0.980457
1920000	0.2000000000	0.0010000000	0.1000000000	100	100	0	0.978069
1921000	0.2000000000	0.0010000000	0.1000000000	100	100	0	0.979552
1922000	0.2000000000	0.0010000000	0.1000000000	100	100	0	0.977919
1923000	0.2000000000	0.0010000000	0.1000000000	100	100	0	0.979717
1924000	0.2000000000	0.0010000000	0.1000000000	100	100	0	0.980567
1925000	0.2000000000	0.0010000000	0.1000000000	100	100	0	0.975491
1926000	0.2000000000	0.0010000000	0.1000000000	100	100	0	0.980973
1927000	0.2000000000	0.0010000000	0.1000000000	100	100	0	0.977194
1928000	0.2000000000	0.0010000000	0.1000000000	100	100	0	0.978151
1929000	0.2000000000	0.0010000000	0.1000000000	100	100	0	0.977620
1930000	0.2000000000	0.0010000000	0.1000000000	100	100	0	0.980614
1931000	0.2000000000	0.0010000000	0.1000000000	100	100	0	0.978124
1932000	0.2000000000	0.0010000000	0.1000000000	100	100	0	0.977385
1933000	0.2000000000	0.0010000000	0.1000000000	100	100	0	0.976465
1934000	0.2000000000	0.0010000000	0.1000000000	100	100	0	0.975340
1935000	0.2000000000	0.0010000000	0.1000000000	100	100	0	0.978763
1936000	0.2000000000	0.0010000000	0.1000000000	100	100	0	0.976472
1937000	0.2000000000	0.0010000000	0.1000000000	100	100	0	0.977737
1938000	0.2000000000	0.0010000000	0.1000000000	100	100	0	0.977316
1939000	0.2000000000	0.0010000000	0.1000000000	100	100	0	0.979758
1940000	0.2000000000	0.0010000000	0.1000000000	100	100	0	0.977793
1941000	0.2000000000	0.0010000000	0.1000000000	100	100	0	0.978589
1942000	0.2000000000	0.0010000000	0.1000000000	100	100	0	0.975534
1943000	0.2000000000	0.0010000000	0.1000000000	100	100	0	0.978474
1944000	0.2000000000	0.0010000000	0.1000000000	100	100	0	0.974864
1945000	0.2000000000	0.0010000000	0.1000000000	100	100	0	0.978814
1946000	0.2000000000	0.0010000000	0.1000000000	100	100	0	0.980874
1947000	0.2000000000	0.0010000000	0.1000000000	100	100	0	0.979954
1948000	0.2000000000	0.0010000000	0.1000000000	100	100	0	0.976500
1949000	0.2000000000	0.0010000000	0.1000000000	100	100	0	0.977219
1950000	0.2000000000	0.0010000000	0.1000000000	100	100	0	0.977304
1951000	0.2000000000	0.0010000000	0.1000000000	100	100	0	0.977600
1952000	0.2000000000	0.0010000000	0.1000000000	100	100	0	0.978855
1953000	0.2000000000	0.0010000000	0.1000000000	100	100	0	0.979066
1954000	0.2000000000	0.0010000000	0.1000000000	100	100	0	0.975735
1955000	0.2000000000	0.0010000000	0.1000000000	100	100	0	0.976325
1956000	0.2000000000	0.0010000000	0.1000000000	100	100	0	0.976879
1957000	0.2000000000	0.0010000000	0.1000000000	100	100	0	0.979384
1958000	0.2000000000	0.0010000000	0.1000000000	100	100	0	0.980893
1959000	0.2000000000	0.0010000000	0.1000000000	100	100	0	0.978718
1960000	0.2000000000	0.0010000000	0.1000000000	100	100	0	0.978892
1961000	0.2000000000	0.0010000000	0.1000000000	100	100	0	0.977635
1962000	0.2000000000	0.0010000000	0.1000000000	100	100	0	0.975187
1963000	0.2000000000	0.0010000000	0.1000000000	100	100	0	0.976809
1964000	0.2000000000	0.0010000000	0.1000000000	100	100	0	0.976523
1965000	0.2000000000	0.0010000000	0.1000000000	100	100	0	0.977781
1966000	0.2000000000	0.0010000000	0.1000000000	100	100	0	0.977621
1967000	0.2000000000	0.0010000000	0.1000000000	100	100	0	0.977849
1968000	0.2000000000	0.0010000000	0.1000000000	100	100	0	0.979613
1969000	0.2000000000	0.0010000000	0.1000000000	100	100	0	0.977087
1970000	0.2000000000	0.0010000000	0.1000000000	100	100	0	0.978868
1971000	0.2000000000	0.0010000000	0.1000000000	100	100	0	0.974833
1972000	0.2000000000	0.0010000000	0.1000000000	100	100	0	0.976220
1973000	0.2000000000	0.0010000000	0.1000000000	100	100	0	0.976461
1974000	0.2000000000	0.0010000000	0.1000000000	100	100	0	0.979081
1975000	0.2000000000	0.0010000000	0.1000000000	100	100	0	0.976145
1976000	0.2000000000	0.0010000000	0.1000000000	100	100	0	0.978945
1977000	0.2000000000	0.0010000000	0.1000000000	100	100	0	0.977606
1978000	0.2000000000	0.0010000000	0.1000000000	100	100	0	0.980333
1979000	0.2000000000	0.0010000000	0.1000000000	100	100	0	0.975667
1980000	0.2000000000	0.0010000000	0.1000000000	100	100	0	0.976871
1981000	0.2000000000	0.0010000000	0.1000000000	100	100	0	0.974245
1982000	0.2000000000	0.0010000000	0.1000000000	100	100	0	0.975210
1983000	0.2000000000	0.0010000000	0.1000000000	100	100	0	0.977621
1984000	0.2000000000	0.0010000000	0.1000000000	100	100	0	0.979824
1985000	0.2000000000	0.0010000000	0.1000000000	100	100	0	0.977257
1986000	0.2000000000	0.0010000000	0.1000000000	100	100	0	0.977408
1987000	0.2000000000	0.0010000000	0.1000000000	100	100	0	0.978656
1988000	0.2000000000	0.0010000000	0.1000000000	100	100	0	0.976341
1989000	0.2000000000	0.0010000000	0.1000000000	100	100	0	0.976023
1990000	0.2000000000	0.0010000000	0.1000000000	100	100	0	0.976995
1991000	0.2000000000	0.0010000000	0.1000000000	100	100	0	0.980943
1992000	0.2000000000	0.0010000000	0.1000000000	100	100	0	0.979236
1993000	0.2000000000	0.0010000000	0.1000000000	100	100	0	0.977946
1994000	0.2000000000	0.0010000000	0.1000000000	100	100	0	0.976600
1995000	0.2000000000	0.0010000000	0.1000000000	100	100	0	0.976306
1996000	0.2000000000	0.0010000000	0.1000000000	100	100	0	0.978625
1997000	0.2000000000	0.0010000000	0.1000000000	100	100	0	0.973972
1998000	0.2000000000	0.0010000000	0.1000000000	100	100	0	0.978260
1999000	0.2000000000	0.0010000000	0.1000000000	100	100	0	0.978469
2000000	0.2000000000	0.0010000000	0.1000000000	100	100	0	0.977238
2001000	0.2000000000	0.0010000000	0.1000000000	100	100	0	0.979594
2002000	0.2000000000	0.0010000000	0.1000000000	100	100	0	0.977007
2003000	0.2000000000	0.0010000000	0.1000000000	100	100	0	0.977365
2004000	0.2000000000	0.0010000000	0.1000000000	100	100	0	0.978154
2005000	0.2000000000	0.0010000000	0.1000000000	100	100	0	0.977190
2006000	0.2000000000	0.0010000000	0.1000000000	100	100	0	0.977788
2007000	0.2000000000	0.0010000000	0.1000000000	100	100	0	0.978714
2008000	0.2000000000	0.0010000000	0.1000000000	100	100	0	0.979607
2009000	0.2000000000	0.0010000000	0.1000000000	100	100	0	0.977004
2010000	0.2000000000	0.0010000000	0.1000000000	100	100	0	0.977541
2011000	0.2000000000	0.0010000000	0.1000000000	100	100	0	0.977894
2012000	0.2000000000	0.0010000000	0.1000000000	100	100	0	0.975076
2013000	0.2000000000	0.0010000000	0.1000000000	100	100	0	0.977258
2014000	0.2000000000	0.0010000000	0.1000000000	100	100	0	0.978980
2015000	0.2000000000	0.0010000000	0.1000000000	100	100	0	0.978621
2016000	0.2000000000	0.0010000000	0.1000000000	100	100	0	0.979285
2017000	0.2000000000	0.0010000000	0.1000000000	100	100	0	0.979258
2018000	0.2000000000	0.0010000000	0.1000000000	100	100	0	0.977713
2019000	0.2000000000	0.0010000000	0.1000000000	100	100	0	0.977119
2020000	0.2000000000	0.0010000000	0.1000000000	100	100	0	0.975407
2021000	0.2000000000	0.0010000000	0.1000000000	100	100	0	0.979606
2022000	0.2000000000	0.0010000000	0.1000000000	100	100	0	0.978141
2023000	0.2000000000	0.0010000000	0.1000000000	100	100	0	0.975810
2024000	0.2000000000	0.0010000000	0.1000000000	100	100	0	0.979039
2025000	0.2000000000	0.0010000000	0.1000000000	100	100	0	0.978100
2026000	0.2000000000	0.0010000000	0.1000000000	100	100	0	0.979433
2027000	0.2000000000	0.0010000000	0.1000000000	100	100	0	0.978567
2028000	0.2000000000	0.0010000000	0.1000000000	100	100	0	0.978427
2029000	0.2000000000	0.0010000000	0.1000000000	100	100	0	0.977415
2030000	0.2000000000	0.0010000000	0.1000000000	100	100	0	0.978068
2031000	0.2000000000	0.0010000000	0.1000000000	100	100	0	0.977931
2032000	0.2000000000	0.0010000000	0.1000000000	100	100	0	0.978783
2033000	0.2000000000	0.0010000000	0.1000000000	100	100	0	0.977697
2034000	0.2000000000	0.0010000000	0.1000000000	100	100	0	0.979128
2035000	0.2000000000	0.0010000000	0.1000000000	100	100	0	0.980259
2036000	0.2000000000	0.0010000000	0.1000000000	100	100	0	0.979128
2037000	0.2000000000	0.0010000000	0.1000000000	100	100	0	0.977836
2038000	0.2000000000	0.0010000000	0.1000000000	100	100	0	0.977475
2039000	0.2000000000	0.0010000000	0.1000000000	100	100	0	0.977401
2040000	0.2000000000	0.0010000000	0.1000000000	100	100	0	0.977313
2041000	0.2000000000	0.0010000000	0.1000000000	100	100	0	0.978514
2042000	0.2000000000	0.0010000000	0.1000000000	100	100	0	0.977105
2043000	0.2000000000	0.0010000000	0.1000000000	100	100	0	0.979065
2044000	0.2000000000	0.0010000000	0.1000000000	100	100	0	0.978093
2045000	0.2000000000	0.0010000000	0.1000000000	100	100	0	0.979752
2046000	0.2000000000	0.0010000000	0.1000000000	100	100	0	0.979155
2047000	0.2000000000	0.0010000000	0.1000000000	100	100	0	0.979051
2048000	0.2000000000	0.0010000000	0.1000000000	100	100	0	0.979475
2049000	0.2000000000	0.0010000000	0.1000000000	100	100	0	0.978994
2050000	0.2000000000	0.0010000000	0.1000000000	100	100	0	0.977061
2051000	0.2000000000	0.0010000000	0.1000000000	100	100	0	0.975584
2052000	0.2000000000	0.0010000000	0.1000000000	100	100	0	0.977551
2053000	0.2000000000	0.0010000000	0.1000000000	100	100	0	0.979000
2054000	0.2000000000	0.0010000000	0.1000000000	100	100	0	0.978866
2055000	0.2000000000	0.0010000000	0.1000000000	100	100	0	0.977967
2056000	0.2000000000	0.0010000000	0.1000000000	100	100	0	0.977060
2057000	0.2000000000	0.0010000000	0.1000000000	100	100	0	0.976768
2058000	0.2000000000	0.0010000000	0.1000000000	100	100	0	0.979412
2059000	0.2000000000	0.0010000000	0.1000000000	100	100	0	0.976532
2060000	0.2000000000	0.0010000000	0.1000000000	100	100	0	0.978742
2061000	0.2000000000	0.0010000000	0.1000000000	100	100	0	0.982278
2062000	0.2000000000	0.0010000000	0.1000000000	100	100	0	0.978127
2063000	0.2000000000	0.0010000000	0.1000000000	100	100	0	0.976764
2064000	0.2000000000	0.0010000000	0.1000000000	100	100	0	0.977277
2065000	0.2000000000	0.0010000000	0.1000000000	100	100	0	0.976796
2066000	0.2000000000	0.0010000000	0.1000000000	100	100	0	0.977569
2067000	0.2000000000	0.0010000000	0.1000000000	100	100	0	0.977517
2068000	0.2000000000	0.0010000000	0.1000000000	100	100	0	0.980250
2069000	0.2000000000	0.0010000000	0.1000000000	100	100	0	0.978375
2070000	0.2000000000	0.0010000000	0.1000000000	100	100	0	0.978996
2071000	0.2000000000	0.0010000000	0.1000000000	100	100	0	0.977478
2072000	0.2000000000	0.0010000000	0.1000000000	100	100	0	0.977490
2073000	0.2000000000	0.0010000000	0.1000000000	100	100	0	0.978788
2074000	0.2000000000	0.0010000000	0.1000000000	100	100	0	0.976936
2075000	0.2000000000	0.0010000000	0.1000000000	100	100	0	0.976910
2076000	0.2000000000	0.0010000000	0.1000000000	100	100	0	0.976356
2077000	0.2000000000	0.0010000000	0.1000000000	100	100	0	0.978434
2078000	0.2000000000	0.0010000000	0.1000000000	100	100	0	0.980246
2079000	0.2000000000	0.0010000000	0.1000000000	100	100	0	0.977968
2080000	0.2000000000	0.0010000000	0.1000000000	100	100	0	0.979492
2081000	0.2000000000	0.0010000000	0.1000000000	100	100	0	0.977174
2082000	0.2000000000	0.0010000000	0.1000000000	100	100	0	0.978370
2083000	0.2000000000	0.0010000000	0.1000000000	100	100	0	0.977340
2084000	0.2000000000	0.0010000000	0.1000000000	100	100	0	0.977507
2085000	0.2000000000	0.0010000000	0.1000000000	100	100	0	0.978201
2086000	0.2000000000	0.0010000000	0.1000000000	100	100	0	0.977908
2087000	0.2000000000	0.0010000000	0.1000000000	100	100	0	0.977360
2088000	0.2000000000	0.0010000000	0.1000000000	100	100	0	0.975140
2089000	0.2000000000	0.0010000000	0.1000000000	100	100	0	0.973928
2090000	0.2000000000	0.0010000000	0.1000000000	100	100	0	0.976931
2091000	0.2000000000	0.0010000000	0.1000000000	100	100	0	0.975741
2092000	0.2000000000	0.0010000000	0.1000000000	100	100	0	0.978962
2093000	0.2000000000	0.0010000000	0.1000000000	100	100	0	0.978269
2094000	0.2000000000	0.0010000000	0.1000000000	100	100	0	0.977385
2095000	0.2000000000	0.0010000000	0.1000000000	100	100	0	0.978490
2096000	0.2000000000	0.0010000000	0.1000000000	100	100	0	0.979087
2097000	0.2000000000	0.0010000000	0.1000000000	100	100	0	0.977085
2098000	0.2000000000	0.0010000000	0.1000000000	100	100	0	0.978828
2099000	0.2000000000	0.0010000000	0.1000000000	100	100	0	0.980074
2100000	0.2000000000	0.0010000000	0.1000000000	100	100	0	0.975967
2101000	0.2000000000	0.0010000000	0.1000000000	100	100	0	0.977599
2102000	0.2000000000	0.0010000000	0.1000000000	100	100	0	0.977838
2103000	0.2000000000	0.0010000000	0.1000000000	100	100	0	0.978069
2104000	0.2000000000	0.0010000000	0.1000000000	100	100	0	0.977939
2105000	0.2000000000	0.0010000000	0.1000000000	100	100	0	0.981951
2106000	0.2000000000	0.0010000000	0.1000000000	100	100	0	0.976542
2107000	0.2000000000	0.0010000000	0.1000000000	100	100	0	0.976224
2108000	0.2000000000	0.0010000000	0.1000000000	100	100	0	0.977797
2109000	0.2000000000	0.0010000000	0.1000000000	100	100	0	0.978316
2110000	0.2000000000	0.0010000000	0.1000000000	100	100	0	0.977248
2111000	0.2000000000	0.0010000000	0.1000000000	100	100	0	0.977003
2112000	0.2000000000	0.0010000000	0.1000000000	100	100	0	0.979594
2113000	0.2000000000	0.0010000000	0.1000000000	100	100	0	0.979833
2114000	0.2000000000	0.0010000000	0.1000000000	100	100	0	0.980235
2115000	0.2000000000	0.0010000000	0.1000000000	100	100	0	0.977237
2116000	0.2000000000	0.0010000000	0.1000000000	100	100	0	0.978021
2117000	0.2000000000	0.0010000000	0.1000000000	100	100	0	0.980189
2118000	0.2000000000	0.0010000000	0.1000000000	100	100	0	0.979646
2119000	0.2000000000	0.0010000000	0.1000000000	100	100	0	0.980108
2120000	0.2000000000	0.0010000000	0.1000000000	100	100	0	0.978032
2121000	0.2000000000	0.0010000000	0.1000000000	100	100	0	0.976065
2122000	0.2000000000	0.0010000000	0.1000000000	100	100	0	0.976513
2123000	0.2000000000	0.0010000000	0.1000000000	100	100	0	0.977388
2124000	0.2000000000	0.0010000000	0.1000000000	100	100	0	0.977014
2125000	0.2000000000	0.0010000000	0.1000000000	100	100	0	0.975985
2126000	0.2000000000	0.0010000000	0.1000000000	100	100	0	0.975690
2127000	0.2000000000	0.0010000000	0.1000000000	100	100	0	0.973406
2128000	0.2000000000	0.0010000000	0.1000000000	100	100	0	0.974737
2129000	0.2000000000	0.0010000000	0.1000000000	100	100	0	0.976843
2130000	0.2000000000	0.0010000000	0.1000000000	100	100	0	0.976891
2131000	0.2000000000	0.0010000000	0.1000000000	100	100	0	0.977002
2132000	0.2000000000	0.0010000000	0.1000000000	100	100	0	0.978328
2133000	0.2000000000	0.0010000000	0.1000000000	100	100	0	0.977995
2134000	0.2000000000	0.0010000000	0.1000000000	100	100	0	0.979111
2135000	0.2000000000	0.0010000000	0.1000000000	100	100	0	0.979522
2136000	0.2000000000	0.0010000000	0.1000000000	100	100	0	0.980077
2137000	0.2000000000	0.0010000000	0.1000000000	100	100	0	0.979732
2138000	0.2000000000	0.0010000000	0.1000000000	100	100	0	0.976943
2139000	0.2000000000	0.0010000000	0.1000000000	100	100	0	0.977297
2140000	0.2000000000	0.0010000000	0.1000000000	100	100	0	0.979869
2141000	0.2000000000	0.0010000000	0.1000000000	100	100	0	0.975949
2142000	0.2000000000	0.0010000000	0.1000000000	100	100	0	0.978989
2143000	0.2000000000	0.0010000000	0.1000000000	100	100	0	0.977182
2144000	0.2000000000	0.0010000000	0.1000000000	100	100	0	0.978403
2145000	0.2000000000	0.0010000000	0.1000000000	100	100	0	0.980581
2146000	0.2000000000	0.0010000000	0.1000000000	100	100	0	0.981157
2147000	0.2000000000	0.0010000000	0.1000000000	100	100	0	0.978974
2148000	0.2000000000	0.0010000000	0.1000000000	100	100	0	0.978267
2149000	0.2000000000	0.0010000000	0.1000000000	100	100	0	0.977933
2150000	0.2000000000	0.0010000000	0.1000000000	100	100	0	0.978702
2151000	0.2000000000	0.0010000000	0.1000000000	100	100	0	0.975835
2152000	0.2000000000	0.0010000000	0.1000000000	100	100	0	0.976687
2153000	0.2000000000	0.0010000000	0.1000000000	100	100	0	0.980165
2154000	0.2000000000	0.0010000000	0.1000000000	100	100	0	0.976421
2155000	0.2000000000	0.0010000000	0.1000000000	100	100	0	0.976935
2156000	0.2000000000	0.0010000000	0.1000000000	100	100	0	0.977740
2157000	0.2000000000	0.0010000000	0.1000000000	100	100	0	0.979325
2158000	0.2000000000	0.0010000000	0.1000000000	100	100	0	0.978130
2159000	0.2000000000	0.0010000000	0.1000000000	100	100	0	0.979184
2160000	0.2000000000	0.0010000000	0.1000000000	100	100	0	0.978673
2161000	0.2000000000	0.0010000000	0.1000000000	100	100	0	0.980121
2162000	0.2000000000	0.0010000000	0.1000000000	100	100	0	0.978337
2163000	0.2000000000	0.0010000000	0.1000000000	100	100	0	0.980328
2164000	0.2000000000	0.0010000000	0.1000000000	100	100	0	0.981946
2165000	0.2000000000	0.0010000000	0.1000000000	100	100	0	0.980917
2166000	0.2000000000	0.0010000000	0.1000000000	100	100	0	0.976628
2167000	0.2000000000	0.0010000000	0.1000000000	100	100	0	0.978553
2168000	0.2000000000	0.0010000000	0.1000000000	100	100	0	0.979076
2169000	0.2000000000	0.0010000000	0.1000000000	100	100	0	0.979189
2170000	0.2000000000	0.0010000000	0.1000000000	100	100	0	0.977021
2171000	0.2000000000	0.0010000000	0.1000000000	100	100	0	0.976826
2172000	0.2000000000	0.0010000000	0.1000000000	100	100	0	0.976119
2173000	0.2000000000	0.0010000000	0.1000000000	100	100	0	0.976542
2174000	0.2000000000	0.0010000000	0.1000000000	100	100	0	0.978529
2175000	0.2000000000	0.0010000000	0.1000000000	100	100	0	0.978859
2176000	0.2000000000	0.0010000000	0.1000000000	100	100	0	0.977763
2177000	0.2000000000	0.0010000000	0.1000000000	100	100	0	0.980754
2178000	0.2000000000	0.0010000000	0.1000000000	100	100	0	0.977514
2179000	0.2000000000	0.0010000000	0.1000000000	100	100	0	0.977468
2180000	0.2000000000	0.0010000000	0.1000000000	100	100	0	0.975747
2181000	0.2000000000	0.0010000000	0.1000000000	100	100	0	0.977650
2182000	0.2000000000	0.0010000000	0.1000000000	100	100	0	0.976883
2183000	0.2000000000	0.0010000000	0.1000000000	100	100	0	0.977576
2184000	0.2000000000	0.0010000000	0.1000000000	100	100	0	0.977438
2185000	0.2000000000	0.0010000000	0.1000000000	100	100	0	0.977334
2186000	0.2000000000	0.0010000000	0.1000000000	100	100	0	0.978391
2187000	0.2000000000	0.0010000000	0.1000000000	100	100	0	0.974899
2188000	0.2000000000	0.0010000000	0.1000000000	100	100	0	0.977212
2189000	0.2000000000	0.0010000000	0.1000000000	100	100	0	0.976144
2190000	0.2000000000	0.0010000000	0.1000000000	100	100	0	0.979553
2191000	0.2000000000	0.0010000000	0.1000000000	100	100	0	0.975406
2192000	0.2000000000	0.0010000000	0.1000000000	100	100	0	0.975732
2193000	0.2000000000	0.0010000000	0.1000000000	100	100	0	0.980174
2194000	0.2000000000	0.0010000000	0.1000000000	100	100	0	0.980667
2195000	0.2000000000	0.0010000000	0.1000000000	100	100	0	0.979913
2196000	0.2000000000	0.0010000000	0.1000000000	100	100	0	0.978275
2197000	0.2000000000	0.0010000000	0.1000000000	100	100	0	0.975659
2198000	0.2000000000	0.0010000000	0.1000000000	100	100	0	0.977338
2199000	0.2000000000	0.0010000000	0.1000000000	100	100	0	0.976453
2200000	0.2000000000	0.0010000000	0.1000000000	100	100	0	0.977298
2201000	0.2000000000	0.0010000000	0.1000000000	100	100	0	0.976946
2202000	0.2000000000	0.0010000000	0.1000000000	100	100	0	0.978774
2203000	0.2000000000	0.0010000000	0.1000000000	100	100	0	0.977492
2204000	0.2000000000	0.0010000000	0.1000000000	100	100	0	0.981290
2205000	0.2000000000	0.0010000000	0.1000000000	100	100	0	0.980170
2206000	0.2000000000	0.0010000000	0.1000000000	100	100	0	0.978322
2207000	0.2000000000	0.0010000000	0.1000000000	100	100	0	0.978266
2208000	0.2000000000	0.0010000000	0.1000000000	100	100	0	0.977629
2209000	0.2000000000	0.0010000000	0.1000000000	100	100	0	0.976855
2210000	0.2000000000	0.0010000000	0.1000000000	100	100	0	0.979433
2211000	0.2000000000	0.0010000000	0.1000000000	100	100	0	0.978196
2212000	0.2000000000	0.0010000000	0.1000000000	100	100	0	0.976696
2213000	0.2000000000	0.0010000000	0.1000000000	100	100	0	0.977661
2214000	0.2000000000	0.0010000000	0.1000000000	100	100	0	0.977163
2215000	0.2000000000	0.0010000000	0.1000000000	100	100	0	0.978168
2216000	0.2000000000	0.0010000000	0.1000000000	100	100	0	0.977854
2217000	0.2000000000	0.0010000000	0.1000000000	100	100	0	0.976196
2218000	0.2000000000	0.0010000000	0.1000000000	100	100	0	0.976223
2219000	0.2000000000	0.0010000000	0.1000000000	100	100	0	0.980511
2220000	0.2000000000	0.0010000000	0.1000000000	100	100	0	0.976013
2221000	0.2000000000	0.0010000000	0.1000000000	100	100	0	0.975799
2222000	0.2000000000	0.0010000000	0.1000000000	100	100	0	0.978864
2223000	0.2000000000	0.0010000000	0.1000000000	100	100	0	0.977557
2224000	0.2000000000	0.0010000000	0.1000000000	100	100	0	0.978843
2225000	0.2000000000	0.0010000000	0.1000000000	100	100	0	0.978731
2226000	0.2000000000	0.0010000000	0.1000000000	100	100	0	0.978508
2227000	0.2000000000	0.0010000000	0.1000000000	100	100	0	0.978694
2228000	0.2000000000	0.0010000000	0.1000000000	100	100	0	0.976669
2229000	0.2000000000	0.0010000000	0.1000000000	100	100	0	0.979142
2230000	0.2000000000	0.0010000000	0.1000000000	100	100	0	0.974958
2231000	0.2000000000	0.0010000000	0.1000000000	100	100	0	0.978996
2232000	0.2000000000	0.0010000000	0.1000000000	100	100	0	0.979297
2233000	0.2000000000	0.0010000000	0.1000000000	100	100	0	0.977745
2234000	0.2000000000	0.0010000000	0.1000000000	100	100	0	0.978019
2235000	0.2000000000	0.0010000000	0.1000000000	100	100	0	0.977633
2236000	0.2000000000	0.0010000000	0.1000000000	100	100	0	0.976232
2237000	0.2000000000	0.0010000000	0.1000000000	100	100	0	0.979708
2238000	0.2000000000	0.0010000000	0.1000000000	100	100	0	0.978826
2239000	0.2000000000	0.0010000000	0.1000000000	100	100	0	0.975665
2240000	0.2000000000	0.0010000000	0.1000000000	100	100	0	0.978675
2241000	0.2000000000	0.0010000000	0.1000000000	100	100	0	0.978469
2242000	0.2000000000	0.0010000000	0.1000000000	100	100	0	0.977426
2243000	0.2000000000	0.0010000000	0.1000000000	100	100	0	0.976500
2244000	0.2000000000	0.0010000000	0.1000000000	100	100	0	0.974913
2245000	0.2000000000	0.0010000000	0.1000000000	100	100	0	0.978429
2246000	0.2000000000	0.0010000000	0.1000000000	100	100	0	0.977024
2247000	0.2000000000	0.0010000000	0.1000000000	100	100	0	0.978992
2248000	0.2000000000	0.0010000000	0.1000000000	100	100	0	0.978281
2249000	0.2000000000	0.0010000000	0.1000000000	100	100	0	0.975604
2250000	0.2000000000	0.0010000000	0.1000000000	100	100	0	0.976378
2251000	0.2000000000	0.0010000000	0.1000000000	100	100	0	0.975634
2252000	0.2000000000	0.0010000000	0.1000000000	100	100	0	0.974376
2253000	0.2000000000	0.0010000000	0.1000000000	100	100	0	0.977002
2254000	0.2000000000	0.0010000000	0.1000000000	100	100	0	0.979624
2255000	0.2000000000	0.0010000000	0.1000000000	100	100	0	0.978675
2256000	0.2000000000	0.0010000000	0.1000000000	100	100	0	0.978216
2257000	0.2000000000	0.0010000000	0.1000000000	100	100	0	0.979230
2258000	0.2000000000	0.0010000000	0.1000000000	100	100	0	0.978195
2259000	0.2000000000	0.0010000000	0.1000000000	100	100	0	0.976258
2260000	0.2000000000	0.0010000000	0.1000000000	100	100	0	0.976626
2261000	0.2000000000	0.0010000000	0.1000000000	100	100	0	0.978990
2262000	0.2000000000	0.0010000000	0.1000000000	100	100	0	0.978665
2263000	0.2000000000	0.0010000000	0.1000000000	100	100	0	0.976916
2264000	0.2000000000	0.0010000000	0.1000000000	100	100	0	0.974644
2265000	0.2000000000	0.0010000000	0.1000000000	100	100	0	0.978527
2266000	0.2000000000	0.0010000000	0.1000000000	100	100	0	0.976185
2267000	0.2000000000	0.0010000000	0.1000000000	100	100	0	0.976485
2268000	0.2000000000	0.0010000000	0.1000000000	100	100	0	0.978467
2269000	0.2000000000	0.0010000000	0.1000000000	100	100	0	0.977713
2270000	0.2000000000	0.0010000000	0.1000000000	100	100	0	0.976808
2271000	0.2000000000	0.0010000000	0.1000000000	100	100	0	0.977436
2272000	0.2000000000	0.0010000000	0.1000000000	100	100	0	0.977686
2273000	0.2000000000	0.0010000000	0.1000000000	100	100	0	0.977191
2274000	0.2000000000	0.0010000000	0.1000000000	100	100	0	0.976858
2275000	0.2000000000	0.0010000000	0.1000000000	100	100	0	0.978611
2276000	0.2000000000	0.0010000000	0.1000000000	100	100	0	0.977361
2277000	0.2000000000	0.0010000000	0.1000000000	100	100	0	0.976126
2278000	0.2000000000	0.0010000000	0.1000000000	100	100	0	0.975805
2279000	0.2000000000	0.0010000000	0.1000000000	100	100	0	0.978610
2280000	0.2000000000	0.0010000000	0.1000000000	100	100	0	0.978449
2281000	0.2000000000	0.0010000000	0.1000000000	100	100	0	0.980112
2282000	0.2000000000	0.0010000000	0.1000000000	100	100	0	0.977096
2283000	0.2000000000	0.0010000000	0.1000000000	100	100	0	0.978897
2284000	0.2000000000	0.0010000000	0.1000000000	100	100	0	0.978403
2285000	0.2000000000	0.0010000000	0.1000000000	100	100	0	0.977709
2286000	0.2000000000	0.0010000000	0.1000000000	100	100	0	0.976739
2287000	0.2000000000	0.0010000000	0.1000000000	100	100	0	0.977675
2288000	0.2000000000	0.0010000000	0.1000000000	100	100	0	0.979139
2289000	0.2000000000	0.0010000000	0.1000000000	100	100	0	0.977075
2290000	0.2000000000	0.0010000000	0.1000000000	100	100	0	0.977202
2291000	0.2000000000	0.0010000000	0.1000000000	100	100	0	0.976100
2292000	0.2000000000	0.0010000000	0.1000000000	100	100	0	0.977564
2293000	0.2000000000	0.0010000000	0.1000000000	100	100	0	0.976616
2294000	0.2000000000	0.0010000000	0.1000000000	100	100	0	0.978959
2295000	0.2000000000	0.0010000000	0.1000000000	100	100	0	0.981486
2296000	0.2000000000	0.0010000000	0.1000000000	100	100	0	0.979093
2297000	0.2000000000	0.0010000000	0.1000000000	100	100	0	0.976552
2298000	0.2000000000	0.0010000000	0.1000000000	100	100	0	0.980103
2299000	0.2000000000	0.0010000000	0.1000000000	100	100	0	0.978178
2300000	0.2000000000	0.0010000000	0.1000000000	100	100	0	0.978692
2301000	0.2000000000	0.0010000000	0.1000000000	100	100	0	0.977969
2302000	0.2000000000	0.0010000000	0.1000000000	100	100	0	0.976846
2303000	0.2000000000	0.0010000000	0.1000000000	100	100	0	0.980002
2304000	0.2000000000	0.0010000000	0.1000000000	100	100	0	0.978177
2305000	0.2000000000	0.0010000000	0.1000000000	100	100	0	0.975854
2306000	0.2000000000	0.0010000000	0.1000000000	100	100	0	0.975442
2307000	0.2000000000	0.0010000000	0.1000000000	100	100	0	0.979376
2308000	0.2000000000	0.0010000000	0.1000000000	100	100	0	0.977065
2309000	0.2000000000	0.0010000000	0.1000000000	100	100	0	0.980346
2310000	0.2000000000	0.0010000000	0.1000000000	100	100	0	0.978510
2311000	0.2000000000	0.0010000000	0.1000000000	100	100	0	0.976452
2312000	0.2000000000	0.0010000000	0.1000000000	100	100	0	0.978521
2313000	0.2000000000	0.0010000000	0.1000000000	100	100	0	0.976471
2314000	0.2000000000	0.0010000000	0.1000000000	100	100	0	0.977943
2315000	0.2000000000	0.0010000000	0.1000000000	100	100	0	0.976323
2316000	0.2000000000	0.0010000000	0.1000000000	100	100	0	0.979796
2317000	0.2000000000	0.0010000000	0.1000000000	100	100	0	0.977128
2318000	0.2000000000	0.0010000000	0.1000000000	100	100	0	0.977252
2319000	0.2000000000	0.0010000000	0.1000000000	100	100	0	0.977637
2320000	0.2000000000	0.0010000000	0.1000000000	100	100	0	0.976323
2321000	0.2000000000	0.0010000000	0.1000000000	100	100	0	0.977519
2322000	0.2000000000	0.0010000000	0.1000000000	100	100	0	0.979408
2323000	0.2000000000	0.0010000000	0.1000000000	100	100	0	0.978508
2324000	0.2000000000	0.0010000000	0.1000000000	100	100	0	0.977490
2325000	0.2000000000	0.0010000000	0.1000000000	100	100	0	0.979246
2326000	0.2000000000	0.0010000000	0.1000000000	100	100	0	0.976219
2327000	0.2000000000	0.0010000000	0.1000000000	100	100	0	0.978914
2328000	0.2000000000	0.0010000000	0.1000000000	100	100	0	0.978620
2329000	0.2000000000	0.0010000000	0.1000000000	100	100	0	0.977977
2330000	0.2000000000	0.0010000000	0.1000000000	100	100	0	0.980170
2331000	0.2000000000	0.0010000000	0.1000000000	100	100	0	0.978230
2332000	0.2000000000	0.0010000000	0.1000000000	100	100	0	0.977567
2333000	0.2000000000	0.0010000000	0.1000000000	100	100	0	0.977434
2334000	0.2000000000	0.0010000000	0.1000000000	100	100	0	0.977775
2335000	0.2000000000	0.0010000000	0.1000000000	100	100	0	0.977815
2336000	0.2000000000	0.0010000000	0.1000000000	100	100	0	0.975997
2337000	0.2000000000	0.0010000000	0.1000000000	100	100	0	0.977102
2338000	0.2000000000	0.0010000000	0.1000000000	100	100	0	0.978046
2339000	0.2000000000	0.0010000000	0.1000000000	100	100	0	0.978982
2340000	0.2000000000	0.0010000000	0.1000000000	100	100	0	0.979662
2341000	0.2000000000	0.0010000000	0.1000000000	100	100	0	0.980638
2342000	0.2000000000	0.0010000000	0.1000000000	100	100	0	0.977777
2343000	0.2000000000	0.0010000000	0.1000000000	100	100	0	0.981054
2344000	0.2000000000	0.0010000000	0.1000000000	100	100	0	0.977234
2345000	0.2000000000	0.0010000000	0.1000000000	100	100	0	0.977331
2346000	0.2000000000	0.0010000000	0.1000000000	100	100	0	0.977673
2347000	0.2000000000	0.0010000000	0.1000000000	100	100	0	0.977067
2348000	0.2000000000	0.0010000000	0.1000000000	100	100	0	0.979080
2349000	0.2000000000	0.0010000000	0.1000000000	100	100	0	0.976914
2350000	0.2000000000	0.0010000000	0.1000000000	100	100	0	0.976238
2351000	0.2000000000	0.0010000000	0.1000000000	100	100	0	0.977366
2352000	0.2000000000	0.0010000000	0.1000000000	100	100	0	0.979003
2353000	0.2000000000	0.0010000000	0.1000000000	100	100	0	0.977805
2354000	0.2000000000	0.0010000000	0.1000000000	100	100	0	0.980260
2355000	0.2000000000	0.0010000000	0.1000000000	100	100	0	0.977066
2356000	0.2000000000	0.0010000000	0.1000000000	100	100	0	0.977329
2357000	0.2000000000	0.0010000000	0.1000000000	100	100	0	0.977100
2358000	0.2000000000	0.0010000000	0.1000000000	100	100	0	0.977888
2359000	0.2000000000	0.0010000000	0.1000000000	100	100	0	0.977996
2360000	0.2000000000	0.0010000000	0.1000000000	100	100	0	0.978137
2361000	0.2000000000	0.0010000000	0.1000000000	100	100	0	0.978738
2362000	0.2000000000	0.0010000000	0.1000000000	100	100	0	0.975255
2363000	0.2000000000	0.0010000000	0.1000000000	100	100	0	0.978305
2364000	0.2000000000	0.0010000000	0.1000000000	100	100	0	0.979225
2365000	0.2000000000	0.0010000000	0.1000000000	100	100	0	0.980019
2366000	0.2000000000	0.0010000000	0.1000000000	100	100	0	0.978315
2367000	0.2000000000	0.0010000000	0.1000000000	100	100	0	0.978013
2368000	0.2000000000	0.0010000000	0.1000000000	100	100	0	0.976509
2369000	0.2000000000	0.0010000000	0.1000000000	100	100	0	0.980987
2370000	0.2000000000	0.0010000000	0.1000000000	100	100	0	0.981794
2371000	0.2000000000	0.0010000000	0.1000000000	100	100	0	0.978524
2372000	0.2000000000	0.0010000000	0.1000000000	100	100	0	0.979094
2373000	0.2000000000	0.0010000000	0.1000000000	100	100	0	0.976433
2374000	0.2000000000	0.0010000000	0.1000000000	100	100	0	0.978777
2375000	0.2000000000	0.0010000000	0.1000000000	100	100	0	0.977512
2376000	0.2000000000	0.0010000000	0.1000000000	100	100	0	0.977154
2377000	0.2000000000	0.0010000000	0.1000000000	100	100	0	0.980719
2378000	0.2000000000	0.0010000000	0.1000000000	100	100	0	0.977108
2379000	0.2000000000	0.0010000000	0.1000000000	100	100	0	0.979914
2380000	0.2000000000	0.0010000000	0.1000000000	100	100	0	0.979001
2381000	0.2000000000	0.0010000000	0.1000000000	100	100	0	0.976573
2382000	0.2000000000	0.0010000000	0.1000000000	100	100	0	0.974547
2383000	0.2000000000	0.0010000000	0.1000000000	100	100	0	0.976401
2384000	0.2000000000	0.0010000000	0.1000000000	100	100	0	0.978703
2385000	0.2000000000	0.0010000000	0.1000000000	100	100	0	0.979607
2386000	0.2000000000	0.0010000000	0.1000000000	100	100	0	0.980251
2387000	0.2000000000	0.0010000000	0.1000000000	100	100	0	0.980993
2388000	0.2000000000	0.0010000000	0.1000000000	100	100	0	0.977050
2389000	0.2000000000	0.0010000000	0.1000000000	100	100	0	0.976337
2390000	0.2000000000	0.0010000000	0.1000000000	100	100	0	0.975709
2391000	0.2000000000	0.0010000000	0.1000000000	100	100	0	0.981269
2392000	0.2000000000	0.0010000000	0.1000000000	100	100	0	0.978426
2393000	0.2000000000	0.0010000000	0.1000000000	100	100	0	0.977373
2394000	0.2000000000	0.0010000000	0.1000000000	100	100	0	0.980996
2395000	0.2000000000	0.0010000000	0.1000000000	100	100	0	0.976946
2396000	0.2000000000	0.0010000000	0.1000000000	100	100	0	0.976774
2397000	0.2000000000	0.0010000000	0.1000000000	100	100	0	0.975774
2398000	0.2000000000	0.0010000000	0.1000000000	100	100	0	0.979471
2399000	0.2000000000	0.0010000000	0.1000000000	100	100	0	0.978238
2400000	0.2000000000	0.0010000000	0.1000000000	100	100	0	0.977178
2401000	0.2000000000	0.0010000000	0.1000000000	100	100	0	0.977211
2402000	0.2000000000	0.0010000000	0.1000000000	100	100	0	0.976323
2403000	0.2000000000	0.0010000000	0.1000000000	100	100	0	0.976503
2404000	0.2000000000	0.0010000000	0.1000000000	100	100	0	0.980716
2405000	0.2000000000	0.0010000000	0.1000000000	100	100	0	0.980767
2406000	0.2000000000	0.0010000000	0.1000000000	100	100	0	0.975657
2407000	0.2000000000	0.0010000000	0.1000000000	100	100	0	0.976080
2408000	0.2000000000	0.0010000000	0.1000000000	100	100	0	0.980145
2409000	0.2000000000	0.0010000000	0.1000000000	100	100	0	0.976309
2410000	0.2000000000	0.0010000000	0.1000000000	100	100	0	0.979696
2411000	0.2000000000	0.0010000000	0.1000000000	100	100	0	0.978228
2412000	0.2000000000	0.0010000000	0.1000000000	100	100	0	0.977227
2413000	0.2000000000	0.0010000000	0.1000000000	100	100	0	0.978014
2414000	0.2000000000	0.0010000000	0.1000000000	100	100	0	0.977813
2415000	0.2000000000	0.0010000000	0.1000000000	100	100	0	0.976281
2416000	0.2000000000	0.0010000000	0.1000000000	100	100	0	0.979666
2417000	0.2000000000	0.0010000000	0.1000000000	100	100	0	0.977067
2418000	0.2000000000	0.0010000000	0.1000000000	100	100	0	0.979164
2419000	0.2000000000	0.0010000000	0.1000000000	100	100	0	0.977738
2420000	0.2000000000	0.0010000000	0.1000000000	100	100	0	0.979053
2421000	0.2000000000	0.0010000000	0.1000000000	100	100	0	0.980459
2422000	0.2000000000	0.0010000000	0.1000000000	100	100	0	0.977622
2423000	0.2000000000	0.0010000000	0.1000000000	100	100	0	0.979642
2424000	0.2000000000	0.0010000000	0.1000000000	100	100	0	0.977546
2425000	0.2000000000	0.0010000000	0.1000000000	100	100	0	0.973205
2426000	0.2000000000	0.0010000000	0.1000000000	100	100	0	0.978315
2427000	0.2000000000	0.0010000000	0.1000000000	100	100	0	0.980084
2428000	0.2000000000	0.0010000000	0.1000000000	100	100	0	0.977318
2429000	0.2000000000	0.0010000000	0.1000000000	100	100	0	0.975725
2430000	0.2000000000	0.0010000000	0.1000000000	100	100	0	0.977244
2431000	0.2000000000	0.0010000000	0.1000000000	100	100	0	0.978726
2432000	0.2000000000	0.0010000000	0.1000000000	100	100	0	0.977780
2433000	0.2000000000	0.0010000000	0.1000000000	100	100	0	0.974372
2434000	0.2000000000	0.0010000000	0.1000000000	100	100	0	0.978523
2435000	0.2000000000	0.0010000000	0.1000000000	100	100	0	0.979657
2436000	0.2000000000	0.0010000000	0.1000000000	100	100	0	0.976846
2437000	0.2000000000	0.0010000000	0.1000000000	100	100	0	0.977133
2438000	0.2000000000	0.0010000000	0.1000000000	100	100	0	0.980676
2439000	0.2000000000	0.0010000000	0.1000000000	100	100	0	0.975249
2440000	0.2000000000	0.0010000000	0.1000000000	100	100	0	0.975689
2441000	0.2000000000	0.0010000000	0.1000000000	100	100	0	0.977299
2442000	0.2000000000	0.0010000000	0.1000000000	100	100	0	0.980249
2443000	0.2000000000	0.0010000000	0.1000000000	100	100	0	0.982226
2444000	0.2000000000	0.0010000000	0.1000000000	100	100	0	0.979027
2445000	0.2000000000	0.0010000000	0.1000000000	100	100	0	0.976085
2446000	0.2000000000	0.0010000000	0.1000000000	100	100	0	0.976303
2447000	0.2000000000	0.0010000000	0.1000000000	100	100	0	0.977656
2448000	0.2000000000	0.0010000000	0.1000000000	100	100	0	0.976474
2449000	0.2000000000	0.0010000000	0.1000000000	100	100	0	0.979775
2450000	0.2000000000	0.0010000000	0.1000000000	100	100	0	0.977099
2451000	0.2000000000	0.0010000000	0.1000000000	100	100	0	0.978489
2452000	0.2000000000	0.0010000000	0.1000000000	100	100	0	0.978268
2453000	0.2000000000	0.0010000000	0.1000000000	100	100	0	0.978182
2454000	0.2000000000	0.0010000000	0.1000000000	100	100	0	0.978310
2455000	0.2000000000	0.0010000000	0.1000000000	100	100	0	0.979745
2456000	0.2000000000	0.0010000000	0.1000000000	100	100	0	0.979134
2457000	0.2000000000	0.0010000000	0.1000000000	100	100	0	0.976378
2458000	0.2000000000	0.0010000000	0.1000000000	100	100	0	0.978537
2459000	0.2000000000	0.0010000000	0.1000000000	100	100	0	0.976567
2460000	0.2000000000	0.0010000000	0.1000000000	100	100	0	0.978482
2461000	0.2000000000	0.0010000000	0.1000000000	100	100	0	0.978170
2462000	0.2000000000	0.0010000000	0.1000000000	100	100	0	0.978767
2463000	0.2000000000	0.0010000000	0.1000000000	100	100	0	0.977161
2464000	0.2000000000	0.0010000000	0.1000000000	100	100	0	0.976209
2465000	0.2000000000	0.0010000000	0.1000000000	100	100	0	0.978220
2466000	0.2000000000	0.0010000000	0.1000000000	100	100	0	0.980645
2467000	0.2000000000	0.0010000000	0.1000000000	100	100	0	0.979293
2468000	0.2000000000	0.0010000000	0.1000000000	100	100	0	0.977965
2469000	0.2000000000	0.0010000000	0.1000000000	100	100	0	0.977377
2470000	0.2000000000	0.0010000000	0.1000000000	100	100	0	0.976830
2471000	0.2000000000	0.0010000000	0.1000000000	100	100	0	0.977796
2472000	0.2000000000	0.0010000000	0.1000000000	100	100	0	0.976450
2473000	0.2000000000	0.0010000000	0.1000000000	100	100	0	0.978143
2474000	0.2000000000	0.0010000000	0.1000000000	100	100	0	0.977960
2475000	0.2000000000	0.0010000000	0.1000000000	100	100	0	0.976712
2476000	0.2000000000	0.0010000000	0.1000000000	100	100	0	0.977840
2477000	0.2000000000	0.0010000000	0.1000000000	100	100	0	0.979946
2478000	0.2000000000	0.0010000000	0.1000000000	100	100	0	0.977715
2479000	0.2000000000	0.0010000000	0.1000000000	100	100	0	0.976325
2480000	0.2000000000	0.0010000000	0.1000000000	100	100	0	0.977366
2481000	0.2000000000	0.0010000000	0.1000000000	100	100	0	0.975629
2482000	0.2000000000	0.0010000000	0.1000000000	100	100	0	0.976522
2483000	0.2000000000	0.0010000000	0.1000000000	100	100	0	0.974741
2484000	0.2000000000	0.0010000000	0.1000000000	100	100	0	0.977017
2485000	0.2000000000	0.0010000000	0.1000000000	100	100	0	0.980366
2486000	0.2000000000	0.0010000000	0.1000000000	100	100	0	0.979834
2487000	0.2000000000	0.0010000000	0.1000000000	100	100	0	0.978939
2488000	0.2000000000	0.0010000000	0.1000000000	100	100	0	0.977896
2489000	0.2000000000	0.0010000000	0.1000000000	100	100	0	0.973708
2490000	0.2000000000	0.0010000000	0.1000000000	100	100	0	0.975041
2491000	0.2000000000	0.0010000000	0.1000000000	100	100	0	0.978563
2492000	0.2000000000	0.0010000000	0.1000000000	100	100	0	0.978802
2493000	0.2000000000	0.0010000000	0.1000000000	100	100	0	0.978666
2494000	0.2000000000	0.0010000000	0.1000000000	100	100	0	0.977421
2495000	0.2000000000	0.0010000000	0.1000000000	100	100	0	0.975890
2496000	0.2000000000	0.0010000000	0.1000000000	100	100	0	0.979005
2497000	0.2000000000	0.0010000000	0.1000000000	100	100	0	0.980323
2498000	0.2000000000	0.0010000000	0.1000000000	100	100	0	0.977214
2499000	0.2000000000	0.0010000000	0.1000000000	100	100	0	0.976298
2500000	0.2000000000	0.0010000000	0.1000000000	100	100	0	0.977014
