time	epistasis_coef	sel_coef	mu_prob	Ne	L	k_start	mean_fitness
1500000	0.8000000000	0.0100000000	0.1000000000	100	100	0	0.978597
1501000	0.8000000000	0.0100000000	0.1000000000	100	100	0	0.978699
1502000	0.8000000000	0.0100000000	0.1000000000	100	100	0	0.978869
1503000	0.8000000000	0.0100000000	0.1000000000	100	100	0	0.978584
1504000	0.8000000000	0.0100000000	0.1000000000	100	100	0	0.977872
1505000	0.8000000000	0.0100000000	0.1000000000	100	100	0	0.978370
1506000	0.8000000000	0.0100000000	0.1000000000	100	100	0	0.978581
1507000	0.8000000000	0.0100000000	0.1000000000	100	100	0	0.977724
1508000	0.8000000000	0.0100000000	0.1000000000	100	100	0	0.978327
1509000	0.8000000000	0.0100000000	0.1000000000	100	100	0	0.979102
1510000	0.8000000000	0.0100000000	0.1000000000	100	100	0	0.978206
1511000	0.8000000000	0.0100000000	0.1000000000	100	100	0	0.978945
1512000	0.8000000000	0.0100000000	0.1000000000	100	100	0	0.978743
1513000	0.8000000000	0.0100000000	0.1000000000	100	100	0	0.979084
1514000	0.8000000000	0.0100000000	0.1000000000	100	100	0	0.978286
1515000	0.8000000000	0.0100000000	0.1000000000	100	100	0	0.978752
1516000	0.8000000000	0.0100000000	0.1000000000	100	100	0	0.978311
1517000	0.8000000000	0.0100000000	0.1000000000	100	100	0	0.978628
1518000	0.8000000000	0.0100000000	0.1000000000	100	100	0	0.977718
1519000	0.8000000000	0.0100000000	0.1000000000	100	100	0	0.978303
1520000	0.8000000000	0.0100000000	0.1000000000	100	100	0	0.978032
1521000	0.8000000000	0.0100000000	0.1000000000	100	100	0	0.977869
1522000	0.8000000000	0.0100000000	0.1000000000	100	100	0	0.978256
1523000	0.8000000000	0.0100000000	0.1000000000	100	100	0	0.979232
1524000	0.8000000000	0.0100000000	0.1000000000	100	100	0	0.978443
1525000	0.8000000000	0.0100000000	0.1000000000	100	100	0	0.978296
1526000	0.8000000000	0.0100000000	0.1000000000	100	100	0	0.978497
1527000	0.8000000000	0.0100000000	0.1000000000	100	100	0	0.978609
1528000	0.8000000000	0.0100000000	0.1000000000	100	100	0	0.978380
1529000	0.8000000000	0.0100000000	0.1000000000	100	100	0	0.978501
1530000	0.8000000000	0.0100000000	0.1000000000	100	100	0	0.978820
1531000	0.8000000000	0.0100000000	0.1000000000	100	100	0	0.978655
1532000	0.8000000000	0.0100000000	0.1000000000	100	100	0	0.978367
1533000	0.8000000000	0.0100000000	0.1000000000	100	100	0	0.977946
1534000	0.8000000000	0.0100000000	0.1000000000	100	100	0	0.978360
1535000	0.8000000000	0.0100000000	0.1000000000	100	100	0	0.978649
1536000	0.8000000000	0.0100000000	0.1000000000	100	100	0	0.978166
1537000	0.8000000000	0.0100000000	0.1000000000	100	100	0	0.977691
1538000	0.8000000000	0.0100000000	0.1000000000	100	100	0	0.978443
1539000	0.8000000000	0.0100000000	0.1000000000	100	100	0	0.978198
1540000	0.8000000000	0.0100000000	0.1000000000	100	100	0	0.978448
1541000	0.8000000000	0.0100000000	0.1000000000	100	100	0	0.978445
1542000	0.8000000000	0.0100000000	0.1000000000	100	100	0	0.978468
1543000	0.8000000000	0.0100000000	0.1000000000	100	100	0	0.978619
1544000	0.8000000000	0.0100000000	0.1000000000	100	100	0	0.978295
1545000	0.8000000000	0.0100000000	0.1000000000	100	100	0	0.978813
1546000	0.8000000000	0.0100000000	0.1000000000	100	100	0	0.979035
1547000	0.8000000000	0.0100000000	0.1000000000	100	100	0	0.978543
1548000	0.8000000000	0.0100000000	0.1000000000	100	100	0	0.978480
1549000	0.8000000000	0.0100000000	0.1000000000	100	100	0	0.978513
1550000	0.8000000000	0.0100000000	0.1000000000	100	100	0	0.978449
1551000	0.8000000000	0.0100000000	0.1000000000	100	100	0	0.978677
1552000	0.8000000000	0.0100000000	0.1000000000	100	100	0	0.978239
1553000	0.8000000000	0.0100000000	0.1000000000	100	100	0	0.978658
1554000	0.8000000000	0.0100000000	0.1000000000	100	100	0	0.978324
1555000	0.8000000000	0.0100000000	0.1000000000	100	100	0	0.978932
1556000	0.8000000000	0.0100000000	0.1000000000	100	100	0	0.978954
1557000	0.8000000000	0.0100000000	0.1000000000	100	100	0	0.979021
1558000	0.8000000000	0.0100000000	0.1000000000	100	100	0	0.978790
1559000	0.8000000000	0.0100000000	0.1000000000	100	100	0	0.979180
1560000	0.8000000000	0.0100000000	0.1000000000	100	100	0	0.978036
1561000	0.8000000000	0.0100000000	0.1000000000	100	100	0	0.978307
1562000	0.8000000000	0.0100000000	0.1000000000	100	100	0	0.978420
1563000	0.8000000000	0.0100000000	0.1000000000	100	100	0	0.978013
1564000	0.8000000000	0.0100000000	0.1000000000	100	100	0	0.978394
1565000	0.8000000000	0.0100000000	0.1000000000	100	100	0	0.977945
1566000	0.8000000000	0.0100000000	0.1000000000	100	100	0	0.977983
1567000	0.8000000000	0.0100000000	0.1000000000	100	100	0	0.979027
1568000	0.8000000000	0.0100000000	0.1000000000	100	100	0	0.978361
1569000	0.8000000000	0.0100000000	0.1000000000	100	100	0	0.978757
1570000	0.8000000000	0.0100000000	0.1000000000	100	100	0	0.978011
1571000	0.8000000000	0.0100000000	0.1000000000	100	100	0	0.978200
1572000	0.8000000000	0.0100000000	0.1000000000	100	100	0	0.978166
1573000	0.8000000000	0.0100000000	0.1000000000	100	100	0	0.977977
1574000	0.8000000000	0.0100000000	0.1000000000	100	100	0	0.978642
1575000	0.8000000000	0.0100000000	0.1000000000	100	100	0	0.978377
1576000	0.8000000000	0.0100000000	0.1000000000	100	100	0	0.978342
1577000	0.8000000000	0.0100000000	0.1000000000	100	100	0	0.978396
1578000	0.8000000000	0.0100000000	0.1000000000	100	100	0	0.978584
1579000	0.8000000000	0.0100000000	0.1000000000	100	100	0	0.978367
1580000	0.8000000000	0.0100000000	0.1000000000	100	100	0	0.978341
1581000	0.8000000000	0.0100000000	0.1000000000	100	100	0	0.977599
1582000	0.8000000000	0.0100000000	0.1000000000	100	100	0	0.978224
1583000	0.8000000000	0.0100000000	0.1000000000	100	100	0	0.978479
1584000	0.8000000000	0.0100000000	0.1000000000	100	100	0	0.978078
1585000	0.8000000000	0.0100000000	0.1000000000	100	100	0	0.978532
1586000	0.8000000000	0.0100000000	0.1000000000	100	100	0	0.978153
1587000	0.8000000000	0.0100000000	0.1000000000	100	100	0	0.978735
1588000	0.8000000000	0.0100000000	0.1000000000	100	100	0	0.978170
1589000	0.8000000000	0.0100000000	0.1000000000	100	100	0	0.978381
1590000	0.8000000000	0.0100000000	0.1000000000	100	100	0	0.978384
1591000	0.8000000000	0.0100000000	0.1000000000	100	100	0	0.977656
1592000	0.8000000000	0.0100000000	0.1000000000	100	100	0	0.978301
1593000	0.8000000000	0.0100000000	0.1000000000	100	100	0	0.978064
1594000	0.8000000000	0.0100000000	0.1000000000	100	100	0	0.978065
1595000	0.8000000000	0.0100000000	0.1000000000	100	100	0	0.977480
1596000	0.8000000000	0.0100000000	0.1000000000	100	100	0	0.978036
1597000	0.8000000000	0.0100000000	0.1000000000	100	100	0	0.978528
1598000	0.8000000000	0.0100000000	0.1000000000	100	100	0	0.978058
1599000	0.8000000000	0.0100000000	0.1000000000	100	100	0	0.978284
1600000	0.8000000000	0.0100000000	0.1000000000	100	100	0	0.978304
1601000	0.8000000000	0.0100000000	0.1000000000	100	100	0	0.978419
1602000	0.8000000000	0.0100000000	0.1000000000	100	100	0	0.978362
1603000	0.8000000000	0.0100000000	0.1000000000	100	100	0	0.977921
1604000	0.8000000000	0.0100000000	0.1000000000	100	100	0	0.978532
1605000	0.8000000000	0.0100000000	0.1000000000	100	100	0	0.978683
1606000	0.8000000000	0.0100000000	0.1000000000	100	100	0	0.978616
1607000	0.8000000000	0.0100000000	0.1000000000	100	100	0	0.978410
1608000	0.8000000000	0.0100000000	0.1000000000	100	100	0	0.978312
1609000	0.8000000000	0.0100000000	0.1000000000	100	100	0	0.978581
1610000	0.8000000000	0.0100000000	0.1000000000	100	100	0	0.978478
1611000	0.8000000000	0.0100000000	0.1000000000	100	100	0	0.978810
1612000	0.8000000000	0.0100000000	0.1000000000	100	100	0	0.978934
1613000	0.8000000000	0.0100000000	0.1000000000	100	100	0	0.978217
1614000	0.8000000000	0.0100000000	0.1000000000	100	100	0	0.978267
1615000	0.8000000000	0.0100000000	0.1000000000	100	100	0	0.978549
1616000	0.8000000000	0.0100000000	0.1000000000	100	100	0	0.978636
1617000	0.8000000000	0.0100000000	0.1000000000	100	100	0	0.978837
1618000	0.8000000000	0.0100000000	0.1000000000	100	100	0	0.978875
1619000	0.8000000000	0.0100000000	0.1000000000	100	100	0	0.978479
1620000	0.8000000000	0.0100000000	0.1000000000	100	100	0	0.978178
1621000	0.8000000000	0.0100000000	0.1000000000	100	100	0	0.978470
1622000	0.8000000000	0.0100000000	0.1000000000	100	100	0	0.978630
1623000	0.8000000000	0.0100000000	0.1000000000	100	100	0	0.978707
1624000	0.8000000000	0.0100000000	0.1000000000	100	100	0	0.977898
1625000	0.8000000000	0.0100000000	0.1000000000	100	100	0	0.978908
1626000	0.8000000000	0.0100000000	0.1000000000	100	100	0	0.978119
1627000	0.8000000000	0.0100000000	0.1000000000	100	100	0	0.978939
1628000	0.8000000000	0.0100000000	0.1000000000	100	100	0	0.978567
1629000	0.8000000000	0.0100000000	0.1000000000	100	100	0	0.978278
1630000	0.8000000000	0.0100000000	0.1000000000	100	100	0	0.977919
1631000	0.8000000000	0.0100000000	0.1000000000	100	100	0	0.978531
1632000	0.8000000000	0.0100000000	0.1000000000	100	100	0	0.978686
1633000	0.8000000000	0.0100000000	0.1000000000	100	100	0	0.978907
1634000	0.8000000000	0.0100000000	0.1000000000	100	100	0	0.977994
1635000	0.8000000000	0.0100000000	0.1000000000	100	100	0	0.978454
1636000	0.8000000000	0.0100000000	0.1000000000	100	100	0	0.978090
1637000	0.8000000000	0.0100000000	0.1000000000	100	100	0	0.978448
1638000	0.8000000000	0.0100000000	0.1000000000	100	100	0	0.977945
1639000	0.8000000000	0.0100000000	0.1000000000	100	100	0	0.978331
1640000	0.8000000000	0.0100000000	0.1000000000	100	100	0	0.978449
1641000	0.8000000000	0.0100000000	0.1000000000	100	100	0	0.978415
1642000	0.8000000000	0.0100000000	0.1000000000	100	100	0	0.978281
1643000	0.8000000000	0.0100000000	0.1000000000	100	100	0	0.979301
1644000	0.8000000000	0.0100000000	0.1000000000	100	100	0	0.979008
1645000	0.8000000000	0.0100000000	0.1000000000	100	100	0	0.978543
1646000	0.8000000000	0.0100000000	0.1000000000	100	100	0	0.979015
1647000	0.8000000000	0.0100000000	0.1000000000	100	100	0	0.978796
1648000	0.8000000000	0.0100000000	0.1000000000	100	100	0	0.978071
1649000	0.8000000000	0.0100000000	0.1000000000	100	100	0	0.978998
1650000	0.8000000000	0.0100000000	0.1000000000	100	100	0	0.977963
1651000	0.8000000000	0.0100000000	0.1000000000	100	100	0	0.978404
1652000	0.8000000000	0.0100000000	0.1000000000	100	100	0	0.978951
1653000	0.8000000000	0.0100000000	0.1000000000	100	100	0	0.978931
1654000	0.8000000000	0.0100000000	0.1000000000	100	100	0	0.978605
1655000	0.8000000000	0.0100000000	0.1000000000	100	100	0	0.978519
1656000	0.8000000000	0.0100000000	0.1000000000	100	100	0	0.978259
1657000	0.8000000000	0.0100000000	0.1000000000	100	100	0	0.977957
1658000	0.8000000000	0.0100000000	0.1000000000	100	100	0	0.978588
1659000	0.8000000000	0.0100000000	0.1000000000	100	100	0	0.977675
1660000	0.8000000000	0.0100000000	0.1000000000	100	100	0	0.977820
1661000	0.8000000000	0.0100000000	0.1000000000	100	100	0	0.978433
1662000	0.8000000000	0.0100000000	0.1000000000	100	100	0	0.977793
1663000	0.8000000000	0.0100000000	0.1000000000	100	100	0	0.978486
1664000	0.8000000000	0.0100000000	0.1000000000	100	100	0	0.978729
1665000	0.8000000000	0.0100000000	0.1000000000	100	100	0	0.978463
1666000	0.8000000000	0.0100000000	0.1000000000	100	100	0	0.978162
1667000	0.8000000000	0.0100000000	0.1000000000	100	100	0	0.978596
1668000	0.8000000000	0.0100000000	0.1000000000	100	100	0	0.978552
1669000	0.8000000000	0.0100000000	0.1000000000	100	100	0	0.978022
1670000	0.8000000000	0.0100000000	0.1000000000	100	100	0	0.978657
1671000	0.8000000000	0.0100000000	0.1000000000	100	100	0	0.978911
1672000	0.8000000000	0.0100000000	0.1000000000	100	100	0	0.978425
1673000	0.8000000000	0.0100000000	0.1000000000	100	100	0	0.978597
1674000	0.8000000000	0.0100000000	0.1000000000	100	100	0	0.979099
1675000	0.8000000000	0.0100000000	0.1000000000	100	100	0	0.978987
1676000	0.8000000000	0.0100000000	0.1000000000	100	100	0	0.978307
1677000	0.8000000000	0.0100000000	0.1000000000	100	100	0	0.978241
1678000	0.8000000000	0.0100000000	0.1000000000	100	100	0	0.978647
1679000	0.8000000000	0.0100000000	0.1000000000	100	100	0	0.978062
1680000	0.8000000000	0.0100000000	0.1000000000	100	100	0	0.977789
1681000	0.8000000000	0.0100000000	0.1000000000	100	100	0	0.978092
1682000	0.8000000000	0.0100000000	0.1000000000	100	100	0	0.978136
1683000	0.8000000000	0.0100000000	0.1000000000	100	100	0	0.978180
1684000	0.8000000000	0.0100000000	0.1000000000	100	100	0	0.977930
1685000	0.8000000000	0.0100000000	0.1000000000	100	100	0	0.978817
1686000	0.8000000000	0.0100000000	0.1000000000	100	100	0	0.978416
1687000	0.8000000000	0.0100000000	0.1000000000	100	100	0	0.978588
1688000	0.8000000000	0.0100000000	0.1000000000	100	100	0	0.978297
1689000	0.8000000000	0.0100000000	0.1000000000	100	100	0	0.978291
1690000	0.8000000000	0.0100000000	0.1000000000	100	100	0	0.978622
1691000	0.8000000000	0.0100000000	0.1000000000	100	100	0	0.977939
1692000	0.8000000000	0.0100000000	0.1000000000	100	100	0	0.978477
1693000	0.8000000000	0.0100000000	0.1000000000	100	100	0	0.978783
1694000	0.8000000000	0.0100000000	0.1000000000	100	100	0	0.978206
1695000	0.8000000000	0.0100000000	0.1000000000	100	100	0	0.978079
1696000	0.8000000000	0.0100000000	0.1000000000	100	100	0	0.978554
1697000	0.8000000000	0.0100000000	0.1000000000	100	100	0	0.978735
1698000	0.8000000000	0.0100000000	0.1000000000	100	100	0	0.978217
1699000	0.8000000000	0.0100000000	0.1000000000	100	100	0	0.977869
1700000	0.8000000000	0.0100000000	0.1000000000	100	100	0	0.978602
1701000	0.8000000000	0.0100000000	0.1000000000	100	100	0	0.978191
1702000	0.8000000000	0.0100000000	0.1000000000	100	100	0	0.978099
1703000	0.8000000000	0.0100000000	0.1000000000	100	100	0	0.978482
1704000	0.8000000000	0.0100000000	0.1000000000	100	100	0	0.979031
1705000	0.8000000000	0.0100000000	0.1000000000	100	100	0	0.977859
1706000	0.8000000000	0.0100000000	0.1000000000	100	100	0	0.979264
1707000	0.8000000000	0.0100000000	0.1000000000	100	100	0	0.978538
1708000	0.8000000000	0.0100000000	0.1000000000	100	100	0	0.978601
1709000	0.8000000000	0.0100000000	0.1000000000	100	100	0	0.978172
1710000	0.8000000000	0.0100000000	0.1000000000	100	100	0	0.978327
1711000	0.8000000000	0.0100000000	0.1000000000	100	100	0	0.978637
1712000	0.8000000000	0.0100000000	0.1000000000	100	100	0	0.979143
1713000	0.8000000000	0.0100000000	0.1000000000	100	100	0	0.978509
1714000	0.8000000000	0.0100000000	0.1000000000	100	100	0	0.978314
1715000	0.8000000000	0.0100000000	0.1000000000	100	100	0	0.978271
1716000	0.8000000000	0.0100000000	0.1000000000	100	100	0	0.978048
1717000	0.8000000000	0.0100000000	0.1000000000	100	100	0	0.978363
1718000	0.8000000000	0.0100000000	0.1000000000	100	100	0	0.978184
1719000	0.8000000000	0.0100000000	0.1000000000	100	100	0	0.978664
1720000	0.8000000000	0.0100000000	0.1000000000	100	100	0	0.978505
1721000	0.8000000000	0.0100000000	0.1000000000	100	100	0	0.978431
1722000	0.8000000000	0.0100000000	0.1000000000	100	100	0	0.978470
1723000	0.8000000000	0.0100000000	0.1000000000	100	100	0	0.978888
1724000	0.8000000000	0.0100000000	0.1000000000	100	100	0	0.978864
1725000	0.8000000000	0.0100000000	0.1000000000	100	100	0	0.978509
1726000	0.8000000000	0.0100000000	0.1000000000	100	100	0	0.978189
1727000	0.8000000000	0.0100000000	0.1000000000	100	100	0	0.977578
1728000	0.8000000000	0.0100000000	0.1000000000	100	100	0	0.977671
1729000	0.8000000000	0.0100000000	0.1000000000	100	100	0	0.978033
1730000	0.8000000000	0.0100000000	0.1000000000	100	100	0	0.978481
1731000	0.8000000000	0.0100000000	0.1000000000	100	100	0	0.978496
1732000	0.8000000000	0.0100000000	0.1000000000	100	100	0	0.978853
1733000	0.8000000000	0.0100000000	0.1000000000	100	100	0	0.977911
1734000	0.8000000000	0.0100000000	0.1000000000	100	100	0	0.978402
1735000	0.8000000000	0.0100000000	0.1000000000	100	100	0	0.978287
1736000	0.8000000000	0.0100000000	0.1000000000	100	100	0	0.978654
1737000	0.8000000000	0.0100000000	0.1000000000	100	100	0	0.978527
1738000	0.8000000000	0.0100000000	0.1000000000	100	100	0	0.979193
1739000	0.8000000000	0.0100000000	0.1000000000	100	100	0	0.978627
1740000	0.8000000000	0.0100000000	0.1000000000	100	100	0	0.978024
1741000	0.8000000000	0.0100000000	0.1000000000	100	100	0	0.978449
1742000	0.8000000000	0.0100000000	0.1000000000	100	100	0	0.978477
1743000	0.8000000000	0.0100000000	0.1000000000	100	100	0	0.979210
1744000	0.8000000000	0.0100000000	0.1000000000	100	100	0	0.978402
1745000	0.8000000000	0.0100000000	0.1000000000	100	100	0	0.977391
1746000	0.8000000000	0.0100000000	0.1000000000	100	100	0	0.978605
1747000	0.8000000000	0.0100000000	0.1000000000	100	100	0	0.978422
1748000	0.8000000000	0.0100000000	0.1000000000	100	100	0	0.978764
1749000	0.8000000000	0.0100000000	0.1000000000	100	100	0	0.979368
1750000	0.8000000000	0.0100000000	0.1000000000	100	100	0	0.978335
1751000	0.8000000000	0.0100000000	0.1000000000	100	100	0	0.978055
1752000	0.8000000000	0.0100000000	0.1000000000	100	100	0	0.977675
1753000	0.8000000000	0.0100000000	0.1000000000	100	100	0	0.978228
1754000	0.8000000000	0.0100000000	0.1000000000	100	100	0	0.978099
1755000	0.8000000000	0.0100000000	0.1000000000	100	100	0	0.978739
1756000	0.8000000000	0.0100000000	0.1000000000	100	100	0	0.978372
1757000	0.8000000000	0.0100000000	0.1000000000	100	100	0	0.977976
1758000	0.8000000000	0.0100000000	0.1000000000	100	100	0	0.978536
1759000	0.8000000000	0.0100000000	0.1000000000	100	100	0	0.978615
1760000	0.8000000000	0.0100000000	0.1000000000	100	100	0	0.978637
1761000	0.8000000000	0.0100000000	0.1000000000	100	100	0	0.979030
1762000	0.8000000000	0.0100000000	0.1000000000	100	100	0	0.979496
1763000	0.8000000000	0.0100000000	0.1000000000	100	100	0	0.978143
1764000	0.8000000000	0.0100000000	0.1000000000	100	100	0	0.978163
1765000	0.8000000000	0.0100000000	0.1000000000	100	100	0	0.978995
1766000	0.8000000000	0.0100000000	0.1000000000	100	100	0	0.978815
1767000	0.8000000000	0.0100000000	0.1000000000	100	100	0	0.978290
1768000	0.8000000000	0.0100000000	0.1000000000	100	100	0	0.978262
1769000	0.8000000000	0.0100000000	0.1000000000	100	100	0	0.978381
1770000	0.8000000000	0.0100000000	0.1000000000	100	100	0	0.978241
1771000	0.8000000000	0.0100000000	0.1000000000	100	100	0	0.978148
1772000	0.8000000000	0.0100000000	0.1000000000	100	100	0	0.978869
1773000	0.8000000000	0.0100000000	0.1000000000	100	100	0	0.978641
1774000	0.8000000000	0.0100000000	0.1000000000	100	100	0	0.978276
1775000	0.8000000000	0.0100000000	0.1000000000	100	100	0	0.978255
1776000	0.8000000000	0.0100000000	0.1000000000	100	100	0	0.978770
1777000	0.8000000000	0.0100000000	0.1000000000	100	100	0	0.978648
1778000	0.8000000000	0.0100000000	0.1000000000	100	100	0	0.978608
1779000	0.8000000000	0.0100000000	0.1000000000	100	100	0	0.978950
1780000	0.8000000000	0.0100000000	0.1000000000	100	100	0	0.978686
1781000	0.8000000000	0.0100000000	0.1000000000	100	100	0	0.978493
1782000	0.8000000000	0.0100000000	0.1000000000	100	100	0	0.979285
1783000	0.8000000000	0.0100000000	0.1000000000	100	100	0	0.978756
1784000	0.8000000000	0.0100000000	0.1000000000	100	100	0	0.978453
1785000	0.8000000000	0.0100000000	0.1000000000	100	100	0	0.979074
1786000	0.8000000000	0.0100000000	0.1000000000	100	100	0	0.978965
1787000	0.8000000000	0.0100000000	0.1000000000	100	100	0	0.979000
1788000	0.8000000000	0.0100000000	0.1000000000	100	100	0	0.978448
1789000	0.8000000000	0.0100000000	0.1000000000	100	100	0	0.978225
1790000	0.8000000000	0.0100000000	0.1000000000	100	100	0	0.978635
1791000	0.8000000000	0.0100000000	0.1000000000	100	100	0	0.978444
1792000	0.8000000000	0.0100000000	0.1000000000	100	100	0	0.977890
1793000	0.8000000000	0.0100000000	0.1000000000	100	100	0	0.978053
1794000	0.8000000000	0.0100000000	0.1000000000	100	100	0	0.978313
1795000	0.8000000000	0.0100000000	0.1000000000	100	100	0	0.978925
1796000	0.8000000000	0.0100000000	0.1000000000	100	100	0	0.978554
1797000	0.8000000000	0.0100000000	0.1000000000	100	100	0	0.977969
1798000	0.8000000000	0.0100000000	0.1000000000	100	100	0	0.978289
1799000	0.8000000000	0.0100000000	0.1000000000	100	100	0	0.977874
1800000	0.8000000000	0.0100000000	0.1000000000	100	100	0	0.978900
1801000	0.8000000000	0.0100000000	0.1000000000	100	100	0	0.977810
1802000	0.8000000000	0.0100000000	0.1000000000	100	100	0	0.977822
1803000	0.8000000000	0.0100000000	0.1000000000	100	100	0	0.978168
1804000	0.8000000000	0.0100000000	0.1000000000	100	100	0	0.978709
1805000	0.8000000000	0.0100000000	0.1000000000	100	100	0	0.977950
1806000	0.8000000000	0.0100000000	0.1000000000	100	100	0	0.978737
1807000	0.8000000000	0.0100000000	0.1000000000	100	100	0	0.978053
1808000	0.8000000000	0.0100000000	0.1000000000	100	100	0	0.978969
1809000	0.8000000000	0.0100000000	0.1000000000	100	100	0	0.978783
1810000	0.8000000000	0.0100000000	0.1000000000	100	100	0	0.978308
1811000	0.8000000000	0.0100000000	0.1000000000	100	100	0	0.978518
1812000	0.8000000000	0.0100000000	0.1000000000	100	100	0	0.978015
1813000	0.8000000000	0.0100000000	0.1000000000	100	100	0	0.978020
1814000	0.8000000000	0.0100000000	0.1000000000	100	100	0	0.977854
1815000	0.8000000000	0.0100000000	0.1000000000	100	100	0	0.977829
1816000	0.8000000000	0.0100000000	0.1000000000	100	100	0	0.978265
1817000	0.8000000000	0.0100000000	0.1000000000	100	100	0	0.978941
1818000	0.8000000000	0.0100000000	0.1000000000	100	100	0	0.978313
1819000	0.8000000000	0.0100000000	0.1000000000	100	100	0	0.978899
1820000	0.8000000000	0.0100000000	0.1000000000	100	100	0	0.978580
1821000	0.8000000000	0.0100000000	0.1000000000	100	100	0	0.978565
1822000	0.8000000000	0.0100000000	0.1000000000	100	100	0	0.977795
1823000	0.8000000000	0.0100000000	0.1000000000	100	100	0	0.978999
1824000	0.8000000000	0.0100000000	0.1000000000	100	100	0	0.978103
1825000	0.8000000000	0.0100000000	0.1000000000	100	100	0	0.978151
1826000	0.8000000000	0.0100000000	0.1000000000	100	100	0	0.978488
1827000	0.8000000000	0.0100000000	0.1000000000	100	100	0	0.978904
1828000	0.8000000000	0.0100000000	0.1000000000	100	100	0	0.978774
1829000	0.8000000000	0.0100000000	0.1000000000	100	100	0	0.978690
1830000	0.8000000000	0.0100000000	0.1000000000	100	100	0	0.978279
1831000	0.8000000000	0.0100000000	0.1000000000	100	100	0	0.978295
1832000	0.8000000000	0.0100000000	0.1000000000	100	100	0	0.978589
1833000	0.8000000000	0.0100000000	0.1000000000	100	100	0	0.977733
1834000	0.8000000000	0.0100000000	0.1000000000	100	100	0	0.977628
1835000	0.8000000000	0.0100000000	0.1000000000	100	100	0	0.978366
1836000	0.8000000000	0.0100000000	0.1000000000	100	100	0	0.978179
1837000	0.8000000000	0.0100000000	0.1000000000	100	100	0	0.978559
1838000	0.8000000000	0.0100000000	0.1000000000	100	100	0	0.978874
1839000	0.8000000000	0.0100000000	0.1000000000	100	100	0	0.978480
1840000	0.8000000000	0.0100000000	0.1000000000	100	100	0	0.978116
1841000	0.8000000000	0.0100000000	0.1000000000	100	100	0	0.978364
1842000	0.8000000000	0.0100000000	0.1000000000	100	100	0	0.978071
1843000	0.8000000000	0.0100000000	0.1000000000	100	100	0	0.978176
1844000	0.8000000000	0.0100000000	0.1000000000	100	100	0	0.978424
1845000	0.8000000000	0.0100000000	0.1000000000	100	100	0	0.978466
1846000	0.8000000000	0.0100000000	0.1000000000	100	100	0	0.978504
1847000	0.8000000000	0.0100000000	0.1000000000	100	100	0	0.977694
1848000	0.8000000000	0.0100000000	0.1000000000	100	100	0	0.978641
1849000	0.8000000000	0.0100000000	0.1000000000	100	100	0	0.978271
1850000	0.8000000000	0.0100000000	0.1000000000	100	100	0	0.978895
1851000	0.8000000000	0.0100000000	0.1000000000	100	100	0	0.978583
1852000	0.8000000000	0.0100000000	0.1000000000	100	100	0	0.977979
1853000	0.8000000000	0.0100000000	0.1000000000	100	100	0	0.977871
1854000	0.8000000000	0.0100000000	0.1000000000	100	100	0	0.978908
1855000	0.8000000000	0.0100000000	0.1000000000	100	100	0	0.978476
1856000	0.8000000000	0.0100000000	0.1000000000	100	100	0	0.977733
1857000	0.8000000000	0.0100000000	0.1000000000	100	100	0	0.978342
1858000	0.8000000000	0.0100000000	0.1000000000	100	100	0	0.978353
1859000	0.8000000000	0.0100000000	0.1000000000	100	100	0	0.977563
1860000	0.8000000000	0.0100000000	0.1000000000	100	100	0	0.978440
1861000	0.8000000000	0.0100000000	0.1000000000	100	100	0	0.978609
1862000	0.8000000000	0.0100000000	0.1000000000	100	100	0	0.978457
1863000	0.8000000000	0.0100000000	0.1000000000	100	100	0	0.978352
1864000	0.8000000000	0.0100000000	0.1000000000	100	100	0	0.977576
1865000	0.8000000000	0.0100000000	0.1000000000	100	100	0	0.978400
1866000	0.8000000000	0.0100000000	0.1000000000	100	100	0	0.978365
1867000	0.8000000000	0.0100000000	0.1000000000	100	100	0	0.978577
1868000	0.8000000000	0.0100000000	0.1000000000	100	100	0	0.978295
1869000	0.8000000000	0.0100000000	0.1000000000	100	100	0	0.978924
1870000	0.8000000000	0.0100000000	0.1000000000	100	100	0	0.978380
1871000	0.8000000000	0.0100000000	0.1000000000	100	100	0	0.978153
1872000	0.8000000000	0.0100000000	0.1000000000	100	100	0	0.978223
1873000	0.8000000000	0.0100000000	0.1000000000	100	100	0	0.978536
1874000	0.8000000000	0.0100000000	0.1000000000	100	100	0	0.978807
1875000	0.8000000000	0.0100000000	0.1000000000	100	100	0	0.978978
1876000	0.8000000000	0.0100000000	0.1000000000	100	100	0	0.978929
1877000	0.8000000000	0.0100000000	0.1000000000	100	100	0	0.978119
1878000	0.8000000000	0.0100000000	0.1000000000	100	100	0	0.978416
1879000	0.8000000000	0.0100000000	0.1000000000	100	100	0	0.978341
1880000	0.8000000000	0.0100000000	0.1000000000	100	100	0	0.978441
1881000	0.8000000000	0.0100000000	0.1000000000	100	100	0	0.978734
1882000	0.8000000000	0.0100000000	0.1000000000	100	100	0	0.978362
1883000	0.8000000000	0.0100000000	0.1000000000	100	100	0	0.978205
1884000	0.8000000000	0.0100000000	0.1000000000	100	100	0	0.978738
1885000	0.8000000000	0.0100000000	0.1000000000	100	100	0	0.979191
1886000	0.8000000000	0.0100000000	0.1000000000	100	100	0	0.978333
1887000	0.8000000000	0.0100000000	0.1000000000	100	100	0	0.978329
1888000	0.8000000000	0.0100000000	0.1000000000	100	100	0	0.977865
1889000	0.8000000000	0.0100000000	0.1000000000	100	100	0	0.978552
1890000	0.8000000000	0.0100000000	0.1000000000	100	100	0	0.977972
1891000	0.8000000000	0.0100000000	0.1000000000	100	100	0	0.979156
1892000	0.8000000000	0.0100000000	0.1000000000	100	100	0	0.978363
1893000	0.8000000000	0.0100000000	0.1000000000	100	100	0	0.978135
1894000	0.8000000000	0.0100000000	0.1000000000	100	100	0	0.978759
1895000	0.8000000000	0.0100000000	0.1000000000	100	100	0	0.978122
1896000	0.8000000000	0.0100000000	0.1000000000	100	100	0	0.978246
1897000	0.8000000000	0.0100000000	0.1000000000	100	100	0	0.978766
1898000	0.8000000000	0.0100000000	0.1000000000	100	100	0	0.978478
1899000	0.8000000000	0.0100000000	0.1000000000	100	100	0	0.978959
1900000	0.8000000000	0.0100000000	0.1000000000	100	100	0	0.978544
1901000	0.8000000000	0.0100000000	0.1000000000	100	100	0	0.978545
1902000	0.8000000000	0.0100000000	0.1000000000	100	100	0	0.977738
1903000	0.8000000000	0.0100000000	0.1000000000	100	100	0	0.977609
1904000	0.8000000000	0.0100000000	0.1000000000	100	100	0	0.978491
1905000	0.8000000000	0.0100000000	0.1000000000	100	100	0	0.978412
1906000	0.8000000000	0.0100000000	0.1000000000	100	100	0	0.978697
1907000	0.8000000000	0.0100000000	0.1000000000	100	100	0	0.978103
1908000	0.8000000000	0.0100000000	0.1000000000	100	100	0	0.977994
1909000	0.8000000000	0.0100000000	0.1000000000	100	100	0	0.978287
1910000	0.8000000000	0.0100000000	0.1000000000	100	100	0	0.979230
1911000	0.8000000000	0.0100000000	0.1000000000	100	100	0	0.979173
1912000	0.8000000000	0.0100000000	0.1000000000	100	100	0	0.978222
1913000	0.8000000000	0.0100000000	0.1000000000	100	100	0	0.978446
1914000	0.8000000000	0.0100000000	0.1000000000	100	100	0	0.978441
1915000	0.8000000000	0.0100000000	0.1000000000	100	100	0	0.978115
1916000	0.8000000000	0.0100000000	0.1000000000	100	100	0	0.978397
1917000	0.8000000000	0.0100000000	0.1000000000	100	100	0	0.977778
1918000	0.8000000000	0.0100000000	0.1000000000	100	100	0	0.979022
1919000	0.8000000000	0.0100000000	0.1000000000	100	100	0	0.978805
1920000	0.8000000000	0.0100000000	0.1000000000	100	100	0	0.979471
1921000	0.8000000000	0.0100000000	0.1000000000	100	100	0	0.978764
1922000	0.8000000000	0.0100000000	0.1000000000	100	100	0	0.978551
1923000	0.8000000000	0.0100000000	0.1000000000	100	100	0	0.978589
1924000	0.8000000000	0.0100000000	0.1000000000	100	100	0	0.978673
1925000	0.8000000000	0.0100000000	0.1000000000	100	100	0	0.978210
1926000	0.8000000000	0.0100000000	0.1000000000	100	100	0	0.978876
1927000	0.8000000000	0.0100000000	0.1000000000	100	100	0	0.978553
1928000	0.8000000000	0.0100000000	0.1000000000	100	100	0	0.977703
1929000	0.8000000000	0.0100000000	0.1000000000	100	100	0	0.977844
1930000	0.8000000000	0.0100000000	0.1000000000	100	100	0	0.978490
1931000	0.8000000000	0.0100000000	0.1000000000	100	100	0	0.978810
1932000	0.8000000000	0.0100000000	0.1000000000	100	100	0	0.978736
1933000	0.8000000000	0.0100000000	0.1000000000	100	100	0	0.978744
1934000	0.8000000000	0.0100000000	0.1000000000	100	100	0	0.978370
1935000	0.8000000000	0.0100000000	0.1000000000	100	100	0	0.978540
1936000	0.8000000000	0.0100000000	0.1000000000	100	100	0	0.978771
1937000	0.8000000000	0.0100000000	0.1000000000	100	100	0	0.978504
1938000	0.8000000000	0.0100000000	0.1000000000	100	100	0	0.978123
1939000	0.8000000000	0.0100000000	0.1000000000	100	100	0	0.978536
1940000	0.8000000000	0.0100000000	0.1000000000	100	100	0	0.979007
1941000	0.8000000000	0.0100000000	0.1000000000	100	100	0	0.978379
1942000	0.8000000000	0.0100000000	0.1000000000	100	100	0	0.978575
1943000	0.8000000000	0.0100000000	0.1000000000	100	100	0	0.978716
1944000	0.8000000000	0.0100000000	0.1000000000	100	100	0	0.978647
1945000	0.8000000000	0.0100000000	0.1000000000	100	100	0	0.978763
1946000	0.8000000000	0.0100000000	0.1000000000	100	100	0	0.978057
1947000	0.8000000000	0.0100000000	0.1000000000	100	100	0	0.979287
1948000	0.8000000000	0.0100000000	0.1000000000	100	100	0	0.977939
1949000	0.8000000000	0.0100000000	0.1000000000	100	100	0	0.978421
1950000	0.8000000000	0.0100000000	0.1000000000	100	100	0	0.978160
1951000	0.8000000000	0.0100000000	0.1000000000	100	100	0	0.978770
1952000	0.8000000000	0.0100000000	0.1000000000	100	100	0	0.978843
1953000	0.8000000000	0.0100000000	0.1000000000	100	100	0	0.978710
1954000	0.8000000000	0.0100000000	0.1000000000	100	100	0	0.978207
1955000	0.8000000000	0.0100000000	0.1000000000	100	100	0	0.978537
1956000	0.8000000000	0.0100000000	0.1000000000	100	100	0	0.978925
1957000	0.8000000000	0.0100000000	0.1000000000	100	100	0	0.978683
1958000	0.8000000000	0.0100000000	0.1000000000	100	100	0	0.978550
1959000	0.8000000000	0.0100000000	0.1000000000	100	100	0	0.977978
1960000	0.8000000000	0.0100000000	0.1000000000	100	100	0	0.978153
1961000	0.8000000000	0.0100000000	0.1000000000	100	100	0	0.977797
1962000	0.8000000000	0.0100000000	0.1000000000	100	100	0	0.978012
1963000	0.8000000000	0.0100000000	0.1000000000	100	100	0	0.978155
1964000	0.8000000000	0.0100000000	0.1000000000	100	100	0	0.978395
1965000	0.8000000000	0.0100000000	0.1000000000	100	100	0	0.978451
1966000	0.8000000000	0.0100000000	0.1000000000	100	100	0	0.978229
1967000	0.8000000000	0.0100000000	0.1000000000	100	100	0	0.978664
1968000	0.8000000000	0.0100000000	0.1000000000	100	100	0	0.978347
1969000	0.8000000000	0.0100000000	0.1000000000	100	100	0	0.978283
1970000	0.8000000000	0.0100000000	0.1000000000	100	100	0	0.978531
1971000	0.8000000000	0.0100000000	0.1000000000	100	100	0	0.979016
1972000	0.8000000000	0.0100000000	0.1000000000	100	100	0	0.978783
1973000	0.8000000000	0.0100000000	0.1000000000	100	100	0	0.978623
1974000	0.8000000000	0.0100000000	0.1000000000	100	100	0	0.978196
1975000	0.8000000000	0.0100000000	0.1000000000	100	100	0	0.978965
1976000	0.8000000000	0.0100000000	0.1000000000	100	100	0	0.978568
1977000	0.8000000000	0.0100000000	0.1000000000	100	100	0	0.978192
1978000	0.8000000000	0.0100000000	0.1000000000	100	100	0	0.978880
1979000	0.8000000000	0.0100000000	0.1000000000	100	100	0	0.978098
1980000	0.8000000000	0.0100000000	0.1000000000	100	100	0	0.978270
1981000	0.8000000000	0.0100000000	0.1000000000	100	100	0	0.978445
1982000	0.8000000000	0.0100000000	0.1000000000	100	100	0	0.979120
1983000	0.8000000000	0.0100000000	0.1000000000	100	100	0	0.978501
1984000	0.8000000000	0.0100000000	0.1000000000	100	100	0	0.978409
1985000	0.8000000000	0.0100000000	0.1000000000	100	100	0	0.978487
1986000	0.8000000000	0.0100000000	0.1000000000	100	100	0	0.978289
1987000	0.8000000000	0.0100000000	0.1000000000	100	100	0	0.978463
1988000	0.8000000000	0.0100000000	0.1000000000	100	100	0	0.977624
1989000	0.8000000000	0.0100000000	0.1000000000	100	100	0	0.978652
1990000	0.8000000000	0.0100000000	0.1000000000	100	100	0	0.978571
1991000	0.8000000000	0.0100000000	0.1000000000	100	100	0	0.978174
1992000	0.8000000000	0.0100000000	0.1000000000	100	100	0	0.978300
1993000	0.8000000000	0.0100000000	0.1000000000	100	100	0	0.977888
1994000	0.8000000000	0.0100000000	0.1000000000	100	100	0	0.977983
1995000	0.8000000000	0.0100000000	0.1000000000	100	100	0	0.978452
1996000	0.8000000000	0.0100000000	0.1000000000	100	100	0	0.978011
1997000	0.8000000000	0.0100000000	0.1000000000	100	100	0	0.978470
1998000	0.8000000000	0.0100000000	0.1000000000	100	100	0	0.978701
1999000	0.8000000000	0.0100000000	0.1000000000	100	100	0	0.978866
2000000	0.8000000000	0.0100000000	0.1000000000	100	100	0	0.978583
2001000	0.8000000000	0.0100000000	0.1000000000	100	100	0	0.978077
2002000	0.8000000000	0.0100000000	0.1000000000	100	100	0	0.978675
2003000	0.8000000000	0.0100000000	0.1000000000	100	100	0	0.977891
2004000	0.8000000000	0.0100000000	0.1000000000	100	100	0	0.978847
2005000	0.8000000000	0.0100000000	0.1000000000	100	100	0	0.978254
2006000	0.8000000000	0.0100000000	0.1000000000	100	100	0	0.978193
2007000	0.8000000000	0.0100000000	0.1000000000	100	100	0	0.978675
2008000	0.8000000000	0.0100000000	0.1000000000	100	100	0	0.978517
2009000	0.8000000000	0.0100000000	0.1000000000	100	100	0	0.978500
2010000	0.8000000000	0.0100000000	0.1000000000	100	100	0	0.978446
2011000	0.8000000000	0.0100000000	0.1000000000	100	100	0	0.978960
2012000	0.8000000000	0.0100000000	0.1000000000	100	100	0	0.978275
2013000	0.8000000000	0.0100000000	0.1000000000	100	100	0	0.978941
2014000	0.8000000000	0.0100000000	0.1000000000	100	100	0	0.978431
2015000	0.8000000000	0.0100000000	0.1000000000	100	100	0	0.978419
2016000	0.8000000000	0.0100000000	0.1000000000	100	100	0	0.978477
2017000	0.8000000000	0.0100000000	0.1000000000	100	100	0	0.978030
2018000	0.8000000000	0.0100000000	0.1000000000	100	100	0	0.977981
2019000	0.8000000000	0.0100000000	0.1000000000	100	100	0	0.977918
2020000	0.8000000000	0.0100000000	0.1000000000	100	100	0	0.978313
2021000	0.8000000000	0.0100000000	0.1000000000	100	100	0	0.978802
2022000	0.8000000000	0.0100000000	0.1000000000	100	100	0	0.978279
2023000	0.8000000000	0.0100000000	0.1000000000	100	100	0	0.978503
2024000	0.8000000000	0.0100000000	0.1000000000	100	100	0	0.978514
2025000	0.8000000000	0.0100000000	0.1000000000	100	100	0	0.978326
2026000	0.8000000000	0.0100000000	0.1000000000	100	100	0	0.978285
2027000	0.8000000000	0.0100000000	0.1000000000	100	100	0	0.978069
2028000	0.8000000000	0.0100000000	0.1000000000	100	100	0	0.978110
2029000	0.8000000000	0.0100000000	0.1000000000	100	100	0	0.978104
2030000	0.8000000000	0.0100000000	0.1000000000	100	100	0	0.978899
2031000	0.8000000000	0.0100000000	0.1000000000	100	100	0	0.979042
2032000	0.8000000000	0.0100000000	0.1000000000	100	100	0	0.977714
2033000	0.8000000000	0.0100000000	0.1000000000	100	100	0	0.978451
2034000	0.8000000000	0.0100000000	0.1000000000	100	100	0	0.978382
2035000	0.8000000000	0.0100000000	0.1000000000	100	100	0	0.978278
2036000	0.8000000000	0.0100000000	0.1000000000	100	100	0	0.978227
2037000	0.8000000000	0.0100000000	0.1000000000	100	100	0	0.977969
2038000	0.8000000000	0.0100000000	0.1000000000	100	100	0	0.978707
2039000	0.8000000000	0.0100000000	0.1000000000	100	100	0	0.978181
2040000	0.8000000000	0.0100000000	0.1000000000	100	100	0	0.978040
2041000	0.8000000000	0.0100000000	0.1000000000	100	100	0	0.978266
2042000	0.8000000000	0.0100000000	0.1000000000	100	100	0	0.978760
2043000	0.8000000000	0.0100000000	0.1000000000	100	100	0	0.978338
2044000	0.8000000000	0.0100000000	0.1000000000	100	100	0	0.979052
2045000	0.8000000000	0.0100000000	0.1000000000	100	100	0	0.978646
2046000	0.8000000000	0.0100000000	0.1000000000	100	100	0	0.978580
2047000	0.8000000000	0.0100000000	0.1000000000	100	100	0	0.978311
2048000	0.8000000000	0.0100000000	0.1000000000	100	100	0	0.978166
2049000	0.8000000000	0.0100000000	0.1000000000	100	100	0	0.978703
2050000	0.8000000000	0.0100000000	0.1000000000	100	100	0	0.978790
2051000	0.8000000000	0.0100000000	0.1000000000	100	100	0	0.977966
2052000	0.8000000000	0.0100000000	0.1000000000	100	100	0	0.978419
2053000	0.8000000000	0.0100000000	0.1000000000	100	100	0	0.979291
2054000	0.8000000000	0.0100000000	0.1000000000	100	100	0	0.978444
2055000	0.8000000000	0.0100000000	0.1000000000	100	100	0	0.978531
2056000	0.8000000000	0.0100000000	0.1000000000	100	100	0	0.978207
2057000	0.8000000000	0.0100000000	0.1000000000	100	100	0	0.978331
2058000	0.8000000000	0.0100000000	0.1000000000	100	100	0	0.978703
2059000	0.8000000000	0.0100000000	0.1000000000	100	100	0	0.977930
2060000	0.8000000000	0.0100000000	0.1000000000	100	100	0	0.978436
2061000	0.8000000000	0.0100000000	0.1000000000	100	100	0	0.978585
2062000	0.8000000000	0.0100000000	0.1000000000	100	100	0	0.978472
2063000	0.8000000000	0.0100000000	0.1000000000	100	100	0	0.977949
2064000	0.8000000000	0.0100000000	0.1000000000	100	100	0	0.978110
2065000	0.8000000000	0.0100000000	0.1000000000	100	100	0	0.978919
2066000	0.8000000000	0.0100000000	0.1000000000	100	100	0	0.978196
2067000	0.8000000000	0.0100000000	0.1000000000	100	100	0	0.978689
2068000	0.8000000000	0.0100000000	0.1000000000	100	100	0	0.978811
2069000	0.8000000000	0.0100000000	0.1000000000	100	100	0	0.978066
2070000	0.8000000000	0.0100000000	0.1000000000	100	100	0	0.978776
2071000	0.8000000000	0.0100000000	0.1000000000	100	100	0	0.978575
2072000	0.8000000000	0.0100000000	0.1000000000	100	100	0	0.978509
2073000	0.8000000000	0.0100000000	0.1000000000	100	100	0	0.978373
2074000	0.8000000000	0.0100000000	0.1000000000	100	100	0	0.977508
2075000	0.8000000000	0.0100000000	0.1000000000	100	100	0	0.978208
2076000	0.8000000000	0.0100000000	0.1000000000	100	100	0	0.978619
2077000	0.8000000000	0.0100000000	0.1000000000	100	100	0	0.978042
2078000	0.8000000000	0.0100000000	0.1000000000	100	100	0	0.978011
2079000	0.8000000000	0.0100000000	0.1000000000	100	100	0	0.978170
2080000	0.8000000000	0.0100000000	0.1000000000	100	100	0	0.978849
2081000	0.8000000000	0.0100000000	0.1000000000	100	100	0	0.978919
2082000	0.8000000000	0.0100000000	0.1000000000	100	100	0	0.979106
2083000	0.8000000000	0.0100000000	0.1000000000	100	100	0	0.979284
2084000	0.8000000000	0.0100000000	0.1000000000	100	100	0	0.978564
2085000	0.8000000000	0.0100000000	0.1000000000	100	100	0	0.979106
2086000	0.8000000000	0.0100000000	0.1000000000	100	100	0	0.978064
2087000	0.8000000000	0.0100000000	0.1000000000	100	100	0	0.978121
2088000	0.8000000000	0.0100000000	0.1000000000	100	100	0	0.978006
2089000	0.8000000000	0.0100000000	0.1000000000	100	100	0	0.978182
2090000	0.8000000000	0.0100000000	0.1000000000	100	100	0	0.978400
2091000	0.8000000000	0.0100000000	0.1000000000	100	100	0	0.978468
2092000	0.8000000000	0.0100000000	0.1000000000	100	100	0	0.978214
2093000	0.8000000000	0.0100000000	0.1000000000	100	100	0	0.978820
2094000	0.8000000000	0.0100000000	0.1000000000	100	100	0	0.978154
2095000	0.8000000000	0.0100000000	0.1000000000	100	100	0	0.978636
2096000	0.8000000000	0.0100000000	0.1000000000	100	100	0	0.978123
2097000	0.8000000000	0.0100000000	0.1000000000	100	100	0	0.978109
2098000	0.8000000000	0.0100000000	0.1000000000	100	100	0	0.978542
2099000	0.8000000000	0.0100000000	0.1000000000	100	100	0	0.978375
2100000	0.8000000000	0.0100000000	0.1000000000	100	100	0	0.978312
2101000	0.8000000000	0.0100000000	0.1000000000	100	100	0	0.978214
2102000	0.8000000000	0.0100000000	0.1000000000	100	100	0	0.978960
2103000	0.8000000000	0.0100000000	0.1000000000	100	100	0	0.978033
2104000	0.8000000000	0.0100000000	0.1000000000	100	100	0	0.977978
2105000	0.8000000000	0.0100000000	0.1000000000	100	100	0	0.978754
2106000	0.8000000000	0.0100000000	0.1000000000	100	100	0	0.978558
2107000	0.8000000000	0.0100000000	0.1000000000	100	100	0	0.978429
2108000	0.8000000000	0.0100000000	0.1000000000	100	100	0	0.978067
2109000	0.8000000000	0.0100000000	0.1000000000	100	100	0	0.978225
2110000	0.8000000000	0.0100000000	0.1000000000	100	100	0	0.978237
2111000	0.8000000000	0.0100000000	0.1000000000	100	100	0	0.978052
2112000	0.8000000000	0.0100000000	0.1000000000	100	100	0	0.978254
2113000	0.8000000000	0.0100000000	0.1000000000	100	100	0	0.979041
2114000	0.8000000000	0.0100000000	0.1000000000	100	100	0	0.978578
2115000	0.8000000000	0.0100000000	0.1000000000	100	100	0	0.978092
2116000	0.8000000000	0.0100000000	0.1000000000	100	100	0	0.978561
2117000	0.8000000000	0.0100000000	0.1000000000	100	100	0	0.978022
2118000	0.8000000000	0.0100000000	0.1000000000	100	100	0	0.978757
2119000	0.8000000000	0.0100000000	0.1000000000	100	100	0	0.978389
2120000	0.8000000000	0.0100000000	0.1000000000	100	100	0	0.978766
2121000	0.8000000000	0.0100000000	0.1000000000	100	100	0	0.978624
2122000	0.8000000000	0.0100000000	0.1000000000	100	100	0	0.979151
2123000	0.8000000000	0.0100000000	0.1000000000	100	100	0	0.978501
2124000	0.8000000000	0.0100000000	0.1000000000	100	100	0	0.978901
2125000	0.8000000000	0.0100000000	0.1000000000	100	100	0	0.978398
2126000	0.8000000000	0.0100000000	0.1000000000	100	100	0	0.978354
2127000	0.8000000000	0.0100000000	0.1000000000	100	100	0	0.978951
2128000	0.8000000000	0.0100000000	0.1000000000	100	100	0	0.978036
2129000	0.8000000000	0.0100000000	0.1000000000	100	100	0	0.978778
2130000	0.8000000000	0.0100000000	0.1000000000	100	100	0	0.978291
2131000	0.8000000000	0.0100000000	0.1000000000	100	100	0	0.978733
2132000	0.8000000000	0.0100000000	0.1000000000	100	100	0	0.978921
2133000	0.8000000000	0.0100000000	0.1000000000	100	100	0	0.977813
2134000	0.8000000000	0.0100000000	0.1000000000	100	100	0	0.977841
2135000	0.8000000000	0.0100000000	0.1000000000	100	100	0	0.978290
2136000	0.8000000000	0.0100000000	0.1000000000	100	100	0	0.978227
2137000	0.8000000000	0.0100000000	0.1000000000	100	100	0	0.978519
2138000	0.8000000000	0.0100000000	0.1000000000	100	100	0	0.978981
2139000	0.8000000000	0.0100000000	0.1000000000	100	100	0	0.978534
2140000	0.8000000000	0.0100000000	0.1000000000	100	100	0	0.978191
2141000	0.8000000000	0.0100000000	0.1000000000	100	100	0	0.978162
2142000	0.8000000000	0.0100000000	0.1000000000	100	100	0	0.978539
2143000	0.8000000000	0.0100000000	0.1000000000	100	100	0	0.977655
2144000	0.8000000000	0.0100000000	0.1000000000	100	100	0	0.978378
2145000	0.8000000000	0.0100000000	0.1000000000	100	100	0	0.978881
2146000	0.8000000000	0.0100000000	0.1000000000	100	100	0	0.978549
2147000	0.8000000000	0.0100000000	0.1000000000	100	100	0	0.978164
2148000	0.8000000000	0.0100000000	0.1000000000	100	100	0	0.977784
2149000	0.8000000000	0.0100000000	0.1000000000	100	100	0	0.977871
2150000	0.8000000000	0.0100000000	0.1000000000	100	100	0	0.978859
2151000	0.8000000000	0.0100000000	0.1000000000	100	100	0	0.978739
2152000	0.8000000000	0.0100000000	0.1000000000	100	100	0	0.977843
2153000	0.8000000000	0.0100000000	0.1000000000	100	100	0	0.978060
2154000	0.8000000000	0.0100000000	0.1000000000	100	100	0	0.978026
2155000	0.8000000000	0.0100000000	0.1000000000	100	100	0	0.978362
2156000	0.8000000000	0.0100000000	0.1000000000	100	100	0	0.978816
2157000	0.8000000000	0.0100000000	0.1000000000	100	100	0	0.978655
2158000	0.8000000000	0.0100000000	0.1000000000	100	100	0	0.978165
2159000	0.8000000000	0.0100000000	0.1000000000	100	100	0	0.978400
2160000	0.8000000000	0.0100000000	0.1000000000	100	100	0	0.978265
2161000	0.8000000000	0.0100000000	0.1000000000	100	100	0	0.977803
2162000	0.8000000000	0.0100000000	0.1000000000	100	100	0	0.978410
2163000	0.8000000000	0.0100000000	0.1000000000	100	100	0	0.978975
2164000	0.8000000000	0.0100000000	0.1000000000	100	100	0	0.978836
2165000	0.8000000000	0.0100000000	0.1000000000	100	100	0	0.978377
2166000	0.8000000000	0.0100000000	0.1000000000	100	100	0	0.977731
2167000	0.8000000000	0.0100000000	0.1000000000	100	100	0	0.978711
2168000	0.8000000000	0.0100000000	0.1000000000	100	100	0	0.978068
2169000	0.8000000000	0.0100000000	0.1000000000	100	100	0	0.978400
2170000	0.8000000000	0.0100000000	0.1000000000	100	100	0	0.978478
2171000	0.8000000000	0.0100000000	0.1000000000	100	100	0	0.977949
2172000	0.8000000000	0.0100000000	0.1000000000	100	100	0	0.977768
2173000	0.8000000000	0.0100000000	0.1000000000	100	100	0	0.978735
2174000	0.8000000000	0.0100000000	0.1000000000	100	100	0	0.978048
2175000	0.8000000000	0.0100000000	0.1000000000	100	100	0	0.979040
2176000	0.8000000000	0.0100000000	0.1000000000	100	100	0	0.978528
2177000	0.8000000000	0.0100000000	0.1000000000	100	100	0	0.978710
2178000	0.8000000000	0.0100000000	0.1000000000	100	100	0	0.977884
2179000	0.8000000000	0.0100000000	0.1000000000	100	100	0	0.978219
2180000	0.8000000000	0.0100000000	0.1000000000	100	100	0	0.978640
2181000	0.8000000000	0.0100000000	0.1000000000	100	100	0	0.978427
2182000	0.8000000000	0.0100000000	0.1000000000	100	100	0	0.978705
2183000	0.8000000000	0.0100000000	0.1000000000	100	100	0	0.978490
2184000	0.8000000000	0.0100000000	0.1000000000	100	100	0	0.978290
2185000	0.8000000000	0.0100000000	0.1000000000	100	100	0	0.978300
2186000	0.8000000000	0.0100000000	0.1000000000	100	100	0	0.978242
2187000	0.8000000000	0.0100000000	0.1000000000	100	100	0	0.977471
2188000	0.8000000000	0.0100000000	0.1000000000	100	100	0	0.977871
2189000	0.8000000000	0.0100000000	0.1000000000	100	100	0	0.978180
2190000	0.8000000000	0.0100000000	0.1000000000	100	100	0	0.978148
2191000	0.8000000000	0.0100000000	0.1000000000	100	100	0	0.978102
2192000	0.8000000000	0.0100000000	0.1000000000	100	100	0	0.978098
2193000	0.8000000000	0.0100000000	0.1000000000	100	100	0	0.978150
2194000	0.8000000000	0.0100000000	0.1000000000	100	100	0	0.978261
2195000	0.8000000000	0.0100000000	0.1000000000	100	100	0	0.978194
2196000	0.8000000000	0.0100000000	0.1000000000	100	100	0	0.978389
2197000	0.8000000000	0.0100000000	0.1000000000	100	100	0	0.978750
2198000	0.8000000000	0.0100000000	0.1000000000	100	100	0	0.978325
2199000	0.8000000000	0.0100000000	0.1000000000	100	100	0	0.978595
2200000	0.8000000000	0.0100000000	0.1000000000	100	100	0	0.978975
2201000	0.8000000000	0.0100000000	0.1000000000	100	100	0	0.978246
2202000	0.8000000000	0.0100000000	0.1000000000	100	100	0	0.978324
2203000	0.8000000000	0.0100000000	0.1000000000	100	100	0	0.978564
2204000	0.8000000000	0.0100000000	0.1000000000	100	100	0	0.977998
2205000	0.8000000000	0.0100000000	0.1000000000	100	100	0	0.977963
2206000	0.8000000000	0.0100000000	0.1000000000	100	100	0	0.978606
2207000	0.8000000000	0.0100000000	0.1000000000	100	100	0	0.977862
2208000	0.8000000000	0.0100000000	0.1000000000	100	100	0	0.978080
2209000	0.8000000000	0.0100000000	0.1000000000	100	100	0	0.978259
2210000	0.8000000000	0.0100000000	0.1000000000	100	100	0	0.978870
2211000	0.8000000000	0.0100000000	0.1000000000	100	100	0	0.978048
2212000	0.8000000000	0.0100000000	0.1000000000	100	100	0	0.978166
2213000	0.8000000000	0.0100000000	0.1000000000	100	100	0	0.978922
2214000	0.8000000000	0.0100000000	0.1000000000	100	100	0	0.979140
2215000	0.8000000000	0.0100000000	0.1000000000	100	100	0	0.978448
2216000	0.8000000000	0.0100000000	0.1000000000	100	100	0	0.978911
2217000	0.8000000000	0.0100000000	0.1000000000	100	100	0	0.978080
2218000	0.8000000000	0.0100000000	0.1000000000	100	100	0	0.978099
2219000	0.8000000000	0.0100000000	0.1000000000	100	100	0	0.978881
2220000	0.8000000000	0.0100000000	0.1000000000	100	100	0	0.978378
2221000	0.8000000000	0.0100000000	0.1000000000	100	100	0	0.978669
2222000	0.8000000000	0.0100000000	0.1000000000	100	100	0	0.978431
2223000	0.8000000000	0.0100000000	0.1000000000	100	100	0	0.978894
2224000	0.8000000000	0.0100000000	0.1000000000	100	100	0	0.978464
2225000	0.8000000000	0.0100000000	0.1000000000	100	100	0	0.978812
2226000	0.8000000000	0.0100000000	0.1000000000	100	100	0	0.978376
2227000	0.8000000000	0.0100000000	0.1000000000	100	100	0	0.978040
2228000	0.8000000000	0.0100000000	0.1000000000	100	100	0	0.978781
2229000	0.8000000000	0.0100000000	0.1000000000	100	100	0	0.978810
2230000	0.8000000000	0.0100000000	0.1000000000	100	100	0	0.978886
2231000	0.8000000000	0.0100000000	0.1000000000	100	100	0	0.978276
2232000	0.8000000000	0.0100000000	0.1000000000	100	100	0	0.979075
2233000	0.8000000000	0.0100000000	0.1000000000	100	100	0	0.978565
2234000	0.8000000000	0.0100000000	0.1000000000	100	100	0	0.978410
2235000	0.8000000000	0.0100000000	0.1000000000	100	100	0	0.978589
2236000	0.8000000000	0.0100000000	0.1000000000	100	100	0	0.978542
2237000	0.8000000000	0.0100000000	0.1000000000	100	100	0	0.978607
2238000	0.8000000000	0.0100000000	0.1000000000	100	100	0	0.978087
2239000	0.8000000000	0.0100000000	0.1000000000	100	100	0	0.977879
2240000	0.8000000000	0.0100000000	0.1000000000	100	100	0	0.978137
2241000	0.8000000000	0.0100000000	0.1000000000	100	100	0	0.977867
2242000	0.8000000000	0.0100000000	0.1000000000	100	100	0	0.978842
2243000	0.8000000000	0.0100000000	0.1000000000	100	100	0	0.977969
2244000	0.8000000000	0.0100000000	0.1000000000	100	100	0	0.978685
2245000	0.8000000000	0.0100000000	0.1000000000	100	100	0	0.978524
2246000	0.8000000000	0.0100000000	0.1000000000	100	100	0	0.979105
2247000	0.8000000000	0.0100000000	0.1000000000	100	100	0	0.978601
2248000	0.8000000000	0.0100000000	0.1000000000	100	100	0	0.979027
2249000	0.8000000000	0.0100000000	0.1000000000	100	100	0	0.978700
2250000	0.8000000000	0.0100000000	0.1000000000	100	100	0	0.978313
2251000	0.8000000000	0.0100000000	0.1000000000	100	100	0	0.978347
2252000	0.8000000000	0.0100000000	0.1000000000	100	100	0	0.979130
2253000	0.8000000000	0.0100000000	0.1000000000	100	100	0	0.978261
2254000	0.8000000000	0.0100000000	0.1000000000	100	100	0	0.978148
2255000	0.8000000000	0.0100000000	0.1000000000	100	100	0	0.978210
2256000	0.8000000000	0.0100000000	0.1000000000	100	100	0	0.978249
2257000	0.8000000000	0.0100000000	0.1000000000	100	100	0	0.978344
2258000	0.8000000000	0.0100000000	0.1000000000	100	100	0	0.978605
2259000	0.8000000000	0.0100000000	0.1000000000	100	100	0	0.978289
2260000	0.8000000000	0.0100000000	0.1000000000	100	100	0	0.978316
2261000	0.8000000000	0.0100000000	0.1000000000	100	100	0	0.978729
2262000	0.8000000000	0.0100000000	0.1000000000	100	100	0	0.978129
2263000	0.8000000000	0.0100000000	0.1000000000	100	100	0	0.978806
2264000	0.8000000000	0.0100000000	0.1000000000	100	100	0	0.978984
2265000	0.8000000000	0.0100000000	0.1000000000	100	100	0	0.979211
2266000	0.8000000000	0.0100000000	0.1000000000	100	100	0	0.978059
2267000	0.8000000000	0.0100000000	0.1000000000	100	100	0	0.977990
2268000	0.8000000000	0.0100000000	0.1000000000	100	100	0	0.978651
2269000	0.8000000000	0.0100000000	0.1000000000	100	100	0	0.978499
2270000	0.8000000000	0.0100000000	0.1000000000	100	100	0	0.978603
2271000	0.8000000000	0.0100000000	0.1000000000	100	100	0	0.978385
2272000	0.8000000000	0.0100000000	0.1000000000	100	100	0	0.978259
2273000	0.8000000000	0.0100000000	0.1000000000	100	100	0	0.978441
2274000	0.8000000000	0.0100000000	0.1000000000	100	100	0	0.978418
2275000	0.8000000000	0.0100000000	0.1000000000	100	100	0	0.978147
2276000	0.8000000000	0.0100000000	0.1000000000	100	100	0	0.978646
2277000	0.8000000000	0.0100000000	0.1000000000	100	100	0	0.978084
2278000	0.8000000000	0.0100000000	0.1000000000	100	100	0	0.977475
2279000	0.8000000000	0.0100000000	0.1000000000	100	100	0	0.979267
2280000	0.8000000000	0.0100000000	0.1000000000	100	100	0	0.978375
2281000	0.8000000000	0.0100000000	0.1000000000	100	100	0	0.978300
2282000	0.8000000000	0.0100000000	0.1000000000	100	100	0	0.978377
2283000	0.8000000000	0.0100000000	0.1000000000	100	100	0	0.978467
2284000	0.8000000000	0.0100000000	0.1000000000	100	100	0	0.977464
2285000	0.8000000000	0.0100000000	0.1000000000	100	100	0	0.978001
2286000	0.8000000000	0.0100000000	0.1000000000	100	100	0	0.977959
2287000	0.8000000000	0.0100000000	0.1000000000	100	100	0	0.978487
2288000	0.8000000000	0.0100000000	0.1000000000	100	100	0	0.977597
2289000	0.8000000000	0.0100000000	0.1000000000	100	100	0	0.978403
2290000	0.8000000000	0.0100000000	0.1000000000	100	100	0	0.978758
2291000	0.8000000000	0.0100000000	0.1000000000	100	100	0	0.979347
2292000	0.8000000000	0.0100000000	0.1000000000	100	100	0	0.978936
2293000	0.8000000000	0.0100000000	0.1000000000	100	100	0	0.978397
2294000	0.8000000000	0.0100000000	0.1000000000	100	100	0	0.978395
2295000	0.8000000000	0.0100000000	0.1000000000	100	100	0	0.978540
2296000	0.8000000000	0.0100000000	0.1000000000	100	100	0	0.977961
2297000	0.8000000000	0.0100000000	0.1000000000	100	100	0	0.978158
2298000	0.8000000000	0.0100000000	0.1000000000	100	100	0	0.978054
2299000	0.8000000000	0.0100000000	0.1000000000	100	100	0	0.978594
2300000	0.8000000000	0.0100000000	0.1000000000	100	100	0	0.978207
2301000	0.8000000000	0.0100000000	0.1000000000	100	100	0	0.978190
2302000	0.8000000000	0.0100000000	0.1000000000	100	100	0	0.978443
2303000	0.8000000000	0.0100000000	0.1000000000	100	100	0	0.978806
2304000	0.8000000000	0.0100000000	0.1000000000	100	100	0	0.978424
2305000	0.8000000000	0.0100000000	0.1000000000	100	100	0	0.978696
2306000	0.8000000000	0.0100000000	0.1000000000	100	100	0	0.978605
2307000	0.8000000000	0.0100000000	0.1000000000	100	100	0	0.978397
2308000	0.8000000000	0.0100000000	0.1000000000	100	100	0	0.978015
2309000	0.8000000000	0.0100000000	0.1000000000	100	100	0	0.977961
2310000	0.8000000000	0.0100000000	0.1000000000	100	100	0	0.977967
2311000	0.8000000000	0.0100000000	0.1000000000	100	100	0	0.977673
2312000	0.8000000000	0.0100000000	0.1000000000	100	100	0	0.978219
2313000	0.8000000000	0.0100000000	0.1000000000	100	100	0	0.978271
2314000	0.8000000000	0.0100000000	0.1000000000	100	100	0	0.978015
2315000	0.8000000000	0.0100000000	0.1000000000	100	100	0	0.978434
2316000	0.8000000000	0.0100000000	0.1000000000	100	100	0	0.978361
2317000	0.8000000000	0.0100000000	0.1000000000	100	100	0	0.977793
2318000	0.8000000000	0.0100000000	0.1000000000	100	100	0	0.978346
2319000	0.8000000000	0.0100000000	0.1000000000	100	100	0	0.979029
2320000	0.8000000000	0.0100000000	0.1000000000	100	100	0	0.978124
2321000	0.8000000000	0.0100000000	0.1000000000	100	100	0	0.978351
2322000	0.8000000000	0.0100000000	0.1000000000	100	100	0	0.978135
2323000	0.8000000000	0.0100000000	0.1000000000	100	100	0	0.978409
2324000	0.8000000000	0.0100000000	0.1000000000	100	100	0	0.978796
2325000	0.8000000000	0.0100000000	0.1000000000	100	100	0	0.978472
2326000	0.8000000000	0.0100000000	0.1000000000	100	100	0	0.978682
2327000	0.8000000000	0.0100000000	0.1000000000	100	100	0	0.978267
2328000	0.8000000000	0.0100000000	0.1000000000	100	100	0	0.977889
2329000	0.8000000000	0.0100000000	0.1000000000	100	100	0	0.978473
2330000	0.8000000000	0.0100000000	0.1000000000	100	100	0	0.978201
2331000	0.8000000000	0.0100000000	0.1000000000	100	100	0	0.978117
2332000	0.8000000000	0.0100000000	0.1000000000	100	100	0	0.978818
2333000	0.8000000000	0.0100000000	0.1000000000	100	100	0	0.978415
2334000	0.8000000000	0.0100000000	0.1000000000	100	100	0	0.979015
2335000	0.8000000000	0.0100000000	0.1000000000	100	100	0	0.977772
2336000	0.8000000000	0.0100000000	0.1000000000	100	100	0	0.978315
2337000	0.8000000000	0.0100000000	0.1000000000	100	100	0	0.978510
2338000	0.8000000000	0.0100000000	0.1000000000	100	100	0	0.978542
2339000	0.8000000000	0.0100000000	0.1000000000	100	100	0	0.978508
2340000	0.8000000000	0.0100000000	0.1000000000	100	100	0	0.978967
2341000	0.8000000000	0.0100000000	0.1000000000	100	100	0	0.978271
2342000	0.8000000000	0.0100000000	0.1000000000	100	100	0	0.978233
2343000	0.8000000000	0.0100000000	0.1000000000	100	100	0	0.978472
2344000	0.8000000000	0.0100000000	0.1000000000	100	100	0	0.977864
2345000	0.8000000000	0.0100000000	0.1000000000	100	100	0	0.978396
2346000	0.8000000000	0.0100000000	0.1000000000	100	100	0	0.978427
2347000	0.8000000000	0.0100000000	0.1000000000	100	100	0	0.978043
2348000	0.8000000000	0.0100000000	0.1000000000	100	100	0	0.978408
2349000	0.8000000000	0.0100000000	0.1000000000	100	100	0	0.978445
2350000	0.8000000000	0.0100000000	0.1000000000	100	100	0	0.977785
2351000	0.8000000000	0.0100000000	0.1000000000	100	100	0	0.978421
2352000	0.8000000000	0.0100000000	0.1000000000	100	100	0	0.978735
2353000	0.8000000000	0.0100000000	0.1000000000	100	100	0	0.978290
2354000	0.8000000000	0.0100000000	0.1000000000	100	100	0	0.978460
2355000	0.8000000000	0.0100000000	0.1000000000	100	100	0	0.978523
2356000	0.8000000000	0.0100000000	0.1000000000	100	100	0	0.978665
2357000	0.8000000000	0.0100000000	0.1000000000	100	100	0	0.978165
2358000	0.8000000000	0.0100000000	0.1000000000	100	100	0	0.978165
2359000	0.8000000000	0.0100000000	0.1000000000	100	100	0	0.978554
2360000	0.8000000000	0.0100000000	0.1000000000	100	100	0	0.978509
2361000	0.8000000000	0.0100000000	0.1000000000	100	100	0	0.978533
2362000	0.8000000000	0.0100000000	0.1000000000	100	100	0	0.977629
2363000	0.8000000000	0.0100000000	0.1000000000	100	100	0	0.977951
2364000	0.8000000000	0.0100000000	0.1000000000	100	100	0	0.978356
2365000	0.8000000000	0.0100000000	0.1000000000	100	100	0	0.978890
2366000	0.8000000000	0.0100000000	0.1000000000	100	100	0	0.979078
2367000	0.8000000000	0.0100000000	0.1000000000	100	100	0	0.978188
2368000	0.8000000000	0.0100000000	0.1000000000	100	100	0	0.978342
2369000	0.8000000000	0.0100000000	0.1000000000	100	100	0	0.978627
2370000	0.8000000000	0.0100000000	0.1000000000	100	100	0	0.978488
2371000	0.8000000000	0.0100000000	0.1000000000	100	100	0	0.978485
2372000	0.8000000000	0.0100000000	0.1000000000	100	100	0	0.978149
2373000	0.8000000000	0.0100000000	0.1000000000	100	100	0	0.977686
2374000	0.8000000000	0.0100000000	0.1000000000	100	100	0	0.978130
2375000	0.8000000000	0.0100000000	0.1000000000	100	100	0	0.978200
2376000	0.8000000000	0.0100000000	0.1000000000	100	100	0	0.978667
2377000	0.8000000000	0.0100000000	0.1000000000	100	100	0	0.978970
2378000	0.8000000000	0.0100000000	0.1000000000	100	100	0	0.978408
2379000	0.8000000000	0.0100000000	0.1000000000	100	100	0	0.978636
2380000	0.8000000000	0.0100000000	0.1000000000	100	100	0	0.978712
2381000	0.8000000000	0.0100000000	0.1000000000	100	100	0	0.978117
2382000	0.8000000000	0.0100000000	0.1000000000	100	100	0	0.978558
2383000	0.8000000000	0.0100000000	0.1000000000	100	100	0	0.978884
2384000	0.8000000000	0.0100000000	0.1000000000	100	100	0	0.978626
2385000	0.8000000000	0.0100000000	0.1000000000	100	100	0	0.978565
2386000	0.8000000000	0.0100000000	0.1000000000	100	100	0	0.978668
2387000	0.8000000000	0.0100000000	0.1000000000	100	100	0	0.978615
2388000	0.8000000000	0.0100000000	0.1000000000	100	100	0	0.978680
2389000	0.8000000000	0.0100000000	0.1000000000	100	100	0	0.978467
2390000	0.8000000000	0.0100000000	0.1000000000	100	100	0	0.978516
2391000	0.8000000000	0.0100000000	0.1000000000	100	100	0	0.978515
2392000	0.8000000000	0.0100000000	0.1000000000	100	100	0	0.978589
2393000	0.8000000000	0.0100000000	0.1000000000	100	100	0	0.978106
2394000	0.8000000000	0.0100000000	0.1000000000	100	100	0	0.978545
2395000	0.8000000000	0.0100000000	0.1000000000	100	100	0	0.978681
2396000	0.8000000000	0.0100000000	0.1000000000	100	100	0	0.979038
2397000	0.8000000000	0.0100000000	0.1000000000	100	100	0	0.978787
2398000	0.8000000000	0.0100000000	0.1000000000	100	100	0	0.978038
2399000	0.8000000000	0.0100000000	0.1000000000	100	100	0	0.978428
2400000	0.8000000000	0.0100000000	0.1000000000	100	100	0	0.978072
2401000	0.8000000000	0.0100000000	0.1000000000	100	100	0	0.979021
2402000	0.8000000000	0.0100000000	0.1000000000	100	100	0	0.978782
2403000	0.8000000000	0.0100000000	0.1000000000	100	100	0	0.978540
2404000	0.8000000000	0.0100000000	0.1000000000	100	100	0	0.978150
2405000	0.8000000000	0.0100000000	0.1000000000	100	100	0	0.978737
2406000	0.8000000000	0.0100000000	0.1000000000	100	100	0	0.978986
2407000	0.8000000000	0.0100000000	0.1000000000	100	100	0	0.978788
2408000	0.8000000000	0.0100000000	0.1000000000	100	100	0	0.978788
2409000	0.8000000000	0.0100000000	0.1000000000	100	100	0	0.978924
2410000	0.8000000000	0.0100000000	0.1000000000	100	100	0	0.978391
2411000	0.8000000000	0.0100000000	0.1000000000	100	100	0	0.979080
2412000	0.8000000000	0.0100000000	0.1000000000	100	100	0	0.978413
2413000	0.8000000000	0.0100000000	0.1000000000	100	100	0	0.978732
2414000	0.8000000000	0.0100000000	0.1000000000	100	100	0	0.978096
2415000	0.8000000000	0.0100000000	0.1000000000	100	100	0	0.978410
2416000	0.8000000000	0.0100000000	0.1000000000	100	100	0	0.979081
2417000	0.8000000000	0.0100000000	0.1000000000	100	100	0	0.978524
2418000	0.8000000000	0.0100000000	0.1000000000	100	100	0	0.977970
2419000	0.8000000000	0.0100000000	0.1000000000	100	100	0	0.977913
2420000	0.8000000000	0.0100000000	0.1000000000	100	100	0	0.978767
2421000	0.8000000000	0.0100000000	0.1000000000	100	100	0	0.978302
2422000	0.8000000000	0.0100000000	0.1000000000	100	100	0	0.977987
2423000	0.8000000000	0.0100000000	0.1000000000	100	100	0	0.978136
2424000	0.8000000000	0.0100000000	0.1000000000	100	100	0	0.978292
2425000	0.8000000000	0.0100000000	0.1000000000	100	100	0	0.978274
2426000	0.8000000000	0.0100000000	0.1000000000	100	100	0	0.978277
2427000	0.8000000000	0.0100000000	0.1000000000	100	100	0	0.977910
2428000	0.8000000000	0.0100000000	0.1000000000	100	100	0	0.978427
2429000	0.8000000000	0.0100000000	0.1000000000	100	100	0	0.978613
2430000	0.8000000000	0.0100000000	0.1000000000	100	100	0	0.978747
2431000	0.8000000000	0.0100000000	0.1000000000	100	100	0	0.978568
2432000	0.8000000000	0.0100000000	0.1000000000	100	100	0	0.978918
2433000	0.8000000000	0.0100000000	0.1000000000	100	100	0	0.978337
2434000	0.8000000000	0.0100000000	0.1000000000	100	100	0	0.977879
2435000	0.8000000000	0.0100000000	0.1000000000	100	100	0	0.978274
2436000	0.8000000000	0.0100000000	0.1000000000	100	100	0	0.978408
2437000	0.8000000000	0.0100000000	0.1000000000	100	100	0	0.978077
2438000	0.8000000000	0.0100000000	0.1000000000	100	100	0	0.978628
2439000	0.8000000000	0.0100000000	0.1000000000	100	100	0	0.978954
2440000	0.8000000000	0.0100000000	0.1000000000	100	100	0	0.978292
2441000	0.8000000000	0.0100000000	0.1000000000	100	100	0	0.978267
2442000	0.8000000000	0.0100000000	0.1000000000	100	100	0	0.978500
2443000	0.8000000000	0.0100000000	0.1000000000	100	100	0	0.978036
2444000	0.8000000000	0.0100000000	0.1000000000	100	100	0	0.978476
2445000	0.8000000000	0.0100000000	0.1000000000	100	100	0	0.978359
2446000	0.8000000000	0.0100000000	0.1000000000	100	100	0	0.978190
2447000	0.8000000000	0.0100000000	0.1000000000	100	100	0	0.978535
2448000	0.8000000000	0.0100000000	0.1000000000	100	100	0	0.978603
2449000	0.8000000000	0.0100000000	0.1000000000	100	100	0	0.978923
2450000	0.8000000000	0.0100000000	0.1000000000	100	100	0	0.978909
2451000	0.8000000000	0.0100000000	0.1000000000	100	100	0	0.978738
2452000	0.8000000000	0.0100000000	0.1000000000	100	100	0	0.978699
2453000	0.8000000000	0.0100000000	0.1000000000	100	100	0	0.978320
2454000	0.8000000000	0.0100000000	0.1000000000	100	100	0	0.978502
2455000	0.8000000000	0.0100000000	0.1000000000	100	100	0	0.978379
2456000	0.8000000000	0.0100000000	0.1000000000	100	100	0	0.977891
2457000	0.8000000000	0.0100000000	0.1000000000	100	100	0	0.978338
2458000	0.8000000000	0.0100000000	0.1000000000	100	100	0	0.977603
2459000	0.8000000000	0.0100000000	0.1000000000	100	100	0	0.978093
2460000	0.8000000000	0.0100000000	0.1000000000	100	100	0	0.978507
2461000	0.8000000000	0.0100000000	0.1000000000	100	100	0	0.978735
2462000	0.8000000000	0.0100000000	0.1000000000	100	100	0	0.978210
2463000	0.8000000000	0.0100000000	0.1000000000	100	100	0	0.978276
2464000	0.8000000000	0.0100000000	0.1000000000	100	100	0	0.978583
2465000	0.8000000000	0.0100000000	0.1000000000	100	100	0	0.978472
2466000	0.8000000000	0.0100000000	0.1000000000	100	100	0	0.978568
2467000	0.8000000000	0.0100000000	0.1000000000	100	100	0	0.978892
2468000	0.8000000000	0.0100000000	0.1000000000	100	100	0	0.978636
2469000	0.8000000000	0.0100000000	0.1000000000	100	100	0	0.978588
2470000	0.8000000000	0.0100000000	0.1000000000	100	100	0	0.978971
2471000	0.8000000000	0.0100000000	0.1000000000	100	100	0	0.978205
2472000	0.8000000000	0.0100000000	0.1000000000	100	100	0	0.978331
2473000	0.8000000000	0.0100000000	0.1000000000	100	100	0	0.978430
2474000	0.8000000000	0.0100000000	0.1000000000	100	100	0	0.979273
2475000	0.8000000000	0.0100000000	0.1000000000	100	100	0	0.978750
2476000	0.8000000000	0.0100000000	0.1000000000	100	100	0	0.977990
2477000	0.8000000000	0.0100000000	0.1000000000	100	100	0	0.978389
2478000	0.8000000000	0.0100000000	0.1000000000	100	100	0	0.978123
2479000	0.8000000000	0.0100000000	0.1000000000	100	100	0	0.979189
2480000	0.8000000000	0.0100000000	0.1000000000	100	100	0	0.978260
2481000	0.8000000000	0.0100000000	0.1000000000	100	100	0	0.979351
2482000	0.8000000000	0.0100000000	0.1000000000	100	100	0	0.978780
2483000	0.8000000000	0.0100000000	0.1000000000	100	100	0	0.978957
2484000	0.8000000000	0.0100000000	0.1000000000	100	100	0	0.978917
2485000	0.8000000000	0.0100000000	0.1000000000	100	100	0	0.978495
2486000	0.8000000000	0.0100000000	0.1000000000	100	100	0	0.978348
2487000	0.8000000000	0.0100000000	0.1000000000	100	100	0	0.977984
2488000	0.8000000000	0.0100000000	0.1000000000	100	100	0	0.977859
2489000	0.8000000000	0.0100000000	0.1000000000	100	100	0	0.977826
2490000	0.8000000000	0.0100000000	0.1000000000	100	100	0	0.978090
2491000	0.8000000000	0.0100000000	0.1000000000	100	100	0	0.978345
2492000	0.8000000000	0.0100000000	0.1000000000	100	100	0	0.978185
2493000	0.8000000000	0.0100000000	0.1000000000	100	100	0	0.977888
2494000	0.8000000000	0.0100000000	0.1000000000	100	100	0	0.978047
2495000	0.8000000000	0.0100000000	0.1000000000	100	100	0	0.978527
2496000	0.8000000000	0.0100000000	0.1000000000	100	100	0	0.978164
2497000	0.8000000000	0.0100000000	0.1000000000	100	100	0	0.978972
2498000	0.8000000000	0.0100000000	0.1000000000	100	100	0	0.978919
2499000	0.8000000000	0.0100000000	0.1000000000	100	100	0	0.977995
2500000	0.8000000000	0.0100000000	0.1000000000	100	100	0	0.978084
