time	epistasis_coef	sel_coef	mu_prob	Ne	L	k_start	mean_fitness
1500000	0.2000000000	0.0010000000	0.0001000000	100	100	0	0.978837
1501000	0.2000000000	0.0010000000	0.0001000000	100	100	0	0.978837
1502000	0.2000000000	0.0010000000	0.0001000000	100	100	0	0.978674
1503000	0.2000000000	0.0010000000	0.0001000000	100	100	0	0.978474
1504000	0.2000000000	0.0010000000	0.0001000000	100	100	0	0.978474
1505000	0.2000000000	0.0010000000	0.0001000000	100	100	0	0.978837
1506000	0.2000000000	0.0010000000	0.0001000000	100	100	0	0.978837
1507000	0.2000000000	0.0010000000	0.0001000000	100	100	0	0.978837
1508000	0.2000000000	0.0010000000	0.0001000000	100	100	0	0.978837
1509000	0.2000000000	0.0010000000	0.0001000000	100	100	0	0.978837
1510000	0.2000000000	0.0010000000	0.0001000000	100	100	0	0.978845
1511000	0.2000000000	0.0010000000	0.0001000000	100	100	0	0.978837
1512000	0.2000000000	0.0010000000	0.0001000000	100	100	0	0.978837
1513000	0.2000000000	0.0010000000	0.0001000000	100	100	0	0.978837
1514000	0.2000000000	0.0010000000	0.0001000000	100	100	0	0.978837
1515000	0.2000000000	0.0010000000	0.0001000000	100	100	0	0.978837
1516000	0.2000000000	0.0010000000	0.0001000000	100	100	0	0.978837
1517000	0.2000000000	0.0010000000	0.0001000000	100	100	0	0.979202
1518000	0.2000000000	0.0010000000	0.0001000000	100	100	0	0.979202
1519000	0.2000000000	0.0010000000	0.0001000000	100	100	0	0.979202
1520000	0.2000000000	0.0010000000	0.0001000000	100	100	0	0.979202
1521000	0.2000000000	0.0010000000	0.0001000000	100	100	0	0.978837
1522000	0.2000000000	0.0010000000	0.0001000000	100	100	0	0.978837
1523000	0.2000000000	0.0010000000	0.0001000000	100	100	0	0.978837
1524000	0.2000000000	0.0010000000	0.0001000000	100	100	0	0.978837
1525000	0.2000000000	0.0010000000	0.0001000000	100	100	0	0.978837
1526000	0.2000000000	0.0010000000	0.0001000000	100	100	0	0.978837
1527000	0.2000000000	0.0010000000	0.0001000000	100	100	0	0.978837
1528000	0.2000000000	0.0010000000	0.0001000000	100	100	0	0.978852
1529000	0.2000000000	0.0010000000	0.0001000000	100	100	0	0.978837
1530000	0.2000000000	0.0010000000	0.0001000000	100	100	0	0.978837
1531000	0.2000000000	0.0010000000	0.0001000000	100	100	0	0.978837
1532000	0.2000000000	0.0010000000	0.0001000000	100	100	0	0.978837
1533000	0.2000000000	0.0010000000	0.0001000000	100	100	0	0.979202
1534000	0.2000000000	0.0010000000	0.0001000000	100	100	0	0.979202
1535000	0.2000000000	0.0010000000	0.0001000000	100	100	0	0.979202
1536000	0.2000000000	0.0010000000	0.0001000000	100	100	0	0.979569
1537000	0.2000000000	0.0010000000	0.0001000000	100	100	0	0.979569
1538000	0.2000000000	0.0010000000	0.0001000000	100	100	0	0.979569
1539000	0.2000000000	0.0010000000	0.0001000000	100	100	0	0.979569
1540000	0.2000000000	0.0010000000	0.0001000000	100	100	0	0.979569
1541000	0.2000000000	0.0010000000	0.0001000000	100	100	0	0.979569
1542000	0.2000000000	0.0010000000	0.0001000000	100	100	0	0.979569
1543000	0.2000000000	0.0010000000	0.0001000000	100	100	0	0.979569
1544000	0.2000000000	0.0010000000	0.0001000000	100	100	0	0.979569
1545000	0.2000000000	0.0010000000	0.0001000000	100	100	0	0.979558
1546000	0.2000000000	0.0010000000	0.0001000000	100	100	0	0.979639
1547000	0.2000000000	0.0010000000	0.0001000000	100	100	0	0.979569
1548000	0.2000000000	0.0010000000	0.0001000000	100	100	0	0.979569
1549000	0.2000000000	0.0010000000	0.0001000000	100	100	0	0.979569
1550000	0.2000000000	0.0010000000	0.0001000000	100	100	0	0.979569
1551000	0.2000000000	0.0010000000	0.0001000000	100	100	0	0.979569
1552000	0.2000000000	0.0010000000	0.0001000000	100	100	0	0.979569
1553000	0.2000000000	0.0010000000	0.0001000000	100	100	0	0.979569
1554000	0.2000000000	0.0010000000	0.0001000000	100	100	0	0.979569
1555000	0.2000000000	0.0010000000	0.0001000000	100	100	0	0.979569
1556000	0.2000000000	0.0010000000	0.0001000000	100	100	0	0.979202
1557000	0.2000000000	0.0010000000	0.0001000000	100	100	0	0.979569
1558000	0.2000000000	0.0010000000	0.0001000000	100	100	0	0.979569
1559000	0.2000000000	0.0010000000	0.0001000000	100	100	0	0.979569
1560000	0.2000000000	0.0010000000	0.0001000000	100	100	0	0.979569
1561000	0.2000000000	0.0010000000	0.0001000000	100	100	0	0.979569
1562000	0.2000000000	0.0010000000	0.0001000000	100	100	0	0.979569
1563000	0.2000000000	0.0010000000	0.0001000000	100	100	0	0.979569
1564000	0.2000000000	0.0010000000	0.0001000000	100	100	0	0.979569
1565000	0.2000000000	0.0010000000	0.0001000000	100	100	0	0.979569
1566000	0.2000000000	0.0010000000	0.0001000000	100	100	0	0.979569
1567000	0.2000000000	0.0010000000	0.0001000000	100	100	0	0.979569
1568000	0.2000000000	0.0010000000	0.0001000000	100	100	0	0.979569
1569000	0.2000000000	0.0010000000	0.0001000000	100	100	0	0.979569
1570000	0.2000000000	0.0010000000	0.0001000000	100	100	0	0.979658
1571000	0.2000000000	0.0010000000	0.0001000000	100	100	0	0.979569
1572000	0.2000000000	0.0010000000	0.0001000000	100	100	0	0.979569
1573000	0.2000000000	0.0010000000	0.0001000000	100	100	0	0.979569
1574000	0.2000000000	0.0010000000	0.0001000000	100	100	0	0.979202
1575000	0.2000000000	0.0010000000	0.0001000000	100	100	0	0.979202
1576000	0.2000000000	0.0010000000	0.0001000000	100	100	0	0.979202
1577000	0.2000000000	0.0010000000	0.0001000000	100	100	0	0.979202
1578000	0.2000000000	0.0010000000	0.0001000000	100	100	0	0.979202
1579000	0.2000000000	0.0010000000	0.0001000000	100	100	0	0.979202
1580000	0.2000000000	0.0010000000	0.0001000000	100	100	0	0.979202
1581000	0.2000000000	0.0010000000	0.0001000000	100	100	0	0.979202
1582000	0.2000000000	0.0010000000	0.0001000000	100	100	0	0.979202
1583000	0.2000000000	0.0010000000	0.0001000000	100	100	0	0.979202
1584000	0.2000000000	0.0010000000	0.0001000000	100	100	0	0.979202
1585000	0.2000000000	0.0010000000	0.0001000000	100	100	0	0.979199
1586000	0.2000000000	0.0010000000	0.0001000000	100	100	0	0.979202
1587000	0.2000000000	0.0010000000	0.0001000000	100	100	0	0.979217
1588000	0.2000000000	0.0010000000	0.0001000000	100	100	0	0.979202
1589000	0.2000000000	0.0010000000	0.0001000000	100	100	0	0.979202
1590000	0.2000000000	0.0010000000	0.0001000000	100	100	0	0.979202
1591000	0.2000000000	0.0010000000	0.0001000000	100	100	0	0.978837
1592000	0.2000000000	0.0010000000	0.0001000000	100	100	0	0.978837
1593000	0.2000000000	0.0010000000	0.0001000000	100	100	0	0.979202
1594000	0.2000000000	0.0010000000	0.0001000000	100	100	0	0.979202
1595000	0.2000000000	0.0010000000	0.0001000000	100	100	0	0.979202
1596000	0.2000000000	0.0010000000	0.0001000000	100	100	0	0.979202
1597000	0.2000000000	0.0010000000	0.0001000000	100	100	0	0.979202
1598000	0.2000000000	0.0010000000	0.0001000000	100	100	0	0.979202
1599000	0.2000000000	0.0010000000	0.0001000000	100	100	0	0.979202
1600000	0.2000000000	0.0010000000	0.0001000000	100	100	0	0.979202
1601000	0.2000000000	0.0010000000	0.0001000000	100	100	0	0.979202
1602000	0.2000000000	0.0010000000	0.0001000000	100	100	0	0.979202
1603000	0.2000000000	0.0010000000	0.0001000000	100	100	0	0.979202
1604000	0.2000000000	0.0010000000	0.0001000000	100	100	0	0.979202
1605000	0.2000000000	0.0010000000	0.0001000000	100	100	0	0.979202
1606000	0.2000000000	0.0010000000	0.0001000000	100	100	0	0.979202
1607000	0.2000000000	0.0010000000	0.0001000000	100	100	0	0.979202
1608000	0.2000000000	0.0010000000	0.0001000000	100	100	0	0.979202
1609000	0.2000000000	0.0010000000	0.0001000000	100	100	0	0.979202
1610000	0.2000000000	0.0010000000	0.0001000000	100	100	0	0.978837
1611000	0.2000000000	0.0010000000	0.0001000000	100	100	0	0.978837
1612000	0.2000000000	0.0010000000	0.0001000000	100	100	0	0.978805
1613000	0.2000000000	0.0010000000	0.0001000000	100	100	0	0.978837
1614000	0.2000000000	0.0010000000	0.0001000000	100	100	0	0.978837
1615000	0.2000000000	0.0010000000	0.0001000000	100	100	0	0.978837
1616000	0.2000000000	0.0010000000	0.0001000000	100	100	0	0.978837
1617000	0.2000000000	0.0010000000	0.0001000000	100	100	0	0.978837
1618000	0.2000000000	0.0010000000	0.0001000000	100	100	0	0.978837
1619000	0.2000000000	0.0010000000	0.0001000000	100	100	0	0.978837
1620000	0.2000000000	0.0010000000	0.0001000000	100	100	0	0.978837
1621000	0.2000000000	0.0010000000	0.0001000000	100	100	0	0.979202
1622000	0.2000000000	0.0010000000	0.0001000000	100	100	0	0.979202
1623000	0.2000000000	0.0010000000	0.0001000000	100	100	0	0.979202
1624000	0.2000000000	0.0010000000	0.0001000000	100	100	0	0.979202
1625000	0.2000000000	0.0010000000	0.0001000000	100	100	0	0.979202
1626000	0.2000000000	0.0010000000	0.0001000000	100	100	0	0.979202
1627000	0.2000000000	0.0010000000	0.0001000000	100	100	0	0.979202
1628000	0.2000000000	0.0010000000	0.0001000000	100	100	0	0.979202
1629000	0.2000000000	0.0010000000	0.0001000000	100	100	0	0.979202
1630000	0.2000000000	0.0010000000	0.0001000000	100	100	0	0.978896
1631000	0.2000000000	0.0010000000	0.0001000000	100	100	0	0.978837
1632000	0.2000000000	0.0010000000	0.0001000000	100	100	0	0.978837
1633000	0.2000000000	0.0010000000	0.0001000000	100	100	0	0.978474
1634000	0.2000000000	0.0010000000	0.0001000000	100	100	0	0.978112
1635000	0.2000000000	0.0010000000	0.0001000000	100	100	0	0.978112
1636000	0.2000000000	0.0010000000	0.0001000000	100	100	0	0.978112
1637000	0.2000000000	0.0010000000	0.0001000000	100	100	0	0.978112
1638000	0.2000000000	0.0010000000	0.0001000000	100	100	0	0.978112
1639000	0.2000000000	0.0010000000	0.0001000000	100	100	0	0.978112
1640000	0.2000000000	0.0010000000	0.0001000000	100	100	0	0.978112
1641000	0.2000000000	0.0010000000	0.0001000000	100	100	0	0.978112
1642000	0.2000000000	0.0010000000	0.0001000000	100	100	0	0.978112
1643000	0.2000000000	0.0010000000	0.0001000000	100	100	0	0.978160
1644000	0.2000000000	0.0010000000	0.0001000000	100	100	0	0.978112
1645000	0.2000000000	0.0010000000	0.0001000000	100	100	0	0.978112
1646000	0.2000000000	0.0010000000	0.0001000000	100	100	0	0.978112
1647000	0.2000000000	0.0010000000	0.0001000000	100	100	0	0.978112
1648000	0.2000000000	0.0010000000	0.0001000000	100	100	0	0.978112
1649000	0.2000000000	0.0010000000	0.0001000000	100	100	0	0.978112
1650000	0.2000000000	0.0010000000	0.0001000000	100	100	0	0.978112
1651000	0.2000000000	0.0010000000	0.0001000000	100	100	0	0.978112
1652000	0.2000000000	0.0010000000	0.0001000000	100	100	0	0.977940
1653000	0.2000000000	0.0010000000	0.0001000000	100	100	0	0.978112
1654000	0.2000000000	0.0010000000	0.0001000000	100	100	0	0.978112
1655000	0.2000000000	0.0010000000	0.0001000000	100	100	0	0.978112
1656000	0.2000000000	0.0010000000	0.0001000000	100	100	0	0.978112
1657000	0.2000000000	0.0010000000	0.0001000000	100	100	0	0.978112
1658000	0.2000000000	0.0010000000	0.0001000000	100	100	0	0.978112
1659000	0.2000000000	0.0010000000	0.0001000000	100	100	0	0.978112
1660000	0.2000000000	0.0010000000	0.0001000000	100	100	0	0.978112
1661000	0.2000000000	0.0010000000	0.0001000000	100	100	0	0.978112
1662000	0.2000000000	0.0010000000	0.0001000000	100	100	0	0.978112
1663000	0.2000000000	0.0010000000	0.0001000000	100	100	0	0.978112
1664000	0.2000000000	0.0010000000	0.0001000000	100	100	0	0.978112
1665000	0.2000000000	0.0010000000	0.0001000000	100	100	0	0.978112
1666000	0.2000000000	0.0010000000	0.0001000000	100	100	0	0.978112
1667000	0.2000000000	0.0010000000	0.0001000000	100	100	0	0.978112
1668000	0.2000000000	0.0010000000	0.0001000000	100	100	0	0.978112
1669000	0.2000000000	0.0010000000	0.0001000000	100	100	0	0.978112
1670000	0.2000000000	0.0010000000	0.0001000000	100	100	0	0.978112
1671000	0.2000000000	0.0010000000	0.0001000000	100	100	0	0.978112
1672000	0.2000000000	0.0010000000	0.0001000000	100	100	0	0.978112
1673000	0.2000000000	0.0010000000	0.0001000000	100	100	0	0.978112
1674000	0.2000000000	0.0010000000	0.0001000000	100	100	0	0.978112
1675000	0.2000000000	0.0010000000	0.0001000000	100	100	0	0.978112
1676000	0.2000000000	0.0010000000	0.0001000000	100	100	0	0.978112
1677000	0.2000000000	0.0010000000	0.0001000000	100	100	0	0.978112
1678000	0.2000000000	0.0010000000	0.0001000000	100	100	0	0.978112
1679000	0.2000000000	0.0010000000	0.0001000000	100	100	0	0.978112
1680000	0.2000000000	0.0010000000	0.0001000000	100	100	0	0.978112
1681000	0.2000000000	0.0010000000	0.0001000000	100	100	0	0.978112
1682000	0.2000000000	0.0010000000	0.0001000000	100	100	0	0.978112
1683000	0.2000000000	0.0010000000	0.0001000000	100	100	0	0.978474
1684000	0.2000000000	0.0010000000	0.0001000000	100	100	0	0.978474
1685000	0.2000000000	0.0010000000	0.0001000000	100	100	0	0.978474
1686000	0.2000000000	0.0010000000	0.0001000000	100	100	0	0.978474
1687000	0.2000000000	0.0010000000	0.0001000000	100	100	0	0.978474
1688000	0.2000000000	0.0010000000	0.0001000000	100	100	0	0.978460
1689000	0.2000000000	0.0010000000	0.0001000000	100	100	0	0.978112
1690000	0.2000000000	0.0010000000	0.0001000000	100	100	0	0.978112
1691000	0.2000000000	0.0010000000	0.0001000000	100	100	0	0.978112
1692000	0.2000000000	0.0010000000	0.0001000000	100	100	0	0.978112
1693000	0.2000000000	0.0010000000	0.0001000000	100	100	0	0.978112
1694000	0.2000000000	0.0010000000	0.0001000000	100	100	0	0.978112
1695000	0.2000000000	0.0010000000	0.0001000000	100	100	0	0.978112
1696000	0.2000000000	0.0010000000	0.0001000000	100	100	0	0.978112
1697000	0.2000000000	0.0010000000	0.0001000000	100	100	0	0.978112
1698000	0.2000000000	0.0010000000	0.0001000000	100	100	0	0.978112
1699000	0.2000000000	0.0010000000	0.0001000000	100	100	0	0.978112
1700000	0.2000000000	0.0010000000	0.0001000000	100	100	0	0.978112
1701000	0.2000000000	0.0010000000	0.0001000000	100	100	0	0.978123
1702000	0.2000000000	0.0010000000	0.0001000000	100	100	0	0.978112
1703000	0.2000000000	0.0010000000	0.0001000000	100	100	0	0.978112
1704000	0.2000000000	0.0010000000	0.0001000000	100	100	0	0.978112
1705000	0.2000000000	0.0010000000	0.0001000000	100	100	0	0.978112
1706000	0.2000000000	0.0010000000	0.0001000000	100	100	0	0.978112
1707000	0.2000000000	0.0010000000	0.0001000000	100	100	0	0.978112
1708000	0.2000000000	0.0010000000	0.0001000000	100	100	0	0.978112
1709000	0.2000000000	0.0010000000	0.0001000000	100	100	0	0.978112
1710000	0.2000000000	0.0010000000	0.0001000000	100	100	0	0.978116
1711000	0.2000000000	0.0010000000	0.0001000000	100	100	0	0.978112
1712000	0.2000000000	0.0010000000	0.0001000000	100	100	0	0.978112
1713000	0.2000000000	0.0010000000	0.0001000000	100	100	0	0.978112
1714000	0.2000000000	0.0010000000	0.0001000000	100	100	0	0.978112
1715000	0.2000000000	0.0010000000	0.0001000000	100	100	0	0.978112
1716000	0.2000000000	0.0010000000	0.0001000000	100	100	0	0.978112
1717000	0.2000000000	0.0010000000	0.0001000000	100	100	0	0.978112
1718000	0.2000000000	0.0010000000	0.0001000000	100	100	0	0.978112
1719000	0.2000000000	0.0010000000	0.0001000000	100	100	0	0.978112
1720000	0.2000000000	0.0010000000	0.0001000000	100	100	0	0.978474
1721000	0.2000000000	0.0010000000	0.0001000000	100	100	0	0.978474
1722000	0.2000000000	0.0010000000	0.0001000000	100	100	0	0.978474
1723000	0.2000000000	0.0010000000	0.0001000000	100	100	0	0.978474
1724000	0.2000000000	0.0010000000	0.0001000000	100	100	0	0.978474
1725000	0.2000000000	0.0010000000	0.0001000000	100	100	0	0.978837
1726000	0.2000000000	0.0010000000	0.0001000000	100	100	0	0.978837
1727000	0.2000000000	0.0010000000	0.0001000000	100	100	0	0.978837
1728000	0.2000000000	0.0010000000	0.0001000000	100	100	0	0.978837
1729000	0.2000000000	0.0010000000	0.0001000000	100	100	0	0.978837
1730000	0.2000000000	0.0010000000	0.0001000000	100	100	0	0.978837
1731000	0.2000000000	0.0010000000	0.0001000000	100	100	0	0.978837
1732000	0.2000000000	0.0010000000	0.0001000000	100	100	0	0.978837
1733000	0.2000000000	0.0010000000	0.0001000000	100	100	0	0.978837
1734000	0.2000000000	0.0010000000	0.0001000000	100	100	0	0.978837
1735000	0.2000000000	0.0010000000	0.0001000000	100	100	0	0.978837
1736000	0.2000000000	0.0010000000	0.0001000000	100	100	0	0.978837
1737000	0.2000000000	0.0010000000	0.0001000000	100	100	0	0.978565
1738000	0.2000000000	0.0010000000	0.0001000000	100	100	0	0.978474
1739000	0.2000000000	0.0010000000	0.0001000000	100	100	0	0.978474
1740000	0.2000000000	0.0010000000	0.0001000000	100	100	0	0.978474
1741000	0.2000000000	0.0010000000	0.0001000000	100	100	0	0.978474
1742000	0.2000000000	0.0010000000	0.0001000000	100	100	0	0.978474
1743000	0.2000000000	0.0010000000	0.0001000000	100	100	0	0.978474
1744000	0.2000000000	0.0010000000	0.0001000000	100	100	0	0.978112
1745000	0.2000000000	0.0010000000	0.0001000000	100	100	0	0.978112
1746000	0.2000000000	0.0010000000	0.0001000000	100	100	0	0.978112
1747000	0.2000000000	0.0010000000	0.0001000000	100	100	0	0.978112
1748000	0.2000000000	0.0010000000	0.0001000000	100	100	0	0.978112
1749000	0.2000000000	0.0010000000	0.0001000000	100	100	0	0.978837
1750000	0.2000000000	0.0010000000	0.0001000000	100	100	0	0.978837
1751000	0.2000000000	0.0010000000	0.0001000000	100	100	0	0.979202
1752000	0.2000000000	0.0010000000	0.0001000000	100	100	0	0.979202
1753000	0.2000000000	0.0010000000	0.0001000000	100	100	0	0.979202
1754000	0.2000000000	0.0010000000	0.0001000000	100	100	0	0.979202
1755000	0.2000000000	0.0010000000	0.0001000000	100	100	0	0.979202
1756000	0.2000000000	0.0010000000	0.0001000000	100	100	0	0.979221
1757000	0.2000000000	0.0010000000	0.0001000000	100	100	0	0.979202
1758000	0.2000000000	0.0010000000	0.0001000000	100	100	0	0.979202
1759000	0.2000000000	0.0010000000	0.0001000000	100	100	0	0.979202
1760000	0.2000000000	0.0010000000	0.0001000000	100	100	0	0.979294
1761000	0.2000000000	0.0010000000	0.0001000000	100	100	0	0.978837
1762000	0.2000000000	0.0010000000	0.0001000000	100	100	0	0.979199
1763000	0.2000000000	0.0010000000	0.0001000000	100	100	0	0.979569
1764000	0.2000000000	0.0010000000	0.0001000000	100	100	0	0.979569
1765000	0.2000000000	0.0010000000	0.0001000000	100	100	0	0.979202
1766000	0.2000000000	0.0010000000	0.0001000000	100	100	0	0.979320
1767000	0.2000000000	0.0010000000	0.0001000000	100	100	0	0.979202
1768000	0.2000000000	0.0010000000	0.0001000000	100	100	0	0.979202
1769000	0.2000000000	0.0010000000	0.0001000000	100	100	0	0.979202
1770000	0.2000000000	0.0010000000	0.0001000000	100	100	0	0.979184
1771000	0.2000000000	0.0010000000	0.0001000000	100	100	0	0.979202
1772000	0.2000000000	0.0010000000	0.0001000000	100	100	0	0.979202
1773000	0.2000000000	0.0010000000	0.0001000000	100	100	0	0.979202
1774000	0.2000000000	0.0010000000	0.0001000000	100	100	0	0.979202
1775000	0.2000000000	0.0010000000	0.0001000000	100	100	0	0.979202
1776000	0.2000000000	0.0010000000	0.0001000000	100	100	0	0.979202
1777000	0.2000000000	0.0010000000	0.0001000000	100	100	0	0.979202
1778000	0.2000000000	0.0010000000	0.0001000000	100	100	0	0.979202
1779000	0.2000000000	0.0010000000	0.0001000000	100	100	0	0.979202
1780000	0.2000000000	0.0010000000	0.0001000000	100	100	0	0.979202
1781000	0.2000000000	0.0010000000	0.0001000000	100	100	0	0.979202
1782000	0.2000000000	0.0010000000	0.0001000000	100	100	0	0.979202
1783000	0.2000000000	0.0010000000	0.0001000000	100	100	0	0.979202
1784000	0.2000000000	0.0010000000	0.0001000000	100	100	0	0.979202
1785000	0.2000000000	0.0010000000	0.0001000000	100	100	0	0.979202
1786000	0.2000000000	0.0010000000	0.0001000000	100	100	0	0.979202
1787000	0.2000000000	0.0010000000	0.0001000000	100	100	0	0.979202
1788000	0.2000000000	0.0010000000	0.0001000000	100	100	0	0.979202
1789000	0.2000000000	0.0010000000	0.0001000000	100	100	0	0.979202
1790000	0.2000000000	0.0010000000	0.0001000000	100	100	0	0.979202
1791000	0.2000000000	0.0010000000	0.0001000000	100	100	0	0.979180
1792000	0.2000000000	0.0010000000	0.0001000000	100	100	0	0.979202
1793000	0.2000000000	0.0010000000	0.0001000000	100	100	0	0.979202
1794000	0.2000000000	0.0010000000	0.0001000000	100	100	0	0.979202
1795000	0.2000000000	0.0010000000	0.0001000000	100	100	0	0.979202
1796000	0.2000000000	0.0010000000	0.0001000000	100	100	0	0.979151
1797000	0.2000000000	0.0010000000	0.0001000000	100	100	0	0.979202
1798000	0.2000000000	0.0010000000	0.0001000000	100	100	0	0.979206
1799000	0.2000000000	0.0010000000	0.0001000000	100	100	0	0.979202
1800000	0.2000000000	0.0010000000	0.0001000000	100	100	0	0.979202
1801000	0.2000000000	0.0010000000	0.0001000000	100	100	0	0.979202
1802000	0.2000000000	0.0010000000	0.0001000000	100	100	0	0.979202
1803000	0.2000000000	0.0010000000	0.0001000000	100	100	0	0.979202
1804000	0.2000000000	0.0010000000	0.0001000000	100	100	0	0.979202
1805000	0.2000000000	0.0010000000	0.0001000000	100	100	0	0.979202
1806000	0.2000000000	0.0010000000	0.0001000000	100	100	0	0.979202
1807000	0.2000000000	0.0010000000	0.0001000000	100	100	0	0.979199
1808000	0.2000000000	0.0010000000	0.0001000000	100	100	0	0.979202
1809000	0.2000000000	0.0010000000	0.0001000000	100	100	0	0.979199
1810000	0.2000000000	0.0010000000	0.0001000000	100	100	0	0.979188
1811000	0.2000000000	0.0010000000	0.0001000000	100	100	0	0.979202
1812000	0.2000000000	0.0010000000	0.0001000000	100	100	0	0.979202
1813000	0.2000000000	0.0010000000	0.0001000000	100	100	0	0.979202
1814000	0.2000000000	0.0010000000	0.0001000000	100	100	0	0.979202
1815000	0.2000000000	0.0010000000	0.0001000000	100	100	0	0.979202
1816000	0.2000000000	0.0010000000	0.0001000000	100	100	0	0.979569
1817000	0.2000000000	0.0010000000	0.0001000000	100	100	0	0.979569
1818000	0.2000000000	0.0010000000	0.0001000000	100	100	0	0.979569
1819000	0.2000000000	0.0010000000	0.0001000000	100	100	0	0.979569
1820000	0.2000000000	0.0010000000	0.0001000000	100	100	0	0.979569
1821000	0.2000000000	0.0010000000	0.0001000000	100	100	0	0.979569
1822000	0.2000000000	0.0010000000	0.0001000000	100	100	0	0.979569
1823000	0.2000000000	0.0010000000	0.0001000000	100	100	0	0.979569
1824000	0.2000000000	0.0010000000	0.0001000000	100	100	0	0.979569
1825000	0.2000000000	0.0010000000	0.0001000000	100	100	0	0.979938
1826000	0.2000000000	0.0010000000	0.0001000000	100	100	0	0.979938
1827000	0.2000000000	0.0010000000	0.0001000000	100	100	0	0.979938
1828000	0.2000000000	0.0010000000	0.0001000000	100	100	0	0.979938
1829000	0.2000000000	0.0010000000	0.0001000000	100	100	0	0.979938
1830000	0.2000000000	0.0010000000	0.0001000000	100	100	0	0.980308
1831000	0.2000000000	0.0010000000	0.0001000000	100	100	0	0.980308
1832000	0.2000000000	0.0010000000	0.0001000000	100	100	0	0.980308
1833000	0.2000000000	0.0010000000	0.0001000000	100	100	0	0.980308
1834000	0.2000000000	0.0010000000	0.0001000000	100	100	0	0.980308
1835000	0.2000000000	0.0010000000	0.0001000000	100	100	0	0.980308
1836000	0.2000000000	0.0010000000	0.0001000000	100	100	0	0.980308
1837000	0.2000000000	0.0010000000	0.0001000000	100	100	0	0.980308
1838000	0.2000000000	0.0010000000	0.0001000000	100	100	0	0.980308
1839000	0.2000000000	0.0010000000	0.0001000000	100	100	0	0.980308
1840000	0.2000000000	0.0010000000	0.0001000000	100	100	0	0.980308
1841000	0.2000000000	0.0010000000	0.0001000000	100	100	0	0.980397
1842000	0.2000000000	0.0010000000	0.0001000000	100	100	0	0.980308
1843000	0.2000000000	0.0010000000	0.0001000000	100	100	0	0.980308
1844000	0.2000000000	0.0010000000	0.0001000000	100	100	0	0.980308
1845000	0.2000000000	0.0010000000	0.0001000000	100	100	0	0.980308
1846000	0.2000000000	0.0010000000	0.0001000000	100	100	0	0.980012
1847000	0.2000000000	0.0010000000	0.0001000000	100	100	0	0.979938
1848000	0.2000000000	0.0010000000	0.0001000000	100	100	0	0.979938
1849000	0.2000000000	0.0010000000	0.0001000000	100	100	0	0.979938
1850000	0.2000000000	0.0010000000	0.0001000000	100	100	0	0.979938
1851000	0.2000000000	0.0010000000	0.0001000000	100	100	0	0.979938
1852000	0.2000000000	0.0010000000	0.0001000000	100	100	0	0.979938
1853000	0.2000000000	0.0010000000	0.0001000000	100	100	0	0.979938
1854000	0.2000000000	0.0010000000	0.0001000000	100	100	0	0.979938
1855000	0.2000000000	0.0010000000	0.0001000000	100	100	0	0.979938
1856000	0.2000000000	0.0010000000	0.0001000000	100	100	0	0.979938
1857000	0.2000000000	0.0010000000	0.0001000000	100	100	0	0.979938
1858000	0.2000000000	0.0010000000	0.0001000000	100	100	0	0.979938
1859000	0.2000000000	0.0010000000	0.0001000000	100	100	0	0.979569
1860000	0.2000000000	0.0010000000	0.0001000000	100	100	0	0.979569
1861000	0.2000000000	0.0010000000	0.0001000000	100	100	0	0.979569
1862000	0.2000000000	0.0010000000	0.0001000000	100	100	0	0.979569
1863000	0.2000000000	0.0010000000	0.0001000000	100	100	0	0.979569
1864000	0.2000000000	0.0010000000	0.0001000000	100	100	0	0.979202
1865000	0.2000000000	0.0010000000	0.0001000000	100	100	0	0.979202
1866000	0.2000000000	0.0010000000	0.0001000000	100	100	0	0.979202
1867000	0.2000000000	0.0010000000	0.0001000000	100	100	0	0.979210
1868000	0.2000000000	0.0010000000	0.0001000000	100	100	0	0.979206
1869000	0.2000000000	0.0010000000	0.0001000000	100	100	0	0.979202
1870000	0.2000000000	0.0010000000	0.0001000000	100	100	0	0.979188
1871000	0.2000000000	0.0010000000	0.0001000000	100	100	0	0.979202
1872000	0.2000000000	0.0010000000	0.0001000000	100	100	0	0.979202
1873000	0.2000000000	0.0010000000	0.0001000000	100	100	0	0.979202
1874000	0.2000000000	0.0010000000	0.0001000000	100	100	0	0.979202
1875000	0.2000000000	0.0010000000	0.0001000000	100	100	0	0.979202
1876000	0.2000000000	0.0010000000	0.0001000000	100	100	0	0.979202
1877000	0.2000000000	0.0010000000	0.0001000000	100	100	0	0.979202
1878000	0.2000000000	0.0010000000	0.0001000000	100	100	0	0.979452
1879000	0.2000000000	0.0010000000	0.0001000000	100	100	0	0.979569
1880000	0.2000000000	0.0010000000	0.0001000000	100	100	0	0.979569
1881000	0.2000000000	0.0010000000	0.0001000000	100	100	0	0.979569
1882000	0.2000000000	0.0010000000	0.0001000000	100	100	0	0.979569
1883000	0.2000000000	0.0010000000	0.0001000000	100	100	0	0.979569
1884000	0.2000000000	0.0010000000	0.0001000000	100	100	0	0.979569
1885000	0.2000000000	0.0010000000	0.0001000000	100	100	0	0.979569
1886000	0.2000000000	0.0010000000	0.0001000000	100	100	0	0.979569
1887000	0.2000000000	0.0010000000	0.0001000000	100	100	0	0.979569
1888000	0.2000000000	0.0010000000	0.0001000000	100	100	0	0.979569
1889000	0.2000000000	0.0010000000	0.0001000000	100	100	0	0.979569
1890000	0.2000000000	0.0010000000	0.0001000000	100	100	0	0.979569
1891000	0.2000000000	0.0010000000	0.0001000000	100	100	0	0.979569
1892000	0.2000000000	0.0010000000	0.0001000000	100	100	0	0.979569
1893000	0.2000000000	0.0010000000	0.0001000000	100	100	0	0.979569
1894000	0.2000000000	0.0010000000	0.0001000000	100	100	0	0.979569
1895000	0.2000000000	0.0010000000	0.0001000000	100	100	0	0.979569
1896000	0.2000000000	0.0010000000	0.0001000000	100	100	0	0.979170
1897000	0.2000000000	0.0010000000	0.0001000000	100	100	0	0.979202
1898000	0.2000000000	0.0010000000	0.0001000000	100	100	0	0.979202
1899000	0.2000000000	0.0010000000	0.0001000000	100	100	0	0.979202
1900000	0.2000000000	0.0010000000	0.0001000000	100	100	0	0.979202
1901000	0.2000000000	0.0010000000	0.0001000000	100	100	0	0.979202
1902000	0.2000000000	0.0010000000	0.0001000000	100	100	0	0.979202
1903000	0.2000000000	0.0010000000	0.0001000000	100	100	0	0.979202
1904000	0.2000000000	0.0010000000	0.0001000000	100	100	0	0.978837
1905000	0.2000000000	0.0010000000	0.0001000000	100	100	0	0.978837
1906000	0.2000000000	0.0010000000	0.0001000000	100	100	0	0.978837
1907000	0.2000000000	0.0010000000	0.0001000000	100	100	0	0.978837
1908000	0.2000000000	0.0010000000	0.0001000000	100	100	0	0.978837
1909000	0.2000000000	0.0010000000	0.0001000000	100	100	0	0.978837
1910000	0.2000000000	0.0010000000	0.0001000000	100	100	0	0.978837
1911000	0.2000000000	0.0010000000	0.0001000000	100	100	0	0.978837
1912000	0.2000000000	0.0010000000	0.0001000000	100	100	0	0.978837
1913000	0.2000000000	0.0010000000	0.0001000000	100	100	0	0.978776
1914000	0.2000000000	0.0010000000	0.0001000000	100	100	0	0.978837
1915000	0.2000000000	0.0010000000	0.0001000000	100	100	0	0.978739
1916000	0.2000000000	0.0010000000	0.0001000000	100	100	0	0.978837
1917000	0.2000000000	0.0010000000	0.0001000000	100	100	0	0.978837
1918000	0.2000000000	0.0010000000	0.0001000000	100	100	0	0.978837
1919000	0.2000000000	0.0010000000	0.0001000000	100	100	0	0.978837
1920000	0.2000000000	0.0010000000	0.0001000000	100	100	0	0.978837
1921000	0.2000000000	0.0010000000	0.0001000000	100	100	0	0.978837
1922000	0.2000000000	0.0010000000	0.0001000000	100	100	0	0.978837
1923000	0.2000000000	0.0010000000	0.0001000000	100	100	0	0.978837
1924000	0.2000000000	0.0010000000	0.0001000000	100	100	0	0.978837
1925000	0.2000000000	0.0010000000	0.0001000000	100	100	0	0.978837
1926000	0.2000000000	0.0010000000	0.0001000000	100	100	0	0.978830
1927000	0.2000000000	0.0010000000	0.0001000000	100	100	0	0.978837
1928000	0.2000000000	0.0010000000	0.0001000000	100	100	0	0.978837
1929000	0.2000000000	0.0010000000	0.0001000000	100	100	0	0.978587
1930000	0.2000000000	0.0010000000	0.0001000000	100	100	0	0.978474
1931000	0.2000000000	0.0010000000	0.0001000000	100	100	0	0.978474
1932000	0.2000000000	0.0010000000	0.0001000000	100	100	0	0.978474
1933000	0.2000000000	0.0010000000	0.0001000000	100	100	0	0.978402
1934000	0.2000000000	0.0010000000	0.0001000000	100	100	0	0.978474
1935000	0.2000000000	0.0010000000	0.0001000000	100	100	0	0.978474
1936000	0.2000000000	0.0010000000	0.0001000000	100	100	0	0.978474
1937000	0.2000000000	0.0010000000	0.0001000000	100	100	0	0.978474
1938000	0.2000000000	0.0010000000	0.0001000000	100	100	0	0.978474
1939000	0.2000000000	0.0010000000	0.0001000000	100	100	0	0.978474
1940000	0.2000000000	0.0010000000	0.0001000000	100	100	0	0.978474
1941000	0.2000000000	0.0010000000	0.0001000000	100	100	0	0.978460
1942000	0.2000000000	0.0010000000	0.0001000000	100	100	0	0.978474
1943000	0.2000000000	0.0010000000	0.0001000000	100	100	0	0.978474
1944000	0.2000000000	0.0010000000	0.0001000000	100	100	0	0.978474
1945000	0.2000000000	0.0010000000	0.0001000000	100	100	0	0.978474
1946000	0.2000000000	0.0010000000	0.0001000000	100	100	0	0.978474
1947000	0.2000000000	0.0010000000	0.0001000000	100	100	0	0.978474
1948000	0.2000000000	0.0010000000	0.0001000000	100	100	0	0.978474
1949000	0.2000000000	0.0010000000	0.0001000000	100	100	0	0.978474
1950000	0.2000000000	0.0010000000	0.0001000000	100	100	0	0.978474
1951000	0.2000000000	0.0010000000	0.0001000000	100	100	0	0.978474
1952000	0.2000000000	0.0010000000	0.0001000000	100	100	0	0.978474
1953000	0.2000000000	0.0010000000	0.0001000000	100	100	0	0.978474
1954000	0.2000000000	0.0010000000	0.0001000000	100	100	0	0.978837
1955000	0.2000000000	0.0010000000	0.0001000000	100	100	0	0.978837
1956000	0.2000000000	0.0010000000	0.0001000000	100	100	0	0.978812
1957000	0.2000000000	0.0010000000	0.0001000000	100	100	0	0.978837
1958000	0.2000000000	0.0010000000	0.0001000000	100	100	0	0.978837
1959000	0.2000000000	0.0010000000	0.0001000000	100	100	0	0.978837
1960000	0.2000000000	0.0010000000	0.0001000000	100	100	0	0.978474
1961000	0.2000000000	0.0010000000	0.0001000000	100	100	0	0.978474
1962000	0.2000000000	0.0010000000	0.0001000000	100	100	0	0.978474
1963000	0.2000000000	0.0010000000	0.0001000000	100	100	0	0.978474
1964000	0.2000000000	0.0010000000	0.0001000000	100	100	0	0.978474
1965000	0.2000000000	0.0010000000	0.0001000000	100	100	0	0.978474
1966000	0.2000000000	0.0010000000	0.0001000000	100	100	0	0.978474
1967000	0.2000000000	0.0010000000	0.0001000000	100	100	0	0.978474
1968000	0.2000000000	0.0010000000	0.0001000000	100	100	0	0.978474
1969000	0.2000000000	0.0010000000	0.0001000000	100	100	0	0.978112
1970000	0.2000000000	0.0010000000	0.0001000000	100	100	0	0.978112
1971000	0.2000000000	0.0010000000	0.0001000000	100	100	0	0.978112
1972000	0.2000000000	0.0010000000	0.0001000000	100	100	0	0.978112
1973000	0.2000000000	0.0010000000	0.0001000000	100	100	0	0.978112
1974000	0.2000000000	0.0010000000	0.0001000000	100	100	0	0.978112
1975000	0.2000000000	0.0010000000	0.0001000000	100	100	0	0.978112
1976000	0.2000000000	0.0010000000	0.0001000000	100	100	0	0.978112
1977000	0.2000000000	0.0010000000	0.0001000000	100	100	0	0.978112
1978000	0.2000000000	0.0010000000	0.0001000000	100	100	0	0.978112
1979000	0.2000000000	0.0010000000	0.0001000000	100	100	0	0.978112
1980000	0.2000000000	0.0010000000	0.0001000000	100	100	0	0.978112
1981000	0.2000000000	0.0010000000	0.0001000000	100	100	0	0.978112
1982000	0.2000000000	0.0010000000	0.0001000000	100	100	0	0.978112
1983000	0.2000000000	0.0010000000	0.0001000000	100	100	0	0.978112
1984000	0.2000000000	0.0010000000	0.0001000000	100	100	0	0.978112
1985000	0.2000000000	0.0010000000	0.0001000000	100	100	0	0.978112
1986000	0.2000000000	0.0010000000	0.0001000000	100	100	0	0.978112
1987000	0.2000000000	0.0010000000	0.0001000000	100	100	0	0.978112
1988000	0.2000000000	0.0010000000	0.0001000000	100	100	0	0.978112
1989000	0.2000000000	0.0010000000	0.0001000000	100	100	0	0.978112
1990000	0.2000000000	0.0010000000	0.0001000000	100	100	0	0.978112
1991000	0.2000000000	0.0010000000	0.0001000000	100	100	0	0.978112
1992000	0.2000000000	0.0010000000	0.0001000000	100	100	0	0.978112
1993000	0.2000000000	0.0010000000	0.0001000000	100	100	0	0.978112
1994000	0.2000000000	0.0010000000	0.0001000000	100	100	0	0.978112
1995000	0.2000000000	0.0010000000	0.0001000000	100	100	0	0.978112
1996000	0.2000000000	0.0010000000	0.0001000000	100	100	0	0.978112
1997000	0.2000000000	0.0010000000	0.0001000000	100	100	0	0.978112
1998000	0.2000000000	0.0010000000	0.0001000000	100	100	0	0.978112
1999000	0.2000000000	0.0010000000	0.0001000000	100	100	0	0.978112
2000000	0.2000000000	0.0010000000	0.0001000000	100	100	0	0.978102
2001000	0.2000000000	0.0010000000	0.0001000000	100	100	0	0.978282
2002000	0.2000000000	0.0010000000	0.0001000000	100	100	0	0.978474
2003000	0.2000000000	0.0010000000	0.0001000000	100	100	0	0.978474
2004000	0.2000000000	0.0010000000	0.0001000000	100	100	0	0.978112
2005000	0.2000000000	0.0010000000	0.0001000000	100	100	0	0.978112
2006000	0.2000000000	0.0010000000	0.0001000000	100	100	0	0.978112
2007000	0.2000000000	0.0010000000	0.0001000000	100	100	0	0.978112
2008000	0.2000000000	0.0010000000	0.0001000000	100	100	0	0.978112
2009000	0.2000000000	0.0010000000	0.0001000000	100	100	0	0.978112
2010000	0.2000000000	0.0010000000	0.0001000000	100	100	0	0.978112
2011000	0.2000000000	0.0010000000	0.0001000000	100	100	0	0.978112
2012000	0.2000000000	0.0010000000	0.0001000000	100	100	0	0.978112
2013000	0.2000000000	0.0010000000	0.0001000000	100	100	0	0.978131
2014000	0.2000000000	0.0010000000	0.0001000000	100	100	0	0.978112
2015000	0.2000000000	0.0010000000	0.0001000000	100	100	0	0.978112
2016000	0.2000000000	0.0010000000	0.0001000000	100	100	0	0.978112
2017000	0.2000000000	0.0010000000	0.0001000000	100	100	0	0.978474
2018000	0.2000000000	0.0010000000	0.0001000000	100	100	0	0.978474
2019000	0.2000000000	0.0010000000	0.0001000000	100	100	0	0.978474
2020000	0.2000000000	0.0010000000	0.0001000000	100	100	0	0.978478
2021000	0.2000000000	0.0010000000	0.0001000000	100	100	0	0.978474
2022000	0.2000000000	0.0010000000	0.0001000000	100	100	0	0.978474
2023000	0.2000000000	0.0010000000	0.0001000000	100	100	0	0.978474
2024000	0.2000000000	0.0010000000	0.0001000000	100	100	0	0.978474
2025000	0.2000000000	0.0010000000	0.0001000000	100	100	0	0.978474
2026000	0.2000000000	0.0010000000	0.0001000000	100	100	0	0.978474
2027000	0.2000000000	0.0010000000	0.0001000000	100	100	0	0.978474
2028000	0.2000000000	0.0010000000	0.0001000000	100	100	0	0.978420
2029000	0.2000000000	0.0010000000	0.0001000000	100	100	0	0.978474
2030000	0.2000000000	0.0010000000	0.0001000000	100	100	0	0.978138
2031000	0.2000000000	0.0010000000	0.0001000000	100	100	0	0.977965
2032000	0.2000000000	0.0010000000	0.0001000000	100	100	0	0.978112
2033000	0.2000000000	0.0010000000	0.0001000000	100	100	0	0.978112
2034000	0.2000000000	0.0010000000	0.0001000000	100	100	0	0.978112
2035000	0.2000000000	0.0010000000	0.0001000000	100	100	0	0.978112
2036000	0.2000000000	0.0010000000	0.0001000000	100	100	0	0.978112
2037000	0.2000000000	0.0010000000	0.0001000000	100	100	0	0.978112
2038000	0.2000000000	0.0010000000	0.0001000000	100	100	0	0.978112
2039000	0.2000000000	0.0010000000	0.0001000000	100	100	0	0.978008
2040000	0.2000000000	0.0010000000	0.0001000000	100	100	0	0.977394
2041000	0.2000000000	0.0010000000	0.0001000000	100	100	0	0.977394
2042000	0.2000000000	0.0010000000	0.0001000000	100	100	0	0.977394
2043000	0.2000000000	0.0010000000	0.0001000000	100	100	0	0.977394
2044000	0.2000000000	0.0010000000	0.0001000000	100	100	0	0.977394
2045000	0.2000000000	0.0010000000	0.0001000000	100	100	0	0.977753
2046000	0.2000000000	0.0010000000	0.0001000000	100	100	0	0.977753
2047000	0.2000000000	0.0010000000	0.0001000000	100	100	0	0.977710
2048000	0.2000000000	0.0010000000	0.0001000000	100	100	0	0.977753
2049000	0.2000000000	0.0010000000	0.0001000000	100	100	0	0.977911
2050000	0.2000000000	0.0010000000	0.0001000000	100	100	0	0.977753
2051000	0.2000000000	0.0010000000	0.0001000000	100	100	0	0.977753
2052000	0.2000000000	0.0010000000	0.0001000000	100	100	0	0.977753
2053000	0.2000000000	0.0010000000	0.0001000000	100	100	0	0.978069
2054000	0.2000000000	0.0010000000	0.0001000000	100	100	0	0.978112
2055000	0.2000000000	0.0010000000	0.0001000000	100	100	0	0.978127
2056000	0.2000000000	0.0010000000	0.0001000000	100	100	0	0.978112
2057000	0.2000000000	0.0010000000	0.0001000000	100	100	0	0.978112
2058000	0.2000000000	0.0010000000	0.0001000000	100	100	0	0.978112
2059000	0.2000000000	0.0010000000	0.0001000000	100	100	0	0.978112
2060000	0.2000000000	0.0010000000	0.0001000000	100	100	0	0.978112
2061000	0.2000000000	0.0010000000	0.0001000000	100	100	0	0.978112
2062000	0.2000000000	0.0010000000	0.0001000000	100	100	0	0.978112
2063000	0.2000000000	0.0010000000	0.0001000000	100	100	0	0.978112
2064000	0.2000000000	0.0010000000	0.0001000000	100	100	0	0.978112
2065000	0.2000000000	0.0010000000	0.0001000000	100	100	0	0.978112
2066000	0.2000000000	0.0010000000	0.0001000000	100	100	0	0.978112
2067000	0.2000000000	0.0010000000	0.0001000000	100	100	0	0.978112
2068000	0.2000000000	0.0010000000	0.0001000000	100	100	0	0.978112
2069000	0.2000000000	0.0010000000	0.0001000000	100	100	0	0.978112
2070000	0.2000000000	0.0010000000	0.0001000000	100	100	0	0.978112
2071000	0.2000000000	0.0010000000	0.0001000000	100	100	0	0.978112
2072000	0.2000000000	0.0010000000	0.0001000000	100	100	0	0.978120
2073000	0.2000000000	0.0010000000	0.0001000000	100	100	0	0.978112
2074000	0.2000000000	0.0010000000	0.0001000000	100	100	0	0.978112
2075000	0.2000000000	0.0010000000	0.0001000000	100	100	0	0.978474
2076000	0.2000000000	0.0010000000	0.0001000000	100	100	0	0.978474
2077000	0.2000000000	0.0010000000	0.0001000000	100	100	0	0.978474
2078000	0.2000000000	0.0010000000	0.0001000000	100	100	0	0.978474
2079000	0.2000000000	0.0010000000	0.0001000000	100	100	0	0.978474
2080000	0.2000000000	0.0010000000	0.0001000000	100	100	0	0.978474
2081000	0.2000000000	0.0010000000	0.0001000000	100	100	0	0.978474
2082000	0.2000000000	0.0010000000	0.0001000000	100	100	0	0.978474
2083000	0.2000000000	0.0010000000	0.0001000000	100	100	0	0.978474
2084000	0.2000000000	0.0010000000	0.0001000000	100	100	0	0.978474
2085000	0.2000000000	0.0010000000	0.0001000000	100	100	0	0.978474
2086000	0.2000000000	0.0010000000	0.0001000000	100	100	0	0.978474
2087000	0.2000000000	0.0010000000	0.0001000000	100	100	0	0.978474
2088000	0.2000000000	0.0010000000	0.0001000000	100	100	0	0.978474
2089000	0.2000000000	0.0010000000	0.0001000000	100	100	0	0.978474
2090000	0.2000000000	0.0010000000	0.0001000000	100	100	0	0.978474
2091000	0.2000000000	0.0010000000	0.0001000000	100	100	0	0.978474
2092000	0.2000000000	0.0010000000	0.0001000000	100	100	0	0.978391
2093000	0.2000000000	0.0010000000	0.0001000000	100	100	0	0.978474
2094000	0.2000000000	0.0010000000	0.0001000000	100	100	0	0.978474
2095000	0.2000000000	0.0010000000	0.0001000000	100	100	0	0.978474
2096000	0.2000000000	0.0010000000	0.0001000000	100	100	0	0.978474
2097000	0.2000000000	0.0010000000	0.0001000000	100	100	0	0.978474
2098000	0.2000000000	0.0010000000	0.0001000000	100	100	0	0.978474
2099000	0.2000000000	0.0010000000	0.0001000000	100	100	0	0.978474
2100000	0.2000000000	0.0010000000	0.0001000000	100	100	0	0.978474
2101000	0.2000000000	0.0010000000	0.0001000000	100	100	0	0.978474
2102000	0.2000000000	0.0010000000	0.0001000000	100	100	0	0.978474
2103000	0.2000000000	0.0010000000	0.0001000000	100	100	0	0.978474
2104000	0.2000000000	0.0010000000	0.0001000000	100	100	0	0.978474
2105000	0.2000000000	0.0010000000	0.0001000000	100	100	0	0.978837
2106000	0.2000000000	0.0010000000	0.0001000000	100	100	0	0.978907
2107000	0.2000000000	0.0010000000	0.0001000000	100	100	0	0.978837
2108000	0.2000000000	0.0010000000	0.0001000000	100	100	0	0.978772
2109000	0.2000000000	0.0010000000	0.0001000000	100	100	0	0.978837
2110000	0.2000000000	0.0010000000	0.0001000000	100	100	0	0.978474
2111000	0.2000000000	0.0010000000	0.0001000000	100	100	0	0.978112
2112000	0.2000000000	0.0010000000	0.0001000000	100	100	0	0.978112
2113000	0.2000000000	0.0010000000	0.0001000000	100	100	0	0.978112
2114000	0.2000000000	0.0010000000	0.0001000000	100	100	0	0.978112
2115000	0.2000000000	0.0010000000	0.0001000000	100	100	0	0.978112
2116000	0.2000000000	0.0010000000	0.0001000000	100	100	0	0.978112
2117000	0.2000000000	0.0010000000	0.0001000000	100	100	0	0.978112
2118000	0.2000000000	0.0010000000	0.0001000000	100	100	0	0.978112
2119000	0.2000000000	0.0010000000	0.0001000000	100	100	0	0.978112
2120000	0.2000000000	0.0010000000	0.0001000000	100	100	0	0.978112
2121000	0.2000000000	0.0010000000	0.0001000000	100	100	0	0.978112
2122000	0.2000000000	0.0010000000	0.0001000000	100	100	0	0.978112
2123000	0.2000000000	0.0010000000	0.0001000000	100	100	0	0.978112
2124000	0.2000000000	0.0010000000	0.0001000000	100	100	0	0.978112
2125000	0.2000000000	0.0010000000	0.0001000000	100	100	0	0.978112
2126000	0.2000000000	0.0010000000	0.0001000000	100	100	0	0.978112
2127000	0.2000000000	0.0010000000	0.0001000000	100	100	0	0.978112
2128000	0.2000000000	0.0010000000	0.0001000000	100	100	0	0.978112
2129000	0.2000000000	0.0010000000	0.0001000000	100	100	0	0.978112
2130000	0.2000000000	0.0010000000	0.0001000000	100	100	0	0.978112
2131000	0.2000000000	0.0010000000	0.0001000000	100	100	0	0.977674
2132000	0.2000000000	0.0010000000	0.0001000000	100	100	0	0.977753
2133000	0.2000000000	0.0010000000	0.0001000000	100	100	0	0.977753
2134000	0.2000000000	0.0010000000	0.0001000000	100	100	0	0.977753
2135000	0.2000000000	0.0010000000	0.0001000000	100	100	0	0.977753
2136000	0.2000000000	0.0010000000	0.0001000000	100	100	0	0.977753
2137000	0.2000000000	0.0010000000	0.0001000000	100	100	0	0.977749
2138000	0.2000000000	0.0010000000	0.0001000000	100	100	0	0.977753
2139000	0.2000000000	0.0010000000	0.0001000000	100	100	0	0.977753
2140000	0.2000000000	0.0010000000	0.0001000000	100	100	0	0.977753
2141000	0.2000000000	0.0010000000	0.0001000000	100	100	0	0.977753
2142000	0.2000000000	0.0010000000	0.0001000000	100	100	0	0.978112
2143000	0.2000000000	0.0010000000	0.0001000000	100	100	0	0.978112
2144000	0.2000000000	0.0010000000	0.0001000000	100	100	0	0.978112
2145000	0.2000000000	0.0010000000	0.0001000000	100	100	0	0.978474
2146000	0.2000000000	0.0010000000	0.0001000000	100	100	0	0.978474
2147000	0.2000000000	0.0010000000	0.0001000000	100	100	0	0.978474
2148000	0.2000000000	0.0010000000	0.0001000000	100	100	0	0.978474
2149000	0.2000000000	0.0010000000	0.0001000000	100	100	0	0.978474
2150000	0.2000000000	0.0010000000	0.0001000000	100	100	0	0.978308
2151000	0.2000000000	0.0010000000	0.0001000000	100	100	0	0.978109
2152000	0.2000000000	0.0010000000	0.0001000000	100	100	0	0.978112
2153000	0.2000000000	0.0010000000	0.0001000000	100	100	0	0.978112
2154000	0.2000000000	0.0010000000	0.0001000000	100	100	0	0.978112
2155000	0.2000000000	0.0010000000	0.0001000000	100	100	0	0.978112
2156000	0.2000000000	0.0010000000	0.0001000000	100	100	0	0.978112
2157000	0.2000000000	0.0010000000	0.0001000000	100	100	0	0.978112
2158000	0.2000000000	0.0010000000	0.0001000000	100	100	0	0.978112
2159000	0.2000000000	0.0010000000	0.0001000000	100	100	0	0.978112
2160000	0.2000000000	0.0010000000	0.0001000000	100	100	0	0.978120
2161000	0.2000000000	0.0010000000	0.0001000000	100	100	0	0.977753
2162000	0.2000000000	0.0010000000	0.0001000000	100	100	0	0.978112
2163000	0.2000000000	0.0010000000	0.0001000000	100	100	0	0.978112
2164000	0.2000000000	0.0010000000	0.0001000000	100	100	0	0.978112
2165000	0.2000000000	0.0010000000	0.0001000000	100	100	0	0.978112
2166000	0.2000000000	0.0010000000	0.0001000000	100	100	0	0.978474
2167000	0.2000000000	0.0010000000	0.0001000000	100	100	0	0.978474
2168000	0.2000000000	0.0010000000	0.0001000000	100	100	0	0.978474
2169000	0.2000000000	0.0010000000	0.0001000000	100	100	0	0.978474
2170000	0.2000000000	0.0010000000	0.0001000000	100	100	0	0.978474
2171000	0.2000000000	0.0010000000	0.0001000000	100	100	0	0.978470
2172000	0.2000000000	0.0010000000	0.0001000000	100	100	0	0.978474
2173000	0.2000000000	0.0010000000	0.0001000000	100	100	0	0.978474
2174000	0.2000000000	0.0010000000	0.0001000000	100	100	0	0.978474
2175000	0.2000000000	0.0010000000	0.0001000000	100	100	0	0.978474
2176000	0.2000000000	0.0010000000	0.0001000000	100	100	0	0.978474
2177000	0.2000000000	0.0010000000	0.0001000000	100	100	0	0.978474
2178000	0.2000000000	0.0010000000	0.0001000000	100	100	0	0.978467
2179000	0.2000000000	0.0010000000	0.0001000000	100	100	0	0.978474
2180000	0.2000000000	0.0010000000	0.0001000000	100	100	0	0.978474
2181000	0.2000000000	0.0010000000	0.0001000000	100	100	0	0.978474
2182000	0.2000000000	0.0010000000	0.0001000000	100	100	0	0.978474
2183000	0.2000000000	0.0010000000	0.0001000000	100	100	0	0.978474
2184000	0.2000000000	0.0010000000	0.0001000000	100	100	0	0.978474
2185000	0.2000000000	0.0010000000	0.0001000000	100	100	0	0.978474
2186000	0.2000000000	0.0010000000	0.0001000000	100	100	0	0.978474
2187000	0.2000000000	0.0010000000	0.0001000000	100	100	0	0.978474
2188000	0.2000000000	0.0010000000	0.0001000000	100	100	0	0.978474
2189000	0.2000000000	0.0010000000	0.0001000000	100	100	0	0.978569
2190000	0.2000000000	0.0010000000	0.0001000000	100	100	0	0.978474
2191000	0.2000000000	0.0010000000	0.0001000000	100	100	0	0.978474
2192000	0.2000000000	0.0010000000	0.0001000000	100	100	0	0.978474
2193000	0.2000000000	0.0010000000	0.0001000000	100	100	0	0.978474
2194000	0.2000000000	0.0010000000	0.0001000000	100	100	0	0.978474
2195000	0.2000000000	0.0010000000	0.0001000000	100	100	0	0.978474
2196000	0.2000000000	0.0010000000	0.0001000000	100	100	0	0.978474
2197000	0.2000000000	0.0010000000	0.0001000000	100	100	0	0.978474
2198000	0.2000000000	0.0010000000	0.0001000000	100	100	0	0.978474
2199000	0.2000000000	0.0010000000	0.0001000000	100	100	0	0.978474
2200000	0.2000000000	0.0010000000	0.0001000000	100	100	0	0.978474
2201000	0.2000000000	0.0010000000	0.0001000000	100	100	0	0.978474
2202000	0.2000000000	0.0010000000	0.0001000000	100	100	0	0.978474
2203000	0.2000000000	0.0010000000	0.0001000000	100	100	0	0.978474
2204000	0.2000000000	0.0010000000	0.0001000000	100	100	0	0.978474
2205000	0.2000000000	0.0010000000	0.0001000000	100	100	0	0.978474
2206000	0.2000000000	0.0010000000	0.0001000000	100	100	0	0.978474
2207000	0.2000000000	0.0010000000	0.0001000000	100	100	0	0.978841
2208000	0.2000000000	0.0010000000	0.0001000000	100	100	0	0.978837
2209000	0.2000000000	0.0010000000	0.0001000000	100	100	0	0.978837
2210000	0.2000000000	0.0010000000	0.0001000000	100	100	0	0.978837
2211000	0.2000000000	0.0010000000	0.0001000000	100	100	0	0.978837
2212000	0.2000000000	0.0010000000	0.0001000000	100	100	0	0.978474
2213000	0.2000000000	0.0010000000	0.0001000000	100	100	0	0.978474
2214000	0.2000000000	0.0010000000	0.0001000000	100	100	0	0.978474
2215000	0.2000000000	0.0010000000	0.0001000000	100	100	0	0.978474
2216000	0.2000000000	0.0010000000	0.0001000000	100	100	0	0.978474
2217000	0.2000000000	0.0010000000	0.0001000000	100	100	0	0.978474
2218000	0.2000000000	0.0010000000	0.0001000000	100	100	0	0.978474
2219000	0.2000000000	0.0010000000	0.0001000000	100	100	0	0.978474
2220000	0.2000000000	0.0010000000	0.0001000000	100	100	0	0.978474
2221000	0.2000000000	0.0010000000	0.0001000000	100	100	0	0.978474
2222000	0.2000000000	0.0010000000	0.0001000000	100	100	0	0.978112
2223000	0.2000000000	0.0010000000	0.0001000000	100	100	0	0.978112
2224000	0.2000000000	0.0010000000	0.0001000000	100	100	0	0.978112
2225000	0.2000000000	0.0010000000	0.0001000000	100	100	0	0.978112
2226000	0.2000000000	0.0010000000	0.0001000000	100	100	0	0.978112
2227000	0.2000000000	0.0010000000	0.0001000000	100	100	0	0.978112
2228000	0.2000000000	0.0010000000	0.0001000000	100	100	0	0.978112
2229000	0.2000000000	0.0010000000	0.0001000000	100	100	0	0.978112
2230000	0.2000000000	0.0010000000	0.0001000000	100	100	0	0.978112
2231000	0.2000000000	0.0010000000	0.0001000000	100	100	0	0.978112
2232000	0.2000000000	0.0010000000	0.0001000000	100	100	0	0.978112
2233000	0.2000000000	0.0010000000	0.0001000000	100	100	0	0.978112
2234000	0.2000000000	0.0010000000	0.0001000000	100	100	0	0.978112
2235000	0.2000000000	0.0010000000	0.0001000000	100	100	0	0.978112
2236000	0.2000000000	0.0010000000	0.0001000000	100	100	0	0.978112
2237000	0.2000000000	0.0010000000	0.0001000000	100	100	0	0.978112
2238000	0.2000000000	0.0010000000	0.0001000000	100	100	0	0.978112
2239000	0.2000000000	0.0010000000	0.0001000000	100	100	0	0.978116
2240000	0.2000000000	0.0010000000	0.0001000000	100	100	0	0.978112
2241000	0.2000000000	0.0010000000	0.0001000000	100	100	0	0.978112
2242000	0.2000000000	0.0010000000	0.0001000000	100	100	0	0.978112
2243000	0.2000000000	0.0010000000	0.0001000000	100	100	0	0.978474
2244000	0.2000000000	0.0010000000	0.0001000000	100	100	0	0.978474
2245000	0.2000000000	0.0010000000	0.0001000000	100	100	0	0.978474
2246000	0.2000000000	0.0010000000	0.0001000000	100	100	0	0.978474
2247000	0.2000000000	0.0010000000	0.0001000000	100	100	0	0.978474
2248000	0.2000000000	0.0010000000	0.0001000000	100	100	0	0.978474
2249000	0.2000000000	0.0010000000	0.0001000000	100	100	0	0.978837
2250000	0.2000000000	0.0010000000	0.0001000000	100	100	0	0.978837
2251000	0.2000000000	0.0010000000	0.0001000000	100	100	0	0.978837
2252000	0.2000000000	0.0010000000	0.0001000000	100	100	0	0.978837
2253000	0.2000000000	0.0010000000	0.0001000000	100	100	0	0.978837
2254000	0.2000000000	0.0010000000	0.0001000000	100	100	0	0.978837
2255000	0.2000000000	0.0010000000	0.0001000000	100	100	0	0.978837
2256000	0.2000000000	0.0010000000	0.0001000000	100	100	0	0.978837
2257000	0.2000000000	0.0010000000	0.0001000000	100	100	0	0.978837
2258000	0.2000000000	0.0010000000	0.0001000000	100	100	0	0.979202
2259000	0.2000000000	0.0010000000	0.0001000000	100	100	0	0.979191
2260000	0.2000000000	0.0010000000	0.0001000000	100	100	0	0.979202
2261000	0.2000000000	0.0010000000	0.0001000000	100	100	0	0.979202
2262000	0.2000000000	0.0010000000	0.0001000000	100	100	0	0.979202
2263000	0.2000000000	0.0010000000	0.0001000000	100	100	0	0.979569
2264000	0.2000000000	0.0010000000	0.0001000000	100	100	0	0.979569
2265000	0.2000000000	0.0010000000	0.0001000000	100	100	0	0.979569
2266000	0.2000000000	0.0010000000	0.0001000000	100	100	0	0.979569
2267000	0.2000000000	0.0010000000	0.0001000000	100	100	0	0.979569
2268000	0.2000000000	0.0010000000	0.0001000000	100	100	0	0.979569
2269000	0.2000000000	0.0010000000	0.0001000000	100	100	0	0.979584
2270000	0.2000000000	0.0010000000	0.0001000000	100	100	0	0.979602
2271000	0.2000000000	0.0010000000	0.0001000000	100	100	0	0.979569
2272000	0.2000000000	0.0010000000	0.0001000000	100	100	0	0.979569
2273000	0.2000000000	0.0010000000	0.0001000000	100	100	0	0.979569
2274000	0.2000000000	0.0010000000	0.0001000000	100	100	0	0.979569
2275000	0.2000000000	0.0010000000	0.0001000000	100	100	0	0.979569
2276000	0.2000000000	0.0010000000	0.0001000000	100	100	0	0.979569
2277000	0.2000000000	0.0010000000	0.0001000000	100	100	0	0.979569
2278000	0.2000000000	0.0010000000	0.0001000000	100	100	0	0.979569
2279000	0.2000000000	0.0010000000	0.0001000000	100	100	0	0.979569
2280000	0.2000000000	0.0010000000	0.0001000000	100	100	0	0.979569
2281000	0.2000000000	0.0010000000	0.0001000000	100	100	0	0.979569
2282000	0.2000000000	0.0010000000	0.0001000000	100	100	0	0.979569
2283000	0.2000000000	0.0010000000	0.0001000000	100	100	0	0.979569
2284000	0.2000000000	0.0010000000	0.0001000000	100	100	0	0.979569
2285000	0.2000000000	0.0010000000	0.0001000000	100	100	0	0.979569
2286000	0.2000000000	0.0010000000	0.0001000000	100	100	0	0.979569
2287000	0.2000000000	0.0010000000	0.0001000000	100	100	0	0.979569
2288000	0.2000000000	0.0010000000	0.0001000000	100	100	0	0.979569
2289000	0.2000000000	0.0010000000	0.0001000000	100	100	0	0.979569
2290000	0.2000000000	0.0010000000	0.0001000000	100	100	0	0.979573
2291000	0.2000000000	0.0010000000	0.0001000000	100	100	0	0.979569
2292000	0.2000000000	0.0010000000	0.0001000000	100	100	0	0.979569
2293000	0.2000000000	0.0010000000	0.0001000000	100	100	0	0.979569
2294000	0.2000000000	0.0010000000	0.0001000000	100	100	0	0.979569
2295000	0.2000000000	0.0010000000	0.0001000000	100	100	0	0.979569
2296000	0.2000000000	0.0010000000	0.0001000000	100	100	0	0.979543
2297000	0.2000000000	0.0010000000	0.0001000000	100	100	0	0.979938
2298000	0.2000000000	0.0010000000	0.0001000000	100	100	0	0.980193
2299000	0.2000000000	0.0010000000	0.0001000000	100	100	0	0.980308
2300000	0.2000000000	0.0010000000	0.0001000000	100	100	0	0.980308
2301000	0.2000000000	0.0010000000	0.0001000000	100	100	0	0.980308
2302000	0.2000000000	0.0010000000	0.0001000000	100	100	0	0.980308
2303000	0.2000000000	0.0010000000	0.0001000000	100	100	0	0.980308
2304000	0.2000000000	0.0010000000	0.0001000000	100	100	0	0.980308
2305000	0.2000000000	0.0010000000	0.0001000000	100	100	0	0.980308
2306000	0.2000000000	0.0010000000	0.0001000000	100	100	0	0.980308
2307000	0.2000000000	0.0010000000	0.0001000000	100	100	0	0.980308
2308000	0.2000000000	0.0010000000	0.0001000000	100	100	0	0.980308
2309000	0.2000000000	0.0010000000	0.0001000000	100	100	0	0.980086
2310000	0.2000000000	0.0010000000	0.0001000000	100	100	0	0.979938
2311000	0.2000000000	0.0010000000	0.0001000000	100	100	0	0.979569
2312000	0.2000000000	0.0010000000	0.0001000000	100	100	0	0.979569
2313000	0.2000000000	0.0010000000	0.0001000000	100	100	0	0.979569
2314000	0.2000000000	0.0010000000	0.0001000000	100	100	0	0.979938
2315000	0.2000000000	0.0010000000	0.0001000000	100	100	0	0.979938
2316000	0.2000000000	0.0010000000	0.0001000000	100	100	0	0.979938
2317000	0.2000000000	0.0010000000	0.0001000000	100	100	0	0.979569
2318000	0.2000000000	0.0010000000	0.0001000000	100	100	0	0.979569
2319000	0.2000000000	0.0010000000	0.0001000000	100	100	0	0.979569
2320000	0.2000000000	0.0010000000	0.0001000000	100	100	0	0.979569
2321000	0.2000000000	0.0010000000	0.0001000000	100	100	0	0.979202
2322000	0.2000000000	0.0010000000	0.0001000000	100	100	0	0.979199
2323000	0.2000000000	0.0010000000	0.0001000000	100	100	0	0.979202
2324000	0.2000000000	0.0010000000	0.0001000000	100	100	0	0.979202
2325000	0.2000000000	0.0010000000	0.0001000000	100	100	0	0.979202
2326000	0.2000000000	0.0010000000	0.0001000000	100	100	0	0.979202
2327000	0.2000000000	0.0010000000	0.0001000000	100	100	0	0.979202
2328000	0.2000000000	0.0010000000	0.0001000000	100	100	0	0.979060
2329000	0.2000000000	0.0010000000	0.0001000000	100	100	0	0.979202
2330000	0.2000000000	0.0010000000	0.0001000000	100	100	0	0.979202
2331000	0.2000000000	0.0010000000	0.0001000000	100	100	0	0.979569
2332000	0.2000000000	0.0010000000	0.0001000000	100	100	0	0.979569
2333000	0.2000000000	0.0010000000	0.0001000000	100	100	0	0.979569
2334000	0.2000000000	0.0010000000	0.0001000000	100	100	0	0.979554
2335000	0.2000000000	0.0010000000	0.0001000000	100	100	0	0.979569
2336000	0.2000000000	0.0010000000	0.0001000000	100	100	0	0.979569
2337000	0.2000000000	0.0010000000	0.0001000000	100	100	0	0.979569
2338000	0.2000000000	0.0010000000	0.0001000000	100	100	0	0.979569
2339000	0.2000000000	0.0010000000	0.0001000000	100	100	0	0.979569
2340000	0.2000000000	0.0010000000	0.0001000000	100	100	0	0.979569
2341000	0.2000000000	0.0010000000	0.0001000000	100	100	0	0.979569
2342000	0.2000000000	0.0010000000	0.0001000000	100	100	0	0.979938
2343000	0.2000000000	0.0010000000	0.0001000000	100	100	0	0.979938
2344000	0.2000000000	0.0010000000	0.0001000000	100	100	0	0.979930
2345000	0.2000000000	0.0010000000	0.0001000000	100	100	0	0.979938
2346000	0.2000000000	0.0010000000	0.0001000000	100	100	0	0.979938
2347000	0.2000000000	0.0010000000	0.0001000000	100	100	0	0.979938
2348000	0.2000000000	0.0010000000	0.0001000000	100	100	0	0.979938
2349000	0.2000000000	0.0010000000	0.0001000000	100	100	0	0.979938
2350000	0.2000000000	0.0010000000	0.0001000000	100	100	0	0.979938
2351000	0.2000000000	0.0010000000	0.0001000000	100	100	0	0.979938
2352000	0.2000000000	0.0010000000	0.0001000000	100	100	0	0.979938
2353000	0.2000000000	0.0010000000	0.0001000000	100	100	0	0.979938
2354000	0.2000000000	0.0010000000	0.0001000000	100	100	0	0.979964
2355000	0.2000000000	0.0010000000	0.0001000000	100	100	0	0.979938
2356000	0.2000000000	0.0010000000	0.0001000000	100	100	0	0.979938
2357000	0.2000000000	0.0010000000	0.0001000000	100	100	0	0.979938
2358000	0.2000000000	0.0010000000	0.0001000000	100	100	0	0.979879
2359000	0.2000000000	0.0010000000	0.0001000000	100	100	0	0.979569
2360000	0.2000000000	0.0010000000	0.0001000000	100	100	0	0.979569
2361000	0.2000000000	0.0010000000	0.0001000000	100	100	0	0.979569
2362000	0.2000000000	0.0010000000	0.0001000000	100	100	0	0.979565
2363000	0.2000000000	0.0010000000	0.0001000000	100	100	0	0.979569
2364000	0.2000000000	0.0010000000	0.0001000000	100	100	0	0.979569
2365000	0.2000000000	0.0010000000	0.0001000000	100	100	0	0.979569
2366000	0.2000000000	0.0010000000	0.0001000000	100	100	0	0.979569
2367000	0.2000000000	0.0010000000	0.0001000000	100	100	0	0.979202
2368000	0.2000000000	0.0010000000	0.0001000000	100	100	0	0.979202
2369000	0.2000000000	0.0010000000	0.0001000000	100	100	0	0.979202
2370000	0.2000000000	0.0010000000	0.0001000000	100	100	0	0.979202
2371000	0.2000000000	0.0010000000	0.0001000000	100	100	0	0.979202
2372000	0.2000000000	0.0010000000	0.0001000000	100	100	0	0.979202
2373000	0.2000000000	0.0010000000	0.0001000000	100	100	0	0.979202
2374000	0.2000000000	0.0010000000	0.0001000000	100	100	0	0.979202
2375000	0.2000000000	0.0010000000	0.0001000000	100	100	0	0.978837
2376000	0.2000000000	0.0010000000	0.0001000000	100	100	0	0.978474
2377000	0.2000000000	0.0010000000	0.0001000000	100	100	0	0.978474
2378000	0.2000000000	0.0010000000	0.0001000000	100	100	0	0.978474
2379000	0.2000000000	0.0010000000	0.0001000000	100	100	0	0.978474
2380000	0.2000000000	0.0010000000	0.0001000000	100	100	0	0.978427
2381000	0.2000000000	0.0010000000	0.0001000000	100	100	0	0.978474
2382000	0.2000000000	0.0010000000	0.0001000000	100	100	0	0.978474
2383000	0.2000000000	0.0010000000	0.0001000000	100	100	0	0.978474
2384000	0.2000000000	0.0010000000	0.0001000000	100	100	0	0.978474
2385000	0.2000000000	0.0010000000	0.0001000000	100	100	0	0.978474
2386000	0.2000000000	0.0010000000	0.0001000000	100	100	0	0.978474
2387000	0.2000000000	0.0010000000	0.0001000000	100	100	0	0.978474
2388000	0.2000000000	0.0010000000	0.0001000000	100	100	0	0.978474
2389000	0.2000000000	0.0010000000	0.0001000000	100	100	0	0.978474
2390000	0.2000000000	0.0010000000	0.0001000000	100	100	0	0.978474
2391000	0.2000000000	0.0010000000	0.0001000000	100	100	0	0.978474
2392000	0.2000000000	0.0010000000	0.0001000000	100	100	0	0.978474
2393000	0.2000000000	0.0010000000	0.0001000000	100	100	0	0.978474
2394000	0.2000000000	0.0010000000	0.0001000000	100	100	0	0.978474
2395000	0.2000000000	0.0010000000	0.0001000000	100	100	0	0.978474
2396000	0.2000000000	0.0010000000	0.0001000000	100	100	0	0.978474
2397000	0.2000000000	0.0010000000	0.0001000000	100	100	0	0.978474
2398000	0.2000000000	0.0010000000	0.0001000000	100	100	0	0.978474
2399000	0.2000000000	0.0010000000	0.0001000000	100	100	0	0.978478
2400000	0.2000000000	0.0010000000	0.0001000000	100	100	0	0.978474
2401000	0.2000000000	0.0010000000	0.0001000000	100	100	0	0.978474
2402000	0.2000000000	0.0010000000	0.0001000000	100	100	0	0.978474
2403000	0.2000000000	0.0010000000	0.0001000000	100	100	0	0.978474
2404000	0.2000000000	0.0010000000	0.0001000000	100	100	0	0.978398
2405000	0.2000000000	0.0010000000	0.0001000000	100	100	0	0.978109
2406000	0.2000000000	0.0010000000	0.0001000000	100	100	0	0.978123
2407000	0.2000000000	0.0010000000	0.0001000000	100	100	0	0.978112
2408000	0.2000000000	0.0010000000	0.0001000000	100	100	0	0.978112
2409000	0.2000000000	0.0010000000	0.0001000000	100	100	0	0.978112
2410000	0.2000000000	0.0010000000	0.0001000000	100	100	0	0.978112
2411000	0.2000000000	0.0010000000	0.0001000000	100	100	0	0.978112
2412000	0.2000000000	0.0010000000	0.0001000000	100	100	0	0.978112
2413000	0.2000000000	0.0010000000	0.0001000000	100	100	0	0.977753
2414000	0.2000000000	0.0010000000	0.0001000000	100	100	0	0.977753
2415000	0.2000000000	0.0010000000	0.0001000000	100	100	0	0.977753
2416000	0.2000000000	0.0010000000	0.0001000000	100	100	0	0.977753
2417000	0.2000000000	0.0010000000	0.0001000000	100	100	0	0.977717
2418000	0.2000000000	0.0010000000	0.0001000000	100	100	0	0.977753
2419000	0.2000000000	0.0010000000	0.0001000000	100	100	0	0.977753
2420000	0.2000000000	0.0010000000	0.0001000000	100	100	0	0.977753
2421000	0.2000000000	0.0010000000	0.0001000000	100	100	0	0.977753
2422000	0.2000000000	0.0010000000	0.0001000000	100	100	0	0.977753
2423000	0.2000000000	0.0010000000	0.0001000000	100	100	0	0.977753
2424000	0.2000000000	0.0010000000	0.0001000000	100	100	0	0.977753
2425000	0.2000000000	0.0010000000	0.0001000000	100	100	0	0.977753
2426000	0.2000000000	0.0010000000	0.0001000000	100	100	0	0.977753
2427000	0.2000000000	0.0010000000	0.0001000000	100	100	0	0.977753
2428000	0.2000000000	0.0010000000	0.0001000000	100	100	0	0.977756
2429000	0.2000000000	0.0010000000	0.0001000000	100	100	0	0.978112
2430000	0.2000000000	0.0010000000	0.0001000000	100	100	0	0.978474
2431000	0.2000000000	0.0010000000	0.0001000000	100	100	0	0.978474
2432000	0.2000000000	0.0010000000	0.0001000000	100	100	0	0.978485
2433000	0.2000000000	0.0010000000	0.0001000000	100	100	0	0.978474
2434000	0.2000000000	0.0010000000	0.0001000000	100	100	0	0.978474
2435000	0.2000000000	0.0010000000	0.0001000000	100	100	0	0.978470
2436000	0.2000000000	0.0010000000	0.0001000000	100	100	0	0.978460
2437000	0.2000000000	0.0010000000	0.0001000000	100	100	0	0.978112
2438000	0.2000000000	0.0010000000	0.0001000000	100	100	0	0.978112
2439000	0.2000000000	0.0010000000	0.0001000000	100	100	0	0.978112
2440000	0.2000000000	0.0010000000	0.0001000000	100	100	0	0.978112
2441000	0.2000000000	0.0010000000	0.0001000000	100	100	0	0.978112
2442000	0.2000000000	0.0010000000	0.0001000000	100	100	0	0.978112
2443000	0.2000000000	0.0010000000	0.0001000000	100	100	0	0.978112
2444000	0.2000000000	0.0010000000	0.0001000000	100	100	0	0.978112
2445000	0.2000000000	0.0010000000	0.0001000000	100	100	0	0.978112
2446000	0.2000000000	0.0010000000	0.0001000000	100	100	0	0.978112
2447000	0.2000000000	0.0010000000	0.0001000000	100	100	0	0.978112
2448000	0.2000000000	0.0010000000	0.0001000000	100	100	0	0.978112
2449000	0.2000000000	0.0010000000	0.0001000000	100	100	0	0.978109
2450000	0.2000000000	0.0010000000	0.0001000000	100	100	0	0.978112
2451000	0.2000000000	0.0010000000	0.0001000000	100	100	0	0.978112
2452000	0.2000000000	0.0010000000	0.0001000000	100	100	0	0.978120
2453000	0.2000000000	0.0010000000	0.0001000000	100	100	0	0.977753
2454000	0.2000000000	0.0010000000	0.0001000000	100	100	0	0.977753
2455000	0.2000000000	0.0010000000	0.0001000000	100	100	0	0.977753
2456000	0.2000000000	0.0010000000	0.0001000000	100	100	0	0.977753
2457000	0.2000000000	0.0010000000	0.0001000000	100	100	0	0.978109
2458000	0.2000000000	0.0010000000	0.0001000000	100	100	0	0.978059
2459000	0.2000000000	0.0010000000	0.0001000000	100	100	0	0.978112
2460000	0.2000000000	0.0010000000	0.0001000000	100	100	0	0.978112
2461000	0.2000000000	0.0010000000	0.0001000000	100	100	0	0.978112
2462000	0.2000000000	0.0010000000	0.0001000000	100	100	0	0.978112
2463000	0.2000000000	0.0010000000	0.0001000000	100	100	0	0.978112
2464000	0.2000000000	0.0010000000	0.0001000000	100	100	0	0.978112
2465000	0.2000000000	0.0010000000	0.0001000000	100	100	0	0.978112
2466000	0.2000000000	0.0010000000	0.0001000000	100	100	0	0.978112
2467000	0.2000000000	0.0010000000	0.0001000000	100	100	0	0.978112
2468000	0.2000000000	0.0010000000	0.0001000000	100	100	0	0.978112
2469000	0.2000000000	0.0010000000	0.0001000000	100	100	0	0.977814
2470000	0.2000000000	0.0010000000	0.0001000000	100	100	0	0.978076
2471000	0.2000000000	0.0010000000	0.0001000000	100	100	0	0.978112
2472000	0.2000000000	0.0010000000	0.0001000000	100	100	0	0.978214
2473000	0.2000000000	0.0010000000	0.0001000000	100	100	0	0.978112
2474000	0.2000000000	0.0010000000	0.0001000000	100	100	0	0.978112
2475000	0.2000000000	0.0010000000	0.0001000000	100	100	0	0.978112
2476000	0.2000000000	0.0010000000	0.0001000000	100	100	0	0.978112
2477000	0.2000000000	0.0010000000	0.0001000000	100	100	0	0.978112
2478000	0.2000000000	0.0010000000	0.0001000000	100	100	0	0.978116
2479000	0.2000000000	0.0010000000	0.0001000000	100	100	0	0.978112
2480000	0.2000000000	0.0010000000	0.0001000000	100	100	0	0.978112
2481000	0.2000000000	0.0010000000	0.0001000000	100	100	0	0.978112
2482000	0.2000000000	0.0010000000	0.0001000000	100	100	0	0.978112
2483000	0.2000000000	0.0010000000	0.0001000000	100	100	0	0.978112
2484000	0.2000000000	0.0010000000	0.0001000000	100	100	0	0.978112
2485000	0.2000000000	0.0010000000	0.0001000000	100	100	0	0.978112
2486000	0.2000000000	0.0010000000	0.0001000000	100	100	0	0.978112
2487000	0.2000000000	0.0010000000	0.0001000000	100	100	0	0.978112
2488000	0.2000000000	0.0010000000	0.0001000000	100	100	0	0.978474
2489000	0.2000000000	0.0010000000	0.0001000000	100	100	0	0.978474
2490000	0.2000000000	0.0010000000	0.0001000000	100	100	0	0.978474
2491000	0.2000000000	0.0010000000	0.0001000000	100	100	0	0.978474
2492000	0.2000000000	0.0010000000	0.0001000000	100	100	0	0.978474
2493000	0.2000000000	0.0010000000	0.0001000000	100	100	0	0.978474
2494000	0.2000000000	0.0010000000	0.0001000000	100	100	0	0.978474
2495000	0.2000000000	0.0010000000	0.0001000000	100	100	0	0.978474
2496000	0.2000000000	0.0010000000	0.0001000000	100	100	0	0.978474
2497000	0.2000000000	0.0010000000	0.0001000000	100	100	0	0.978474
2498000	0.2000000000	0.0010000000	0.0001000000	100	100	0	0.978474
2499000	0.2000000000	0.0010000000	0.0001000000	100	100	0	0.978474
2500000	0.2000000000	0.0010000000	0.0001000000	100	100	0	0.978474
