time	epistasis_coef	sel_coef	mu_prob	Ne	L	k_start	mean_fitness
1500000	0.2000000000	0.0001000000	0.0010000000	100	100	0	0.997936
1501000	0.2000000000	0.0001000000	0.0010000000	100	100	0	0.997975
1502000	0.2000000000	0.0001000000	0.0010000000	100	100	0	0.997975
1503000	0.2000000000	0.0001000000	0.0010000000	100	100	0	0.997969
1504000	0.2000000000	0.0001000000	0.0010000000	100	100	0	0.997950
1505000	0.2000000000	0.0001000000	0.0010000000	100	100	0	0.997974
1506000	0.2000000000	0.0001000000	0.0010000000	100	100	0	0.997975
1507000	0.2000000000	0.0001000000	0.0010000000	100	100	0	0.997975
1508000	0.2000000000	0.0001000000	0.0010000000	100	100	0	0.997932
1509000	0.2000000000	0.0001000000	0.0010000000	100	100	0	0.997938
1510000	0.2000000000	0.0001000000	0.0010000000	100	100	0	0.997902
1511000	0.2000000000	0.0001000000	0.0010000000	100	100	0	0.997929
1512000	0.2000000000	0.0001000000	0.0010000000	100	100	0	0.997945
1513000	0.2000000000	0.0001000000	0.0010000000	100	100	0	0.997938
1514000	0.2000000000	0.0001000000	0.0010000000	100	100	0	0.997910
1515000	0.2000000000	0.0001000000	0.0010000000	100	100	0	0.997902
1516000	0.2000000000	0.0001000000	0.0010000000	100	100	0	0.997898
1517000	0.2000000000	0.0001000000	0.0010000000	100	100	0	0.997852
1518000	0.2000000000	0.0001000000	0.0010000000	100	100	0	0.997826
1519000	0.2000000000	0.0001000000	0.0010000000	100	100	0	0.997823
1520000	0.2000000000	0.0001000000	0.0010000000	100	100	0	0.997826
1521000	0.2000000000	0.0001000000	0.0010000000	100	100	0	0.997827
1522000	0.2000000000	0.0001000000	0.0010000000	100	100	0	0.997826
1523000	0.2000000000	0.0001000000	0.0010000000	100	100	0	0.997778
1524000	0.2000000000	0.0001000000	0.0010000000	100	100	0	0.997791
1525000	0.2000000000	0.0001000000	0.0010000000	100	100	0	0.997790
1526000	0.2000000000	0.0001000000	0.0010000000	100	100	0	0.997826
1527000	0.2000000000	0.0001000000	0.0010000000	100	100	0	0.997826
1528000	0.2000000000	0.0001000000	0.0010000000	100	100	0	0.997819
1529000	0.2000000000	0.0001000000	0.0010000000	100	100	0	0.997817
1530000	0.2000000000	0.0001000000	0.0010000000	100	100	0	0.997789
1531000	0.2000000000	0.0001000000	0.0010000000	100	100	0	0.997789
1532000	0.2000000000	0.0001000000	0.0010000000	100	100	0	0.997826
1533000	0.2000000000	0.0001000000	0.0010000000	100	100	0	0.997826
1534000	0.2000000000	0.0001000000	0.0010000000	100	100	0	0.997830
1535000	0.2000000000	0.0001000000	0.0010000000	100	100	0	0.997826
1536000	0.2000000000	0.0001000000	0.0010000000	100	100	0	0.997768
1537000	0.2000000000	0.0001000000	0.0010000000	100	100	0	0.997698
1538000	0.2000000000	0.0001000000	0.0010000000	100	100	0	0.997680
1539000	0.2000000000	0.0001000000	0.0010000000	100	100	0	0.997679
1540000	0.2000000000	0.0001000000	0.0010000000	100	100	0	0.997669
1541000	0.2000000000	0.0001000000	0.0010000000	100	100	0	0.997663
1542000	0.2000000000	0.0001000000	0.0010000000	100	100	0	0.997674
1543000	0.2000000000	0.0001000000	0.0010000000	100	100	0	0.997607
1544000	0.2000000000	0.0001000000	0.0010000000	100	100	0	0.997680
1545000	0.2000000000	0.0001000000	0.0010000000	100	100	0	0.997742
1546000	0.2000000000	0.0001000000	0.0010000000	100	100	0	0.997698
1547000	0.2000000000	0.0001000000	0.0010000000	100	100	0	0.997753
1548000	0.2000000000	0.0001000000	0.0010000000	100	100	0	0.997716
1549000	0.2000000000	0.0001000000	0.0010000000	100	100	0	0.997753
1550000	0.2000000000	0.0001000000	0.0010000000	100	100	0	0.997761
1551000	0.2000000000	0.0001000000	0.0010000000	100	100	0	0.997754
1552000	0.2000000000	0.0001000000	0.0010000000	100	100	0	0.997740
1553000	0.2000000000	0.0001000000	0.0010000000	100	100	0	0.997716
1554000	0.2000000000	0.0001000000	0.0010000000	100	100	0	0.997680
1555000	0.2000000000	0.0001000000	0.0010000000	100	100	0	0.997680
1556000	0.2000000000	0.0001000000	0.0010000000	100	100	0	0.997676
1557000	0.2000000000	0.0001000000	0.0010000000	100	100	0	0.997675
1558000	0.2000000000	0.0001000000	0.0010000000	100	100	0	0.997680
1559000	0.2000000000	0.0001000000	0.0010000000	100	100	0	0.997680
1560000	0.2000000000	0.0001000000	0.0010000000	100	100	0	0.997719
1561000	0.2000000000	0.0001000000	0.0010000000	100	100	0	0.997719
1562000	0.2000000000	0.0001000000	0.0010000000	100	100	0	0.997638
1563000	0.2000000000	0.0001000000	0.0010000000	100	100	0	0.997618
1564000	0.2000000000	0.0001000000	0.0010000000	100	100	0	0.997652
1565000	0.2000000000	0.0001000000	0.0010000000	100	100	0	0.997639
1566000	0.2000000000	0.0001000000	0.0010000000	100	100	0	0.997641
1567000	0.2000000000	0.0001000000	0.0010000000	100	100	0	0.997643
1568000	0.2000000000	0.0001000000	0.0010000000	100	100	0	0.997615
1569000	0.2000000000	0.0001000000	0.0010000000	100	100	0	0.997676
1570000	0.2000000000	0.0001000000	0.0010000000	100	100	0	0.997675
1571000	0.2000000000	0.0001000000	0.0010000000	100	100	0	0.997607
1572000	0.2000000000	0.0001000000	0.0010000000	100	100	0	0.997605
1573000	0.2000000000	0.0001000000	0.0010000000	100	100	0	0.997620
1574000	0.2000000000	0.0001000000	0.0010000000	100	100	0	0.997643
1575000	0.2000000000	0.0001000000	0.0010000000	100	100	0	0.997643
1576000	0.2000000000	0.0001000000	0.0010000000	100	100	0	0.997716
1577000	0.2000000000	0.0001000000	0.0010000000	100	100	0	0.997716
1578000	0.2000000000	0.0001000000	0.0010000000	100	100	0	0.997716
1579000	0.2000000000	0.0001000000	0.0010000000	100	100	0	0.997691
1580000	0.2000000000	0.0001000000	0.0010000000	100	100	0	0.997726
1581000	0.2000000000	0.0001000000	0.0010000000	100	100	0	0.997753
1582000	0.2000000000	0.0001000000	0.0010000000	100	100	0	0.997752
1583000	0.2000000000	0.0001000000	0.0010000000	100	100	0	0.997826
1584000	0.2000000000	0.0001000000	0.0010000000	100	100	0	0.997826
1585000	0.2000000000	0.0001000000	0.0010000000	100	100	0	0.997826
1586000	0.2000000000	0.0001000000	0.0010000000	100	100	0	0.997860
1587000	0.2000000000	0.0001000000	0.0010000000	100	100	0	0.997901
1588000	0.2000000000	0.0001000000	0.0010000000	100	100	0	0.997901
1589000	0.2000000000	0.0001000000	0.0010000000	100	100	0	0.997827
1590000	0.2000000000	0.0001000000	0.0010000000	100	100	0	0.997826
1591000	0.2000000000	0.0001000000	0.0010000000	100	100	0	0.997736
1592000	0.2000000000	0.0001000000	0.0010000000	100	100	0	0.997680
1593000	0.2000000000	0.0001000000	0.0010000000	100	100	0	0.997679
1594000	0.2000000000	0.0001000000	0.0010000000	100	100	0	0.997671
1595000	0.2000000000	0.0001000000	0.0010000000	100	100	0	0.997685
1596000	0.2000000000	0.0001000000	0.0010000000	100	100	0	0.997680
1597000	0.2000000000	0.0001000000	0.0010000000	100	100	0	0.997753
1598000	0.2000000000	0.0001000000	0.0010000000	100	100	0	0.997712
1599000	0.2000000000	0.0001000000	0.0010000000	100	100	0	0.997643
1600000	0.2000000000	0.0001000000	0.0010000000	100	100	0	0.997683
1601000	0.2000000000	0.0001000000	0.0010000000	100	100	0	0.997680
1602000	0.2000000000	0.0001000000	0.0010000000	100	100	0	0.997753
1603000	0.2000000000	0.0001000000	0.0010000000	100	100	0	0.997718
1604000	0.2000000000	0.0001000000	0.0010000000	100	100	0	0.997786
1605000	0.2000000000	0.0001000000	0.0010000000	100	100	0	0.997794
1606000	0.2000000000	0.0001000000	0.0010000000	100	100	0	0.997770
1607000	0.2000000000	0.0001000000	0.0010000000	100	100	0	0.997799
1608000	0.2000000000	0.0001000000	0.0010000000	100	100	0	0.997727
1609000	0.2000000000	0.0001000000	0.0010000000	100	100	0	0.997789
1610000	0.2000000000	0.0001000000	0.0010000000	100	100	0	0.997753
1611000	0.2000000000	0.0001000000	0.0010000000	100	100	0	0.997750
1612000	0.2000000000	0.0001000000	0.0010000000	100	100	0	0.997755
1613000	0.2000000000	0.0001000000	0.0010000000	100	100	0	0.997790
1614000	0.2000000000	0.0001000000	0.0010000000	100	100	0	0.997786
1615000	0.2000000000	0.0001000000	0.0010000000	100	100	0	0.997789
1616000	0.2000000000	0.0001000000	0.0010000000	100	100	0	0.997795
1617000	0.2000000000	0.0001000000	0.0010000000	100	100	0	0.997791
1618000	0.2000000000	0.0001000000	0.0010000000	100	100	0	0.997788
1619000	0.2000000000	0.0001000000	0.0010000000	100	100	0	0.997805
1620000	0.2000000000	0.0001000000	0.0010000000	100	100	0	0.997803
1621000	0.2000000000	0.0001000000	0.0010000000	100	100	0	0.997823
1622000	0.2000000000	0.0001000000	0.0010000000	100	100	0	0.997863
1623000	0.2000000000	0.0001000000	0.0010000000	100	100	0	0.997815
1624000	0.2000000000	0.0001000000	0.0010000000	100	100	0	0.997752
1625000	0.2000000000	0.0001000000	0.0010000000	100	100	0	0.997827
1626000	0.2000000000	0.0001000000	0.0010000000	100	100	0	0.997858
1627000	0.2000000000	0.0001000000	0.0010000000	100	100	0	0.997863
1628000	0.2000000000	0.0001000000	0.0010000000	100	100	0	0.997863
1629000	0.2000000000	0.0001000000	0.0010000000	100	100	0	0.997857
1630000	0.2000000000	0.0001000000	0.0010000000	100	100	0	0.997945
1631000	0.2000000000	0.0001000000	0.0010000000	100	100	0	0.997975
1632000	0.2000000000	0.0001000000	0.0010000000	100	100	0	0.997962
1633000	0.2000000000	0.0001000000	0.0010000000	100	100	0	0.997971
1634000	0.2000000000	0.0001000000	0.0010000000	100	100	0	0.997978
1635000	0.2000000000	0.0001000000	0.0010000000	100	100	0	0.997976
1636000	0.2000000000	0.0001000000	0.0010000000	100	100	0	0.997939
1637000	0.2000000000	0.0001000000	0.0010000000	100	100	0	0.997943
1638000	0.2000000000	0.0001000000	0.0010000000	100	100	0	0.997967
1639000	0.2000000000	0.0001000000	0.0010000000	100	100	0	0.997901
1640000	0.2000000000	0.0001000000	0.0010000000	100	100	0	0.997876
1641000	0.2000000000	0.0001000000	0.0010000000	100	100	0	0.997901
1642000	0.2000000000	0.0001000000	0.0010000000	100	100	0	0.997939
1643000	0.2000000000	0.0001000000	0.0010000000	100	100	0	0.997931
1644000	0.2000000000	0.0001000000	0.0010000000	100	100	0	0.997901
1645000	0.2000000000	0.0001000000	0.0010000000	100	100	0	0.997901
1646000	0.2000000000	0.0001000000	0.0010000000	100	100	0	0.997901
1647000	0.2000000000	0.0001000000	0.0010000000	100	100	0	0.997938
1648000	0.2000000000	0.0001000000	0.0010000000	100	100	0	0.997889
1649000	0.2000000000	0.0001000000	0.0010000000	100	100	0	0.997901
1650000	0.2000000000	0.0001000000	0.0010000000	100	100	0	0.997863
1651000	0.2000000000	0.0001000000	0.0010000000	100	100	0	0.997864
1652000	0.2000000000	0.0001000000	0.0010000000	100	100	0	0.997901
1653000	0.2000000000	0.0001000000	0.0010000000	100	100	0	0.997901
1654000	0.2000000000	0.0001000000	0.0010000000	100	100	0	0.997863
1655000	0.2000000000	0.0001000000	0.0010000000	100	100	0	0.997899
1656000	0.2000000000	0.0001000000	0.0010000000	100	100	0	0.997826
1657000	0.2000000000	0.0001000000	0.0010000000	100	100	0	0.997790
1658000	0.2000000000	0.0001000000	0.0010000000	100	100	0	0.997752
1659000	0.2000000000	0.0001000000	0.0010000000	100	100	0	0.997750
1660000	0.2000000000	0.0001000000	0.0010000000	100	100	0	0.997764
1661000	0.2000000000	0.0001000000	0.0010000000	100	100	0	0.997793
1662000	0.2000000000	0.0001000000	0.0010000000	100	100	0	0.997755
1663000	0.2000000000	0.0001000000	0.0010000000	100	100	0	0.997753
1664000	0.2000000000	0.0001000000	0.0010000000	100	100	0	0.997790
1665000	0.2000000000	0.0001000000	0.0010000000	100	100	0	0.997789
1666000	0.2000000000	0.0001000000	0.0010000000	100	100	0	0.997814
1667000	0.2000000000	0.0001000000	0.0010000000	100	100	0	0.997752
1668000	0.2000000000	0.0001000000	0.0010000000	100	100	0	0.997724
1669000	0.2000000000	0.0001000000	0.0010000000	100	100	0	0.997643
1670000	0.2000000000	0.0001000000	0.0010000000	100	100	0	0.997689
1671000	0.2000000000	0.0001000000	0.0010000000	100	100	0	0.997753
1672000	0.2000000000	0.0001000000	0.0010000000	100	100	0	0.997753
1673000	0.2000000000	0.0001000000	0.0010000000	100	100	0	0.997715
1674000	0.2000000000	0.0001000000	0.0010000000	100	100	0	0.997716
1675000	0.2000000000	0.0001000000	0.0010000000	100	100	0	0.997659
1676000	0.2000000000	0.0001000000	0.0010000000	100	100	0	0.997641
1677000	0.2000000000	0.0001000000	0.0010000000	100	100	0	0.997643
1678000	0.2000000000	0.0001000000	0.0010000000	100	100	0	0.997643
1679000	0.2000000000	0.0001000000	0.0010000000	100	100	0	0.997734
1680000	0.2000000000	0.0001000000	0.0010000000	100	100	0	0.997753
1681000	0.2000000000	0.0001000000	0.0010000000	100	100	0	0.997716
1682000	0.2000000000	0.0001000000	0.0010000000	100	100	0	0.997752
1683000	0.2000000000	0.0001000000	0.0010000000	100	100	0	0.997716
1684000	0.2000000000	0.0001000000	0.0010000000	100	100	0	0.997679
1685000	0.2000000000	0.0001000000	0.0010000000	100	100	0	0.997715
1686000	0.2000000000	0.0001000000	0.0010000000	100	100	0	0.997680
1687000	0.2000000000	0.0001000000	0.0010000000	100	100	0	0.997679
1688000	0.2000000000	0.0001000000	0.0010000000	100	100	0	0.997665
1689000	0.2000000000	0.0001000000	0.0010000000	100	100	0	0.997716
1690000	0.2000000000	0.0001000000	0.0010000000	100	100	0	0.997748
1691000	0.2000000000	0.0001000000	0.0010000000	100	100	0	0.997770
1692000	0.2000000000	0.0001000000	0.0010000000	100	100	0	0.997711
1693000	0.2000000000	0.0001000000	0.0010000000	100	100	0	0.997764
1694000	0.2000000000	0.0001000000	0.0010000000	100	100	0	0.997787
1695000	0.2000000000	0.0001000000	0.0010000000	100	100	0	0.997786
1696000	0.2000000000	0.0001000000	0.0010000000	100	100	0	0.997789
1697000	0.2000000000	0.0001000000	0.0010000000	100	100	0	0.997753
1698000	0.2000000000	0.0001000000	0.0010000000	100	100	0	0.997725
1699000	0.2000000000	0.0001000000	0.0010000000	100	100	0	0.997751
1700000	0.2000000000	0.0001000000	0.0010000000	100	100	0	0.997789
1701000	0.2000000000	0.0001000000	0.0010000000	100	100	0	0.997753
1702000	0.2000000000	0.0001000000	0.0010000000	100	100	0	0.997750
1703000	0.2000000000	0.0001000000	0.0010000000	100	100	0	0.997643
1704000	0.2000000000	0.0001000000	0.0010000000	100	100	0	0.997661
1705000	0.2000000000	0.0001000000	0.0010000000	100	100	0	0.997650
1706000	0.2000000000	0.0001000000	0.0010000000	100	100	0	0.997680
1707000	0.2000000000	0.0001000000	0.0010000000	100	100	0	0.997716
1708000	0.2000000000	0.0001000000	0.0010000000	100	100	0	0.997680
1709000	0.2000000000	0.0001000000	0.0010000000	100	100	0	0.997643
1710000	0.2000000000	0.0001000000	0.0010000000	100	100	0	0.997643
1711000	0.2000000000	0.0001000000	0.0010000000	100	100	0	0.997643
1712000	0.2000000000	0.0001000000	0.0010000000	100	100	0	0.997646
1713000	0.2000000000	0.0001000000	0.0010000000	100	100	0	0.997634
1714000	0.2000000000	0.0001000000	0.0010000000	100	100	0	0.997683
1715000	0.2000000000	0.0001000000	0.0010000000	100	100	0	0.997759
1716000	0.2000000000	0.0001000000	0.0010000000	100	100	0	0.997680
1717000	0.2000000000	0.0001000000	0.0010000000	100	100	0	0.997718
1718000	0.2000000000	0.0001000000	0.0010000000	100	100	0	0.997732
1719000	0.2000000000	0.0001000000	0.0010000000	100	100	0	0.997680
1720000	0.2000000000	0.0001000000	0.0010000000	100	100	0	0.997715
1721000	0.2000000000	0.0001000000	0.0010000000	100	100	0	0.997705
1722000	0.2000000000	0.0001000000	0.0010000000	100	100	0	0.997639
1723000	0.2000000000	0.0001000000	0.0010000000	100	100	0	0.997643
1724000	0.2000000000	0.0001000000	0.0010000000	100	100	0	0.997643
1725000	0.2000000000	0.0001000000	0.0010000000	100	100	0	0.997643
1726000	0.2000000000	0.0001000000	0.0010000000	100	100	0	0.997725
1727000	0.2000000000	0.0001000000	0.0010000000	100	100	0	0.997680
1728000	0.2000000000	0.0001000000	0.0010000000	100	100	0	0.997635
1729000	0.2000000000	0.0001000000	0.0010000000	100	100	0	0.997642
1730000	0.2000000000	0.0001000000	0.0010000000	100	100	0	0.997672
1731000	0.2000000000	0.0001000000	0.0010000000	100	100	0	0.997698
1732000	0.2000000000	0.0001000000	0.0010000000	100	100	0	0.997714
1733000	0.2000000000	0.0001000000	0.0010000000	100	100	0	0.997714
1734000	0.2000000000	0.0001000000	0.0010000000	100	100	0	0.997716
1735000	0.2000000000	0.0001000000	0.0010000000	100	100	0	0.997716
1736000	0.2000000000	0.0001000000	0.0010000000	100	100	0	0.997678
1737000	0.2000000000	0.0001000000	0.0010000000	100	100	0	0.997752
1738000	0.2000000000	0.0001000000	0.0010000000	100	100	0	0.997716
1739000	0.2000000000	0.0001000000	0.0010000000	100	100	0	0.997716
1740000	0.2000000000	0.0001000000	0.0010000000	100	100	0	0.997716
1741000	0.2000000000	0.0001000000	0.0010000000	100	100	0	0.997716
1742000	0.2000000000	0.0001000000	0.0010000000	100	100	0	0.997732
1743000	0.2000000000	0.0001000000	0.0010000000	100	100	0	0.997680
1744000	0.2000000000	0.0001000000	0.0010000000	100	100	0	0.997644
1745000	0.2000000000	0.0001000000	0.0010000000	100	100	0	0.997681
1746000	0.2000000000	0.0001000000	0.0010000000	100	100	0	0.997699
1747000	0.2000000000	0.0001000000	0.0010000000	100	100	0	0.997716
1748000	0.2000000000	0.0001000000	0.0010000000	100	100	0	0.997753
1749000	0.2000000000	0.0001000000	0.0010000000	100	100	0	0.997755
1750000	0.2000000000	0.0001000000	0.0010000000	100	100	0	0.997715
1751000	0.2000000000	0.0001000000	0.0010000000	100	100	0	0.997723
1752000	0.2000000000	0.0001000000	0.0010000000	100	100	0	0.997756
1753000	0.2000000000	0.0001000000	0.0010000000	100	100	0	0.997753
1754000	0.2000000000	0.0001000000	0.0010000000	100	100	0	0.997716
1755000	0.2000000000	0.0001000000	0.0010000000	100	100	0	0.997731
1756000	0.2000000000	0.0001000000	0.0010000000	100	100	0	0.997713
1757000	0.2000000000	0.0001000000	0.0010000000	100	100	0	0.997690
1758000	0.2000000000	0.0001000000	0.0010000000	100	100	0	0.997716
1759000	0.2000000000	0.0001000000	0.0010000000	100	100	0	0.997716
1760000	0.2000000000	0.0001000000	0.0010000000	100	100	0	0.997714
1761000	0.2000000000	0.0001000000	0.0010000000	100	100	0	0.997716
1762000	0.2000000000	0.0001000000	0.0010000000	100	100	0	0.997720
1763000	0.2000000000	0.0001000000	0.0010000000	100	100	0	0.997757
1764000	0.2000000000	0.0001000000	0.0010000000	100	100	0	0.997755
1765000	0.2000000000	0.0001000000	0.0010000000	100	100	0	0.997753
1766000	0.2000000000	0.0001000000	0.0010000000	100	100	0	0.997753
1767000	0.2000000000	0.0001000000	0.0010000000	100	100	0	0.997749
1768000	0.2000000000	0.0001000000	0.0010000000	100	100	0	0.997750
1769000	0.2000000000	0.0001000000	0.0010000000	100	100	0	0.997752
1770000	0.2000000000	0.0001000000	0.0010000000	100	100	0	0.997802
1771000	0.2000000000	0.0001000000	0.0010000000	100	100	0	0.997789
1772000	0.2000000000	0.0001000000	0.0010000000	100	100	0	0.997789
1773000	0.2000000000	0.0001000000	0.0010000000	100	100	0	0.997789
1774000	0.2000000000	0.0001000000	0.0010000000	100	100	0	0.997863
1775000	0.2000000000	0.0001000000	0.0010000000	100	100	0	0.997937
1776000	0.2000000000	0.0001000000	0.0010000000	100	100	0	0.997937
1777000	0.2000000000	0.0001000000	0.0010000000	100	100	0	0.997934
1778000	0.2000000000	0.0001000000	0.0010000000	100	100	0	0.998013
1779000	0.2000000000	0.0001000000	0.0010000000	100	100	0	0.998014
1780000	0.2000000000	0.0001000000	0.0010000000	100	100	0	0.998048
1781000	0.2000000000	0.0001000000	0.0010000000	100	100	0	0.998084
1782000	0.2000000000	0.0001000000	0.0010000000	100	100	0	0.998089
1783000	0.2000000000	0.0001000000	0.0010000000	100	100	0	0.998089
1784000	0.2000000000	0.0001000000	0.0010000000	100	100	0	0.998051
1785000	0.2000000000	0.0001000000	0.0010000000	100	100	0	0.998046
1786000	0.2000000000	0.0001000000	0.0010000000	100	100	0	0.998051
1787000	0.2000000000	0.0001000000	0.0010000000	100	100	0	0.998072
1788000	0.2000000000	0.0001000000	0.0010000000	100	100	0	0.998117
1789000	0.2000000000	0.0001000000	0.0010000000	100	100	0	0.998119
1790000	0.2000000000	0.0001000000	0.0010000000	100	100	0	0.998060
1791000	0.2000000000	0.0001000000	0.0010000000	100	100	0	0.998070
1792000	0.2000000000	0.0001000000	0.0010000000	100	100	0	0.998064
1793000	0.2000000000	0.0001000000	0.0010000000	100	100	0	0.998042
1794000	0.2000000000	0.0001000000	0.0010000000	100	100	0	0.997967
1795000	0.2000000000	0.0001000000	0.0010000000	100	100	0	0.997941
1796000	0.2000000000	0.0001000000	0.0010000000	100	100	0	0.997938
1797000	0.2000000000	0.0001000000	0.0010000000	100	100	0	0.997976
1798000	0.2000000000	0.0001000000	0.0010000000	100	100	0	0.997976
1799000	0.2000000000	0.0001000000	0.0010000000	100	100	0	0.998014
1800000	0.2000000000	0.0001000000	0.0010000000	100	100	0	0.997975
1801000	0.2000000000	0.0001000000	0.0010000000	100	100	0	0.998013
1802000	0.2000000000	0.0001000000	0.0010000000	100	100	0	0.997903
1803000	0.2000000000	0.0001000000	0.0010000000	100	100	0	0.997864
1804000	0.2000000000	0.0001000000	0.0010000000	100	100	0	0.997789
1805000	0.2000000000	0.0001000000	0.0010000000	100	100	0	0.997868
1806000	0.2000000000	0.0001000000	0.0010000000	100	100	0	0.997863
1807000	0.2000000000	0.0001000000	0.0010000000	100	100	0	0.997828
1808000	0.2000000000	0.0001000000	0.0010000000	100	100	0	0.997773
1809000	0.2000000000	0.0001000000	0.0010000000	100	100	0	0.997716
1810000	0.2000000000	0.0001000000	0.0010000000	100	100	0	0.997734
1811000	0.2000000000	0.0001000000	0.0010000000	100	100	0	0.997788
1812000	0.2000000000	0.0001000000	0.0010000000	100	100	0	0.997755
1813000	0.2000000000	0.0001000000	0.0010000000	100	100	0	0.997722
1814000	0.2000000000	0.0001000000	0.0010000000	100	100	0	0.997753
1815000	0.2000000000	0.0001000000	0.0010000000	100	100	0	0.997716
1816000	0.2000000000	0.0001000000	0.0010000000	100	100	0	0.997681
1817000	0.2000000000	0.0001000000	0.0010000000	100	100	0	0.997680
1818000	0.2000000000	0.0001000000	0.0010000000	100	100	0	0.997614
1819000	0.2000000000	0.0001000000	0.0010000000	100	100	0	0.997612
1820000	0.2000000000	0.0001000000	0.0010000000	100	100	0	0.997611
1821000	0.2000000000	0.0001000000	0.0010000000	100	100	0	0.997571
1822000	0.2000000000	0.0001000000	0.0010000000	100	100	0	0.997572
1823000	0.2000000000	0.0001000000	0.0010000000	100	100	0	0.997571
1824000	0.2000000000	0.0001000000	0.0010000000	100	100	0	0.997545
1825000	0.2000000000	0.0001000000	0.0010000000	100	100	0	0.997543
1826000	0.2000000000	0.0001000000	0.0010000000	100	100	0	0.997500
1827000	0.2000000000	0.0001000000	0.0010000000	100	100	0	0.997500
1828000	0.2000000000	0.0001000000	0.0010000000	100	100	0	0.997535
1829000	0.2000000000	0.0001000000	0.0010000000	100	100	0	0.997533
1830000	0.2000000000	0.0001000000	0.0010000000	100	100	0	0.997535
1831000	0.2000000000	0.0001000000	0.0010000000	100	100	0	0.997536
1832000	0.2000000000	0.0001000000	0.0010000000	100	100	0	0.997513
1833000	0.2000000000	0.0001000000	0.0010000000	100	100	0	0.997462
1834000	0.2000000000	0.0001000000	0.0010000000	100	100	0	0.997464
1835000	0.2000000000	0.0001000000	0.0010000000	100	100	0	0.997443
1836000	0.2000000000	0.0001000000	0.0010000000	100	100	0	0.997485
1837000	0.2000000000	0.0001000000	0.0010000000	100	100	0	0.997485
1838000	0.2000000000	0.0001000000	0.0010000000	100	100	0	0.997500
1839000	0.2000000000	0.0001000000	0.0010000000	100	100	0	0.997464
1840000	0.2000000000	0.0001000000	0.0010000000	100	100	0	0.997504
1841000	0.2000000000	0.0001000000	0.0010000000	100	100	0	0.997500
1842000	0.2000000000	0.0001000000	0.0010000000	100	100	0	0.997481
1843000	0.2000000000	0.0001000000	0.0010000000	100	100	0	0.997536
1844000	0.2000000000	0.0001000000	0.0010000000	100	100	0	0.997501
1845000	0.2000000000	0.0001000000	0.0010000000	100	100	0	0.997464
1846000	0.2000000000	0.0001000000	0.0010000000	100	100	0	0.997464
1847000	0.2000000000	0.0001000000	0.0010000000	100	100	0	0.997466
1848000	0.2000000000	0.0001000000	0.0010000000	100	100	0	0.997465
1849000	0.2000000000	0.0001000000	0.0010000000	100	100	0	0.997493
1850000	0.2000000000	0.0001000000	0.0010000000	100	100	0	0.997500
1851000	0.2000000000	0.0001000000	0.0010000000	100	100	0	0.997534
1852000	0.2000000000	0.0001000000	0.0010000000	100	100	0	0.997571
1853000	0.2000000000	0.0001000000	0.0010000000	100	100	0	0.997571
1854000	0.2000000000	0.0001000000	0.0010000000	100	100	0	0.997574
1855000	0.2000000000	0.0001000000	0.0010000000	100	100	0	0.997571
1856000	0.2000000000	0.0001000000	0.0010000000	100	100	0	0.997536
1857000	0.2000000000	0.0001000000	0.0010000000	100	100	0	0.997539
1858000	0.2000000000	0.0001000000	0.0010000000	100	100	0	0.997489
1859000	0.2000000000	0.0001000000	0.0010000000	100	100	0	0.997516
1860000	0.2000000000	0.0001000000	0.0010000000	100	100	0	0.997541
1861000	0.2000000000	0.0001000000	0.0010000000	100	100	0	0.997571
1862000	0.2000000000	0.0001000000	0.0010000000	100	100	0	0.997642
1863000	0.2000000000	0.0001000000	0.0010000000	100	100	0	0.997643
1864000	0.2000000000	0.0001000000	0.0010000000	100	100	0	0.997644
1865000	0.2000000000	0.0001000000	0.0010000000	100	100	0	0.997644
1866000	0.2000000000	0.0001000000	0.0010000000	100	100	0	0.997666
1867000	0.2000000000	0.0001000000	0.0010000000	100	100	0	0.997643
1868000	0.2000000000	0.0001000000	0.0010000000	100	100	0	0.997680
1869000	0.2000000000	0.0001000000	0.0010000000	100	100	0	0.997680
1870000	0.2000000000	0.0001000000	0.0010000000	100	100	0	0.997643
1871000	0.2000000000	0.0001000000	0.0010000000	100	100	0	0.997607
1872000	0.2000000000	0.0001000000	0.0010000000	100	100	0	0.997536
1873000	0.2000000000	0.0001000000	0.0010000000	100	100	0	0.997547
1874000	0.2000000000	0.0001000000	0.0010000000	100	100	0	0.997607
1875000	0.2000000000	0.0001000000	0.0010000000	100	100	0	0.997607
1876000	0.2000000000	0.0001000000	0.0010000000	100	100	0	0.997571
1877000	0.2000000000	0.0001000000	0.0010000000	100	100	0	0.997596
1878000	0.2000000000	0.0001000000	0.0010000000	100	100	0	0.997643
1879000	0.2000000000	0.0001000000	0.0010000000	100	100	0	0.997660
1880000	0.2000000000	0.0001000000	0.0010000000	100	100	0	0.997631
1881000	0.2000000000	0.0001000000	0.0010000000	100	100	0	0.997657
1882000	0.2000000000	0.0001000000	0.0010000000	100	100	0	0.997677
1883000	0.2000000000	0.0001000000	0.0010000000	100	100	0	0.997607
1884000	0.2000000000	0.0001000000	0.0010000000	100	100	0	0.997569
1885000	0.2000000000	0.0001000000	0.0010000000	100	100	0	0.997571
1886000	0.2000000000	0.0001000000	0.0010000000	100	100	0	0.997571
1887000	0.2000000000	0.0001000000	0.0010000000	100	100	0	0.997687
1888000	0.2000000000	0.0001000000	0.0010000000	100	100	0	0.997679
1889000	0.2000000000	0.0001000000	0.0010000000	100	100	0	0.997680
1890000	0.2000000000	0.0001000000	0.0010000000	100	100	0	0.997660
1891000	0.2000000000	0.0001000000	0.0010000000	100	100	0	0.997609
1892000	0.2000000000	0.0001000000	0.0010000000	100	100	0	0.997617
1893000	0.2000000000	0.0001000000	0.0010000000	100	100	0	0.997611
1894000	0.2000000000	0.0001000000	0.0010000000	100	100	0	0.997607
1895000	0.2000000000	0.0001000000	0.0010000000	100	100	0	0.997607
1896000	0.2000000000	0.0001000000	0.0010000000	100	100	0	0.997607
1897000	0.2000000000	0.0001000000	0.0010000000	100	100	0	0.997607
1898000	0.2000000000	0.0001000000	0.0010000000	100	100	0	0.997589
1899000	0.2000000000	0.0001000000	0.0010000000	100	100	0	0.997607
1900000	0.2000000000	0.0001000000	0.0010000000	100	100	0	0.997607
1901000	0.2000000000	0.0001000000	0.0010000000	100	100	0	0.997669
1902000	0.2000000000	0.0001000000	0.0010000000	100	100	0	0.997714
1903000	0.2000000000	0.0001000000	0.0010000000	100	100	0	0.997682
1904000	0.2000000000	0.0001000000	0.0010000000	100	100	0	0.997716
1905000	0.2000000000	0.0001000000	0.0010000000	100	100	0	0.997717
1906000	0.2000000000	0.0001000000	0.0010000000	100	100	0	0.997643
1907000	0.2000000000	0.0001000000	0.0010000000	100	100	0	0.997627
1908000	0.2000000000	0.0001000000	0.0010000000	100	100	0	0.997607
1909000	0.2000000000	0.0001000000	0.0010000000	100	100	0	0.997650
1910000	0.2000000000	0.0001000000	0.0010000000	100	100	0	0.997668
1911000	0.2000000000	0.0001000000	0.0010000000	100	100	0	0.997710
1912000	0.2000000000	0.0001000000	0.0010000000	100	100	0	0.997753
1913000	0.2000000000	0.0001000000	0.0010000000	100	100	0	0.997680
1914000	0.2000000000	0.0001000000	0.0010000000	100	100	0	0.997637
1915000	0.2000000000	0.0001000000	0.0010000000	100	100	0	0.997608
1916000	0.2000000000	0.0001000000	0.0010000000	100	100	0	0.997607
1917000	0.2000000000	0.0001000000	0.0010000000	100	100	0	0.997566
1918000	0.2000000000	0.0001000000	0.0010000000	100	100	0	0.997464
1919000	0.2000000000	0.0001000000	0.0010000000	100	100	0	0.997449
1920000	0.2000000000	0.0001000000	0.0010000000	100	100	0	0.997464
1921000	0.2000000000	0.0001000000	0.0010000000	100	100	0	0.997429
1922000	0.2000000000	0.0001000000	0.0010000000	100	100	0	0.997383
1923000	0.2000000000	0.0001000000	0.0010000000	100	100	0	0.997323
1924000	0.2000000000	0.0001000000	0.0010000000	100	100	0	0.997303
1925000	0.2000000000	0.0001000000	0.0010000000	100	100	0	0.997324
1926000	0.2000000000	0.0001000000	0.0010000000	100	100	0	0.997372
1927000	0.2000000000	0.0001000000	0.0010000000	100	100	0	0.997393
1928000	0.2000000000	0.0001000000	0.0010000000	100	100	0	0.997366
1929000	0.2000000000	0.0001000000	0.0010000000	100	100	0	0.997429
1930000	0.2000000000	0.0001000000	0.0010000000	100	100	0	0.997429
1931000	0.2000000000	0.0001000000	0.0010000000	100	100	0	0.997406
1932000	0.2000000000	0.0001000000	0.0010000000	100	100	0	0.997428
1933000	0.2000000000	0.0001000000	0.0010000000	100	100	0	0.997429
1934000	0.2000000000	0.0001000000	0.0010000000	100	100	0	0.997415
1935000	0.2000000000	0.0001000000	0.0010000000	100	100	0	0.997392
1936000	0.2000000000	0.0001000000	0.0010000000	100	100	0	0.997393
1937000	0.2000000000	0.0001000000	0.0010000000	100	100	0	0.997393
1938000	0.2000000000	0.0001000000	0.0010000000	100	100	0	0.997358
1939000	0.2000000000	0.0001000000	0.0010000000	100	100	0	0.997464
1940000	0.2000000000	0.0001000000	0.0010000000	100	100	0	0.997429
1941000	0.2000000000	0.0001000000	0.0010000000	100	100	0	0.997429
1942000	0.2000000000	0.0001000000	0.0010000000	100	100	0	0.997466
1943000	0.2000000000	0.0001000000	0.0010000000	100	100	0	0.997500
1944000	0.2000000000	0.0001000000	0.0010000000	100	100	0	0.997464
1945000	0.2000000000	0.0001000000	0.0010000000	100	100	0	0.997471
1946000	0.2000000000	0.0001000000	0.0010000000	100	100	0	0.997500
1947000	0.2000000000	0.0001000000	0.0010000000	100	100	0	0.997535
1948000	0.2000000000	0.0001000000	0.0010000000	100	100	0	0.997535
1949000	0.2000000000	0.0001000000	0.0010000000	100	100	0	0.997538
1950000	0.2000000000	0.0001000000	0.0010000000	100	100	0	0.997535
1951000	0.2000000000	0.0001000000	0.0010000000	100	100	0	0.997536
1952000	0.2000000000	0.0001000000	0.0010000000	100	100	0	0.997536
1953000	0.2000000000	0.0001000000	0.0010000000	100	100	0	0.997535
1954000	0.2000000000	0.0001000000	0.0010000000	100	100	0	0.997537
1955000	0.2000000000	0.0001000000	0.0010000000	100	100	0	0.997539
1956000	0.2000000000	0.0001000000	0.0010000000	100	100	0	0.997500
1957000	0.2000000000	0.0001000000	0.0010000000	100	100	0	0.997535
1958000	0.2000000000	0.0001000000	0.0010000000	100	100	0	0.997532
1959000	0.2000000000	0.0001000000	0.0010000000	100	100	0	0.997571
1960000	0.2000000000	0.0001000000	0.0010000000	100	100	0	0.997571
1961000	0.2000000000	0.0001000000	0.0010000000	100	100	0	0.997571
1962000	0.2000000000	0.0001000000	0.0010000000	100	100	0	0.997568
1963000	0.2000000000	0.0001000000	0.0010000000	100	100	0	0.997571
1964000	0.2000000000	0.0001000000	0.0010000000	100	100	0	0.997571
1965000	0.2000000000	0.0001000000	0.0010000000	100	100	0	0.997572
1966000	0.2000000000	0.0001000000	0.0010000000	100	100	0	0.997608
1967000	0.2000000000	0.0001000000	0.0010000000	100	100	0	0.997660
1968000	0.2000000000	0.0001000000	0.0010000000	100	100	0	0.997670
1969000	0.2000000000	0.0001000000	0.0010000000	100	100	0	0.997683
1970000	0.2000000000	0.0001000000	0.0010000000	100	100	0	0.997680
1971000	0.2000000000	0.0001000000	0.0010000000	100	100	0	0.997716
1972000	0.2000000000	0.0001000000	0.0010000000	100	100	0	0.997753
1973000	0.2000000000	0.0001000000	0.0010000000	100	100	0	0.997802
1974000	0.2000000000	0.0001000000	0.0010000000	100	100	0	0.997828
1975000	0.2000000000	0.0001000000	0.0010000000	100	100	0	0.997799
1976000	0.2000000000	0.0001000000	0.0010000000	100	100	0	0.997743
1977000	0.2000000000	0.0001000000	0.0010000000	100	100	0	0.997789
1978000	0.2000000000	0.0001000000	0.0010000000	100	100	0	0.997832
1979000	0.2000000000	0.0001000000	0.0010000000	100	100	0	0.997753
1980000	0.2000000000	0.0001000000	0.0010000000	100	100	0	0.997753
1981000	0.2000000000	0.0001000000	0.0010000000	100	100	0	0.997789
1982000	0.2000000000	0.0001000000	0.0010000000	100	100	0	0.997716
1983000	0.2000000000	0.0001000000	0.0010000000	100	100	0	0.997727
1984000	0.2000000000	0.0001000000	0.0010000000	100	100	0	0.997680
1985000	0.2000000000	0.0001000000	0.0010000000	100	100	0	0.997716
1986000	0.2000000000	0.0001000000	0.0010000000	100	100	0	0.997680
1987000	0.2000000000	0.0001000000	0.0010000000	100	100	0	0.997607
1988000	0.2000000000	0.0001000000	0.0010000000	100	100	0	0.997643
1989000	0.2000000000	0.0001000000	0.0010000000	100	100	0	0.997621
1990000	0.2000000000	0.0001000000	0.0010000000	100	100	0	0.997630
1991000	0.2000000000	0.0001000000	0.0010000000	100	100	0	0.997599
1992000	0.2000000000	0.0001000000	0.0010000000	100	100	0	0.997572
1993000	0.2000000000	0.0001000000	0.0010000000	100	100	0	0.997571
1994000	0.2000000000	0.0001000000	0.0010000000	100	100	0	0.997500
1995000	0.2000000000	0.0001000000	0.0010000000	100	100	0	0.997612
1996000	0.2000000000	0.0001000000	0.0010000000	100	100	0	0.997605
1997000	0.2000000000	0.0001000000	0.0010000000	100	100	0	0.997645
1998000	0.2000000000	0.0001000000	0.0010000000	100	100	0	0.997716
1999000	0.2000000000	0.0001000000	0.0010000000	100	100	0	0.997711
2000000	0.2000000000	0.0001000000	0.0010000000	100	100	0	0.997670
2001000	0.2000000000	0.0001000000	0.0010000000	100	100	0	0.997679
2002000	0.2000000000	0.0001000000	0.0010000000	100	100	0	0.997716
2003000	0.2000000000	0.0001000000	0.0010000000	100	100	0	0.997709
2004000	0.2000000000	0.0001000000	0.0010000000	100	100	0	0.997715
2005000	0.2000000000	0.0001000000	0.0010000000	100	100	0	0.997716
2006000	0.2000000000	0.0001000000	0.0010000000	100	100	0	0.997753
2007000	0.2000000000	0.0001000000	0.0010000000	100	100	0	0.997761
2008000	0.2000000000	0.0001000000	0.0010000000	100	100	0	0.997753
2009000	0.2000000000	0.0001000000	0.0010000000	100	100	0	0.997793
2010000	0.2000000000	0.0001000000	0.0010000000	100	100	0	0.997790
2011000	0.2000000000	0.0001000000	0.0010000000	100	100	0	0.997789
2012000	0.2000000000	0.0001000000	0.0010000000	100	100	0	0.997789
2013000	0.2000000000	0.0001000000	0.0010000000	100	100	0	0.997782
2014000	0.2000000000	0.0001000000	0.0010000000	100	100	0	0.997789
2015000	0.2000000000	0.0001000000	0.0010000000	100	100	0	0.997779
2016000	0.2000000000	0.0001000000	0.0010000000	100	100	0	0.997770
2017000	0.2000000000	0.0001000000	0.0010000000	100	100	0	0.997788
2018000	0.2000000000	0.0001000000	0.0010000000	100	100	0	0.997794
2019000	0.2000000000	0.0001000000	0.0010000000	100	100	0	0.997826
2020000	0.2000000000	0.0001000000	0.0010000000	100	100	0	0.997826
2021000	0.2000000000	0.0001000000	0.0010000000	100	100	0	0.997789
2022000	0.2000000000	0.0001000000	0.0010000000	100	100	0	0.997860
2023000	0.2000000000	0.0001000000	0.0010000000	100	100	0	0.997858
2024000	0.2000000000	0.0001000000	0.0010000000	100	100	0	0.997857
2025000	0.2000000000	0.0001000000	0.0010000000	100	100	0	0.997863
2026000	0.2000000000	0.0001000000	0.0010000000	100	100	0	0.997901
2027000	0.2000000000	0.0001000000	0.0010000000	100	100	0	0.997936
2028000	0.2000000000	0.0001000000	0.0010000000	100	100	0	0.997938
2029000	0.2000000000	0.0001000000	0.0010000000	100	100	0	0.997938
2030000	0.2000000000	0.0001000000	0.0010000000	100	100	0	0.997965
2031000	0.2000000000	0.0001000000	0.0010000000	100	100	0	0.997975
2032000	0.2000000000	0.0001000000	0.0010000000	100	100	0	0.997926
2033000	0.2000000000	0.0001000000	0.0010000000	100	100	0	0.997936
2034000	0.2000000000	0.0001000000	0.0010000000	100	100	0	0.997938
2035000	0.2000000000	0.0001000000	0.0010000000	100	100	0	0.997975
2036000	0.2000000000	0.0001000000	0.0010000000	100	100	0	0.997975
2037000	0.2000000000	0.0001000000	0.0010000000	100	100	0	0.997977
2038000	0.2000000000	0.0001000000	0.0010000000	100	100	0	0.997975
2039000	0.2000000000	0.0001000000	0.0010000000	100	100	0	0.997938
2040000	0.2000000000	0.0001000000	0.0010000000	100	100	0	0.997932
2041000	0.2000000000	0.0001000000	0.0010000000	100	100	0	0.997975
2042000	0.2000000000	0.0001000000	0.0010000000	100	100	0	0.997975
2043000	0.2000000000	0.0001000000	0.0010000000	100	100	0	0.997975
2044000	0.2000000000	0.0001000000	0.0010000000	100	100	0	0.997970
2045000	0.2000000000	0.0001000000	0.0010000000	100	100	0	0.997975
2046000	0.2000000000	0.0001000000	0.0010000000	100	100	0	0.997979
2047000	0.2000000000	0.0001000000	0.0010000000	100	100	0	0.997975
2048000	0.2000000000	0.0001000000	0.0010000000	100	100	0	0.997953
2049000	0.2000000000	0.0001000000	0.0010000000	100	100	0	0.998013
2050000	0.2000000000	0.0001000000	0.0010000000	100	100	0	0.998083
2051000	0.2000000000	0.0001000000	0.0010000000	100	100	0	0.998127
2052000	0.2000000000	0.0001000000	0.0010000000	100	100	0	0.998127
2053000	0.2000000000	0.0001000000	0.0010000000	100	100	0	0.998127
2054000	0.2000000000	0.0001000000	0.0010000000	100	100	0	0.998090
2055000	0.2000000000	0.0001000000	0.0010000000	100	100	0	0.998128
2056000	0.2000000000	0.0001000000	0.0010000000	100	100	0	0.998089
2057000	0.2000000000	0.0001000000	0.0010000000	100	100	0	0.998077
2058000	0.2000000000	0.0001000000	0.0010000000	100	100	0	0.998052
2059000	0.2000000000	0.0001000000	0.0010000000	100	100	0	0.997971
2060000	0.2000000000	0.0001000000	0.0010000000	100	100	0	0.997976
2061000	0.2000000000	0.0001000000	0.0010000000	100	100	0	0.997977
2062000	0.2000000000	0.0001000000	0.0010000000	100	100	0	0.997975
2063000	0.2000000000	0.0001000000	0.0010000000	100	100	0	0.997940
2064000	0.2000000000	0.0001000000	0.0010000000	100	100	0	0.997955
2065000	0.2000000000	0.0001000000	0.0010000000	100	100	0	0.997975
2066000	0.2000000000	0.0001000000	0.0010000000	100	100	0	0.998014
2067000	0.2000000000	0.0001000000	0.0010000000	100	100	0	0.997975
2068000	0.2000000000	0.0001000000	0.0010000000	100	100	0	0.997977
2069000	0.2000000000	0.0001000000	0.0010000000	100	100	0	0.997975
2070000	0.2000000000	0.0001000000	0.0010000000	100	100	0	0.997980
2071000	0.2000000000	0.0001000000	0.0010000000	100	100	0	0.998051
2072000	0.2000000000	0.0001000000	0.0010000000	100	100	0	0.998013
2073000	0.2000000000	0.0001000000	0.0010000000	100	100	0	0.998013
2074000	0.2000000000	0.0001000000	0.0010000000	100	100	0	0.998013
2075000	0.2000000000	0.0001000000	0.0010000000	100	100	0	0.998013
2076000	0.2000000000	0.0001000000	0.0010000000	100	100	0	0.998042
2077000	0.2000000000	0.0001000000	0.0010000000	100	100	0	0.998051
2078000	0.2000000000	0.0001000000	0.0010000000	100	100	0	0.998051
2079000	0.2000000000	0.0001000000	0.0010000000	100	100	0	0.998056
2080000	0.2000000000	0.0001000000	0.0010000000	100	100	0	0.998092
2081000	0.2000000000	0.0001000000	0.0010000000	100	100	0	0.998092
2082000	0.2000000000	0.0001000000	0.0010000000	100	100	0	0.998051
2083000	0.2000000000	0.0001000000	0.0010000000	100	100	0	0.998029
2084000	0.2000000000	0.0001000000	0.0010000000	100	100	0	0.998010
2085000	0.2000000000	0.0001000000	0.0010000000	100	100	0	0.998031
2086000	0.2000000000	0.0001000000	0.0010000000	100	100	0	0.998042
2087000	0.2000000000	0.0001000000	0.0010000000	100	100	0	0.998051
2088000	0.2000000000	0.0001000000	0.0010000000	100	100	0	0.997976
2089000	0.2000000000	0.0001000000	0.0010000000	100	100	0	0.997995
2090000	0.2000000000	0.0001000000	0.0010000000	100	100	0	0.998012
2091000	0.2000000000	0.0001000000	0.0010000000	100	100	0	0.998014
2092000	0.2000000000	0.0001000000	0.0010000000	100	100	0	0.998013
2093000	0.2000000000	0.0001000000	0.0010000000	100	100	0	0.997993
2094000	0.2000000000	0.0001000000	0.0010000000	100	100	0	0.997970
2095000	0.2000000000	0.0001000000	0.0010000000	100	100	0	0.997971
2096000	0.2000000000	0.0001000000	0.0010000000	100	100	0	0.997975
2097000	0.2000000000	0.0001000000	0.0010000000	100	100	0	0.997901
2098000	0.2000000000	0.0001000000	0.0010000000	100	100	0	0.997938
2099000	0.2000000000	0.0001000000	0.0010000000	100	100	0	0.997935
2100000	0.2000000000	0.0001000000	0.0010000000	100	100	0	0.997892
2101000	0.2000000000	0.0001000000	0.0010000000	100	100	0	0.997901
2102000	0.2000000000	0.0001000000	0.0010000000	100	100	0	0.997901
2103000	0.2000000000	0.0001000000	0.0010000000	100	100	0	0.997901
2104000	0.2000000000	0.0001000000	0.0010000000	100	100	0	0.997863
2105000	0.2000000000	0.0001000000	0.0010000000	100	100	0	0.997789
2106000	0.2000000000	0.0001000000	0.0010000000	100	100	0	0.997826
2107000	0.2000000000	0.0001000000	0.0010000000	100	100	0	0.997831
2108000	0.2000000000	0.0001000000	0.0010000000	100	100	0	0.997863
2109000	0.2000000000	0.0001000000	0.0010000000	100	100	0	0.997900
2110000	0.2000000000	0.0001000000	0.0010000000	100	100	0	0.997930
2111000	0.2000000000	0.0001000000	0.0010000000	100	100	0	0.997995
2112000	0.2000000000	0.0001000000	0.0010000000	100	100	0	0.997901
2113000	0.2000000000	0.0001000000	0.0010000000	100	100	0	0.997901
2114000	0.2000000000	0.0001000000	0.0010000000	100	100	0	0.997880
2115000	0.2000000000	0.0001000000	0.0010000000	100	100	0	0.997860
2116000	0.2000000000	0.0001000000	0.0010000000	100	100	0	0.997938
2117000	0.2000000000	0.0001000000	0.0010000000	100	100	0	0.997905
2118000	0.2000000000	0.0001000000	0.0010000000	100	100	0	0.997909
2119000	0.2000000000	0.0001000000	0.0010000000	100	100	0	0.997873
2120000	0.2000000000	0.0001000000	0.0010000000	100	100	0	0.997863
2121000	0.2000000000	0.0001000000	0.0010000000	100	100	0	0.997866
2122000	0.2000000000	0.0001000000	0.0010000000	100	100	0	0.997901
2123000	0.2000000000	0.0001000000	0.0010000000	100	100	0	0.997826
2124000	0.2000000000	0.0001000000	0.0010000000	100	100	0	0.997789
2125000	0.2000000000	0.0001000000	0.0010000000	100	100	0	0.997789
2126000	0.2000000000	0.0001000000	0.0010000000	100	100	0	0.997748
2127000	0.2000000000	0.0001000000	0.0010000000	100	100	0	0.997753
2128000	0.2000000000	0.0001000000	0.0010000000	100	100	0	0.997774
2129000	0.2000000000	0.0001000000	0.0010000000	100	100	0	0.997755
2130000	0.2000000000	0.0001000000	0.0010000000	100	100	0	0.997785
2131000	0.2000000000	0.0001000000	0.0010000000	100	100	0	0.997753
2132000	0.2000000000	0.0001000000	0.0010000000	100	100	0	0.997742
2133000	0.2000000000	0.0001000000	0.0010000000	100	100	0	0.997666
2134000	0.2000000000	0.0001000000	0.0010000000	100	100	0	0.997680
2135000	0.2000000000	0.0001000000	0.0010000000	100	100	0	0.997680
2136000	0.2000000000	0.0001000000	0.0010000000	100	100	0	0.997679
2137000	0.2000000000	0.0001000000	0.0010000000	100	100	0	0.997716
2138000	0.2000000000	0.0001000000	0.0010000000	100	100	0	0.997753
2139000	0.2000000000	0.0001000000	0.0010000000	100	100	0	0.997770
2140000	0.2000000000	0.0001000000	0.0010000000	100	100	0	0.997790
2141000	0.2000000000	0.0001000000	0.0010000000	100	100	0	0.997768
2142000	0.2000000000	0.0001000000	0.0010000000	100	100	0	0.997788
2143000	0.2000000000	0.0001000000	0.0010000000	100	100	0	0.997825
2144000	0.2000000000	0.0001000000	0.0010000000	100	100	0	0.997785
2145000	0.2000000000	0.0001000000	0.0010000000	100	100	0	0.997787
2146000	0.2000000000	0.0001000000	0.0010000000	100	100	0	0.997835
2147000	0.2000000000	0.0001000000	0.0010000000	100	100	0	0.997863
2148000	0.2000000000	0.0001000000	0.0010000000	100	100	0	0.997808
2149000	0.2000000000	0.0001000000	0.0010000000	100	100	0	0.997863
2150000	0.2000000000	0.0001000000	0.0010000000	100	100	0	0.997879
2151000	0.2000000000	0.0001000000	0.0010000000	100	100	0	0.997906
2152000	0.2000000000	0.0001000000	0.0010000000	100	100	0	0.997953
2153000	0.2000000000	0.0001000000	0.0010000000	100	100	0	0.997917
2154000	0.2000000000	0.0001000000	0.0010000000	100	100	0	0.997938
2155000	0.2000000000	0.0001000000	0.0010000000	100	100	0	0.997904
2156000	0.2000000000	0.0001000000	0.0010000000	100	100	0	0.997900
2157000	0.2000000000	0.0001000000	0.0010000000	100	100	0	0.997863
2158000	0.2000000000	0.0001000000	0.0010000000	100	100	0	0.997897
2159000	0.2000000000	0.0001000000	0.0010000000	100	100	0	0.997900
2160000	0.2000000000	0.0001000000	0.0010000000	100	100	0	0.997861
2161000	0.2000000000	0.0001000000	0.0010000000	100	100	0	0.997826
2162000	0.2000000000	0.0001000000	0.0010000000	100	100	0	0.997863
2163000	0.2000000000	0.0001000000	0.0010000000	100	100	0	0.997938
2164000	0.2000000000	0.0001000000	0.0010000000	100	100	0	0.997975
2165000	0.2000000000	0.0001000000	0.0010000000	100	100	0	0.997975
2166000	0.2000000000	0.0001000000	0.0010000000	100	100	0	0.997965
2167000	0.2000000000	0.0001000000	0.0010000000	100	100	0	0.997975
2168000	0.2000000000	0.0001000000	0.0010000000	100	100	0	0.997938
2169000	0.2000000000	0.0001000000	0.0010000000	100	100	0	0.997829
2170000	0.2000000000	0.0001000000	0.0010000000	100	100	0	0.997833
2171000	0.2000000000	0.0001000000	0.0010000000	100	100	0	0.997826
2172000	0.2000000000	0.0001000000	0.0010000000	100	100	0	0.997863
2173000	0.2000000000	0.0001000000	0.0010000000	100	100	0	0.997862
2174000	0.2000000000	0.0001000000	0.0010000000	100	100	0	0.997860
2175000	0.2000000000	0.0001000000	0.0010000000	100	100	0	0.997901
2176000	0.2000000000	0.0001000000	0.0010000000	100	100	0	0.997863
2177000	0.2000000000	0.0001000000	0.0010000000	100	100	0	0.997826
2178000	0.2000000000	0.0001000000	0.0010000000	100	100	0	0.997824
2179000	0.2000000000	0.0001000000	0.0010000000	100	100	0	0.997826
2180000	0.2000000000	0.0001000000	0.0010000000	100	100	0	0.997826
2181000	0.2000000000	0.0001000000	0.0010000000	100	100	0	0.997818
2182000	0.2000000000	0.0001000000	0.0010000000	100	100	0	0.997827
2183000	0.2000000000	0.0001000000	0.0010000000	100	100	0	0.997869
2184000	0.2000000000	0.0001000000	0.0010000000	100	100	0	0.997914
2185000	0.2000000000	0.0001000000	0.0010000000	100	100	0	0.997935
2186000	0.2000000000	0.0001000000	0.0010000000	100	100	0	0.997974
2187000	0.2000000000	0.0001000000	0.0010000000	100	100	0	0.997975
2188000	0.2000000000	0.0001000000	0.0010000000	100	100	0	0.997975
2189000	0.2000000000	0.0001000000	0.0010000000	100	100	0	0.997975
2190000	0.2000000000	0.0001000000	0.0010000000	100	100	0	0.997943
2191000	0.2000000000	0.0001000000	0.0010000000	100	100	0	0.997930
2192000	0.2000000000	0.0001000000	0.0010000000	100	100	0	0.997938
2193000	0.2000000000	0.0001000000	0.0010000000	100	100	0	0.997975
2194000	0.2000000000	0.0001000000	0.0010000000	100	100	0	0.997950
2195000	0.2000000000	0.0001000000	0.0010000000	100	100	0	0.997901
2196000	0.2000000000	0.0001000000	0.0010000000	100	100	0	0.997901
2197000	0.2000000000	0.0001000000	0.0010000000	100	100	0	0.997938
2198000	0.2000000000	0.0001000000	0.0010000000	100	100	0	0.997951
2199000	0.2000000000	0.0001000000	0.0010000000	100	100	0	0.997935
2200000	0.2000000000	0.0001000000	0.0010000000	100	100	0	0.997902
2201000	0.2000000000	0.0001000000	0.0010000000	100	100	0	0.997927
2202000	0.2000000000	0.0001000000	0.0010000000	100	100	0	0.997906
2203000	0.2000000000	0.0001000000	0.0010000000	100	100	0	0.997893
2204000	0.2000000000	0.0001000000	0.0010000000	100	100	0	0.997901
2205000	0.2000000000	0.0001000000	0.0010000000	100	100	0	0.997901
2206000	0.2000000000	0.0001000000	0.0010000000	100	100	0	0.997901
2207000	0.2000000000	0.0001000000	0.0010000000	100	100	0	0.997820
2208000	0.2000000000	0.0001000000	0.0010000000	100	100	0	0.997827
2209000	0.2000000000	0.0001000000	0.0010000000	100	100	0	0.997826
2210000	0.2000000000	0.0001000000	0.0010000000	100	100	0	0.997789
2211000	0.2000000000	0.0001000000	0.0010000000	100	100	0	0.997753
2212000	0.2000000000	0.0001000000	0.0010000000	100	100	0	0.997753
2213000	0.2000000000	0.0001000000	0.0010000000	100	100	0	0.997752
2214000	0.2000000000	0.0001000000	0.0010000000	100	100	0	0.997784
2215000	0.2000000000	0.0001000000	0.0010000000	100	100	0	0.997789
2216000	0.2000000000	0.0001000000	0.0010000000	100	100	0	0.997776
2217000	0.2000000000	0.0001000000	0.0010000000	100	100	0	0.997692
2218000	0.2000000000	0.0001000000	0.0010000000	100	100	0	0.997716
2219000	0.2000000000	0.0001000000	0.0010000000	100	100	0	0.997716
2220000	0.2000000000	0.0001000000	0.0010000000	100	100	0	0.997832
2221000	0.2000000000	0.0001000000	0.0010000000	100	100	0	0.997833
2222000	0.2000000000	0.0001000000	0.0010000000	100	100	0	0.997826
2223000	0.2000000000	0.0001000000	0.0010000000	100	100	0	0.997863
2224000	0.2000000000	0.0001000000	0.0010000000	100	100	0	0.997863
2225000	0.2000000000	0.0001000000	0.0010000000	100	100	0	0.997826
2226000	0.2000000000	0.0001000000	0.0010000000	100	100	0	0.997861
2227000	0.2000000000	0.0001000000	0.0010000000	100	100	0	0.997846
2228000	0.2000000000	0.0001000000	0.0010000000	100	100	0	0.997847
2229000	0.2000000000	0.0001000000	0.0010000000	100	100	0	0.997826
2230000	0.2000000000	0.0001000000	0.0010000000	100	100	0	0.997789
2231000	0.2000000000	0.0001000000	0.0010000000	100	100	0	0.997826
2232000	0.2000000000	0.0001000000	0.0010000000	100	100	0	0.997827
2233000	0.2000000000	0.0001000000	0.0010000000	100	100	0	0.997857
2234000	0.2000000000	0.0001000000	0.0010000000	100	100	0	0.997881
2235000	0.2000000000	0.0001000000	0.0010000000	100	100	0	0.997790
2236000	0.2000000000	0.0001000000	0.0010000000	100	100	0	0.997789
2237000	0.2000000000	0.0001000000	0.0010000000	100	100	0	0.997828
2238000	0.2000000000	0.0001000000	0.0010000000	100	100	0	0.997826
2239000	0.2000000000	0.0001000000	0.0010000000	100	100	0	0.997826
2240000	0.2000000000	0.0001000000	0.0010000000	100	100	0	0.997824
2241000	0.2000000000	0.0001000000	0.0010000000	100	100	0	0.997901
2242000	0.2000000000	0.0001000000	0.0010000000	100	100	0	0.997883
2243000	0.2000000000	0.0001000000	0.0010000000	100	100	0	0.997826
2244000	0.2000000000	0.0001000000	0.0010000000	100	100	0	0.997863
2245000	0.2000000000	0.0001000000	0.0010000000	100	100	0	0.997863
2246000	0.2000000000	0.0001000000	0.0010000000	100	100	0	0.997871
2247000	0.2000000000	0.0001000000	0.0010000000	100	100	0	0.997950
2248000	0.2000000000	0.0001000000	0.0010000000	100	100	0	0.997969
2249000	0.2000000000	0.0001000000	0.0010000000	100	100	0	0.998021
2250000	0.2000000000	0.0001000000	0.0010000000	100	100	0	0.998013
2251000	0.2000000000	0.0001000000	0.0010000000	100	100	0	0.998013
2252000	0.2000000000	0.0001000000	0.0010000000	100	100	0	0.997976
2253000	0.2000000000	0.0001000000	0.0010000000	100	100	0	0.997917
2254000	0.2000000000	0.0001000000	0.0010000000	100	100	0	0.997762
2255000	0.2000000000	0.0001000000	0.0010000000	100	100	0	0.997789
2256000	0.2000000000	0.0001000000	0.0010000000	100	100	0	0.997826
2257000	0.2000000000	0.0001000000	0.0010000000	100	100	0	0.997842
2258000	0.2000000000	0.0001000000	0.0010000000	100	100	0	0.997827
2259000	0.2000000000	0.0001000000	0.0010000000	100	100	0	0.997829
2260000	0.2000000000	0.0001000000	0.0010000000	100	100	0	0.997836
2261000	0.2000000000	0.0001000000	0.0010000000	100	100	0	0.997792
2262000	0.2000000000	0.0001000000	0.0010000000	100	100	0	0.997792
2263000	0.2000000000	0.0001000000	0.0010000000	100	100	0	0.997828
2264000	0.2000000000	0.0001000000	0.0010000000	100	100	0	0.997830
2265000	0.2000000000	0.0001000000	0.0010000000	100	100	0	0.997863
2266000	0.2000000000	0.0001000000	0.0010000000	100	100	0	0.997901
2267000	0.2000000000	0.0001000000	0.0010000000	100	100	0	0.997901
2268000	0.2000000000	0.0001000000	0.0010000000	100	100	0	0.997857
2269000	0.2000000000	0.0001000000	0.0010000000	100	100	0	0.997827
2270000	0.2000000000	0.0001000000	0.0010000000	100	100	0	0.997896
2271000	0.2000000000	0.0001000000	0.0010000000	100	100	0	0.997938
2272000	0.2000000000	0.0001000000	0.0010000000	100	100	0	0.997963
2273000	0.2000000000	0.0001000000	0.0010000000	100	100	0	0.997975
2274000	0.2000000000	0.0001000000	0.0010000000	100	100	0	0.998031
2275000	0.2000000000	0.0001000000	0.0010000000	100	100	0	0.998013
2276000	0.2000000000	0.0001000000	0.0010000000	100	100	0	0.997975
2277000	0.2000000000	0.0001000000	0.0010000000	100	100	0	0.997975
2278000	0.2000000000	0.0001000000	0.0010000000	100	100	0	0.997974
2279000	0.2000000000	0.0001000000	0.0010000000	100	100	0	0.997978
2280000	0.2000000000	0.0001000000	0.0010000000	100	100	0	0.998010
2281000	0.2000000000	0.0001000000	0.0010000000	100	100	0	0.997977
2282000	0.2000000000	0.0001000000	0.0010000000	100	100	0	0.997960
2283000	0.2000000000	0.0001000000	0.0010000000	100	100	0	0.997924
2284000	0.2000000000	0.0001000000	0.0010000000	100	100	0	0.997938
2285000	0.2000000000	0.0001000000	0.0010000000	100	100	0	0.997938
2286000	0.2000000000	0.0001000000	0.0010000000	100	100	0	0.997968
2287000	0.2000000000	0.0001000000	0.0010000000	100	100	0	0.997932
2288000	0.2000000000	0.0001000000	0.0010000000	100	100	0	0.997939
2289000	0.2000000000	0.0001000000	0.0010000000	100	100	0	0.997926
2290000	0.2000000000	0.0001000000	0.0010000000	100	100	0	0.998013
2291000	0.2000000000	0.0001000000	0.0010000000	100	100	0	0.998011
2292000	0.2000000000	0.0001000000	0.0010000000	100	100	0	0.998010
2293000	0.2000000000	0.0001000000	0.0010000000	100	100	0	0.998001
2294000	0.2000000000	0.0001000000	0.0010000000	100	100	0	0.998009
2295000	0.2000000000	0.0001000000	0.0010000000	100	100	0	0.997933
2296000	0.2000000000	0.0001000000	0.0010000000	100	100	0	0.997921
2297000	0.2000000000	0.0001000000	0.0010000000	100	100	0	0.997982
2298000	0.2000000000	0.0001000000	0.0010000000	100	100	0	0.997975
2299000	0.2000000000	0.0001000000	0.0010000000	100	100	0	0.997975
2300000	0.2000000000	0.0001000000	0.0010000000	100	100	0	0.997938
2301000	0.2000000000	0.0001000000	0.0010000000	100	100	0	0.997937
2302000	0.2000000000	0.0001000000	0.0010000000	100	100	0	0.997915
2303000	0.2000000000	0.0001000000	0.0010000000	100	100	0	0.997922
2304000	0.2000000000	0.0001000000	0.0010000000	100	100	0	0.997897
2305000	0.2000000000	0.0001000000	0.0010000000	100	100	0	0.997875
2306000	0.2000000000	0.0001000000	0.0010000000	100	100	0	0.997866
2307000	0.2000000000	0.0001000000	0.0010000000	100	100	0	0.997789
2308000	0.2000000000	0.0001000000	0.0010000000	100	100	0	0.997790
2309000	0.2000000000	0.0001000000	0.0010000000	100	100	0	0.997789
2310000	0.2000000000	0.0001000000	0.0010000000	100	100	0	0.997767
2311000	0.2000000000	0.0001000000	0.0010000000	100	100	0	0.997790
2312000	0.2000000000	0.0001000000	0.0010000000	100	100	0	0.997826
2313000	0.2000000000	0.0001000000	0.0010000000	100	100	0	0.997863
2314000	0.2000000000	0.0001000000	0.0010000000	100	100	0	0.997887
2315000	0.2000000000	0.0001000000	0.0010000000	100	100	0	0.997901
2316000	0.2000000000	0.0001000000	0.0010000000	100	100	0	0.997901
2317000	0.2000000000	0.0001000000	0.0010000000	100	100	0	0.997902
2318000	0.2000000000	0.0001000000	0.0010000000	100	100	0	0.997899
2319000	0.2000000000	0.0001000000	0.0010000000	100	100	0	0.997901
2320000	0.2000000000	0.0001000000	0.0010000000	100	100	0	0.997938
2321000	0.2000000000	0.0001000000	0.0010000000	100	100	0	0.997901
2322000	0.2000000000	0.0001000000	0.0010000000	100	100	0	0.997901
2323000	0.2000000000	0.0001000000	0.0010000000	100	100	0	0.997938
2324000	0.2000000000	0.0001000000	0.0010000000	100	100	0	0.997938
2325000	0.2000000000	0.0001000000	0.0010000000	100	100	0	0.997899
2326000	0.2000000000	0.0001000000	0.0010000000	100	100	0	0.997901
2327000	0.2000000000	0.0001000000	0.0010000000	100	100	0	0.997863
2328000	0.2000000000	0.0001000000	0.0010000000	100	100	0	0.997857
2329000	0.2000000000	0.0001000000	0.0010000000	100	100	0	0.997789
2330000	0.2000000000	0.0001000000	0.0010000000	100	100	0	0.997785
2331000	0.2000000000	0.0001000000	0.0010000000	100	100	0	0.997792
2332000	0.2000000000	0.0001000000	0.0010000000	100	100	0	0.997789
2333000	0.2000000000	0.0001000000	0.0010000000	100	100	0	0.997793
2334000	0.2000000000	0.0001000000	0.0010000000	100	100	0	0.997753
2335000	0.2000000000	0.0001000000	0.0010000000	100	100	0	0.997716
2336000	0.2000000000	0.0001000000	0.0010000000	100	100	0	0.997735
2337000	0.2000000000	0.0001000000	0.0010000000	100	100	0	0.997783
2338000	0.2000000000	0.0001000000	0.0010000000	100	100	0	0.997830
2339000	0.2000000000	0.0001000000	0.0010000000	100	100	0	0.997789
2340000	0.2000000000	0.0001000000	0.0010000000	100	100	0	0.997788
2341000	0.2000000000	0.0001000000	0.0010000000	100	100	0	0.997813
2342000	0.2000000000	0.0001000000	0.0010000000	100	100	0	0.997826
2343000	0.2000000000	0.0001000000	0.0010000000	100	100	0	0.997824
2344000	0.2000000000	0.0001000000	0.0010000000	100	100	0	0.997863
2345000	0.2000000000	0.0001000000	0.0010000000	100	100	0	0.997901
2346000	0.2000000000	0.0001000000	0.0010000000	100	100	0	0.997877
2347000	0.2000000000	0.0001000000	0.0010000000	100	100	0	0.997882
2348000	0.2000000000	0.0001000000	0.0010000000	100	100	0	0.997793
2349000	0.2000000000	0.0001000000	0.0010000000	100	100	0	0.997789
2350000	0.2000000000	0.0001000000	0.0010000000	100	100	0	0.997785
2351000	0.2000000000	0.0001000000	0.0010000000	100	100	0	0.997717
2352000	0.2000000000	0.0001000000	0.0010000000	100	100	0	0.997716
2353000	0.2000000000	0.0001000000	0.0010000000	100	100	0	0.997653
2354000	0.2000000000	0.0001000000	0.0010000000	100	100	0	0.997687
2355000	0.2000000000	0.0001000000	0.0010000000	100	100	0	0.997644
2356000	0.2000000000	0.0001000000	0.0010000000	100	100	0	0.997637
2357000	0.2000000000	0.0001000000	0.0010000000	100	100	0	0.997643
2358000	0.2000000000	0.0001000000	0.0010000000	100	100	0	0.997643
2359000	0.2000000000	0.0001000000	0.0010000000	100	100	0	0.997716
2360000	0.2000000000	0.0001000000	0.0010000000	100	100	0	0.997699
2361000	0.2000000000	0.0001000000	0.0010000000	100	100	0	0.997718
2362000	0.2000000000	0.0001000000	0.0010000000	100	100	0	0.997716
2363000	0.2000000000	0.0001000000	0.0010000000	100	100	0	0.997679
2364000	0.2000000000	0.0001000000	0.0010000000	100	100	0	0.997684
2365000	0.2000000000	0.0001000000	0.0010000000	100	100	0	0.997725
2366000	0.2000000000	0.0001000000	0.0010000000	100	100	0	0.997716
2367000	0.2000000000	0.0001000000	0.0010000000	100	100	0	0.997716
2368000	0.2000000000	0.0001000000	0.0010000000	100	100	0	0.997651
2369000	0.2000000000	0.0001000000	0.0010000000	100	100	0	0.997648
2370000	0.2000000000	0.0001000000	0.0010000000	100	100	0	0.997655
2371000	0.2000000000	0.0001000000	0.0010000000	100	100	0	0.997589
2372000	0.2000000000	0.0001000000	0.0010000000	100	100	0	0.997608
2373000	0.2000000000	0.0001000000	0.0010000000	100	100	0	0.997606
2374000	0.2000000000	0.0001000000	0.0010000000	100	100	0	0.997607
2375000	0.2000000000	0.0001000000	0.0010000000	100	100	0	0.997607
2376000	0.2000000000	0.0001000000	0.0010000000	100	100	0	0.997609
2377000	0.2000000000	0.0001000000	0.0010000000	100	100	0	0.997609
2378000	0.2000000000	0.0001000000	0.0010000000	100	100	0	0.997622
2379000	0.2000000000	0.0001000000	0.0010000000	100	100	0	0.997640
2380000	0.2000000000	0.0001000000	0.0010000000	100	100	0	0.997607
2381000	0.2000000000	0.0001000000	0.0010000000	100	100	0	0.997607
2382000	0.2000000000	0.0001000000	0.0010000000	100	100	0	0.997625
2383000	0.2000000000	0.0001000000	0.0010000000	100	100	0	0.997643
2384000	0.2000000000	0.0001000000	0.0010000000	100	100	0	0.997592
2385000	0.2000000000	0.0001000000	0.0010000000	100	100	0	0.997541
2386000	0.2000000000	0.0001000000	0.0010000000	100	100	0	0.997606
2387000	0.2000000000	0.0001000000	0.0010000000	100	100	0	0.997607
2388000	0.2000000000	0.0001000000	0.0010000000	100	100	0	0.997632
2389000	0.2000000000	0.0001000000	0.0010000000	100	100	0	0.997643
2390000	0.2000000000	0.0001000000	0.0010000000	100	100	0	0.997607
2391000	0.2000000000	0.0001000000	0.0010000000	100	100	0	0.997636
2392000	0.2000000000	0.0001000000	0.0010000000	100	100	0	0.997571
2393000	0.2000000000	0.0001000000	0.0010000000	100	100	0	0.997571
2394000	0.2000000000	0.0001000000	0.0010000000	100	100	0	0.997608
2395000	0.2000000000	0.0001000000	0.0010000000	100	100	0	0.997607
2396000	0.2000000000	0.0001000000	0.0010000000	100	100	0	0.997643
2397000	0.2000000000	0.0001000000	0.0010000000	100	100	0	0.997648
2398000	0.2000000000	0.0001000000	0.0010000000	100	100	0	0.997628
2399000	0.2000000000	0.0001000000	0.0010000000	100	100	0	0.997593
2400000	0.2000000000	0.0001000000	0.0010000000	100	100	0	0.997571
2401000	0.2000000000	0.0001000000	0.0010000000	100	100	0	0.997607
2402000	0.2000000000	0.0001000000	0.0010000000	100	100	0	0.997598
2403000	0.2000000000	0.0001000000	0.0010000000	100	100	0	0.997643
2404000	0.2000000000	0.0001000000	0.0010000000	100	100	0	0.997598
2405000	0.2000000000	0.0001000000	0.0010000000	100	100	0	0.997618
2406000	0.2000000000	0.0001000000	0.0010000000	100	100	0	0.997608
2407000	0.2000000000	0.0001000000	0.0010000000	100	100	0	0.997607
2408000	0.2000000000	0.0001000000	0.0010000000	100	100	0	0.997616
2409000	0.2000000000	0.0001000000	0.0010000000	100	100	0	0.997606
2410000	0.2000000000	0.0001000000	0.0010000000	100	100	0	0.997651
2411000	0.2000000000	0.0001000000	0.0010000000	100	100	0	0.997710
2412000	0.2000000000	0.0001000000	0.0010000000	100	100	0	0.997680
2413000	0.2000000000	0.0001000000	0.0010000000	100	100	0	0.997680
2414000	0.2000000000	0.0001000000	0.0010000000	100	100	0	0.997643
2415000	0.2000000000	0.0001000000	0.0010000000	100	100	0	0.997613
2416000	0.2000000000	0.0001000000	0.0010000000	100	100	0	0.997651
2417000	0.2000000000	0.0001000000	0.0010000000	100	100	0	0.997717
2418000	0.2000000000	0.0001000000	0.0010000000	100	100	0	0.997712
2419000	0.2000000000	0.0001000000	0.0010000000	100	100	0	0.997680
2420000	0.2000000000	0.0001000000	0.0010000000	100	100	0	0.997692
2421000	0.2000000000	0.0001000000	0.0010000000	100	100	0	0.997643
2422000	0.2000000000	0.0001000000	0.0010000000	100	100	0	0.997643
2423000	0.2000000000	0.0001000000	0.0010000000	100	100	0	0.997607
2424000	0.2000000000	0.0001000000	0.0010000000	100	100	0	0.997607
2425000	0.2000000000	0.0001000000	0.0010000000	100	100	0	0.997607
2426000	0.2000000000	0.0001000000	0.0010000000	100	100	0	0.997607
2427000	0.2000000000	0.0001000000	0.0010000000	100	100	0	0.997595
2428000	0.2000000000	0.0001000000	0.0010000000	100	100	0	0.997550
2429000	0.2000000000	0.0001000000	0.0010000000	100	100	0	0.997501
2430000	0.2000000000	0.0001000000	0.0010000000	100	100	0	0.997509
2431000	0.2000000000	0.0001000000	0.0010000000	100	100	0	0.997500
2432000	0.2000000000	0.0001000000	0.0010000000	100	100	0	0.997505
2433000	0.2000000000	0.0001000000	0.0010000000	100	100	0	0.997429
2434000	0.2000000000	0.0001000000	0.0010000000	100	100	0	0.997464
2435000	0.2000000000	0.0001000000	0.0010000000	100	100	0	0.997464
2436000	0.2000000000	0.0001000000	0.0010000000	100	100	0	0.997429
2437000	0.2000000000	0.0001000000	0.0010000000	100	100	0	0.997429
2438000	0.2000000000	0.0001000000	0.0010000000	100	100	0	0.997429
2439000	0.2000000000	0.0001000000	0.0010000000	100	100	0	0.997495
2440000	0.2000000000	0.0001000000	0.0010000000	100	100	0	0.997505
2441000	0.2000000000	0.0001000000	0.0010000000	100	100	0	0.997513
2442000	0.2000000000	0.0001000000	0.0010000000	100	100	0	0.997434
2443000	0.2000000000	0.0001000000	0.0010000000	100	100	0	0.997429
2444000	0.2000000000	0.0001000000	0.0010000000	100	100	0	0.997434
2445000	0.2000000000	0.0001000000	0.0010000000	100	100	0	0.997387
2446000	0.2000000000	0.0001000000	0.0010000000	100	100	0	0.997471
2447000	0.2000000000	0.0001000000	0.0010000000	100	100	0	0.997490
2448000	0.2000000000	0.0001000000	0.0010000000	100	100	0	0.997535
2449000	0.2000000000	0.0001000000	0.0010000000	100	100	0	0.997535
2450000	0.2000000000	0.0001000000	0.0010000000	100	100	0	0.997502
2451000	0.2000000000	0.0001000000	0.0010000000	100	100	0	0.997500
2452000	0.2000000000	0.0001000000	0.0010000000	100	100	0	0.997464
2453000	0.2000000000	0.0001000000	0.0010000000	100	100	0	0.997502
2454000	0.2000000000	0.0001000000	0.0010000000	100	100	0	0.997571
2455000	0.2000000000	0.0001000000	0.0010000000	100	100	0	0.997533
2456000	0.2000000000	0.0001000000	0.0010000000	100	100	0	0.997538
2457000	0.2000000000	0.0001000000	0.0010000000	100	100	0	0.997579
2458000	0.2000000000	0.0001000000	0.0010000000	100	100	0	0.997552
2459000	0.2000000000	0.0001000000	0.0010000000	100	100	0	0.997552
2460000	0.2000000000	0.0001000000	0.0010000000	100	100	0	0.997535
2461000	0.2000000000	0.0001000000	0.0010000000	100	100	0	0.997571
2462000	0.2000000000	0.0001000000	0.0010000000	100	100	0	0.997536
2463000	0.2000000000	0.0001000000	0.0010000000	100	100	0	0.997537
2464000	0.2000000000	0.0001000000	0.0010000000	100	100	0	0.997584
2465000	0.2000000000	0.0001000000	0.0010000000	100	100	0	0.997607
2466000	0.2000000000	0.0001000000	0.0010000000	100	100	0	0.997535
2467000	0.2000000000	0.0001000000	0.0010000000	100	100	0	0.997499
2468000	0.2000000000	0.0001000000	0.0010000000	100	100	0	0.997462
2469000	0.2000000000	0.0001000000	0.0010000000	100	100	0	0.997422
2470000	0.2000000000	0.0001000000	0.0010000000	100	100	0	0.997424
2471000	0.2000000000	0.0001000000	0.0010000000	100	100	0	0.997429
2472000	0.2000000000	0.0001000000	0.0010000000	100	100	0	0.997465
2473000	0.2000000000	0.0001000000	0.0010000000	100	100	0	0.997499
2474000	0.2000000000	0.0001000000	0.0010000000	100	100	0	0.997500
2475000	0.2000000000	0.0001000000	0.0010000000	100	100	0	0.997513
2476000	0.2000000000	0.0001000000	0.0010000000	100	100	0	0.997500
2477000	0.2000000000	0.0001000000	0.0010000000	100	100	0	0.997500
2478000	0.2000000000	0.0001000000	0.0010000000	100	100	0	0.997470
2479000	0.2000000000	0.0001000000	0.0010000000	100	100	0	0.997442
2480000	0.2000000000	0.0001000000	0.0010000000	100	100	0	0.997451
2481000	0.2000000000	0.0001000000	0.0010000000	100	100	0	0.997394
2482000	0.2000000000	0.0001000000	0.0010000000	100	100	0	0.997393
2483000	0.2000000000	0.0001000000	0.0010000000	100	100	0	0.997385
2484000	0.2000000000	0.0001000000	0.0010000000	100	100	0	0.997432
2485000	0.2000000000	0.0001000000	0.0010000000	100	100	0	0.997402
2486000	0.2000000000	0.0001000000	0.0010000000	100	100	0	0.997465
2487000	0.2000000000	0.0001000000	0.0010000000	100	100	0	0.997476
2488000	0.2000000000	0.0001000000	0.0010000000	100	100	0	0.997500
2489000	0.2000000000	0.0001000000	0.0010000000	100	100	0	0.997524
2490000	0.2000000000	0.0001000000	0.0010000000	100	100	0	0.997500
2491000	0.2000000000	0.0001000000	0.0010000000	100	100	0	0.997500
2492000	0.2000000000	0.0001000000	0.0010000000	100	100	0	0.997507
2493000	0.2000000000	0.0001000000	0.0010000000	100	100	0	0.997517
2494000	0.2000000000	0.0001000000	0.0010000000	100	100	0	0.997531
2495000	0.2000000000	0.0001000000	0.0010000000	100	100	0	0.997358
2496000	0.2000000000	0.0001000000	0.0010000000	100	100	0	0.997309
2497000	0.2000000000	0.0001000000	0.0010000000	100	100	0	0.997226
2498000	0.2000000000	0.0001000000	0.0010000000	100	100	0	0.997218
2499000	0.2000000000	0.0001000000	0.0010000000	100	100	0	0.997282
2500000	0.2000000000	0.0001000000	0.0010000000	100	100	0	0.997253
