time	epistasis_coef	sel_coef	mu_prob	Ne	L	k_start	mean_fitness
1500000	0.4000000000	0.0001000000	0.1000000000	100	100	0	0.998881
1501000	0.4000000000	0.0001000000	0.1000000000	100	100	0	0.998898
1502000	0.4000000000	0.0001000000	0.1000000000	100	100	0	0.998935
1503000	0.4000000000	0.0001000000	0.1000000000	100	100	0	0.999034
1504000	0.4000000000	0.0001000000	0.1000000000	100	100	0	0.998990
1505000	0.4000000000	0.0001000000	0.1000000000	100	100	0	0.998973
1506000	0.4000000000	0.0001000000	0.1000000000	100	100	0	0.998962
1507000	0.4000000000	0.0001000000	0.1000000000	100	100	0	0.998987
1508000	0.4000000000	0.0001000000	0.1000000000	100	100	0	0.998946
1509000	0.4000000000	0.0001000000	0.1000000000	100	100	0	0.998927
1510000	0.4000000000	0.0001000000	0.1000000000	100	100	0	0.998918
1511000	0.4000000000	0.0001000000	0.1000000000	100	100	0	0.998985
1512000	0.4000000000	0.0001000000	0.1000000000	100	100	0	0.998988
1513000	0.4000000000	0.0001000000	0.1000000000	100	100	0	0.998897
1514000	0.4000000000	0.0001000000	0.1000000000	100	100	0	0.998991
1515000	0.4000000000	0.0001000000	0.1000000000	100	100	0	0.998956
1516000	0.4000000000	0.0001000000	0.1000000000	100	100	0	0.998931
1517000	0.4000000000	0.0001000000	0.1000000000	100	100	0	0.999075
1518000	0.4000000000	0.0001000000	0.1000000000	100	100	0	0.998882
1519000	0.4000000000	0.0001000000	0.1000000000	100	100	0	0.998976
1520000	0.4000000000	0.0001000000	0.1000000000	100	100	0	0.998860
1521000	0.4000000000	0.0001000000	0.1000000000	100	100	0	0.998915
1522000	0.4000000000	0.0001000000	0.1000000000	100	100	0	0.998940
1523000	0.4000000000	0.0001000000	0.1000000000	100	100	0	0.999027
1524000	0.4000000000	0.0001000000	0.1000000000	100	100	0	0.998970
1525000	0.4000000000	0.0001000000	0.1000000000	100	100	0	0.998890
1526000	0.4000000000	0.0001000000	0.1000000000	100	100	0	0.998867
1527000	0.4000000000	0.0001000000	0.1000000000	100	100	0	0.998845
1528000	0.4000000000	0.0001000000	0.1000000000	100	100	0	0.998885
1529000	0.4000000000	0.0001000000	0.1000000000	100	100	0	0.998919
1530000	0.4000000000	0.0001000000	0.1000000000	100	100	0	0.998950
1531000	0.4000000000	0.0001000000	0.1000000000	100	100	0	0.998975
1532000	0.4000000000	0.0001000000	0.1000000000	100	100	0	0.998915
1533000	0.4000000000	0.0001000000	0.1000000000	100	100	0	0.998891
1534000	0.4000000000	0.0001000000	0.1000000000	100	100	0	0.998975
1535000	0.4000000000	0.0001000000	0.1000000000	100	100	0	0.998879
1536000	0.4000000000	0.0001000000	0.1000000000	100	100	0	0.998907
1537000	0.4000000000	0.0001000000	0.1000000000	100	100	0	0.998888
1538000	0.4000000000	0.0001000000	0.1000000000	100	100	0	0.998992
1539000	0.4000000000	0.0001000000	0.1000000000	100	100	0	0.998976
1540000	0.4000000000	0.0001000000	0.1000000000	100	100	0	0.999042
1541000	0.4000000000	0.0001000000	0.1000000000	100	100	0	0.999008
1542000	0.4000000000	0.0001000000	0.1000000000	100	100	0	0.998867
1543000	0.4000000000	0.0001000000	0.1000000000	100	100	0	0.998877
1544000	0.4000000000	0.0001000000	0.1000000000	100	100	0	0.998924
1545000	0.4000000000	0.0001000000	0.1000000000	100	100	0	0.998988
1546000	0.4000000000	0.0001000000	0.1000000000	100	100	0	0.998981
1547000	0.4000000000	0.0001000000	0.1000000000	100	100	0	0.998969
1548000	0.4000000000	0.0001000000	0.1000000000	100	100	0	0.998961
1549000	0.4000000000	0.0001000000	0.1000000000	100	100	0	0.998906
1550000	0.4000000000	0.0001000000	0.1000000000	100	100	0	0.998952
1551000	0.4000000000	0.0001000000	0.1000000000	100	100	0	0.999045
1552000	0.4000000000	0.0001000000	0.1000000000	100	100	0	0.998972
1553000	0.4000000000	0.0001000000	0.1000000000	100	100	0	0.998989
1554000	0.4000000000	0.0001000000	0.1000000000	100	100	0	0.999000
1555000	0.4000000000	0.0001000000	0.1000000000	100	100	0	0.998956
1556000	0.4000000000	0.0001000000	0.1000000000	100	100	0	0.998866
1557000	0.4000000000	0.0001000000	0.1000000000	100	100	0	0.998825
1558000	0.4000000000	0.0001000000	0.1000000000	100	100	0	0.998877
1559000	0.4000000000	0.0001000000	0.1000000000	100	100	0	0.998946
1560000	0.4000000000	0.0001000000	0.1000000000	100	100	0	0.998937
1561000	0.4000000000	0.0001000000	0.1000000000	100	100	0	0.999018
1562000	0.4000000000	0.0001000000	0.1000000000	100	100	0	0.998935
1563000	0.4000000000	0.0001000000	0.1000000000	100	100	0	0.998925
1564000	0.4000000000	0.0001000000	0.1000000000	100	100	0	0.998934
1565000	0.4000000000	0.0001000000	0.1000000000	100	100	0	0.998938
1566000	0.4000000000	0.0001000000	0.1000000000	100	100	0	0.998974
1567000	0.4000000000	0.0001000000	0.1000000000	100	100	0	0.998986
1568000	0.4000000000	0.0001000000	0.1000000000	100	100	0	0.998981
1569000	0.4000000000	0.0001000000	0.1000000000	100	100	0	0.998892
1570000	0.4000000000	0.0001000000	0.1000000000	100	100	0	0.999041
1571000	0.4000000000	0.0001000000	0.1000000000	100	100	0	0.998977
1572000	0.4000000000	0.0001000000	0.1000000000	100	100	0	0.999014
1573000	0.4000000000	0.0001000000	0.1000000000	100	100	0	0.998997
1574000	0.4000000000	0.0001000000	0.1000000000	100	100	0	0.999005
1575000	0.4000000000	0.0001000000	0.1000000000	100	100	0	0.998904
1576000	0.4000000000	0.0001000000	0.1000000000	100	100	0	0.999020
1577000	0.4000000000	0.0001000000	0.1000000000	100	100	0	0.998980
1578000	0.4000000000	0.0001000000	0.1000000000	100	100	0	0.998908
1579000	0.4000000000	0.0001000000	0.1000000000	100	100	0	0.998899
1580000	0.4000000000	0.0001000000	0.1000000000	100	100	0	0.998907
1581000	0.4000000000	0.0001000000	0.1000000000	100	100	0	0.998968
1582000	0.4000000000	0.0001000000	0.1000000000	100	100	0	0.998898
1583000	0.4000000000	0.0001000000	0.1000000000	100	100	0	0.998910
1584000	0.4000000000	0.0001000000	0.1000000000	100	100	0	0.998920
1585000	0.4000000000	0.0001000000	0.1000000000	100	100	0	0.998946
1586000	0.4000000000	0.0001000000	0.1000000000	100	100	0	0.998931
1587000	0.4000000000	0.0001000000	0.1000000000	100	100	0	0.998937
1588000	0.4000000000	0.0001000000	0.1000000000	100	100	0	0.998950
1589000	0.4000000000	0.0001000000	0.1000000000	100	100	0	0.998915
1590000	0.4000000000	0.0001000000	0.1000000000	100	100	0	0.998969
1591000	0.4000000000	0.0001000000	0.1000000000	100	100	0	0.998912
1592000	0.4000000000	0.0001000000	0.1000000000	100	100	0	0.999034
1593000	0.4000000000	0.0001000000	0.1000000000	100	100	0	0.998930
1594000	0.4000000000	0.0001000000	0.1000000000	100	100	0	0.998991
1595000	0.4000000000	0.0001000000	0.1000000000	100	100	0	0.998878
1596000	0.4000000000	0.0001000000	0.1000000000	100	100	0	0.999014
1597000	0.4000000000	0.0001000000	0.1000000000	100	100	0	0.999016
1598000	0.4000000000	0.0001000000	0.1000000000	100	100	0	0.998903
1599000	0.4000000000	0.0001000000	0.1000000000	100	100	0	0.998965
1600000	0.4000000000	0.0001000000	0.1000000000	100	100	0	0.998975
1601000	0.4000000000	0.0001000000	0.1000000000	100	100	0	0.998907
1602000	0.4000000000	0.0001000000	0.1000000000	100	100	0	0.999044
1603000	0.4000000000	0.0001000000	0.1000000000	100	100	0	0.998907
1604000	0.4000000000	0.0001000000	0.1000000000	100	100	0	0.998936
1605000	0.4000000000	0.0001000000	0.1000000000	100	100	0	0.998983
1606000	0.4000000000	0.0001000000	0.1000000000	100	100	0	0.998880
1607000	0.4000000000	0.0001000000	0.1000000000	100	100	0	0.998933
1608000	0.4000000000	0.0001000000	0.1000000000	100	100	0	0.998878
1609000	0.4000000000	0.0001000000	0.1000000000	100	100	0	0.998995
1610000	0.4000000000	0.0001000000	0.1000000000	100	100	0	0.998949
1611000	0.4000000000	0.0001000000	0.1000000000	100	100	0	0.999039
1612000	0.4000000000	0.0001000000	0.1000000000	100	100	0	0.998949
1613000	0.4000000000	0.0001000000	0.1000000000	100	100	0	0.998852
1614000	0.4000000000	0.0001000000	0.1000000000	100	100	0	0.998942
1615000	0.4000000000	0.0001000000	0.1000000000	100	100	0	0.998962
1616000	0.4000000000	0.0001000000	0.1000000000	100	100	0	0.998938
1617000	0.4000000000	0.0001000000	0.1000000000	100	100	0	0.998838
1618000	0.4000000000	0.0001000000	0.1000000000	100	100	0	0.998961
1619000	0.4000000000	0.0001000000	0.1000000000	100	100	0	0.998874
1620000	0.4000000000	0.0001000000	0.1000000000	100	100	0	0.998870
1621000	0.4000000000	0.0001000000	0.1000000000	100	100	0	0.998971
1622000	0.4000000000	0.0001000000	0.1000000000	100	100	0	0.998998
1623000	0.4000000000	0.0001000000	0.1000000000	100	100	0	0.998966
1624000	0.4000000000	0.0001000000	0.1000000000	100	100	0	0.999099
1625000	0.4000000000	0.0001000000	0.1000000000	100	100	0	0.998901
1626000	0.4000000000	0.0001000000	0.1000000000	100	100	0	0.998867
1627000	0.4000000000	0.0001000000	0.1000000000	100	100	0	0.998968
1628000	0.4000000000	0.0001000000	0.1000000000	100	100	0	0.998954
1629000	0.4000000000	0.0001000000	0.1000000000	100	100	0	0.998881
1630000	0.4000000000	0.0001000000	0.1000000000	100	100	0	0.998957
1631000	0.4000000000	0.0001000000	0.1000000000	100	100	0	0.998953
1632000	0.4000000000	0.0001000000	0.1000000000	100	100	0	0.999034
1633000	0.4000000000	0.0001000000	0.1000000000	100	100	0	0.998969
1634000	0.4000000000	0.0001000000	0.1000000000	100	100	0	0.998843
1635000	0.4000000000	0.0001000000	0.1000000000	100	100	0	0.998921
1636000	0.4000000000	0.0001000000	0.1000000000	100	100	0	0.998968
1637000	0.4000000000	0.0001000000	0.1000000000	100	100	0	0.998973
1638000	0.4000000000	0.0001000000	0.1000000000	100	100	0	0.998867
1639000	0.4000000000	0.0001000000	0.1000000000	100	100	0	0.998914
1640000	0.4000000000	0.0001000000	0.1000000000	100	100	0	0.999013
1641000	0.4000000000	0.0001000000	0.1000000000	100	100	0	0.999101
1642000	0.4000000000	0.0001000000	0.1000000000	100	100	0	0.998962
1643000	0.4000000000	0.0001000000	0.1000000000	100	100	0	0.998920
1644000	0.4000000000	0.0001000000	0.1000000000	100	100	0	0.998996
1645000	0.4000000000	0.0001000000	0.1000000000	100	100	0	0.998886
1646000	0.4000000000	0.0001000000	0.1000000000	100	100	0	0.998880
1647000	0.4000000000	0.0001000000	0.1000000000	100	100	0	0.998875
1648000	0.4000000000	0.0001000000	0.1000000000	100	100	0	0.999017
1649000	0.4000000000	0.0001000000	0.1000000000	100	100	0	0.998920
1650000	0.4000000000	0.0001000000	0.1000000000	100	100	0	0.999003
1651000	0.4000000000	0.0001000000	0.1000000000	100	100	0	0.998985
1652000	0.4000000000	0.0001000000	0.1000000000	100	100	0	0.998987
1653000	0.4000000000	0.0001000000	0.1000000000	100	100	0	0.998881
1654000	0.4000000000	0.0001000000	0.1000000000	100	100	0	0.998901
1655000	0.4000000000	0.0001000000	0.1000000000	100	100	0	0.998879
1656000	0.4000000000	0.0001000000	0.1000000000	100	100	0	0.998982
1657000	0.4000000000	0.0001000000	0.1000000000	100	100	0	0.999014
1658000	0.4000000000	0.0001000000	0.1000000000	100	100	0	0.998922
1659000	0.4000000000	0.0001000000	0.1000000000	100	100	0	0.999038
1660000	0.4000000000	0.0001000000	0.1000000000	100	100	0	0.998927
1661000	0.4000000000	0.0001000000	0.1000000000	100	100	0	0.998917
1662000	0.4000000000	0.0001000000	0.1000000000	100	100	0	0.998925
1663000	0.4000000000	0.0001000000	0.1000000000	100	100	0	0.999040
1664000	0.4000000000	0.0001000000	0.1000000000	100	100	0	0.999011
1665000	0.4000000000	0.0001000000	0.1000000000	100	100	0	0.998951
1666000	0.4000000000	0.0001000000	0.1000000000	100	100	0	0.998931
1667000	0.4000000000	0.0001000000	0.1000000000	100	100	0	0.998957
1668000	0.4000000000	0.0001000000	0.1000000000	100	100	0	0.999000
1669000	0.4000000000	0.0001000000	0.1000000000	100	100	0	0.999015
1670000	0.4000000000	0.0001000000	0.1000000000	100	100	0	0.999060
1671000	0.4000000000	0.0001000000	0.1000000000	100	100	0	0.998964
1672000	0.4000000000	0.0001000000	0.1000000000	100	100	0	0.998934
1673000	0.4000000000	0.0001000000	0.1000000000	100	100	0	0.999028
1674000	0.4000000000	0.0001000000	0.1000000000	100	100	0	0.998960
1675000	0.4000000000	0.0001000000	0.1000000000	100	100	0	0.998913
1676000	0.4000000000	0.0001000000	0.1000000000	100	100	0	0.998890
1677000	0.4000000000	0.0001000000	0.1000000000	100	100	0	0.999033
1678000	0.4000000000	0.0001000000	0.1000000000	100	100	0	0.998992
1679000	0.4000000000	0.0001000000	0.1000000000	100	100	0	0.998948
1680000	0.4000000000	0.0001000000	0.1000000000	100	100	0	0.998927
1681000	0.4000000000	0.0001000000	0.1000000000	100	100	0	0.999041
1682000	0.4000000000	0.0001000000	0.1000000000	100	100	0	0.999073
1683000	0.4000000000	0.0001000000	0.1000000000	100	100	0	0.999095
1684000	0.4000000000	0.0001000000	0.1000000000	100	100	0	0.998996
1685000	0.4000000000	0.0001000000	0.1000000000	100	100	0	0.998933
1686000	0.4000000000	0.0001000000	0.1000000000	100	100	0	0.999015
1687000	0.4000000000	0.0001000000	0.1000000000	100	100	0	0.998895
1688000	0.4000000000	0.0001000000	0.1000000000	100	100	0	0.999038
1689000	0.4000000000	0.0001000000	0.1000000000	100	100	0	0.998885
1690000	0.4000000000	0.0001000000	0.1000000000	100	100	0	0.998910
1691000	0.4000000000	0.0001000000	0.1000000000	100	100	0	0.999040
1692000	0.4000000000	0.0001000000	0.1000000000	100	100	0	0.998989
1693000	0.4000000000	0.0001000000	0.1000000000	100	100	0	0.998910
1694000	0.4000000000	0.0001000000	0.1000000000	100	100	0	0.998937
1695000	0.4000000000	0.0001000000	0.1000000000	100	100	0	0.998913
1696000	0.4000000000	0.0001000000	0.1000000000	100	100	0	0.998930
1697000	0.4000000000	0.0001000000	0.1000000000	100	100	0	0.998943
1698000	0.4000000000	0.0001000000	0.1000000000	100	100	0	0.998984
1699000	0.4000000000	0.0001000000	0.1000000000	100	100	0	0.998947
1700000	0.4000000000	0.0001000000	0.1000000000	100	100	0	0.998884
1701000	0.4000000000	0.0001000000	0.1000000000	100	100	0	0.998975
1702000	0.4000000000	0.0001000000	0.1000000000	100	100	0	0.998898
1703000	0.4000000000	0.0001000000	0.1000000000	100	100	0	0.999091
1704000	0.4000000000	0.0001000000	0.1000000000	100	100	0	0.998973
1705000	0.4000000000	0.0001000000	0.1000000000	100	100	0	0.998856
1706000	0.4000000000	0.0001000000	0.1000000000	100	100	0	0.998862
1707000	0.4000000000	0.0001000000	0.1000000000	100	100	0	0.998931
1708000	0.4000000000	0.0001000000	0.1000000000	100	100	0	0.998909
1709000	0.4000000000	0.0001000000	0.1000000000	100	100	0	0.998963
1710000	0.4000000000	0.0001000000	0.1000000000	100	100	0	0.998918
1711000	0.4000000000	0.0001000000	0.1000000000	100	100	0	0.998994
1712000	0.4000000000	0.0001000000	0.1000000000	100	100	0	0.998885
1713000	0.4000000000	0.0001000000	0.1000000000	100	100	0	0.998866
1714000	0.4000000000	0.0001000000	0.1000000000	100	100	0	0.999030
1715000	0.4000000000	0.0001000000	0.1000000000	100	100	0	0.998938
1716000	0.4000000000	0.0001000000	0.1000000000	100	100	0	0.998878
1717000	0.4000000000	0.0001000000	0.1000000000	100	100	0	0.998990
1718000	0.4000000000	0.0001000000	0.1000000000	100	100	0	0.998939
1719000	0.4000000000	0.0001000000	0.1000000000	100	100	0	0.998914
1720000	0.4000000000	0.0001000000	0.1000000000	100	100	0	0.998950
1721000	0.4000000000	0.0001000000	0.1000000000	100	100	0	0.998960
1722000	0.4000000000	0.0001000000	0.1000000000	100	100	0	0.999057
1723000	0.4000000000	0.0001000000	0.1000000000	100	100	0	0.998966
1724000	0.4000000000	0.0001000000	0.1000000000	100	100	0	0.998934
1725000	0.4000000000	0.0001000000	0.1000000000	100	100	0	0.998950
1726000	0.4000000000	0.0001000000	0.1000000000	100	100	0	0.998937
1727000	0.4000000000	0.0001000000	0.1000000000	100	100	0	0.998926
1728000	0.4000000000	0.0001000000	0.1000000000	100	100	0	0.998958
1729000	0.4000000000	0.0001000000	0.1000000000	100	100	0	0.998939
1730000	0.4000000000	0.0001000000	0.1000000000	100	100	0	0.998951
1731000	0.4000000000	0.0001000000	0.1000000000	100	100	0	0.998964
1732000	0.4000000000	0.0001000000	0.1000000000	100	100	0	0.998977
1733000	0.4000000000	0.0001000000	0.1000000000	100	100	0	0.998995
1734000	0.4000000000	0.0001000000	0.1000000000	100	100	0	0.999026
1735000	0.4000000000	0.0001000000	0.1000000000	100	100	0	0.999012
1736000	0.4000000000	0.0001000000	0.1000000000	100	100	0	0.999001
1737000	0.4000000000	0.0001000000	0.1000000000	100	100	0	0.998945
1738000	0.4000000000	0.0001000000	0.1000000000	100	100	0	0.998885
1739000	0.4000000000	0.0001000000	0.1000000000	100	100	0	0.999079
1740000	0.4000000000	0.0001000000	0.1000000000	100	100	0	0.998964
1741000	0.4000000000	0.0001000000	0.1000000000	100	100	0	0.999020
1742000	0.4000000000	0.0001000000	0.1000000000	100	100	0	0.998975
1743000	0.4000000000	0.0001000000	0.1000000000	100	100	0	0.998974
1744000	0.4000000000	0.0001000000	0.1000000000	100	100	0	0.998907
1745000	0.4000000000	0.0001000000	0.1000000000	100	100	0	0.998927
1746000	0.4000000000	0.0001000000	0.1000000000	100	100	0	0.998952
1747000	0.4000000000	0.0001000000	0.1000000000	100	100	0	0.998942
1748000	0.4000000000	0.0001000000	0.1000000000	100	100	0	0.998996
1749000	0.4000000000	0.0001000000	0.1000000000	100	100	0	0.998997
1750000	0.4000000000	0.0001000000	0.1000000000	100	100	0	0.998979
1751000	0.4000000000	0.0001000000	0.1000000000	100	100	0	0.999056
1752000	0.4000000000	0.0001000000	0.1000000000	100	100	0	0.998926
1753000	0.4000000000	0.0001000000	0.1000000000	100	100	0	0.999091
1754000	0.4000000000	0.0001000000	0.1000000000	100	100	0	0.998902
1755000	0.4000000000	0.0001000000	0.1000000000	100	100	0	0.999028
1756000	0.4000000000	0.0001000000	0.1000000000	100	100	0	0.998875
1757000	0.4000000000	0.0001000000	0.1000000000	100	100	0	0.999024
1758000	0.4000000000	0.0001000000	0.1000000000	100	100	0	0.998894
1759000	0.4000000000	0.0001000000	0.1000000000	100	100	0	0.998935
1760000	0.4000000000	0.0001000000	0.1000000000	100	100	0	0.999002
1761000	0.4000000000	0.0001000000	0.1000000000	100	100	0	0.998900
1762000	0.4000000000	0.0001000000	0.1000000000	100	100	0	0.998914
1763000	0.4000000000	0.0001000000	0.1000000000	100	100	0	0.998907
1764000	0.4000000000	0.0001000000	0.1000000000	100	100	0	0.999006
1765000	0.4000000000	0.0001000000	0.1000000000	100	100	0	0.998892
1766000	0.4000000000	0.0001000000	0.1000000000	100	100	0	0.999029
1767000	0.4000000000	0.0001000000	0.1000000000	100	100	0	0.998968
1768000	0.4000000000	0.0001000000	0.1000000000	100	100	0	0.999011
1769000	0.4000000000	0.0001000000	0.1000000000	100	100	0	0.998995
1770000	0.4000000000	0.0001000000	0.1000000000	100	100	0	0.999028
1771000	0.4000000000	0.0001000000	0.1000000000	100	100	0	0.998873
1772000	0.4000000000	0.0001000000	0.1000000000	100	100	0	0.998984
1773000	0.4000000000	0.0001000000	0.1000000000	100	100	0	0.998937
1774000	0.4000000000	0.0001000000	0.1000000000	100	100	0	0.998873
1775000	0.4000000000	0.0001000000	0.1000000000	100	100	0	0.999023
1776000	0.4000000000	0.0001000000	0.1000000000	100	100	0	0.998968
1777000	0.4000000000	0.0001000000	0.1000000000	100	100	0	0.998905
1778000	0.4000000000	0.0001000000	0.1000000000	100	100	0	0.998866
1779000	0.4000000000	0.0001000000	0.1000000000	100	100	0	0.998919
1780000	0.4000000000	0.0001000000	0.1000000000	100	100	0	0.999003
1781000	0.4000000000	0.0001000000	0.1000000000	100	100	0	0.998916
1782000	0.4000000000	0.0001000000	0.1000000000	100	100	0	0.998915
1783000	0.4000000000	0.0001000000	0.1000000000	100	100	0	0.998919
1784000	0.4000000000	0.0001000000	0.1000000000	100	100	0	0.998857
1785000	0.4000000000	0.0001000000	0.1000000000	100	100	0	0.998991
1786000	0.4000000000	0.0001000000	0.1000000000	100	100	0	0.998962
1787000	0.4000000000	0.0001000000	0.1000000000	100	100	0	0.998938
1788000	0.4000000000	0.0001000000	0.1000000000	100	100	0	0.998962
1789000	0.4000000000	0.0001000000	0.1000000000	100	100	0	0.998993
1790000	0.4000000000	0.0001000000	0.1000000000	100	100	0	0.998978
1791000	0.4000000000	0.0001000000	0.1000000000	100	100	0	0.998988
1792000	0.4000000000	0.0001000000	0.1000000000	100	100	0	0.999028
1793000	0.4000000000	0.0001000000	0.1000000000	100	100	0	0.998951
1794000	0.4000000000	0.0001000000	0.1000000000	100	100	0	0.998872
1795000	0.4000000000	0.0001000000	0.1000000000	100	100	0	0.998995
1796000	0.4000000000	0.0001000000	0.1000000000	100	100	0	0.999094
1797000	0.4000000000	0.0001000000	0.1000000000	100	100	0	0.999020
1798000	0.4000000000	0.0001000000	0.1000000000	100	100	0	0.998881
1799000	0.4000000000	0.0001000000	0.1000000000	100	100	0	0.998960
1800000	0.4000000000	0.0001000000	0.1000000000	100	100	0	0.998972
1801000	0.4000000000	0.0001000000	0.1000000000	100	100	0	0.998936
1802000	0.4000000000	0.0001000000	0.1000000000	100	100	0	0.998899
1803000	0.4000000000	0.0001000000	0.1000000000	100	100	0	0.998974
1804000	0.4000000000	0.0001000000	0.1000000000	100	100	0	0.998938
1805000	0.4000000000	0.0001000000	0.1000000000	100	100	0	0.999008
1806000	0.4000000000	0.0001000000	0.1000000000	100	100	0	0.998953
1807000	0.4000000000	0.0001000000	0.1000000000	100	100	0	0.998995
1808000	0.4000000000	0.0001000000	0.1000000000	100	100	0	0.998968
1809000	0.4000000000	0.0001000000	0.1000000000	100	100	0	0.998968
1810000	0.4000000000	0.0001000000	0.1000000000	100	100	0	0.998956
1811000	0.4000000000	0.0001000000	0.1000000000	100	100	0	0.998928
1812000	0.4000000000	0.0001000000	0.1000000000	100	100	0	0.998938
1813000	0.4000000000	0.0001000000	0.1000000000	100	100	0	0.998969
1814000	0.4000000000	0.0001000000	0.1000000000	100	100	0	0.998951
1815000	0.4000000000	0.0001000000	0.1000000000	100	100	0	0.999002
1816000	0.4000000000	0.0001000000	0.1000000000	100	100	0	0.998959
1817000	0.4000000000	0.0001000000	0.1000000000	100	100	0	0.998905
1818000	0.4000000000	0.0001000000	0.1000000000	100	100	0	0.998889
1819000	0.4000000000	0.0001000000	0.1000000000	100	100	0	0.999001
1820000	0.4000000000	0.0001000000	0.1000000000	100	100	0	0.999031
1821000	0.4000000000	0.0001000000	0.1000000000	100	100	0	0.999011
1822000	0.4000000000	0.0001000000	0.1000000000	100	100	0	0.998906
1823000	0.4000000000	0.0001000000	0.1000000000	100	100	0	0.999078
1824000	0.4000000000	0.0001000000	0.1000000000	100	100	0	0.998942
1825000	0.4000000000	0.0001000000	0.1000000000	100	100	0	0.998945
1826000	0.4000000000	0.0001000000	0.1000000000	100	100	0	0.998957
1827000	0.4000000000	0.0001000000	0.1000000000	100	100	0	0.998919
1828000	0.4000000000	0.0001000000	0.1000000000	100	100	0	0.998894
1829000	0.4000000000	0.0001000000	0.1000000000	100	100	0	0.998903
1830000	0.4000000000	0.0001000000	0.1000000000	100	100	0	0.998834
1831000	0.4000000000	0.0001000000	0.1000000000	100	100	0	0.998856
1832000	0.4000000000	0.0001000000	0.1000000000	100	100	0	0.998931
1833000	0.4000000000	0.0001000000	0.1000000000	100	100	0	0.998906
1834000	0.4000000000	0.0001000000	0.1000000000	100	100	0	0.998914
1835000	0.4000000000	0.0001000000	0.1000000000	100	100	0	0.998798
1836000	0.4000000000	0.0001000000	0.1000000000	100	100	0	0.999006
1837000	0.4000000000	0.0001000000	0.1000000000	100	100	0	0.998918
1838000	0.4000000000	0.0001000000	0.1000000000	100	100	0	0.999049
1839000	0.4000000000	0.0001000000	0.1000000000	100	100	0	0.998994
1840000	0.4000000000	0.0001000000	0.1000000000	100	100	0	0.998942
1841000	0.4000000000	0.0001000000	0.1000000000	100	100	0	0.998900
1842000	0.4000000000	0.0001000000	0.1000000000	100	100	0	0.999006
1843000	0.4000000000	0.0001000000	0.1000000000	100	100	0	0.998907
1844000	0.4000000000	0.0001000000	0.1000000000	100	100	0	0.998899
1845000	0.4000000000	0.0001000000	0.1000000000	100	100	0	0.998882
1846000	0.4000000000	0.0001000000	0.1000000000	100	100	0	0.998848
1847000	0.4000000000	0.0001000000	0.1000000000	100	100	0	0.998902
1848000	0.4000000000	0.0001000000	0.1000000000	100	100	0	0.998955
1849000	0.4000000000	0.0001000000	0.1000000000	100	100	0	0.998891
1850000	0.4000000000	0.0001000000	0.1000000000	100	100	0	0.998886
1851000	0.4000000000	0.0001000000	0.1000000000	100	100	0	0.998919
1852000	0.4000000000	0.0001000000	0.1000000000	100	100	0	0.998946
1853000	0.4000000000	0.0001000000	0.1000000000	100	100	0	0.998967
1854000	0.4000000000	0.0001000000	0.1000000000	100	100	0	0.998929
1855000	0.4000000000	0.0001000000	0.1000000000	100	100	0	0.998941
1856000	0.4000000000	0.0001000000	0.1000000000	100	100	0	0.998966
1857000	0.4000000000	0.0001000000	0.1000000000	100	100	0	0.999063
1858000	0.4000000000	0.0001000000	0.1000000000	100	100	0	0.998966
1859000	0.4000000000	0.0001000000	0.1000000000	100	100	0	0.999080
1860000	0.4000000000	0.0001000000	0.1000000000	100	100	0	0.998924
1861000	0.4000000000	0.0001000000	0.1000000000	100	100	0	0.998928
1862000	0.4000000000	0.0001000000	0.1000000000	100	100	0	0.999040
1863000	0.4000000000	0.0001000000	0.1000000000	100	100	0	0.998920
1864000	0.4000000000	0.0001000000	0.1000000000	100	100	0	0.998946
1865000	0.4000000000	0.0001000000	0.1000000000	100	100	0	0.998874
1866000	0.4000000000	0.0001000000	0.1000000000	100	100	0	0.998998
1867000	0.4000000000	0.0001000000	0.1000000000	100	100	0	0.998947
1868000	0.4000000000	0.0001000000	0.1000000000	100	100	0	0.998884
1869000	0.4000000000	0.0001000000	0.1000000000	100	100	0	0.998912
1870000	0.4000000000	0.0001000000	0.1000000000	100	100	0	0.998891
1871000	0.4000000000	0.0001000000	0.1000000000	100	100	0	0.998924
1872000	0.4000000000	0.0001000000	0.1000000000	100	100	0	0.998892
1873000	0.4000000000	0.0001000000	0.1000000000	100	100	0	0.999002
1874000	0.4000000000	0.0001000000	0.1000000000	100	100	0	0.998880
1875000	0.4000000000	0.0001000000	0.1000000000	100	100	0	0.998973
1876000	0.4000000000	0.0001000000	0.1000000000	100	100	0	0.998923
1877000	0.4000000000	0.0001000000	0.1000000000	100	100	0	0.998984
1878000	0.4000000000	0.0001000000	0.1000000000	100	100	0	0.998971
1879000	0.4000000000	0.0001000000	0.1000000000	100	100	0	0.998901
1880000	0.4000000000	0.0001000000	0.1000000000	100	100	0	0.998937
1881000	0.4000000000	0.0001000000	0.1000000000	100	100	0	0.998969
1882000	0.4000000000	0.0001000000	0.1000000000	100	100	0	0.998919
1883000	0.4000000000	0.0001000000	0.1000000000	100	100	0	0.998991
1884000	0.4000000000	0.0001000000	0.1000000000	100	100	0	0.998879
1885000	0.4000000000	0.0001000000	0.1000000000	100	100	0	0.998936
1886000	0.4000000000	0.0001000000	0.1000000000	100	100	0	0.998885
1887000	0.4000000000	0.0001000000	0.1000000000	100	100	0	0.998895
1888000	0.4000000000	0.0001000000	0.1000000000	100	100	0	0.998952
1889000	0.4000000000	0.0001000000	0.1000000000	100	100	0	0.998896
1890000	0.4000000000	0.0001000000	0.1000000000	100	100	0	0.998968
1891000	0.4000000000	0.0001000000	0.1000000000	100	100	0	0.998935
1892000	0.4000000000	0.0001000000	0.1000000000	100	100	0	0.998959
1893000	0.4000000000	0.0001000000	0.1000000000	100	100	0	0.999064
1894000	0.4000000000	0.0001000000	0.1000000000	100	100	0	0.998904
1895000	0.4000000000	0.0001000000	0.1000000000	100	100	0	0.998991
1896000	0.4000000000	0.0001000000	0.1000000000	100	100	0	0.998963
1897000	0.4000000000	0.0001000000	0.1000000000	100	100	0	0.998966
1898000	0.4000000000	0.0001000000	0.1000000000	100	100	0	0.998943
1899000	0.4000000000	0.0001000000	0.1000000000	100	100	0	0.998995
1900000	0.4000000000	0.0001000000	0.1000000000	100	100	0	0.998940
1901000	0.4000000000	0.0001000000	0.1000000000	100	100	0	0.999005
1902000	0.4000000000	0.0001000000	0.1000000000	100	100	0	0.998939
1903000	0.4000000000	0.0001000000	0.1000000000	100	100	0	0.998931
1904000	0.4000000000	0.0001000000	0.1000000000	100	100	0	0.998989
1905000	0.4000000000	0.0001000000	0.1000000000	100	100	0	0.999026
1906000	0.4000000000	0.0001000000	0.1000000000	100	100	0	0.998918
1907000	0.4000000000	0.0001000000	0.1000000000	100	100	0	0.998921
1908000	0.4000000000	0.0001000000	0.1000000000	100	100	0	0.998885
1909000	0.4000000000	0.0001000000	0.1000000000	100	100	0	0.998967
1910000	0.4000000000	0.0001000000	0.1000000000	100	100	0	0.998872
1911000	0.4000000000	0.0001000000	0.1000000000	100	100	0	0.998962
1912000	0.4000000000	0.0001000000	0.1000000000	100	100	0	0.998932
1913000	0.4000000000	0.0001000000	0.1000000000	100	100	0	0.998943
1914000	0.4000000000	0.0001000000	0.1000000000	100	100	0	0.998946
1915000	0.4000000000	0.0001000000	0.1000000000	100	100	0	0.998998
1916000	0.4000000000	0.0001000000	0.1000000000	100	100	0	0.999027
1917000	0.4000000000	0.0001000000	0.1000000000	100	100	0	0.999037
1918000	0.4000000000	0.0001000000	0.1000000000	100	100	0	0.999043
1919000	0.4000000000	0.0001000000	0.1000000000	100	100	0	0.998994
1920000	0.4000000000	0.0001000000	0.1000000000	100	100	0	0.998933
1921000	0.4000000000	0.0001000000	0.1000000000	100	100	0	0.998951
1922000	0.4000000000	0.0001000000	0.1000000000	100	100	0	0.998915
1923000	0.4000000000	0.0001000000	0.1000000000	100	100	0	0.998874
1924000	0.4000000000	0.0001000000	0.1000000000	100	100	0	0.998848
1925000	0.4000000000	0.0001000000	0.1000000000	100	100	0	0.999025
1926000	0.4000000000	0.0001000000	0.1000000000	100	100	0	0.998997
1927000	0.4000000000	0.0001000000	0.1000000000	100	100	0	0.998966
1928000	0.4000000000	0.0001000000	0.1000000000	100	100	0	0.998997
1929000	0.4000000000	0.0001000000	0.1000000000	100	100	0	0.998986
1930000	0.4000000000	0.0001000000	0.1000000000	100	100	0	0.999043
1931000	0.4000000000	0.0001000000	0.1000000000	100	100	0	0.998975
1932000	0.4000000000	0.0001000000	0.1000000000	100	100	0	0.998997
1933000	0.4000000000	0.0001000000	0.1000000000	100	100	0	0.998996
1934000	0.4000000000	0.0001000000	0.1000000000	100	100	0	0.998964
1935000	0.4000000000	0.0001000000	0.1000000000	100	100	0	0.998911
1936000	0.4000000000	0.0001000000	0.1000000000	100	100	0	0.998926
1937000	0.4000000000	0.0001000000	0.1000000000	100	100	0	0.999013
1938000	0.4000000000	0.0001000000	0.1000000000	100	100	0	0.998970
1939000	0.4000000000	0.0001000000	0.1000000000	100	100	0	0.999090
1940000	0.4000000000	0.0001000000	0.1000000000	100	100	0	0.999000
1941000	0.4000000000	0.0001000000	0.1000000000	100	100	0	0.998893
1942000	0.4000000000	0.0001000000	0.1000000000	100	100	0	0.998891
1943000	0.4000000000	0.0001000000	0.1000000000	100	100	0	0.998932
1944000	0.4000000000	0.0001000000	0.1000000000	100	100	0	0.998917
1945000	0.4000000000	0.0001000000	0.1000000000	100	100	0	0.998961
1946000	0.4000000000	0.0001000000	0.1000000000	100	100	0	0.998922
1947000	0.4000000000	0.0001000000	0.1000000000	100	100	0	0.999022
1948000	0.4000000000	0.0001000000	0.1000000000	100	100	0	0.998837
1949000	0.4000000000	0.0001000000	0.1000000000	100	100	0	0.998938
1950000	0.4000000000	0.0001000000	0.1000000000	100	100	0	0.998965
1951000	0.4000000000	0.0001000000	0.1000000000	100	100	0	0.998949
1952000	0.4000000000	0.0001000000	0.1000000000	100	100	0	0.998995
1953000	0.4000000000	0.0001000000	0.1000000000	100	100	0	0.999005
1954000	0.4000000000	0.0001000000	0.1000000000	100	100	0	0.999019
1955000	0.4000000000	0.0001000000	0.1000000000	100	100	0	0.998951
1956000	0.4000000000	0.0001000000	0.1000000000	100	100	0	0.998922
1957000	0.4000000000	0.0001000000	0.1000000000	100	100	0	0.998921
1958000	0.4000000000	0.0001000000	0.1000000000	100	100	0	0.998911
1959000	0.4000000000	0.0001000000	0.1000000000	100	100	0	0.998915
1960000	0.4000000000	0.0001000000	0.1000000000	100	100	0	0.998992
1961000	0.4000000000	0.0001000000	0.1000000000	100	100	0	0.999016
1962000	0.4000000000	0.0001000000	0.1000000000	100	100	0	0.998921
1963000	0.4000000000	0.0001000000	0.1000000000	100	100	0	0.998978
1964000	0.4000000000	0.0001000000	0.1000000000	100	100	0	0.999016
1965000	0.4000000000	0.0001000000	0.1000000000	100	100	0	0.998968
1966000	0.4000000000	0.0001000000	0.1000000000	100	100	0	0.998900
1967000	0.4000000000	0.0001000000	0.1000000000	100	100	0	0.998994
1968000	0.4000000000	0.0001000000	0.1000000000	100	100	0	0.998947
1969000	0.4000000000	0.0001000000	0.1000000000	100	100	0	0.998941
1970000	0.4000000000	0.0001000000	0.1000000000	100	100	0	0.998960
1971000	0.4000000000	0.0001000000	0.1000000000	100	100	0	0.998888
1972000	0.4000000000	0.0001000000	0.1000000000	100	100	0	0.998970
1973000	0.4000000000	0.0001000000	0.1000000000	100	100	0	0.998977
1974000	0.4000000000	0.0001000000	0.1000000000	100	100	0	0.998963
1975000	0.4000000000	0.0001000000	0.1000000000	100	100	0	0.998936
1976000	0.4000000000	0.0001000000	0.1000000000	100	100	0	0.998912
1977000	0.4000000000	0.0001000000	0.1000000000	100	100	0	0.999020
1978000	0.4000000000	0.0001000000	0.1000000000	100	100	0	0.998918
1979000	0.4000000000	0.0001000000	0.1000000000	100	100	0	0.998872
1980000	0.4000000000	0.0001000000	0.1000000000	100	100	0	0.998902
1981000	0.4000000000	0.0001000000	0.1000000000	100	100	0	0.998929
1982000	0.4000000000	0.0001000000	0.1000000000	100	100	0	0.998959
1983000	0.4000000000	0.0001000000	0.1000000000	100	100	0	0.998965
1984000	0.4000000000	0.0001000000	0.1000000000	100	100	0	0.998944
1985000	0.4000000000	0.0001000000	0.1000000000	100	100	0	0.999034
1986000	0.4000000000	0.0001000000	0.1000000000	100	100	0	0.998987
1987000	0.4000000000	0.0001000000	0.1000000000	100	100	0	0.999055
1988000	0.4000000000	0.0001000000	0.1000000000	100	100	0	0.999015
1989000	0.4000000000	0.0001000000	0.1000000000	100	100	0	0.998927
1990000	0.4000000000	0.0001000000	0.1000000000	100	100	0	0.998952
1991000	0.4000000000	0.0001000000	0.1000000000	100	100	0	0.998874
1992000	0.4000000000	0.0001000000	0.1000000000	100	100	0	0.998983
1993000	0.4000000000	0.0001000000	0.1000000000	100	100	0	0.998885
1994000	0.4000000000	0.0001000000	0.1000000000	100	100	0	0.998991
1995000	0.4000000000	0.0001000000	0.1000000000	100	100	0	0.999039
1996000	0.4000000000	0.0001000000	0.1000000000	100	100	0	0.998879
1997000	0.4000000000	0.0001000000	0.1000000000	100	100	0	0.998965
1998000	0.4000000000	0.0001000000	0.1000000000	100	100	0	0.998922
1999000	0.4000000000	0.0001000000	0.1000000000	100	100	0	0.998888
2000000	0.4000000000	0.0001000000	0.1000000000	100	100	0	0.999007
2001000	0.4000000000	0.0001000000	0.1000000000	100	100	0	0.998973
2002000	0.4000000000	0.0001000000	0.1000000000	100	100	0	0.998871
2003000	0.4000000000	0.0001000000	0.1000000000	100	100	0	0.998964
2004000	0.4000000000	0.0001000000	0.1000000000	100	100	0	0.998944
2005000	0.4000000000	0.0001000000	0.1000000000	100	100	0	0.998930
2006000	0.4000000000	0.0001000000	0.1000000000	100	100	0	0.998928
2007000	0.4000000000	0.0001000000	0.1000000000	100	100	0	0.998834
2008000	0.4000000000	0.0001000000	0.1000000000	100	100	0	0.998899
2009000	0.4000000000	0.0001000000	0.1000000000	100	100	0	0.998967
2010000	0.4000000000	0.0001000000	0.1000000000	100	100	0	0.998931
2011000	0.4000000000	0.0001000000	0.1000000000	100	100	0	0.998921
2012000	0.4000000000	0.0001000000	0.1000000000	100	100	0	0.998991
2013000	0.4000000000	0.0001000000	0.1000000000	100	100	0	0.998929
2014000	0.4000000000	0.0001000000	0.1000000000	100	100	0	0.999000
2015000	0.4000000000	0.0001000000	0.1000000000	100	100	0	0.998940
2016000	0.4000000000	0.0001000000	0.1000000000	100	100	0	0.998913
2017000	0.4000000000	0.0001000000	0.1000000000	100	100	0	0.998924
2018000	0.4000000000	0.0001000000	0.1000000000	100	100	0	0.999023
2019000	0.4000000000	0.0001000000	0.1000000000	100	100	0	0.998877
2020000	0.4000000000	0.0001000000	0.1000000000	100	100	0	0.998983
2021000	0.4000000000	0.0001000000	0.1000000000	100	100	0	0.998841
2022000	0.4000000000	0.0001000000	0.1000000000	100	100	0	0.998897
2023000	0.4000000000	0.0001000000	0.1000000000	100	100	0	0.998881
2024000	0.4000000000	0.0001000000	0.1000000000	100	100	0	0.998922
2025000	0.4000000000	0.0001000000	0.1000000000	100	100	0	0.998983
2026000	0.4000000000	0.0001000000	0.1000000000	100	100	0	0.998943
2027000	0.4000000000	0.0001000000	0.1000000000	100	100	0	0.998985
2028000	0.4000000000	0.0001000000	0.1000000000	100	100	0	0.998957
2029000	0.4000000000	0.0001000000	0.1000000000	100	100	0	0.998943
2030000	0.4000000000	0.0001000000	0.1000000000	100	100	0	0.998934
2031000	0.4000000000	0.0001000000	0.1000000000	100	100	0	0.998994
2032000	0.4000000000	0.0001000000	0.1000000000	100	100	0	0.999053
2033000	0.4000000000	0.0001000000	0.1000000000	100	100	0	0.999056
2034000	0.4000000000	0.0001000000	0.1000000000	100	100	0	0.998979
2035000	0.4000000000	0.0001000000	0.1000000000	100	100	0	0.998934
2036000	0.4000000000	0.0001000000	0.1000000000	100	100	0	0.998996
2037000	0.4000000000	0.0001000000	0.1000000000	100	100	0	0.998960
2038000	0.4000000000	0.0001000000	0.1000000000	100	100	0	0.999028
2039000	0.4000000000	0.0001000000	0.1000000000	100	100	0	0.998996
2040000	0.4000000000	0.0001000000	0.1000000000	100	100	0	0.998998
2041000	0.4000000000	0.0001000000	0.1000000000	100	100	0	0.998908
2042000	0.4000000000	0.0001000000	0.1000000000	100	100	0	0.998905
2043000	0.4000000000	0.0001000000	0.1000000000	100	100	0	0.998889
2044000	0.4000000000	0.0001000000	0.1000000000	100	100	0	0.999039
2045000	0.4000000000	0.0001000000	0.1000000000	100	100	0	0.998977
2046000	0.4000000000	0.0001000000	0.1000000000	100	100	0	0.999001
2047000	0.4000000000	0.0001000000	0.1000000000	100	100	0	0.998967
2048000	0.4000000000	0.0001000000	0.1000000000	100	100	0	0.998926
2049000	0.4000000000	0.0001000000	0.1000000000	100	100	0	0.998924
2050000	0.4000000000	0.0001000000	0.1000000000	100	100	0	0.998984
2051000	0.4000000000	0.0001000000	0.1000000000	100	100	0	0.999048
2052000	0.4000000000	0.0001000000	0.1000000000	100	100	0	0.999028
2053000	0.4000000000	0.0001000000	0.1000000000	100	100	0	0.998885
2054000	0.4000000000	0.0001000000	0.1000000000	100	100	0	0.998916
2055000	0.4000000000	0.0001000000	0.1000000000	100	100	0	0.998991
2056000	0.4000000000	0.0001000000	0.1000000000	100	100	0	0.998947
2057000	0.4000000000	0.0001000000	0.1000000000	100	100	0	0.998861
2058000	0.4000000000	0.0001000000	0.1000000000	100	100	0	0.998985
2059000	0.4000000000	0.0001000000	0.1000000000	100	100	0	0.998934
2060000	0.4000000000	0.0001000000	0.1000000000	100	100	0	0.998913
2061000	0.4000000000	0.0001000000	0.1000000000	100	100	0	0.998903
2062000	0.4000000000	0.0001000000	0.1000000000	100	100	0	0.998914
2063000	0.4000000000	0.0001000000	0.1000000000	100	100	0	0.998953
2064000	0.4000000000	0.0001000000	0.1000000000	100	100	0	0.998961
2065000	0.4000000000	0.0001000000	0.1000000000	100	100	0	0.998940
2066000	0.4000000000	0.0001000000	0.1000000000	100	100	0	0.998985
2067000	0.4000000000	0.0001000000	0.1000000000	100	100	0	0.998975
2068000	0.4000000000	0.0001000000	0.1000000000	100	100	0	0.998971
2069000	0.4000000000	0.0001000000	0.1000000000	100	100	0	0.998945
2070000	0.4000000000	0.0001000000	0.1000000000	100	100	0	0.998893
2071000	0.4000000000	0.0001000000	0.1000000000	100	100	0	0.998935
2072000	0.4000000000	0.0001000000	0.1000000000	100	100	0	0.999042
2073000	0.4000000000	0.0001000000	0.1000000000	100	100	0	0.998981
2074000	0.4000000000	0.0001000000	0.1000000000	100	100	0	0.999055
2075000	0.4000000000	0.0001000000	0.1000000000	100	100	0	0.998959
2076000	0.4000000000	0.0001000000	0.1000000000	100	100	0	0.998981
2077000	0.4000000000	0.0001000000	0.1000000000	100	100	0	0.998930
2078000	0.4000000000	0.0001000000	0.1000000000	100	100	0	0.999027
2079000	0.4000000000	0.0001000000	0.1000000000	100	100	0	0.999055
2080000	0.4000000000	0.0001000000	0.1000000000	100	100	0	0.999004
2081000	0.4000000000	0.0001000000	0.1000000000	100	100	0	0.998908
2082000	0.4000000000	0.0001000000	0.1000000000	100	100	0	0.998992
2083000	0.4000000000	0.0001000000	0.1000000000	100	100	0	0.998985
2084000	0.4000000000	0.0001000000	0.1000000000	100	100	0	0.998908
2085000	0.4000000000	0.0001000000	0.1000000000	100	100	0	0.998921
2086000	0.4000000000	0.0001000000	0.1000000000	100	100	0	0.998967
2087000	0.4000000000	0.0001000000	0.1000000000	100	100	0	0.999010
2088000	0.4000000000	0.0001000000	0.1000000000	100	100	0	0.998942
2089000	0.4000000000	0.0001000000	0.1000000000	100	100	0	0.999041
2090000	0.4000000000	0.0001000000	0.1000000000	100	100	0	0.999001
2091000	0.4000000000	0.0001000000	0.1000000000	100	100	0	0.998956
2092000	0.4000000000	0.0001000000	0.1000000000	100	100	0	0.998999
2093000	0.4000000000	0.0001000000	0.1000000000	100	100	0	0.998971
2094000	0.4000000000	0.0001000000	0.1000000000	100	100	0	0.998981
2095000	0.4000000000	0.0001000000	0.1000000000	100	100	0	0.998989
2096000	0.4000000000	0.0001000000	0.1000000000	100	100	0	0.998895
2097000	0.4000000000	0.0001000000	0.1000000000	100	100	0	0.998927
2098000	0.4000000000	0.0001000000	0.1000000000	100	100	0	0.999004
2099000	0.4000000000	0.0001000000	0.1000000000	100	100	0	0.999010
2100000	0.4000000000	0.0001000000	0.1000000000	100	100	0	0.998857
2101000	0.4000000000	0.0001000000	0.1000000000	100	100	0	0.998902
2102000	0.4000000000	0.0001000000	0.1000000000	100	100	0	0.998967
2103000	0.4000000000	0.0001000000	0.1000000000	100	100	0	0.998939
2104000	0.4000000000	0.0001000000	0.1000000000	100	100	0	0.998948
2105000	0.4000000000	0.0001000000	0.1000000000	100	100	0	0.998959
2106000	0.4000000000	0.0001000000	0.1000000000	100	100	0	0.998920
2107000	0.4000000000	0.0001000000	0.1000000000	100	100	0	0.998969
2108000	0.4000000000	0.0001000000	0.1000000000	100	100	0	0.998877
2109000	0.4000000000	0.0001000000	0.1000000000	100	100	0	0.999032
2110000	0.4000000000	0.0001000000	0.1000000000	100	100	0	0.999004
2111000	0.4000000000	0.0001000000	0.1000000000	100	100	0	0.998928
2112000	0.4000000000	0.0001000000	0.1000000000	100	100	0	0.998865
2113000	0.4000000000	0.0001000000	0.1000000000	100	100	0	0.998900
2114000	0.4000000000	0.0001000000	0.1000000000	100	100	0	0.998993
2115000	0.4000000000	0.0001000000	0.1000000000	100	100	0	0.998943
2116000	0.4000000000	0.0001000000	0.1000000000	100	100	0	0.998932
2117000	0.4000000000	0.0001000000	0.1000000000	100	100	0	0.998948
2118000	0.4000000000	0.0001000000	0.1000000000	100	100	0	0.998903
2119000	0.4000000000	0.0001000000	0.1000000000	100	100	0	0.999054
2120000	0.4000000000	0.0001000000	0.1000000000	100	100	0	0.998938
2121000	0.4000000000	0.0001000000	0.1000000000	100	100	0	0.999065
2122000	0.4000000000	0.0001000000	0.1000000000	100	100	0	0.998920
2123000	0.4000000000	0.0001000000	0.1000000000	100	100	0	0.998865
2124000	0.4000000000	0.0001000000	0.1000000000	100	100	0	0.998953
2125000	0.4000000000	0.0001000000	0.1000000000	100	100	0	0.998925
2126000	0.4000000000	0.0001000000	0.1000000000	100	100	0	0.998913
2127000	0.4000000000	0.0001000000	0.1000000000	100	100	0	0.998948
2128000	0.4000000000	0.0001000000	0.1000000000	100	100	0	0.998980
2129000	0.4000000000	0.0001000000	0.1000000000	100	100	0	0.998936
2130000	0.4000000000	0.0001000000	0.1000000000	100	100	0	0.998976
2131000	0.4000000000	0.0001000000	0.1000000000	100	100	0	0.998873
2132000	0.4000000000	0.0001000000	0.1000000000	100	100	0	0.998880
2133000	0.4000000000	0.0001000000	0.1000000000	100	100	0	0.998990
2134000	0.4000000000	0.0001000000	0.1000000000	100	100	0	0.998911
2135000	0.4000000000	0.0001000000	0.1000000000	100	100	0	0.998891
2136000	0.4000000000	0.0001000000	0.1000000000	100	100	0	0.998898
2137000	0.4000000000	0.0001000000	0.1000000000	100	100	0	0.998980
2138000	0.4000000000	0.0001000000	0.1000000000	100	100	0	0.998905
2139000	0.4000000000	0.0001000000	0.1000000000	100	100	0	0.998948
2140000	0.4000000000	0.0001000000	0.1000000000	100	100	0	0.998883
2141000	0.4000000000	0.0001000000	0.1000000000	100	100	0	0.998919
2142000	0.4000000000	0.0001000000	0.1000000000	100	100	0	0.999039
2143000	0.4000000000	0.0001000000	0.1000000000	100	100	0	0.998951
2144000	0.4000000000	0.0001000000	0.1000000000	100	100	0	0.998938
2145000	0.4000000000	0.0001000000	0.1000000000	100	100	0	0.998951
2146000	0.4000000000	0.0001000000	0.1000000000	100	100	0	0.998903
2147000	0.4000000000	0.0001000000	0.1000000000	100	100	0	0.998992
2148000	0.4000000000	0.0001000000	0.1000000000	100	100	0	0.999155
2149000	0.4000000000	0.0001000000	0.1000000000	100	100	0	0.999037
2150000	0.4000000000	0.0001000000	0.1000000000	100	100	0	0.998938
2151000	0.4000000000	0.0001000000	0.1000000000	100	100	0	0.998943
2152000	0.4000000000	0.0001000000	0.1000000000	100	100	0	0.998950
2153000	0.4000000000	0.0001000000	0.1000000000	100	100	0	0.998948
2154000	0.4000000000	0.0001000000	0.1000000000	100	100	0	0.998920
2155000	0.4000000000	0.0001000000	0.1000000000	100	100	0	0.998948
2156000	0.4000000000	0.0001000000	0.1000000000	100	100	0	0.999023
2157000	0.4000000000	0.0001000000	0.1000000000	100	100	0	0.998951
2158000	0.4000000000	0.0001000000	0.1000000000	100	100	0	0.998972
2159000	0.4000000000	0.0001000000	0.1000000000	100	100	0	0.999033
2160000	0.4000000000	0.0001000000	0.1000000000	100	100	0	0.999022
2161000	0.4000000000	0.0001000000	0.1000000000	100	100	0	0.998990
2162000	0.4000000000	0.0001000000	0.1000000000	100	100	0	0.998958
2163000	0.4000000000	0.0001000000	0.1000000000	100	100	0	0.999025
2164000	0.4000000000	0.0001000000	0.1000000000	100	100	0	0.998948
2165000	0.4000000000	0.0001000000	0.1000000000	100	100	0	0.998910
2166000	0.4000000000	0.0001000000	0.1000000000	100	100	0	0.999051
2167000	0.4000000000	0.0001000000	0.1000000000	100	100	0	0.998948
2168000	0.4000000000	0.0001000000	0.1000000000	100	100	0	0.998971
2169000	0.4000000000	0.0001000000	0.1000000000	100	100	0	0.999011
2170000	0.4000000000	0.0001000000	0.1000000000	100	100	0	0.998964
2171000	0.4000000000	0.0001000000	0.1000000000	100	100	0	0.998949
2172000	0.4000000000	0.0001000000	0.1000000000	100	100	0	0.998957
2173000	0.4000000000	0.0001000000	0.1000000000	100	100	0	0.998967
2174000	0.4000000000	0.0001000000	0.1000000000	100	100	0	0.998945
2175000	0.4000000000	0.0001000000	0.1000000000	100	100	0	0.998991
2176000	0.4000000000	0.0001000000	0.1000000000	100	100	0	0.998982
2177000	0.4000000000	0.0001000000	0.1000000000	100	100	0	0.998910
2178000	0.4000000000	0.0001000000	0.1000000000	100	100	0	0.998971
2179000	0.4000000000	0.0001000000	0.1000000000	100	100	0	0.999011
2180000	0.4000000000	0.0001000000	0.1000000000	100	100	0	0.999081
2181000	0.4000000000	0.0001000000	0.1000000000	100	100	0	0.998942
2182000	0.4000000000	0.0001000000	0.1000000000	100	100	0	0.998931
2183000	0.4000000000	0.0001000000	0.1000000000	100	100	0	0.998940
2184000	0.4000000000	0.0001000000	0.1000000000	100	100	0	0.998882
2185000	0.4000000000	0.0001000000	0.1000000000	100	100	0	0.998925
2186000	0.4000000000	0.0001000000	0.1000000000	100	100	0	0.998934
2187000	0.4000000000	0.0001000000	0.1000000000	100	100	0	0.998859
2188000	0.4000000000	0.0001000000	0.1000000000	100	100	0	0.998906
2189000	0.4000000000	0.0001000000	0.1000000000	100	100	0	0.999042
2190000	0.4000000000	0.0001000000	0.1000000000	100	100	0	0.998937
2191000	0.4000000000	0.0001000000	0.1000000000	100	100	0	0.999030
2192000	0.4000000000	0.0001000000	0.1000000000	100	100	0	0.998938
2193000	0.4000000000	0.0001000000	0.1000000000	100	100	0	0.998945
2194000	0.4000000000	0.0001000000	0.1000000000	100	100	0	0.998888
2195000	0.4000000000	0.0001000000	0.1000000000	100	100	0	0.998934
2196000	0.4000000000	0.0001000000	0.1000000000	100	100	0	0.999043
2197000	0.4000000000	0.0001000000	0.1000000000	100	100	0	0.999011
2198000	0.4000000000	0.0001000000	0.1000000000	100	100	0	0.998994
2199000	0.4000000000	0.0001000000	0.1000000000	100	100	0	0.999008
2200000	0.4000000000	0.0001000000	0.1000000000	100	100	0	0.998965
2201000	0.4000000000	0.0001000000	0.1000000000	100	100	0	0.998997
2202000	0.4000000000	0.0001000000	0.1000000000	100	100	0	0.999034
2203000	0.4000000000	0.0001000000	0.1000000000	100	100	0	0.999014
2204000	0.4000000000	0.0001000000	0.1000000000	100	100	0	0.998957
2205000	0.4000000000	0.0001000000	0.1000000000	100	100	0	0.999087
2206000	0.4000000000	0.0001000000	0.1000000000	100	100	0	0.998986
2207000	0.4000000000	0.0001000000	0.1000000000	100	100	0	0.998987
2208000	0.4000000000	0.0001000000	0.1000000000	100	100	0	0.998832
2209000	0.4000000000	0.0001000000	0.1000000000	100	100	0	0.998986
2210000	0.4000000000	0.0001000000	0.1000000000	100	100	0	0.999038
2211000	0.4000000000	0.0001000000	0.1000000000	100	100	0	0.998971
2212000	0.4000000000	0.0001000000	0.1000000000	100	100	0	0.998900
2213000	0.4000000000	0.0001000000	0.1000000000	100	100	0	0.998926
2214000	0.4000000000	0.0001000000	0.1000000000	100	100	0	0.998921
2215000	0.4000000000	0.0001000000	0.1000000000	100	100	0	0.998920
2216000	0.4000000000	0.0001000000	0.1000000000	100	100	0	0.998967
2217000	0.4000000000	0.0001000000	0.1000000000	100	100	0	0.998855
2218000	0.4000000000	0.0001000000	0.1000000000	100	100	0	0.998896
2219000	0.4000000000	0.0001000000	0.1000000000	100	100	0	0.998945
2220000	0.4000000000	0.0001000000	0.1000000000	100	100	0	0.998976
2221000	0.4000000000	0.0001000000	0.1000000000	100	100	0	0.998955
2222000	0.4000000000	0.0001000000	0.1000000000	100	100	0	0.998976
2223000	0.4000000000	0.0001000000	0.1000000000	100	100	0	0.998966
2224000	0.4000000000	0.0001000000	0.1000000000	100	100	0	0.999047
2225000	0.4000000000	0.0001000000	0.1000000000	100	100	0	0.999001
2226000	0.4000000000	0.0001000000	0.1000000000	100	100	0	0.998945
2227000	0.4000000000	0.0001000000	0.1000000000	100	100	0	0.998974
2228000	0.4000000000	0.0001000000	0.1000000000	100	100	0	0.998977
2229000	0.4000000000	0.0001000000	0.1000000000	100	100	0	0.998930
2230000	0.4000000000	0.0001000000	0.1000000000	100	100	0	0.999018
2231000	0.4000000000	0.0001000000	0.1000000000	100	100	0	0.998955
2232000	0.4000000000	0.0001000000	0.1000000000	100	100	0	0.998986
2233000	0.4000000000	0.0001000000	0.1000000000	100	100	0	0.998985
2234000	0.4000000000	0.0001000000	0.1000000000	100	100	0	0.998931
2235000	0.4000000000	0.0001000000	0.1000000000	100	100	0	0.998973
2236000	0.4000000000	0.0001000000	0.1000000000	100	100	0	0.998847
2237000	0.4000000000	0.0001000000	0.1000000000	100	100	0	0.998984
2238000	0.4000000000	0.0001000000	0.1000000000	100	100	0	0.998996
2239000	0.4000000000	0.0001000000	0.1000000000	100	100	0	0.999065
2240000	0.4000000000	0.0001000000	0.1000000000	100	100	0	0.998921
2241000	0.4000000000	0.0001000000	0.1000000000	100	100	0	0.998879
2242000	0.4000000000	0.0001000000	0.1000000000	100	100	0	0.998946
2243000	0.4000000000	0.0001000000	0.1000000000	100	100	0	0.998922
2244000	0.4000000000	0.0001000000	0.1000000000	100	100	0	0.999072
2245000	0.4000000000	0.0001000000	0.1000000000	100	100	0	0.998983
2246000	0.4000000000	0.0001000000	0.1000000000	100	100	0	0.998928
2247000	0.4000000000	0.0001000000	0.1000000000	100	100	0	0.998947
2248000	0.4000000000	0.0001000000	0.1000000000	100	100	0	0.998959
2249000	0.4000000000	0.0001000000	0.1000000000	100	100	0	0.998836
2250000	0.4000000000	0.0001000000	0.1000000000	100	100	0	0.998933
2251000	0.4000000000	0.0001000000	0.1000000000	100	100	0	0.998968
2252000	0.4000000000	0.0001000000	0.1000000000	100	100	0	0.999034
2253000	0.4000000000	0.0001000000	0.1000000000	100	100	0	0.999014
2254000	0.4000000000	0.0001000000	0.1000000000	100	100	0	0.999029
2255000	0.4000000000	0.0001000000	0.1000000000	100	100	0	0.999017
2256000	0.4000000000	0.0001000000	0.1000000000	100	100	0	0.998952
2257000	0.4000000000	0.0001000000	0.1000000000	100	100	0	0.998936
2258000	0.4000000000	0.0001000000	0.1000000000	100	100	0	0.998921
2259000	0.4000000000	0.0001000000	0.1000000000	100	100	0	0.998985
2260000	0.4000000000	0.0001000000	0.1000000000	100	100	0	0.999034
2261000	0.4000000000	0.0001000000	0.1000000000	100	100	0	0.998956
2262000	0.4000000000	0.0001000000	0.1000000000	100	100	0	0.998991
2263000	0.4000000000	0.0001000000	0.1000000000	100	100	0	0.998921
2264000	0.4000000000	0.0001000000	0.1000000000	100	100	0	0.998994
2265000	0.4000000000	0.0001000000	0.1000000000	100	100	0	0.998955
2266000	0.4000000000	0.0001000000	0.1000000000	100	100	0	0.999078
2267000	0.4000000000	0.0001000000	0.1000000000	100	100	0	0.998979
2268000	0.4000000000	0.0001000000	0.1000000000	100	100	0	0.998980
2269000	0.4000000000	0.0001000000	0.1000000000	100	100	0	0.998982
2270000	0.4000000000	0.0001000000	0.1000000000	100	100	0	0.999009
2271000	0.4000000000	0.0001000000	0.1000000000	100	100	0	0.998955
2272000	0.4000000000	0.0001000000	0.1000000000	100	100	0	0.998943
2273000	0.4000000000	0.0001000000	0.1000000000	100	100	0	0.998887
2274000	0.4000000000	0.0001000000	0.1000000000	100	100	0	0.998945
2275000	0.4000000000	0.0001000000	0.1000000000	100	100	0	0.998934
2276000	0.4000000000	0.0001000000	0.1000000000	100	100	0	0.998971
2277000	0.4000000000	0.0001000000	0.1000000000	100	100	0	0.998906
2278000	0.4000000000	0.0001000000	0.1000000000	100	100	0	0.998904
2279000	0.4000000000	0.0001000000	0.1000000000	100	100	0	0.998926
2280000	0.4000000000	0.0001000000	0.1000000000	100	100	0	0.998874
2281000	0.4000000000	0.0001000000	0.1000000000	100	100	0	0.998843
2282000	0.4000000000	0.0001000000	0.1000000000	100	100	0	0.998926
2283000	0.4000000000	0.0001000000	0.1000000000	100	100	0	0.998956
2284000	0.4000000000	0.0001000000	0.1000000000	100	100	0	0.998866
2285000	0.4000000000	0.0001000000	0.1000000000	100	100	0	0.999037
2286000	0.4000000000	0.0001000000	0.1000000000	100	100	0	0.998879
2287000	0.4000000000	0.0001000000	0.1000000000	100	100	0	0.998981
2288000	0.4000000000	0.0001000000	0.1000000000	100	100	0	0.999041
2289000	0.4000000000	0.0001000000	0.1000000000	100	100	0	0.998984
2290000	0.4000000000	0.0001000000	0.1000000000	100	100	0	0.998943
2291000	0.4000000000	0.0001000000	0.1000000000	100	100	0	0.998917
2292000	0.4000000000	0.0001000000	0.1000000000	100	100	0	0.998987
2293000	0.4000000000	0.0001000000	0.1000000000	100	100	0	0.998941
2294000	0.4000000000	0.0001000000	0.1000000000	100	100	0	0.998944
2295000	0.4000000000	0.0001000000	0.1000000000	100	100	0	0.998849
2296000	0.4000000000	0.0001000000	0.1000000000	100	100	0	0.998977
2297000	0.4000000000	0.0001000000	0.1000000000	100	100	0	0.999010
2298000	0.4000000000	0.0001000000	0.1000000000	100	100	0	0.998935
2299000	0.4000000000	0.0001000000	0.1000000000	100	100	0	0.999027
2300000	0.4000000000	0.0001000000	0.1000000000	100	100	0	0.998982
2301000	0.4000000000	0.0001000000	0.1000000000	100	100	0	0.998945
2302000	0.4000000000	0.0001000000	0.1000000000	100	100	0	0.998927
2303000	0.4000000000	0.0001000000	0.1000000000	100	100	0	0.999007
2304000	0.4000000000	0.0001000000	0.1000000000	100	100	0	0.999052
2305000	0.4000000000	0.0001000000	0.1000000000	100	100	0	0.999104
2306000	0.4000000000	0.0001000000	0.1000000000	100	100	0	0.999084
2307000	0.4000000000	0.0001000000	0.1000000000	100	100	0	0.998928
2308000	0.4000000000	0.0001000000	0.1000000000	100	100	0	0.998960
2309000	0.4000000000	0.0001000000	0.1000000000	100	100	0	0.998860
2310000	0.4000000000	0.0001000000	0.1000000000	100	100	0	0.998977
2311000	0.4000000000	0.0001000000	0.1000000000	100	100	0	0.998961
2312000	0.4000000000	0.0001000000	0.1000000000	100	100	0	0.998918
2313000	0.4000000000	0.0001000000	0.1000000000	100	100	0	0.998850
2314000	0.4000000000	0.0001000000	0.1000000000	100	100	0	0.998939
2315000	0.4000000000	0.0001000000	0.1000000000	100	100	0	0.998926
2316000	0.4000000000	0.0001000000	0.1000000000	100	100	0	0.998886
2317000	0.4000000000	0.0001000000	0.1000000000	100	100	0	0.998948
2318000	0.4000000000	0.0001000000	0.1000000000	100	100	0	0.998978
2319000	0.4000000000	0.0001000000	0.1000000000	100	100	0	0.999001
2320000	0.4000000000	0.0001000000	0.1000000000	100	100	0	0.999034
2321000	0.4000000000	0.0001000000	0.1000000000	100	100	0	0.998942
2322000	0.4000000000	0.0001000000	0.1000000000	100	100	0	0.998955
2323000	0.4000000000	0.0001000000	0.1000000000	100	100	0	0.998996
2324000	0.4000000000	0.0001000000	0.1000000000	100	100	0	0.998902
2325000	0.4000000000	0.0001000000	0.1000000000	100	100	0	0.998916
2326000	0.4000000000	0.0001000000	0.1000000000	100	100	0	0.998959
2327000	0.4000000000	0.0001000000	0.1000000000	100	100	0	0.998972
2328000	0.4000000000	0.0001000000	0.1000000000	100	100	0	0.998901
2329000	0.4000000000	0.0001000000	0.1000000000	100	100	0	0.998906
2330000	0.4000000000	0.0001000000	0.1000000000	100	100	0	0.998924
2331000	0.4000000000	0.0001000000	0.1000000000	100	100	0	0.998854
2332000	0.4000000000	0.0001000000	0.1000000000	100	100	0	0.998849
2333000	0.4000000000	0.0001000000	0.1000000000	100	100	0	0.998963
2334000	0.4000000000	0.0001000000	0.1000000000	100	100	0	0.998880
2335000	0.4000000000	0.0001000000	0.1000000000	100	100	0	0.998984
2336000	0.4000000000	0.0001000000	0.1000000000	100	100	0	0.999025
2337000	0.4000000000	0.0001000000	0.1000000000	100	100	0	0.998982
2338000	0.4000000000	0.0001000000	0.1000000000	100	100	0	0.998915
2339000	0.4000000000	0.0001000000	0.1000000000	100	100	0	0.998969
2340000	0.4000000000	0.0001000000	0.1000000000	100	100	0	0.998931
2341000	0.4000000000	0.0001000000	0.1000000000	100	100	0	0.999041
2342000	0.4000000000	0.0001000000	0.1000000000	100	100	0	0.998960
2343000	0.4000000000	0.0001000000	0.1000000000	100	100	0	0.998910
2344000	0.4000000000	0.0001000000	0.1000000000	100	100	0	0.999001
2345000	0.4000000000	0.0001000000	0.1000000000	100	100	0	0.999034
2346000	0.4000000000	0.0001000000	0.1000000000	100	100	0	0.998910
2347000	0.4000000000	0.0001000000	0.1000000000	100	100	0	0.998971
2348000	0.4000000000	0.0001000000	0.1000000000	100	100	0	0.998880
2349000	0.4000000000	0.0001000000	0.1000000000	100	100	0	0.998879
2350000	0.4000000000	0.0001000000	0.1000000000	100	100	0	0.998977
2351000	0.4000000000	0.0001000000	0.1000000000	100	100	0	0.999028
2352000	0.4000000000	0.0001000000	0.1000000000	100	100	0	0.998976
2353000	0.4000000000	0.0001000000	0.1000000000	100	100	0	0.998965
2354000	0.4000000000	0.0001000000	0.1000000000	100	100	0	0.998879
2355000	0.4000000000	0.0001000000	0.1000000000	100	100	0	0.998966
2356000	0.4000000000	0.0001000000	0.1000000000	100	100	0	0.998917
2357000	0.4000000000	0.0001000000	0.1000000000	100	100	0	0.998866
2358000	0.4000000000	0.0001000000	0.1000000000	100	100	0	0.998968
2359000	0.4000000000	0.0001000000	0.1000000000	100	100	0	0.999050
2360000	0.4000000000	0.0001000000	0.1000000000	100	100	0	0.998951
2361000	0.4000000000	0.0001000000	0.1000000000	100	100	0	0.998934
2362000	0.4000000000	0.0001000000	0.1000000000	100	100	0	0.998915
2363000	0.4000000000	0.0001000000	0.1000000000	100	100	0	0.998922
2364000	0.4000000000	0.0001000000	0.1000000000	100	100	0	0.999035
2365000	0.4000000000	0.0001000000	0.1000000000	100	100	0	0.998975
2366000	0.4000000000	0.0001000000	0.1000000000	100	100	0	0.999052
2367000	0.4000000000	0.0001000000	0.1000000000	100	100	0	0.998913
2368000	0.4000000000	0.0001000000	0.1000000000	100	100	0	0.998975
2369000	0.4000000000	0.0001000000	0.1000000000	100	100	0	0.998930
2370000	0.4000000000	0.0001000000	0.1000000000	100	100	0	0.998911
2371000	0.4000000000	0.0001000000	0.1000000000	100	100	0	0.999019
2372000	0.4000000000	0.0001000000	0.1000000000	100	100	0	0.998939
2373000	0.4000000000	0.0001000000	0.1000000000	100	100	0	0.998943
2374000	0.4000000000	0.0001000000	0.1000000000	100	100	0	0.998913
2375000	0.4000000000	0.0001000000	0.1000000000	100	100	0	0.998898
2376000	0.4000000000	0.0001000000	0.1000000000	100	100	0	0.998987
2377000	0.4000000000	0.0001000000	0.1000000000	100	100	0	0.998983
2378000	0.4000000000	0.0001000000	0.1000000000	100	100	0	0.998928
2379000	0.4000000000	0.0001000000	0.1000000000	100	100	0	0.998846
2380000	0.4000000000	0.0001000000	0.1000000000	100	100	0	0.998912
2381000	0.4000000000	0.0001000000	0.1000000000	100	100	0	0.998954
2382000	0.4000000000	0.0001000000	0.1000000000	100	100	0	0.998938
2383000	0.4000000000	0.0001000000	0.1000000000	100	100	0	0.998959
2384000	0.4000000000	0.0001000000	0.1000000000	100	100	0	0.998945
2385000	0.4000000000	0.0001000000	0.1000000000	100	100	0	0.998921
2386000	0.4000000000	0.0001000000	0.1000000000	100	100	0	0.998959
2387000	0.4000000000	0.0001000000	0.1000000000	100	100	0	0.998904
2388000	0.4000000000	0.0001000000	0.1000000000	100	100	0	0.998985
2389000	0.4000000000	0.0001000000	0.1000000000	100	100	0	0.999016
2390000	0.4000000000	0.0001000000	0.1000000000	100	100	0	0.999038
2391000	0.4000000000	0.0001000000	0.1000000000	100	100	0	0.998900
2392000	0.4000000000	0.0001000000	0.1000000000	100	100	0	0.999001
2393000	0.4000000000	0.0001000000	0.1000000000	100	100	0	0.998931
2394000	0.4000000000	0.0001000000	0.1000000000	100	100	0	0.998950
2395000	0.4000000000	0.0001000000	0.1000000000	100	100	0	0.998944
2396000	0.4000000000	0.0001000000	0.1000000000	100	100	0	0.998882
2397000	0.4000000000	0.0001000000	0.1000000000	100	100	0	0.998932
2398000	0.4000000000	0.0001000000	0.1000000000	100	100	0	0.999061
2399000	0.4000000000	0.0001000000	0.1000000000	100	100	0	0.999038
2400000	0.4000000000	0.0001000000	0.1000000000	100	100	0	0.998908
2401000	0.4000000000	0.0001000000	0.1000000000	100	100	0	0.998877
2402000	0.4000000000	0.0001000000	0.1000000000	100	100	0	0.998948
2403000	0.4000000000	0.0001000000	0.1000000000	100	100	0	0.998873
2404000	0.4000000000	0.0001000000	0.1000000000	100	100	0	0.999063
2405000	0.4000000000	0.0001000000	0.1000000000	100	100	0	0.998943
2406000	0.4000000000	0.0001000000	0.1000000000	100	100	0	0.999008
2407000	0.4000000000	0.0001000000	0.1000000000	100	100	0	0.998982
2408000	0.4000000000	0.0001000000	0.1000000000	100	100	0	0.998899
2409000	0.4000000000	0.0001000000	0.1000000000	100	100	0	0.998930
2410000	0.4000000000	0.0001000000	0.1000000000	100	100	0	0.998968
2411000	0.4000000000	0.0001000000	0.1000000000	100	100	0	0.999020
2412000	0.4000000000	0.0001000000	0.1000000000	100	100	0	0.999112
2413000	0.4000000000	0.0001000000	0.1000000000	100	100	0	0.999004
2414000	0.4000000000	0.0001000000	0.1000000000	100	100	0	0.998897
2415000	0.4000000000	0.0001000000	0.1000000000	100	100	0	0.998920
2416000	0.4000000000	0.0001000000	0.1000000000	100	100	0	0.998959
2417000	0.4000000000	0.0001000000	0.1000000000	100	100	0	0.998839
2418000	0.4000000000	0.0001000000	0.1000000000	100	100	0	0.999015
2419000	0.4000000000	0.0001000000	0.1000000000	100	100	0	0.999005
2420000	0.4000000000	0.0001000000	0.1000000000	100	100	0	0.999010
2421000	0.4000000000	0.0001000000	0.1000000000	100	100	0	0.998843
2422000	0.4000000000	0.0001000000	0.1000000000	100	100	0	0.998863
2423000	0.4000000000	0.0001000000	0.1000000000	100	100	0	0.998979
2424000	0.4000000000	0.0001000000	0.1000000000	100	100	0	0.998974
2425000	0.4000000000	0.0001000000	0.1000000000	100	100	0	0.998958
2426000	0.4000000000	0.0001000000	0.1000000000	100	100	0	0.998922
2427000	0.4000000000	0.0001000000	0.1000000000	100	100	0	0.998947
2428000	0.4000000000	0.0001000000	0.1000000000	100	100	0	0.998938
2429000	0.4000000000	0.0001000000	0.1000000000	100	100	0	0.998953
2430000	0.4000000000	0.0001000000	0.1000000000	100	100	0	0.998960
2431000	0.4000000000	0.0001000000	0.1000000000	100	100	0	0.998963
2432000	0.4000000000	0.0001000000	0.1000000000	100	100	0	0.999015
2433000	0.4000000000	0.0001000000	0.1000000000	100	100	0	0.998988
2434000	0.4000000000	0.0001000000	0.1000000000	100	100	0	0.998932
2435000	0.4000000000	0.0001000000	0.1000000000	100	100	0	0.998981
2436000	0.4000000000	0.0001000000	0.1000000000	100	100	0	0.998913
2437000	0.4000000000	0.0001000000	0.1000000000	100	100	0	0.998884
2438000	0.4000000000	0.0001000000	0.1000000000	100	100	0	0.998850
2439000	0.4000000000	0.0001000000	0.1000000000	100	100	0	0.998896
2440000	0.4000000000	0.0001000000	0.1000000000	100	100	0	0.999100
2441000	0.4000000000	0.0001000000	0.1000000000	100	100	0	0.999019
2442000	0.4000000000	0.0001000000	0.1000000000	100	100	0	0.998987
2443000	0.4000000000	0.0001000000	0.1000000000	100	100	0	0.998964
2444000	0.4000000000	0.0001000000	0.1000000000	100	100	0	0.998889
2445000	0.4000000000	0.0001000000	0.1000000000	100	100	0	0.999000
2446000	0.4000000000	0.0001000000	0.1000000000	100	100	0	0.999012
2447000	0.4000000000	0.0001000000	0.1000000000	100	100	0	0.998973
2448000	0.4000000000	0.0001000000	0.1000000000	100	100	0	0.998931
2449000	0.4000000000	0.0001000000	0.1000000000	100	100	0	0.999056
2450000	0.4000000000	0.0001000000	0.1000000000	100	100	0	0.998966
2451000	0.4000000000	0.0001000000	0.1000000000	100	100	0	0.998982
2452000	0.4000000000	0.0001000000	0.1000000000	100	100	0	0.998954
2453000	0.4000000000	0.0001000000	0.1000000000	100	100	0	0.998882
2454000	0.4000000000	0.0001000000	0.1000000000	100	100	0	0.998932
2455000	0.4000000000	0.0001000000	0.1000000000	100	100	0	0.998969
2456000	0.4000000000	0.0001000000	0.1000000000	100	100	0	0.998927
2457000	0.4000000000	0.0001000000	0.1000000000	100	100	0	0.998885
2458000	0.4000000000	0.0001000000	0.1000000000	100	100	0	0.998917
2459000	0.4000000000	0.0001000000	0.1000000000	100	100	0	0.998935
2460000	0.4000000000	0.0001000000	0.1000000000	100	100	0	0.998972
2461000	0.4000000000	0.0001000000	0.1000000000	100	100	0	0.998919
2462000	0.4000000000	0.0001000000	0.1000000000	100	100	0	0.998920
2463000	0.4000000000	0.0001000000	0.1000000000	100	100	0	0.998948
2464000	0.4000000000	0.0001000000	0.1000000000	100	100	0	0.998955
2465000	0.4000000000	0.0001000000	0.1000000000	100	100	0	0.998916
2466000	0.4000000000	0.0001000000	0.1000000000	100	100	0	0.998856
2467000	0.4000000000	0.0001000000	0.1000000000	100	100	0	0.998995
2468000	0.4000000000	0.0001000000	0.1000000000	100	100	0	0.998894
2469000	0.4000000000	0.0001000000	0.1000000000	100	100	0	0.998947
2470000	0.4000000000	0.0001000000	0.1000000000	100	100	0	0.998862
2471000	0.4000000000	0.0001000000	0.1000000000	100	100	0	0.998917
2472000	0.4000000000	0.0001000000	0.1000000000	100	100	0	0.999027
2473000	0.4000000000	0.0001000000	0.1000000000	100	100	0	0.998900
2474000	0.4000000000	0.0001000000	0.1000000000	100	100	0	0.999043
2475000	0.4000000000	0.0001000000	0.1000000000	100	100	0	0.998984
2476000	0.4000000000	0.0001000000	0.1000000000	100	100	0	0.998982
2477000	0.4000000000	0.0001000000	0.1000000000	100	100	0	0.998975
2478000	0.4000000000	0.0001000000	0.1000000000	100	100	0	0.999040
2479000	0.4000000000	0.0001000000	0.1000000000	100	100	0	0.998896
2480000	0.4000000000	0.0001000000	0.1000000000	100	100	0	0.998926
2481000	0.4000000000	0.0001000000	0.1000000000	100	100	0	0.998883
2482000	0.4000000000	0.0001000000	0.1000000000	100	100	0	0.998997
2483000	0.4000000000	0.0001000000	0.1000000000	100	100	0	0.998959
2484000	0.4000000000	0.0001000000	0.1000000000	100	100	0	0.998875
2485000	0.4000000000	0.0001000000	0.1000000000	100	100	0	0.998899
2486000	0.4000000000	0.0001000000	0.1000000000	100	100	0	0.998933
2487000	0.4000000000	0.0001000000	0.1000000000	100	100	0	0.998920
2488000	0.4000000000	0.0001000000	0.1000000000	100	100	0	0.998926
2489000	0.4000000000	0.0001000000	0.1000000000	100	100	0	0.998962
2490000	0.4000000000	0.0001000000	0.1000000000	100	100	0	0.998970
2491000	0.4000000000	0.0001000000	0.1000000000	100	100	0	0.998930
2492000	0.4000000000	0.0001000000	0.1000000000	100	100	0	0.998924
2493000	0.4000000000	0.0001000000	0.1000000000	100	100	0	0.999019
2494000	0.4000000000	0.0001000000	0.1000000000	100	100	0	0.998918
2495000	0.4000000000	0.0001000000	0.1000000000	100	100	0	0.998890
2496000	0.4000000000	0.0001000000	0.1000000000	100	100	0	0.998975
2497000	0.4000000000	0.0001000000	0.1000000000	100	100	0	0.999049
2498000	0.4000000000	0.0001000000	0.1000000000	100	100	0	0.998934
2499000	0.4000000000	0.0001000000	0.1000000000	100	100	0	0.998915
2500000	0.4000000000	0.0001000000	0.1000000000	100	100	0	0.998960
