time	epistasis_coef	sel_coef	mu_prob	Ne	L	k_start	mean_fitness
1500000	-1.0000000000	0.0001000000	0.0010000000	100	100	0	0.897274
1501000	-1.0000000000	0.0001000000	0.0010000000	100	100	0	0.896760
1502000	-1.0000000000	0.0001000000	0.0010000000	100	100	0	0.896820
1503000	-1.0000000000	0.0001000000	0.0010000000	100	100	0	0.896636
1504000	-1.0000000000	0.0001000000	0.0010000000	100	100	0	0.890770
1505000	-1.0000000000	0.0001000000	0.0010000000	100	100	0	0.890831
1506000	-1.0000000000	0.0001000000	0.0010000000	100	100	0	0.896820
1507000	-1.0000000000	0.0001000000	0.0010000000	100	100	0	0.902668
1508000	-1.0000000000	0.0001000000	0.0010000000	100	100	0	0.890648
1509000	-1.0000000000	0.0001000000	0.0010000000	100	100	0	0.896820
1510000	-1.0000000000	0.0001000000	0.0010000000	100	100	0	0.896820
1511000	-1.0000000000	0.0001000000	0.0010000000	100	100	0	0.896820
1512000	-1.0000000000	0.0001000000	0.0010000000	100	100	0	0.903066
1513000	-1.0000000000	0.0001000000	0.0010000000	100	100	0	0.912875
1514000	-1.0000000000	0.0001000000	0.0010000000	100	100	0	0.913653
1515000	-1.0000000000	0.0001000000	0.0010000000	100	100	0	0.913931
1516000	-1.0000000000	0.0001000000	0.0010000000	100	100	0	0.913764
1517000	-1.0000000000	0.0001000000	0.0010000000	100	100	0	0.909685
1518000	-1.0000000000	0.0001000000	0.0010000000	100	100	0	0.908965
1519000	-1.0000000000	0.0001000000	0.0010000000	100	100	0	0.913931
1520000	-1.0000000000	0.0001000000	0.0010000000	100	100	0	0.913764
1521000	-1.0000000000	0.0001000000	0.0010000000	100	100	0	0.919339
1522000	-1.0000000000	0.0001000000	0.0010000000	100	100	0	0.919655
1523000	-1.0000000000	0.0001000000	0.0010000000	100	100	0	0.919339
1524000	-1.0000000000	0.0001000000	0.0010000000	100	100	0	0.919339
1525000	-1.0000000000	0.0001000000	0.0010000000	100	100	0	0.916203
1526000	-1.0000000000	0.0001000000	0.0010000000	100	100	0	0.914851
1527000	-1.0000000000	0.0001000000	0.0010000000	100	100	0	0.919444
1528000	-1.0000000000	0.0001000000	0.0010000000	100	100	0	0.919278
1529000	-1.0000000000	0.0001000000	0.0010000000	100	100	0	0.919339
1530000	-1.0000000000	0.0001000000	0.0010000000	100	100	0	0.924595
1531000	-1.0000000000	0.0001000000	0.0010000000	100	100	0	0.922019
1532000	-1.0000000000	0.0001000000	0.0010000000	100	100	0	0.917663
1533000	-1.0000000000	0.0001000000	0.0010000000	100	100	0	0.912931
1534000	-1.0000000000	0.0001000000	0.0010000000	100	100	0	0.915708
1535000	-1.0000000000	0.0001000000	0.0010000000	100	100	0	0.920782
1536000	-1.0000000000	0.0001000000	0.0010000000	100	100	0	0.923649
1537000	-1.0000000000	0.0001000000	0.0010000000	100	100	0	0.919339
1538000	-1.0000000000	0.0001000000	0.0010000000	100	100	0	0.919602
1539000	-1.0000000000	0.0001000000	0.0010000000	100	100	0	0.924509
1540000	-1.0000000000	0.0001000000	0.0010000000	100	100	0	0.918312
1541000	-1.0000000000	0.0001000000	0.0010000000	100	100	0	0.919285
1542000	-1.0000000000	0.0001000000	0.0010000000	100	100	0	0.924595
1543000	-1.0000000000	0.0001000000	0.0010000000	100	100	0	0.924595
1544000	-1.0000000000	0.0001000000	0.0010000000	100	100	0	0.929643
1545000	-1.0000000000	0.0001000000	0.0010000000	100	100	0	0.929541
1546000	-1.0000000000	0.0001000000	0.0010000000	100	100	0	0.929694
1547000	-1.0000000000	0.0001000000	0.0010000000	100	100	0	0.924595
1548000	-1.0000000000	0.0001000000	0.0010000000	100	100	0	0.924332
1549000	-1.0000000000	0.0001000000	0.0010000000	100	100	0	0.924542
1550000	-1.0000000000	0.0001000000	0.0010000000	100	100	0	0.923649
1551000	-1.0000000000	0.0001000000	0.0010000000	100	100	0	0.924595
1552000	-1.0000000000	0.0001000000	0.0010000000	100	100	0	0.931769
1553000	-1.0000000000	0.0001000000	0.0010000000	100	100	0	0.934585
1554000	-1.0000000000	0.0001000000	0.0010000000	100	100	0	0.934634
1555000	-1.0000000000	0.0001000000	0.0010000000	100	100	0	0.929694
1556000	-1.0000000000	0.0001000000	0.0010000000	100	100	0	0.929694
1557000	-1.0000000000	0.0001000000	0.0010000000	100	100	0	0.928368
1558000	-1.0000000000	0.0001000000	0.0010000000	100	100	0	0.929694
1559000	-1.0000000000	0.0001000000	0.0010000000	100	100	0	0.923228
1560000	-1.0000000000	0.0001000000	0.0010000000	100	100	0	0.929694
1561000	-1.0000000000	0.0001000000	0.0010000000	100	100	0	0.928725
1562000	-1.0000000000	0.0001000000	0.0010000000	100	100	0	0.929388
1563000	-1.0000000000	0.0001000000	0.0010000000	100	100	0	0.929694
1564000	-1.0000000000	0.0001000000	0.0010000000	100	100	0	0.926481
1565000	-1.0000000000	0.0001000000	0.0010000000	100	100	0	0.929694
1566000	-1.0000000000	0.0001000000	0.0010000000	100	100	0	0.924595
1567000	-1.0000000000	0.0001000000	0.0010000000	100	100	0	0.927807
1568000	-1.0000000000	0.0001000000	0.0010000000	100	100	0	0.929694
1569000	-1.0000000000	0.0001000000	0.0010000000	100	100	0	0.929694
1570000	-1.0000000000	0.0001000000	0.0010000000	100	100	0	0.921074
1571000	-1.0000000000	0.0001000000	0.0010000000	100	100	0	0.924437
1572000	-1.0000000000	0.0001000000	0.0010000000	100	100	0	0.919655
1573000	-1.0000000000	0.0001000000	0.0010000000	100	100	0	0.925338
1574000	-1.0000000000	0.0001000000	0.0010000000	100	100	0	0.919339
1575000	-1.0000000000	0.0001000000	0.0010000000	100	100	0	0.919865
1576000	-1.0000000000	0.0001000000	0.0010000000	100	100	0	0.924384
1577000	-1.0000000000	0.0001000000	0.0010000000	100	100	0	0.924489
1578000	-1.0000000000	0.0001000000	0.0010000000	100	100	0	0.919444
1579000	-1.0000000000	0.0001000000	0.0010000000	100	100	0	0.919177
1580000	-1.0000000000	0.0001000000	0.0010000000	100	100	0	0.929694
1581000	-1.0000000000	0.0001000000	0.0010000000	100	100	0	0.929388
1582000	-1.0000000000	0.0001000000	0.0010000000	100	100	0	0.929694
1583000	-1.0000000000	0.0001000000	0.0010000000	100	100	0	0.936307
1584000	-1.0000000000	0.0001000000	0.0010000000	100	100	0	0.937971
1585000	-1.0000000000	0.0001000000	0.0010000000	100	100	0	0.924595
1586000	-1.0000000000	0.0001000000	0.0010000000	100	100	0	0.924595
1587000	-1.0000000000	0.0001000000	0.0010000000	100	100	0	0.924489
1588000	-1.0000000000	0.0001000000	0.0010000000	100	100	0	0.934859
1589000	-1.0000000000	0.0001000000	0.0010000000	100	100	0	0.939413
1590000	-1.0000000000	0.0001000000	0.0010000000	100	100	0	0.934585
1591000	-1.0000000000	0.0001000000	0.0010000000	100	100	0	0.934585
1592000	-1.0000000000	0.0001000000	0.0010000000	100	100	0	0.932905
1593000	-1.0000000000	0.0001000000	0.0010000000	100	100	0	0.938362
1594000	-1.0000000000	0.0001000000	0.0010000000	100	100	0	0.946783
1595000	-1.0000000000	0.0001000000	0.0010000000	100	100	0	0.943472
1596000	-1.0000000000	0.0001000000	0.0010000000	100	100	0	0.947763
1597000	-1.0000000000	0.0001000000	0.0010000000	100	100	0	0.948475
1598000	-1.0000000000	0.0001000000	0.0010000000	100	100	0	0.947185
1599000	-1.0000000000	0.0001000000	0.0010000000	100	100	0	0.948475
1600000	-1.0000000000	0.0001000000	0.0010000000	100	100	0	0.946785
1601000	-1.0000000000	0.0001000000	0.0010000000	100	100	0	0.948475
1602000	-1.0000000000	0.0001000000	0.0010000000	100	100	0	0.946874
1603000	-1.0000000000	0.0001000000	0.0010000000	100	100	0	0.952753
1604000	-1.0000000000	0.0001000000	0.0010000000	100	100	0	0.952753
1605000	-1.0000000000	0.0001000000	0.0010000000	100	100	0	0.951127
1606000	-1.0000000000	0.0001000000	0.0010000000	100	100	0	0.950044
1607000	-1.0000000000	0.0001000000	0.0010000000	100	100	0	0.948386
1608000	-1.0000000000	0.0001000000	0.0010000000	100	100	0	0.951938
1609000	-1.0000000000	0.0001000000	0.0010000000	100	100	0	0.956571
1610000	-1.0000000000	0.0001000000	0.0010000000	100	100	0	0.952581
1611000	-1.0000000000	0.0001000000	0.0010000000	100	100	0	0.954190
1612000	-1.0000000000	0.0001000000	0.0010000000	100	100	0	0.954970
1613000	-1.0000000000	0.0001000000	0.0010000000	100	100	0	0.959099
1614000	-1.0000000000	0.0001000000	0.0010000000	100	100	0	0.955668
1615000	-1.0000000000	0.0001000000	0.0010000000	100	100	0	0.956858
1616000	-1.0000000000	0.0001000000	0.0010000000	100	100	0	0.956407
1617000	-1.0000000000	0.0001000000	0.0010000000	100	100	0	0.956858
1618000	-1.0000000000	0.0001000000	0.0010000000	100	100	0	0.956858
1619000	-1.0000000000	0.0001000000	0.0010000000	100	100	0	0.956891
1620000	-1.0000000000	0.0001000000	0.0010000000	100	100	0	0.956119
1621000	-1.0000000000	0.0001000000	0.0010000000	100	100	0	0.952753
1622000	-1.0000000000	0.0001000000	0.0010000000	100	100	0	0.943843
1623000	-1.0000000000	0.0001000000	0.0010000000	100	100	0	0.944027
1624000	-1.0000000000	0.0001000000	0.0010000000	100	100	0	0.934634
1625000	-1.0000000000	0.0001000000	0.0010000000	100	100	0	0.929694
1626000	-1.0000000000	0.0001000000	0.0010000000	100	100	0	0.929891
1627000	-1.0000000000	0.0001000000	0.0010000000	100	100	0	0.929694
1628000	-1.0000000000	0.0001000000	0.0010000000	100	100	0	0.929592
1629000	-1.0000000000	0.0001000000	0.0010000000	100	100	0	0.929694
1630000	-1.0000000000	0.0001000000	0.0010000000	100	100	0	0.934634
1631000	-1.0000000000	0.0001000000	0.0010000000	100	100	0	0.934634
1632000	-1.0000000000	0.0001000000	0.0010000000	100	100	0	0.934583
1633000	-1.0000000000	0.0001000000	0.0010000000	100	100	0	0.934634
1634000	-1.0000000000	0.0001000000	0.0010000000	100	100	0	0.937693
1635000	-1.0000000000	0.0001000000	0.0010000000	100	100	0	0.937485
1636000	-1.0000000000	0.0001000000	0.0010000000	100	100	0	0.939413
1637000	-1.0000000000	0.0001000000	0.0010000000	100	100	0	0.939365
1638000	-1.0000000000	0.0001000000	0.0010000000	100	100	0	0.943243
1639000	-1.0000000000	0.0001000000	0.0010000000	100	100	0	0.939174
1640000	-1.0000000000	0.0001000000	0.0010000000	100	100	0	0.939690
1641000	-1.0000000000	0.0001000000	0.0010000000	100	100	0	0.939365
1642000	-1.0000000000	0.0001000000	0.0010000000	100	100	0	0.941628
1643000	-1.0000000000	0.0001000000	0.0010000000	100	100	0	0.938362
1644000	-1.0000000000	0.0001000000	0.0010000000	100	100	0	0.939413
1645000	-1.0000000000	0.0001000000	0.0010000000	100	100	0	0.939413
1646000	-1.0000000000	0.0001000000	0.0010000000	100	100	0	0.939823
1647000	-1.0000000000	0.0001000000	0.0010000000	100	100	0	0.939126
1648000	-1.0000000000	0.0001000000	0.0010000000	100	100	0	0.934165
1649000	-1.0000000000	0.0001000000	0.0010000000	100	100	0	0.943887
1650000	-1.0000000000	0.0001000000	0.0010000000	100	100	0	0.944027
1651000	-1.0000000000	0.0001000000	0.0010000000	100	100	0	0.946918
1652000	-1.0000000000	0.0001000000	0.0010000000	100	100	0	0.944027
1653000	-1.0000000000	0.0001000000	0.0010000000	100	100	0	0.944027
1654000	-1.0000000000	0.0001000000	0.0010000000	100	100	0	0.939413
1655000	-1.0000000000	0.0001000000	0.0010000000	100	100	0	0.938983
1656000	-1.0000000000	0.0001000000	0.0010000000	100	100	0	0.934676
1657000	-1.0000000000	0.0001000000	0.0010000000	100	100	0	0.935877
1658000	-1.0000000000	0.0001000000	0.0010000000	100	100	0	0.939413
1659000	-1.0000000000	0.0001000000	0.0010000000	100	100	0	0.939413
1660000	-1.0000000000	0.0001000000	0.0010000000	100	100	0	0.934778
1661000	-1.0000000000	0.0001000000	0.0010000000	100	100	0	0.934778
1662000	-1.0000000000	0.0001000000	0.0010000000	100	100	0	0.929694
1663000	-1.0000000000	0.0001000000	0.0010000000	100	100	0	0.929490
1664000	-1.0000000000	0.0001000000	0.0010000000	100	100	0	0.939079
1665000	-1.0000000000	0.0001000000	0.0010000000	100	100	0	0.943704
1666000	-1.0000000000	0.0001000000	0.0010000000	100	100	0	0.943240
1667000	-1.0000000000	0.0001000000	0.0010000000	100	100	0	0.943843
1668000	-1.0000000000	0.0001000000	0.0010000000	100	100	0	0.944027
1669000	-1.0000000000	0.0001000000	0.0010000000	100	100	0	0.943151
1670000	-1.0000000000	0.0001000000	0.0010000000	100	100	0	0.943843
1671000	-1.0000000000	0.0001000000	0.0010000000	100	100	0	0.944027
1672000	-1.0000000000	0.0001000000	0.0010000000	100	100	0	0.942173
1673000	-1.0000000000	0.0001000000	0.0010000000	100	100	0	0.939413
1674000	-1.0000000000	0.0001000000	0.0010000000	100	100	0	0.939413
1675000	-1.0000000000	0.0001000000	0.0010000000	100	100	0	0.934633
1676000	-1.0000000000	0.0001000000	0.0010000000	100	100	0	0.929974
1677000	-1.0000000000	0.0001000000	0.0010000000	100	100	0	0.924542
1678000	-1.0000000000	0.0001000000	0.0010000000	100	100	0	0.930287
1679000	-1.0000000000	0.0001000000	0.0010000000	100	100	0	0.931844
1680000	-1.0000000000	0.0001000000	0.0010000000	100	100	0	0.929694
1681000	-1.0000000000	0.0001000000	0.0010000000	100	100	0	0.928572
1682000	-1.0000000000	0.0001000000	0.0010000000	100	100	0	0.931966
1683000	-1.0000000000	0.0001000000	0.0010000000	100	100	0	0.929133
1684000	-1.0000000000	0.0001000000	0.0010000000	100	100	0	0.927297
1685000	-1.0000000000	0.0001000000	0.0010000000	100	100	0	0.929694
1686000	-1.0000000000	0.0001000000	0.0010000000	100	100	0	0.929694
1687000	-1.0000000000	0.0001000000	0.0010000000	100	100	0	0.931143
1688000	-1.0000000000	0.0001000000	0.0010000000	100	100	0	0.929694
1689000	-1.0000000000	0.0001000000	0.0010000000	100	100	0	0.941490
1690000	-1.0000000000	0.0001000000	0.0010000000	100	100	0	0.948475
1691000	-1.0000000000	0.0001000000	0.0010000000	100	100	0	0.948475
1692000	-1.0000000000	0.0001000000	0.0010000000	100	100	0	0.948603
1693000	-1.0000000000	0.0001000000	0.0010000000	100	100	0	0.952753
1694000	-1.0000000000	0.0001000000	0.0010000000	100	100	0	0.952710
1695000	-1.0000000000	0.0001000000	0.0010000000	100	100	0	0.951726
1696000	-1.0000000000	0.0001000000	0.0010000000	100	100	0	0.952835
1697000	-1.0000000000	0.0001000000	0.0010000000	100	100	0	0.953936
1698000	-1.0000000000	0.0001000000	0.0010000000	100	100	0	0.949544
1699000	-1.0000000000	0.0001000000	0.0010000000	100	100	0	0.945844
1700000	-1.0000000000	0.0001000000	0.0010000000	100	100	0	0.948560
1701000	-1.0000000000	0.0001000000	0.0010000000	100	100	0	0.952753
1702000	-1.0000000000	0.0001000000	0.0010000000	100	100	0	0.946829
1703000	-1.0000000000	0.0001000000	0.0010000000	100	100	0	0.939413
1704000	-1.0000000000	0.0001000000	0.0010000000	100	100	0	0.939365
1705000	-1.0000000000	0.0001000000	0.0010000000	100	100	0	0.944294
1706000	-1.0000000000	0.0001000000	0.0010000000	100	100	0	0.943981
1707000	-1.0000000000	0.0001000000	0.0010000000	100	100	0	0.948430
1708000	-1.0000000000	0.0001000000	0.0010000000	100	100	0	0.952710
1709000	-1.0000000000	0.0001000000	0.0010000000	100	100	0	0.944027
1710000	-1.0000000000	0.0001000000	0.0010000000	100	100	0	0.948475
1711000	-1.0000000000	0.0001000000	0.0010000000	100	100	0	0.952999
1712000	-1.0000000000	0.0001000000	0.0010000000	100	100	0	0.952753
1713000	-1.0000000000	0.0001000000	0.0010000000	100	100	0	0.955832
1714000	-1.0000000000	0.0001000000	0.0010000000	100	100	0	0.956735
1715000	-1.0000000000	0.0001000000	0.0010000000	100	100	0	0.956858
1716000	-1.0000000000	0.0001000000	0.0010000000	100	100	0	0.956858
1717000	-1.0000000000	0.0001000000	0.0010000000	100	100	0	0.955041
1718000	-1.0000000000	0.0001000000	0.0010000000	100	100	0	0.957330
1719000	-1.0000000000	0.0001000000	0.0010000000	100	100	0	0.956776
1720000	-1.0000000000	0.0001000000	0.0010000000	100	100	0	0.956283
1721000	-1.0000000000	0.0001000000	0.0010000000	100	100	0	0.952753
1722000	-1.0000000000	0.0001000000	0.0010000000	100	100	0	0.950556
1723000	-1.0000000000	0.0001000000	0.0010000000	100	100	0	0.952710
1724000	-1.0000000000	0.0001000000	0.0010000000	100	100	0	0.948386
1725000	-1.0000000000	0.0001000000	0.0010000000	100	100	0	0.945138
1726000	-1.0000000000	0.0001000000	0.0010000000	100	100	0	0.944027
1727000	-1.0000000000	0.0001000000	0.0010000000	100	100	0	0.937788
1728000	-1.0000000000	0.0001000000	0.0010000000	100	100	0	0.938840
1729000	-1.0000000000	0.0001000000	0.0010000000	100	100	0	0.935160
1730000	-1.0000000000	0.0001000000	0.0010000000	100	100	0	0.939413
1731000	-1.0000000000	0.0001000000	0.0010000000	100	100	0	0.937306
1732000	-1.0000000000	0.0001000000	0.0010000000	100	100	0	0.934585
1733000	-1.0000000000	0.0001000000	0.0010000000	100	100	0	0.934338
1734000	-1.0000000000	0.0001000000	0.0010000000	100	100	0	0.944027
1735000	-1.0000000000	0.0001000000	0.0010000000	100	100	0	0.939687
1736000	-1.0000000000	0.0001000000	0.0010000000	100	100	0	0.939413
1737000	-1.0000000000	0.0001000000	0.0010000000	100	100	0	0.934634
1738000	-1.0000000000	0.0001000000	0.0010000000	100	100	0	0.934634
1739000	-1.0000000000	0.0001000000	0.0010000000	100	100	0	0.940128
1740000	-1.0000000000	0.0001000000	0.0010000000	100	100	0	0.944072
1741000	-1.0000000000	0.0001000000	0.0010000000	100	100	0	0.939413
1742000	-1.0000000000	0.0001000000	0.0010000000	100	100	0	0.938887
1743000	-1.0000000000	0.0001000000	0.0010000000	100	100	0	0.935064
1744000	-1.0000000000	0.0001000000	0.0010000000	100	100	0	0.937884
1745000	-1.0000000000	0.0001000000	0.0010000000	100	100	0	0.934634
1746000	-1.0000000000	0.0001000000	0.0010000000	100	100	0	0.933893
1747000	-1.0000000000	0.0001000000	0.0010000000	100	100	0	0.939222
1748000	-1.0000000000	0.0001000000	0.0010000000	100	100	0	0.939220
1749000	-1.0000000000	0.0001000000	0.0010000000	100	100	0	0.938266
1750000	-1.0000000000	0.0001000000	0.0010000000	100	100	0	0.934634
1751000	-1.0000000000	0.0001000000	0.0010000000	100	100	0	0.938648
1752000	-1.0000000000	0.0001000000	0.0010000000	100	100	0	0.938551
1753000	-1.0000000000	0.0001000000	0.0010000000	100	100	0	0.934634
1754000	-1.0000000000	0.0001000000	0.0010000000	100	100	0	0.933793
1755000	-1.0000000000	0.0001000000	0.0010000000	100	100	0	0.934535
1756000	-1.0000000000	0.0001000000	0.0010000000	100	100	0	0.934682
1757000	-1.0000000000	0.0001000000	0.0010000000	100	100	0	0.929694
1758000	-1.0000000000	0.0001000000	0.0010000000	100	100	0	0.931324
1759000	-1.0000000000	0.0001000000	0.0010000000	100	100	0	0.924595
1760000	-1.0000000000	0.0001000000	0.0010000000	100	100	0	0.921809
1761000	-1.0000000000	0.0001000000	0.0010000000	100	100	0	0.924227
1762000	-1.0000000000	0.0001000000	0.0010000000	100	100	0	0.919339
1763000	-1.0000000000	0.0001000000	0.0010000000	100	100	0	0.919339
1764000	-1.0000000000	0.0001000000	0.0010000000	100	100	0	0.929643
1765000	-1.0000000000	0.0001000000	0.0010000000	100	100	0	0.930334
1766000	-1.0000000000	0.0001000000	0.0010000000	100	100	0	0.935351
1767000	-1.0000000000	0.0001000000	0.0010000000	100	100	0	0.932903
1768000	-1.0000000000	0.0001000000	0.0010000000	100	100	0	0.929890
1769000	-1.0000000000	0.0001000000	0.0010000000	100	100	0	0.929541
1770000	-1.0000000000	0.0001000000	0.0010000000	100	100	0	0.919339
1771000	-1.0000000000	0.0001000000	0.0010000000	100	100	0	0.919339
1772000	-1.0000000000	0.0001000000	0.0010000000	100	100	0	0.919285
1773000	-1.0000000000	0.0001000000	0.0010000000	100	100	0	0.919339
1774000	-1.0000000000	0.0001000000	0.0010000000	100	100	0	0.909318
1775000	-1.0000000000	0.0001000000	0.0010000000	100	100	0	0.904226
1776000	-1.0000000000	0.0001000000	0.0010000000	100	100	0	0.908373
1777000	-1.0000000000	0.0001000000	0.0010000000	100	100	0	0.907746
1778000	-1.0000000000	0.0001000000	0.0010000000	100	100	0	0.905947
1779000	-1.0000000000	0.0001000000	0.0010000000	100	100	0	0.908373
1780000	-1.0000000000	0.0001000000	0.0010000000	100	100	0	0.905516
1781000	-1.0000000000	0.0001000000	0.0010000000	100	100	0	0.902668
1782000	-1.0000000000	0.0001000000	0.0010000000	100	100	0	0.908373
1783000	-1.0000000000	0.0001000000	0.0010000000	100	100	0	0.916203
1784000	-1.0000000000	0.0001000000	0.0010000000	100	100	0	0.919707
1785000	-1.0000000000	0.0001000000	0.0010000000	100	100	0	0.929694
1786000	-1.0000000000	0.0001000000	0.0010000000	100	100	0	0.929694
1787000	-1.0000000000	0.0001000000	0.0010000000	100	100	0	0.929694
1788000	-1.0000000000	0.0001000000	0.0010000000	100	100	0	0.933597
1789000	-1.0000000000	0.0001000000	0.0010000000	100	100	0	0.934634
1790000	-1.0000000000	0.0001000000	0.0010000000	100	100	0	0.934239
1791000	-1.0000000000	0.0001000000	0.0010000000	100	100	0	0.930534
1792000	-1.0000000000	0.0001000000	0.0010000000	100	100	0	0.934140
1793000	-1.0000000000	0.0001000000	0.0010000000	100	100	0	0.924595
1794000	-1.0000000000	0.0001000000	0.0010000000	100	100	0	0.927602
1795000	-1.0000000000	0.0001000000	0.0010000000	100	100	0	0.924595
1796000	-1.0000000000	0.0001000000	0.0010000000	100	100	0	0.929694
1797000	-1.0000000000	0.0001000000	0.0010000000	100	100	0	0.931378
1798000	-1.0000000000	0.0001000000	0.0010000000	100	100	0	0.932757
1799000	-1.0000000000	0.0001000000	0.0010000000	100	100	0	0.931716
1800000	-1.0000000000	0.0001000000	0.0010000000	100	100	0	0.934634
1801000	-1.0000000000	0.0001000000	0.0010000000	100	100	0	0.934967
1802000	-1.0000000000	0.0001000000	0.0010000000	100	100	0	0.934634
1803000	-1.0000000000	0.0001000000	0.0010000000	100	100	0	0.934585
1804000	-1.0000000000	0.0001000000	0.0010000000	100	100	0	0.930138
1805000	-1.0000000000	0.0001000000	0.0010000000	100	100	0	0.923596
1806000	-1.0000000000	0.0001000000	0.0010000000	100	100	0	0.924595
1807000	-1.0000000000	0.0001000000	0.0010000000	100	100	0	0.923964
1808000	-1.0000000000	0.0001000000	0.0010000000	100	100	0	0.924595
1809000	-1.0000000000	0.0001000000	0.0010000000	100	100	0	0.913931
1810000	-1.0000000000	0.0001000000	0.0010000000	100	100	0	0.919339
1811000	-1.0000000000	0.0001000000	0.0010000000	100	100	0	0.919339
1812000	-1.0000000000	0.0001000000	0.0010000000	100	100	0	0.925409
1813000	-1.0000000000	0.0001000000	0.0010000000	100	100	0	0.929793
1814000	-1.0000000000	0.0001000000	0.0010000000	100	100	0	0.913653
1815000	-1.0000000000	0.0001000000	0.0010000000	100	100	0	0.913931
1816000	-1.0000000000	0.0001000000	0.0010000000	100	100	0	0.919967
1817000	-1.0000000000	0.0001000000	0.0010000000	100	100	0	0.919231
1818000	-1.0000000000	0.0001000000	0.0010000000	100	100	0	0.913931
1819000	-1.0000000000	0.0001000000	0.0010000000	100	100	0	0.913096
1820000	-1.0000000000	0.0001000000	0.0010000000	100	100	0	0.924595
1821000	-1.0000000000	0.0001000000	0.0010000000	100	100	0	0.929643
1822000	-1.0000000000	0.0001000000	0.0010000000	100	100	0	0.929694
1823000	-1.0000000000	0.0001000000	0.0010000000	100	100	0	0.925800
1824000	-1.0000000000	0.0001000000	0.0010000000	100	100	0	0.926175
1825000	-1.0000000000	0.0001000000	0.0010000000	100	100	0	0.919339
1826000	-1.0000000000	0.0001000000	0.0010000000	100	100	0	0.918258
1827000	-1.0000000000	0.0001000000	0.0010000000	100	100	0	0.919497
1828000	-1.0000000000	0.0001000000	0.0010000000	100	100	0	0.913931
1829000	-1.0000000000	0.0001000000	0.0010000000	100	100	0	0.924697
1830000	-1.0000000000	0.0001000000	0.0010000000	100	100	0	0.919339
1831000	-1.0000000000	0.0001000000	0.0010000000	100	100	0	0.911486
1832000	-1.0000000000	0.0001000000	0.0010000000	100	100	0	0.912354
1833000	-1.0000000000	0.0001000000	0.0010000000	100	100	0	0.913876
1834000	-1.0000000000	0.0001000000	0.0010000000	100	100	0	0.908373
1835000	-1.0000000000	0.0001000000	0.0010000000	100	100	0	0.906776
1836000	-1.0000000000	0.0001000000	0.0010000000	100	100	0	0.909426
1837000	-1.0000000000	0.0001000000	0.0010000000	100	100	0	0.901206
1838000	-1.0000000000	0.0001000000	0.0010000000	100	100	0	0.902668
1839000	-1.0000000000	0.0001000000	0.0010000000	100	100	0	0.896820
1840000	-1.0000000000	0.0001000000	0.0010000000	100	100	0	0.896700
1841000	-1.0000000000	0.0001000000	0.0010000000	100	100	0	0.896879
1842000	-1.0000000000	0.0001000000	0.0010000000	100	100	0	0.896820
1843000	-1.0000000000	0.0001000000	0.0010000000	100	100	0	0.896820
1844000	-1.0000000000	0.0001000000	0.0010000000	100	100	0	0.896760
1845000	-1.0000000000	0.0001000000	0.0010000000	100	100	0	0.902895
1846000	-1.0000000000	0.0001000000	0.0010000000	100	100	0	0.901499
1847000	-1.0000000000	0.0001000000	0.0010000000	100	100	0	0.902551
1848000	-1.0000000000	0.0001000000	0.0010000000	100	100	0	0.902668
1849000	-1.0000000000	0.0001000000	0.0010000000	100	100	0	0.901733
1850000	-1.0000000000	0.0001000000	0.0010000000	100	100	0	0.903695
1851000	-1.0000000000	0.0001000000	0.0010000000	100	100	0	0.908373
1852000	-1.0000000000	0.0001000000	0.0010000000	100	100	0	0.909460
1853000	-1.0000000000	0.0001000000	0.0010000000	100	100	0	0.913876
1854000	-1.0000000000	0.0001000000	0.0010000000	100	100	0	0.913764
1855000	-1.0000000000	0.0001000000	0.0010000000	100	100	0	0.908373
1856000	-1.0000000000	0.0001000000	0.0010000000	100	100	0	0.913876
1857000	-1.0000000000	0.0001000000	0.0010000000	100	100	0	0.919177
1858000	-1.0000000000	0.0001000000	0.0010000000	100	100	0	0.919392
1859000	-1.0000000000	0.0001000000	0.0010000000	100	100	0	0.918041
1860000	-1.0000000000	0.0001000000	0.0010000000	100	100	0	0.923911
1861000	-1.0000000000	0.0001000000	0.0010000000	100	100	0	0.924279
1862000	-1.0000000000	0.0001000000	0.0010000000	100	100	0	0.924744
1863000	-1.0000000000	0.0001000000	0.0010000000	100	100	0	0.921757
1864000	-1.0000000000	0.0001000000	0.0010000000	100	100	0	0.924849
1865000	-1.0000000000	0.0001000000	0.0010000000	100	100	0	0.919123
1866000	-1.0000000000	0.0001000000	0.0010000000	100	100	0	0.919123
1867000	-1.0000000000	0.0001000000	0.0010000000	100	100	0	0.924174
1868000	-1.0000000000	0.0001000000	0.0010000000	100	100	0	0.924595
1869000	-1.0000000000	0.0001000000	0.0010000000	100	100	0	0.922965
1870000	-1.0000000000	0.0001000000	0.0010000000	100	100	0	0.929941
1871000	-1.0000000000	0.0001000000	0.0010000000	100	100	0	0.934535
1872000	-1.0000000000	0.0001000000	0.0010000000	100	100	0	0.941167
1873000	-1.0000000000	0.0001000000	0.0010000000	100	100	0	0.939317
1874000	-1.0000000000	0.0001000000	0.0010000000	100	100	0	0.939411
1875000	-1.0000000000	0.0001000000	0.0010000000	100	100	0	0.936641
1876000	-1.0000000000	0.0001000000	0.0010000000	100	100	0	0.943612
1877000	-1.0000000000	0.0001000000	0.0010000000	100	100	0	0.939916
1878000	-1.0000000000	0.0001000000	0.0010000000	100	100	0	0.939079
1879000	-1.0000000000	0.0001000000	0.0010000000	100	100	0	0.940552
1880000	-1.0000000000	0.0001000000	0.0010000000	100	100	0	0.941008
1881000	-1.0000000000	0.0001000000	0.0010000000	100	100	0	0.934585
1882000	-1.0000000000	0.0001000000	0.0010000000	100	100	0	0.934634
1883000	-1.0000000000	0.0001000000	0.0010000000	100	100	0	0.924016
1884000	-1.0000000000	0.0001000000	0.0010000000	100	100	0	0.922335
1885000	-1.0000000000	0.0001000000	0.0010000000	100	100	0	0.913931
1886000	-1.0000000000	0.0001000000	0.0010000000	100	100	0	0.919339
1887000	-1.0000000000	0.0001000000	0.0010000000	100	100	0	0.919339
1888000	-1.0000000000	0.0001000000	0.0010000000	100	100	0	0.919339
1889000	-1.0000000000	0.0001000000	0.0010000000	100	100	0	0.927858
1890000	-1.0000000000	0.0001000000	0.0010000000	100	100	0	0.929694
1891000	-1.0000000000	0.0001000000	0.0010000000	100	100	0	0.934634
1892000	-1.0000000000	0.0001000000	0.0010000000	100	100	0	0.929184
1893000	-1.0000000000	0.0001000000	0.0010000000	100	100	0	0.936020
1894000	-1.0000000000	0.0001000000	0.0010000000	100	100	0	0.934634
1895000	-1.0000000000	0.0001000000	0.0010000000	100	100	0	0.934634
1896000	-1.0000000000	0.0001000000	0.0010000000	100	100	0	0.939413
1897000	-1.0000000000	0.0001000000	0.0010000000	100	100	0	0.929337
1898000	-1.0000000000	0.0001000000	0.0010000000	100	100	0	0.926685
1899000	-1.0000000000	0.0001000000	0.0010000000	100	100	0	0.924595
1900000	-1.0000000000	0.0001000000	0.0010000000	100	100	0	0.924606
1901000	-1.0000000000	0.0001000000	0.0010000000	100	100	0	0.919339
1902000	-1.0000000000	0.0001000000	0.0010000000	100	100	0	0.924595
1903000	-1.0000000000	0.0001000000	0.0010000000	100	100	0	0.923123
1904000	-1.0000000000	0.0001000000	0.0010000000	100	100	0	0.921126
1905000	-1.0000000000	0.0001000000	0.0010000000	100	100	0	0.930237
1906000	-1.0000000000	0.0001000000	0.0010000000	100	100	0	0.929694
1907000	-1.0000000000	0.0001000000	0.0010000000	100	100	0	0.924587
1908000	-1.0000000000	0.0001000000	0.0010000000	100	100	0	0.924332
1909000	-1.0000000000	0.0001000000	0.0010000000	100	100	0	0.929694
1910000	-1.0000000000	0.0001000000	0.0010000000	100	100	0	0.929694
1911000	-1.0000000000	0.0001000000	0.0010000000	100	100	0	0.929694
1912000	-1.0000000000	0.0001000000	0.0010000000	100	100	0	0.924595
1913000	-1.0000000000	0.0001000000	0.0010000000	100	100	0	0.925447
1914000	-1.0000000000	0.0001000000	0.0010000000	100	100	0	0.921808
1915000	-1.0000000000	0.0001000000	0.0010000000	100	100	0	0.919914
1916000	-1.0000000000	0.0001000000	0.0010000000	100	100	0	0.913876
1917000	-1.0000000000	0.0001000000	0.0010000000	100	100	0	0.913876
1918000	-1.0000000000	0.0001000000	0.0010000000	100	100	0	0.913931
1919000	-1.0000000000	0.0001000000	0.0010000000	100	100	0	0.913931
1920000	-1.0000000000	0.0001000000	0.0010000000	100	100	0	0.913931
1921000	-1.0000000000	0.0001000000	0.0010000000	100	100	0	0.908373
1922000	-1.0000000000	0.0001000000	0.0010000000	100	100	0	0.907974
1923000	-1.0000000000	0.0001000000	0.0010000000	100	100	0	0.902668
1924000	-1.0000000000	0.0001000000	0.0010000000	100	100	0	0.910652
1925000	-1.0000000000	0.0001000000	0.0010000000	100	100	0	0.908429
1926000	-1.0000000000	0.0001000000	0.0010000000	100	100	0	0.913931
1927000	-1.0000000000	0.0001000000	0.0010000000	100	100	0	0.913931
1928000	-1.0000000000	0.0001000000	0.0010000000	100	100	0	0.914039
1929000	-1.0000000000	0.0001000000	0.0010000000	100	100	0	0.919120
1930000	-1.0000000000	0.0001000000	0.0010000000	100	100	0	0.913931
1931000	-1.0000000000	0.0001000000	0.0010000000	100	100	0	0.919444
1932000	-1.0000000000	0.0001000000	0.0010000000	100	100	0	0.925001
1933000	-1.0000000000	0.0001000000	0.0010000000	100	100	0	0.929743
1934000	-1.0000000000	0.0001000000	0.0010000000	100	100	0	0.936163
1935000	-1.0000000000	0.0001000000	0.0010000000	100	100	0	0.939413
1936000	-1.0000000000	0.0001000000	0.0010000000	100	100	0	0.944072
1937000	-1.0000000000	0.0001000000	0.0010000000	100	100	0	0.943058
1938000	-1.0000000000	0.0001000000	0.0010000000	100	100	0	0.938736
1939000	-1.0000000000	0.0001000000	0.0010000000	100	100	0	0.944027
1940000	-1.0000000000	0.0001000000	0.0010000000	100	100	0	0.943243
1941000	-1.0000000000	0.0001000000	0.0010000000	100	100	0	0.939413
1942000	-1.0000000000	0.0001000000	0.0010000000	100	100	0	0.936330
1943000	-1.0000000000	0.0001000000	0.0010000000	100	100	0	0.938935
1944000	-1.0000000000	0.0001000000	0.0010000000	100	100	0	0.939031
1945000	-1.0000000000	0.0001000000	0.0010000000	100	100	0	0.939413
1946000	-1.0000000000	0.0001000000	0.0010000000	100	100	0	0.939365
1947000	-1.0000000000	0.0001000000	0.0010000000	100	100	0	0.928521
1948000	-1.0000000000	0.0001000000	0.0010000000	100	100	0	0.929743
1949000	-1.0000000000	0.0001000000	0.0010000000	100	100	0	0.924595
1950000	-1.0000000000	0.0001000000	0.0010000000	100	100	0	0.927705
1951000	-1.0000000000	0.0001000000	0.0010000000	100	100	0	0.929694
1952000	-1.0000000000	0.0001000000	0.0010000000	100	100	0	0.931670
1953000	-1.0000000000	0.0001000000	0.0010000000	100	100	0	0.939551
1954000	-1.0000000000	0.0001000000	0.0010000000	100	100	0	0.944027
1955000	-1.0000000000	0.0001000000	0.0010000000	100	100	0	0.944739
1956000	-1.0000000000	0.0001000000	0.0010000000	100	100	0	0.941397
1957000	-1.0000000000	0.0001000000	0.0010000000	100	100	0	0.941946
1958000	-1.0000000000	0.0001000000	0.0010000000	100	100	0	0.939413
1959000	-1.0000000000	0.0001000000	0.0010000000	100	100	0	0.943490
1960000	-1.0000000000	0.0001000000	0.0010000000	100	100	0	0.934682
1961000	-1.0000000000	0.0001000000	0.0010000000	100	100	0	0.934634
1962000	-1.0000000000	0.0001000000	0.0010000000	100	100	0	0.934585
1963000	-1.0000000000	0.0001000000	0.0010000000	100	100	0	0.939413
1964000	-1.0000000000	0.0001000000	0.0010000000	100	100	0	0.939598
1965000	-1.0000000000	0.0001000000	0.0010000000	100	100	0	0.930632
1966000	-1.0000000000	0.0001000000	0.0010000000	100	100	0	0.927398
1967000	-1.0000000000	0.0001000000	0.0010000000	100	100	0	0.929694
1968000	-1.0000000000	0.0001000000	0.0010000000	100	100	0	0.948726
1969000	-1.0000000000	0.0001000000	0.0010000000	100	100	0	0.954190
1970000	-1.0000000000	0.0001000000	0.0010000000	100	100	0	0.960789
1971000	-1.0000000000	0.0001000000	0.0010000000	100	100	0	0.967440
1972000	-1.0000000000	0.0001000000	0.0010000000	100	100	0	0.963530
1973000	-1.0000000000	0.0001000000	0.0010000000	100	100	0	0.968084
1974000	-1.0000000000	0.0001000000	0.0010000000	100	100	0	0.968012
1975000	-1.0000000000	0.0001000000	0.0010000000	100	100	0	0.967869
1976000	-1.0000000000	0.0001000000	0.0010000000	100	100	0	0.965295
1977000	-1.0000000000	0.0001000000	0.0010000000	100	100	0	0.964544
1978000	-1.0000000000	0.0001000000	0.0010000000	100	100	0	0.964506
1979000	-1.0000000000	0.0001000000	0.0010000000	100	100	0	0.966153
1980000	-1.0000000000	0.0001000000	0.0010000000	100	100	0	0.967869
1981000	-1.0000000000	0.0001000000	0.0010000000	100	100	0	0.965616
1982000	-1.0000000000	0.0001000000	0.0010000000	100	100	0	0.964544
1983000	-1.0000000000	0.0001000000	0.0010000000	100	100	0	0.964544
1984000	-1.0000000000	0.0001000000	0.0010000000	100	100	0	0.963455
1985000	-1.0000000000	0.0001000000	0.0010000000	100	100	0	0.957016
1986000	-1.0000000000	0.0001000000	0.0010000000	100	100	0	0.956858
1987000	-1.0000000000	0.0001000000	0.0010000000	100	100	0	0.956858
1988000	-1.0000000000	0.0001000000	0.0010000000	100	100	0	0.956694
1989000	-1.0000000000	0.0001000000	0.0010000000	100	100	0	0.952753
1990000	-1.0000000000	0.0001000000	0.0010000000	100	100	0	0.956858
1991000	-1.0000000000	0.0001000000	0.0010000000	100	100	0	0.948475
1992000	-1.0000000000	0.0001000000	0.0010000000	100	100	0	0.948430
1993000	-1.0000000000	0.0001000000	0.0010000000	100	100	0	0.944027
1994000	-1.0000000000	0.0001000000	0.0010000000	100	100	0	0.943335
1995000	-1.0000000000	0.0001000000	0.0010000000	100	100	0	0.939317
1996000	-1.0000000000	0.0001000000	0.0010000000	100	100	0	0.948475
1997000	-1.0000000000	0.0001000000	0.0010000000	100	100	0	0.948732
1998000	-1.0000000000	0.0001000000	0.0010000000	100	100	0	0.950833
1999000	-1.0000000000	0.0001000000	0.0010000000	100	100	0	0.948430
2000000	-1.0000000000	0.0001000000	0.0010000000	100	100	0	0.952581
2001000	-1.0000000000	0.0001000000	0.0010000000	100	100	0	0.955832
2002000	-1.0000000000	0.0001000000	0.0010000000	100	100	0	0.956858
2003000	-1.0000000000	0.0001000000	0.0010000000	100	100	0	0.956858
2004000	-1.0000000000	0.0001000000	0.0010000000	100	100	0	0.955421
2005000	-1.0000000000	0.0001000000	0.0010000000	100	100	0	0.960789
2006000	-1.0000000000	0.0001000000	0.0010000000	100	100	0	0.959505
2007000	-1.0000000000	0.0001000000	0.0010000000	100	100	0	0.967905
2008000	-1.0000000000	0.0001000000	0.0010000000	100	100	0	0.968119
2009000	-1.0000000000	0.0001000000	0.0010000000	100	100	0	0.968119
2010000	-1.0000000000	0.0001000000	0.0010000000	100	100	0	0.965986
2011000	-1.0000000000	0.0001000000	0.0010000000	100	100	0	0.968119
2012000	-1.0000000000	0.0001000000	0.0010000000	100	100	0	0.971514
2013000	-1.0000000000	0.0001000000	0.0010000000	100	100	0	0.970937
2014000	-1.0000000000	0.0001000000	0.0010000000	100	100	0	0.968119
2015000	-1.0000000000	0.0001000000	0.0010000000	100	100	0	0.967976
2016000	-1.0000000000	0.0001000000	0.0010000000	100	100	0	0.968119
2017000	-1.0000000000	0.0001000000	0.0010000000	100	100	0	0.964469
2018000	-1.0000000000	0.0001000000	0.0010000000	100	100	0	0.964131
2019000	-1.0000000000	0.0001000000	0.0010000000	100	100	0	0.960789
2020000	-1.0000000000	0.0001000000	0.0010000000	100	100	0	0.960514
2021000	-1.0000000000	0.0001000000	0.0010000000	100	100	0	0.956858
2022000	-1.0000000000	0.0001000000	0.0010000000	100	100	0	0.960200
2023000	-1.0000000000	0.0001000000	0.0010000000	100	100	0	0.960789
2024000	-1.0000000000	0.0001000000	0.0010000000	100	100	0	0.960672
2025000	-1.0000000000	0.0001000000	0.0010000000	100	100	0	0.961608
2026000	-1.0000000000	0.0001000000	0.0010000000	100	100	0	0.953779
2027000	-1.0000000000	0.0001000000	0.0010000000	100	100	0	0.952753
2028000	-1.0000000000	0.0001000000	0.0010000000	100	100	0	0.952794
2029000	-1.0000000000	0.0001000000	0.0010000000	100	100	0	0.948430
2030000	-1.0000000000	0.0001000000	0.0010000000	100	100	0	0.948475
2031000	-1.0000000000	0.0001000000	0.0010000000	100	100	0	0.946291
2032000	-1.0000000000	0.0001000000	0.0010000000	100	100	0	0.945579
2033000	-1.0000000000	0.0001000000	0.0010000000	100	100	0	0.948475
2034000	-1.0000000000	0.0001000000	0.0010000000	100	100	0	0.948208
2035000	-1.0000000000	0.0001000000	0.0010000000	100	100	0	0.948475
2036000	-1.0000000000	0.0001000000	0.0010000000	100	100	0	0.948430
2037000	-1.0000000000	0.0001000000	0.0010000000	100	100	0	0.946874
2038000	-1.0000000000	0.0001000000	0.0010000000	100	100	0	0.944027
2039000	-1.0000000000	0.0001000000	0.0010000000	100	100	0	0.943981
2040000	-1.0000000000	0.0001000000	0.0010000000	100	100	0	0.944027
2041000	-1.0000000000	0.0001000000	0.0010000000	100	100	0	0.948475
2042000	-1.0000000000	0.0001000000	0.0010000000	100	100	0	0.949175
2043000	-1.0000000000	0.0001000000	0.0010000000	100	100	0	0.939988
2044000	-1.0000000000	0.0001000000	0.0010000000	100	100	0	0.941430
2045000	-1.0000000000	0.0001000000	0.0010000000	100	100	0	0.944027
2046000	-1.0000000000	0.0001000000	0.0010000000	100	100	0	0.943426
2047000	-1.0000000000	0.0001000000	0.0010000000	100	100	0	0.943751
2048000	-1.0000000000	0.0001000000	0.0010000000	100	100	0	0.944027
2049000	-1.0000000000	0.0001000000	0.0010000000	100	100	0	0.948475
2050000	-1.0000000000	0.0001000000	0.0010000000	100	100	0	0.947852
2051000	-1.0000000000	0.0001000000	0.0010000000	100	100	0	0.948475
2052000	-1.0000000000	0.0001000000	0.0010000000	100	100	0	0.948475
2053000	-1.0000000000	0.0001000000	0.0010000000	100	100	0	0.948475
2054000	-1.0000000000	0.0001000000	0.0010000000	100	100	0	0.946785
2055000	-1.0000000000	0.0001000000	0.0010000000	100	100	0	0.929694
2056000	-1.0000000000	0.0001000000	0.0010000000	100	100	0	0.933893
2057000	-1.0000000000	0.0001000000	0.0010000000	100	100	0	0.934634
2058000	-1.0000000000	0.0001000000	0.0010000000	100	100	0	0.939365
2059000	-1.0000000000	0.0001000000	0.0010000000	100	100	0	0.937740
2060000	-1.0000000000	0.0001000000	0.0010000000	100	100	0	0.939413
2061000	-1.0000000000	0.0001000000	0.0010000000	100	100	0	0.934634
2062000	-1.0000000000	0.0001000000	0.0010000000	100	100	0	0.934634
2063000	-1.0000000000	0.0001000000	0.0010000000	100	100	0	0.935396
2064000	-1.0000000000	0.0001000000	0.0010000000	100	100	0	0.934634
2065000	-1.0000000000	0.0001000000	0.0010000000	100	100	0	0.934634
2066000	-1.0000000000	0.0001000000	0.0010000000	100	100	0	0.938410
2067000	-1.0000000000	0.0001000000	0.0010000000	100	100	0	0.939222
2068000	-1.0000000000	0.0001000000	0.0010000000	100	100	0	0.939551
2069000	-1.0000000000	0.0001000000	0.0010000000	100	100	0	0.939456
2070000	-1.0000000000	0.0001000000	0.0010000000	100	100	0	0.944027
2071000	-1.0000000000	0.0001000000	0.0010000000	100	100	0	0.944027
2072000	-1.0000000000	0.0001000000	0.0010000000	100	100	0	0.942412
2073000	-1.0000000000	0.0001000000	0.0010000000	100	100	0	0.939413
2074000	-1.0000000000	0.0001000000	0.0010000000	100	100	0	0.934585
2075000	-1.0000000000	0.0001000000	0.0010000000	100	100	0	0.927549
2076000	-1.0000000000	0.0001000000	0.0010000000	100	100	0	0.924747
2077000	-1.0000000000	0.0001000000	0.0010000000	100	100	0	0.923228
2078000	-1.0000000000	0.0001000000	0.0010000000	100	100	0	0.924595
2079000	-1.0000000000	0.0001000000	0.0010000000	100	100	0	0.924122
2080000	-1.0000000000	0.0001000000	0.0010000000	100	100	0	0.933251
2081000	-1.0000000000	0.0001000000	0.0010000000	100	100	0	0.934634
2082000	-1.0000000000	0.0001000000	0.0010000000	100	100	0	0.939413
2083000	-1.0000000000	0.0001000000	0.0010000000	100	100	0	0.944027
2084000	-1.0000000000	0.0001000000	0.0010000000	100	100	0	0.942915
2085000	-1.0000000000	0.0001000000	0.0010000000	100	100	0	0.939413
2086000	-1.0000000000	0.0001000000	0.0010000000	100	100	0	0.938648
2087000	-1.0000000000	0.0001000000	0.0010000000	100	100	0	0.939413
2088000	-1.0000000000	0.0001000000	0.0010000000	100	100	0	0.939413
2089000	-1.0000000000	0.0001000000	0.0010000000	100	100	0	0.944027
2090000	-1.0000000000	0.0001000000	0.0010000000	100	100	0	0.947317
2091000	-1.0000000000	0.0001000000	0.0010000000	100	100	0	0.944027
2092000	-1.0000000000	0.0001000000	0.0010000000	100	100	0	0.948475
2093000	-1.0000000000	0.0001000000	0.0010000000	100	100	0	0.952710
2094000	-1.0000000000	0.0001000000	0.0010000000	100	100	0	0.952753
2095000	-1.0000000000	0.0001000000	0.0010000000	100	100	0	0.948475
2096000	-1.0000000000	0.0001000000	0.0010000000	100	100	0	0.947941
2097000	-1.0000000000	0.0001000000	0.0010000000	100	100	0	0.948386
2098000	-1.0000000000	0.0001000000	0.0010000000	100	100	0	0.948475
2099000	-1.0000000000	0.0001000000	0.0010000000	100	100	0	0.948518
2100000	-1.0000000000	0.0001000000	0.0010000000	100	100	0	0.944027
2101000	-1.0000000000	0.0001000000	0.0010000000	100	100	0	0.941766
2102000	-1.0000000000	0.0001000000	0.0010000000	100	100	0	0.943652
2103000	-1.0000000000	0.0001000000	0.0010000000	100	100	0	0.944205
2104000	-1.0000000000	0.0001000000	0.0010000000	100	100	0	0.943889
2105000	-1.0000000000	0.0001000000	0.0010000000	100	100	0	0.943151
2106000	-1.0000000000	0.0001000000	0.0010000000	100	100	0	0.937664
2107000	-1.0000000000	0.0001000000	0.0010000000	100	100	0	0.934585
2108000	-1.0000000000	0.0001000000	0.0010000000	100	100	0	0.939413
2109000	-1.0000000000	0.0001000000	0.0010000000	100	100	0	0.937203
2110000	-1.0000000000	0.0001000000	0.0010000000	100	100	0	0.939317
2111000	-1.0000000000	0.0001000000	0.0010000000	100	100	0	0.943012
2112000	-1.0000000000	0.0001000000	0.0010000000	100	100	0	0.943197
2113000	-1.0000000000	0.0001000000	0.0010000000	100	100	0	0.939413
2114000	-1.0000000000	0.0001000000	0.0010000000	100	100	0	0.939413
2115000	-1.0000000000	0.0001000000	0.0010000000	100	100	0	0.934634
2116000	-1.0000000000	0.0001000000	0.0010000000	100	100	0	0.933794
2117000	-1.0000000000	0.0001000000	0.0010000000	100	100	0	0.929694
2118000	-1.0000000000	0.0001000000	0.0010000000	100	100	0	0.929842
2119000	-1.0000000000	0.0001000000	0.0010000000	100	100	0	0.928266
2120000	-1.0000000000	0.0001000000	0.0010000000	100	100	0	0.930880
2121000	-1.0000000000	0.0001000000	0.0010000000	100	100	0	0.929590
2122000	-1.0000000000	0.0001000000	0.0010000000	100	100	0	0.929585
2123000	-1.0000000000	0.0001000000	0.0010000000	100	100	0	0.930666
2124000	-1.0000000000	0.0001000000	0.0010000000	100	100	0	0.933053
2125000	-1.0000000000	0.0001000000	0.0010000000	100	100	0	0.939222
2126000	-1.0000000000	0.0001000000	0.0010000000	100	100	0	0.939413
2127000	-1.0000000000	0.0001000000	0.0010000000	100	100	0	0.936692
2128000	-1.0000000000	0.0001000000	0.0010000000	100	100	0	0.943935
2129000	-1.0000000000	0.0001000000	0.0010000000	100	100	0	0.944027
2130000	-1.0000000000	0.0001000000	0.0010000000	100	100	0	0.938696
2131000	-1.0000000000	0.0001000000	0.0010000000	100	100	0	0.929694
2132000	-1.0000000000	0.0001000000	0.0010000000	100	100	0	0.934190
2133000	-1.0000000000	0.0001000000	0.0010000000	100	100	0	0.929490
2134000	-1.0000000000	0.0001000000	0.0010000000	100	100	0	0.931469
2135000	-1.0000000000	0.0001000000	0.0010000000	100	100	0	0.923941
2136000	-1.0000000000	0.0001000000	0.0010000000	100	100	0	0.924595
2137000	-1.0000000000	0.0001000000	0.0010000000	100	100	0	0.924595
2138000	-1.0000000000	0.0001000000	0.0010000000	100	100	0	0.928062
2139000	-1.0000000000	0.0001000000	0.0010000000	100	100	0	0.936737
2140000	-1.0000000000	0.0001000000	0.0010000000	100	100	0	0.929793
2141000	-1.0000000000	0.0001000000	0.0010000000	100	100	0	0.929439
2142000	-1.0000000000	0.0001000000	0.0010000000	100	100	0	0.934437
2143000	-1.0000000000	0.0001000000	0.0010000000	100	100	0	0.939222
2144000	-1.0000000000	0.0001000000	0.0010000000	100	100	0	0.945796
2145000	-1.0000000000	0.0001000000	0.0010000000	100	100	0	0.948475
2146000	-1.0000000000	0.0001000000	0.0010000000	100	100	0	0.948603
2147000	-1.0000000000	0.0001000000	0.0010000000	100	100	0	0.950699
2148000	-1.0000000000	0.0001000000	0.0010000000	100	100	0	0.952753
2149000	-1.0000000000	0.0001000000	0.0010000000	100	100	0	0.952753
2150000	-1.0000000000	0.0001000000	0.0010000000	100	100	0	0.956119
2151000	-1.0000000000	0.0001000000	0.0010000000	100	100	0	0.956937
2152000	-1.0000000000	0.0001000000	0.0010000000	100	100	0	0.952753
2153000	-1.0000000000	0.0001000000	0.0010000000	100	100	0	0.952753
2154000	-1.0000000000	0.0001000000	0.0010000000	100	100	0	0.948430
2155000	-1.0000000000	0.0001000000	0.0010000000	100	100	0	0.952753
2156000	-1.0000000000	0.0001000000	0.0010000000	100	100	0	0.950485
2157000	-1.0000000000	0.0001000000	0.0010000000	100	100	0	0.941443
2158000	-1.0000000000	0.0001000000	0.0010000000	100	100	0	0.943008
2159000	-1.0000000000	0.0001000000	0.0010000000	100	100	0	0.939222
2160000	-1.0000000000	0.0001000000	0.0010000000	100	100	0	0.943981
2161000	-1.0000000000	0.0001000000	0.0010000000	100	100	0	0.942643
2162000	-1.0000000000	0.0001000000	0.0010000000	100	100	0	0.944072
2163000	-1.0000000000	0.0001000000	0.0010000000	100	100	0	0.942782
2164000	-1.0000000000	0.0001000000	0.0010000000	100	100	0	0.951640
2165000	-1.0000000000	0.0001000000	0.0010000000	100	100	0	0.952154
2166000	-1.0000000000	0.0001000000	0.0010000000	100	100	0	0.949204
2167000	-1.0000000000	0.0001000000	0.0010000000	100	100	0	0.948475
2168000	-1.0000000000	0.0001000000	0.0010000000	100	100	0	0.952753
2169000	-1.0000000000	0.0001000000	0.0010000000	100	100	0	0.948603
2170000	-1.0000000000	0.0001000000	0.0010000000	100	100	0	0.948475
2171000	-1.0000000000	0.0001000000	0.0010000000	100	100	0	0.948475
2172000	-1.0000000000	0.0001000000	0.0010000000	100	100	0	0.948252
2173000	-1.0000000000	0.0001000000	0.0010000000	100	100	0	0.945406
2174000	-1.0000000000	0.0001000000	0.0010000000	100	100	0	0.940844
2175000	-1.0000000000	0.0001000000	0.0010000000	100	100	0	0.939413
2176000	-1.0000000000	0.0001000000	0.0010000000	100	100	0	0.939365
2177000	-1.0000000000	0.0001000000	0.0010000000	100	100	0	0.933202
2178000	-1.0000000000	0.0001000000	0.0010000000	100	100	0	0.929694
2179000	-1.0000000000	0.0001000000	0.0010000000	100	100	0	0.929840
2180000	-1.0000000000	0.0001000000	0.0010000000	100	100	0	0.923491
2181000	-1.0000000000	0.0001000000	0.0010000000	100	100	0	0.914148
2182000	-1.0000000000	0.0001000000	0.0010000000	100	100	0	0.913931
2183000	-1.0000000000	0.0001000000	0.0010000000	100	100	0	0.913931
2184000	-1.0000000000	0.0001000000	0.0010000000	100	100	0	0.913931
2185000	-1.0000000000	0.0001000000	0.0010000000	100	100	0	0.913264
2186000	-1.0000000000	0.0001000000	0.0010000000	100	100	0	0.920916
2187000	-1.0000000000	0.0001000000	0.0010000000	100	100	0	0.921704
2188000	-1.0000000000	0.0001000000	0.0010000000	100	100	0	0.918312
2189000	-1.0000000000	0.0001000000	0.0010000000	100	100	0	0.924542
2190000	-1.0000000000	0.0001000000	0.0010000000	100	100	0	0.924642
2191000	-1.0000000000	0.0001000000	0.0010000000	100	100	0	0.929694
2192000	-1.0000000000	0.0001000000	0.0010000000	100	100	0	0.931571
2193000	-1.0000000000	0.0001000000	0.0010000000	100	100	0	0.934535
2194000	-1.0000000000	0.0001000000	0.0010000000	100	100	0	0.933992
2195000	-1.0000000000	0.0001000000	0.0010000000	100	100	0	0.935208
2196000	-1.0000000000	0.0001000000	0.0010000000	100	100	0	0.934634
2197000	-1.0000000000	0.0001000000	0.0010000000	100	100	0	0.937549
2198000	-1.0000000000	0.0001000000	0.0010000000	100	100	0	0.935542
2199000	-1.0000000000	0.0001000000	0.0010000000	100	100	0	0.930803
2200000	-1.0000000000	0.0001000000	0.0010000000	100	100	0	0.934634
2201000	-1.0000000000	0.0001000000	0.0010000000	100	100	0	0.929541
2202000	-1.0000000000	0.0001000000	0.0010000000	100	100	0	0.929694
2203000	-1.0000000000	0.0001000000	0.0010000000	100	100	0	0.929643
2204000	-1.0000000000	0.0001000000	0.0010000000	100	100	0	0.929694
2205000	-1.0000000000	0.0001000000	0.0010000000	100	100	0	0.934634
2206000	-1.0000000000	0.0001000000	0.0010000000	100	100	0	0.934634
2207000	-1.0000000000	0.0001000000	0.0010000000	100	100	0	0.933103
2208000	-1.0000000000	0.0001000000	0.0010000000	100	100	0	0.940695
2209000	-1.0000000000	0.0001000000	0.0010000000	100	100	0	0.948595
2210000	-1.0000000000	0.0001000000	0.0010000000	100	100	0	0.946696
2211000	-1.0000000000	0.0001000000	0.0010000000	100	100	0	0.952753
2212000	-1.0000000000	0.0001000000	0.0010000000	100	100	0	0.953163
2213000	-1.0000000000	0.0001000000	0.0010000000	100	100	0	0.944027
2214000	-1.0000000000	0.0001000000	0.0010000000	100	100	0	0.939505
2215000	-1.0000000000	0.0001000000	0.0010000000	100	100	0	0.938601
2216000	-1.0000000000	0.0001000000	0.0010000000	100	100	0	0.939365
2217000	-1.0000000000	0.0001000000	0.0010000000	100	100	0	0.944027
2218000	-1.0000000000	0.0001000000	0.0010000000	100	100	0	0.948475
2219000	-1.0000000000	0.0001000000	0.0010000000	100	100	0	0.944529
2220000	-1.0000000000	0.0001000000	0.0010000000	100	100	0	0.939551
2221000	-1.0000000000	0.0001000000	0.0010000000	100	100	0	0.937119
2222000	-1.0000000000	0.0001000000	0.0010000000	100	100	0	0.934634
2223000	-1.0000000000	0.0001000000	0.0010000000	100	100	0	0.934535
2224000	-1.0000000000	0.0001000000	0.0010000000	100	100	0	0.929694
2225000	-1.0000000000	0.0001000000	0.0010000000	100	100	0	0.929694
2226000	-1.0000000000	0.0001000000	0.0010000000	100	100	0	0.929842
2227000	-1.0000000000	0.0001000000	0.0010000000	100	100	0	0.929643
2228000	-1.0000000000	0.0001000000	0.0010000000	100	100	0	0.929592
2229000	-1.0000000000	0.0001000000	0.0010000000	100	100	0	0.929694
2230000	-1.0000000000	0.0001000000	0.0010000000	100	100	0	0.929793
2231000	-1.0000000000	0.0001000000	0.0010000000	100	100	0	0.924595
2232000	-1.0000000000	0.0001000000	0.0010000000	100	100	0	0.924595
2233000	-1.0000000000	0.0001000000	0.0010000000	100	100	0	0.929694
2234000	-1.0000000000	0.0001000000	0.0010000000	100	100	0	0.925307
2235000	-1.0000000000	0.0001000000	0.0010000000	100	100	0	0.919339
2236000	-1.0000000000	0.0001000000	0.0010000000	100	100	0	0.924595
2237000	-1.0000000000	0.0001000000	0.0010000000	100	100	0	0.924595
2238000	-1.0000000000	0.0001000000	0.0010000000	100	100	0	0.925461
2239000	-1.0000000000	0.0001000000	0.0010000000	100	100	0	0.924595
2240000	-1.0000000000	0.0001000000	0.0010000000	100	100	0	0.929541
2241000	-1.0000000000	0.0001000000	0.0010000000	100	100	0	0.929694
2242000	-1.0000000000	0.0001000000	0.0010000000	100	100	0	0.929694
2243000	-1.0000000000	0.0001000000	0.0010000000	100	100	0	0.928113
2244000	-1.0000000000	0.0001000000	0.0010000000	100	100	0	0.928674
2245000	-1.0000000000	0.0001000000	0.0010000000	100	100	0	0.929592
2246000	-1.0000000000	0.0001000000	0.0010000000	100	100	0	0.929694
2247000	-1.0000000000	0.0001000000	0.0010000000	100	100	0	0.929273
2248000	-1.0000000000	0.0001000000	0.0010000000	100	100	0	0.929791
2249000	-1.0000000000	0.0001000000	0.0010000000	100	100	0	0.926430
2250000	-1.0000000000	0.0001000000	0.0010000000	100	100	0	0.929643
2251000	-1.0000000000	0.0001000000	0.0010000000	100	100	0	0.924595
2252000	-1.0000000000	0.0001000000	0.0010000000	100	100	0	0.919339
2253000	-1.0000000000	0.0001000000	0.0010000000	100	100	0	0.919285
2254000	-1.0000000000	0.0001000000	0.0010000000	100	100	0	0.918961
2255000	-1.0000000000	0.0001000000	0.0010000000	100	100	0	0.923228
2256000	-1.0000000000	0.0001000000	0.0010000000	100	100	0	0.928818
2257000	-1.0000000000	0.0001000000	0.0010000000	100	100	0	0.924435
2258000	-1.0000000000	0.0001000000	0.0010000000	100	100	0	0.924384
2259000	-1.0000000000	0.0001000000	0.0010000000	100	100	0	0.924595
2260000	-1.0000000000	0.0001000000	0.0010000000	100	100	0	0.924437
2261000	-1.0000000000	0.0001000000	0.0010000000	100	100	0	0.929694
2262000	-1.0000000000	0.0001000000	0.0010000000	100	100	0	0.929694
2263000	-1.0000000000	0.0001000000	0.0010000000	100	100	0	0.929694
2264000	-1.0000000000	0.0001000000	0.0010000000	100	100	0	0.934239
2265000	-1.0000000000	0.0001000000	0.0010000000	100	100	0	0.944027
2266000	-1.0000000000	0.0001000000	0.0010000000	100	100	0	0.942782
2267000	-1.0000000000	0.0001000000	0.0010000000	100	100	0	0.939317
2268000	-1.0000000000	0.0001000000	0.0010000000	100	100	0	0.939222
2269000	-1.0000000000	0.0001000000	0.0010000000	100	100	0	0.943751
2270000	-1.0000000000	0.0001000000	0.0010000000	100	100	0	0.948475
2271000	-1.0000000000	0.0001000000	0.0010000000	100	100	0	0.948475
2272000	-1.0000000000	0.0001000000	0.0010000000	100	100	0	0.948475
2273000	-1.0000000000	0.0001000000	0.0010000000	100	100	0	0.948603
2274000	-1.0000000000	0.0001000000	0.0010000000	100	100	0	0.943474
2275000	-1.0000000000	0.0001000000	0.0010000000	100	100	0	0.939413
2276000	-1.0000000000	0.0001000000	0.0010000000	100	100	0	0.944027
2277000	-1.0000000000	0.0001000000	0.0010000000	100	100	0	0.941071
2278000	-1.0000000000	0.0001000000	0.0010000000	100	100	0	0.942874
2279000	-1.0000000000	0.0001000000	0.0010000000	100	100	0	0.944027
2280000	-1.0000000000	0.0001000000	0.0010000000	100	100	0	0.944027
2281000	-1.0000000000	0.0001000000	0.0010000000	100	100	0	0.943843
2282000	-1.0000000000	0.0001000000	0.0010000000	100	100	0	0.944027
2283000	-1.0000000000	0.0001000000	0.0010000000	100	100	0	0.948475
2284000	-1.0000000000	0.0001000000	0.0010000000	100	100	0	0.949459
2285000	-1.0000000000	0.0001000000	0.0010000000	100	100	0	0.948386
2286000	-1.0000000000	0.0001000000	0.0010000000	100	100	0	0.952751
2287000	-1.0000000000	0.0001000000	0.0010000000	100	100	0	0.956935
2288000	-1.0000000000	0.0001000000	0.0010000000	100	100	0	0.956694
2289000	-1.0000000000	0.0001000000	0.0010000000	100	100	0	0.956817
2290000	-1.0000000000	0.0001000000	0.0010000000	100	100	0	0.960750
2291000	-1.0000000000	0.0001000000	0.0010000000	100	100	0	0.959414
2292000	-1.0000000000	0.0001000000	0.0010000000	100	100	0	0.960396
2293000	-1.0000000000	0.0001000000	0.0010000000	100	100	0	0.960475
2294000	-1.0000000000	0.0001000000	0.0010000000	100	100	0	0.956735
2295000	-1.0000000000	0.0001000000	0.0010000000	100	100	0	0.956485
2296000	-1.0000000000	0.0001000000	0.0010000000	100	100	0	0.956068
2297000	-1.0000000000	0.0001000000	0.0010000000	100	100	0	0.948430
2298000	-1.0000000000	0.0001000000	0.0010000000	100	100	0	0.947808
2299000	-1.0000000000	0.0001000000	0.0010000000	100	100	0	0.948119
2300000	-1.0000000000	0.0001000000	0.0010000000	100	100	0	0.952753
2301000	-1.0000000000	0.0001000000	0.0010000000	100	100	0	0.952958
2302000	-1.0000000000	0.0001000000	0.0010000000	100	100	0	0.956037
2303000	-1.0000000000	0.0001000000	0.0010000000	100	100	0	0.957251
2304000	-1.0000000000	0.0001000000	0.0010000000	100	100	0	0.952753
2305000	-1.0000000000	0.0001000000	0.0010000000	100	100	0	0.950785
2306000	-1.0000000000	0.0001000000	0.0010000000	100	100	0	0.956858
2307000	-1.0000000000	0.0001000000	0.0010000000	100	100	0	0.956242
2308000	-1.0000000000	0.0001000000	0.0010000000	100	100	0	0.956448
2309000	-1.0000000000	0.0001000000	0.0010000000	100	100	0	0.956858
2310000	-1.0000000000	0.0001000000	0.0010000000	100	100	0	0.956858
2311000	-1.0000000000	0.0001000000	0.0010000000	100	100	0	0.956858
2312000	-1.0000000000	0.0001000000	0.0010000000	100	100	0	0.955750
2313000	-1.0000000000	0.0001000000	0.0010000000	100	100	0	0.956858
2314000	-1.0000000000	0.0001000000	0.0010000000	100	100	0	0.956858
2315000	-1.0000000000	0.0001000000	0.0010000000	100	100	0	0.956858
2316000	-1.0000000000	0.0001000000	0.0010000000	100	100	0	0.956858
2317000	-1.0000000000	0.0001000000	0.0010000000	100	100	0	0.960475
2318000	-1.0000000000	0.0001000000	0.0010000000	100	100	0	0.960672
2319000	-1.0000000000	0.0001000000	0.0010000000	100	100	0	0.960789
2320000	-1.0000000000	0.0001000000	0.0010000000	100	100	0	0.956858
2321000	-1.0000000000	0.0001000000	0.0010000000	100	100	0	0.956858
2322000	-1.0000000000	0.0001000000	0.0010000000	100	100	0	0.956858
2323000	-1.0000000000	0.0001000000	0.0010000000	100	100	0	0.956733
2324000	-1.0000000000	0.0001000000	0.0010000000	100	100	0	0.956858
2325000	-1.0000000000	0.0001000000	0.0010000000	100	100	0	0.952325
2326000	-1.0000000000	0.0001000000	0.0010000000	100	100	0	0.953204
2327000	-1.0000000000	0.0001000000	0.0010000000	100	100	0	0.952753
2328000	-1.0000000000	0.0001000000	0.0010000000	100	100	0	0.956858
2329000	-1.0000000000	0.0001000000	0.0010000000	100	100	0	0.960789
2330000	-1.0000000000	0.0001000000	0.0010000000	100	100	0	0.956937
2331000	-1.0000000000	0.0001000000	0.0010000000	100	100	0	0.954145
2332000	-1.0000000000	0.0001000000	0.0010000000	100	100	0	0.952753
2333000	-1.0000000000	0.0001000000	0.0010000000	100	100	0	0.951983
2334000	-1.0000000000	0.0001000000	0.0010000000	100	100	0	0.953984
2335000	-1.0000000000	0.0001000000	0.0010000000	100	100	0	0.952753
2336000	-1.0000000000	0.0001000000	0.0010000000	100	100	0	0.952539
2337000	-1.0000000000	0.0001000000	0.0010000000	100	100	0	0.963568
2338000	-1.0000000000	0.0001000000	0.0010000000	100	100	0	0.964544
2339000	-1.0000000000	0.0001000000	0.0010000000	100	100	0	0.956694
2340000	-1.0000000000	0.0001000000	0.0010000000	100	100	0	0.956817
2341000	-1.0000000000	0.0001000000	0.0010000000	100	100	0	0.956817
2342000	-1.0000000000	0.0001000000	0.0010000000	100	100	0	0.960750
2343000	-1.0000000000	0.0001000000	0.0010000000	100	100	0	0.960789
2344000	-1.0000000000	0.0001000000	0.0010000000	100	100	0	0.953717
2345000	-1.0000000000	0.0001000000	0.0010000000	100	100	0	0.944027
2346000	-1.0000000000	0.0001000000	0.0010000000	100	100	0	0.943889
2347000	-1.0000000000	0.0001000000	0.0010000000	100	100	0	0.944027
2348000	-1.0000000000	0.0001000000	0.0010000000	100	100	0	0.944027
2349000	-1.0000000000	0.0001000000	0.0010000000	100	100	0	0.944027
2350000	-1.0000000000	0.0001000000	0.0010000000	100	100	0	0.944116
2351000	-1.0000000000	0.0001000000	0.0010000000	100	100	0	0.952753
2352000	-1.0000000000	0.0001000000	0.0010000000	100	100	0	0.952753
2353000	-1.0000000000	0.0001000000	0.0010000000	100	100	0	0.951767
2354000	-1.0000000000	0.0001000000	0.0010000000	100	100	0	0.952197
2355000	-1.0000000000	0.0001000000	0.0010000000	100	100	0	0.952792
2356000	-1.0000000000	0.0001000000	0.0010000000	100	100	0	0.952794
2357000	-1.0000000000	0.0001000000	0.0010000000	100	100	0	0.945050
2358000	-1.0000000000	0.0001000000	0.0010000000	100	100	0	0.944027
2359000	-1.0000000000	0.0001000000	0.0010000000	100	100	0	0.940613
2360000	-1.0000000000	0.0001000000	0.0010000000	100	100	0	0.944027
2361000	-1.0000000000	0.0001000000	0.0010000000	100	100	0	0.942920
2362000	-1.0000000000	0.0001000000	0.0010000000	100	100	0	0.944027
2363000	-1.0000000000	0.0001000000	0.0010000000	100	100	0	0.938016
2364000	-1.0000000000	0.0001000000	0.0010000000	100	100	0	0.944027
2365000	-1.0000000000	0.0001000000	0.0010000000	100	100	0	0.944069
2366000	-1.0000000000	0.0001000000	0.0010000000	100	100	0	0.944205
2367000	-1.0000000000	0.0001000000	0.0010000000	100	100	0	0.939413
2368000	-1.0000000000	0.0001000000	0.0010000000	100	100	0	0.928776
2369000	-1.0000000000	0.0001000000	0.0010000000	100	100	0	0.924542
2370000	-1.0000000000	0.0001000000	0.0010000000	100	100	0	0.929694
2371000	-1.0000000000	0.0001000000	0.0010000000	100	100	0	0.919228
2372000	-1.0000000000	0.0001000000	0.0010000000	100	100	0	0.924437
2373000	-1.0000000000	0.0001000000	0.0010000000	100	100	0	0.923438
2374000	-1.0000000000	0.0001000000	0.0010000000	100	100	0	0.923438
2375000	-1.0000000000	0.0001000000	0.0010000000	100	100	0	0.924595
2376000	-1.0000000000	0.0001000000	0.0010000000	100	100	0	0.924595
2377000	-1.0000000000	0.0001000000	0.0010000000	100	100	0	0.924595
2378000	-1.0000000000	0.0001000000	0.0010000000	100	100	0	0.919339
2379000	-1.0000000000	0.0001000000	0.0010000000	100	100	0	0.917878
2380000	-1.0000000000	0.0001000000	0.0010000000	100	100	0	0.919231
2381000	-1.0000000000	0.0001000000	0.0010000000	100	100	0	0.921794
2382000	-1.0000000000	0.0001000000	0.0010000000	100	100	0	0.928368
2383000	-1.0000000000	0.0001000000	0.0010000000	100	100	0	0.927093
2384000	-1.0000000000	0.0001000000	0.0010000000	100	100	0	0.924542
2385000	-1.0000000000	0.0001000000	0.0010000000	100	100	0	0.920443
2386000	-1.0000000000	0.0001000000	0.0010000000	100	100	0	0.919339
2387000	-1.0000000000	0.0001000000	0.0010000000	100	100	0	0.918041
2388000	-1.0000000000	0.0001000000	0.0010000000	100	100	0	0.924279
2389000	-1.0000000000	0.0001000000	0.0010000000	100	100	0	0.922650
2390000	-1.0000000000	0.0001000000	0.0010000000	100	100	0	0.924437
2391000	-1.0000000000	0.0001000000	0.0010000000	100	100	0	0.924646
2392000	-1.0000000000	0.0001000000	0.0010000000	100	100	0	0.924595
2393000	-1.0000000000	0.0001000000	0.0010000000	100	100	0	0.928776
2394000	-1.0000000000	0.0001000000	0.0010000000	100	100	0	0.934585
2395000	-1.0000000000	0.0001000000	0.0010000000	100	100	0	0.934634
2396000	-1.0000000000	0.0001000000	0.0010000000	100	100	0	0.934634
2397000	-1.0000000000	0.0001000000	0.0010000000	100	100	0	0.934634
2398000	-1.0000000000	0.0001000000	0.0010000000	100	100	0	0.934634
2399000	-1.0000000000	0.0001000000	0.0010000000	100	100	0	0.929694
2400000	-1.0000000000	0.0001000000	0.0010000000	100	100	0	0.929694
2401000	-1.0000000000	0.0001000000	0.0010000000	100	100	0	0.924595
2402000	-1.0000000000	0.0001000000	0.0010000000	100	100	0	0.916688
2403000	-1.0000000000	0.0001000000	0.0010000000	100	100	0	0.919285
2404000	-1.0000000000	0.0001000000	0.0010000000	100	100	0	0.919015
2405000	-1.0000000000	0.0001000000	0.0010000000	100	100	0	0.919339
2406000	-1.0000000000	0.0001000000	0.0010000000	100	100	0	0.919444
2407000	-1.0000000000	0.0001000000	0.0010000000	100	100	0	0.922965
2408000	-1.0000000000	0.0001000000	0.0010000000	100	100	0	0.920336
2409000	-1.0000000000	0.0001000000	0.0010000000	100	100	0	0.924595
2410000	-1.0000000000	0.0001000000	0.0010000000	100	100	0	0.925308
2411000	-1.0000000000	0.0001000000	0.0010000000	100	100	0	0.936689
2412000	-1.0000000000	0.0001000000	0.0010000000	100	100	0	0.930384
2413000	-1.0000000000	0.0001000000	0.0010000000	100	100	0	0.934634
2414000	-1.0000000000	0.0001000000	0.0010000000	100	100	0	0.929694
2415000	-1.0000000000	0.0001000000	0.0010000000	100	100	0	0.924646
2416000	-1.0000000000	0.0001000000	0.0010000000	100	100	0	0.925559
2417000	-1.0000000000	0.0001000000	0.0010000000	100	100	0	0.924595
2418000	-1.0000000000	0.0001000000	0.0010000000	100	100	0	0.928572
2419000	-1.0000000000	0.0001000000	0.0010000000	100	100	0	0.929694
2420000	-1.0000000000	0.0001000000	0.0010000000	100	100	0	0.929694
2421000	-1.0000000000	0.0001000000	0.0010000000	100	100	0	0.934486
2422000	-1.0000000000	0.0001000000	0.0010000000	100	100	0	0.934634
2423000	-1.0000000000	0.0001000000	0.0010000000	100	100	0	0.934585
2424000	-1.0000000000	0.0001000000	0.0010000000	100	100	0	0.934969
2425000	-1.0000000000	0.0001000000	0.0010000000	100	100	0	0.943751
2426000	-1.0000000000	0.0001000000	0.0010000000	100	100	0	0.944027
2427000	-1.0000000000	0.0001000000	0.0010000000	100	100	0	0.948774
2428000	-1.0000000000	0.0001000000	0.0010000000	100	100	0	0.947496
2429000	-1.0000000000	0.0001000000	0.0010000000	100	100	0	0.948475
2430000	-1.0000000000	0.0001000000	0.0010000000	100	100	0	0.944294
2431000	-1.0000000000	0.0001000000	0.0010000000	100	100	0	0.944027
2432000	-1.0000000000	0.0001000000	0.0010000000	100	100	0	0.944072
2433000	-1.0000000000	0.0001000000	0.0010000000	100	100	0	0.939365
2434000	-1.0000000000	0.0001000000	0.0010000000	100	100	0	0.939413
2435000	-1.0000000000	0.0001000000	0.0010000000	100	100	0	0.939365
2436000	-1.0000000000	0.0001000000	0.0010000000	100	100	0	0.937310
2437000	-1.0000000000	0.0001000000	0.0010000000	100	100	0	0.944027
2438000	-1.0000000000	0.0001000000	0.0010000000	100	100	0	0.944158
2439000	-1.0000000000	0.0001000000	0.0010000000	100	100	0	0.948475
2440000	-1.0000000000	0.0001000000	0.0010000000	100	100	0	0.952624
2441000	-1.0000000000	0.0001000000	0.0010000000	100	100	0	0.952753
2442000	-1.0000000000	0.0001000000	0.0010000000	100	100	0	0.952624
2443000	-1.0000000000	0.0001000000	0.0010000000	100	100	0	0.952753
2444000	-1.0000000000	0.0001000000	0.0010000000	100	100	0	0.952667
2445000	-1.0000000000	0.0001000000	0.0010000000	100	100	0	0.951983
2446000	-1.0000000000	0.0001000000	0.0010000000	100	100	0	0.943981
2447000	-1.0000000000	0.0001000000	0.0010000000	100	100	0	0.948475
2448000	-1.0000000000	0.0001000000	0.0010000000	100	100	0	0.948386
2449000	-1.0000000000	0.0001000000	0.0010000000	100	100	0	0.948475
2450000	-1.0000000000	0.0001000000	0.0010000000	100	100	0	0.946518
2451000	-1.0000000000	0.0001000000	0.0010000000	100	100	0	0.945095
2452000	-1.0000000000	0.0001000000	0.0010000000	100	100	0	0.939365
2453000	-1.0000000000	0.0001000000	0.0010000000	100	100	0	0.939413
2454000	-1.0000000000	0.0001000000	0.0010000000	100	100	0	0.944961
2455000	-1.0000000000	0.0001000000	0.0010000000	100	100	0	0.944027
2456000	-1.0000000000	0.0001000000	0.0010000000	100	100	0	0.939413
2457000	-1.0000000000	0.0001000000	0.0010000000	100	100	0	0.944027
2458000	-1.0000000000	0.0001000000	0.0010000000	100	100	0	0.939413
2459000	-1.0000000000	0.0001000000	0.0010000000	100	100	0	0.941115
2460000	-1.0000000000	0.0001000000	0.0010000000	100	100	0	0.933263
2461000	-1.0000000000	0.0001000000	0.0010000000	100	100	0	0.940382
2462000	-1.0000000000	0.0001000000	0.0010000000	100	100	0	0.943935
2463000	-1.0000000000	0.0001000000	0.0010000000	100	100	0	0.944027
2464000	-1.0000000000	0.0001000000	0.0010000000	100	100	0	0.944027
2465000	-1.0000000000	0.0001000000	0.0010000000	100	100	0	0.944072
2466000	-1.0000000000	0.0001000000	0.0010000000	100	100	0	0.944159
2467000	-1.0000000000	0.0001000000	0.0010000000	100	100	0	0.936915
2468000	-1.0000000000	0.0001000000	0.0010000000	100	100	0	0.934585
2469000	-1.0000000000	0.0001000000	0.0010000000	100	100	0	0.922784
2470000	-1.0000000000	0.0001000000	0.0010000000	100	100	0	0.934634
2471000	-1.0000000000	0.0001000000	0.0010000000	100	100	0	0.939413
2472000	-1.0000000000	0.0001000000	0.0010000000	100	100	0	0.939921
2473000	-1.0000000000	0.0001000000	0.0010000000	100	100	0	0.948475
2474000	-1.0000000000	0.0001000000	0.0010000000	100	100	0	0.947274
2475000	-1.0000000000	0.0001000000	0.0010000000	100	100	0	0.948164
2476000	-1.0000000000	0.0001000000	0.0010000000	100	100	0	0.942505
2477000	-1.0000000000	0.0001000000	0.0010000000	100	100	0	0.939828
2478000	-1.0000000000	0.0001000000	0.0010000000	100	100	0	0.944027
2479000	-1.0000000000	0.0001000000	0.0010000000	100	100	0	0.943981
2480000	-1.0000000000	0.0001000000	0.0010000000	100	100	0	0.943474
2481000	-1.0000000000	0.0001000000	0.0010000000	100	100	0	0.944027
2482000	-1.0000000000	0.0001000000	0.0010000000	100	100	0	0.944027
2483000	-1.0000000000	0.0001000000	0.0010000000	100	100	0	0.944027
2484000	-1.0000000000	0.0001000000	0.0010000000	100	100	0	0.944116
2485000	-1.0000000000	0.0001000000	0.0010000000	100	100	0	0.944648
2486000	-1.0000000000	0.0001000000	0.0010000000	100	100	0	0.944027
2487000	-1.0000000000	0.0001000000	0.0010000000	100	100	0	0.929694
2488000	-1.0000000000	0.0001000000	0.0010000000	100	100	0	0.934634
2489000	-1.0000000000	0.0001000000	0.0010000000	100	100	0	0.934730
2490000	-1.0000000000	0.0001000000	0.0010000000	100	100	0	0.929643
2491000	-1.0000000000	0.0001000000	0.0010000000	100	100	0	0.929023
2492000	-1.0000000000	0.0001000000	0.0010000000	100	100	0	0.933794
2493000	-1.0000000000	0.0001000000	0.0010000000	100	100	0	0.933943
2494000	-1.0000000000	0.0001000000	0.0010000000	100	100	0	0.934634
2495000	-1.0000000000	0.0001000000	0.0010000000	100	100	0	0.927705
2496000	-1.0000000000	0.0001000000	0.0010000000	100	100	0	0.929439
2497000	-1.0000000000	0.0001000000	0.0010000000	100	100	0	0.924542
2498000	-1.0000000000	0.0001000000	0.0010000000	100	100	0	0.923491
2499000	-1.0000000000	0.0001000000	0.0010000000	100	100	0	0.923537
2500000	-1.0000000000	0.0001000000	0.0010000000	100	100	0	0.918744
