time	epistasis_coef	sel_coef	mu_prob	Ne	L	k_start	mean_fitness
1500000	-0.4000000000	0.0010000000	0.0100000000	100	100	0	0.923975
1501000	-0.4000000000	0.0010000000	0.0100000000	100	100	0	0.910676
1502000	-0.4000000000	0.0010000000	0.0100000000	100	100	0	0.903449
1503000	-0.4000000000	0.0010000000	0.0100000000	100	100	0	0.907752
1504000	-0.4000000000	0.0010000000	0.0100000000	100	100	0	0.917855
1505000	-0.4000000000	0.0010000000	0.0100000000	100	100	0	0.898057
1506000	-0.4000000000	0.0010000000	0.0100000000	100	100	0	0.889147
1507000	-0.4000000000	0.0010000000	0.0100000000	100	100	0	0.882780
1508000	-0.4000000000	0.0010000000	0.0100000000	100	100	0	0.903271
1509000	-0.4000000000	0.0010000000	0.0100000000	100	100	0	0.909370
1510000	-0.4000000000	0.0010000000	0.0100000000	100	100	0	0.904422
1511000	-0.4000000000	0.0010000000	0.0100000000	100	100	0	0.901115
1512000	-0.4000000000	0.0010000000	0.0100000000	100	100	0	0.892272
1513000	-0.4000000000	0.0010000000	0.0100000000	100	100	0	0.887442
1514000	-0.4000000000	0.0010000000	0.0100000000	100	100	0	0.873115
1515000	-0.4000000000	0.0010000000	0.0100000000	100	100	0	0.872618
1516000	-0.4000000000	0.0010000000	0.0100000000	100	100	0	0.886564
1517000	-0.4000000000	0.0010000000	0.0100000000	100	100	0	0.904379
1518000	-0.4000000000	0.0010000000	0.0100000000	100	100	0	0.905126
1519000	-0.4000000000	0.0010000000	0.0100000000	100	100	0	0.902974
1520000	-0.4000000000	0.0010000000	0.0100000000	100	100	0	0.875740
1521000	-0.4000000000	0.0010000000	0.0100000000	100	100	0	0.875747
1522000	-0.4000000000	0.0010000000	0.0100000000	100	100	0	0.872121
1523000	-0.4000000000	0.0010000000	0.0100000000	100	100	0	0.893987
1524000	-0.4000000000	0.0010000000	0.0100000000	100	100	0	0.907830
1525000	-0.4000000000	0.0010000000	0.0100000000	100	100	0	0.915734
1526000	-0.4000000000	0.0010000000	0.0100000000	100	100	0	0.932940
1527000	-0.4000000000	0.0010000000	0.0100000000	100	100	0	0.925824
1528000	-0.4000000000	0.0010000000	0.0100000000	100	100	0	0.931643
1529000	-0.4000000000	0.0010000000	0.0100000000	100	100	0	0.936667
1530000	-0.4000000000	0.0010000000	0.0100000000	100	100	0	0.933976
1531000	-0.4000000000	0.0010000000	0.0100000000	100	100	0	0.943567
1532000	-0.4000000000	0.0010000000	0.0100000000	100	100	0	0.924998
1533000	-0.4000000000	0.0010000000	0.0100000000	100	100	0	0.929970
1534000	-0.4000000000	0.0010000000	0.0100000000	100	100	0	0.916234
1535000	-0.4000000000	0.0010000000	0.0100000000	100	100	0	0.906461
1536000	-0.4000000000	0.0010000000	0.0100000000	100	100	0	0.914767
1537000	-0.4000000000	0.0010000000	0.0100000000	100	100	0	0.930594
1538000	-0.4000000000	0.0010000000	0.0100000000	100	100	0	0.934144
1539000	-0.4000000000	0.0010000000	0.0100000000	100	100	0	0.922411
1540000	-0.4000000000	0.0010000000	0.0100000000	100	100	0	0.907864
1541000	-0.4000000000	0.0010000000	0.0100000000	100	100	0	0.897953
1542000	-0.4000000000	0.0010000000	0.0100000000	100	100	0	0.901923
1543000	-0.4000000000	0.0010000000	0.0100000000	100	100	0	0.907495
1544000	-0.4000000000	0.0010000000	0.0100000000	100	100	0	0.897391
1545000	-0.4000000000	0.0010000000	0.0100000000	100	100	0	0.903684
1546000	-0.4000000000	0.0010000000	0.0100000000	100	100	0	0.912593
1547000	-0.4000000000	0.0010000000	0.0100000000	100	100	0	0.915411
1548000	-0.4000000000	0.0010000000	0.0100000000	100	100	0	0.904342
1549000	-0.4000000000	0.0010000000	0.0100000000	100	100	0	0.907914
1550000	-0.4000000000	0.0010000000	0.0100000000	100	100	0	0.922318
1551000	-0.4000000000	0.0010000000	0.0100000000	100	100	0	0.927220
1552000	-0.4000000000	0.0010000000	0.0100000000	100	100	0	0.920113
1553000	-0.4000000000	0.0010000000	0.0100000000	100	100	0	0.893936
1554000	-0.4000000000	0.0010000000	0.0100000000	100	100	0	0.899726
1555000	-0.4000000000	0.0010000000	0.0100000000	100	100	0	0.898717
1556000	-0.4000000000	0.0010000000	0.0100000000	100	100	0	0.893971
1557000	-0.4000000000	0.0010000000	0.0100000000	100	100	0	0.904066
1558000	-0.4000000000	0.0010000000	0.0100000000	100	100	0	0.907832
1559000	-0.4000000000	0.0010000000	0.0100000000	100	100	0	0.902966
1560000	-0.4000000000	0.0010000000	0.0100000000	100	100	0	0.898921
1561000	-0.4000000000	0.0010000000	0.0100000000	100	100	0	0.887979
1562000	-0.4000000000	0.0010000000	0.0100000000	100	100	0	0.899876
1563000	-0.4000000000	0.0010000000	0.0100000000	100	100	0	0.917716
1564000	-0.4000000000	0.0010000000	0.0100000000	100	100	0	0.901965
1565000	-0.4000000000	0.0010000000	0.0100000000	100	100	0	0.881802
1566000	-0.4000000000	0.0010000000	0.0100000000	100	100	0	0.890071
1567000	-0.4000000000	0.0010000000	0.0100000000	100	100	0	0.888850
1568000	-0.4000000000	0.0010000000	0.0100000000	100	100	0	0.905830
1569000	-0.4000000000	0.0010000000	0.0100000000	100	100	0	0.915256
1570000	-0.4000000000	0.0010000000	0.0100000000	100	100	0	0.930990
1571000	-0.4000000000	0.0010000000	0.0100000000	100	100	0	0.940436
1572000	-0.4000000000	0.0010000000	0.0100000000	100	100	0	0.899968
1573000	-0.4000000000	0.0010000000	0.0100000000	100	100	0	0.897535
1574000	-0.4000000000	0.0010000000	0.0100000000	100	100	0	0.900455
1575000	-0.4000000000	0.0010000000	0.0100000000	100	100	0	0.893989
1576000	-0.4000000000	0.0010000000	0.0100000000	100	100	0	0.902161
1577000	-0.4000000000	0.0010000000	0.0100000000	100	100	0	0.912218
1578000	-0.4000000000	0.0010000000	0.0100000000	100	100	0	0.906885
1579000	-0.4000000000	0.0010000000	0.0100000000	100	100	0	0.903678
1580000	-0.4000000000	0.0010000000	0.0100000000	100	100	0	0.880397
1581000	-0.4000000000	0.0010000000	0.0100000000	100	100	0	0.847441
1582000	-0.4000000000	0.0010000000	0.0100000000	100	100	0	0.845703
1583000	-0.4000000000	0.0010000000	0.0100000000	100	100	0	0.865277
1584000	-0.4000000000	0.0010000000	0.0100000000	100	100	0	0.868781
1585000	-0.4000000000	0.0010000000	0.0100000000	100	100	0	0.862658
1586000	-0.4000000000	0.0010000000	0.0100000000	100	100	0	0.879183
1587000	-0.4000000000	0.0010000000	0.0100000000	100	100	0	0.900258
1588000	-0.4000000000	0.0010000000	0.0100000000	100	100	0	0.891809
1589000	-0.4000000000	0.0010000000	0.0100000000	100	100	0	0.892634
1590000	-0.4000000000	0.0010000000	0.0100000000	100	100	0	0.889770
1591000	-0.4000000000	0.0010000000	0.0100000000	100	100	0	0.903586
1592000	-0.4000000000	0.0010000000	0.0100000000	100	100	0	0.898402
1593000	-0.4000000000	0.0010000000	0.0100000000	100	100	0	0.911460
1594000	-0.4000000000	0.0010000000	0.0100000000	100	100	0	0.925454
1595000	-0.4000000000	0.0010000000	0.0100000000	100	100	0	0.923304
1596000	-0.4000000000	0.0010000000	0.0100000000	100	100	0	0.905266
1597000	-0.4000000000	0.0010000000	0.0100000000	100	100	0	0.906693
1598000	-0.4000000000	0.0010000000	0.0100000000	100	100	0	0.905290
1599000	-0.4000000000	0.0010000000	0.0100000000	100	100	0	0.916142
1600000	-0.4000000000	0.0010000000	0.0100000000	100	100	0	0.891423
1601000	-0.4000000000	0.0010000000	0.0100000000	100	100	0	0.894134
1602000	-0.4000000000	0.0010000000	0.0100000000	100	100	0	0.893645
1603000	-0.4000000000	0.0010000000	0.0100000000	100	100	0	0.896185
1604000	-0.4000000000	0.0010000000	0.0100000000	100	100	0	0.904159
1605000	-0.4000000000	0.0010000000	0.0100000000	100	100	0	0.903158
1606000	-0.4000000000	0.0010000000	0.0100000000	100	100	0	0.922535
1607000	-0.4000000000	0.0010000000	0.0100000000	100	100	0	0.905862
1608000	-0.4000000000	0.0010000000	0.0100000000	100	100	0	0.937360
1609000	-0.4000000000	0.0010000000	0.0100000000	100	100	0	0.918660
1610000	-0.4000000000	0.0010000000	0.0100000000	100	100	0	0.915145
1611000	-0.4000000000	0.0010000000	0.0100000000	100	100	0	0.919306
1612000	-0.4000000000	0.0010000000	0.0100000000	100	100	0	0.913181
1613000	-0.4000000000	0.0010000000	0.0100000000	100	100	0	0.912495
1614000	-0.4000000000	0.0010000000	0.0100000000	100	100	0	0.910252
1615000	-0.4000000000	0.0010000000	0.0100000000	100	100	0	0.903016
1616000	-0.4000000000	0.0010000000	0.0100000000	100	100	0	0.888553
1617000	-0.4000000000	0.0010000000	0.0100000000	100	100	0	0.892730
1618000	-0.4000000000	0.0010000000	0.0100000000	100	100	0	0.907808
1619000	-0.4000000000	0.0010000000	0.0100000000	100	100	0	0.904707
1620000	-0.4000000000	0.0010000000	0.0100000000	100	100	0	0.887881
1621000	-0.4000000000	0.0010000000	0.0100000000	100	100	0	0.894219
1622000	-0.4000000000	0.0010000000	0.0100000000	100	100	0	0.908054
1623000	-0.4000000000	0.0010000000	0.0100000000	100	100	0	0.922676
1624000	-0.4000000000	0.0010000000	0.0100000000	100	100	0	0.922937
1625000	-0.4000000000	0.0010000000	0.0100000000	100	100	0	0.931029
1626000	-0.4000000000	0.0010000000	0.0100000000	100	100	0	0.925236
1627000	-0.4000000000	0.0010000000	0.0100000000	100	100	0	0.920674
1628000	-0.4000000000	0.0010000000	0.0100000000	100	100	0	0.896965
1629000	-0.4000000000	0.0010000000	0.0100000000	100	100	0	0.882847
1630000	-0.4000000000	0.0010000000	0.0100000000	100	100	0	0.883584
1631000	-0.4000000000	0.0010000000	0.0100000000	100	100	0	0.892730
1632000	-0.4000000000	0.0010000000	0.0100000000	100	100	0	0.905003
1633000	-0.4000000000	0.0010000000	0.0100000000	100	100	0	0.902682
1634000	-0.4000000000	0.0010000000	0.0100000000	100	100	0	0.911468
1635000	-0.4000000000	0.0010000000	0.0100000000	100	100	0	0.904448
1636000	-0.4000000000	0.0010000000	0.0100000000	100	100	0	0.885348
1637000	-0.4000000000	0.0010000000	0.0100000000	100	100	0	0.888906
1638000	-0.4000000000	0.0010000000	0.0100000000	100	100	0	0.888749
1639000	-0.4000000000	0.0010000000	0.0100000000	100	100	0	0.890456
1640000	-0.4000000000	0.0010000000	0.0100000000	100	100	0	0.896053
1641000	-0.4000000000	0.0010000000	0.0100000000	100	100	0	0.902577
1642000	-0.4000000000	0.0010000000	0.0100000000	100	100	0	0.904443
1643000	-0.4000000000	0.0010000000	0.0100000000	100	100	0	0.897394
1644000	-0.4000000000	0.0010000000	0.0100000000	100	100	0	0.918599
1645000	-0.4000000000	0.0010000000	0.0100000000	100	100	0	0.900396
1646000	-0.4000000000	0.0010000000	0.0100000000	100	100	0	0.931776
1647000	-0.4000000000	0.0010000000	0.0100000000	100	100	0	0.926361
1648000	-0.4000000000	0.0010000000	0.0100000000	100	100	0	0.927487
1649000	-0.4000000000	0.0010000000	0.0100000000	100	100	0	0.921987
1650000	-0.4000000000	0.0010000000	0.0100000000	100	100	0	0.928421
1651000	-0.4000000000	0.0010000000	0.0100000000	100	100	0	0.916949
1652000	-0.4000000000	0.0010000000	0.0100000000	100	100	0	0.900828
1653000	-0.4000000000	0.0010000000	0.0100000000	100	100	0	0.901485
1654000	-0.4000000000	0.0010000000	0.0100000000	100	100	0	0.885626
1655000	-0.4000000000	0.0010000000	0.0100000000	100	100	0	0.898447
1656000	-0.4000000000	0.0010000000	0.0100000000	100	100	0	0.900157
1657000	-0.4000000000	0.0010000000	0.0100000000	100	100	0	0.893915
1658000	-0.4000000000	0.0010000000	0.0100000000	100	100	0	0.890148
1659000	-0.4000000000	0.0010000000	0.0100000000	100	100	0	0.871422
1660000	-0.4000000000	0.0010000000	0.0100000000	100	100	0	0.884714
1661000	-0.4000000000	0.0010000000	0.0100000000	100	100	0	0.877924
1662000	-0.4000000000	0.0010000000	0.0100000000	100	100	0	0.872950
1663000	-0.4000000000	0.0010000000	0.0100000000	100	100	0	0.911287
1664000	-0.4000000000	0.0010000000	0.0100000000	100	100	0	0.903304
1665000	-0.4000000000	0.0010000000	0.0100000000	100	100	0	0.887140
1666000	-0.4000000000	0.0010000000	0.0100000000	100	100	0	0.885536
1667000	-0.4000000000	0.0010000000	0.0100000000	100	100	0	0.895037
1668000	-0.4000000000	0.0010000000	0.0100000000	100	100	0	0.867274
1669000	-0.4000000000	0.0010000000	0.0100000000	100	100	0	0.872020
1670000	-0.4000000000	0.0010000000	0.0100000000	100	100	0	0.879895
1671000	-0.4000000000	0.0010000000	0.0100000000	100	100	0	0.867571
1672000	-0.4000000000	0.0010000000	0.0100000000	100	100	0	0.882689
1673000	-0.4000000000	0.0010000000	0.0100000000	100	100	0	0.881119
1674000	-0.4000000000	0.0010000000	0.0100000000	100	100	0	0.884368
1675000	-0.4000000000	0.0010000000	0.0100000000	100	100	0	0.883723
1676000	-0.4000000000	0.0010000000	0.0100000000	100	100	0	0.884254
1677000	-0.4000000000	0.0010000000	0.0100000000	100	100	0	0.888704
1678000	-0.4000000000	0.0010000000	0.0100000000	100	100	0	0.878510
1679000	-0.4000000000	0.0010000000	0.0100000000	100	100	0	0.871271
1680000	-0.4000000000	0.0010000000	0.0100000000	100	100	0	0.892528
1681000	-0.4000000000	0.0010000000	0.0100000000	100	100	0	0.898522
1682000	-0.4000000000	0.0010000000	0.0100000000	100	100	0	0.905095
1683000	-0.4000000000	0.0010000000	0.0100000000	100	100	0	0.912861
1684000	-0.4000000000	0.0010000000	0.0100000000	100	100	0	0.908548
1685000	-0.4000000000	0.0010000000	0.0100000000	100	100	0	0.910164
1686000	-0.4000000000	0.0010000000	0.0100000000	100	100	0	0.883226
1687000	-0.4000000000	0.0010000000	0.0100000000	100	100	0	0.873565
1688000	-0.4000000000	0.0010000000	0.0100000000	100	100	0	0.883553
1689000	-0.4000000000	0.0010000000	0.0100000000	100	100	0	0.884663
1690000	-0.4000000000	0.0010000000	0.0100000000	100	100	0	0.897910
1691000	-0.4000000000	0.0010000000	0.0100000000	100	100	0	0.891641
1692000	-0.4000000000	0.0010000000	0.0100000000	100	100	0	0.888223
1693000	-0.4000000000	0.0010000000	0.0100000000	100	100	0	0.911549
1694000	-0.4000000000	0.0010000000	0.0100000000	100	100	0	0.918551
1695000	-0.4000000000	0.0010000000	0.0100000000	100	100	0	0.909168
1696000	-0.4000000000	0.0010000000	0.0100000000	100	100	0	0.918677
1697000	-0.4000000000	0.0010000000	0.0100000000	100	100	0	0.930979
1698000	-0.4000000000	0.0010000000	0.0100000000	100	100	0	0.933414
1699000	-0.4000000000	0.0010000000	0.0100000000	100	100	0	0.907021
1700000	-0.4000000000	0.0010000000	0.0100000000	100	100	0	0.912682
1701000	-0.4000000000	0.0010000000	0.0100000000	100	100	0	0.904752
1702000	-0.4000000000	0.0010000000	0.0100000000	100	100	0	0.902543
1703000	-0.4000000000	0.0010000000	0.0100000000	100	100	0	0.907829
1704000	-0.4000000000	0.0010000000	0.0100000000	100	100	0	0.892336
1705000	-0.4000000000	0.0010000000	0.0100000000	100	100	0	0.892191
1706000	-0.4000000000	0.0010000000	0.0100000000	100	100	0	0.873563
1707000	-0.4000000000	0.0010000000	0.0100000000	100	100	0	0.867379
1708000	-0.4000000000	0.0010000000	0.0100000000	100	100	0	0.869934
1709000	-0.4000000000	0.0010000000	0.0100000000	100	100	0	0.877622
1710000	-0.4000000000	0.0010000000	0.0100000000	100	100	0	0.885439
1711000	-0.4000000000	0.0010000000	0.0100000000	100	100	0	0.883478
1712000	-0.4000000000	0.0010000000	0.0100000000	100	100	0	0.874907
1713000	-0.4000000000	0.0010000000	0.0100000000	100	100	0	0.888808
1714000	-0.4000000000	0.0010000000	0.0100000000	100	100	0	0.892391
1715000	-0.4000000000	0.0010000000	0.0100000000	100	100	0	0.893401
1716000	-0.4000000000	0.0010000000	0.0100000000	100	100	0	0.890979
1717000	-0.4000000000	0.0010000000	0.0100000000	100	100	0	0.907681
1718000	-0.4000000000	0.0010000000	0.0100000000	100	100	0	0.891858
1719000	-0.4000000000	0.0010000000	0.0100000000	100	100	0	0.882698
1720000	-0.4000000000	0.0010000000	0.0100000000	100	100	0	0.878803
1721000	-0.4000000000	0.0010000000	0.0100000000	100	100	0	0.879651
1722000	-0.4000000000	0.0010000000	0.0100000000	100	100	0	0.869882
1723000	-0.4000000000	0.0010000000	0.0100000000	100	100	0	0.877913
1724000	-0.4000000000	0.0010000000	0.0100000000	100	100	0	0.858948
1725000	-0.4000000000	0.0010000000	0.0100000000	100	100	0	0.858983
1726000	-0.4000000000	0.0010000000	0.0100000000	100	100	0	0.859128
1727000	-0.4000000000	0.0010000000	0.0100000000	100	100	0	0.849286
1728000	-0.4000000000	0.0010000000	0.0100000000	100	100	0	0.859286
1729000	-0.4000000000	0.0010000000	0.0100000000	100	100	0	0.866674
1730000	-0.4000000000	0.0010000000	0.0100000000	100	100	0	0.855280
1731000	-0.4000000000	0.0010000000	0.0100000000	100	100	0	0.870100
1732000	-0.4000000000	0.0010000000	0.0100000000	100	100	0	0.887929
1733000	-0.4000000000	0.0010000000	0.0100000000	100	100	0	0.895856
1734000	-0.4000000000	0.0010000000	0.0100000000	100	100	0	0.895549
1735000	-0.4000000000	0.0010000000	0.0100000000	100	100	0	0.886368
1736000	-0.4000000000	0.0010000000	0.0100000000	100	100	0	0.884709
1737000	-0.4000000000	0.0010000000	0.0100000000	100	100	0	0.891518
1738000	-0.4000000000	0.0010000000	0.0100000000	100	100	0	0.906791
1739000	-0.4000000000	0.0010000000	0.0100000000	100	100	0	0.890936
1740000	-0.4000000000	0.0010000000	0.0100000000	100	100	0	0.892526
1741000	-0.4000000000	0.0010000000	0.0100000000	100	100	0	0.897853
1742000	-0.4000000000	0.0010000000	0.0100000000	100	100	0	0.893001
1743000	-0.4000000000	0.0010000000	0.0100000000	100	100	0	0.902421
1744000	-0.4000000000	0.0010000000	0.0100000000	100	100	0	0.897322
1745000	-0.4000000000	0.0010000000	0.0100000000	100	100	0	0.886121
1746000	-0.4000000000	0.0010000000	0.0100000000	100	100	0	0.890698
1747000	-0.4000000000	0.0010000000	0.0100000000	100	100	0	0.896558
1748000	-0.4000000000	0.0010000000	0.0100000000	100	100	0	0.888759
1749000	-0.4000000000	0.0010000000	0.0100000000	100	100	0	0.899548
1750000	-0.4000000000	0.0010000000	0.0100000000	100	100	0	0.878862
1751000	-0.4000000000	0.0010000000	0.0100000000	100	100	0	0.881221
1752000	-0.4000000000	0.0010000000	0.0100000000	100	100	0	0.883718
1753000	-0.4000000000	0.0010000000	0.0100000000	100	100	0	0.878568
1754000	-0.4000000000	0.0010000000	0.0100000000	100	100	0	0.897490
1755000	-0.4000000000	0.0010000000	0.0100000000	100	100	0	0.879396
1756000	-0.4000000000	0.0010000000	0.0100000000	100	100	0	0.884208
1757000	-0.4000000000	0.0010000000	0.0100000000	100	100	0	0.894462
1758000	-0.4000000000	0.0010000000	0.0100000000	100	100	0	0.893892
1759000	-0.4000000000	0.0010000000	0.0100000000	100	100	0	0.892038
1760000	-0.4000000000	0.0010000000	0.0100000000	100	100	0	0.897479
1761000	-0.4000000000	0.0010000000	0.0100000000	100	100	0	0.910122
1762000	-0.4000000000	0.0010000000	0.0100000000	100	100	0	0.895510
1763000	-0.4000000000	0.0010000000	0.0100000000	100	100	0	0.881946
1764000	-0.4000000000	0.0010000000	0.0100000000	100	100	0	0.897157
1765000	-0.4000000000	0.0010000000	0.0100000000	100	100	0	0.895640
1766000	-0.4000000000	0.0010000000	0.0100000000	100	100	0	0.865743
1767000	-0.4000000000	0.0010000000	0.0100000000	100	100	0	0.869368
1768000	-0.4000000000	0.0010000000	0.0100000000	100	100	0	0.856994
1769000	-0.4000000000	0.0010000000	0.0100000000	100	100	0	0.885781
1770000	-0.4000000000	0.0010000000	0.0100000000	100	100	0	0.893599
1771000	-0.4000000000	0.0010000000	0.0100000000	100	100	0	0.903644
1772000	-0.4000000000	0.0010000000	0.0100000000	100	100	0	0.901405
1773000	-0.4000000000	0.0010000000	0.0100000000	100	100	0	0.902162
1774000	-0.4000000000	0.0010000000	0.0100000000	100	100	0	0.904769
1775000	-0.4000000000	0.0010000000	0.0100000000	100	100	0	0.897761
1776000	-0.4000000000	0.0010000000	0.0100000000	100	100	0	0.921000
1777000	-0.4000000000	0.0010000000	0.0100000000	100	100	0	0.912160
1778000	-0.4000000000	0.0010000000	0.0100000000	100	100	0	0.906359
1779000	-0.4000000000	0.0010000000	0.0100000000	100	100	0	0.917132
1780000	-0.4000000000	0.0010000000	0.0100000000	100	100	0	0.916962
1781000	-0.4000000000	0.0010000000	0.0100000000	100	100	0	0.922409
1782000	-0.4000000000	0.0010000000	0.0100000000	100	100	0	0.900821
1783000	-0.4000000000	0.0010000000	0.0100000000	100	100	0	0.900682
1784000	-0.4000000000	0.0010000000	0.0100000000	100	100	0	0.884484
1785000	-0.4000000000	0.0010000000	0.0100000000	100	100	0	0.902797
1786000	-0.4000000000	0.0010000000	0.0100000000	100	100	0	0.921904
1787000	-0.4000000000	0.0010000000	0.0100000000	100	100	0	0.886998
1788000	-0.4000000000	0.0010000000	0.0100000000	100	100	0	0.914200
1789000	-0.4000000000	0.0010000000	0.0100000000	100	100	0	0.910353
1790000	-0.4000000000	0.0010000000	0.0100000000	100	100	0	0.897636
1791000	-0.4000000000	0.0010000000	0.0100000000	100	100	0	0.881963
1792000	-0.4000000000	0.0010000000	0.0100000000	100	100	0	0.891744
1793000	-0.4000000000	0.0010000000	0.0100000000	100	100	0	0.910912
1794000	-0.4000000000	0.0010000000	0.0100000000	100	100	0	0.917480
1795000	-0.4000000000	0.0010000000	0.0100000000	100	100	0	0.928464
1796000	-0.4000000000	0.0010000000	0.0100000000	100	100	0	0.906883
1797000	-0.4000000000	0.0010000000	0.0100000000	100	100	0	0.913288
1798000	-0.4000000000	0.0010000000	0.0100000000	100	100	0	0.904881
1799000	-0.4000000000	0.0010000000	0.0100000000	100	100	0	0.922298
1800000	-0.4000000000	0.0010000000	0.0100000000	100	100	0	0.905902
1801000	-0.4000000000	0.0010000000	0.0100000000	100	100	0	0.912126
1802000	-0.4000000000	0.0010000000	0.0100000000	100	100	0	0.907437
1803000	-0.4000000000	0.0010000000	0.0100000000	100	100	0	0.902608
1804000	-0.4000000000	0.0010000000	0.0100000000	100	100	0	0.889181
1805000	-0.4000000000	0.0010000000	0.0100000000	100	100	0	0.894230
1806000	-0.4000000000	0.0010000000	0.0100000000	100	100	0	0.878911
1807000	-0.4000000000	0.0010000000	0.0100000000	100	100	0	0.858070
1808000	-0.4000000000	0.0010000000	0.0100000000	100	100	0	0.840272
1809000	-0.4000000000	0.0010000000	0.0100000000	100	100	0	0.847803
1810000	-0.4000000000	0.0010000000	0.0100000000	100	100	0	0.859123
1811000	-0.4000000000	0.0010000000	0.0100000000	100	100	0	0.868679
1812000	-0.4000000000	0.0010000000	0.0100000000	100	100	0	0.865856
1813000	-0.4000000000	0.0010000000	0.0100000000	100	100	0	0.884111
1814000	-0.4000000000	0.0010000000	0.0100000000	100	100	0	0.889247
1815000	-0.4000000000	0.0010000000	0.0100000000	100	100	0	0.897039
1816000	-0.4000000000	0.0010000000	0.0100000000	100	100	0	0.896862
1817000	-0.4000000000	0.0010000000	0.0100000000	100	100	0	0.912913
1818000	-0.4000000000	0.0010000000	0.0100000000	100	100	0	0.909607
1819000	-0.4000000000	0.0010000000	0.0100000000	100	100	0	0.909655
1820000	-0.4000000000	0.0010000000	0.0100000000	100	100	0	0.913487
1821000	-0.4000000000	0.0010000000	0.0100000000	100	100	0	0.927174
1822000	-0.4000000000	0.0010000000	0.0100000000	100	100	0	0.921500
1823000	-0.4000000000	0.0010000000	0.0100000000	100	100	0	0.915521
1824000	-0.4000000000	0.0010000000	0.0100000000	100	100	0	0.920102
1825000	-0.4000000000	0.0010000000	0.0100000000	100	100	0	0.921302
1826000	-0.4000000000	0.0010000000	0.0100000000	100	100	0	0.917241
1827000	-0.4000000000	0.0010000000	0.0100000000	100	100	0	0.912733
1828000	-0.4000000000	0.0010000000	0.0100000000	100	100	0	0.904715
1829000	-0.4000000000	0.0010000000	0.0100000000	100	100	0	0.898682
1830000	-0.4000000000	0.0010000000	0.0100000000	100	100	0	0.868718
1831000	-0.4000000000	0.0010000000	0.0100000000	100	100	0	0.897548
1832000	-0.4000000000	0.0010000000	0.0100000000	100	100	0	0.915456
1833000	-0.4000000000	0.0010000000	0.0100000000	100	100	0	0.914952
1834000	-0.4000000000	0.0010000000	0.0100000000	100	100	0	0.899379
1835000	-0.4000000000	0.0010000000	0.0100000000	100	100	0	0.899600
1836000	-0.4000000000	0.0010000000	0.0100000000	100	100	0	0.882258
1837000	-0.4000000000	0.0010000000	0.0100000000	100	100	0	0.877874
1838000	-0.4000000000	0.0010000000	0.0100000000	100	100	0	0.902972
1839000	-0.4000000000	0.0010000000	0.0100000000	100	100	0	0.901916
1840000	-0.4000000000	0.0010000000	0.0100000000	100	100	0	0.922321
1841000	-0.4000000000	0.0010000000	0.0100000000	100	100	0	0.924066
1842000	-0.4000000000	0.0010000000	0.0100000000	100	100	0	0.923351
1843000	-0.4000000000	0.0010000000	0.0100000000	100	100	0	0.921075
1844000	-0.4000000000	0.0010000000	0.0100000000	100	100	0	0.921180
1845000	-0.4000000000	0.0010000000	0.0100000000	100	100	0	0.905853
1846000	-0.4000000000	0.0010000000	0.0100000000	100	100	0	0.919211
1847000	-0.4000000000	0.0010000000	0.0100000000	100	100	0	0.911272
1848000	-0.4000000000	0.0010000000	0.0100000000	100	100	0	0.916327
1849000	-0.4000000000	0.0010000000	0.0100000000	100	100	0	0.911129
1850000	-0.4000000000	0.0010000000	0.0100000000	100	100	0	0.914624
1851000	-0.4000000000	0.0010000000	0.0100000000	100	100	0	0.911238
1852000	-0.4000000000	0.0010000000	0.0100000000	100	100	0	0.901635
1853000	-0.4000000000	0.0010000000	0.0100000000	100	100	0	0.903961
1854000	-0.4000000000	0.0010000000	0.0100000000	100	100	0	0.916097
1855000	-0.4000000000	0.0010000000	0.0100000000	100	100	0	0.905376
1856000	-0.4000000000	0.0010000000	0.0100000000	100	100	0	0.887288
1857000	-0.4000000000	0.0010000000	0.0100000000	100	100	0	0.900596
1858000	-0.4000000000	0.0010000000	0.0100000000	100	100	0	0.891660
1859000	-0.4000000000	0.0010000000	0.0100000000	100	100	0	0.904520
1860000	-0.4000000000	0.0010000000	0.0100000000	100	100	0	0.892192
1861000	-0.4000000000	0.0010000000	0.0100000000	100	100	0	0.904536
1862000	-0.4000000000	0.0010000000	0.0100000000	100	100	0	0.906979
1863000	-0.4000000000	0.0010000000	0.0100000000	100	100	0	0.907350
1864000	-0.4000000000	0.0010000000	0.0100000000	100	100	0	0.909961
1865000	-0.4000000000	0.0010000000	0.0100000000	100	100	0	0.901434
1866000	-0.4000000000	0.0010000000	0.0100000000	100	100	0	0.908705
1867000	-0.4000000000	0.0010000000	0.0100000000	100	100	0	0.896669
1868000	-0.4000000000	0.0010000000	0.0100000000	100	100	0	0.906745
1869000	-0.4000000000	0.0010000000	0.0100000000	100	100	0	0.904156
1870000	-0.4000000000	0.0010000000	0.0100000000	100	100	0	0.893069
1871000	-0.4000000000	0.0010000000	0.0100000000	100	100	0	0.910773
1872000	-0.4000000000	0.0010000000	0.0100000000	100	100	0	0.918524
1873000	-0.4000000000	0.0010000000	0.0100000000	100	100	0	0.913452
1874000	-0.4000000000	0.0010000000	0.0100000000	100	100	0	0.933086
1875000	-0.4000000000	0.0010000000	0.0100000000	100	100	0	0.934741
1876000	-0.4000000000	0.0010000000	0.0100000000	100	100	0	0.909970
1877000	-0.4000000000	0.0010000000	0.0100000000	100	100	0	0.912686
1878000	-0.4000000000	0.0010000000	0.0100000000	100	100	0	0.924738
1879000	-0.4000000000	0.0010000000	0.0100000000	100	100	0	0.916882
1880000	-0.4000000000	0.0010000000	0.0100000000	100	100	0	0.925966
1881000	-0.4000000000	0.0010000000	0.0100000000	100	100	0	0.921772
1882000	-0.4000000000	0.0010000000	0.0100000000	100	100	0	0.896820
1883000	-0.4000000000	0.0010000000	0.0100000000	100	100	0	0.907872
1884000	-0.4000000000	0.0010000000	0.0100000000	100	100	0	0.902485
1885000	-0.4000000000	0.0010000000	0.0100000000	100	100	0	0.894831
1886000	-0.4000000000	0.0010000000	0.0100000000	100	100	0	0.897733
1887000	-0.4000000000	0.0010000000	0.0100000000	100	100	0	0.897392
1888000	-0.4000000000	0.0010000000	0.0100000000	100	100	0	0.909887
1889000	-0.4000000000	0.0010000000	0.0100000000	100	100	0	0.895524
1890000	-0.4000000000	0.0010000000	0.0100000000	100	100	0	0.885389
1891000	-0.4000000000	0.0010000000	0.0100000000	100	100	0	0.894536
1892000	-0.4000000000	0.0010000000	0.0100000000	100	100	0	0.907312
1893000	-0.4000000000	0.0010000000	0.0100000000	100	100	0	0.888321
1894000	-0.4000000000	0.0010000000	0.0100000000	100	100	0	0.900493
1895000	-0.4000000000	0.0010000000	0.0100000000	100	100	0	0.878346
1896000	-0.4000000000	0.0010000000	0.0100000000	100	100	0	0.879055
1897000	-0.4000000000	0.0010000000	0.0100000000	100	100	0	0.852029
1898000	-0.4000000000	0.0010000000	0.0100000000	100	100	0	0.856433
1899000	-0.4000000000	0.0010000000	0.0100000000	100	100	0	0.887243
1900000	-0.4000000000	0.0010000000	0.0100000000	100	100	0	0.896527
1901000	-0.4000000000	0.0010000000	0.0100000000	100	100	0	0.888629
1902000	-0.4000000000	0.0010000000	0.0100000000	100	100	0	0.889607
1903000	-0.4000000000	0.0010000000	0.0100000000	100	100	0	0.884147
1904000	-0.4000000000	0.0010000000	0.0100000000	100	100	0	0.871019
1905000	-0.4000000000	0.0010000000	0.0100000000	100	100	0	0.860539
1906000	-0.4000000000	0.0010000000	0.0100000000	100	100	0	0.863165
1907000	-0.4000000000	0.0010000000	0.0100000000	100	100	0	0.882944
1908000	-0.4000000000	0.0010000000	0.0100000000	100	100	0	0.894462
1909000	-0.4000000000	0.0010000000	0.0100000000	100	100	0	0.899574
1910000	-0.4000000000	0.0010000000	0.0100000000	100	100	0	0.901690
1911000	-0.4000000000	0.0010000000	0.0100000000	100	100	0	0.914334
1912000	-0.4000000000	0.0010000000	0.0100000000	100	100	0	0.932429
1913000	-0.4000000000	0.0010000000	0.0100000000	100	100	0	0.920675
1914000	-0.4000000000	0.0010000000	0.0100000000	100	100	0	0.926146
1915000	-0.4000000000	0.0010000000	0.0100000000	100	100	0	0.921668
1916000	-0.4000000000	0.0010000000	0.0100000000	100	100	0	0.915176
1917000	-0.4000000000	0.0010000000	0.0100000000	100	100	0	0.913098
1918000	-0.4000000000	0.0010000000	0.0100000000	100	100	0	0.909320
1919000	-0.4000000000	0.0010000000	0.0100000000	100	100	0	0.893344
1920000	-0.4000000000	0.0010000000	0.0100000000	100	100	0	0.887340
1921000	-0.4000000000	0.0010000000	0.0100000000	100	100	0	0.893885
1922000	-0.4000000000	0.0010000000	0.0100000000	100	100	0	0.896427
1923000	-0.4000000000	0.0010000000	0.0100000000	100	100	0	0.887486
1924000	-0.4000000000	0.0010000000	0.0100000000	100	100	0	0.852951
1925000	-0.4000000000	0.0010000000	0.0100000000	100	100	0	0.848876
1926000	-0.4000000000	0.0010000000	0.0100000000	100	100	0	0.871916
1927000	-0.4000000000	0.0010000000	0.0100000000	100	100	0	0.863212
1928000	-0.4000000000	0.0010000000	0.0100000000	100	100	0	0.870928
1929000	-0.4000000000	0.0010000000	0.0100000000	100	100	0	0.851118
1930000	-0.4000000000	0.0010000000	0.0100000000	100	100	0	0.854120
1931000	-0.4000000000	0.0010000000	0.0100000000	100	100	0	0.870160
1932000	-0.4000000000	0.0010000000	0.0100000000	100	100	0	0.893505
1933000	-0.4000000000	0.0010000000	0.0100000000	100	100	0	0.898807
1934000	-0.4000000000	0.0010000000	0.0100000000	100	100	0	0.881667
1935000	-0.4000000000	0.0010000000	0.0100000000	100	100	0	0.886809
1936000	-0.4000000000	0.0010000000	0.0100000000	100	100	0	0.881717
1937000	-0.4000000000	0.0010000000	0.0100000000	100	100	0	0.911098
1938000	-0.4000000000	0.0010000000	0.0100000000	100	100	0	0.912045
1939000	-0.4000000000	0.0010000000	0.0100000000	100	100	0	0.909749
1940000	-0.4000000000	0.0010000000	0.0100000000	100	100	0	0.913215
1941000	-0.4000000000	0.0010000000	0.0100000000	100	100	0	0.903400
1942000	-0.4000000000	0.0010000000	0.0100000000	100	100	0	0.904598
1943000	-0.4000000000	0.0010000000	0.0100000000	100	100	0	0.907923
1944000	-0.4000000000	0.0010000000	0.0100000000	100	100	0	0.924692
1945000	-0.4000000000	0.0010000000	0.0100000000	100	100	0	0.896671
1946000	-0.4000000000	0.0010000000	0.0100000000	100	100	0	0.903780
1947000	-0.4000000000	0.0010000000	0.0100000000	100	100	0	0.900015
1948000	-0.4000000000	0.0010000000	0.0100000000	100	100	0	0.899735
1949000	-0.4000000000	0.0010000000	0.0100000000	100	100	0	0.914011
1950000	-0.4000000000	0.0010000000	0.0100000000	100	100	0	0.914970
1951000	-0.4000000000	0.0010000000	0.0100000000	100	100	0	0.911651
1952000	-0.4000000000	0.0010000000	0.0100000000	100	100	0	0.911970
1953000	-0.4000000000	0.0010000000	0.0100000000	100	100	0	0.905022
1954000	-0.4000000000	0.0010000000	0.0100000000	100	100	0	0.898116
1955000	-0.4000000000	0.0010000000	0.0100000000	100	100	0	0.886662
1956000	-0.4000000000	0.0010000000	0.0100000000	100	100	0	0.890119
1957000	-0.4000000000	0.0010000000	0.0100000000	100	100	0	0.887490
1958000	-0.4000000000	0.0010000000	0.0100000000	100	100	0	0.884496
1959000	-0.4000000000	0.0010000000	0.0100000000	100	100	0	0.869624
1960000	-0.4000000000	0.0010000000	0.0100000000	100	100	0	0.890144
1961000	-0.4000000000	0.0010000000	0.0100000000	100	100	0	0.894553
1962000	-0.4000000000	0.0010000000	0.0100000000	100	100	0	0.902637
1963000	-0.4000000000	0.0010000000	0.0100000000	100	100	0	0.879952
1964000	-0.4000000000	0.0010000000	0.0100000000	100	100	0	0.889974
1965000	-0.4000000000	0.0010000000	0.0100000000	100	100	0	0.902545
1966000	-0.4000000000	0.0010000000	0.0100000000	100	100	0	0.876934
1967000	-0.4000000000	0.0010000000	0.0100000000	100	100	0	0.888559
1968000	-0.4000000000	0.0010000000	0.0100000000	100	100	0	0.891361
1969000	-0.4000000000	0.0010000000	0.0100000000	100	100	0	0.899315
1970000	-0.4000000000	0.0010000000	0.0100000000	100	100	0	0.915127
1971000	-0.4000000000	0.0010000000	0.0100000000	100	100	0	0.923483
1972000	-0.4000000000	0.0010000000	0.0100000000	100	100	0	0.913796
1973000	-0.4000000000	0.0010000000	0.0100000000	100	100	0	0.919447
1974000	-0.4000000000	0.0010000000	0.0100000000	100	100	0	0.921314
1975000	-0.4000000000	0.0010000000	0.0100000000	100	100	0	0.917945
1976000	-0.4000000000	0.0010000000	0.0100000000	100	100	0	0.888807
1977000	-0.4000000000	0.0010000000	0.0100000000	100	100	0	0.885487
1978000	-0.4000000000	0.0010000000	0.0100000000	100	100	0	0.879991
1979000	-0.4000000000	0.0010000000	0.0100000000	100	100	0	0.891178
1980000	-0.4000000000	0.0010000000	0.0100000000	100	100	0	0.888546
1981000	-0.4000000000	0.0010000000	0.0100000000	100	100	0	0.913737
1982000	-0.4000000000	0.0010000000	0.0100000000	100	100	0	0.922900
1983000	-0.4000000000	0.0010000000	0.0100000000	100	100	0	0.917417
1984000	-0.4000000000	0.0010000000	0.0100000000	100	100	0	0.895306
1985000	-0.4000000000	0.0010000000	0.0100000000	100	100	0	0.902391
1986000	-0.4000000000	0.0010000000	0.0100000000	100	100	0	0.909638
1987000	-0.4000000000	0.0010000000	0.0100000000	100	100	0	0.913794
1988000	-0.4000000000	0.0010000000	0.0100000000	100	100	0	0.903111
1989000	-0.4000000000	0.0010000000	0.0100000000	100	100	0	0.913007
1990000	-0.4000000000	0.0010000000	0.0100000000	100	100	0	0.896627
1991000	-0.4000000000	0.0010000000	0.0100000000	100	100	0	0.894416
1992000	-0.4000000000	0.0010000000	0.0100000000	100	100	0	0.886787
1993000	-0.4000000000	0.0010000000	0.0100000000	100	100	0	0.895802
1994000	-0.4000000000	0.0010000000	0.0100000000	100	100	0	0.912073
1995000	-0.4000000000	0.0010000000	0.0100000000	100	100	0	0.918524
1996000	-0.4000000000	0.0010000000	0.0100000000	100	100	0	0.900786
1997000	-0.4000000000	0.0010000000	0.0100000000	100	100	0	0.901069
1998000	-0.4000000000	0.0010000000	0.0100000000	100	100	0	0.891375
1999000	-0.4000000000	0.0010000000	0.0100000000	100	100	0	0.895176
2000000	-0.4000000000	0.0010000000	0.0100000000	100	100	0	0.902584
2001000	-0.4000000000	0.0010000000	0.0100000000	100	100	0	0.885181
2002000	-0.4000000000	0.0010000000	0.0100000000	100	100	0	0.897678
2003000	-0.4000000000	0.0010000000	0.0100000000	100	100	0	0.904963
2004000	-0.4000000000	0.0010000000	0.0100000000	100	100	0	0.924572
2005000	-0.4000000000	0.0010000000	0.0100000000	100	100	0	0.926593
2006000	-0.4000000000	0.0010000000	0.0100000000	100	100	0	0.928939
2007000	-0.4000000000	0.0010000000	0.0100000000	100	100	0	0.931300
2008000	-0.4000000000	0.0010000000	0.0100000000	100	100	0	0.918487
2009000	-0.4000000000	0.0010000000	0.0100000000	100	100	0	0.925919
2010000	-0.4000000000	0.0010000000	0.0100000000	100	100	0	0.921044
2011000	-0.4000000000	0.0010000000	0.0100000000	100	100	0	0.903798
2012000	-0.4000000000	0.0010000000	0.0100000000	100	100	0	0.909143
2013000	-0.4000000000	0.0010000000	0.0100000000	100	100	0	0.903563
2014000	-0.4000000000	0.0010000000	0.0100000000	100	100	0	0.929031
2015000	-0.4000000000	0.0010000000	0.0100000000	100	100	0	0.931063
2016000	-0.4000000000	0.0010000000	0.0100000000	100	100	0	0.896050
2017000	-0.4000000000	0.0010000000	0.0100000000	100	100	0	0.882306
2018000	-0.4000000000	0.0010000000	0.0100000000	100	100	0	0.884613
2019000	-0.4000000000	0.0010000000	0.0100000000	100	100	0	0.879853
2020000	-0.4000000000	0.0010000000	0.0100000000	100	100	0	0.902869
2021000	-0.4000000000	0.0010000000	0.0100000000	100	100	0	0.883678
2022000	-0.4000000000	0.0010000000	0.0100000000	100	100	0	0.869032
2023000	-0.4000000000	0.0010000000	0.0100000000	100	100	0	0.875338
2024000	-0.4000000000	0.0010000000	0.0100000000	100	100	0	0.873914
2025000	-0.4000000000	0.0010000000	0.0100000000	100	100	0	0.873061
2026000	-0.4000000000	0.0010000000	0.0100000000	100	100	0	0.899356
2027000	-0.4000000000	0.0010000000	0.0100000000	100	100	0	0.895791
2028000	-0.4000000000	0.0010000000	0.0100000000	100	100	0	0.922853
2029000	-0.4000000000	0.0010000000	0.0100000000	100	100	0	0.888501
2030000	-0.4000000000	0.0010000000	0.0100000000	100	100	0	0.888070
2031000	-0.4000000000	0.0010000000	0.0100000000	100	100	0	0.890833
2032000	-0.4000000000	0.0010000000	0.0100000000	100	100	0	0.883240
2033000	-0.4000000000	0.0010000000	0.0100000000	100	100	0	0.870310
2034000	-0.4000000000	0.0010000000	0.0100000000	100	100	0	0.887538
2035000	-0.4000000000	0.0010000000	0.0100000000	100	100	0	0.886553
2036000	-0.4000000000	0.0010000000	0.0100000000	100	100	0	0.883724
2037000	-0.4000000000	0.0010000000	0.0100000000	100	100	0	0.897966
2038000	-0.4000000000	0.0010000000	0.0100000000	100	100	0	0.908517
2039000	-0.4000000000	0.0010000000	0.0100000000	100	100	0	0.882204
2040000	-0.4000000000	0.0010000000	0.0100000000	100	100	0	0.883624
2041000	-0.4000000000	0.0010000000	0.0100000000	100	100	0	0.898825
2042000	-0.4000000000	0.0010000000	0.0100000000	100	100	0	0.895284
2043000	-0.4000000000	0.0010000000	0.0100000000	100	100	0	0.884121
2044000	-0.4000000000	0.0010000000	0.0100000000	100	100	0	0.888807
2045000	-0.4000000000	0.0010000000	0.0100000000	100	100	0	0.900870
2046000	-0.4000000000	0.0010000000	0.0100000000	100	100	0	0.888321
2047000	-0.4000000000	0.0010000000	0.0100000000	100	100	0	0.892821
2048000	-0.4000000000	0.0010000000	0.0100000000	100	100	0	0.896868
2049000	-0.4000000000	0.0010000000	0.0100000000	100	100	0	0.907901
2050000	-0.4000000000	0.0010000000	0.0100000000	100	100	0	0.899826
2051000	-0.4000000000	0.0010000000	0.0100000000	100	100	0	0.898193
2052000	-0.4000000000	0.0010000000	0.0100000000	100	100	0	0.899695
2053000	-0.4000000000	0.0010000000	0.0100000000	100	100	0	0.895908
2054000	-0.4000000000	0.0010000000	0.0100000000	100	100	0	0.892245
2055000	-0.4000000000	0.0010000000	0.0100000000	100	100	0	0.889146
2056000	-0.4000000000	0.0010000000	0.0100000000	100	100	0	0.905431
2057000	-0.4000000000	0.0010000000	0.0100000000	100	100	0	0.921362
2058000	-0.4000000000	0.0010000000	0.0100000000	100	100	0	0.930864
2059000	-0.4000000000	0.0010000000	0.0100000000	100	100	0	0.934323
2060000	-0.4000000000	0.0010000000	0.0100000000	100	100	0	0.902686
2061000	-0.4000000000	0.0010000000	0.0100000000	100	100	0	0.904348
2062000	-0.4000000000	0.0010000000	0.0100000000	100	100	0	0.900022
2063000	-0.4000000000	0.0010000000	0.0100000000	100	100	0	0.861396
2064000	-0.4000000000	0.0010000000	0.0100000000	100	100	0	0.841868
2065000	-0.4000000000	0.0010000000	0.0100000000	100	100	0	0.892519
2066000	-0.4000000000	0.0010000000	0.0100000000	100	100	0	0.897301
2067000	-0.4000000000	0.0010000000	0.0100000000	100	100	0	0.892265
2068000	-0.4000000000	0.0010000000	0.0100000000	100	100	0	0.902877
2069000	-0.4000000000	0.0010000000	0.0100000000	100	100	0	0.891756
2070000	-0.4000000000	0.0010000000	0.0100000000	100	100	0	0.924182
2071000	-0.4000000000	0.0010000000	0.0100000000	100	100	0	0.921061
2072000	-0.4000000000	0.0010000000	0.0100000000	100	100	0	0.941255
2073000	-0.4000000000	0.0010000000	0.0100000000	100	100	0	0.933836
2074000	-0.4000000000	0.0010000000	0.0100000000	100	100	0	0.916321
2075000	-0.4000000000	0.0010000000	0.0100000000	100	100	0	0.919334
2076000	-0.4000000000	0.0010000000	0.0100000000	100	100	0	0.907498
2077000	-0.4000000000	0.0010000000	0.0100000000	100	100	0	0.921406
2078000	-0.4000000000	0.0010000000	0.0100000000	100	100	0	0.924373
2079000	-0.4000000000	0.0010000000	0.0100000000	100	100	0	0.921910
2080000	-0.4000000000	0.0010000000	0.0100000000	100	100	0	0.901018
2081000	-0.4000000000	0.0010000000	0.0100000000	100	100	0	0.891857
2082000	-0.4000000000	0.0010000000	0.0100000000	100	100	0	0.885244
2083000	-0.4000000000	0.0010000000	0.0100000000	100	100	0	0.909520
2084000	-0.4000000000	0.0010000000	0.0100000000	100	100	0	0.906345
2085000	-0.4000000000	0.0010000000	0.0100000000	100	100	0	0.924852
2086000	-0.4000000000	0.0010000000	0.0100000000	100	100	0	0.926327
2087000	-0.4000000000	0.0010000000	0.0100000000	100	100	0	0.925606
2088000	-0.4000000000	0.0010000000	0.0100000000	100	100	0	0.919558
2089000	-0.4000000000	0.0010000000	0.0100000000	100	100	0	0.908488
2090000	-0.4000000000	0.0010000000	0.0100000000	100	100	0	0.900962
2091000	-0.4000000000	0.0010000000	0.0100000000	100	100	0	0.900877
2092000	-0.4000000000	0.0010000000	0.0100000000	100	100	0	0.884195
2093000	-0.4000000000	0.0010000000	0.0100000000	100	100	0	0.879895
2094000	-0.4000000000	0.0010000000	0.0100000000	100	100	0	0.895622
2095000	-0.4000000000	0.0010000000	0.0100000000	100	100	0	0.898448
2096000	-0.4000000000	0.0010000000	0.0100000000	100	100	0	0.897633
2097000	-0.4000000000	0.0010000000	0.0100000000	100	100	0	0.889569
2098000	-0.4000000000	0.0010000000	0.0100000000	100	100	0	0.885145
2099000	-0.4000000000	0.0010000000	0.0100000000	100	100	0	0.907523
2100000	-0.4000000000	0.0010000000	0.0100000000	100	100	0	0.932049
2101000	-0.4000000000	0.0010000000	0.0100000000	100	100	0	0.917207
2102000	-0.4000000000	0.0010000000	0.0100000000	100	100	0	0.901653
2103000	-0.4000000000	0.0010000000	0.0100000000	100	100	0	0.901739
2104000	-0.4000000000	0.0010000000	0.0100000000	100	100	0	0.884124
2105000	-0.4000000000	0.0010000000	0.0100000000	100	100	0	0.893842
2106000	-0.4000000000	0.0010000000	0.0100000000	100	100	0	0.893684
2107000	-0.4000000000	0.0010000000	0.0100000000	100	100	0	0.884171
2108000	-0.4000000000	0.0010000000	0.0100000000	100	100	0	0.884901
2109000	-0.4000000000	0.0010000000	0.0100000000	100	100	0	0.894323
2110000	-0.4000000000	0.0010000000	0.0100000000	100	100	0	0.897252
2111000	-0.4000000000	0.0010000000	0.0100000000	100	100	0	0.912081
2112000	-0.4000000000	0.0010000000	0.0100000000	100	100	0	0.902686
2113000	-0.4000000000	0.0010000000	0.0100000000	100	100	0	0.902063
2114000	-0.4000000000	0.0010000000	0.0100000000	100	100	0	0.894424
2115000	-0.4000000000	0.0010000000	0.0100000000	100	100	0	0.875894
2116000	-0.4000000000	0.0010000000	0.0100000000	100	100	0	0.884547
2117000	-0.4000000000	0.0010000000	0.0100000000	100	100	0	0.880193
2118000	-0.4000000000	0.0010000000	0.0100000000	100	100	0	0.899315
2119000	-0.4000000000	0.0010000000	0.0100000000	100	100	0	0.908194
2120000	-0.4000000000	0.0010000000	0.0100000000	100	100	0	0.916794
2121000	-0.4000000000	0.0010000000	0.0100000000	100	100	0	0.919622
2122000	-0.4000000000	0.0010000000	0.0100000000	100	100	0	0.914702
2123000	-0.4000000000	0.0010000000	0.0100000000	100	100	0	0.922118
2124000	-0.4000000000	0.0010000000	0.0100000000	100	100	0	0.898302
2125000	-0.4000000000	0.0010000000	0.0100000000	100	100	0	0.884367
2126000	-0.4000000000	0.0010000000	0.0100000000	100	100	0	0.897487
2127000	-0.4000000000	0.0010000000	0.0100000000	100	100	0	0.895464
2128000	-0.4000000000	0.0010000000	0.0100000000	100	100	0	0.891906
2129000	-0.4000000000	0.0010000000	0.0100000000	100	100	0	0.881760
2130000	-0.4000000000	0.0010000000	0.0100000000	100	100	0	0.871851
2131000	-0.4000000000	0.0010000000	0.0100000000	100	100	0	0.879104
2132000	-0.4000000000	0.0010000000	0.0100000000	100	100	0	0.893379
2133000	-0.4000000000	0.0010000000	0.0100000000	100	100	0	0.916841
2134000	-0.4000000000	0.0010000000	0.0100000000	100	100	0	0.917198
2135000	-0.4000000000	0.0010000000	0.0100000000	100	100	0	0.903896
2136000	-0.4000000000	0.0010000000	0.0100000000	100	100	0	0.915581
2137000	-0.4000000000	0.0010000000	0.0100000000	100	100	0	0.915485
2138000	-0.4000000000	0.0010000000	0.0100000000	100	100	0	0.931686
2139000	-0.4000000000	0.0010000000	0.0100000000	100	100	0	0.930282
2140000	-0.4000000000	0.0010000000	0.0100000000	100	100	0	0.931819
2141000	-0.4000000000	0.0010000000	0.0100000000	100	100	0	0.926807
2142000	-0.4000000000	0.0010000000	0.0100000000	100	100	0	0.944838
2143000	-0.4000000000	0.0010000000	0.0100000000	100	100	0	0.934513
2144000	-0.4000000000	0.0010000000	0.0100000000	100	100	0	0.918159
2145000	-0.4000000000	0.0010000000	0.0100000000	100	100	0	0.925194
2146000	-0.4000000000	0.0010000000	0.0100000000	100	100	0	0.921932
2147000	-0.4000000000	0.0010000000	0.0100000000	100	100	0	0.910616
2148000	-0.4000000000	0.0010000000	0.0100000000	100	100	0	0.896995
2149000	-0.4000000000	0.0010000000	0.0100000000	100	100	0	0.898211
2150000	-0.4000000000	0.0010000000	0.0100000000	100	100	0	0.893678
2151000	-0.4000000000	0.0010000000	0.0100000000	100	100	0	0.892634
2152000	-0.4000000000	0.0010000000	0.0100000000	100	100	0	0.887734
2153000	-0.4000000000	0.0010000000	0.0100000000	100	100	0	0.880638
2154000	-0.4000000000	0.0010000000	0.0100000000	100	100	0	0.884042
2155000	-0.4000000000	0.0010000000	0.0100000000	100	100	0	0.889922
2156000	-0.4000000000	0.0010000000	0.0100000000	100	100	0	0.899489
2157000	-0.4000000000	0.0010000000	0.0100000000	100	100	0	0.907597
2158000	-0.4000000000	0.0010000000	0.0100000000	100	100	0	0.907496
2159000	-0.4000000000	0.0010000000	0.0100000000	100	100	0	0.923084
2160000	-0.4000000000	0.0010000000	0.0100000000	100	100	0	0.924210
2161000	-0.4000000000	0.0010000000	0.0100000000	100	100	0	0.930258
2162000	-0.4000000000	0.0010000000	0.0100000000	100	100	0	0.928988
2163000	-0.4000000000	0.0010000000	0.0100000000	100	100	0	0.916472
2164000	-0.4000000000	0.0010000000	0.0100000000	100	100	0	0.912935
2165000	-0.4000000000	0.0010000000	0.0100000000	100	100	0	0.921381
2166000	-0.4000000000	0.0010000000	0.0100000000	100	100	0	0.915173
2167000	-0.4000000000	0.0010000000	0.0100000000	100	100	0	0.902484
2168000	-0.4000000000	0.0010000000	0.0100000000	100	100	0	0.918120
2169000	-0.4000000000	0.0010000000	0.0100000000	100	100	0	0.918385
2170000	-0.4000000000	0.0010000000	0.0100000000	100	100	0	0.925779
2171000	-0.4000000000	0.0010000000	0.0100000000	100	100	0	0.926854
2172000	-0.4000000000	0.0010000000	0.0100000000	100	100	0	0.915894
2173000	-0.4000000000	0.0010000000	0.0100000000	100	100	0	0.887889
2174000	-0.4000000000	0.0010000000	0.0100000000	100	100	0	0.875245
2175000	-0.4000000000	0.0010000000	0.0100000000	100	100	0	0.897917
2176000	-0.4000000000	0.0010000000	0.0100000000	100	100	0	0.901831
2177000	-0.4000000000	0.0010000000	0.0100000000	100	100	0	0.899074
2178000	-0.4000000000	0.0010000000	0.0100000000	100	100	0	0.892297
2179000	-0.4000000000	0.0010000000	0.0100000000	100	100	0	0.900071
2180000	-0.4000000000	0.0010000000	0.0100000000	100	100	0	0.888169
2181000	-0.4000000000	0.0010000000	0.0100000000	100	100	0	0.886659
2182000	-0.4000000000	0.0010000000	0.0100000000	100	100	0	0.892016
2183000	-0.4000000000	0.0010000000	0.0100000000	100	100	0	0.905854
2184000	-0.4000000000	0.0010000000	0.0100000000	100	100	0	0.907409
2185000	-0.4000000000	0.0010000000	0.0100000000	100	100	0	0.900919
2186000	-0.4000000000	0.0010000000	0.0100000000	100	100	0	0.897465
2187000	-0.4000000000	0.0010000000	0.0100000000	100	100	0	0.907401
2188000	-0.4000000000	0.0010000000	0.0100000000	100	100	0	0.897126
2189000	-0.4000000000	0.0010000000	0.0100000000	100	100	0	0.902450
2190000	-0.4000000000	0.0010000000	0.0100000000	100	100	0	0.888369
2191000	-0.4000000000	0.0010000000	0.0100000000	100	100	0	0.884449
2192000	-0.4000000000	0.0010000000	0.0100000000	100	100	0	0.888430
2193000	-0.4000000000	0.0010000000	0.0100000000	100	100	0	0.906181
2194000	-0.4000000000	0.0010000000	0.0100000000	100	100	0	0.919995
2195000	-0.4000000000	0.0010000000	0.0100000000	100	100	0	0.919583
2196000	-0.4000000000	0.0010000000	0.0100000000	100	100	0	0.898786
2197000	-0.4000000000	0.0010000000	0.0100000000	100	100	0	0.889771
2198000	-0.4000000000	0.0010000000	0.0100000000	100	100	0	0.894424
2199000	-0.4000000000	0.0010000000	0.0100000000	100	100	0	0.868124
2200000	-0.4000000000	0.0010000000	0.0100000000	100	100	0	0.883969
2201000	-0.4000000000	0.0010000000	0.0100000000	100	100	0	0.874886
2202000	-0.4000000000	0.0010000000	0.0100000000	100	100	0	0.872465
2203000	-0.4000000000	0.0010000000	0.0100000000	100	100	0	0.880343
2204000	-0.4000000000	0.0010000000	0.0100000000	100	100	0	0.875403
2205000	-0.4000000000	0.0010000000	0.0100000000	100	100	0	0.882010
2206000	-0.4000000000	0.0010000000	0.0100000000	100	100	0	0.888414
2207000	-0.4000000000	0.0010000000	0.0100000000	100	100	0	0.904178
2208000	-0.4000000000	0.0010000000	0.0100000000	100	100	0	0.885438
2209000	-0.4000000000	0.0010000000	0.0100000000	100	100	0	0.881219
2210000	-0.4000000000	0.0010000000	0.0100000000	100	100	0	0.886124
2211000	-0.4000000000	0.0010000000	0.0100000000	100	100	0	0.885632
2212000	-0.4000000000	0.0010000000	0.0100000000	100	100	0	0.876788
2213000	-0.4000000000	0.0010000000	0.0100000000	100	100	0	0.888612
2214000	-0.4000000000	0.0010000000	0.0100000000	100	100	0	0.869882
2215000	-0.4000000000	0.0010000000	0.0100000000	100	100	0	0.884775
2216000	-0.4000000000	0.0010000000	0.0100000000	100	100	0	0.904428
2217000	-0.4000000000	0.0010000000	0.0100000000	100	100	0	0.900437
2218000	-0.4000000000	0.0010000000	0.0100000000	100	100	0	0.906716
2219000	-0.4000000000	0.0010000000	0.0100000000	100	100	0	0.900995
2220000	-0.4000000000	0.0010000000	0.0100000000	100	100	0	0.884797
2221000	-0.4000000000	0.0010000000	0.0100000000	100	100	0	0.877875
2222000	-0.4000000000	0.0010000000	0.0100000000	100	100	0	0.873561
2223000	-0.4000000000	0.0010000000	0.0100000000	100	100	0	0.889135
2224000	-0.4000000000	0.0010000000	0.0100000000	100	100	0	0.880340
2225000	-0.4000000000	0.0010000000	0.0100000000	100	100	0	0.868123
2226000	-0.4000000000	0.0010000000	0.0100000000	100	100	0	0.895754
2227000	-0.4000000000	0.0010000000	0.0100000000	100	100	0	0.897811
2228000	-0.4000000000	0.0010000000	0.0100000000	100	100	0	0.890700
2229000	-0.4000000000	0.0010000000	0.0100000000	100	100	0	0.897054
2230000	-0.4000000000	0.0010000000	0.0100000000	100	100	0	0.880919
2231000	-0.4000000000	0.0010000000	0.0100000000	100	100	0	0.874809
2232000	-0.4000000000	0.0010000000	0.0100000000	100	100	0	0.860284
2233000	-0.4000000000	0.0010000000	0.0100000000	100	100	0	0.857868
2234000	-0.4000000000	0.0010000000	0.0100000000	100	100	0	0.873760
2235000	-0.4000000000	0.0010000000	0.0100000000	100	100	0	0.882941
2236000	-0.4000000000	0.0010000000	0.0100000000	100	100	0	0.889765
2237000	-0.4000000000	0.0010000000	0.0100000000	100	100	0	0.887685
2238000	-0.4000000000	0.0010000000	0.0100000000	100	100	0	0.886904
2239000	-0.4000000000	0.0010000000	0.0100000000	100	100	0	0.889192
2240000	-0.4000000000	0.0010000000	0.0100000000	100	100	0	0.881591
2241000	-0.4000000000	0.0010000000	0.0100000000	100	100	0	0.877868
2242000	-0.4000000000	0.0010000000	0.0100000000	100	100	0	0.875895
2243000	-0.4000000000	0.0010000000	0.0100000000	100	100	0	0.865878
2244000	-0.4000000000	0.0010000000	0.0100000000	100	100	0	0.884755
2245000	-0.4000000000	0.0010000000	0.0100000000	100	100	0	0.880327
2246000	-0.4000000000	0.0010000000	0.0100000000	100	100	0	0.914527
2247000	-0.4000000000	0.0010000000	0.0100000000	100	100	0	0.913152
2248000	-0.4000000000	0.0010000000	0.0100000000	100	100	0	0.920854
2249000	-0.4000000000	0.0010000000	0.0100000000	100	100	0	0.912034
2250000	-0.4000000000	0.0010000000	0.0100000000	100	100	0	0.900927
2251000	-0.4000000000	0.0010000000	0.0100000000	100	100	0	0.913182
2252000	-0.4000000000	0.0010000000	0.0100000000	100	100	0	0.900494
2253000	-0.4000000000	0.0010000000	0.0100000000	100	100	0	0.906931
2254000	-0.4000000000	0.0010000000	0.0100000000	100	100	0	0.897535
2255000	-0.4000000000	0.0010000000	0.0100000000	100	100	0	0.900355
2256000	-0.4000000000	0.0010000000	0.0100000000	100	100	0	0.906043
2257000	-0.4000000000	0.0010000000	0.0100000000	100	100	0	0.899503
2258000	-0.4000000000	0.0010000000	0.0100000000	100	100	0	0.894265
2259000	-0.4000000000	0.0010000000	0.0100000000	100	100	0	0.907672
2260000	-0.4000000000	0.0010000000	0.0100000000	100	100	0	0.906930
2261000	-0.4000000000	0.0010000000	0.0100000000	100	100	0	0.931345
2262000	-0.4000000000	0.0010000000	0.0100000000	100	100	0	0.910485
2263000	-0.4000000000	0.0010000000	0.0100000000	100	100	0	0.911560
2264000	-0.4000000000	0.0010000000	0.0100000000	100	100	0	0.918494
2265000	-0.4000000000	0.0010000000	0.0100000000	100	100	0	0.903622
2266000	-0.4000000000	0.0010000000	0.0100000000	100	100	0	0.911456
2267000	-0.4000000000	0.0010000000	0.0100000000	100	100	0	0.904080
2268000	-0.4000000000	0.0010000000	0.0100000000	100	100	0	0.903924
2269000	-0.4000000000	0.0010000000	0.0100000000	100	100	0	0.922183
2270000	-0.4000000000	0.0010000000	0.0100000000	100	100	0	0.907146
2271000	-0.4000000000	0.0010000000	0.0100000000	100	100	0	0.913329
2272000	-0.4000000000	0.0010000000	0.0100000000	100	100	0	0.928852
2273000	-0.4000000000	0.0010000000	0.0100000000	100	100	0	0.919470
2274000	-0.4000000000	0.0010000000	0.0100000000	100	100	0	0.904518
2275000	-0.4000000000	0.0010000000	0.0100000000	100	100	0	0.890942
2276000	-0.4000000000	0.0010000000	0.0100000000	100	100	0	0.904992
2277000	-0.4000000000	0.0010000000	0.0100000000	100	100	0	0.888400
2278000	-0.4000000000	0.0010000000	0.0100000000	100	100	0	0.869255
2279000	-0.4000000000	0.0010000000	0.0100000000	100	100	0	0.880145
2280000	-0.4000000000	0.0010000000	0.0100000000	100	100	0	0.900928
2281000	-0.4000000000	0.0010000000	0.0100000000	100	100	0	0.908926
2282000	-0.4000000000	0.0010000000	0.0100000000	100	100	0	0.912173
2283000	-0.4000000000	0.0010000000	0.0100000000	100	100	0	0.912025
2284000	-0.4000000000	0.0010000000	0.0100000000	100	100	0	0.920074
2285000	-0.4000000000	0.0010000000	0.0100000000	100	100	0	0.923214
2286000	-0.4000000000	0.0010000000	0.0100000000	100	100	0	0.903543
2287000	-0.4000000000	0.0010000000	0.0100000000	100	100	0	0.911321
2288000	-0.4000000000	0.0010000000	0.0100000000	100	100	0	0.906443
2289000	-0.4000000000	0.0010000000	0.0100000000	100	100	0	0.903398
2290000	-0.4000000000	0.0010000000	0.0100000000	100	100	0	0.897444
2291000	-0.4000000000	0.0010000000	0.0100000000	100	100	0	0.896338
2292000	-0.4000000000	0.0010000000	0.0100000000	100	100	0	0.900200
2293000	-0.4000000000	0.0010000000	0.0100000000	100	100	0	0.900347
2294000	-0.4000000000	0.0010000000	0.0100000000	100	100	0	0.890989
2295000	-0.4000000000	0.0010000000	0.0100000000	100	100	0	0.892437
2296000	-0.4000000000	0.0010000000	0.0100000000	100	100	0	0.892429
2297000	-0.4000000000	0.0010000000	0.0100000000	100	100	0	0.890452
2298000	-0.4000000000	0.0010000000	0.0100000000	100	100	0	0.903919
2299000	-0.4000000000	0.0010000000	0.0100000000	100	100	0	0.893111
2300000	-0.4000000000	0.0010000000	0.0100000000	100	100	0	0.912034
2301000	-0.4000000000	0.0010000000	0.0100000000	100	100	0	0.888662
2302000	-0.4000000000	0.0010000000	0.0100000000	100	100	0	0.893600
2303000	-0.4000000000	0.0010000000	0.0100000000	100	100	0	0.900766
2304000	-0.4000000000	0.0010000000	0.0100000000	100	100	0	0.894274
2305000	-0.4000000000	0.0010000000	0.0100000000	100	100	0	0.890260
2306000	-0.4000000000	0.0010000000	0.0100000000	100	100	0	0.879359
2307000	-0.4000000000	0.0010000000	0.0100000000	100	100	0	0.889727
2308000	-0.4000000000	0.0010000000	0.0100000000	100	100	0	0.916610
2309000	-0.4000000000	0.0010000000	0.0100000000	100	100	0	0.907341
2310000	-0.4000000000	0.0010000000	0.0100000000	100	100	0	0.901975
2311000	-0.4000000000	0.0010000000	0.0100000000	100	100	0	0.912757
2312000	-0.4000000000	0.0010000000	0.0100000000	100	100	0	0.903989
2313000	-0.4000000000	0.0010000000	0.0100000000	100	100	0	0.917555
2314000	-0.4000000000	0.0010000000	0.0100000000	100	100	0	0.924031
2315000	-0.4000000000	0.0010000000	0.0100000000	100	100	0	0.912535
2316000	-0.4000000000	0.0010000000	0.0100000000	100	100	0	0.902031
2317000	-0.4000000000	0.0010000000	0.0100000000	100	100	0	0.910401
2318000	-0.4000000000	0.0010000000	0.0100000000	100	100	0	0.926139
2319000	-0.4000000000	0.0010000000	0.0100000000	100	100	0	0.920835
2320000	-0.4000000000	0.0010000000	0.0100000000	100	100	0	0.909230
2321000	-0.4000000000	0.0010000000	0.0100000000	100	100	0	0.923486
2322000	-0.4000000000	0.0010000000	0.0100000000	100	100	0	0.925346
2323000	-0.4000000000	0.0010000000	0.0100000000	100	100	0	0.911055
2324000	-0.4000000000	0.0010000000	0.0100000000	100	100	0	0.911586
2325000	-0.4000000000	0.0010000000	0.0100000000	100	100	0	0.913615
2326000	-0.4000000000	0.0010000000	0.0100000000	100	100	0	0.908531
2327000	-0.4000000000	0.0010000000	0.0100000000	100	100	0	0.912964
2328000	-0.4000000000	0.0010000000	0.0100000000	100	100	0	0.907119
2329000	-0.4000000000	0.0010000000	0.0100000000	100	100	0	0.909188
2330000	-0.4000000000	0.0010000000	0.0100000000	100	100	0	0.909591
2331000	-0.4000000000	0.0010000000	0.0100000000	100	100	0	0.906876
2332000	-0.4000000000	0.0010000000	0.0100000000	100	100	0	0.906346
2333000	-0.4000000000	0.0010000000	0.0100000000	100	100	0	0.902065
2334000	-0.4000000000	0.0010000000	0.0100000000	100	100	0	0.908108
2335000	-0.4000000000	0.0010000000	0.0100000000	100	100	0	0.907342
2336000	-0.4000000000	0.0010000000	0.0100000000	100	100	0	0.905272
2337000	-0.4000000000	0.0010000000	0.0100000000	100	100	0	0.927708
2338000	-0.4000000000	0.0010000000	0.0100000000	100	100	0	0.930936
2339000	-0.4000000000	0.0010000000	0.0100000000	100	100	0	0.927995
2340000	-0.4000000000	0.0010000000	0.0100000000	100	100	0	0.935897
2341000	-0.4000000000	0.0010000000	0.0100000000	100	100	0	0.926906
2342000	-0.4000000000	0.0010000000	0.0100000000	100	100	0	0.918581
2343000	-0.4000000000	0.0010000000	0.0100000000	100	100	0	0.879951
2344000	-0.4000000000	0.0010000000	0.0100000000	100	100	0	0.879606
2345000	-0.4000000000	0.0010000000	0.0100000000	100	100	0	0.873712
2346000	-0.4000000000	0.0010000000	0.0100000000	100	100	0	0.890489
2347000	-0.4000000000	0.0010000000	0.0100000000	100	100	0	0.883324
2348000	-0.4000000000	0.0010000000	0.0100000000	100	100	0	0.871397
2349000	-0.4000000000	0.0010000000	0.0100000000	100	100	0	0.870451
2350000	-0.4000000000	0.0010000000	0.0100000000	100	100	0	0.876039
2351000	-0.4000000000	0.0010000000	0.0100000000	100	100	0	0.892374
2352000	-0.4000000000	0.0010000000	0.0100000000	100	100	0	0.900723
2353000	-0.4000000000	0.0010000000	0.0100000000	100	100	0	0.908065
2354000	-0.4000000000	0.0010000000	0.0100000000	100	100	0	0.899911
2355000	-0.4000000000	0.0010000000	0.0100000000	100	100	0	0.914160
2356000	-0.4000000000	0.0010000000	0.0100000000	100	100	0	0.914767
2357000	-0.4000000000	0.0010000000	0.0100000000	100	100	0	0.921099
2358000	-0.4000000000	0.0010000000	0.0100000000	100	100	0	0.908658
2359000	-0.4000000000	0.0010000000	0.0100000000	100	100	0	0.910815
2360000	-0.4000000000	0.0010000000	0.0100000000	100	100	0	0.924466
2361000	-0.4000000000	0.0010000000	0.0100000000	100	100	0	0.910240
2362000	-0.4000000000	0.0010000000	0.0100000000	100	100	0	0.903400
2363000	-0.4000000000	0.0010000000	0.0100000000	100	100	0	0.906348
2364000	-0.4000000000	0.0010000000	0.0100000000	100	100	0	0.936467
2365000	-0.4000000000	0.0010000000	0.0100000000	100	100	0	0.923101
2366000	-0.4000000000	0.0010000000	0.0100000000	100	100	0	0.920358
2367000	-0.4000000000	0.0010000000	0.0100000000	100	100	0	0.934759
2368000	-0.4000000000	0.0010000000	0.0100000000	100	100	0	0.941516
2369000	-0.4000000000	0.0010000000	0.0100000000	100	100	0	0.936689
2370000	-0.4000000000	0.0010000000	0.0100000000	100	100	0	0.919306
2371000	-0.4000000000	0.0010000000	0.0100000000	100	100	0	0.907549
2372000	-0.4000000000	0.0010000000	0.0100000000	100	100	0	0.907396
2373000	-0.4000000000	0.0010000000	0.0100000000	100	100	0	0.928899
2374000	-0.4000000000	0.0010000000	0.0100000000	100	100	0	0.931610
2375000	-0.4000000000	0.0010000000	0.0100000000	100	100	0	0.915798
2376000	-0.4000000000	0.0010000000	0.0100000000	100	100	0	0.923936
2377000	-0.4000000000	0.0010000000	0.0100000000	100	100	0	0.918993
2378000	-0.4000000000	0.0010000000	0.0100000000	100	100	0	0.934898
2379000	-0.4000000000	0.0010000000	0.0100000000	100	100	0	0.913522
2380000	-0.4000000000	0.0010000000	0.0100000000	100	100	0	0.893941
2381000	-0.4000000000	0.0010000000	0.0100000000	100	100	0	0.888317
2382000	-0.4000000000	0.0010000000	0.0100000000	100	100	0	0.897781
2383000	-0.4000000000	0.0010000000	0.0100000000	100	100	0	0.901167
2384000	-0.4000000000	0.0010000000	0.0100000000	100	100	0	0.894352
2385000	-0.4000000000	0.0010000000	0.0100000000	100	100	0	0.879688
2386000	-0.4000000000	0.0010000000	0.0100000000	100	100	0	0.886809
2387000	-0.4000000000	0.0010000000	0.0100000000	100	100	0	0.873559
2388000	-0.4000000000	0.0010000000	0.0100000000	100	100	0	0.867420
2389000	-0.4000000000	0.0010000000	0.0100000000	100	100	0	0.901786
2390000	-0.4000000000	0.0010000000	0.0100000000	100	100	0	0.889635
2391000	-0.4000000000	0.0010000000	0.0100000000	100	100	0	0.891602
2392000	-0.4000000000	0.0010000000	0.0100000000	100	100	0	0.912358
2393000	-0.4000000000	0.0010000000	0.0100000000	100	100	0	0.894326
2394000	-0.4000000000	0.0010000000	0.0100000000	100	100	0	0.898067
2395000	-0.4000000000	0.0010000000	0.0100000000	100	100	0	0.854670
2396000	-0.4000000000	0.0010000000	0.0100000000	100	100	0	0.876568
2397000	-0.4000000000	0.0010000000	0.0100000000	100	100	0	0.879547
2398000	-0.4000000000	0.0010000000	0.0100000000	100	100	0	0.877431
2399000	-0.4000000000	0.0010000000	0.0100000000	100	100	0	0.848877
2400000	-0.4000000000	0.0010000000	0.0100000000	100	100	0	0.867074
2401000	-0.4000000000	0.0010000000	0.0100000000	100	100	0	0.880097
2402000	-0.4000000000	0.0010000000	0.0100000000	100	100	0	0.871365
2403000	-0.4000000000	0.0010000000	0.0100000000	100	100	0	0.886928
2404000	-0.4000000000	0.0010000000	0.0100000000	100	100	0	0.884186
2405000	-0.4000000000	0.0010000000	0.0100000000	100	100	0	0.876332
2406000	-0.4000000000	0.0010000000	0.0100000000	100	100	0	0.900638
2407000	-0.4000000000	0.0010000000	0.0100000000	100	100	0	0.922254
2408000	-0.4000000000	0.0010000000	0.0100000000	100	100	0	0.922908
2409000	-0.4000000000	0.0010000000	0.0100000000	100	100	0	0.928772
2410000	-0.4000000000	0.0010000000	0.0100000000	100	100	0	0.920793
2411000	-0.4000000000	0.0010000000	0.0100000000	100	100	0	0.921040
2412000	-0.4000000000	0.0010000000	0.0100000000	100	100	0	0.909210
2413000	-0.4000000000	0.0010000000	0.0100000000	100	100	0	0.924605
2414000	-0.4000000000	0.0010000000	0.0100000000	100	100	0	0.927917
2415000	-0.4000000000	0.0010000000	0.0100000000	100	100	0	0.934237
2416000	-0.4000000000	0.0010000000	0.0100000000	100	100	0	0.936674
2417000	-0.4000000000	0.0010000000	0.0100000000	100	100	0	0.917985
2418000	-0.4000000000	0.0010000000	0.0100000000	100	100	0	0.910770
2419000	-0.4000000000	0.0010000000	0.0100000000	100	100	0	0.889535
2420000	-0.4000000000	0.0010000000	0.0100000000	100	100	0	0.885801
2421000	-0.4000000000	0.0010000000	0.0100000000	100	100	0	0.860900
2422000	-0.4000000000	0.0010000000	0.0100000000	100	100	0	0.866576
2423000	-0.4000000000	0.0010000000	0.0100000000	100	100	0	0.866627
2424000	-0.4000000000	0.0010000000	0.0100000000	100	100	0	0.871917
2425000	-0.4000000000	0.0010000000	0.0100000000	100	100	0	0.876632
2426000	-0.4000000000	0.0010000000	0.0100000000	100	100	0	0.870430
2427000	-0.4000000000	0.0010000000	0.0100000000	100	100	0	0.872252
2428000	-0.4000000000	0.0010000000	0.0100000000	100	100	0	0.869730
2429000	-0.4000000000	0.0010000000	0.0100000000	100	100	0	0.866177
2430000	-0.4000000000	0.0010000000	0.0100000000	100	100	0	0.858526
2431000	-0.4000000000	0.0010000000	0.0100000000	100	100	0	0.883387
2432000	-0.4000000000	0.0010000000	0.0100000000	100	100	0	0.884369
2433000	-0.4000000000	0.0010000000	0.0100000000	100	100	0	0.864630
2434000	-0.4000000000	0.0010000000	0.0100000000	100	100	0	0.870875
2435000	-0.4000000000	0.0010000000	0.0100000000	100	100	0	0.883034
2436000	-0.4000000000	0.0010000000	0.0100000000	100	100	0	0.882405
2437000	-0.4000000000	0.0010000000	0.0100000000	100	100	0	0.877172
2438000	-0.4000000000	0.0010000000	0.0100000000	100	100	0	0.893928
2439000	-0.4000000000	0.0010000000	0.0100000000	100	100	0	0.890213
2440000	-0.4000000000	0.0010000000	0.0100000000	100	100	0	0.885049
2441000	-0.4000000000	0.0010000000	0.0100000000	100	100	0	0.886024
2442000	-0.4000000000	0.0010000000	0.0100000000	100	100	0	0.898210
2443000	-0.4000000000	0.0010000000	0.0100000000	100	100	0	0.893544
2444000	-0.4000000000	0.0010000000	0.0100000000	100	100	0	0.893544
2445000	-0.4000000000	0.0010000000	0.0100000000	100	100	0	0.895542
2446000	-0.4000000000	0.0010000000	0.0100000000	100	100	0	0.910445
2447000	-0.4000000000	0.0010000000	0.0100000000	100	100	0	0.902542
2448000	-0.4000000000	0.0010000000	0.0100000000	100	100	0	0.902207
2449000	-0.4000000000	0.0010000000	0.0100000000	100	100	0	0.899923
2450000	-0.4000000000	0.0010000000	0.0100000000	100	100	0	0.898675
2451000	-0.4000000000	0.0010000000	0.0100000000	100	100	0	0.900699
2452000	-0.4000000000	0.0010000000	0.0100000000	100	100	0	0.902256
2453000	-0.4000000000	0.0010000000	0.0100000000	100	100	0	0.895561
2454000	-0.4000000000	0.0010000000	0.0100000000	100	100	0	0.887324
2455000	-0.4000000000	0.0010000000	0.0100000000	100	100	0	0.912204
2456000	-0.4000000000	0.0010000000	0.0100000000	100	100	0	0.921726
2457000	-0.4000000000	0.0010000000	0.0100000000	100	100	0	0.907403
2458000	-0.4000000000	0.0010000000	0.0100000000	100	100	0	0.914416
2459000	-0.4000000000	0.0010000000	0.0100000000	100	100	0	0.920576
2460000	-0.4000000000	0.0010000000	0.0100000000	100	100	0	0.906735
2461000	-0.4000000000	0.0010000000	0.0100000000	100	100	0	0.929895
2462000	-0.4000000000	0.0010000000	0.0100000000	100	100	0	0.927750
2463000	-0.4000000000	0.0010000000	0.0100000000	100	100	0	0.924613
2464000	-0.4000000000	0.0010000000	0.0100000000	100	100	0	0.914195
2465000	-0.4000000000	0.0010000000	0.0100000000	100	100	0	0.928457
2466000	-0.4000000000	0.0010000000	0.0100000000	100	100	0	0.914941
2467000	-0.4000000000	0.0010000000	0.0100000000	100	100	0	0.914799
2468000	-0.4000000000	0.0010000000	0.0100000000	100	100	0	0.904345
2469000	-0.4000000000	0.0010000000	0.0100000000	100	100	0	0.908771
2470000	-0.4000000000	0.0010000000	0.0100000000	100	100	0	0.931517
2471000	-0.4000000000	0.0010000000	0.0100000000	100	100	0	0.916149
2472000	-0.4000000000	0.0010000000	0.0100000000	100	100	0	0.908896
2473000	-0.4000000000	0.0010000000	0.0100000000	100	100	0	0.914210
2474000	-0.4000000000	0.0010000000	0.0100000000	100	100	0	0.899825
2475000	-0.4000000000	0.0010000000	0.0100000000	100	100	0	0.925197
2476000	-0.4000000000	0.0010000000	0.0100000000	100	100	0	0.934583
2477000	-0.4000000000	0.0010000000	0.0100000000	100	100	0	0.920355
2478000	-0.4000000000	0.0010000000	0.0100000000	100	100	0	0.924647
2479000	-0.4000000000	0.0010000000	0.0100000000	100	100	0	0.908350
2480000	-0.4000000000	0.0010000000	0.0100000000	100	100	0	0.907151
2481000	-0.4000000000	0.0010000000	0.0100000000	100	100	0	0.910258
2482000	-0.4000000000	0.0010000000	0.0100000000	100	100	0	0.904471
2483000	-0.4000000000	0.0010000000	0.0100000000	100	100	0	0.912020
2484000	-0.4000000000	0.0010000000	0.0100000000	100	100	0	0.907595
2485000	-0.4000000000	0.0010000000	0.0100000000	100	100	0	0.910260
2486000	-0.4000000000	0.0010000000	0.0100000000	100	100	0	0.900880
2487000	-0.4000000000	0.0010000000	0.0100000000	100	100	0	0.912586
2488000	-0.4000000000	0.0010000000	0.0100000000	100	100	0	0.912731
2489000	-0.4000000000	0.0010000000	0.0100000000	100	100	0	0.893178
2490000	-0.4000000000	0.0010000000	0.0100000000	100	100	0	0.919255
2491000	-0.4000000000	0.0010000000	0.0100000000	100	100	0	0.941130
2492000	-0.4000000000	0.0010000000	0.0100000000	100	100	0	0.932693
2493000	-0.4000000000	0.0010000000	0.0100000000	100	100	0	0.922979
2494000	-0.4000000000	0.0010000000	0.0100000000	100	100	0	0.912565
2495000	-0.4000000000	0.0010000000	0.0100000000	100	100	0	0.926863
2496000	-0.4000000000	0.0010000000	0.0100000000	100	100	0	0.931465
2497000	-0.4000000000	0.0010000000	0.0100000000	100	100	0	0.940447
2498000	-0.4000000000	0.0010000000	0.0100000000	100	100	0	0.939428
2499000	-0.4000000000	0.0010000000	0.0100000000	100	100	0	0.951997
2500000	-0.4000000000	0.0010000000	0.0100000000	100	100	0	0.943840
