time	epistasis_coef	sel_coef	mu_prob	Ne	L	k_start	mean_fitness
1500000	-0.4000000000	0.0100000000	0.1000000000	100	100	0	0.724593
1501000	-0.4000000000	0.0100000000	0.1000000000	100	100	0	0.730302
1502000	-0.4000000000	0.0100000000	0.1000000000	100	100	0	0.657772
1503000	-0.4000000000	0.0100000000	0.1000000000	100	100	0	0.725662
1504000	-0.4000000000	0.0100000000	0.1000000000	100	100	0	0.771233
1505000	-0.4000000000	0.0100000000	0.1000000000	100	100	0	0.759044
1506000	-0.4000000000	0.0100000000	0.1000000000	100	100	0	0.781366
1507000	-0.4000000000	0.0100000000	0.1000000000	100	100	0	0.819002
1508000	-0.4000000000	0.0100000000	0.1000000000	100	100	0	0.757875
1509000	-0.4000000000	0.0100000000	0.1000000000	100	100	0	0.795948
1510000	-0.4000000000	0.0100000000	0.1000000000	100	100	0	0.822966
1511000	-0.4000000000	0.0100000000	0.1000000000	100	100	0	0.699527
1512000	-0.4000000000	0.0100000000	0.1000000000	100	100	0	0.718956
1513000	-0.4000000000	0.0100000000	0.1000000000	100	100	0	0.713104
1514000	-0.4000000000	0.0100000000	0.1000000000	100	100	0	0.860179
1515000	-0.4000000000	0.0100000000	0.1000000000	100	100	0	0.779048
1516000	-0.4000000000	0.0100000000	0.1000000000	100	100	0	0.752794
1517000	-0.4000000000	0.0100000000	0.1000000000	100	100	0	0.767925
1518000	-0.4000000000	0.0100000000	0.1000000000	100	100	0	0.752421
1519000	-0.4000000000	0.0100000000	0.1000000000	100	100	0	0.838737
1520000	-0.4000000000	0.0100000000	0.1000000000	100	100	0	0.759509
1521000	-0.4000000000	0.0100000000	0.1000000000	100	100	0	0.809742
1522000	-0.4000000000	0.0100000000	0.1000000000	100	100	0	0.754593
1523000	-0.4000000000	0.0100000000	0.1000000000	100	100	0	0.681152
1524000	-0.4000000000	0.0100000000	0.1000000000	100	100	0	0.792195
1525000	-0.4000000000	0.0100000000	0.1000000000	100	100	0	0.773125
1526000	-0.4000000000	0.0100000000	0.1000000000	100	100	0	0.817487
1527000	-0.4000000000	0.0100000000	0.1000000000	100	100	0	0.790530
1528000	-0.4000000000	0.0100000000	0.1000000000	100	100	0	0.783255
1529000	-0.4000000000	0.0100000000	0.1000000000	100	100	0	0.706331
1530000	-0.4000000000	0.0100000000	0.1000000000	100	100	0	0.743135
1531000	-0.4000000000	0.0100000000	0.1000000000	100	100	0	0.655520
1532000	-0.4000000000	0.0100000000	0.1000000000	100	100	0	0.781866
1533000	-0.4000000000	0.0100000000	0.1000000000	100	100	0	0.770126
1534000	-0.4000000000	0.0100000000	0.1000000000	100	100	0	0.712055
1535000	-0.4000000000	0.0100000000	0.1000000000	100	100	0	0.738726
1536000	-0.4000000000	0.0100000000	0.1000000000	100	100	0	0.762243
1537000	-0.4000000000	0.0100000000	0.1000000000	100	100	0	0.757879
1538000	-0.4000000000	0.0100000000	0.1000000000	100	100	0	0.835340
1539000	-0.4000000000	0.0100000000	0.1000000000	100	100	0	0.772261
1540000	-0.4000000000	0.0100000000	0.1000000000	100	100	0	0.680553
1541000	-0.4000000000	0.0100000000	0.1000000000	100	100	0	0.748845
1542000	-0.4000000000	0.0100000000	0.1000000000	100	100	0	0.802430
1543000	-0.4000000000	0.0100000000	0.1000000000	100	100	0	0.789246
1544000	-0.4000000000	0.0100000000	0.1000000000	100	100	0	0.692875
1545000	-0.4000000000	0.0100000000	0.1000000000	100	100	0	0.799980
1546000	-0.4000000000	0.0100000000	0.1000000000	100	100	0	0.843671
1547000	-0.4000000000	0.0100000000	0.1000000000	100	100	0	0.771995
1548000	-0.4000000000	0.0100000000	0.1000000000	100	100	0	0.710786
1549000	-0.4000000000	0.0100000000	0.1000000000	100	100	0	0.775328
1550000	-0.4000000000	0.0100000000	0.1000000000	100	100	0	0.702717
1551000	-0.4000000000	0.0100000000	0.1000000000	100	100	0	0.799946
1552000	-0.4000000000	0.0100000000	0.1000000000	100	100	0	0.670653
1553000	-0.4000000000	0.0100000000	0.1000000000	100	100	0	0.755426
1554000	-0.4000000000	0.0100000000	0.1000000000	100	100	0	0.799873
1555000	-0.4000000000	0.0100000000	0.1000000000	100	100	0	0.705998
1556000	-0.4000000000	0.0100000000	0.1000000000	100	100	0	0.802701
1557000	-0.4000000000	0.0100000000	0.1000000000	100	100	0	0.722365
1558000	-0.4000000000	0.0100000000	0.1000000000	100	100	0	0.782637
1559000	-0.4000000000	0.0100000000	0.1000000000	100	100	0	0.813133
1560000	-0.4000000000	0.0100000000	0.1000000000	100	100	0	0.740148
1561000	-0.4000000000	0.0100000000	0.1000000000	100	100	0	0.699159
1562000	-0.4000000000	0.0100000000	0.1000000000	100	100	0	0.801539
1563000	-0.4000000000	0.0100000000	0.1000000000	100	100	0	0.782807
1564000	-0.4000000000	0.0100000000	0.1000000000	100	100	0	0.747215
1565000	-0.4000000000	0.0100000000	0.1000000000	100	100	0	0.747771
1566000	-0.4000000000	0.0100000000	0.1000000000	100	100	0	0.799804
1567000	-0.4000000000	0.0100000000	0.1000000000	100	100	0	0.713880
1568000	-0.4000000000	0.0100000000	0.1000000000	100	100	0	0.858381
1569000	-0.4000000000	0.0100000000	0.1000000000	100	100	0	0.736833
1570000	-0.4000000000	0.0100000000	0.1000000000	100	100	0	0.828582
1571000	-0.4000000000	0.0100000000	0.1000000000	100	100	0	0.794117
1572000	-0.4000000000	0.0100000000	0.1000000000	100	100	0	0.789125
1573000	-0.4000000000	0.0100000000	0.1000000000	100	100	0	0.779514
1574000	-0.4000000000	0.0100000000	0.1000000000	100	100	0	0.761702
1575000	-0.4000000000	0.0100000000	0.1000000000	100	100	0	0.724952
1576000	-0.4000000000	0.0100000000	0.1000000000	100	100	0	0.739024
1577000	-0.4000000000	0.0100000000	0.1000000000	100	100	0	0.722142
1578000	-0.4000000000	0.0100000000	0.1000000000	100	100	0	0.858754
1579000	-0.4000000000	0.0100000000	0.1000000000	100	100	0	0.796262
1580000	-0.4000000000	0.0100000000	0.1000000000	100	100	0	0.728445
1581000	-0.4000000000	0.0100000000	0.1000000000	100	100	0	0.684079
1582000	-0.4000000000	0.0100000000	0.1000000000	100	100	0	0.781778
1583000	-0.4000000000	0.0100000000	0.1000000000	100	100	0	0.715793
1584000	-0.4000000000	0.0100000000	0.1000000000	100	100	0	0.770457
1585000	-0.4000000000	0.0100000000	0.1000000000	100	100	0	0.676575
1586000	-0.4000000000	0.0100000000	0.1000000000	100	100	0	0.641845
1587000	-0.4000000000	0.0100000000	0.1000000000	100	100	0	0.815302
1588000	-0.4000000000	0.0100000000	0.1000000000	100	100	0	0.823331
1589000	-0.4000000000	0.0100000000	0.1000000000	100	100	0	0.772066
1590000	-0.4000000000	0.0100000000	0.1000000000	100	100	0	0.764698
1591000	-0.4000000000	0.0100000000	0.1000000000	100	100	0	0.705164
1592000	-0.4000000000	0.0100000000	0.1000000000	100	100	0	0.741491
1593000	-0.4000000000	0.0100000000	0.1000000000	100	100	0	0.770689
1594000	-0.4000000000	0.0100000000	0.1000000000	100	100	0	0.826532
1595000	-0.4000000000	0.0100000000	0.1000000000	100	100	0	0.786279
1596000	-0.4000000000	0.0100000000	0.1000000000	100	100	0	0.811391
1597000	-0.4000000000	0.0100000000	0.1000000000	100	100	0	0.824071
1598000	-0.4000000000	0.0100000000	0.1000000000	100	100	0	0.758952
1599000	-0.4000000000	0.0100000000	0.1000000000	100	100	0	0.714063
1600000	-0.4000000000	0.0100000000	0.1000000000	100	100	0	0.819278
1601000	-0.4000000000	0.0100000000	0.1000000000	100	100	0	0.797450
1602000	-0.4000000000	0.0100000000	0.1000000000	100	100	0	0.677121
1603000	-0.4000000000	0.0100000000	0.1000000000	100	100	0	0.820610
1604000	-0.4000000000	0.0100000000	0.1000000000	100	100	0	0.703356
1605000	-0.4000000000	0.0100000000	0.1000000000	100	100	0	0.766065
1606000	-0.4000000000	0.0100000000	0.1000000000	100	100	0	0.818067
1607000	-0.4000000000	0.0100000000	0.1000000000	100	100	0	0.747479
1608000	-0.4000000000	0.0100000000	0.1000000000	100	100	0	0.742595
1609000	-0.4000000000	0.0100000000	0.1000000000	100	100	0	0.716912
1610000	-0.4000000000	0.0100000000	0.1000000000	100	100	0	0.718822
1611000	-0.4000000000	0.0100000000	0.1000000000	100	100	0	0.782420
1612000	-0.4000000000	0.0100000000	0.1000000000	100	100	0	0.765244
1613000	-0.4000000000	0.0100000000	0.1000000000	100	100	0	0.755420
1614000	-0.4000000000	0.0100000000	0.1000000000	100	100	0	0.773966
1615000	-0.4000000000	0.0100000000	0.1000000000	100	100	0	0.760622
1616000	-0.4000000000	0.0100000000	0.1000000000	100	100	0	0.698440
1617000	-0.4000000000	0.0100000000	0.1000000000	100	100	0	0.806214
1618000	-0.4000000000	0.0100000000	0.1000000000	100	100	0	0.703924
1619000	-0.4000000000	0.0100000000	0.1000000000	100	100	0	0.782417
1620000	-0.4000000000	0.0100000000	0.1000000000	100	100	0	0.725440
1621000	-0.4000000000	0.0100000000	0.1000000000	100	100	0	0.801866
1622000	-0.4000000000	0.0100000000	0.1000000000	100	100	0	0.781125
1623000	-0.4000000000	0.0100000000	0.1000000000	100	100	0	0.807257
1624000	-0.4000000000	0.0100000000	0.1000000000	100	100	0	0.726257
1625000	-0.4000000000	0.0100000000	0.1000000000	100	100	0	0.736000
1626000	-0.4000000000	0.0100000000	0.1000000000	100	100	0	0.708476
1627000	-0.4000000000	0.0100000000	0.1000000000	100	100	0	0.757851
1628000	-0.4000000000	0.0100000000	0.1000000000	100	100	0	0.733827
1629000	-0.4000000000	0.0100000000	0.1000000000	100	100	0	0.812341
1630000	-0.4000000000	0.0100000000	0.1000000000	100	100	0	0.818970
1631000	-0.4000000000	0.0100000000	0.1000000000	100	100	0	0.654187
1632000	-0.4000000000	0.0100000000	0.1000000000	100	100	0	0.804511
1633000	-0.4000000000	0.0100000000	0.1000000000	100	100	0	0.772842
1634000	-0.4000000000	0.0100000000	0.1000000000	100	100	0	0.793267
1635000	-0.4000000000	0.0100000000	0.1000000000	100	100	0	0.776436
1636000	-0.4000000000	0.0100000000	0.1000000000	100	100	0	0.662850
1637000	-0.4000000000	0.0100000000	0.1000000000	100	100	0	0.652870
1638000	-0.4000000000	0.0100000000	0.1000000000	100	100	0	0.686720
1639000	-0.4000000000	0.0100000000	0.1000000000	100	100	0	0.727444
1640000	-0.4000000000	0.0100000000	0.1000000000	100	100	0	0.731421
1641000	-0.4000000000	0.0100000000	0.1000000000	100	100	0	0.718027
1642000	-0.4000000000	0.0100000000	0.1000000000	100	100	0	0.720248
1643000	-0.4000000000	0.0100000000	0.1000000000	100	100	0	0.827639
1644000	-0.4000000000	0.0100000000	0.1000000000	100	100	0	0.783135
1645000	-0.4000000000	0.0100000000	0.1000000000	100	100	0	0.839078
1646000	-0.4000000000	0.0100000000	0.1000000000	100	100	0	0.766086
1647000	-0.4000000000	0.0100000000	0.1000000000	100	100	0	0.740109
1648000	-0.4000000000	0.0100000000	0.1000000000	100	100	0	0.750229
1649000	-0.4000000000	0.0100000000	0.1000000000	100	100	0	0.717794
1650000	-0.4000000000	0.0100000000	0.1000000000	100	100	0	0.780237
1651000	-0.4000000000	0.0100000000	0.1000000000	100	100	0	0.655288
1652000	-0.4000000000	0.0100000000	0.1000000000	100	100	0	0.797741
1653000	-0.4000000000	0.0100000000	0.1000000000	100	100	0	0.786278
1654000	-0.4000000000	0.0100000000	0.1000000000	100	100	0	0.740949
1655000	-0.4000000000	0.0100000000	0.1000000000	100	100	0	0.791181
1656000	-0.4000000000	0.0100000000	0.1000000000	100	100	0	0.825648
1657000	-0.4000000000	0.0100000000	0.1000000000	100	100	0	0.787438
1658000	-0.4000000000	0.0100000000	0.1000000000	100	100	0	0.827623
1659000	-0.4000000000	0.0100000000	0.1000000000	100	100	0	0.781502
1660000	-0.4000000000	0.0100000000	0.1000000000	100	100	0	0.784204
1661000	-0.4000000000	0.0100000000	0.1000000000	100	100	0	0.675363
1662000	-0.4000000000	0.0100000000	0.1000000000	100	100	0	0.740443
1663000	-0.4000000000	0.0100000000	0.1000000000	100	100	0	0.700105
1664000	-0.4000000000	0.0100000000	0.1000000000	100	100	0	0.724796
1665000	-0.4000000000	0.0100000000	0.1000000000	100	100	0	0.652484
1666000	-0.4000000000	0.0100000000	0.1000000000	100	100	0	0.668424
1667000	-0.4000000000	0.0100000000	0.1000000000	100	100	0	0.707832
1668000	-0.4000000000	0.0100000000	0.1000000000	100	100	0	0.713649
1669000	-0.4000000000	0.0100000000	0.1000000000	100	100	0	0.806352
1670000	-0.4000000000	0.0100000000	0.1000000000	100	100	0	0.751582
1671000	-0.4000000000	0.0100000000	0.1000000000	100	100	0	0.759874
1672000	-0.4000000000	0.0100000000	0.1000000000	100	100	0	0.715019
1673000	-0.4000000000	0.0100000000	0.1000000000	100	100	0	0.647960
1674000	-0.4000000000	0.0100000000	0.1000000000	100	100	0	0.802217
1675000	-0.4000000000	0.0100000000	0.1000000000	100	100	0	0.751307
1676000	-0.4000000000	0.0100000000	0.1000000000	100	100	0	0.716969
1677000	-0.4000000000	0.0100000000	0.1000000000	100	100	0	0.778609
1678000	-0.4000000000	0.0100000000	0.1000000000	100	100	0	0.779945
1679000	-0.4000000000	0.0100000000	0.1000000000	100	100	0	0.784535
1680000	-0.4000000000	0.0100000000	0.1000000000	100	100	0	0.674821
1681000	-0.4000000000	0.0100000000	0.1000000000	100	100	0	0.703329
1682000	-0.4000000000	0.0100000000	0.1000000000	100	100	0	0.798533
1683000	-0.4000000000	0.0100000000	0.1000000000	100	100	0	0.772095
1684000	-0.4000000000	0.0100000000	0.1000000000	100	100	0	0.800907
1685000	-0.4000000000	0.0100000000	0.1000000000	100	100	0	0.748345
1686000	-0.4000000000	0.0100000000	0.1000000000	100	100	0	0.764666
1687000	-0.4000000000	0.0100000000	0.1000000000	100	100	0	0.660121
1688000	-0.4000000000	0.0100000000	0.1000000000	100	100	0	0.750785
1689000	-0.4000000000	0.0100000000	0.1000000000	100	100	0	0.742854
1690000	-0.4000000000	0.0100000000	0.1000000000	100	100	0	0.797692
1691000	-0.4000000000	0.0100000000	0.1000000000	100	100	0	0.702781
1692000	-0.4000000000	0.0100000000	0.1000000000	100	100	0	0.778367
1693000	-0.4000000000	0.0100000000	0.1000000000	100	100	0	0.806924
1694000	-0.4000000000	0.0100000000	0.1000000000	100	100	0	0.771542
1695000	-0.4000000000	0.0100000000	0.1000000000	100	100	0	0.735307
1696000	-0.4000000000	0.0100000000	0.1000000000	100	100	0	0.625356
1697000	-0.4000000000	0.0100000000	0.1000000000	100	100	0	0.807139
1698000	-0.4000000000	0.0100000000	0.1000000000	100	100	0	0.798563
1699000	-0.4000000000	0.0100000000	0.1000000000	100	100	0	0.752631
1700000	-0.4000000000	0.0100000000	0.1000000000	100	100	0	0.729665
1701000	-0.4000000000	0.0100000000	0.1000000000	100	100	0	0.710068
1702000	-0.4000000000	0.0100000000	0.1000000000	100	100	0	0.706059
1703000	-0.4000000000	0.0100000000	0.1000000000	100	100	0	0.713717
1704000	-0.4000000000	0.0100000000	0.1000000000	100	100	0	0.781878
1705000	-0.4000000000	0.0100000000	0.1000000000	100	100	0	0.783610
1706000	-0.4000000000	0.0100000000	0.1000000000	100	100	0	0.832060
1707000	-0.4000000000	0.0100000000	0.1000000000	100	100	0	0.699861
1708000	-0.4000000000	0.0100000000	0.1000000000	100	100	0	0.821551
1709000	-0.4000000000	0.0100000000	0.1000000000	100	100	0	0.658290
1710000	-0.4000000000	0.0100000000	0.1000000000	100	100	0	0.781596
1711000	-0.4000000000	0.0100000000	0.1000000000	100	100	0	0.712804
1712000	-0.4000000000	0.0100000000	0.1000000000	100	100	0	0.684699
1713000	-0.4000000000	0.0100000000	0.1000000000	100	100	0	0.756506
1714000	-0.4000000000	0.0100000000	0.1000000000	100	100	0	0.802579
1715000	-0.4000000000	0.0100000000	0.1000000000	100	100	0	0.812931
1716000	-0.4000000000	0.0100000000	0.1000000000	100	100	0	0.785992
1717000	-0.4000000000	0.0100000000	0.1000000000	100	100	0	0.802653
1718000	-0.4000000000	0.0100000000	0.1000000000	100	100	0	0.687979
1719000	-0.4000000000	0.0100000000	0.1000000000	100	100	0	0.740640
1720000	-0.4000000000	0.0100000000	0.1000000000	100	100	0	0.734962
1721000	-0.4000000000	0.0100000000	0.1000000000	100	100	0	0.894463
1722000	-0.4000000000	0.0100000000	0.1000000000	100	100	0	0.723472
1723000	-0.4000000000	0.0100000000	0.1000000000	100	100	0	0.786424
1724000	-0.4000000000	0.0100000000	0.1000000000	100	100	0	0.811195
1725000	-0.4000000000	0.0100000000	0.1000000000	100	100	0	0.840443
1726000	-0.4000000000	0.0100000000	0.1000000000	100	100	0	0.728630
1727000	-0.4000000000	0.0100000000	0.1000000000	100	100	0	0.724552
1728000	-0.4000000000	0.0100000000	0.1000000000	100	100	0	0.701171
1729000	-0.4000000000	0.0100000000	0.1000000000	100	100	0	0.806972
1730000	-0.4000000000	0.0100000000	0.1000000000	100	100	0	0.829441
1731000	-0.4000000000	0.0100000000	0.1000000000	100	100	0	0.755148
1732000	-0.4000000000	0.0100000000	0.1000000000	100	100	0	0.770924
1733000	-0.4000000000	0.0100000000	0.1000000000	100	100	0	0.791121
1734000	-0.4000000000	0.0100000000	0.1000000000	100	100	0	0.763894
1735000	-0.4000000000	0.0100000000	0.1000000000	100	100	0	0.782659
1736000	-0.4000000000	0.0100000000	0.1000000000	100	100	0	0.763526
1737000	-0.4000000000	0.0100000000	0.1000000000	100	100	0	0.720229
1738000	-0.4000000000	0.0100000000	0.1000000000	100	100	0	0.870483
1739000	-0.4000000000	0.0100000000	0.1000000000	100	100	0	0.753180
1740000	-0.4000000000	0.0100000000	0.1000000000	100	100	0	0.712921
1741000	-0.4000000000	0.0100000000	0.1000000000	100	100	0	0.780790
1742000	-0.4000000000	0.0100000000	0.1000000000	100	100	0	0.718218
1743000	-0.4000000000	0.0100000000	0.1000000000	100	100	0	0.756551
1744000	-0.4000000000	0.0100000000	0.1000000000	100	100	0	0.714169
1745000	-0.4000000000	0.0100000000	0.1000000000	100	100	0	0.692989
1746000	-0.4000000000	0.0100000000	0.1000000000	100	100	0	0.846543
1747000	-0.4000000000	0.0100000000	0.1000000000	100	100	0	0.688512
1748000	-0.4000000000	0.0100000000	0.1000000000	100	100	0	0.726514
1749000	-0.4000000000	0.0100000000	0.1000000000	100	100	0	0.741472
1750000	-0.4000000000	0.0100000000	0.1000000000	100	100	0	0.739029
1751000	-0.4000000000	0.0100000000	0.1000000000	100	100	0	0.710495
1752000	-0.4000000000	0.0100000000	0.1000000000	100	100	0	0.760056
1753000	-0.4000000000	0.0100000000	0.1000000000	100	100	0	0.713104
1754000	-0.4000000000	0.0100000000	0.1000000000	100	100	0	0.740080
1755000	-0.4000000000	0.0100000000	0.1000000000	100	100	0	0.756761
1756000	-0.4000000000	0.0100000000	0.1000000000	100	100	0	0.808850
1757000	-0.4000000000	0.0100000000	0.1000000000	100	100	0	0.758374
1758000	-0.4000000000	0.0100000000	0.1000000000	100	100	0	0.716680
1759000	-0.4000000000	0.0100000000	0.1000000000	100	100	0	0.729438
1760000	-0.4000000000	0.0100000000	0.1000000000	100	100	0	0.797231
1761000	-0.4000000000	0.0100000000	0.1000000000	100	100	0	0.846099
1762000	-0.4000000000	0.0100000000	0.1000000000	100	100	0	0.719119
1763000	-0.4000000000	0.0100000000	0.1000000000	100	100	0	0.731592
1764000	-0.4000000000	0.0100000000	0.1000000000	100	100	0	0.719372
1765000	-0.4000000000	0.0100000000	0.1000000000	100	100	0	0.768120
1766000	-0.4000000000	0.0100000000	0.1000000000	100	100	0	0.749140
1767000	-0.4000000000	0.0100000000	0.1000000000	100	100	0	0.740639
1768000	-0.4000000000	0.0100000000	0.1000000000	100	100	0	0.797680
1769000	-0.4000000000	0.0100000000	0.1000000000	100	100	0	0.660786
1770000	-0.4000000000	0.0100000000	0.1000000000	100	100	0	0.724139
1771000	-0.4000000000	0.0100000000	0.1000000000	100	100	0	0.743944
1772000	-0.4000000000	0.0100000000	0.1000000000	100	100	0	0.728391
1773000	-0.4000000000	0.0100000000	0.1000000000	100	100	0	0.728633
1774000	-0.4000000000	0.0100000000	0.1000000000	100	100	0	0.810576
1775000	-0.4000000000	0.0100000000	0.1000000000	100	100	0	0.700857
1776000	-0.4000000000	0.0100000000	0.1000000000	100	100	0	0.718643
1777000	-0.4000000000	0.0100000000	0.1000000000	100	100	0	0.698594
1778000	-0.4000000000	0.0100000000	0.1000000000	100	100	0	0.750477
1779000	-0.4000000000	0.0100000000	0.1000000000	100	100	0	0.721818
1780000	-0.4000000000	0.0100000000	0.1000000000	100	100	0	0.760604
1781000	-0.4000000000	0.0100000000	0.1000000000	100	100	0	0.812208
1782000	-0.4000000000	0.0100000000	0.1000000000	100	100	0	0.756494
1783000	-0.4000000000	0.0100000000	0.1000000000	100	100	0	0.779019
1784000	-0.4000000000	0.0100000000	0.1000000000	100	100	0	0.742285
1785000	-0.4000000000	0.0100000000	0.1000000000	100	100	0	0.656471
1786000	-0.4000000000	0.0100000000	0.1000000000	100	100	0	0.782880
1787000	-0.4000000000	0.0100000000	0.1000000000	100	100	0	0.729455
1788000	-0.4000000000	0.0100000000	0.1000000000	100	100	0	0.650073
1789000	-0.4000000000	0.0100000000	0.1000000000	100	100	0	0.785676
1790000	-0.4000000000	0.0100000000	0.1000000000	100	100	0	0.708844
1791000	-0.4000000000	0.0100000000	0.1000000000	100	100	0	0.659309
1792000	-0.4000000000	0.0100000000	0.1000000000	100	100	0	0.784560
1793000	-0.4000000000	0.0100000000	0.1000000000	100	100	0	0.737255
1794000	-0.4000000000	0.0100000000	0.1000000000	100	100	0	0.667738
1795000	-0.4000000000	0.0100000000	0.1000000000	100	100	0	0.732242
1796000	-0.4000000000	0.0100000000	0.1000000000	100	100	0	0.775900
1797000	-0.4000000000	0.0100000000	0.1000000000	100	100	0	0.786281
1798000	-0.4000000000	0.0100000000	0.1000000000	100	100	0	0.787299
1799000	-0.4000000000	0.0100000000	0.1000000000	100	100	0	0.671051
1800000	-0.4000000000	0.0100000000	0.1000000000	100	100	0	0.806859
1801000	-0.4000000000	0.0100000000	0.1000000000	100	100	0	0.711581
1802000	-0.4000000000	0.0100000000	0.1000000000	100	100	0	0.909740
1803000	-0.4000000000	0.0100000000	0.1000000000	100	100	0	0.704912
1804000	-0.4000000000	0.0100000000	0.1000000000	100	100	0	0.750188
1805000	-0.4000000000	0.0100000000	0.1000000000	100	100	0	0.743381
1806000	-0.4000000000	0.0100000000	0.1000000000	100	100	0	0.805670
1807000	-0.4000000000	0.0100000000	0.1000000000	100	100	0	0.766854
1808000	-0.4000000000	0.0100000000	0.1000000000	100	100	0	0.706916
1809000	-0.4000000000	0.0100000000	0.1000000000	100	100	0	0.848650
1810000	-0.4000000000	0.0100000000	0.1000000000	100	100	0	0.776705
1811000	-0.4000000000	0.0100000000	0.1000000000	100	100	0	0.819793
1812000	-0.4000000000	0.0100000000	0.1000000000	100	100	0	0.768264
1813000	-0.4000000000	0.0100000000	0.1000000000	100	100	0	0.703242
1814000	-0.4000000000	0.0100000000	0.1000000000	100	100	0	0.826294
1815000	-0.4000000000	0.0100000000	0.1000000000	100	100	0	0.774464
1816000	-0.4000000000	0.0100000000	0.1000000000	100	100	0	0.752455
1817000	-0.4000000000	0.0100000000	0.1000000000	100	100	0	0.776058
1818000	-0.4000000000	0.0100000000	0.1000000000	100	100	0	0.701150
1819000	-0.4000000000	0.0100000000	0.1000000000	100	100	0	0.755119
1820000	-0.4000000000	0.0100000000	0.1000000000	100	100	0	0.774398
1821000	-0.4000000000	0.0100000000	0.1000000000	100	100	0	0.713370
1822000	-0.4000000000	0.0100000000	0.1000000000	100	100	0	0.763380
1823000	-0.4000000000	0.0100000000	0.1000000000	100	100	0	0.711983
1824000	-0.4000000000	0.0100000000	0.1000000000	100	100	0	0.712467
1825000	-0.4000000000	0.0100000000	0.1000000000	100	100	0	0.787168
1826000	-0.4000000000	0.0100000000	0.1000000000	100	100	0	0.725689
1827000	-0.4000000000	0.0100000000	0.1000000000	100	100	0	0.701880
1828000	-0.4000000000	0.0100000000	0.1000000000	100	100	0	0.683821
1829000	-0.4000000000	0.0100000000	0.1000000000	100	100	0	0.799176
1830000	-0.4000000000	0.0100000000	0.1000000000	100	100	0	0.747265
1831000	-0.4000000000	0.0100000000	0.1000000000	100	100	0	0.695411
1832000	-0.4000000000	0.0100000000	0.1000000000	100	100	0	0.693416
1833000	-0.4000000000	0.0100000000	0.1000000000	100	100	0	0.751578
1834000	-0.4000000000	0.0100000000	0.1000000000	100	100	0	0.752994
1835000	-0.4000000000	0.0100000000	0.1000000000	100	100	0	0.599941
1836000	-0.4000000000	0.0100000000	0.1000000000	100	100	0	0.731174
1837000	-0.4000000000	0.0100000000	0.1000000000	100	100	0	0.869091
1838000	-0.4000000000	0.0100000000	0.1000000000	100	100	0	0.754000
1839000	-0.4000000000	0.0100000000	0.1000000000	100	100	0	0.721138
1840000	-0.4000000000	0.0100000000	0.1000000000	100	100	0	0.663150
1841000	-0.4000000000	0.0100000000	0.1000000000	100	100	0	0.831318
1842000	-0.4000000000	0.0100000000	0.1000000000	100	100	0	0.668666
1843000	-0.4000000000	0.0100000000	0.1000000000	100	100	0	0.748321
1844000	-0.4000000000	0.0100000000	0.1000000000	100	100	0	0.748301
1845000	-0.4000000000	0.0100000000	0.1000000000	100	100	0	0.790301
1846000	-0.4000000000	0.0100000000	0.1000000000	100	100	0	0.778635
1847000	-0.4000000000	0.0100000000	0.1000000000	100	100	0	0.758143
1848000	-0.4000000000	0.0100000000	0.1000000000	100	100	0	0.698732
1849000	-0.4000000000	0.0100000000	0.1000000000	100	100	0	0.769567
1850000	-0.4000000000	0.0100000000	0.1000000000	100	100	0	0.804591
1851000	-0.4000000000	0.0100000000	0.1000000000	100	100	0	0.812866
1852000	-0.4000000000	0.0100000000	0.1000000000	100	100	0	0.689003
1853000	-0.4000000000	0.0100000000	0.1000000000	100	100	0	0.706821
1854000	-0.4000000000	0.0100000000	0.1000000000	100	100	0	0.708242
1855000	-0.4000000000	0.0100000000	0.1000000000	100	100	0	0.732189
1856000	-0.4000000000	0.0100000000	0.1000000000	100	100	0	0.648585
1857000	-0.4000000000	0.0100000000	0.1000000000	100	100	0	0.736557
1858000	-0.4000000000	0.0100000000	0.1000000000	100	100	0	0.710070
1859000	-0.4000000000	0.0100000000	0.1000000000	100	100	0	0.721972
1860000	-0.4000000000	0.0100000000	0.1000000000	100	100	0	0.736745
1861000	-0.4000000000	0.0100000000	0.1000000000	100	100	0	0.824264
1862000	-0.4000000000	0.0100000000	0.1000000000	100	100	0	0.718904
1863000	-0.4000000000	0.0100000000	0.1000000000	100	100	0	0.664490
1864000	-0.4000000000	0.0100000000	0.1000000000	100	100	0	0.740107
1865000	-0.4000000000	0.0100000000	0.1000000000	100	100	0	0.773456
1866000	-0.4000000000	0.0100000000	0.1000000000	100	100	0	0.717725
1867000	-0.4000000000	0.0100000000	0.1000000000	100	100	0	0.724021
1868000	-0.4000000000	0.0100000000	0.1000000000	100	100	0	0.756987
1869000	-0.4000000000	0.0100000000	0.1000000000	100	100	0	0.725918
1870000	-0.4000000000	0.0100000000	0.1000000000	100	100	0	0.742282
1871000	-0.4000000000	0.0100000000	0.1000000000	100	100	0	0.818725
1872000	-0.4000000000	0.0100000000	0.1000000000	100	100	0	0.747793
1873000	-0.4000000000	0.0100000000	0.1000000000	100	100	0	0.777001
1874000	-0.4000000000	0.0100000000	0.1000000000	100	100	0	0.771185
1875000	-0.4000000000	0.0100000000	0.1000000000	100	100	0	0.831515
1876000	-0.4000000000	0.0100000000	0.1000000000	100	100	0	0.744472
1877000	-0.4000000000	0.0100000000	0.1000000000	100	100	0	0.747529
1878000	-0.4000000000	0.0100000000	0.1000000000	100	100	0	0.830427
1879000	-0.4000000000	0.0100000000	0.1000000000	100	100	0	0.775867
1880000	-0.4000000000	0.0100000000	0.1000000000	100	100	0	0.726402
1881000	-0.4000000000	0.0100000000	0.1000000000	100	100	0	0.806529
1882000	-0.4000000000	0.0100000000	0.1000000000	100	100	0	0.692369
1883000	-0.4000000000	0.0100000000	0.1000000000	100	100	0	0.764428
1884000	-0.4000000000	0.0100000000	0.1000000000	100	100	0	0.768526
1885000	-0.4000000000	0.0100000000	0.1000000000	100	100	0	0.700466
1886000	-0.4000000000	0.0100000000	0.1000000000	100	100	0	0.755122
1887000	-0.4000000000	0.0100000000	0.1000000000	100	100	0	0.697313
1888000	-0.4000000000	0.0100000000	0.1000000000	100	100	0	0.805680
1889000	-0.4000000000	0.0100000000	0.1000000000	100	100	0	0.735310
1890000	-0.4000000000	0.0100000000	0.1000000000	100	100	0	0.748832
1891000	-0.4000000000	0.0100000000	0.1000000000	100	100	0	0.735464
1892000	-0.4000000000	0.0100000000	0.1000000000	100	100	0	0.710115
1893000	-0.4000000000	0.0100000000	0.1000000000	100	100	0	0.735584
1894000	-0.4000000000	0.0100000000	0.1000000000	100	100	0	0.737147
1895000	-0.4000000000	0.0100000000	0.1000000000	100	100	0	0.752386
1896000	-0.4000000000	0.0100000000	0.1000000000	100	100	0	0.719912
1897000	-0.4000000000	0.0100000000	0.1000000000	100	100	0	0.679158
1898000	-0.4000000000	0.0100000000	0.1000000000	100	100	0	0.768504
1899000	-0.4000000000	0.0100000000	0.1000000000	100	100	0	0.738739
1900000	-0.4000000000	0.0100000000	0.1000000000	100	100	0	0.785650
1901000	-0.4000000000	0.0100000000	0.1000000000	100	100	0	0.799370
1902000	-0.4000000000	0.0100000000	0.1000000000	100	100	0	0.697903
1903000	-0.4000000000	0.0100000000	0.1000000000	100	100	0	0.846848
1904000	-0.4000000000	0.0100000000	0.1000000000	100	100	0	0.697916
1905000	-0.4000000000	0.0100000000	0.1000000000	100	100	0	0.741215
1906000	-0.4000000000	0.0100000000	0.1000000000	100	100	0	0.819739
1907000	-0.4000000000	0.0100000000	0.1000000000	100	100	0	0.754605
1908000	-0.4000000000	0.0100000000	0.1000000000	100	100	0	0.745636
1909000	-0.4000000000	0.0100000000	0.1000000000	100	100	0	0.788388
1910000	-0.4000000000	0.0100000000	0.1000000000	100	100	0	0.789940
1911000	-0.4000000000	0.0100000000	0.1000000000	100	100	0	0.766015
1912000	-0.4000000000	0.0100000000	0.1000000000	100	100	0	0.721167
1913000	-0.4000000000	0.0100000000	0.1000000000	100	100	0	0.800802
1914000	-0.4000000000	0.0100000000	0.1000000000	100	100	0	0.735605
1915000	-0.4000000000	0.0100000000	0.1000000000	100	100	0	0.697480
1916000	-0.4000000000	0.0100000000	0.1000000000	100	100	0	0.684505
1917000	-0.4000000000	0.0100000000	0.1000000000	100	100	0	0.737422
1918000	-0.4000000000	0.0100000000	0.1000000000	100	100	0	0.752640
1919000	-0.4000000000	0.0100000000	0.1000000000	100	100	0	0.689024
1920000	-0.4000000000	0.0100000000	0.1000000000	100	100	0	0.699206
1921000	-0.4000000000	0.0100000000	0.1000000000	100	100	0	0.751887
1922000	-0.4000000000	0.0100000000	0.1000000000	100	100	0	0.741184
1923000	-0.4000000000	0.0100000000	0.1000000000	100	100	0	0.760318
1924000	-0.4000000000	0.0100000000	0.1000000000	100	100	0	0.740620
1925000	-0.4000000000	0.0100000000	0.1000000000	100	100	0	0.811167
1926000	-0.4000000000	0.0100000000	0.1000000000	100	100	0	0.746159
1927000	-0.4000000000	0.0100000000	0.1000000000	100	100	0	0.626138
1928000	-0.4000000000	0.0100000000	0.1000000000	100	100	0	0.769848
1929000	-0.4000000000	0.0100000000	0.1000000000	100	100	0	0.776131
1930000	-0.4000000000	0.0100000000	0.1000000000	100	100	0	0.695954
1931000	-0.4000000000	0.0100000000	0.1000000000	100	100	0	0.704910
1932000	-0.4000000000	0.0100000000	0.1000000000	100	100	0	0.741497
1933000	-0.4000000000	0.0100000000	0.1000000000	100	100	0	0.662531
1934000	-0.4000000000	0.0100000000	0.1000000000	100	100	0	0.667757
1935000	-0.4000000000	0.0100000000	0.1000000000	100	100	0	0.798466
1936000	-0.4000000000	0.0100000000	0.1000000000	100	100	0	0.762830
1937000	-0.4000000000	0.0100000000	0.1000000000	100	100	0	0.780226
1938000	-0.4000000000	0.0100000000	0.1000000000	100	100	0	0.727047
1939000	-0.4000000000	0.0100000000	0.1000000000	100	100	0	0.713632
1940000	-0.4000000000	0.0100000000	0.1000000000	100	100	0	0.732271
1941000	-0.4000000000	0.0100000000	0.1000000000	100	100	0	0.734629
1942000	-0.4000000000	0.0100000000	0.1000000000	100	100	0	0.780022
1943000	-0.4000000000	0.0100000000	0.1000000000	100	100	0	0.778829
1944000	-0.4000000000	0.0100000000	0.1000000000	100	100	0	0.782907
1945000	-0.4000000000	0.0100000000	0.1000000000	100	100	0	0.774630
1946000	-0.4000000000	0.0100000000	0.1000000000	100	100	0	0.880613
1947000	-0.4000000000	0.0100000000	0.1000000000	100	100	0	0.705810
1948000	-0.4000000000	0.0100000000	0.1000000000	100	100	0	0.839089
1949000	-0.4000000000	0.0100000000	0.1000000000	100	100	0	0.769028
1950000	-0.4000000000	0.0100000000	0.1000000000	100	100	0	0.676961
1951000	-0.4000000000	0.0100000000	0.1000000000	100	100	0	0.768263
1952000	-0.4000000000	0.0100000000	0.1000000000	100	100	0	0.743947
1953000	-0.4000000000	0.0100000000	0.1000000000	100	100	0	0.800595
1954000	-0.4000000000	0.0100000000	0.1000000000	100	100	0	0.809674
1955000	-0.4000000000	0.0100000000	0.1000000000	100	100	0	0.772329
1956000	-0.4000000000	0.0100000000	0.1000000000	100	100	0	0.787216
1957000	-0.4000000000	0.0100000000	0.1000000000	100	100	0	0.719769
1958000	-0.4000000000	0.0100000000	0.1000000000	100	100	0	0.751103
1959000	-0.4000000000	0.0100000000	0.1000000000	100	100	0	0.720135
1960000	-0.4000000000	0.0100000000	0.1000000000	100	100	0	0.632035
1961000	-0.4000000000	0.0100000000	0.1000000000	100	100	0	0.779085
1962000	-0.4000000000	0.0100000000	0.1000000000	100	100	0	0.690232
1963000	-0.4000000000	0.0100000000	0.1000000000	100	100	0	0.701196
1964000	-0.4000000000	0.0100000000	0.1000000000	100	100	0	0.747208
1965000	-0.4000000000	0.0100000000	0.1000000000	100	100	0	0.802177
1966000	-0.4000000000	0.0100000000	0.1000000000	100	100	0	0.738724
1967000	-0.4000000000	0.0100000000	0.1000000000	100	100	0	0.773415
1968000	-0.4000000000	0.0100000000	0.1000000000	100	100	0	0.725221
1969000	-0.4000000000	0.0100000000	0.1000000000	100	100	0	0.821541
1970000	-0.4000000000	0.0100000000	0.1000000000	100	100	0	0.817428
1971000	-0.4000000000	0.0100000000	0.1000000000	100	100	0	0.728699
1972000	-0.4000000000	0.0100000000	0.1000000000	100	100	0	0.687938
1973000	-0.4000000000	0.0100000000	0.1000000000	100	100	0	0.805537
1974000	-0.4000000000	0.0100000000	0.1000000000	100	100	0	0.740143
1975000	-0.4000000000	0.0100000000	0.1000000000	100	100	0	0.772075
1976000	-0.4000000000	0.0100000000	0.1000000000	100	100	0	0.823825
1977000	-0.4000000000	0.0100000000	0.1000000000	100	100	0	0.849771
1978000	-0.4000000000	0.0100000000	0.1000000000	100	100	0	0.807694
1979000	-0.4000000000	0.0100000000	0.1000000000	100	100	0	0.736021
1980000	-0.4000000000	0.0100000000	0.1000000000	100	100	0	0.789660
1981000	-0.4000000000	0.0100000000	0.1000000000	100	100	0	0.805565
1982000	-0.4000000000	0.0100000000	0.1000000000	100	100	0	0.840149
1983000	-0.4000000000	0.0100000000	0.1000000000	100	100	0	0.831703
1984000	-0.4000000000	0.0100000000	0.1000000000	100	100	0	0.740402
1985000	-0.4000000000	0.0100000000	0.1000000000	100	100	0	0.780231
1986000	-0.4000000000	0.0100000000	0.1000000000	100	100	0	0.748052
1987000	-0.4000000000	0.0100000000	0.1000000000	100	100	0	0.759233
1988000	-0.4000000000	0.0100000000	0.1000000000	100	100	0	0.629119
1989000	-0.4000000000	0.0100000000	0.1000000000	100	100	0	0.766305
1990000	-0.4000000000	0.0100000000	0.1000000000	100	100	0	0.762724
1991000	-0.4000000000	0.0100000000	0.1000000000	100	100	0	0.788181
1992000	-0.4000000000	0.0100000000	0.1000000000	100	100	0	0.740962
1993000	-0.4000000000	0.0100000000	0.1000000000	100	100	0	0.760022
1994000	-0.4000000000	0.0100000000	0.1000000000	100	100	0	0.781545
1995000	-0.4000000000	0.0100000000	0.1000000000	100	100	0	0.828632
1996000	-0.4000000000	0.0100000000	0.1000000000	100	100	0	0.761679
1997000	-0.4000000000	0.0100000000	0.1000000000	100	100	0	0.778613
1998000	-0.4000000000	0.0100000000	0.1000000000	100	100	0	0.851752
1999000	-0.4000000000	0.0100000000	0.1000000000	100	100	0	0.908310
2000000	-0.4000000000	0.0100000000	0.1000000000	100	100	0	0.788600
2001000	-0.4000000000	0.0100000000	0.1000000000	100	100	0	0.779475
2002000	-0.4000000000	0.0100000000	0.1000000000	100	100	0	0.685638
2003000	-0.4000000000	0.0100000000	0.1000000000	100	100	0	0.761698
2004000	-0.4000000000	0.0100000000	0.1000000000	100	100	0	0.684859
2005000	-0.4000000000	0.0100000000	0.1000000000	100	100	0	0.721689
2006000	-0.4000000000	0.0100000000	0.1000000000	100	100	0	0.790006
2007000	-0.4000000000	0.0100000000	0.1000000000	100	100	0	0.750479
2008000	-0.4000000000	0.0100000000	0.1000000000	100	100	0	0.797973
2009000	-0.4000000000	0.0100000000	0.1000000000	100	100	0	0.793002
2010000	-0.4000000000	0.0100000000	0.1000000000	100	100	0	0.770413
2011000	-0.4000000000	0.0100000000	0.1000000000	100	100	0	0.733390
2012000	-0.4000000000	0.0100000000	0.1000000000	100	100	0	0.758122
2013000	-0.4000000000	0.0100000000	0.1000000000	100	100	0	0.716710
2014000	-0.4000000000	0.0100000000	0.1000000000	100	100	0	0.752405
2015000	-0.4000000000	0.0100000000	0.1000000000	100	100	0	0.708259
2016000	-0.4000000000	0.0100000000	0.1000000000	100	100	0	0.704689
2017000	-0.4000000000	0.0100000000	0.1000000000	100	100	0	0.754852
2018000	-0.4000000000	0.0100000000	0.1000000000	100	100	0	0.839592
2019000	-0.4000000000	0.0100000000	0.1000000000	100	100	0	0.766870
2020000	-0.4000000000	0.0100000000	0.1000000000	100	100	0	0.760893
2021000	-0.4000000000	0.0100000000	0.1000000000	100	100	0	0.791939
2022000	-0.4000000000	0.0100000000	0.1000000000	100	100	0	0.755131
2023000	-0.4000000000	0.0100000000	0.1000000000	100	100	0	0.741781
2024000	-0.4000000000	0.0100000000	0.1000000000	100	100	0	0.828902
2025000	-0.4000000000	0.0100000000	0.1000000000	100	100	0	0.661837
2026000	-0.4000000000	0.0100000000	0.1000000000	100	100	0	0.755158
2027000	-0.4000000000	0.0100000000	0.1000000000	100	100	0	0.649386
2028000	-0.4000000000	0.0100000000	0.1000000000	100	100	0	0.739063
2029000	-0.4000000000	0.0100000000	0.1000000000	100	100	0	0.714493
2030000	-0.4000000000	0.0100000000	0.1000000000	100	100	0	0.742567
2031000	-0.4000000000	0.0100000000	0.1000000000	100	100	0	0.814005
2032000	-0.4000000000	0.0100000000	0.1000000000	100	100	0	0.771398
2033000	-0.4000000000	0.0100000000	0.1000000000	100	100	0	0.800863
2034000	-0.4000000000	0.0100000000	0.1000000000	100	100	0	0.768491
2035000	-0.4000000000	0.0100000000	0.1000000000	100	100	0	0.719377
2036000	-0.4000000000	0.0100000000	0.1000000000	100	100	0	0.799957
2037000	-0.4000000000	0.0100000000	0.1000000000	100	100	0	0.804798
2038000	-0.4000000000	0.0100000000	0.1000000000	100	100	0	0.751537
2039000	-0.4000000000	0.0100000000	0.1000000000	100	100	0	0.797307
2040000	-0.4000000000	0.0100000000	0.1000000000	100	100	0	0.670040
2041000	-0.4000000000	0.0100000000	0.1000000000	100	100	0	0.739892
2042000	-0.4000000000	0.0100000000	0.1000000000	100	100	0	0.740097
2043000	-0.4000000000	0.0100000000	0.1000000000	100	100	0	0.677354
2044000	-0.4000000000	0.0100000000	0.1000000000	100	100	0	0.793749
2045000	-0.4000000000	0.0100000000	0.1000000000	100	100	0	0.756489
2046000	-0.4000000000	0.0100000000	0.1000000000	100	100	0	0.775899
2047000	-0.4000000000	0.0100000000	0.1000000000	100	100	0	0.751045
2048000	-0.4000000000	0.0100000000	0.1000000000	100	100	0	0.722625
2049000	-0.4000000000	0.0100000000	0.1000000000	100	100	0	0.680462
2050000	-0.4000000000	0.0100000000	0.1000000000	100	100	0	0.759477
2051000	-0.4000000000	0.0100000000	0.1000000000	100	100	0	0.723701
2052000	-0.4000000000	0.0100000000	0.1000000000	100	100	0	0.741457
2053000	-0.4000000000	0.0100000000	0.1000000000	100	100	0	0.766899
2054000	-0.4000000000	0.0100000000	0.1000000000	100	100	0	0.728155
2055000	-0.4000000000	0.0100000000	0.1000000000	100	100	0	0.786733
2056000	-0.4000000000	0.0100000000	0.1000000000	100	100	0	0.769321
2057000	-0.4000000000	0.0100000000	0.1000000000	100	100	0	0.704975
2058000	-0.4000000000	0.0100000000	0.1000000000	100	100	0	0.693583
2059000	-0.4000000000	0.0100000000	0.1000000000	100	100	0	0.800453
2060000	-0.4000000000	0.0100000000	0.1000000000	100	100	0	0.763063
2061000	-0.4000000000	0.0100000000	0.1000000000	100	100	0	0.734653
2062000	-0.4000000000	0.0100000000	0.1000000000	100	100	0	0.774223
2063000	-0.4000000000	0.0100000000	0.1000000000	100	100	0	0.714981
2064000	-0.4000000000	0.0100000000	0.1000000000	100	100	0	0.834022
2065000	-0.4000000000	0.0100000000	0.1000000000	100	100	0	0.718957
2066000	-0.4000000000	0.0100000000	0.1000000000	100	100	0	0.726596
2067000	-0.4000000000	0.0100000000	0.1000000000	100	100	0	0.768541
2068000	-0.4000000000	0.0100000000	0.1000000000	100	100	0	0.723233
2069000	-0.4000000000	0.0100000000	0.1000000000	100	100	0	0.660711
2070000	-0.4000000000	0.0100000000	0.1000000000	100	100	0	0.685570
2071000	-0.4000000000	0.0100000000	0.1000000000	100	100	0	0.743092
2072000	-0.4000000000	0.0100000000	0.1000000000	100	100	0	0.780266
2073000	-0.4000000000	0.0100000000	0.1000000000	100	100	0	0.740404
2074000	-0.4000000000	0.0100000000	0.1000000000	100	100	0	0.746654
2075000	-0.4000000000	0.0100000000	0.1000000000	100	100	0	0.826120
2076000	-0.4000000000	0.0100000000	0.1000000000	100	100	0	0.773385
2077000	-0.4000000000	0.0100000000	0.1000000000	100	100	0	0.747738
2078000	-0.4000000000	0.0100000000	0.1000000000	100	100	0	0.784260
2079000	-0.4000000000	0.0100000000	0.1000000000	100	100	0	0.746123
2080000	-0.4000000000	0.0100000000	0.1000000000	100	100	0	0.793715
2081000	-0.4000000000	0.0100000000	0.1000000000	100	100	0	0.801586
2082000	-0.4000000000	0.0100000000	0.1000000000	100	100	0	0.719769
2083000	-0.4000000000	0.0100000000	0.1000000000	100	100	0	0.716046
2084000	-0.4000000000	0.0100000000	0.1000000000	100	100	0	0.753498
2085000	-0.4000000000	0.0100000000	0.1000000000	100	100	0	0.765245
2086000	-0.4000000000	0.0100000000	0.1000000000	100	100	0	0.686474
2087000	-0.4000000000	0.0100000000	0.1000000000	100	100	0	0.772317
2088000	-0.4000000000	0.0100000000	0.1000000000	100	100	0	0.753221
2089000	-0.4000000000	0.0100000000	0.1000000000	100	100	0	0.792567
2090000	-0.4000000000	0.0100000000	0.1000000000	100	100	0	0.709340
2091000	-0.4000000000	0.0100000000	0.1000000000	100	100	0	0.757281
2092000	-0.4000000000	0.0100000000	0.1000000000	100	100	0	0.823150
2093000	-0.4000000000	0.0100000000	0.1000000000	100	100	0	0.757328
2094000	-0.4000000000	0.0100000000	0.1000000000	100	100	0	0.748898
2095000	-0.4000000000	0.0100000000	0.1000000000	100	100	0	0.784812
2096000	-0.4000000000	0.0100000000	0.1000000000	100	100	0	0.685952
2097000	-0.4000000000	0.0100000000	0.1000000000	100	100	0	0.770715
2098000	-0.4000000000	0.0100000000	0.1000000000	100	100	0	0.723226
2099000	-0.4000000000	0.0100000000	0.1000000000	100	100	0	0.716655
2100000	-0.4000000000	0.0100000000	0.1000000000	100	100	0	0.739341
2101000	-0.4000000000	0.0100000000	0.1000000000	100	100	0	0.827407
2102000	-0.4000000000	0.0100000000	0.1000000000	100	100	0	0.752945
2103000	-0.4000000000	0.0100000000	0.1000000000	100	100	0	0.745879
2104000	-0.4000000000	0.0100000000	0.1000000000	100	100	0	0.745890
2105000	-0.4000000000	0.0100000000	0.1000000000	100	100	0	0.902976
2106000	-0.4000000000	0.0100000000	0.1000000000	100	100	0	0.723984
2107000	-0.4000000000	0.0100000000	0.1000000000	100	100	0	0.861526
2108000	-0.4000000000	0.0100000000	0.1000000000	100	100	0	0.706712
2109000	-0.4000000000	0.0100000000	0.1000000000	100	100	0	0.694258
2110000	-0.4000000000	0.0100000000	0.1000000000	100	100	0	0.741988
2111000	-0.4000000000	0.0100000000	0.1000000000	100	100	0	0.686872
2112000	-0.4000000000	0.0100000000	0.1000000000	100	100	0	0.728595
2113000	-0.4000000000	0.0100000000	0.1000000000	100	100	0	0.810146
2114000	-0.4000000000	0.0100000000	0.1000000000	100	100	0	0.728615
2115000	-0.4000000000	0.0100000000	0.1000000000	100	100	0	0.745564
2116000	-0.4000000000	0.0100000000	0.1000000000	100	100	0	0.692591
2117000	-0.4000000000	0.0100000000	0.1000000000	100	100	0	0.778305
2118000	-0.4000000000	0.0100000000	0.1000000000	100	100	0	0.723978
2119000	-0.4000000000	0.0100000000	0.1000000000	100	100	0	0.726417
2120000	-0.4000000000	0.0100000000	0.1000000000	100	100	0	0.698123
2121000	-0.4000000000	0.0100000000	0.1000000000	100	100	0	0.747752
2122000	-0.4000000000	0.0100000000	0.1000000000	100	100	0	0.690804
2123000	-0.4000000000	0.0100000000	0.1000000000	100	100	0	0.878316
2124000	-0.4000000000	0.0100000000	0.1000000000	100	100	0	0.768579
2125000	-0.4000000000	0.0100000000	0.1000000000	100	100	0	0.790833
2126000	-0.4000000000	0.0100000000	0.1000000000	100	100	0	0.687270
2127000	-0.4000000000	0.0100000000	0.1000000000	100	100	0	0.749937
2128000	-0.4000000000	0.0100000000	0.1000000000	100	100	0	0.757829
2129000	-0.4000000000	0.0100000000	0.1000000000	100	100	0	0.764134
2130000	-0.4000000000	0.0100000000	0.1000000000	100	100	0	0.834507
2131000	-0.4000000000	0.0100000000	0.1000000000	100	100	0	0.745063
2132000	-0.4000000000	0.0100000000	0.1000000000	100	100	0	0.690316
2133000	-0.4000000000	0.0100000000	0.1000000000	100	100	0	0.760584
2134000	-0.4000000000	0.0100000000	0.1000000000	100	100	0	0.744743
2135000	-0.4000000000	0.0100000000	0.1000000000	100	100	0	0.734090
2136000	-0.4000000000	0.0100000000	0.1000000000	100	100	0	0.740682
2137000	-0.4000000000	0.0100000000	0.1000000000	100	100	0	0.718795
2138000	-0.4000000000	0.0100000000	0.1000000000	100	100	0	0.792472
2139000	-0.4000000000	0.0100000000	0.1000000000	100	100	0	0.815822
2140000	-0.4000000000	0.0100000000	0.1000000000	100	100	0	0.766627
2141000	-0.4000000000	0.0100000000	0.1000000000	100	100	0	0.708152
2142000	-0.4000000000	0.0100000000	0.1000000000	100	100	0	0.662471
2143000	-0.4000000000	0.0100000000	0.1000000000	100	100	0	0.711695
2144000	-0.4000000000	0.0100000000	0.1000000000	100	100	0	0.798596
2145000	-0.4000000000	0.0100000000	0.1000000000	100	100	0	0.815504
2146000	-0.4000000000	0.0100000000	0.1000000000	100	100	0	0.789138
2147000	-0.4000000000	0.0100000000	0.1000000000	100	100	0	0.785393
2148000	-0.4000000000	0.0100000000	0.1000000000	100	100	0	0.743148
2149000	-0.4000000000	0.0100000000	0.1000000000	100	100	0	0.779304
2150000	-0.4000000000	0.0100000000	0.1000000000	100	100	0	0.833106
2151000	-0.4000000000	0.0100000000	0.1000000000	100	100	0	0.693434
2152000	-0.4000000000	0.0100000000	0.1000000000	100	100	0	0.748568
2153000	-0.4000000000	0.0100000000	0.1000000000	100	100	0	0.748294
2154000	-0.4000000000	0.0100000000	0.1000000000	100	100	0	0.761717
2155000	-0.4000000000	0.0100000000	0.1000000000	100	100	0	0.751353
2156000	-0.4000000000	0.0100000000	0.1000000000	100	100	0	0.763339
2157000	-0.4000000000	0.0100000000	0.1000000000	100	100	0	0.761439
2158000	-0.4000000000	0.0100000000	0.1000000000	100	100	0	0.699833
2159000	-0.4000000000	0.0100000000	0.1000000000	100	100	0	0.743406
2160000	-0.4000000000	0.0100000000	0.1000000000	100	100	0	0.835775
2161000	-0.4000000000	0.0100000000	0.1000000000	100	100	0	0.727837
2162000	-0.4000000000	0.0100000000	0.1000000000	100	100	0	0.780965
2163000	-0.4000000000	0.0100000000	0.1000000000	100	100	0	0.751583
2164000	-0.4000000000	0.0100000000	0.1000000000	100	100	0	0.711425
2165000	-0.4000000000	0.0100000000	0.1000000000	100	100	0	0.751260
2166000	-0.4000000000	0.0100000000	0.1000000000	100	100	0	0.781238
2167000	-0.4000000000	0.0100000000	0.1000000000	100	100	0	0.664553
2168000	-0.4000000000	0.0100000000	0.1000000000	100	100	0	0.851089
2169000	-0.4000000000	0.0100000000	0.1000000000	100	100	0	0.682408
2170000	-0.4000000000	0.0100000000	0.1000000000	100	100	0	0.805535
2171000	-0.4000000000	0.0100000000	0.1000000000	100	100	0	0.662353
2172000	-0.4000000000	0.0100000000	0.1000000000	100	100	0	0.693666
2173000	-0.4000000000	0.0100000000	0.1000000000	100	100	0	0.691682
2174000	-0.4000000000	0.0100000000	0.1000000000	100	100	0	0.782943
2175000	-0.4000000000	0.0100000000	0.1000000000	100	100	0	0.713163
2176000	-0.4000000000	0.0100000000	0.1000000000	100	100	0	0.697416
2177000	-0.4000000000	0.0100000000	0.1000000000	100	100	0	0.790172
2178000	-0.4000000000	0.0100000000	0.1000000000	100	100	0	0.748557
2179000	-0.4000000000	0.0100000000	0.1000000000	100	100	0	0.736854
2180000	-0.4000000000	0.0100000000	0.1000000000	100	100	0	0.740934
2181000	-0.4000000000	0.0100000000	0.1000000000	100	100	0	0.739485
2182000	-0.4000000000	0.0100000000	0.1000000000	100	100	0	0.766499
2183000	-0.4000000000	0.0100000000	0.1000000000	100	100	0	0.700618
2184000	-0.4000000000	0.0100000000	0.1000000000	100	100	0	0.770657
2185000	-0.4000000000	0.0100000000	0.1000000000	100	100	0	0.647097
2186000	-0.4000000000	0.0100000000	0.1000000000	100	100	0	0.751032
2187000	-0.4000000000	0.0100000000	0.1000000000	100	100	0	0.717445
2188000	-0.4000000000	0.0100000000	0.1000000000	100	100	0	0.794370
2189000	-0.4000000000	0.0100000000	0.1000000000	100	100	0	0.784826
2190000	-0.4000000000	0.0100000000	0.1000000000	100	100	0	0.765516
2191000	-0.4000000000	0.0100000000	0.1000000000	100	100	0	0.727308
2192000	-0.4000000000	0.0100000000	0.1000000000	100	100	0	0.684074
2193000	-0.4000000000	0.0100000000	0.1000000000	100	100	0	0.804646
2194000	-0.4000000000	0.0100000000	0.1000000000	100	100	0	0.737375
2195000	-0.4000000000	0.0100000000	0.1000000000	100	100	0	0.801665
2196000	-0.4000000000	0.0100000000	0.1000000000	100	100	0	0.761961
2197000	-0.4000000000	0.0100000000	0.1000000000	100	100	0	0.779728
2198000	-0.4000000000	0.0100000000	0.1000000000	100	100	0	0.788062
2199000	-0.4000000000	0.0100000000	0.1000000000	100	100	0	0.753489
2200000	-0.4000000000	0.0100000000	0.1000000000	100	100	0	0.698373
2201000	-0.4000000000	0.0100000000	0.1000000000	100	100	0	0.737682
2202000	-0.4000000000	0.0100000000	0.1000000000	100	100	0	0.857936
2203000	-0.4000000000	0.0100000000	0.1000000000	100	100	0	0.779724
2204000	-0.4000000000	0.0100000000	0.1000000000	100	100	0	0.666110
2205000	-0.4000000000	0.0100000000	0.1000000000	100	100	0	0.742863
2206000	-0.4000000000	0.0100000000	0.1000000000	100	100	0	0.739956
2207000	-0.4000000000	0.0100000000	0.1000000000	100	100	0	0.844492
2208000	-0.4000000000	0.0100000000	0.1000000000	100	100	0	0.712321
2209000	-0.4000000000	0.0100000000	0.1000000000	100	100	0	0.723042
2210000	-0.4000000000	0.0100000000	0.1000000000	100	100	0	0.706910
2211000	-0.4000000000	0.0100000000	0.1000000000	100	100	0	0.746833
2212000	-0.4000000000	0.0100000000	0.1000000000	100	100	0	0.685721
2213000	-0.4000000000	0.0100000000	0.1000000000	100	100	0	0.718918
2214000	-0.4000000000	0.0100000000	0.1000000000	100	100	0	0.792243
2215000	-0.4000000000	0.0100000000	0.1000000000	100	100	0	0.790183
2216000	-0.4000000000	0.0100000000	0.1000000000	100	100	0	0.833273
2217000	-0.4000000000	0.0100000000	0.1000000000	100	100	0	0.658699
2218000	-0.4000000000	0.0100000000	0.1000000000	100	100	0	0.722939
2219000	-0.4000000000	0.0100000000	0.1000000000	100	100	0	0.707709
2220000	-0.4000000000	0.0100000000	0.1000000000	100	100	0	0.804979
2221000	-0.4000000000	0.0100000000	0.1000000000	100	100	0	0.767355
2222000	-0.4000000000	0.0100000000	0.1000000000	100	100	0	0.771513
2223000	-0.4000000000	0.0100000000	0.1000000000	100	100	0	0.692358
2224000	-0.4000000000	0.0100000000	0.1000000000	100	100	0	0.665646
2225000	-0.4000000000	0.0100000000	0.1000000000	100	100	0	0.727663
2226000	-0.4000000000	0.0100000000	0.1000000000	100	100	0	0.728853
2227000	-0.4000000000	0.0100000000	0.1000000000	100	100	0	0.756998
2228000	-0.4000000000	0.0100000000	0.1000000000	100	100	0	0.778615
2229000	-0.4000000000	0.0100000000	0.1000000000	100	100	0	0.787063
2230000	-0.4000000000	0.0100000000	0.1000000000	100	100	0	0.716421
2231000	-0.4000000000	0.0100000000	0.1000000000	100	100	0	0.712577
2232000	-0.4000000000	0.0100000000	0.1000000000	100	100	0	0.814984
2233000	-0.4000000000	0.0100000000	0.1000000000	100	100	0	0.707352
2234000	-0.4000000000	0.0100000000	0.1000000000	100	100	0	0.658598
2235000	-0.4000000000	0.0100000000	0.1000000000	100	100	0	0.777480
2236000	-0.4000000000	0.0100000000	0.1000000000	100	100	0	0.819677
2237000	-0.4000000000	0.0100000000	0.1000000000	100	100	0	0.724813
2238000	-0.4000000000	0.0100000000	0.1000000000	100	100	0	0.758352
2239000	-0.4000000000	0.0100000000	0.1000000000	100	100	0	0.770452
2240000	-0.4000000000	0.0100000000	0.1000000000	100	100	0	0.784877
2241000	-0.4000000000	0.0100000000	0.1000000000	100	100	0	0.664151
2242000	-0.4000000000	0.0100000000	0.1000000000	100	100	0	0.688890
2243000	-0.4000000000	0.0100000000	0.1000000000	100	100	0	0.673034
2244000	-0.4000000000	0.0100000000	0.1000000000	100	100	0	0.715865
2245000	-0.4000000000	0.0100000000	0.1000000000	100	100	0	0.822015
2246000	-0.4000000000	0.0100000000	0.1000000000	100	100	0	0.701272
2247000	-0.4000000000	0.0100000000	0.1000000000	100	100	0	0.716083
2248000	-0.4000000000	0.0100000000	0.1000000000	100	100	0	0.797564
2249000	-0.4000000000	0.0100000000	0.1000000000	100	100	0	0.738257
2250000	-0.4000000000	0.0100000000	0.1000000000	100	100	0	0.745973
2251000	-0.4000000000	0.0100000000	0.1000000000	100	100	0	0.707477
2252000	-0.4000000000	0.0100000000	0.1000000000	100	100	0	0.694906
2253000	-0.4000000000	0.0100000000	0.1000000000	100	100	0	0.744210
2254000	-0.4000000000	0.0100000000	0.1000000000	100	100	0	0.732188
2255000	-0.4000000000	0.0100000000	0.1000000000	100	100	0	0.736361
2256000	-0.4000000000	0.0100000000	0.1000000000	100	100	0	0.822435
2257000	-0.4000000000	0.0100000000	0.1000000000	100	100	0	0.786275
2258000	-0.4000000000	0.0100000000	0.1000000000	100	100	0	0.729194
2259000	-0.4000000000	0.0100000000	0.1000000000	100	100	0	0.740910
2260000	-0.4000000000	0.0100000000	0.1000000000	100	100	0	0.765519
2261000	-0.4000000000	0.0100000000	0.1000000000	100	100	0	0.735178
2262000	-0.4000000000	0.0100000000	0.1000000000	100	100	0	0.738175
2263000	-0.4000000000	0.0100000000	0.1000000000	100	100	0	0.844692
2264000	-0.4000000000	0.0100000000	0.1000000000	100	100	0	0.727609
2265000	-0.4000000000	0.0100000000	0.1000000000	100	100	0	0.719383
2266000	-0.4000000000	0.0100000000	0.1000000000	100	100	0	0.710148
2267000	-0.4000000000	0.0100000000	0.1000000000	100	100	0	0.741990
2268000	-0.4000000000	0.0100000000	0.1000000000	100	100	0	0.762786
2269000	-0.4000000000	0.0100000000	0.1000000000	100	100	0	0.741542
2270000	-0.4000000000	0.0100000000	0.1000000000	100	100	0	0.758235
2271000	-0.4000000000	0.0100000000	0.1000000000	100	100	0	0.699223
2272000	-0.4000000000	0.0100000000	0.1000000000	100	100	0	0.707616
2273000	-0.4000000000	0.0100000000	0.1000000000	100	100	0	0.820156
2274000	-0.4000000000	0.0100000000	0.1000000000	100	100	0	0.687106
2275000	-0.4000000000	0.0100000000	0.1000000000	100	100	0	0.787760
2276000	-0.4000000000	0.0100000000	0.1000000000	100	100	0	0.757318
2277000	-0.4000000000	0.0100000000	0.1000000000	100	100	0	0.760879
2278000	-0.4000000000	0.0100000000	0.1000000000	100	100	0	0.784281
2279000	-0.4000000000	0.0100000000	0.1000000000	100	100	0	0.718255
2280000	-0.4000000000	0.0100000000	0.1000000000	100	100	0	0.699723
2281000	-0.4000000000	0.0100000000	0.1000000000	100	100	0	0.748031
2282000	-0.4000000000	0.0100000000	0.1000000000	100	100	0	0.767970
2283000	-0.4000000000	0.0100000000	0.1000000000	100	100	0	0.655641
2284000	-0.4000000000	0.0100000000	0.1000000000	100	100	0	0.720471
2285000	-0.4000000000	0.0100000000	0.1000000000	100	100	0	0.740959
2286000	-0.4000000000	0.0100000000	0.1000000000	100	100	0	0.736825
2287000	-0.4000000000	0.0100000000	0.1000000000	100	100	0	0.774791
2288000	-0.4000000000	0.0100000000	0.1000000000	100	100	0	0.751053
2289000	-0.4000000000	0.0100000000	0.1000000000	100	100	0	0.743677
2290000	-0.4000000000	0.0100000000	0.1000000000	100	100	0	0.751856
2291000	-0.4000000000	0.0100000000	0.1000000000	100	100	0	0.738741
2292000	-0.4000000000	0.0100000000	0.1000000000	100	100	0	0.798458
2293000	-0.4000000000	0.0100000000	0.1000000000	100	100	0	0.753220
2294000	-0.4000000000	0.0100000000	0.1000000000	100	100	0	0.754021
2295000	-0.4000000000	0.0100000000	0.1000000000	100	100	0	0.765249
2296000	-0.4000000000	0.0100000000	0.1000000000	100	100	0	0.782296
2297000	-0.4000000000	0.0100000000	0.1000000000	100	100	0	0.721010
2298000	-0.4000000000	0.0100000000	0.1000000000	100	100	0	0.750512
2299000	-0.4000000000	0.0100000000	0.1000000000	100	100	0	0.743779
2300000	-0.4000000000	0.0100000000	0.1000000000	100	100	0	0.764638
2301000	-0.4000000000	0.0100000000	0.1000000000	100	100	0	0.766256
2302000	-0.4000000000	0.0100000000	0.1000000000	100	100	0	0.836088
2303000	-0.4000000000	0.0100000000	0.1000000000	100	100	0	0.731638
2304000	-0.4000000000	0.0100000000	0.1000000000	100	100	0	0.773456
2305000	-0.4000000000	0.0100000000	0.1000000000	100	100	0	0.737702
2306000	-0.4000000000	0.0100000000	0.1000000000	100	100	0	0.772361
2307000	-0.4000000000	0.0100000000	0.1000000000	100	100	0	0.815525
2308000	-0.4000000000	0.0100000000	0.1000000000	100	100	0	0.788096
2309000	-0.4000000000	0.0100000000	0.1000000000	100	100	0	0.753977
2310000	-0.4000000000	0.0100000000	0.1000000000	100	100	0	0.752489
2311000	-0.4000000000	0.0100000000	0.1000000000	100	100	0	0.666931
2312000	-0.4000000000	0.0100000000	0.1000000000	100	100	0	0.776156
2313000	-0.4000000000	0.0100000000	0.1000000000	100	100	0	0.718612
2314000	-0.4000000000	0.0100000000	0.1000000000	100	100	0	0.838513
2315000	-0.4000000000	0.0100000000	0.1000000000	100	100	0	0.810749
2316000	-0.4000000000	0.0100000000	0.1000000000	100	100	0	0.721023
2317000	-0.4000000000	0.0100000000	0.1000000000	100	100	0	0.716072
2318000	-0.4000000000	0.0100000000	0.1000000000	100	100	0	0.803830
2319000	-0.4000000000	0.0100000000	0.1000000000	100	100	0	0.654860
2320000	-0.4000000000	0.0100000000	0.1000000000	100	100	0	0.654982
2321000	-0.4000000000	0.0100000000	0.1000000000	100	100	0	0.779131
2322000	-0.4000000000	0.0100000000	0.1000000000	100	100	0	0.714320
2323000	-0.4000000000	0.0100000000	0.1000000000	100	100	0	0.799827
2324000	-0.4000000000	0.0100000000	0.1000000000	100	100	0	0.734398
2325000	-0.4000000000	0.0100000000	0.1000000000	100	100	0	0.763339
2326000	-0.4000000000	0.0100000000	0.1000000000	100	100	0	0.733814
2327000	-0.4000000000	0.0100000000	0.1000000000	100	100	0	0.759472
2328000	-0.4000000000	0.0100000000	0.1000000000	100	100	0	0.803599
2329000	-0.4000000000	0.0100000000	0.1000000000	100	100	0	0.792550
2330000	-0.4000000000	0.0100000000	0.1000000000	100	100	0	0.805382
2331000	-0.4000000000	0.0100000000	0.1000000000	100	100	0	0.753513
2332000	-0.4000000000	0.0100000000	0.1000000000	100	100	0	0.767604
2333000	-0.4000000000	0.0100000000	0.1000000000	100	100	0	0.709814
2334000	-0.4000000000	0.0100000000	0.1000000000	100	100	0	0.754872
2335000	-0.4000000000	0.0100000000	0.1000000000	100	100	0	0.704945
2336000	-0.4000000000	0.0100000000	0.1000000000	100	100	0	0.724022
2337000	-0.4000000000	0.0100000000	0.1000000000	100	100	0	0.770290
2338000	-0.4000000000	0.0100000000	0.1000000000	100	100	0	0.726975
2339000	-0.4000000000	0.0100000000	0.1000000000	100	100	0	0.819220
2340000	-0.4000000000	0.0100000000	0.1000000000	100	100	0	0.827095
2341000	-0.4000000000	0.0100000000	0.1000000000	100	100	0	0.879536
2342000	-0.4000000000	0.0100000000	0.1000000000	100	100	0	0.736811
2343000	-0.4000000000	0.0100000000	0.1000000000	100	100	0	0.710105
2344000	-0.4000000000	0.0100000000	0.1000000000	100	100	0	0.820824
2345000	-0.4000000000	0.0100000000	0.1000000000	100	100	0	0.734400
2346000	-0.4000000000	0.0100000000	0.1000000000	100	100	0	0.695706
2347000	-0.4000000000	0.0100000000	0.1000000000	100	100	0	0.776437
2348000	-0.4000000000	0.0100000000	0.1000000000	100	100	0	0.739316
2349000	-0.4000000000	0.0100000000	0.1000000000	100	100	0	0.772633
2350000	-0.4000000000	0.0100000000	0.1000000000	100	100	0	0.746140
2351000	-0.4000000000	0.0100000000	0.1000000000	100	100	0	0.836816
2352000	-0.4000000000	0.0100000000	0.1000000000	100	100	0	0.797638
2353000	-0.4000000000	0.0100000000	0.1000000000	100	100	0	0.735005
2354000	-0.4000000000	0.0100000000	0.1000000000	100	100	0	0.765207
2355000	-0.4000000000	0.0100000000	0.1000000000	100	100	0	0.831165
2356000	-0.4000000000	0.0100000000	0.1000000000	100	100	0	0.699656
2357000	-0.4000000000	0.0100000000	0.1000000000	100	100	0	0.812054
2358000	-0.4000000000	0.0100000000	0.1000000000	100	100	0	0.799982
2359000	-0.4000000000	0.0100000000	0.1000000000	100	100	0	0.802541
2360000	-0.4000000000	0.0100000000	0.1000000000	100	100	0	0.779961
2361000	-0.4000000000	0.0100000000	0.1000000000	100	100	0	0.834516
2362000	-0.4000000000	0.0100000000	0.1000000000	100	100	0	0.676290
2363000	-0.4000000000	0.0100000000	0.1000000000	100	100	0	0.713937
2364000	-0.4000000000	0.0100000000	0.1000000000	100	100	0	0.743103
2365000	-0.4000000000	0.0100000000	0.1000000000	100	100	0	0.720967
2366000	-0.4000000000	0.0100000000	0.1000000000	100	100	0	0.769347
2367000	-0.4000000000	0.0100000000	0.1000000000	100	100	0	0.736837
2368000	-0.4000000000	0.0100000000	0.1000000000	100	100	0	0.723186
2369000	-0.4000000000	0.0100000000	0.1000000000	100	100	0	0.747749
2370000	-0.4000000000	0.0100000000	0.1000000000	100	100	0	0.798945
2371000	-0.4000000000	0.0100000000	0.1000000000	100	100	0	0.747508
2372000	-0.4000000000	0.0100000000	0.1000000000	100	100	0	0.703472
2373000	-0.4000000000	0.0100000000	0.1000000000	100	100	0	0.822691
2374000	-0.4000000000	0.0100000000	0.1000000000	100	100	0	0.764704
2375000	-0.4000000000	0.0100000000	0.1000000000	100	100	0	0.734121
2376000	-0.4000000000	0.0100000000	0.1000000000	100	100	0	0.726741
2377000	-0.4000000000	0.0100000000	0.1000000000	100	100	0	0.744665
2378000	-0.4000000000	0.0100000000	0.1000000000	100	100	0	0.749656
2379000	-0.4000000000	0.0100000000	0.1000000000	100	100	0	0.763548
2380000	-0.4000000000	0.0100000000	0.1000000000	100	100	0	0.793802
2381000	-0.4000000000	0.0100000000	0.1000000000	100	100	0	0.733622
2382000	-0.4000000000	0.0100000000	0.1000000000	100	100	0	0.759559
2383000	-0.4000000000	0.0100000000	0.1000000000	100	100	0	0.716357
2384000	-0.4000000000	0.0100000000	0.1000000000	100	100	0	0.719431
2385000	-0.4000000000	0.0100000000	0.1000000000	100	100	0	0.740204
2386000	-0.4000000000	0.0100000000	0.1000000000	100	100	0	0.791727
2387000	-0.4000000000	0.0100000000	0.1000000000	100	100	0	0.761984
2388000	-0.4000000000	0.0100000000	0.1000000000	100	100	0	0.756548
2389000	-0.4000000000	0.0100000000	0.1000000000	100	100	0	0.785929
2390000	-0.4000000000	0.0100000000	0.1000000000	100	100	0	0.719658
2391000	-0.4000000000	0.0100000000	0.1000000000	100	100	0	0.799488
2392000	-0.4000000000	0.0100000000	0.1000000000	100	100	0	0.755365
2393000	-0.4000000000	0.0100000000	0.1000000000	100	100	0	0.730843
2394000	-0.4000000000	0.0100000000	0.1000000000	100	100	0	0.707905
2395000	-0.4000000000	0.0100000000	0.1000000000	100	100	0	0.798563
2396000	-0.4000000000	0.0100000000	0.1000000000	100	100	0	0.782168
2397000	-0.4000000000	0.0100000000	0.1000000000	100	100	0	0.803963
2398000	-0.4000000000	0.0100000000	0.1000000000	100	100	0	0.712520
2399000	-0.4000000000	0.0100000000	0.1000000000	100	100	0	0.758958
2400000	-0.4000000000	0.0100000000	0.1000000000	100	100	0	0.663666
2401000	-0.4000000000	0.0100000000	0.1000000000	100	100	0	0.752118
2402000	-0.4000000000	0.0100000000	0.1000000000	100	100	0	0.827895
2403000	-0.4000000000	0.0100000000	0.1000000000	100	100	0	0.819711
2404000	-0.4000000000	0.0100000000	0.1000000000	100	100	0	0.753782
2405000	-0.4000000000	0.0100000000	0.1000000000	100	100	0	0.776100
2406000	-0.4000000000	0.0100000000	0.1000000000	100	100	0	0.806312
2407000	-0.4000000000	0.0100000000	0.1000000000	100	100	0	0.763079
2408000	-0.4000000000	0.0100000000	0.1000000000	100	100	0	0.795773
2409000	-0.4000000000	0.0100000000	0.1000000000	100	100	0	0.732861
2410000	-0.4000000000	0.0100000000	0.1000000000	100	100	0	0.762225
2411000	-0.4000000000	0.0100000000	0.1000000000	100	100	0	0.856465
2412000	-0.4000000000	0.0100000000	0.1000000000	100	100	0	0.711517
2413000	-0.4000000000	0.0100000000	0.1000000000	100	100	0	0.660018
2414000	-0.4000000000	0.0100000000	0.1000000000	100	100	0	0.804741
2415000	-0.4000000000	0.0100000000	0.1000000000	100	100	0	0.823671
2416000	-0.4000000000	0.0100000000	0.1000000000	100	100	0	0.738159
2417000	-0.4000000000	0.0100000000	0.1000000000	100	100	0	0.720981
2418000	-0.4000000000	0.0100000000	0.1000000000	100	100	0	0.773963
2419000	-0.4000000000	0.0100000000	0.1000000000	100	100	0	0.736032
2420000	-0.4000000000	0.0100000000	0.1000000000	100	100	0	0.665821
2421000	-0.4000000000	0.0100000000	0.1000000000	100	100	0	0.794356
2422000	-0.4000000000	0.0100000000	0.1000000000	100	100	0	0.824456
2423000	-0.4000000000	0.0100000000	0.1000000000	100	100	0	0.724512
2424000	-0.4000000000	0.0100000000	0.1000000000	100	100	0	0.758401
2425000	-0.4000000000	0.0100000000	0.1000000000	100	100	0	0.779676
2426000	-0.4000000000	0.0100000000	0.1000000000	100	100	0	0.870665
2427000	-0.4000000000	0.0100000000	0.1000000000	100	100	0	0.789731
2428000	-0.4000000000	0.0100000000	0.1000000000	100	100	0	0.776714
2429000	-0.4000000000	0.0100000000	0.1000000000	100	100	0	0.703401
2430000	-0.4000000000	0.0100000000	0.1000000000	100	100	0	0.705522
2431000	-0.4000000000	0.0100000000	0.1000000000	100	100	0	0.759171
2432000	-0.4000000000	0.0100000000	0.1000000000	100	100	0	0.727389
2433000	-0.4000000000	0.0100000000	0.1000000000	100	100	0	0.696482
2434000	-0.4000000000	0.0100000000	0.1000000000	100	100	0	0.773709
2435000	-0.4000000000	0.0100000000	0.1000000000	100	100	0	0.744451
2436000	-0.4000000000	0.0100000000	0.1000000000	100	100	0	0.738744
2437000	-0.4000000000	0.0100000000	0.1000000000	100	100	0	0.745605
2438000	-0.4000000000	0.0100000000	0.1000000000	100	100	0	0.720825
2439000	-0.4000000000	0.0100000000	0.1000000000	100	100	0	0.745614
2440000	-0.4000000000	0.0100000000	0.1000000000	100	100	0	0.718053
2441000	-0.4000000000	0.0100000000	0.1000000000	100	100	0	0.728546
2442000	-0.4000000000	0.0100000000	0.1000000000	100	100	0	0.701147
2443000	-0.4000000000	0.0100000000	0.1000000000	100	100	0	0.665944
2444000	-0.4000000000	0.0100000000	0.1000000000	100	100	0	0.690433
2445000	-0.4000000000	0.0100000000	0.1000000000	100	100	0	0.920796
2446000	-0.4000000000	0.0100000000	0.1000000000	100	100	0	0.770149
2447000	-0.4000000000	0.0100000000	0.1000000000	100	100	0	0.697245
2448000	-0.4000000000	0.0100000000	0.1000000000	100	100	0	0.736818
2449000	-0.4000000000	0.0100000000	0.1000000000	100	100	0	0.752681
2450000	-0.4000000000	0.0100000000	0.1000000000	100	100	0	0.705149
2451000	-0.4000000000	0.0100000000	0.1000000000	100	100	0	0.861233
2452000	-0.4000000000	0.0100000000	0.1000000000	100	100	0	0.761412
2453000	-0.4000000000	0.0100000000	0.1000000000	100	100	0	0.740132
2454000	-0.4000000000	0.0100000000	0.1000000000	100	100	0	0.770106
2455000	-0.4000000000	0.0100000000	0.1000000000	100	100	0	0.832935
2456000	-0.4000000000	0.0100000000	0.1000000000	100	100	0	0.744184
2457000	-0.4000000000	0.0100000000	0.1000000000	100	100	0	0.749363
2458000	-0.4000000000	0.0100000000	0.1000000000	100	100	0	0.739882
2459000	-0.4000000000	0.0100000000	0.1000000000	100	100	0	0.782729
2460000	-0.4000000000	0.0100000000	0.1000000000	100	100	0	0.778908
2461000	-0.4000000000	0.0100000000	0.1000000000	100	100	0	0.749992
2462000	-0.4000000000	0.0100000000	0.1000000000	100	100	0	0.745859
2463000	-0.4000000000	0.0100000000	0.1000000000	100	100	0	0.766221
2464000	-0.4000000000	0.0100000000	0.1000000000	100	100	0	0.697320
2465000	-0.4000000000	0.0100000000	0.1000000000	100	100	0	0.684608
2466000	-0.4000000000	0.0100000000	0.1000000000	100	100	0	0.778908
2467000	-0.4000000000	0.0100000000	0.1000000000	100	100	0	0.827426
2468000	-0.4000000000	0.0100000000	0.1000000000	100	100	0	0.704175
2469000	-0.4000000000	0.0100000000	0.1000000000	100	100	0	0.785968
2470000	-0.4000000000	0.0100000000	0.1000000000	100	100	0	0.645322
2471000	-0.4000000000	0.0100000000	0.1000000000	100	100	0	0.740436
2472000	-0.4000000000	0.0100000000	0.1000000000	100	100	0	0.830316
2473000	-0.4000000000	0.0100000000	0.1000000000	100	100	0	0.718809
2474000	-0.4000000000	0.0100000000	0.1000000000	100	100	0	0.708589
2475000	-0.4000000000	0.0100000000	0.1000000000	100	100	0	0.690489
2476000	-0.4000000000	0.0100000000	0.1000000000	100	100	0	0.795350
2477000	-0.4000000000	0.0100000000	0.1000000000	100	100	0	0.793569
2478000	-0.4000000000	0.0100000000	0.1000000000	100	100	0	0.778815
2479000	-0.4000000000	0.0100000000	0.1000000000	100	100	0	0.717197
2480000	-0.4000000000	0.0100000000	0.1000000000	100	100	0	0.720170
2481000	-0.4000000000	0.0100000000	0.1000000000	100	100	0	0.737721
2482000	-0.4000000000	0.0100000000	0.1000000000	100	100	0	0.774705
2483000	-0.4000000000	0.0100000000	0.1000000000	100	100	0	0.725985
2484000	-0.4000000000	0.0100000000	0.1000000000	100	100	0	0.788438
2485000	-0.4000000000	0.0100000000	0.1000000000	100	100	0	0.809548
2486000	-0.4000000000	0.0100000000	0.1000000000	100	100	0	0.741466
2487000	-0.4000000000	0.0100000000	0.1000000000	100	100	0	0.738741
2488000	-0.4000000000	0.0100000000	0.1000000000	100	100	0	0.667412
2489000	-0.4000000000	0.0100000000	0.1000000000	100	100	0	0.769889
2490000	-0.4000000000	0.0100000000	0.1000000000	100	100	0	0.845768
2491000	-0.4000000000	0.0100000000	0.1000000000	100	100	0	0.712575
2492000	-0.4000000000	0.0100000000	0.1000000000	100	100	0	0.725622
2493000	-0.4000000000	0.0100000000	0.1000000000	100	100	0	0.717477
2494000	-0.4000000000	0.0100000000	0.1000000000	100	100	0	0.730518
2495000	-0.4000000000	0.0100000000	0.1000000000	100	100	0	0.768245
2496000	-0.4000000000	0.0100000000	0.1000000000	100	100	0	0.716889
2497000	-0.4000000000	0.0100000000	0.1000000000	100	100	0	0.711793
2498000	-0.4000000000	0.0100000000	0.1000000000	100	100	0	0.813623
2499000	-0.4000000000	0.0100000000	0.1000000000	100	100	0	0.769632
2500000	-0.4000000000	0.0100000000	0.1000000000	100	100	0	0.812018
