time	epistasis_coef	sel_coef	mu_prob	Ne	L	k_start	mean_fitness
1500000	-1.0000000000	0.0100000000	0.0100000000	100	100	0	0.957509
1501000	-1.0000000000	0.0100000000	0.0100000000	100	100	0	0.985485
1502000	-1.0000000000	0.0100000000	0.0100000000	100	100	0	0.978252
1503000	-1.0000000000	0.0100000000	0.0100000000	100	100	0	0.969969
1504000	-1.0000000000	0.0100000000	0.0100000000	100	100	0	0.980476
1505000	-1.0000000000	0.0100000000	0.0100000000	100	100	0	0.998320
1506000	-1.0000000000	0.0100000000	0.0100000000	100	100	0	0.992666
1507000	-1.0000000000	0.0100000000	0.0100000000	100	100	0	0.978931
1508000	-1.0000000000	0.0100000000	0.0100000000	100	100	0	0.980218
1509000	-1.0000000000	0.0100000000	0.0100000000	100	100	0	0.966193
1510000	-1.0000000000	0.0100000000	0.0100000000	100	100	0	0.963947
1511000	-1.0000000000	0.0100000000	0.0100000000	100	100	0	0.988294
1512000	-1.0000000000	0.0100000000	0.0100000000	100	100	0	0.962770
1513000	-1.0000000000	0.0100000000	0.0100000000	100	100	0	0.980040
1514000	-1.0000000000	0.0100000000	0.0100000000	100	100	0	0.947669
1515000	-1.0000000000	0.0100000000	0.0100000000	100	100	0	0.949075
1516000	-1.0000000000	0.0100000000	0.0100000000	100	100	0	0.953292
1517000	-1.0000000000	0.0100000000	0.0100000000	100	100	0	0.972956
1518000	-1.0000000000	0.0100000000	0.0100000000	100	100	0	0.935930
1519000	-1.0000000000	0.0100000000	0.0100000000	100	100	0	0.947242
1520000	-1.0000000000	0.0100000000	0.0100000000	100	100	0	0.988002
1521000	-1.0000000000	0.0100000000	0.0100000000	100	100	0	0.980218
1522000	-1.0000000000	0.0100000000	0.0100000000	100	100	0	0.976179
1523000	-1.0000000000	0.0100000000	0.0100000000	100	100	0	0.982733
1524000	-1.0000000000	0.0100000000	0.0100000000	100	100	0	0.987416
1525000	-1.0000000000	0.0100000000	0.0100000000	100	100	0	0.983320
1526000	-1.0000000000	0.0100000000	0.0100000000	100	100	0	0.962885
1527000	-1.0000000000	0.0100000000	0.0100000000	100	100	0	0.959852
1528000	-1.0000000000	0.0100000000	0.0100000000	100	100	0	0.979223
1529000	-1.0000000000	0.0100000000	0.0100000000	100	100	0	0.972432
1530000	-1.0000000000	0.0100000000	0.0100000000	100	100	0	0.979888
1531000	-1.0000000000	0.0100000000	0.0100000000	100	100	0	0.981153
1532000	-1.0000000000	0.0100000000	0.0100000000	100	100	0	0.942364
1533000	-1.0000000000	0.0100000000	0.0100000000	100	100	0	0.950012
1534000	-1.0000000000	0.0100000000	0.0100000000	100	100	0	0.955506
1535000	-1.0000000000	0.0100000000	0.0100000000	100	100	0	0.985777
1536000	-1.0000000000	0.0100000000	0.0100000000	100	100	0	0.951886
1537000	-1.0000000000	0.0100000000	0.0100000000	100	100	0	0.957978
1538000	-1.0000000000	0.0100000000	0.0100000000	100	100	0	0.956572
1539000	-1.0000000000	0.0100000000	0.0100000000	100	100	0	0.946732
1540000	-1.0000000000	0.0100000000	0.0100000000	100	100	0	0.982616
1541000	-1.0000000000	0.0100000000	0.0100000000	100	100	0	0.967517
1542000	-1.0000000000	0.0100000000	0.0100000000	100	100	0	0.982323
1543000	-1.0000000000	0.0100000000	0.0100000000	100	100	0	0.984198
1544000	-1.0000000000	0.0100000000	0.0100000000	100	100	0	0.941959
1545000	-1.0000000000	0.0100000000	0.0100000000	100	100	0	0.961958
1546000	-1.0000000000	0.0100000000	0.0100000000	100	100	0	0.955635
1547000	-1.0000000000	0.0100000000	0.0100000000	100	100	0	0.984783
1548000	-1.0000000000	0.0100000000	0.0100000000	100	100	0	0.983437
1549000	-1.0000000000	0.0100000000	0.0100000000	100	100	0	0.935975
1550000	-1.0000000000	0.0100000000	0.0100000000	100	100	0	0.975125
1551000	-1.0000000000	0.0100000000	0.0100000000	100	100	0	0.984314
1552000	-1.0000000000	0.0100000000	0.0100000000	100	100	0	0.960321
1553000	-1.0000000000	0.0100000000	0.0100000000	100	100	0	0.950354
1554000	-1.0000000000	0.0100000000	0.0100000000	100	100	0	0.973312
1555000	-1.0000000000	0.0100000000	0.0100000000	100	100	0	0.974366
1556000	-1.0000000000	0.0100000000	0.0100000000	100	100	0	0.944090
1557000	-1.0000000000	0.0100000000	0.0100000000	100	100	0	0.980335
1558000	-1.0000000000	0.0100000000	0.0100000000	100	100	0	0.975741
1559000	-1.0000000000	0.0100000000	0.0100000000	100	100	0	0.974947
1560000	-1.0000000000	0.0100000000	0.0100000000	100	100	0	0.952674
1561000	-1.0000000000	0.0100000000	0.0100000000	100	100	0	0.951268
1562000	-1.0000000000	0.0100000000	0.0100000000	100	100	0	0.978810
1563000	-1.0000000000	0.0100000000	0.0100000000	100	100	0	0.951737
1564000	-1.0000000000	0.0100000000	0.0100000000	100	100	0	0.963241
1565000	-1.0000000000	0.0100000000	0.0100000000	100	100	0	0.983318
1566000	-1.0000000000	0.0100000000	0.0100000000	100	100	0	0.976995
1567000	-1.0000000000	0.0100000000	0.0100000000	100	100	0	0.971554
1568000	-1.0000000000	0.0100000000	0.0100000000	100	100	0	0.958915
1569000	-1.0000000000	0.0100000000	0.0100000000	100	100	0	0.956423
1570000	-1.0000000000	0.0100000000	0.0100000000	100	100	0	0.957157
1571000	-1.0000000000	0.0100000000	0.0100000000	100	100	0	0.986539
1572000	-1.0000000000	0.0100000000	0.0100000000	100	100	0	0.958911
1573000	-1.0000000000	0.0100000000	0.0100000000	100	100	0	0.986831
1574000	-1.0000000000	0.0100000000	0.0100000000	100	100	0	0.966873
1575000	-1.0000000000	0.0100000000	0.0100000000	100	100	0	0.946753
1576000	-1.0000000000	0.0100000000	0.0100000000	100	100	0	0.983085
1577000	-1.0000000000	0.0100000000	0.0100000000	100	100	0	0.988609
1578000	-1.0000000000	0.0100000000	0.0100000000	100	100	0	0.950949
1579000	-1.0000000000	0.0100000000	0.0100000000	100	100	0	0.978170
1580000	-1.0000000000	0.0100000000	0.0100000000	100	100	0	0.952994
1581000	-1.0000000000	0.0100000000	0.0100000000	100	100	0	0.958847
1582000	-1.0000000000	0.0100000000	0.0100000000	100	100	0	0.984601
1583000	-1.0000000000	0.0100000000	0.0100000000	100	100	0	0.981564
1584000	-1.0000000000	0.0100000000	0.0100000000	100	100	0	0.990653
1585000	-1.0000000000	0.0100000000	0.0100000000	100	100	0	0.982968
1586000	-1.0000000000	0.0100000000	0.0100000000	100	100	0	0.990471
1587000	-1.0000000000	0.0100000000	0.0100000000	100	100	0	0.981787
1588000	-1.0000000000	0.0100000000	0.0100000000	100	100	0	0.978636
1589000	-1.0000000000	0.0100000000	0.0100000000	100	100	0	0.970503
1590000	-1.0000000000	0.0100000000	0.0100000000	100	100	0	0.919658
1591000	-1.0000000000	0.0100000000	0.0100000000	100	100	0	0.970503
1592000	-1.0000000000	0.0100000000	0.0100000000	100	100	0	0.911460
1593000	-1.0000000000	0.0100000000	0.0100000000	100	100	0	0.986246
1594000	-1.0000000000	0.0100000000	0.0100000000	100	100	0	0.978013
1595000	-1.0000000000	0.0100000000	0.0100000000	100	100	0	0.973382
1596000	-1.0000000000	0.0100000000	0.0100000000	100	100	0	0.963359
1597000	-1.0000000000	0.0100000000	0.0100000000	100	100	0	0.983057
1598000	-1.0000000000	0.0100000000	0.0100000000	100	100	0	0.987124
1599000	-1.0000000000	0.0100000000	0.0100000000	100	100	0	0.952355
1600000	-1.0000000000	0.0100000000	0.0100000000	100	100	0	0.959208
1601000	-1.0000000000	0.0100000000	0.0100000000	100	100	0	0.958915
1602000	-1.0000000000	0.0100000000	0.0100000000	100	100	0	0.986655
1603000	-1.0000000000	0.0100000000	0.0100000000	100	100	0	0.988294
1604000	-1.0000000000	0.0100000000	0.0100000000	100	100	0	0.976588
1605000	-1.0000000000	0.0100000000	0.0100000000	100	100	0	0.975534
1606000	-1.0000000000	0.0100000000	0.0100000000	100	100	0	0.981679
1607000	-1.0000000000	0.0100000000	0.0100000000	100	100	0	0.995464
1608000	-1.0000000000	0.0100000000	0.0100000000	100	100	0	0.988394
1609000	-1.0000000000	0.0100000000	0.0100000000	100	100	0	0.981857
1610000	-1.0000000000	0.0100000000	0.0100000000	100	100	0	0.986539
1611000	-1.0000000000	0.0100000000	0.0100000000	100	100	0	0.966281
1612000	-1.0000000000	0.0100000000	0.0100000000	100	100	0	0.988879
1613000	-1.0000000000	0.0100000000	0.0100000000	100	100	0	0.984783
1614000	-1.0000000000	0.0100000000	0.0100000000	100	100	0	0.949951
1615000	-1.0000000000	0.0100000000	0.0100000000	100	100	0	0.953519
1616000	-1.0000000000	0.0100000000	0.0100000000	100	100	0	0.983613
1617000	-1.0000000000	0.0100000000	0.0100000000	100	100	0	0.966742
1618000	-1.0000000000	0.0100000000	0.0100000000	100	100	0	0.965757
1619000	-1.0000000000	0.0100000000	0.0100000000	100	100	0	0.977114
1620000	-1.0000000000	0.0100000000	0.0100000000	100	100	0	0.964125
1621000	-1.0000000000	0.0100000000	0.0100000000	100	100	0	0.979045
1622000	-1.0000000000	0.0100000000	0.0100000000	100	100	0	0.952056
1623000	-1.0000000000	0.0100000000	0.0100000000	100	100	0	0.977934
1624000	-1.0000000000	0.0100000000	0.0100000000	100	100	0	0.976471
1625000	-1.0000000000	0.0100000000	0.0100000000	100	100	0	0.965402
1626000	-1.0000000000	0.0100000000	0.0100000000	100	100	0	0.953409
1627000	-1.0000000000	0.0100000000	0.0100000000	100	100	0	0.949543
1628000	-1.0000000000	0.0100000000	0.0100000000	100	100	0	0.957978
1629000	-1.0000000000	0.0100000000	0.0100000000	100	100	0	0.974658
1630000	-1.0000000000	0.0100000000	0.0100000000	100	100	0	0.996840
1631000	-1.0000000000	0.0100000000	0.0100000000	100	100	0	0.986831
1632000	-1.0000000000	0.0100000000	0.0100000000	100	100	0	0.953143
1633000	-1.0000000000	0.0100000000	0.0100000000	100	100	0	0.934374
1634000	-1.0000000000	0.0100000000	0.0100000000	100	100	0	0.988415
1635000	-1.0000000000	0.0100000000	0.0100000000	100	100	0	0.974128
1636000	-1.0000000000	0.0100000000	0.0100000000	100	100	0	0.986345
1637000	-1.0000000000	0.0100000000	0.0100000000	100	100	0	0.985368
1638000	-1.0000000000	0.0100000000	0.0100000000	100	100	0	0.975420
1639000	-1.0000000000	0.0100000000	0.0100000000	100	100	0	0.977760
1640000	-1.0000000000	0.0100000000	0.0100000000	100	100	0	0.981224
1641000	-1.0000000000	0.0100000000	0.0100000000	100	100	0	0.947988
1642000	-1.0000000000	0.0100000000	0.0100000000	100	100	0	0.978812
1643000	-1.0000000000	0.0100000000	0.0100000000	100	100	0	0.953931
1644000	-1.0000000000	0.0100000000	0.0100000000	100	100	0	0.934665
1645000	-1.0000000000	0.0100000000	0.0100000000	100	100	0	0.956104
1646000	-1.0000000000	0.0100000000	0.0100000000	100	100	0	0.955017
1647000	-1.0000000000	0.0100000000	0.0100000000	100	100	0	0.963364
1648000	-1.0000000000	0.0100000000	0.0100000000	100	100	0	0.950481
1649000	-1.0000000000	0.0100000000	0.0100000000	100	100	0	0.951119
1650000	-1.0000000000	0.0100000000	0.0100000000	100	100	0	0.983613
1651000	-1.0000000000	0.0100000000	0.0100000000	100	100	0	0.984695
1652000	-1.0000000000	0.0100000000	0.0100000000	100	100	0	0.951418
1653000	-1.0000000000	0.0100000000	0.0100000000	100	100	0	0.973662
1654000	-1.0000000000	0.0100000000	0.0100000000	100	100	0	0.909370
1655000	-1.0000000000	0.0100000000	0.0100000000	100	100	0	0.953292
1656000	-1.0000000000	0.0100000000	0.0100000000	100	100	0	0.928818
1657000	-1.0000000000	0.0100000000	0.0100000000	100	100	0	0.945795
1658000	-1.0000000000	0.0100000000	0.0100000000	100	100	0	0.956572
1659000	-1.0000000000	0.0100000000	0.0100000000	100	100	0	0.946583
1660000	-1.0000000000	0.0100000000	0.0100000000	100	100	0	0.980511
1661000	-1.0000000000	0.0100000000	0.0100000000	100	100	0	0.981505
1662000	-1.0000000000	0.0100000000	0.0100000000	100	100	0	0.987416
1663000	-1.0000000000	0.0100000000	0.0100000000	100	100	0	0.984022
1664000	-1.0000000000	0.0100000000	0.0100000000	100	100	0	0.953292
1665000	-1.0000000000	0.0100000000	0.0100000000	100	100	0	0.936465
1666000	-1.0000000000	0.0100000000	0.0100000000	100	100	0	0.951418
1667000	-1.0000000000	0.0100000000	0.0100000000	100	100	0	0.961663
1668000	-1.0000000000	0.0100000000	0.0100000000	100	100	0	0.948606
1669000	-1.0000000000	0.0100000000	0.0100000000	100	100	0	0.951418
1670000	-1.0000000000	0.0100000000	0.0100000000	100	100	0	0.978638
1671000	-1.0000000000	0.0100000000	0.0100000000	100	100	0	0.976756
1672000	-1.0000000000	0.0100000000	0.0100000000	100	100	0	0.986246
1673000	-1.0000000000	0.0100000000	0.0100000000	100	100	0	0.952824
1674000	-1.0000000000	0.0100000000	0.0100000000	100	100	0	0.984473
1675000	-1.0000000000	0.0100000000	0.0100000000	100	100	0	0.979809
1676000	-1.0000000000	0.0100000000	0.0100000000	100	100	0	0.985076
1677000	-1.0000000000	0.0100000000	0.0100000000	100	100	0	0.928159
1678000	-1.0000000000	0.0100000000	0.0100000000	100	100	0	0.955635
1679000	-1.0000000000	0.0100000000	0.0100000000	100	100	0	0.948138
1680000	-1.0000000000	0.0100000000	0.0100000000	100	100	0	0.970640
1681000	-1.0000000000	0.0100000000	0.0100000000	100	100	0	0.983729
1682000	-1.0000000000	0.0100000000	0.0100000000	100	100	0	0.976402
1683000	-1.0000000000	0.0100000000	0.0100000000	100	100	0	0.974658
1684000	-1.0000000000	0.0100000000	0.0100000000	100	100	0	0.991133
1685000	-1.0000000000	0.0100000000	0.0100000000	100	100	0	0.958502
1686000	-1.0000000000	0.0100000000	0.0100000000	100	100	0	0.962954
1687000	-1.0000000000	0.0100000000	0.0100000000	100	100	0	0.987124
1688000	-1.0000000000	0.0100000000	0.0100000000	100	100	0	0.975360
1689000	-1.0000000000	0.0100000000	0.0100000000	100	100	0	0.953818
1690000	-1.0000000000	0.0100000000	0.0100000000	100	100	0	0.955017
1691000	-1.0000000000	0.0100000000	0.0100000000	100	100	0	0.950182
1692000	-1.0000000000	0.0100000000	0.0100000000	100	100	0	0.900956
1693000	-1.0000000000	0.0100000000	0.0100000000	100	100	0	0.984255
1694000	-1.0000000000	0.0100000000	0.0100000000	100	100	0	0.988294
1695000	-1.0000000000	0.0100000000	0.0100000000	100	100	0	0.982559
1696000	-1.0000000000	0.0100000000	0.0100000000	100	100	0	0.979925
1697000	-1.0000000000	0.0100000000	0.0100000000	100	100	0	0.970701
1698000	-1.0000000000	0.0100000000	0.0100000000	100	100	0	0.995534
1699000	-1.0000000000	0.0100000000	0.0100000000	100	100	0	0.964789
1700000	-1.0000000000	0.0100000000	0.0100000000	100	100	0	0.978638
1701000	-1.0000000000	0.0100000000	0.0100000000	100	100	0	0.951119
1702000	-1.0000000000	0.0100000000	0.0100000000	100	100	0	0.959324
1703000	-1.0000000000	0.0100000000	0.0100000000	100	100	0	0.952824
1704000	-1.0000000000	0.0100000000	0.0100000000	100	100	0	0.949734
1705000	-1.0000000000	0.0100000000	0.0100000000	100	100	0	0.958915
1706000	-1.0000000000	0.0100000000	0.0100000000	100	100	0	0.943452
1707000	-1.0000000000	0.0100000000	0.0100000000	100	100	0	0.947201
1708000	-1.0000000000	0.0100000000	0.0100000000	100	100	0	0.957978
1709000	-1.0000000000	0.0100000000	0.0100000000	100	100	0	0.958915
1710000	-1.0000000000	0.0100000000	0.0100000000	100	100	0	0.969506
1711000	-1.0000000000	0.0100000000	0.0100000000	100	100	0	0.945028
1712000	-1.0000000000	0.0100000000	0.0100000000	100	100	0	0.971906
1713000	-1.0000000000	0.0100000000	0.0100000000	100	100	0	0.980354
1714000	-1.0000000000	0.0100000000	0.0100000000	100	100	0	0.987124
1715000	-1.0000000000	0.0100000000	0.0100000000	100	100	0	0.971319
1716000	-1.0000000000	0.0100000000	0.0100000000	100	100	0	0.987124
1717000	-1.0000000000	0.0100000000	0.0100000000	100	100	0	0.951737
1718000	-1.0000000000	0.0100000000	0.0100000000	100	100	0	0.957509
1719000	-1.0000000000	0.0100000000	0.0100000000	100	100	0	0.942365
1720000	-1.0000000000	0.0100000000	0.0100000000	100	100	0	0.983320
1721000	-1.0000000000	0.0100000000	0.0100000000	100	100	0	0.982193
1722000	-1.0000000000	0.0100000000	0.0100000000	100	100	0	0.956572
1723000	-1.0000000000	0.0100000000	0.0100000000	100	100	0	0.956104
1724000	-1.0000000000	0.0100000000	0.0100000000	100	100	0	0.976414
1725000	-1.0000000000	0.0100000000	0.0100000000	100	100	0	0.969617
1726000	-1.0000000000	0.0100000000	0.0100000000	100	100	0	0.957978
1727000	-1.0000000000	0.0100000000	0.0100000000	100	100	0	0.966934
1728000	-1.0000000000	0.0100000000	0.0100000000	100	100	0	0.967161
1729000	-1.0000000000	0.0100000000	0.0100000000	100	100	0	0.966494
1730000	-1.0000000000	0.0100000000	0.0100000000	100	100	0	0.980687
1731000	-1.0000000000	0.0100000000	0.0100000000	100	100	0	0.969917
1732000	-1.0000000000	0.0100000000	0.0100000000	100	100	0	0.952206
1733000	-1.0000000000	0.0100000000	0.0100000000	100	100	0	0.983905
1734000	-1.0000000000	0.0100000000	0.0100000000	100	100	0	0.980979
1735000	-1.0000000000	0.0100000000	0.0100000000	100	100	0	0.955805
1736000	-1.0000000000	0.0100000000	0.0100000000	100	100	0	0.966165
1737000	-1.0000000000	0.0100000000	0.0100000000	100	100	0	0.964554
1738000	-1.0000000000	0.0100000000	0.0100000000	100	100	0	0.955336
1739000	-1.0000000000	0.0100000000	0.0100000000	100	100	0	0.979221
1740000	-1.0000000000	0.0100000000	0.0100000000	100	100	0	0.970327
1741000	-1.0000000000	0.0100000000	0.0100000000	100	100	0	0.981622
1742000	-1.0000000000	0.0100000000	0.0100000000	100	100	0	0.950651
1743000	-1.0000000000	0.0100000000	0.0100000000	100	100	0	0.938210
1744000	-1.0000000000	0.0100000000	0.0100000000	100	100	0	0.973897
1745000	-1.0000000000	0.0100000000	0.0100000000	100	100	0	0.971753
1746000	-1.0000000000	0.0100000000	0.0100000000	100	100	0	0.958915
1747000	-1.0000000000	0.0100000000	0.0100000000	100	100	0	0.954080
1748000	-1.0000000000	0.0100000000	0.0100000000	100	100	0	0.988411
1749000	-1.0000000000	0.0100000000	0.0100000000	100	100	0	0.982804
1750000	-1.0000000000	0.0100000000	0.0100000000	100	100	0	0.988587
1751000	-1.0000000000	0.0100000000	0.0100000000	100	100	0	0.980392
1752000	-1.0000000000	0.0100000000	0.0100000000	100	100	0	0.980979
1753000	-1.0000000000	0.0100000000	0.0100000000	100	100	0	0.988879
1754000	-1.0000000000	0.0100000000	0.0100000000	100	100	0	0.979809
1755000	-1.0000000000	0.0100000000	0.0100000000	100	100	0	0.965641
1756000	-1.0000000000	0.0100000000	0.0100000000	100	100	0	0.952355
1757000	-1.0000000000	0.0100000000	0.0100000000	100	100	0	0.986246
1758000	-1.0000000000	0.0100000000	0.0100000000	100	100	0	0.985661
1759000	-1.0000000000	0.0100000000	0.0100000000	100	100	0	0.950481
1760000	-1.0000000000	0.0100000000	0.0100000000	100	100	0	0.956572
1761000	-1.0000000000	0.0100000000	0.0100000000	100	100	0	0.980727
1762000	-1.0000000000	0.0100000000	0.0100000000	100	100	0	0.988587
1763000	-1.0000000000	0.0100000000	0.0100000000	100	100	0	0.947988
1764000	-1.0000000000	0.0100000000	0.0100000000	100	100	0	0.931862
1765000	-1.0000000000	0.0100000000	0.0100000000	100	100	0	0.961074
1766000	-1.0000000000	0.0100000000	0.0100000000	100	100	0	0.983074
1767000	-1.0000000000	0.0100000000	0.0100000000	100	100	0	0.965727
1768000	-1.0000000000	0.0100000000	0.0100000000	100	100	0	0.983670
1769000	-1.0000000000	0.0100000000	0.0100000000	100	100	0	0.979338
1770000	-1.0000000000	0.0100000000	0.0100000000	100	100	0	0.982735
1771000	-1.0000000000	0.0100000000	0.0100000000	100	100	0	0.985368
1772000	-1.0000000000	0.0100000000	0.0100000000	100	100	0	0.967812
1773000	-1.0000000000	0.0100000000	0.0100000000	100	100	0	0.955486
1774000	-1.0000000000	0.0100000000	0.0100000000	100	100	0	0.952404
1775000	-1.0000000000	0.0100000000	0.0100000000	100	100	0	0.960321
1776000	-1.0000000000	0.0100000000	0.0100000000	100	100	0	0.984490
1777000	-1.0000000000	0.0100000000	0.0100000000	100	100	0	0.963533
1778000	-1.0000000000	0.0100000000	0.0100000000	100	100	0	0.952764
1779000	-1.0000000000	0.0100000000	0.0100000000	100	100	0	0.975770
1780000	-1.0000000000	0.0100000000	0.0100000000	100	100	0	0.978665
1781000	-1.0000000000	0.0100000000	0.0100000000	100	100	0	0.979223
1782000	-1.0000000000	0.0100000000	0.0100000000	100	100	0	0.986539
1783000	-1.0000000000	0.0100000000	0.0100000000	100	100	0	0.982442
1784000	-1.0000000000	0.0100000000	0.0100000000	100	100	0	0.973296
1785000	-1.0000000000	0.0100000000	0.0100000000	100	100	0	0.962834
1786000	-1.0000000000	0.0100000000	0.0100000000	100	100	0	0.967337
1787000	-1.0000000000	0.0100000000	0.0100000000	100	100	0	0.987124
1788000	-1.0000000000	0.0100000000	0.0100000000	100	100	0	0.938957
1789000	-1.0000000000	0.0100000000	0.0100000000	100	100	0	0.986070
1790000	-1.0000000000	0.0100000000	0.0100000000	100	100	0	0.995142
1791000	-1.0000000000	0.0100000000	0.0100000000	100	100	0	0.968859
1792000	-1.0000000000	0.0100000000	0.0100000000	100	100	0	0.984900
1793000	-1.0000000000	0.0100000000	0.0100000000	100	100	0	0.954698
1794000	-1.0000000000	0.0100000000	0.0100000000	100	100	0	0.971262
1795000	-1.0000000000	0.0100000000	0.0100000000	100	100	0	0.977468
1796000	-1.0000000000	0.0100000000	0.0100000000	100	100	0	0.969801
1797000	-1.0000000000	0.0100000000	0.0100000000	100	100	0	0.929117
1798000	-1.0000000000	0.0100000000	0.0100000000	100	100	0	0.981522
1799000	-1.0000000000	0.0100000000	0.0100000000	100	100	0	0.980803
1800000	-1.0000000000	0.0100000000	0.0100000000	100	100	0	0.968856
1801000	-1.0000000000	0.0100000000	0.0100000000	100	100	0	0.988054
1802000	-1.0000000000	0.0100000000	0.0100000000	100	100	0	0.966815
1803000	-1.0000000000	0.0100000000	0.0100000000	100	100	0	0.949713
1804000	-1.0000000000	0.0100000000	0.0100000000	100	100	0	0.983377
1805000	-1.0000000000	0.0100000000	0.0100000000	100	100	0	0.985661
1806000	-1.0000000000	0.0100000000	0.0100000000	100	100	0	0.987416
1807000	-1.0000000000	0.0100000000	0.0100000000	100	100	0	0.972397
1808000	-1.0000000000	0.0100000000	0.0100000000	100	100	0	0.942339
1809000	-1.0000000000	0.0100000000	0.0100000000	100	100	0	0.957041
1810000	-1.0000000000	0.0100000000	0.0100000000	100	100	0	0.967636
1811000	-1.0000000000	0.0100000000	0.0100000000	100	100	0	0.969739
1812000	-1.0000000000	0.0100000000	0.0100000000	100	100	0	0.981036
1813000	-1.0000000000	0.0100000000	0.0100000000	100	100	0	0.972199
1814000	-1.0000000000	0.0100000000	0.0100000000	100	100	0	0.987124
1815000	-1.0000000000	0.0100000000	0.0100000000	100	100	0	0.979164
1816000	-1.0000000000	0.0100000000	0.0100000000	100	100	0	0.957235
1817000	-1.0000000000	0.0100000000	0.0100000000	100	100	0	0.971614
1818000	-1.0000000000	0.0100000000	0.0100000000	100	100	0	0.985953
1819000	-1.0000000000	0.0100000000	0.0100000000	100	100	0	0.972606
1820000	-1.0000000000	0.0100000000	0.0100000000	100	100	0	0.947839
1821000	-1.0000000000	0.0100000000	0.0100000000	100	100	0	0.938297
1822000	-1.0000000000	0.0100000000	0.0100000000	100	100	0	0.958731
1823000	-1.0000000000	0.0100000000	0.0100000000	100	100	0	0.982150
1824000	-1.0000000000	0.0100000000	0.0100000000	100	100	0	0.952824
1825000	-1.0000000000	0.0100000000	0.0100000000	100	100	0	0.981681
1826000	-1.0000000000	0.0100000000	0.0100000000	100	100	0	0.987416
1827000	-1.0000000000	0.0100000000	0.0100000000	100	100	0	0.987709
1828000	-1.0000000000	0.0100000000	0.0100000000	100	100	0	0.947988
1829000	-1.0000000000	0.0100000000	0.0100000000	100	100	0	0.980627
1830000	-1.0000000000	0.0100000000	0.0100000000	100	100	0	0.934740
1831000	-1.0000000000	0.0100000000	0.0100000000	100	100	0	0.946794
1832000	-1.0000000000	0.0100000000	0.0100000000	100	100	0	0.984490
1833000	-1.0000000000	0.0100000000	0.0100000000	100	100	0	0.978696
1834000	-1.0000000000	0.0100000000	0.0100000000	100	100	0	0.958915
1835000	-1.0000000000	0.0100000000	0.0100000000	100	100	0	0.955635
1836000	-1.0000000000	0.0100000000	0.0100000000	100	100	0	0.983437
1837000	-1.0000000000	0.0100000000	0.0100000000	100	100	0	0.956891
1838000	-1.0000000000	0.0100000000	0.0100000000	100	100	0	0.957041
1839000	-1.0000000000	0.0100000000	0.0100000000	100	100	0	0.956104
1840000	-1.0000000000	0.0100000000	0.0100000000	100	100	0	0.955928
1841000	-1.0000000000	0.0100000000	0.0100000000	100	100	0	0.941856
1842000	-1.0000000000	0.0100000000	0.0100000000	100	100	0	0.979571
1843000	-1.0000000000	0.0100000000	0.0100000000	100	100	0	0.949075
1844000	-1.0000000000	0.0100000000	0.0100000000	100	100	0	0.956572
1845000	-1.0000000000	0.0100000000	0.0100000000	100	100	0	0.980218
1846000	-1.0000000000	0.0100000000	0.0100000000	100	100	0	0.981562
1847000	-1.0000000000	0.0100000000	0.0100000000	100	100	0	0.981738
1848000	-1.0000000000	0.0100000000	0.0100000000	100	100	0	0.942577
1849000	-1.0000000000	0.0100000000	0.0100000000	100	100	0	0.986539
1850000	-1.0000000000	0.0100000000	0.0100000000	100	100	0	0.974834
1851000	-1.0000000000	0.0100000000	0.0100000000	100	100	0	0.950665
1852000	-1.0000000000	0.0100000000	0.0100000000	100	100	0	0.952355
1853000	-1.0000000000	0.0100000000	0.0100000000	100	100	0	0.957679
1854000	-1.0000000000	0.0100000000	0.0100000000	100	100	0	0.931609
1855000	-1.0000000000	0.0100000000	0.0100000000	100	100	0	0.990731
1856000	-1.0000000000	0.0100000000	0.0100000000	100	100	0	0.981974
1857000	-1.0000000000	0.0100000000	0.0100000000	100	100	0	0.967165
1858000	-1.0000000000	0.0100000000	0.0100000000	100	100	0	0.989757
1859000	-1.0000000000	0.0100000000	0.0100000000	100	100	0	0.984431
1860000	-1.0000000000	0.0100000000	0.0100000000	100	100	0	0.947195
1861000	-1.0000000000	0.0100000000	0.0100000000	100	100	0	0.974830
1862000	-1.0000000000	0.0100000000	0.0100000000	100	100	0	0.952355
1863000	-1.0000000000	0.0100000000	0.0100000000	100	100	0	0.978696
1864000	-1.0000000000	0.0100000000	0.0100000000	100	100	0	0.975829
1865000	-1.0000000000	0.0100000000	0.0100000000	100	100	0	0.972784
1866000	-1.0000000000	0.0100000000	0.0100000000	100	100	0	0.983259
1867000	-1.0000000000	0.0100000000	0.0100000000	100	100	0	0.967750
1868000	-1.0000000000	0.0100000000	0.0100000000	100	100	0	0.970738
1869000	-1.0000000000	0.0100000000	0.0100000000	100	100	0	0.953462
1870000	-1.0000000000	0.0100000000	0.0100000000	100	100	0	0.947201
1871000	-1.0000000000	0.0100000000	0.0100000000	100	100	0	0.957041
1872000	-1.0000000000	0.0100000000	0.0100000000	100	100	0	0.934080
1873000	-1.0000000000	0.0100000000	0.0100000000	100	100	0	0.956891
1874000	-1.0000000000	0.0100000000	0.0100000000	100	100	0	0.975677
1875000	-1.0000000000	0.0100000000	0.0100000000	100	100	0	0.984783
1876000	-1.0000000000	0.0100000000	0.0100000000	100	100	0	0.979633
1877000	-1.0000000000	0.0100000000	0.0100000000	100	100	0	0.946732
1878000	-1.0000000000	0.0100000000	0.0100000000	100	100	0	0.955635
1879000	-1.0000000000	0.0100000000	0.0100000000	100	100	0	0.976997
1880000	-1.0000000000	0.0100000000	0.0100000000	100	100	0	0.989465
1881000	-1.0000000000	0.0100000000	0.0100000000	100	100	0	0.951886
1882000	-1.0000000000	0.0100000000	0.0100000000	100	100	0	0.978227
1883000	-1.0000000000	0.0100000000	0.0100000000	100	100	0	0.975829
1884000	-1.0000000000	0.0100000000	0.0100000000	100	100	0	0.988879
1885000	-1.0000000000	0.0100000000	0.0100000000	100	100	0	0.957829
1886000	-1.0000000000	0.0100000000	0.0100000000	100	100	0	0.944424
1887000	-1.0000000000	0.0100000000	0.0100000000	100	100	0	0.982383
1888000	-1.0000000000	0.0100000000	0.0100000000	100	100	0	0.995447
1889000	-1.0000000000	0.0100000000	0.0100000000	100	100	0	0.950000
1890000	-1.0000000000	0.0100000000	0.0100000000	100	100	0	0.982966
1891000	-1.0000000000	0.0100000000	0.0100000000	100	100	0	0.958915
1892000	-1.0000000000	0.0100000000	0.0100000000	100	100	0	0.950182
1893000	-1.0000000000	0.0100000000	0.0100000000	100	100	0	0.987709
1894000	-1.0000000000	0.0100000000	0.0100000000	100	100	0	0.958876
1895000	-1.0000000000	0.0100000000	0.0100000000	100	100	0	0.988587
1896000	-1.0000000000	0.0100000000	0.0100000000	100	100	0	0.980627
1897000	-1.0000000000	0.0100000000	0.0100000000	100	100	0	0.981153
1898000	-1.0000000000	0.0100000000	0.0100000000	100	100	0	0.981622
1899000	-1.0000000000	0.0100000000	0.0100000000	100	100	0	0.990940
1900000	-1.0000000000	0.0100000000	0.0100000000	100	100	0	0.953401
1901000	-1.0000000000	0.0100000000	0.0100000000	100	100	0	0.968563
1902000	-1.0000000000	0.0100000000	0.0100000000	100	100	0	0.997916
1903000	-1.0000000000	0.0100000000	0.0100000000	100	100	0	0.957978
1904000	-1.0000000000	0.0100000000	0.0100000000	100	100	0	0.952674
1905000	-1.0000000000	0.0100000000	0.0100000000	100	100	0	0.933436
1906000	-1.0000000000	0.0100000000	0.0100000000	100	100	0	0.976764
1907000	-1.0000000000	0.0100000000	0.0100000000	100	100	0	0.969568
1908000	-1.0000000000	0.0100000000	0.0100000000	100	100	0	0.988002
1909000	-1.0000000000	0.0100000000	0.0100000000	100	100	0	0.987709
1910000	-1.0000000000	0.0100000000	0.0100000000	100	100	0	0.948308
1911000	-1.0000000000	0.0100000000	0.0100000000	100	100	0	0.986244
1912000	-1.0000000000	0.0100000000	0.0100000000	100	100	0	0.974071
1913000	-1.0000000000	0.0100000000	0.0100000000	100	100	0	0.958563
1914000	-1.0000000000	0.0100000000	0.0100000000	100	100	0	0.956104
1915000	-1.0000000000	0.0100000000	0.0100000000	100	100	0	0.948776
1916000	-1.0000000000	0.0100000000	0.0100000000	100	100	0	0.967282
1917000	-1.0000000000	0.0100000000	0.0100000000	100	100	0	0.984783
1918000	-1.0000000000	0.0100000000	0.0100000000	100	100	0	0.985661
1919000	-1.0000000000	0.0100000000	0.0100000000	100	100	0	0.983027
1920000	-1.0000000000	0.0100000000	0.0100000000	100	100	0	0.947956
1921000	-1.0000000000	0.0100000000	0.0100000000	100	100	0	0.985468
1922000	-1.0000000000	0.0100000000	0.0100000000	100	100	0	0.961894
1923000	-1.0000000000	0.0100000000	0.0100000000	100	100	0	0.947093
1924000	-1.0000000000	0.0100000000	0.0100000000	100	100	0	0.985016
1925000	-1.0000000000	0.0100000000	0.0100000000	100	100	0	0.957509
1926000	-1.0000000000	0.0100000000	0.0100000000	100	100	0	0.973371
1927000	-1.0000000000	0.0100000000	0.0100000000	100	100	0	0.981329
1928000	-1.0000000000	0.0100000000	0.0100000000	100	100	0	0.986831
1929000	-1.0000000000	0.0100000000	0.0100000000	100	100	0	0.988294
1930000	-1.0000000000	0.0100000000	0.0100000000	100	100	0	0.986539
1931000	-1.0000000000	0.0100000000	0.0100000000	100	100	0	0.957802
1932000	-1.0000000000	0.0100000000	0.0100000000	100	100	0	0.954229
1933000	-1.0000000000	0.0100000000	0.0100000000	100	100	0	0.957509
1934000	-1.0000000000	0.0100000000	0.0100000000	100	100	0	0.975653
1935000	-1.0000000000	0.0100000000	0.0100000000	100	100	0	0.953873
1936000	-1.0000000000	0.0100000000	0.0100000000	100	100	0	0.947051
1937000	-1.0000000000	0.0100000000	0.0100000000	100	100	0	0.967014
1938000	-1.0000000000	0.0100000000	0.0100000000	100	100	0	0.930157
1939000	-1.0000000000	0.0100000000	0.0100000000	100	100	0	0.947669
1940000	-1.0000000000	0.0100000000	0.0100000000	100	100	0	0.979045
1941000	-1.0000000000	0.0100000000	0.0100000000	100	100	0	0.978170
1942000	-1.0000000000	0.0100000000	0.0100000000	100	100	0	0.985368
1943000	-1.0000000000	0.0100000000	0.0100000000	100	100	0	0.986831
1944000	-1.0000000000	0.0100000000	0.0100000000	100	100	0	0.975066
1945000	-1.0000000000	0.0100000000	0.0100000000	100	100	0	0.952634
1946000	-1.0000000000	0.0100000000	0.0100000000	100	100	0	0.982559
1947000	-1.0000000000	0.0100000000	0.0100000000	100	100	0	0.934292
1948000	-1.0000000000	0.0100000000	0.0100000000	100	100	0	0.954698
1949000	-1.0000000000	0.0100000000	0.0100000000	100	100	0	0.967341
1950000	-1.0000000000	0.0100000000	0.0100000000	100	100	0	0.946462
1951000	-1.0000000000	0.0100000000	0.0100000000	100	100	0	0.968571
1952000	-1.0000000000	0.0100000000	0.0100000000	100	100	0	0.977565
1953000	-1.0000000000	0.0100000000	0.0100000000	100	100	0	0.953292
1954000	-1.0000000000	0.0100000000	0.0100000000	100	100	0	0.981857
1955000	-1.0000000000	0.0100000000	0.0100000000	100	100	0	0.957211
1956000	-1.0000000000	0.0100000000	0.0100000000	100	100	0	0.983786
1957000	-1.0000000000	0.0100000000	0.0100000000	100	100	0	0.950949
1958000	-1.0000000000	0.0100000000	0.0100000000	100	100	0	0.957041
1959000	-1.0000000000	0.0100000000	0.0100000000	100	100	0	0.947561
1960000	-1.0000000000	0.0100000000	0.0100000000	100	100	0	0.981212
1961000	-1.0000000000	0.0100000000	0.0100000000	100	100	0	0.989757
1962000	-1.0000000000	0.0100000000	0.0100000000	100	100	0	0.979629
1963000	-1.0000000000	0.0100000000	0.0100000000	100	100	0	0.987925
1964000	-1.0000000000	0.0100000000	0.0100000000	100	100	0	0.969330
1965000	-1.0000000000	0.0100000000	0.0100000000	100	100	0	0.983905
1966000	-1.0000000000	0.0100000000	0.0100000000	100	100	0	0.986831
1967000	-1.0000000000	0.0100000000	0.0100000000	100	100	0	0.966550
1968000	-1.0000000000	0.0100000000	0.0100000000	100	100	0	0.971321
1969000	-1.0000000000	0.0100000000	0.0100000000	100	100	0	0.959875
1970000	-1.0000000000	0.0100000000	0.0100000000	100	100	0	0.970736
1971000	-1.0000000000	0.0100000000	0.0100000000	100	100	0	0.950033
1972000	-1.0000000000	0.0100000000	0.0100000000	100	100	0	0.945326
1973000	-1.0000000000	0.0100000000	0.0100000000	100	100	0	0.977290
1974000	-1.0000000000	0.0100000000	0.0100000000	100	100	0	0.988294
1975000	-1.0000000000	0.0100000000	0.0100000000	100	100	0	0.989289
1976000	-1.0000000000	0.0100000000	0.0100000000	100	100	0	0.994328
1977000	-1.0000000000	0.0100000000	0.0100000000	100	100	0	0.985005
1978000	-1.0000000000	0.0100000000	0.0100000000	100	100	0	0.974949
1979000	-1.0000000000	0.0100000000	0.0100000000	100	100	0	0.955954
1980000	-1.0000000000	0.0100000000	0.0100000000	100	100	0	0.970032
1981000	-1.0000000000	0.0100000000	0.0100000000	100	100	0	0.975536
1982000	-1.0000000000	0.0100000000	0.0100000000	100	100	0	0.989172
1983000	-1.0000000000	0.0100000000	0.0100000000	100	100	0	0.994328
1984000	-1.0000000000	0.0100000000	0.0100000000	100	100	0	0.974526
1985000	-1.0000000000	0.0100000000	0.0100000000	100	100	0	0.986246
1986000	-1.0000000000	0.0100000000	0.0100000000	100	100	0	0.976414
1987000	-1.0000000000	0.0100000000	0.0100000000	100	100	0	0.973541
1988000	-1.0000000000	0.0100000000	0.0100000000	100	100	0	0.960663
1989000	-1.0000000000	0.0100000000	0.0100000000	100	100	0	0.969473
1990000	-1.0000000000	0.0100000000	0.0100000000	100	100	0	0.953761
1991000	-1.0000000000	0.0100000000	0.0100000000	100	100	0	0.970032
1992000	-1.0000000000	0.0100000000	0.0100000000	100	100	0	0.981564
1993000	-1.0000000000	0.0100000000	0.0100000000	100	100	0	0.980508
1994000	-1.0000000000	0.0100000000	0.0100000000	100	100	0	0.983027
1995000	-1.0000000000	0.0100000000	0.0100000000	100	100	0	0.966287
1996000	-1.0000000000	0.0100000000	0.0100000000	100	100	0	0.976823
1997000	-1.0000000000	0.0100000000	0.0100000000	100	100	0	0.982735
1998000	-1.0000000000	0.0100000000	0.0100000000	100	100	0	0.973189
1999000	-1.0000000000	0.0100000000	0.0100000000	100	100	0	0.983261
2000000	-1.0000000000	0.0100000000	0.0100000000	100	100	0	0.948606
2001000	-1.0000000000	0.0100000000	0.0100000000	100	100	0	0.980101
2002000	-1.0000000000	0.0100000000	0.0100000000	100	100	0	0.972256
2003000	-1.0000000000	0.0100000000	0.0100000000	100	100	0	0.994686
2004000	-1.0000000000	0.0100000000	0.0100000000	100	100	0	0.978286
2005000	-1.0000000000	0.0100000000	0.0100000000	100	100	0	0.976999
2006000	-1.0000000000	0.0100000000	0.0100000000	100	100	0	0.988493
2007000	-1.0000000000	0.0100000000	0.0100000000	100	100	0	0.971988
2008000	-1.0000000000	0.0100000000	0.0100000000	100	100	0	0.958211
2009000	-1.0000000000	0.0100000000	0.0100000000	100	100	0	0.964123
2010000	-1.0000000000	0.0100000000	0.0100000000	100	100	0	0.956104
2011000	-1.0000000000	0.0100000000	0.0100000000	100	100	0	0.954755
2012000	-1.0000000000	0.0100000000	0.0100000000	100	100	0	0.937700
2013000	-1.0000000000	0.0100000000	0.0100000000	100	100	0	0.968400
2014000	-1.0000000000	0.0100000000	0.0100000000	100	100	0	0.964786
2015000	-1.0000000000	0.0100000000	0.0100000000	100	100	0	0.948776
2016000	-1.0000000000	0.0100000000	0.0100000000	100	100	0	0.947839
2017000	-1.0000000000	0.0100000000	0.0100000000	100	100	0	0.975125
2018000	-1.0000000000	0.0100000000	0.0100000000	100	100	0	0.972080
2019000	-1.0000000000	0.0100000000	0.0100000000	100	100	0	0.991169
2020000	-1.0000000000	0.0100000000	0.0100000000	100	100	0	0.980101
2021000	-1.0000000000	0.0100000000	0.0100000000	100	100	0	0.953931
2022000	-1.0000000000	0.0100000000	0.0100000000	100	100	0	0.986831
2023000	-1.0000000000	0.0100000000	0.0100000000	100	100	0	0.967748
2024000	-1.0000000000	0.0100000000	0.0100000000	100	100	0	0.966932
2025000	-1.0000000000	0.0100000000	0.0100000000	100	100	0	0.985485
2026000	-1.0000000000	0.0100000000	0.0100000000	100	100	0	0.973605
2027000	-1.0000000000	0.0100000000	0.0100000000	100	100	0	0.978988
2028000	-1.0000000000	0.0100000000	0.0100000000	100	100	0	0.947201
2029000	-1.0000000000	0.0100000000	0.0100000000	100	100	0	0.954698
2030000	-1.0000000000	0.0100000000	0.0100000000	100	100	0	0.945326
2031000	-1.0000000000	0.0100000000	0.0100000000	100	100	0	0.951418
2032000	-1.0000000000	0.0100000000	0.0100000000	100	100	0	0.954639
2033000	-1.0000000000	0.0100000000	0.0100000000	100	100	0	0.965289
2034000	-1.0000000000	0.0100000000	0.0100000000	100	100	0	0.980803
2035000	-1.0000000000	0.0100000000	0.0100000000	100	100	0	0.987416
2036000	-1.0000000000	0.0100000000	0.0100000000	100	100	0	0.953761
2037000	-1.0000000000	0.0100000000	0.0100000000	100	100	0	0.980627
2038000	-1.0000000000	0.0100000000	0.0100000000	100	100	0	0.982735
2039000	-1.0000000000	0.0100000000	0.0100000000	100	100	0	0.971904
2040000	-1.0000000000	0.0100000000	0.0100000000	100	100	0	0.961538
2041000	-1.0000000000	0.0100000000	0.0100000000	100	100	0	0.940574
2042000	-1.0000000000	0.0100000000	0.0100000000	100	100	0	0.954401
2043000	-1.0000000000	0.0100000000	0.0100000000	100	100	0	0.957829
2044000	-1.0000000000	0.0100000000	0.0100000000	100	100	0	0.950012
2045000	-1.0000000000	0.0100000000	0.0100000000	100	100	0	0.978108
2046000	-1.0000000000	0.0100000000	0.0100000000	100	100	0	0.955635
2047000	-1.0000000000	0.0100000000	0.0100000000	100	100	0	0.946284
2048000	-1.0000000000	0.0100000000	0.0100000000	100	100	0	0.958915
2049000	-1.0000000000	0.0100000000	0.0100000000	100	100	0	0.954549
2050000	-1.0000000000	0.0100000000	0.0100000000	100	100	0	0.978931
2051000	-1.0000000000	0.0100000000	0.0100000000	100	100	0	0.972434
2052000	-1.0000000000	0.0100000000	0.0100000000	100	100	0	0.975125
2053000	-1.0000000000	0.0100000000	0.0100000000	100	100	0	0.955166
2054000	-1.0000000000	0.0100000000	0.0100000000	100	100	0	0.935826
2055000	-1.0000000000	0.0100000000	0.0100000000	100	100	0	0.936933
2056000	-1.0000000000	0.0100000000	0.0100000000	100	100	0	0.954549
2057000	-1.0000000000	0.0100000000	0.0100000000	100	100	0	0.986655
2058000	-1.0000000000	0.0100000000	0.0100000000	100	100	0	0.973893
2059000	-1.0000000000	0.0100000000	0.0100000000	100	100	0	0.958553
2060000	-1.0000000000	0.0100000000	0.0100000000	100	100	0	0.980687
2061000	-1.0000000000	0.0100000000	0.0100000000	100	100	0	0.964532
2062000	-1.0000000000	0.0100000000	0.0100000000	100	100	0	0.987709
2063000	-1.0000000000	0.0100000000	0.0100000000	100	100	0	0.978931
2064000	-1.0000000000	0.0100000000	0.0100000000	100	100	0	0.958915
2065000	-1.0000000000	0.0100000000	0.0100000000	100	100	0	0.976527
2066000	-1.0000000000	0.0100000000	0.0100000000	100	100	0	0.967042
2067000	-1.0000000000	0.0100000000	0.0100000000	100	100	0	0.996845
2068000	-1.0000000000	0.0100000000	0.0100000000	100	100	0	0.984022
2069000	-1.0000000000	0.0100000000	0.0100000000	100	100	0	0.969392
2070000	-1.0000000000	0.0100000000	0.0100000000	100	100	0	0.941598
2071000	-1.0000000000	0.0100000000	0.0100000000	100	100	0	0.954698
2072000	-1.0000000000	0.0100000000	0.0100000000	100	100	0	0.981857
2073000	-1.0000000000	0.0100000000	0.0100000000	100	100	0	0.981085
2074000	-1.0000000000	0.0100000000	0.0100000000	100	100	0	0.934760
2075000	-1.0000000000	0.0100000000	0.0100000000	100	100	0	0.956572
2076000	-1.0000000000	0.0100000000	0.0100000000	100	100	0	0.945816
2077000	-1.0000000000	0.0100000000	0.0100000000	100	100	0	0.939703
2078000	-1.0000000000	0.0100000000	0.0100000000	100	100	0	0.972620
2079000	-1.0000000000	0.0100000000	0.0100000000	100	100	0	0.986246
2080000	-1.0000000000	0.0100000000	0.0100000000	100	100	0	0.970732
2081000	-1.0000000000	0.0100000000	0.0100000000	100	100	0	0.988587
2082000	-1.0000000000	0.0100000000	0.0100000000	100	100	0	0.971264
2083000	-1.0000000000	0.0100000000	0.0100000000	100	100	0	0.951418
2084000	-1.0000000000	0.0100000000	0.0100000000	100	100	0	0.979807
2085000	-1.0000000000	0.0100000000	0.0100000000	100	100	0	0.973660
2086000	-1.0000000000	0.0100000000	0.0100000000	100	100	0	0.956104
2087000	-1.0000000000	0.0100000000	0.0100000000	100	100	0	0.975176
2088000	-1.0000000000	0.0100000000	0.0100000000	100	100	0	0.982559
2089000	-1.0000000000	0.0100000000	0.0100000000	100	100	0	0.956572
2090000	-1.0000000000	0.0100000000	0.0100000000	100	100	0	0.955166
2091000	-1.0000000000	0.0100000000	0.0100000000	100	100	0	0.959852
2092000	-1.0000000000	0.0100000000	0.0100000000	100	100	0	0.955635
2093000	-1.0000000000	0.0100000000	0.0100000000	100	100	0	0.952674
2094000	-1.0000000000	0.0100000000	0.0100000000	100	100	0	0.986246
2095000	-1.0000000000	0.0100000000	0.0100000000	100	100	0	0.985368
2096000	-1.0000000000	0.0100000000	0.0100000000	100	100	0	0.955917
2097000	-1.0000000000	0.0100000000	0.0100000000	100	100	0	0.933872
2098000	-1.0000000000	0.0100000000	0.0100000000	100	100	0	0.955017
2099000	-1.0000000000	0.0100000000	0.0100000000	100	100	0	0.975477
2100000	-1.0000000000	0.0100000000	0.0100000000	100	100	0	0.957037
2101000	-1.0000000000	0.0100000000	0.0100000000	100	100	0	0.955954
2102000	-1.0000000000	0.0100000000	0.0100000000	100	100	0	0.955635
2103000	-1.0000000000	0.0100000000	0.0100000000	100	100	0	0.957919
2104000	-1.0000000000	0.0100000000	0.0100000000	100	100	0	0.965176
2105000	-1.0000000000	0.0100000000	0.0100000000	100	100	0	0.988587
2106000	-1.0000000000	0.0100000000	0.0100000000	100	100	0	0.936593
2107000	-1.0000000000	0.0100000000	0.0100000000	100	100	0	0.985894
2108000	-1.0000000000	0.0100000000	0.0100000000	100	100	0	0.980042
2109000	-1.0000000000	0.0100000000	0.0100000000	100	100	0	0.980687
2110000	-1.0000000000	0.0100000000	0.0100000000	100	100	0	0.984783
2111000	-1.0000000000	0.0100000000	0.0100000000	100	100	0	0.984548
2112000	-1.0000000000	0.0100000000	0.0100000000	100	100	0	0.981388
2113000	-1.0000000000	0.0100000000	0.0100000000	100	100	0	0.984496
2114000	-1.0000000000	0.0100000000	0.0100000000	100	100	0	0.990050
2115000	-1.0000000000	0.0100000000	0.0100000000	100	100	0	0.967282
2116000	-1.0000000000	0.0100000000	0.0100000000	100	100	0	0.958915
2117000	-1.0000000000	0.0100000000	0.0100000000	100	100	0	0.957972
2118000	-1.0000000000	0.0100000000	0.0100000000	100	100	0	0.985718
2119000	-1.0000000000	0.0100000000	0.0100000000	100	100	0	0.946732
2120000	-1.0000000000	0.0100000000	0.0100000000	100	100	0	0.976062
2121000	-1.0000000000	0.0100000000	0.0100000000	100	100	0	0.953761
2122000	-1.0000000000	0.0100000000	0.0100000000	100	100	0	0.980159
2123000	-1.0000000000	0.0100000000	0.0100000000	100	100	0	0.987826
2124000	-1.0000000000	0.0100000000	0.0100000000	100	100	0	0.978872
2125000	-1.0000000000	0.0100000000	0.0100000000	100	100	0	0.985368
2126000	-1.0000000000	0.0100000000	0.0100000000	100	100	0	0.948457
2127000	-1.0000000000	0.0100000000	0.0100000000	100	100	0	0.949863
2128000	-1.0000000000	0.0100000000	0.0100000000	100	100	0	0.984314
2129000	-1.0000000000	0.0100000000	0.0100000000	100	100	0	0.979921
2130000	-1.0000000000	0.0100000000	0.0100000000	100	100	0	0.949543
2131000	-1.0000000000	0.0100000000	0.0100000000	100	100	0	0.985192
2132000	-1.0000000000	0.0100000000	0.0100000000	100	100	0	0.984138
2133000	-1.0000000000	0.0100000000	0.0100000000	100	100	0	0.988294
2134000	-1.0000000000	0.0100000000	0.0100000000	100	100	0	0.997096
2135000	-1.0000000000	0.0100000000	0.0100000000	100	100	0	0.980042
2136000	-1.0000000000	0.0100000000	0.0100000000	100	100	0	0.959384
2137000	-1.0000000000	0.0100000000	0.0100000000	100	100	0	0.971323
2138000	-1.0000000000	0.0100000000	0.0100000000	100	100	0	0.977431
2139000	-1.0000000000	0.0100000000	0.0100000000	100	100	0	0.951588
2140000	-1.0000000000	0.0100000000	0.0100000000	100	100	0	0.960083
2141000	-1.0000000000	0.0100000000	0.0100000000	100	100	0	0.984900
2142000	-1.0000000000	0.0100000000	0.0100000000	100	100	0	0.981505
2143000	-1.0000000000	0.0100000000	0.0100000000	100	100	0	0.986539
2144000	-1.0000000000	0.0100000000	0.0100000000	100	100	0	0.989757
2145000	-1.0000000000	0.0100000000	0.0100000000	100	100	0	0.981094
2146000	-1.0000000000	0.0100000000	0.0100000000	100	100	0	0.978812
2147000	-1.0000000000	0.0100000000	0.0100000000	100	100	0	0.979516
2148000	-1.0000000000	0.0100000000	0.0100000000	100	100	0	0.985661
2149000	-1.0000000000	0.0100000000	0.0100000000	100	100	0	0.950949
2150000	-1.0000000000	0.0100000000	0.0100000000	100	100	0	0.966639
2151000	-1.0000000000	0.0100000000	0.0100000000	100	100	0	0.959431
2152000	-1.0000000000	0.0100000000	0.0100000000	100	100	0	0.957041
2153000	-1.0000000000	0.0100000000	0.0100000000	100	100	0	0.945666
2154000	-1.0000000000	0.0100000000	0.0100000000	100	100	0	0.981096
2155000	-1.0000000000	0.0100000000	0.0100000000	100	100	0	0.975886
2156000	-1.0000000000	0.0100000000	0.0100000000	100	100	0	0.978170
2157000	-1.0000000000	0.0100000000	0.0100000000	100	100	0	0.953761
2158000	-1.0000000000	0.0100000000	0.0100000000	100	100	0	0.947201
2159000	-1.0000000000	0.0100000000	0.0100000000	100	100	0	0.982329
2160000	-1.0000000000	0.0100000000	0.0100000000	100	100	0	0.967575
2161000	-1.0000000000	0.0100000000	0.0100000000	100	100	0	0.976062
2162000	-1.0000000000	0.0100000000	0.0100000000	100	100	0	0.957509
2163000	-1.0000000000	0.0100000000	0.0100000000	100	100	0	0.959490
2164000	-1.0000000000	0.0100000000	0.0100000000	100	100	0	0.957215
2165000	-1.0000000000	0.0100000000	0.0100000000	100	100	0	0.962463
2166000	-1.0000000000	0.0100000000	0.0100000000	100	100	0	0.981564
2167000	-1.0000000000	0.0100000000	0.0100000000	100	100	0	0.939873
2168000	-1.0000000000	0.0100000000	0.0100000000	100	100	0	0.983027
2169000	-1.0000000000	0.0100000000	0.0100000000	100	100	0	0.946732
2170000	-1.0000000000	0.0100000000	0.0100000000	100	100	0	0.952607
2171000	-1.0000000000	0.0100000000	0.0100000000	100	100	0	0.982150
2172000	-1.0000000000	0.0100000000	0.0100000000	100	100	0	0.957978
2173000	-1.0000000000	0.0100000000	0.0100000000	100	100	0	0.988294
2174000	-1.0000000000	0.0100000000	0.0100000000	100	100	0	0.988002
2175000	-1.0000000000	0.0100000000	0.0100000000	100	100	0	0.980042
2176000	-1.0000000000	0.0100000000	0.0100000000	100	100	0	0.953519
2177000	-1.0000000000	0.0100000000	0.0100000000	100	100	0	0.952824
2178000	-1.0000000000	0.0100000000	0.0100000000	100	100	0	0.959852
2179000	-1.0000000000	0.0100000000	0.0100000000	100	100	0	0.957041
2180000	-1.0000000000	0.0100000000	0.0100000000	100	100	0	0.954080
2181000	-1.0000000000	0.0100000000	0.0100000000	100	100	0	0.980101
2182000	-1.0000000000	0.0100000000	0.0100000000	100	100	0	0.988002
2183000	-1.0000000000	0.0100000000	0.0100000000	100	100	0	0.988002
2184000	-1.0000000000	0.0100000000	0.0100000000	100	100	0	0.966130
2185000	-1.0000000000	0.0100000000	0.0100000000	100	100	0	0.971438
2186000	-1.0000000000	0.0100000000	0.0100000000	100	100	0	0.978988
2187000	-1.0000000000	0.0100000000	0.0100000000	100	100	0	0.985076
2188000	-1.0000000000	0.0100000000	0.0100000000	100	100	0	0.986667
2189000	-1.0000000000	0.0100000000	0.0100000000	100	100	0	0.953701
2190000	-1.0000000000	0.0100000000	0.0100000000	100	100	0	0.954990
2191000	-1.0000000000	0.0100000000	0.0100000000	100	100	0	0.935331
2192000	-1.0000000000	0.0100000000	0.0100000000	100	100	0	0.983201
2193000	-1.0000000000	0.0100000000	0.0100000000	100	100	0	0.987709
2194000	-1.0000000000	0.0100000000	0.0100000000	100	100	0	0.948349
2195000	-1.0000000000	0.0100000000	0.0100000000	100	100	0	0.948926
2196000	-1.0000000000	0.0100000000	0.0100000000	100	100	0	0.983903
2197000	-1.0000000000	0.0100000000	0.0100000000	100	100	0	0.984414
2198000	-1.0000000000	0.0100000000	0.0100000000	100	100	0	0.982150
2199000	-1.0000000000	0.0100000000	0.0100000000	100	100	0	0.984079
2200000	-1.0000000000	0.0100000000	0.0100000000	100	100	0	0.956572
2201000	-1.0000000000	0.0100000000	0.0100000000	100	100	0	0.946114
2202000	-1.0000000000	0.0100000000	0.0100000000	100	100	0	0.938190
2203000	-1.0000000000	0.0100000000	0.0100000000	100	100	0	0.983729
2204000	-1.0000000000	0.0100000000	0.0100000000	100	100	0	0.981564
2205000	-1.0000000000	0.0100000000	0.0100000000	100	100	0	0.971669
2206000	-1.0000000000	0.0100000000	0.0100000000	100	100	0	0.964470
2207000	-1.0000000000	0.0100000000	0.0100000000	100	100	0	0.954872
2208000	-1.0000000000	0.0100000000	0.0100000000	100	100	0	0.983320
2209000	-1.0000000000	0.0100000000	0.0100000000	100	100	0	0.906517
2210000	-1.0000000000	0.0100000000	0.0100000000	100	100	0	0.986011
2211000	-1.0000000000	0.0100000000	0.0100000000	100	100	0	0.958915
2212000	-1.0000000000	0.0100000000	0.0100000000	100	100	0	0.968215
2213000	-1.0000000000	0.0100000000	0.0100000000	100	100	0	0.963241
2214000	-1.0000000000	0.0100000000	0.0100000000	100	100	0	0.973838
2215000	-1.0000000000	0.0100000000	0.0100000000	100	100	0	0.980394
2216000	-1.0000000000	0.0100000000	0.0100000000	100	100	0	0.984490
2217000	-1.0000000000	0.0100000000	0.0100000000	100	100	0	0.957649
2218000	-1.0000000000	0.0100000000	0.0100000000	100	100	0	0.987124
2219000	-1.0000000000	0.0100000000	0.0100000000	100	100	0	0.966400
2220000	-1.0000000000	0.0100000000	0.0100000000	100	100	0	0.980359
2221000	-1.0000000000	0.0100000000	0.0100000000	100	100	0	0.986187
2222000	-1.0000000000	0.0100000000	0.0100000000	100	100	0	0.986246
2223000	-1.0000000000	0.0100000000	0.0100000000	100	100	0	0.957509
2224000	-1.0000000000	0.0100000000	0.0100000000	100	100	0	0.943303
2225000	-1.0000000000	0.0100000000	0.0100000000	100	100	0	0.950481
2226000	-1.0000000000	0.0100000000	0.0100000000	100	100	0	0.988002
2227000	-1.0000000000	0.0100000000	0.0100000000	100	100	0	0.979925
2228000	-1.0000000000	0.0100000000	0.0100000000	100	100	0	0.987124
2229000	-1.0000000000	0.0100000000	0.0100000000	100	100	0	0.982993
2230000	-1.0000000000	0.0100000000	0.0100000000	100	100	0	0.947988
2231000	-1.0000000000	0.0100000000	0.0100000000	100	100	0	0.945795
2232000	-1.0000000000	0.0100000000	0.0100000000	100	100	0	0.910842
2233000	-1.0000000000	0.0100000000	0.0100000000	100	100	0	0.953143
2234000	-1.0000000000	0.0100000000	0.0100000000	100	100	0	0.957978
2235000	-1.0000000000	0.0100000000	0.0100000000	100	100	0	0.942855
2236000	-1.0000000000	0.0100000000	0.0100000000	100	100	0	0.939765
2237000	-1.0000000000	0.0100000000	0.0100000000	100	100	0	0.969997
2238000	-1.0000000000	0.0100000000	0.0100000000	100	100	0	0.978931
2239000	-1.0000000000	0.0100000000	0.0100000000	100	100	0	0.973717
2240000	-1.0000000000	0.0100000000	0.0100000000	100	100	0	0.977584
2241000	-1.0000000000	0.0100000000	0.0100000000	100	100	0	0.954698
2242000	-1.0000000000	0.0100000000	0.0100000000	100	100	0	0.979633
2243000	-1.0000000000	0.0100000000	0.0100000000	100	100	0	0.972944
2244000	-1.0000000000	0.0100000000	0.0100000000	100	100	0	0.985661
2245000	-1.0000000000	0.0100000000	0.0100000000	100	100	0	0.981914
2246000	-1.0000000000	0.0100000000	0.0100000000	100	100	0	0.985076
2247000	-1.0000000000	0.0100000000	0.0100000000	100	100	0	0.952525
2248000	-1.0000000000	0.0100000000	0.0100000000	100	100	0	0.958915
2249000	-1.0000000000	0.0100000000	0.0100000000	100	100	0	0.963537
2250000	-1.0000000000	0.0100000000	0.0100000000	100	100	0	0.951418
2251000	-1.0000000000	0.0100000000	0.0100000000	100	100	0	0.982643
2252000	-1.0000000000	0.0100000000	0.0100000000	100	100	0	0.958297
2253000	-1.0000000000	0.0100000000	0.0100000000	100	100	0	0.964516
2254000	-1.0000000000	0.0100000000	0.0100000000	100	100	0	0.946114
2255000	-1.0000000000	0.0100000000	0.0100000000	100	100	0	0.897249
2256000	-1.0000000000	0.0100000000	0.0100000000	100	100	0	0.937829
2257000	-1.0000000000	0.0100000000	0.0100000000	100	100	0	0.980568
2258000	-1.0000000000	0.0100000000	0.0100000000	100	100	0	0.985076
2259000	-1.0000000000	0.0100000000	0.0100000000	100	100	0	0.988382
2260000	-1.0000000000	0.0100000000	0.0100000000	100	100	0	0.981564
2261000	-1.0000000000	0.0100000000	0.0100000000	100	100	0	0.982616
2262000	-1.0000000000	0.0100000000	0.0100000000	100	100	0	0.956981
2263000	-1.0000000000	0.0100000000	0.0100000000	100	100	0	0.951758
2264000	-1.0000000000	0.0100000000	0.0100000000	100	100	0	0.972492
2265000	-1.0000000000	0.0100000000	0.0100000000	100	100	0	0.974599
2266000	-1.0000000000	0.0100000000	0.0100000000	100	100	0	0.975759
2267000	-1.0000000000	0.0100000000	0.0100000000	100	100	0	0.976878
2268000	-1.0000000000	0.0100000000	0.0100000000	100	100	0	0.975090
2269000	-1.0000000000	0.0100000000	0.0100000000	100	100	0	0.981564
2270000	-1.0000000000	0.0100000000	0.0100000000	100	100	0	0.982851
2271000	-1.0000000000	0.0100000000	0.0100000000	100	100	0	0.986539
2272000	-1.0000000000	0.0100000000	0.0100000000	100	100	0	0.971730
2273000	-1.0000000000	0.0100000000	0.0100000000	100	100	0	0.950522
2274000	-1.0000000000	0.0100000000	0.0100000000	100	100	0	0.967980
2275000	-1.0000000000	0.0100000000	0.0100000000	100	100	0	0.973920
2276000	-1.0000000000	0.0100000000	0.0100000000	100	100	0	0.975301
2277000	-1.0000000000	0.0100000000	0.0100000000	100	100	0	0.974126
2278000	-1.0000000000	0.0100000000	0.0100000000	100	100	0	0.983930
2279000	-1.0000000000	0.0100000000	0.0100000000	100	100	0	0.985073
2280000	-1.0000000000	0.0100000000	0.0100000000	100	100	0	0.961485
2281000	-1.0000000000	0.0100000000	0.0100000000	100	100	0	0.960789
2282000	-1.0000000000	0.0100000000	0.0100000000	100	100	0	0.985971
2283000	-1.0000000000	0.0100000000	0.0100000000	100	100	0	0.956572
2284000	-1.0000000000	0.0100000000	0.0100000000	100	100	0	0.975328
2285000	-1.0000000000	0.0100000000	0.0100000000	100	100	0	0.935996
2286000	-1.0000000000	0.0100000000	0.0100000000	100	100	0	0.945795
2287000	-1.0000000000	0.0100000000	0.0100000000	100	100	0	0.982735
2288000	-1.0000000000	0.0100000000	0.0100000000	100	100	0	0.974654
2289000	-1.0000000000	0.0100000000	0.0100000000	100	100	0	0.959551
2290000	-1.0000000000	0.0100000000	0.0100000000	100	100	0	0.976414
2291000	-1.0000000000	0.0100000000	0.0100000000	100	100	0	0.956572
2292000	-1.0000000000	0.0100000000	0.0100000000	100	100	0	0.947201
2293000	-1.0000000000	0.0100000000	0.0100000000	100	100	0	0.983318
2294000	-1.0000000000	0.0100000000	0.0100000000	100	100	0	0.977758
2295000	-1.0000000000	0.0100000000	0.0100000000	100	100	0	0.971732
2296000	-1.0000000000	0.0100000000	0.0100000000	100	100	0	0.982735
2297000	-1.0000000000	0.0100000000	0.0100000000	100	100	0	0.963656
2298000	-1.0000000000	0.0100000000	0.0100000000	100	100	0	0.962189
2299000	-1.0000000000	0.0100000000	0.0100000000	100	100	0	0.936912
2300000	-1.0000000000	0.0100000000	0.0100000000	100	100	0	0.953164
2301000	-1.0000000000	0.0100000000	0.0100000000	100	100	0	0.985076
2302000	-1.0000000000	0.0100000000	0.0100000000	100	100	0	0.961098
2303000	-1.0000000000	0.0100000000	0.0100000000	100	100	0	0.983261
2304000	-1.0000000000	0.0100000000	0.0100000000	100	100	0	0.982090
2305000	-1.0000000000	0.0100000000	0.0100000000	100	100	0	0.961665
2306000	-1.0000000000	0.0100000000	0.0100000000	100	100	0	0.988294
2307000	-1.0000000000	0.0100000000	0.0100000000	100	100	0	0.974832
2308000	-1.0000000000	0.0100000000	0.0100000000	100	100	0	0.979048
2309000	-1.0000000000	0.0100000000	0.0100000000	100	100	0	0.952492
2310000	-1.0000000000	0.0100000000	0.0100000000	100	100	0	0.957509
2311000	-1.0000000000	0.0100000000	0.0100000000	100	100	0	0.960789
2312000	-1.0000000000	0.0100000000	0.0100000000	100	100	0	0.995353
2313000	-1.0000000000	0.0100000000	0.0100000000	100	100	0	0.960321
2314000	-1.0000000000	0.0100000000	0.0100000000	100	100	0	0.922938
2315000	-1.0000000000	0.0100000000	0.0100000000	100	100	0	0.952824
2316000	-1.0000000000	0.0100000000	0.0100000000	100	100	0	0.938877
2317000	-1.0000000000	0.0100000000	0.0100000000	100	100	0	0.970443
2318000	-1.0000000000	0.0100000000	0.0100000000	100	100	0	0.957978
2319000	-1.0000000000	0.0100000000	0.0100000000	100	100	0	0.953143
2320000	-1.0000000000	0.0100000000	0.0100000000	100	100	0	0.954698
2321000	-1.0000000000	0.0100000000	0.0100000000	100	100	0	0.980744
2322000	-1.0000000000	0.0100000000	0.0100000000	100	100	0	0.962009
2323000	-1.0000000000	0.0100000000	0.0100000000	100	100	0	0.989921
2324000	-1.0000000000	0.0100000000	0.0100000000	100	100	0	0.940058
2325000	-1.0000000000	0.0100000000	0.0100000000	100	100	0	0.966866
2326000	-1.0000000000	0.0100000000	0.0100000000	100	100	0	0.965995
2327000	-1.0000000000	0.0100000000	0.0100000000	100	100	0	0.971438
2328000	-1.0000000000	0.0100000000	0.0100000000	100	100	0	0.907346
2329000	-1.0000000000	0.0100000000	0.0100000000	100	100	0	0.950949
2330000	-1.0000000000	0.0100000000	0.0100000000	100	100	0	0.946114
2331000	-1.0000000000	0.0100000000	0.0100000000	100	100	0	0.950331
2332000	-1.0000000000	0.0100000000	0.0100000000	100	100	0	0.988002
2333000	-1.0000000000	0.0100000000	0.0100000000	100	100	0	0.956384
2334000	-1.0000000000	0.0100000000	0.0100000000	100	100	0	0.959384
2335000	-1.0000000000	0.0100000000	0.0100000000	100	100	0	0.981732
2336000	-1.0000000000	0.0100000000	0.0100000000	100	100	0	0.985192
2337000	-1.0000000000	0.0100000000	0.0100000000	100	100	0	0.950949
2338000	-1.0000000000	0.0100000000	0.0100000000	100	100	0	0.951323
2339000	-1.0000000000	0.0100000000	0.0100000000	100	100	0	0.945028
2340000	-1.0000000000	0.0100000000	0.0100000000	100	100	0	0.942515
2341000	-1.0000000000	0.0100000000	0.0100000000	100	100	0	0.978108
2342000	-1.0000000000	0.0100000000	0.0100000000	100	100	0	0.981272
2343000	-1.0000000000	0.0100000000	0.0100000000	100	100	0	0.958447
2344000	-1.0000000000	0.0100000000	0.0100000000	100	100	0	0.946114
2345000	-1.0000000000	0.0100000000	0.0100000000	100	100	0	0.957681
2346000	-1.0000000000	0.0100000000	0.0100000000	100	100	0	0.973545
2347000	-1.0000000000	0.0100000000	0.0100000000	100	100	0	0.985661
2348000	-1.0000000000	0.0100000000	0.0100000000	100	100	0	0.987422
2349000	-1.0000000000	0.0100000000	0.0100000000	100	100	0	0.979281
2350000	-1.0000000000	0.0100000000	0.0100000000	100	100	0	0.986246
2351000	-1.0000000000	0.0100000000	0.0100000000	100	100	0	0.958617
2352000	-1.0000000000	0.0100000000	0.0100000000	100	100	0	0.957978
2353000	-1.0000000000	0.0100000000	0.0100000000	100	100	0	0.926902
2354000	-1.0000000000	0.0100000000	0.0100000000	100	100	0	0.977081
2355000	-1.0000000000	0.0100000000	0.0100000000	100	100	0	0.958060
2356000	-1.0000000000	0.0100000000	0.0100000000	100	100	0	0.952406
2357000	-1.0000000000	0.0100000000	0.0100000000	100	100	0	0.955166
2358000	-1.0000000000	0.0100000000	0.0100000000	100	100	0	0.952844
2359000	-1.0000000000	0.0100000000	0.0100000000	100	100	0	0.938040
2360000	-1.0000000000	0.0100000000	0.0100000000	100	100	0	0.964612
2361000	-1.0000000000	0.0100000000	0.0100000000	100	100	0	0.986539
2362000	-1.0000000000	0.0100000000	0.0100000000	100	100	0	0.986831
2363000	-1.0000000000	0.0100000000	0.0100000000	100	100	0	0.956572
2364000	-1.0000000000	0.0100000000	0.0100000000	100	100	0	0.970443
2365000	-1.0000000000	0.0100000000	0.0100000000	100	100	0	0.986994
2366000	-1.0000000000	0.0100000000	0.0100000000	100	100	0	0.977934
2367000	-1.0000000000	0.0100000000	0.0100000000	100	100	0	0.987533
2368000	-1.0000000000	0.0100000000	0.0100000000	100	100	0	0.959384
2369000	-1.0000000000	0.0100000000	0.0100000000	100	100	0	0.954463
2370000	-1.0000000000	0.0100000000	0.0100000000	100	100	0	0.947690
2371000	-1.0000000000	0.0100000000	0.0100000000	100	100	0	0.942046
2372000	-1.0000000000	0.0100000000	0.0100000000	100	100	0	0.950012
2373000	-1.0000000000	0.0100000000	0.0100000000	100	100	0	0.945239
2374000	-1.0000000000	0.0100000000	0.0100000000	100	100	0	0.969568
2375000	-1.0000000000	0.0100000000	0.0100000000	100	100	0	0.976997
2376000	-1.0000000000	0.0100000000	0.0100000000	100	100	0	0.986831
2377000	-1.0000000000	0.0100000000	0.0100000000	100	100	0	0.988002
2378000	-1.0000000000	0.0100000000	0.0100000000	100	100	0	0.993532
2379000	-1.0000000000	0.0100000000	0.0100000000	100	100	0	0.976940
2380000	-1.0000000000	0.0100000000	0.0100000000	100	100	0	0.978225
2381000	-1.0000000000	0.0100000000	0.0100000000	100	100	0	0.960789
2382000	-1.0000000000	0.0100000000	0.0100000000	100	100	0	0.955283
2383000	-1.0000000000	0.0100000000	0.0100000000	100	100	0	0.976590
2384000	-1.0000000000	0.0100000000	0.0100000000	100	100	0	0.974194
2385000	-1.0000000000	0.0100000000	0.0100000000	100	100	0	0.952824
2386000	-1.0000000000	0.0100000000	0.0100000000	100	100	0	0.981388
2387000	-1.0000000000	0.0100000000	0.0100000000	100	100	0	0.951546
2388000	-1.0000000000	0.0100000000	0.0100000000	100	100	0	0.965078
2389000	-1.0000000000	0.0100000000	0.0100000000	100	100	0	0.989465
2390000	-1.0000000000	0.0100000000	0.0100000000	100	100	0	0.952824
2391000	-1.0000000000	0.0100000000	0.0100000000	100	100	0	0.984783
2392000	-1.0000000000	0.0100000000	0.0100000000	100	100	0	0.955486
2393000	-1.0000000000	0.0100000000	0.0100000000	100	100	0	0.986831
2394000	-1.0000000000	0.0100000000	0.0100000000	100	100	0	0.965528
2395000	-1.0000000000	0.0100000000	0.0100000000	100	100	0	0.956572
2396000	-1.0000000000	0.0100000000	0.0100000000	100	100	0	0.981798
2397000	-1.0000000000	0.0100000000	0.0100000000	100	100	0	0.979749
2398000	-1.0000000000	0.0100000000	0.0100000000	100	100	0	0.958352
2399000	-1.0000000000	0.0100000000	0.0100000000	100	100	0	0.973327
2400000	-1.0000000000	0.0100000000	0.0100000000	100	100	0	0.988294
2401000	-1.0000000000	0.0100000000	0.0100000000	100	100	0	0.956104
2402000	-1.0000000000	0.0100000000	0.0100000000	100	100	0	0.935656
2403000	-1.0000000000	0.0100000000	0.0100000000	100	100	0	0.942556
2404000	-1.0000000000	0.0100000000	0.0100000000	100	100	0	0.981857
2405000	-1.0000000000	0.0100000000	0.0100000000	100	100	0	0.943452
2406000	-1.0000000000	0.0100000000	0.0100000000	100	100	0	0.953761
2407000	-1.0000000000	0.0100000000	0.0100000000	100	100	0	0.982442
2408000	-1.0000000000	0.0100000000	0.0100000000	100	100	0	0.950033
2409000	-1.0000000000	0.0100000000	0.0100000000	100	100	0	0.987124
2410000	-1.0000000000	0.0100000000	0.0100000000	100	100	0	0.980335
2411000	-1.0000000000	0.0100000000	0.0100000000	100	100	0	0.947263
2412000	-1.0000000000	0.0100000000	0.0100000000	100	100	0	0.986479
2413000	-1.0000000000	0.0100000000	0.0100000000	100	100	0	0.982733
2414000	-1.0000000000	0.0100000000	0.0100000000	100	100	0	0.969766
2415000	-1.0000000000	0.0100000000	0.0100000000	100	100	0	0.968514
2416000	-1.0000000000	0.0100000000	0.0100000000	100	100	0	0.958915
2417000	-1.0000000000	0.0100000000	0.0100000000	100	100	0	0.951886
2418000	-1.0000000000	0.0100000000	0.0100000000	100	100	0	0.981857
2419000	-1.0000000000	0.0100000000	0.0100000000	100	100	0	0.942726
2420000	-1.0000000000	0.0100000000	0.0100000000	100	100	0	0.935357
2421000	-1.0000000000	0.0100000000	0.0100000000	100	100	0	0.984783
2422000	-1.0000000000	0.0100000000	0.0100000000	100	100	0	0.963571
2423000	-1.0000000000	0.0100000000	0.0100000000	100	100	0	0.976295
2424000	-1.0000000000	0.0100000000	0.0100000000	100	100	0	0.984172
2425000	-1.0000000000	0.0100000000	0.0100000000	100	100	0	0.958084
2426000	-1.0000000000	0.0100000000	0.0100000000	100	100	0	0.937101
2427000	-1.0000000000	0.0100000000	0.0100000000	100	100	0	0.985368
2428000	-1.0000000000	0.0100000000	0.0100000000	100	100	0	0.987124
2429000	-1.0000000000	0.0100000000	0.0100000000	100	100	0	0.986539
2430000	-1.0000000000	0.0100000000	0.0100000000	100	100	0	0.975547
2431000	-1.0000000000	0.0100000000	0.0100000000	100	100	0	0.991753
2432000	-1.0000000000	0.0100000000	0.0100000000	100	100	0	0.977468
2433000	-1.0000000000	0.0100000000	0.0100000000	100	100	0	0.989465
2434000	-1.0000000000	0.0100000000	0.0100000000	100	100	0	0.959208
2435000	-1.0000000000	0.0100000000	0.0100000000	100	100	0	0.984198
2436000	-1.0000000000	0.0100000000	0.0100000000	100	100	0	0.952824
2437000	-1.0000000000	0.0100000000	0.0100000000	100	100	0	0.967634
2438000	-1.0000000000	0.0100000000	0.0100000000	100	100	0	0.952206
2439000	-1.0000000000	0.0100000000	0.0100000000	100	100	0	0.984724
2440000	-1.0000000000	0.0100000000	0.0100000000	100	100	0	0.959676
2441000	-1.0000000000	0.0100000000	0.0100000000	100	100	0	0.976999
2442000	-1.0000000000	0.0100000000	0.0100000000	100	100	0	0.987416
2443000	-1.0000000000	0.0100000000	0.0100000000	100	100	0	0.964415
2444000	-1.0000000000	0.0100000000	0.0100000000	100	100	0	0.983846
2445000	-1.0000000000	0.0100000000	0.0100000000	100	100	0	0.957509
2446000	-1.0000000000	0.0100000000	0.0100000000	100	100	0	0.950481
2447000	-1.0000000000	0.0100000000	0.0100000000	100	100	0	0.984196
2448000	-1.0000000000	0.0100000000	0.0100000000	100	100	0	0.973019
2449000	-1.0000000000	0.0100000000	0.0100000000	100	100	0	0.982733
2450000	-1.0000000000	0.0100000000	0.0100000000	100	100	0	0.992525
2451000	-1.0000000000	0.0100000000	0.0100000000	100	100	0	0.981404
2452000	-1.0000000000	0.0100000000	0.0100000000	100	100	0	0.961980
2453000	-1.0000000000	0.0100000000	0.0100000000	100	100	0	0.983027
2454000	-1.0000000000	0.0100000000	0.0100000000	100	100	0	0.987416
2455000	-1.0000000000	0.0100000000	0.0100000000	100	100	0	0.983320
2456000	-1.0000000000	0.0100000000	0.0100000000	100	100	0	0.969741
2457000	-1.0000000000	0.0100000000	0.0100000000	100	100	0	0.957041
2458000	-1.0000000000	0.0100000000	0.0100000000	100	100	0	0.977292
2459000	-1.0000000000	0.0100000000	0.0100000000	100	100	0	0.983905
2460000	-1.0000000000	0.0100000000	0.0100000000	100	100	0	0.970445
2461000	-1.0000000000	0.0100000000	0.0100000000	100	100	0	0.970679
2462000	-1.0000000000	0.0100000000	0.0100000000	100	100	0	0.983320
2463000	-1.0000000000	0.0100000000	0.0100000000	100	100	0	0.948926
2464000	-1.0000000000	0.0100000000	0.0100000000	100	100	0	0.985953
2465000	-1.0000000000	0.0100000000	0.0100000000	100	100	0	0.959852
2466000	-1.0000000000	0.0100000000	0.0100000000	100	100	0	0.987130
2467000	-1.0000000000	0.0100000000	0.0100000000	100	100	0	0.956247
2468000	-1.0000000000	0.0100000000	0.0100000000	100	100	0	0.955635
2469000	-1.0000000000	0.0100000000	0.0100000000	100	100	0	0.922403
2470000	-1.0000000000	0.0100000000	0.0100000000	100	100	0	0.983320
2471000	-1.0000000000	0.0100000000	0.0100000000	100	100	0	0.986831
2472000	-1.0000000000	0.0100000000	0.0100000000	100	100	0	0.949564
2473000	-1.0000000000	0.0100000000	0.0100000000	100	100	0	0.974249
2474000	-1.0000000000	0.0100000000	0.0100000000	100	100	0	0.978810
2475000	-1.0000000000	0.0100000000	0.0100000000	100	100	0	0.980101
2476000	-1.0000000000	0.0100000000	0.0100000000	100	100	0	0.981096
2477000	-1.0000000000	0.0100000000	0.0100000000	100	100	0	0.988946
2478000	-1.0000000000	0.0100000000	0.0100000000	100	100	0	0.980101
2479000	-1.0000000000	0.0100000000	0.0100000000	100	100	0	0.939168
2480000	-1.0000000000	0.0100000000	0.0100000000	100	100	0	0.976355
2481000	-1.0000000000	0.0100000000	0.0100000000	100	100	0	0.984783
2482000	-1.0000000000	0.0100000000	0.0100000000	100	100	0	0.953255
2483000	-1.0000000000	0.0100000000	0.0100000000	100	100	0	0.966989
2484000	-1.0000000000	0.0100000000	0.0100000000	100	100	0	0.982264
2485000	-1.0000000000	0.0100000000	0.0100000000	100	100	0	0.985894
2486000	-1.0000000000	0.0100000000	0.0100000000	100	100	0	0.987709
2487000	-1.0000000000	0.0100000000	0.0100000000	100	100	0	0.956572
2488000	-1.0000000000	0.0100000000	0.0100000000	100	100	0	0.944389
2489000	-1.0000000000	0.0100000000	0.0100000000	100	100	0	0.980918
2490000	-1.0000000000	0.0100000000	0.0100000000	100	100	0	0.981488
2491000	-1.0000000000	0.0100000000	0.0100000000	100	100	0	0.967233
2492000	-1.0000000000	0.0100000000	0.0100000000	100	100	0	0.943920
2493000	-1.0000000000	0.0100000000	0.0100000000	100	100	0	0.958915
2494000	-1.0000000000	0.0100000000	0.0100000000	100	100	0	0.990525
2495000	-1.0000000000	0.0100000000	0.0100000000	100	100	0	0.982442
2496000	-1.0000000000	0.0100000000	0.0100000000	100	100	0	0.956920
2497000	-1.0000000000	0.0100000000	0.0100000000	100	100	0	0.956572
2498000	-1.0000000000	0.0100000000	0.0100000000	100	100	0	0.974716
2499000	-1.0000000000	0.0100000000	0.0100000000	100	100	0	0.969214
2500000	-1.0000000000	0.0100000000	0.0100000000	100	100	0	0.977349
