time	epistasis_coef	sel_coef	mu_prob	Ne	L	k_start	mean_fitness
1500000	-0.6000000000	0.0100000000	0.1000000000	100	100	0	0.822174
1501000	-0.6000000000	0.0100000000	0.1000000000	100	100	0	0.780817
1502000	-0.6000000000	0.0100000000	0.1000000000	100	100	0	0.712993
1503000	-0.6000000000	0.0100000000	0.1000000000	100	100	0	0.805842
1504000	-0.6000000000	0.0100000000	0.1000000000	100	100	0	0.753808
1505000	-0.6000000000	0.0100000000	0.1000000000	100	100	0	0.837467
1506000	-0.6000000000	0.0100000000	0.1000000000	100	100	0	0.842620
1507000	-0.6000000000	0.0100000000	0.1000000000	100	100	0	0.802460
1508000	-0.6000000000	0.0100000000	0.1000000000	100	100	0	0.829394
1509000	-0.6000000000	0.0100000000	0.1000000000	100	100	0	0.867435
1510000	-0.6000000000	0.0100000000	0.1000000000	100	100	0	0.768206
1511000	-0.6000000000	0.0100000000	0.1000000000	100	100	0	0.806744
1512000	-0.6000000000	0.0100000000	0.1000000000	100	100	0	0.728061
1513000	-0.6000000000	0.0100000000	0.1000000000	100	100	0	0.788643
1514000	-0.6000000000	0.0100000000	0.1000000000	100	100	0	0.750515
1515000	-0.6000000000	0.0100000000	0.1000000000	100	100	0	0.745799
1516000	-0.6000000000	0.0100000000	0.1000000000	100	100	0	0.830779
1517000	-0.6000000000	0.0100000000	0.1000000000	100	100	0	0.850493
1518000	-0.6000000000	0.0100000000	0.1000000000	100	100	0	0.848033
1519000	-0.6000000000	0.0100000000	0.1000000000	100	100	0	0.778231
1520000	-0.6000000000	0.0100000000	0.1000000000	100	100	0	0.811354
1521000	-0.6000000000	0.0100000000	0.1000000000	100	100	0	0.841692
1522000	-0.6000000000	0.0100000000	0.1000000000	100	100	0	0.760626
1523000	-0.6000000000	0.0100000000	0.1000000000	100	100	0	0.844950
1524000	-0.6000000000	0.0100000000	0.1000000000	100	100	0	0.796140
1525000	-0.6000000000	0.0100000000	0.1000000000	100	100	0	0.761715
1526000	-0.6000000000	0.0100000000	0.1000000000	100	100	0	0.752480
1527000	-0.6000000000	0.0100000000	0.1000000000	100	100	0	0.729148
1528000	-0.6000000000	0.0100000000	0.1000000000	100	100	0	0.797865
1529000	-0.6000000000	0.0100000000	0.1000000000	100	100	0	0.768464
1530000	-0.6000000000	0.0100000000	0.1000000000	100	100	0	0.816564
1531000	-0.6000000000	0.0100000000	0.1000000000	100	100	0	0.748592
1532000	-0.6000000000	0.0100000000	0.1000000000	100	100	0	0.869815
1533000	-0.6000000000	0.0100000000	0.1000000000	100	100	0	0.731620
1534000	-0.6000000000	0.0100000000	0.1000000000	100	100	0	0.754932
1535000	-0.6000000000	0.0100000000	0.1000000000	100	100	0	0.808950
1536000	-0.6000000000	0.0100000000	0.1000000000	100	100	0	0.841040
1537000	-0.6000000000	0.0100000000	0.1000000000	100	100	0	0.821601
1538000	-0.6000000000	0.0100000000	0.1000000000	100	100	0	0.751844
1539000	-0.6000000000	0.0100000000	0.1000000000	100	100	0	0.764188
1540000	-0.6000000000	0.0100000000	0.1000000000	100	100	0	0.747112
1541000	-0.6000000000	0.0100000000	0.1000000000	100	100	0	0.845640
1542000	-0.6000000000	0.0100000000	0.1000000000	100	100	0	0.746889
1543000	-0.6000000000	0.0100000000	0.1000000000	100	100	0	0.801041
1544000	-0.6000000000	0.0100000000	0.1000000000	100	100	0	0.772817
1545000	-0.6000000000	0.0100000000	0.1000000000	100	100	0	0.834170
1546000	-0.6000000000	0.0100000000	0.1000000000	100	100	0	0.763372
1547000	-0.6000000000	0.0100000000	0.1000000000	100	100	0	0.847425
1548000	-0.6000000000	0.0100000000	0.1000000000	100	100	0	0.783333
1549000	-0.6000000000	0.0100000000	0.1000000000	100	100	0	0.753864
1550000	-0.6000000000	0.0100000000	0.1000000000	100	100	0	0.818208
1551000	-0.6000000000	0.0100000000	0.1000000000	100	100	0	0.851499
1552000	-0.6000000000	0.0100000000	0.1000000000	100	100	0	0.799292
1553000	-0.6000000000	0.0100000000	0.1000000000	100	100	0	0.752262
1554000	-0.6000000000	0.0100000000	0.1000000000	100	100	0	0.811954
1555000	-0.6000000000	0.0100000000	0.1000000000	100	100	0	0.772667
1556000	-0.6000000000	0.0100000000	0.1000000000	100	100	0	0.761166
1557000	-0.6000000000	0.0100000000	0.1000000000	100	100	0	0.850380
1558000	-0.6000000000	0.0100000000	0.1000000000	100	100	0	0.792801
1559000	-0.6000000000	0.0100000000	0.1000000000	100	100	0	0.789664
1560000	-0.6000000000	0.0100000000	0.1000000000	100	100	0	0.796468
1561000	-0.6000000000	0.0100000000	0.1000000000	100	100	0	0.808462
1562000	-0.6000000000	0.0100000000	0.1000000000	100	100	0	0.780842
1563000	-0.6000000000	0.0100000000	0.1000000000	100	100	0	0.820566
1564000	-0.6000000000	0.0100000000	0.1000000000	100	100	0	0.752613
1565000	-0.6000000000	0.0100000000	0.1000000000	100	100	0	0.780291
1566000	-0.6000000000	0.0100000000	0.1000000000	100	100	0	0.733264
1567000	-0.6000000000	0.0100000000	0.1000000000	100	100	0	0.854412
1568000	-0.6000000000	0.0100000000	0.1000000000	100	100	0	0.783055
1569000	-0.6000000000	0.0100000000	0.1000000000	100	100	0	0.778113
1570000	-0.6000000000	0.0100000000	0.1000000000	100	100	0	0.871401
1571000	-0.6000000000	0.0100000000	0.1000000000	100	100	0	0.814932
1572000	-0.6000000000	0.0100000000	0.1000000000	100	100	0	0.803260
1573000	-0.6000000000	0.0100000000	0.1000000000	100	100	0	0.858866
1574000	-0.6000000000	0.0100000000	0.1000000000	100	100	0	0.761890
1575000	-0.6000000000	0.0100000000	0.1000000000	100	100	0	0.870334
1576000	-0.6000000000	0.0100000000	0.1000000000	100	100	0	0.746449
1577000	-0.6000000000	0.0100000000	0.1000000000	100	100	0	0.844580
1578000	-0.6000000000	0.0100000000	0.1000000000	100	100	0	0.799207
1579000	-0.6000000000	0.0100000000	0.1000000000	100	100	0	0.662260
1580000	-0.6000000000	0.0100000000	0.1000000000	100	100	0	0.786705
1581000	-0.6000000000	0.0100000000	0.1000000000	100	100	0	0.782525
1582000	-0.6000000000	0.0100000000	0.1000000000	100	100	0	0.816158
1583000	-0.6000000000	0.0100000000	0.1000000000	100	100	0	0.782767
1584000	-0.6000000000	0.0100000000	0.1000000000	100	100	0	0.802734
1585000	-0.6000000000	0.0100000000	0.1000000000	100	100	0	0.774177
1586000	-0.6000000000	0.0100000000	0.1000000000	100	100	0	0.922393
1587000	-0.6000000000	0.0100000000	0.1000000000	100	100	0	0.697129
1588000	-0.6000000000	0.0100000000	0.1000000000	100	100	0	0.764363
1589000	-0.6000000000	0.0100000000	0.1000000000	100	100	0	0.749721
1590000	-0.6000000000	0.0100000000	0.1000000000	100	100	0	0.859720
1591000	-0.6000000000	0.0100000000	0.1000000000	100	100	0	0.771665
1592000	-0.6000000000	0.0100000000	0.1000000000	100	100	0	0.773517
1593000	-0.6000000000	0.0100000000	0.1000000000	100	100	0	0.821322
1594000	-0.6000000000	0.0100000000	0.1000000000	100	100	0	0.818862
1595000	-0.6000000000	0.0100000000	0.1000000000	100	100	0	0.774793
1596000	-0.6000000000	0.0100000000	0.1000000000	100	100	0	0.827199
1597000	-0.6000000000	0.0100000000	0.1000000000	100	100	0	0.862234
1598000	-0.6000000000	0.0100000000	0.1000000000	100	100	0	0.769495
1599000	-0.6000000000	0.0100000000	0.1000000000	100	100	0	0.706908
1600000	-0.6000000000	0.0100000000	0.1000000000	100	100	0	0.807841
1601000	-0.6000000000	0.0100000000	0.1000000000	100	100	0	0.836247
1602000	-0.6000000000	0.0100000000	0.1000000000	100	100	0	0.803364
1603000	-0.6000000000	0.0100000000	0.1000000000	100	100	0	0.860898
1604000	-0.6000000000	0.0100000000	0.1000000000	100	100	0	0.864393
1605000	-0.6000000000	0.0100000000	0.1000000000	100	100	0	0.812927
1606000	-0.6000000000	0.0100000000	0.1000000000	100	100	0	0.756699
1607000	-0.6000000000	0.0100000000	0.1000000000	100	100	0	0.846168
1608000	-0.6000000000	0.0100000000	0.1000000000	100	100	0	0.758829
1609000	-0.6000000000	0.0100000000	0.1000000000	100	100	0	0.791169
1610000	-0.6000000000	0.0100000000	0.1000000000	100	100	0	0.771508
1611000	-0.6000000000	0.0100000000	0.1000000000	100	100	0	0.782944
1612000	-0.6000000000	0.0100000000	0.1000000000	100	100	0	0.709993
1613000	-0.6000000000	0.0100000000	0.1000000000	100	100	0	0.853625
1614000	-0.6000000000	0.0100000000	0.1000000000	100	100	0	0.788485
1615000	-0.6000000000	0.0100000000	0.1000000000	100	100	0	0.886141
1616000	-0.6000000000	0.0100000000	0.1000000000	100	100	0	0.771754
1617000	-0.6000000000	0.0100000000	0.1000000000	100	100	0	0.742934
1618000	-0.6000000000	0.0100000000	0.1000000000	100	100	0	0.731651
1619000	-0.6000000000	0.0100000000	0.1000000000	100	100	0	0.807769
1620000	-0.6000000000	0.0100000000	0.1000000000	100	100	0	0.817663
1621000	-0.6000000000	0.0100000000	0.1000000000	100	100	0	0.828644
1622000	-0.6000000000	0.0100000000	0.1000000000	100	100	0	0.786843
1623000	-0.6000000000	0.0100000000	0.1000000000	100	100	0	0.847560
1624000	-0.6000000000	0.0100000000	0.1000000000	100	100	0	0.769124
1625000	-0.6000000000	0.0100000000	0.1000000000	100	100	0	0.855893
1626000	-0.6000000000	0.0100000000	0.1000000000	100	100	0	0.831049
1627000	-0.6000000000	0.0100000000	0.1000000000	100	100	0	0.739150
1628000	-0.6000000000	0.0100000000	0.1000000000	100	100	0	0.658913
1629000	-0.6000000000	0.0100000000	0.1000000000	100	100	0	0.881092
1630000	-0.6000000000	0.0100000000	0.1000000000	100	100	0	0.792240
1631000	-0.6000000000	0.0100000000	0.1000000000	100	100	0	0.808191
1632000	-0.6000000000	0.0100000000	0.1000000000	100	100	0	0.820532
1633000	-0.6000000000	0.0100000000	0.1000000000	100	100	0	0.800801
1634000	-0.6000000000	0.0100000000	0.1000000000	100	100	0	0.755791
1635000	-0.6000000000	0.0100000000	0.1000000000	100	100	0	0.763140
1636000	-0.6000000000	0.0100000000	0.1000000000	100	100	0	0.813902
1637000	-0.6000000000	0.0100000000	0.1000000000	100	100	0	0.747334
1638000	-0.6000000000	0.0100000000	0.1000000000	100	100	0	0.675557
1639000	-0.6000000000	0.0100000000	0.1000000000	100	100	0	0.795355
1640000	-0.6000000000	0.0100000000	0.1000000000	100	100	0	0.869102
1641000	-0.6000000000	0.0100000000	0.1000000000	100	100	0	0.766790
1642000	-0.6000000000	0.0100000000	0.1000000000	100	100	0	0.787107
1643000	-0.6000000000	0.0100000000	0.1000000000	100	100	0	0.756681
1644000	-0.6000000000	0.0100000000	0.1000000000	100	100	0	0.868494
1645000	-0.6000000000	0.0100000000	0.1000000000	100	100	0	0.772861
1646000	-0.6000000000	0.0100000000	0.1000000000	100	100	0	0.777943
1647000	-0.6000000000	0.0100000000	0.1000000000	100	100	0	0.776151
1648000	-0.6000000000	0.0100000000	0.1000000000	100	100	0	0.745591
1649000	-0.6000000000	0.0100000000	0.1000000000	100	100	0	0.882633
1650000	-0.6000000000	0.0100000000	0.1000000000	100	100	0	0.818738
1651000	-0.6000000000	0.0100000000	0.1000000000	100	100	0	0.785913
1652000	-0.6000000000	0.0100000000	0.1000000000	100	100	0	0.848079
1653000	-0.6000000000	0.0100000000	0.1000000000	100	100	0	0.730050
1654000	-0.6000000000	0.0100000000	0.1000000000	100	100	0	0.834235
1655000	-0.6000000000	0.0100000000	0.1000000000	100	100	0	0.708543
1656000	-0.6000000000	0.0100000000	0.1000000000	100	100	0	0.852471
1657000	-0.6000000000	0.0100000000	0.1000000000	100	100	0	0.722957
1658000	-0.6000000000	0.0100000000	0.1000000000	100	100	0	0.722622
1659000	-0.6000000000	0.0100000000	0.1000000000	100	100	0	0.791499
1660000	-0.6000000000	0.0100000000	0.1000000000	100	100	0	0.746800
1661000	-0.6000000000	0.0100000000	0.1000000000	100	100	0	0.771999
1662000	-0.6000000000	0.0100000000	0.1000000000	100	100	0	0.785614
1663000	-0.6000000000	0.0100000000	0.1000000000	100	100	0	0.782897
1664000	-0.6000000000	0.0100000000	0.1000000000	100	100	0	0.777106
1665000	-0.6000000000	0.0100000000	0.1000000000	100	100	0	0.661057
1666000	-0.6000000000	0.0100000000	0.1000000000	100	100	0	0.842698
1667000	-0.6000000000	0.0100000000	0.1000000000	100	100	0	0.833828
1668000	-0.6000000000	0.0100000000	0.1000000000	100	100	0	0.767646
1669000	-0.6000000000	0.0100000000	0.1000000000	100	100	0	0.695572
1670000	-0.6000000000	0.0100000000	0.1000000000	100	100	0	0.740315
1671000	-0.6000000000	0.0100000000	0.1000000000	100	100	0	0.864090
1672000	-0.6000000000	0.0100000000	0.1000000000	100	100	0	0.676793
1673000	-0.6000000000	0.0100000000	0.1000000000	100	100	0	0.801278
1674000	-0.6000000000	0.0100000000	0.1000000000	100	100	0	0.852570
1675000	-0.6000000000	0.0100000000	0.1000000000	100	100	0	0.859402
1676000	-0.6000000000	0.0100000000	0.1000000000	100	100	0	0.856508
1677000	-0.6000000000	0.0100000000	0.1000000000	100	100	0	0.766661
1678000	-0.6000000000	0.0100000000	0.1000000000	100	100	0	0.757225
1679000	-0.6000000000	0.0100000000	0.1000000000	100	100	0	0.753382
1680000	-0.6000000000	0.0100000000	0.1000000000	100	100	0	0.815954
1681000	-0.6000000000	0.0100000000	0.1000000000	100	100	0	0.773793
1682000	-0.6000000000	0.0100000000	0.1000000000	100	100	0	0.706953
1683000	-0.6000000000	0.0100000000	0.1000000000	100	100	0	0.790031
1684000	-0.6000000000	0.0100000000	0.1000000000	100	100	0	0.747085
1685000	-0.6000000000	0.0100000000	0.1000000000	100	100	0	0.706619
1686000	-0.6000000000	0.0100000000	0.1000000000	100	100	0	0.784857
1687000	-0.6000000000	0.0100000000	0.1000000000	100	100	0	0.761651
1688000	-0.6000000000	0.0100000000	0.1000000000	100	100	0	0.820347
1689000	-0.6000000000	0.0100000000	0.1000000000	100	100	0	0.796984
1690000	-0.6000000000	0.0100000000	0.1000000000	100	100	0	0.736575
1691000	-0.6000000000	0.0100000000	0.1000000000	100	100	0	0.758662
1692000	-0.6000000000	0.0100000000	0.1000000000	100	100	0	0.747708
1693000	-0.6000000000	0.0100000000	0.1000000000	100	100	0	0.685678
1694000	-0.6000000000	0.0100000000	0.1000000000	100	100	0	0.779066
1695000	-0.6000000000	0.0100000000	0.1000000000	100	100	0	0.824798
1696000	-0.6000000000	0.0100000000	0.1000000000	100	100	0	0.825871
1697000	-0.6000000000	0.0100000000	0.1000000000	100	100	0	0.633926
1698000	-0.6000000000	0.0100000000	0.1000000000	100	100	0	0.695118
1699000	-0.6000000000	0.0100000000	0.1000000000	100	100	0	0.784254
1700000	-0.6000000000	0.0100000000	0.1000000000	100	100	0	0.869030
1701000	-0.6000000000	0.0100000000	0.1000000000	100	100	0	0.864678
1702000	-0.6000000000	0.0100000000	0.1000000000	100	100	0	0.775633
1703000	-0.6000000000	0.0100000000	0.1000000000	100	100	0	0.820915
1704000	-0.6000000000	0.0100000000	0.1000000000	100	100	0	0.788632
1705000	-0.6000000000	0.0100000000	0.1000000000	100	100	0	0.751191
1706000	-0.6000000000	0.0100000000	0.1000000000	100	100	0	0.794365
1707000	-0.6000000000	0.0100000000	0.1000000000	100	100	0	0.822341
1708000	-0.6000000000	0.0100000000	0.1000000000	100	100	0	0.860710
1709000	-0.6000000000	0.0100000000	0.1000000000	100	100	0	0.774532
1710000	-0.6000000000	0.0100000000	0.1000000000	100	100	0	0.779680
1711000	-0.6000000000	0.0100000000	0.1000000000	100	100	0	0.789327
1712000	-0.6000000000	0.0100000000	0.1000000000	100	100	0	0.750222
1713000	-0.6000000000	0.0100000000	0.1000000000	100	100	0	0.772732
1714000	-0.6000000000	0.0100000000	0.1000000000	100	100	0	0.782944
1715000	-0.6000000000	0.0100000000	0.1000000000	100	100	0	0.809983
1716000	-0.6000000000	0.0100000000	0.1000000000	100	100	0	0.713370
1717000	-0.6000000000	0.0100000000	0.1000000000	100	100	0	0.767332
1718000	-0.6000000000	0.0100000000	0.1000000000	100	100	0	0.832661
1719000	-0.6000000000	0.0100000000	0.1000000000	100	100	0	0.778334
1720000	-0.6000000000	0.0100000000	0.1000000000	100	100	0	0.749225
1721000	-0.6000000000	0.0100000000	0.1000000000	100	100	0	0.876062
1722000	-0.6000000000	0.0100000000	0.1000000000	100	100	0	0.850791
1723000	-0.6000000000	0.0100000000	0.1000000000	100	100	0	0.775267
1724000	-0.6000000000	0.0100000000	0.1000000000	100	100	0	0.702731
1725000	-0.6000000000	0.0100000000	0.1000000000	100	100	0	0.786330
1726000	-0.6000000000	0.0100000000	0.1000000000	100	100	0	0.784241
1727000	-0.6000000000	0.0100000000	0.1000000000	100	100	0	0.796682
1728000	-0.6000000000	0.0100000000	0.1000000000	100	100	0	0.869109
1729000	-0.6000000000	0.0100000000	0.1000000000	100	100	0	0.799979
1730000	-0.6000000000	0.0100000000	0.1000000000	100	100	0	0.731142
1731000	-0.6000000000	0.0100000000	0.1000000000	100	100	0	0.833932
1732000	-0.6000000000	0.0100000000	0.1000000000	100	100	0	0.736041
1733000	-0.6000000000	0.0100000000	0.1000000000	100	100	0	0.816729
1734000	-0.6000000000	0.0100000000	0.1000000000	100	100	0	0.796653
1735000	-0.6000000000	0.0100000000	0.1000000000	100	100	0	0.802038
1736000	-0.6000000000	0.0100000000	0.1000000000	100	100	0	0.813193
1737000	-0.6000000000	0.0100000000	0.1000000000	100	100	0	0.805192
1738000	-0.6000000000	0.0100000000	0.1000000000	100	100	0	0.664593
1739000	-0.6000000000	0.0100000000	0.1000000000	100	100	0	0.783932
1740000	-0.6000000000	0.0100000000	0.1000000000	100	100	0	0.866003
1741000	-0.6000000000	0.0100000000	0.1000000000	100	100	0	0.704685
1742000	-0.6000000000	0.0100000000	0.1000000000	100	100	0	0.750005
1743000	-0.6000000000	0.0100000000	0.1000000000	100	100	0	0.753533
1744000	-0.6000000000	0.0100000000	0.1000000000	100	100	0	0.783345
1745000	-0.6000000000	0.0100000000	0.1000000000	100	100	0	0.805614
1746000	-0.6000000000	0.0100000000	0.1000000000	100	100	0	0.759413
1747000	-0.6000000000	0.0100000000	0.1000000000	100	100	0	0.821091
1748000	-0.6000000000	0.0100000000	0.1000000000	100	100	0	0.712103
1749000	-0.6000000000	0.0100000000	0.1000000000	100	100	0	0.808880
1750000	-0.6000000000	0.0100000000	0.1000000000	100	100	0	0.906047
1751000	-0.6000000000	0.0100000000	0.1000000000	100	100	0	0.726117
1752000	-0.6000000000	0.0100000000	0.1000000000	100	100	0	0.809274
1753000	-0.6000000000	0.0100000000	0.1000000000	100	100	0	0.687013
1754000	-0.6000000000	0.0100000000	0.1000000000	100	100	0	0.765926
1755000	-0.6000000000	0.0100000000	0.1000000000	100	100	0	0.737088
1756000	-0.6000000000	0.0100000000	0.1000000000	100	100	0	0.779807
1757000	-0.6000000000	0.0100000000	0.1000000000	100	100	0	0.729945
1758000	-0.6000000000	0.0100000000	0.1000000000	100	100	0	0.819869
1759000	-0.6000000000	0.0100000000	0.1000000000	100	100	0	0.823662
1760000	-0.6000000000	0.0100000000	0.1000000000	100	100	0	0.852324
1761000	-0.6000000000	0.0100000000	0.1000000000	100	100	0	0.832718
1762000	-0.6000000000	0.0100000000	0.1000000000	100	100	0	0.860501
1763000	-0.6000000000	0.0100000000	0.1000000000	100	100	0	0.835779
1764000	-0.6000000000	0.0100000000	0.1000000000	100	100	0	0.777722
1765000	-0.6000000000	0.0100000000	0.1000000000	100	100	0	0.759891
1766000	-0.6000000000	0.0100000000	0.1000000000	100	100	0	0.861328
1767000	-0.6000000000	0.0100000000	0.1000000000	100	100	0	0.799134
1768000	-0.6000000000	0.0100000000	0.1000000000	100	100	0	0.812680
1769000	-0.6000000000	0.0100000000	0.1000000000	100	100	0	0.763273
1770000	-0.6000000000	0.0100000000	0.1000000000	100	100	0	0.720973
1771000	-0.6000000000	0.0100000000	0.1000000000	100	100	0	0.792208
1772000	-0.6000000000	0.0100000000	0.1000000000	100	100	0	0.809818
1773000	-0.6000000000	0.0100000000	0.1000000000	100	100	0	0.800485
1774000	-0.6000000000	0.0100000000	0.1000000000	100	100	0	0.631605
1775000	-0.6000000000	0.0100000000	0.1000000000	100	100	0	0.765445
1776000	-0.6000000000	0.0100000000	0.1000000000	100	100	0	0.764048
1777000	-0.6000000000	0.0100000000	0.1000000000	100	100	0	0.764369
1778000	-0.6000000000	0.0100000000	0.1000000000	100	100	0	0.753447
1779000	-0.6000000000	0.0100000000	0.1000000000	100	100	0	0.729867
1780000	-0.6000000000	0.0100000000	0.1000000000	100	100	0	0.808942
1781000	-0.6000000000	0.0100000000	0.1000000000	100	100	0	0.788385
1782000	-0.6000000000	0.0100000000	0.1000000000	100	100	0	0.798679
1783000	-0.6000000000	0.0100000000	0.1000000000	100	100	0	0.825243
1784000	-0.6000000000	0.0100000000	0.1000000000	100	100	0	0.786196
1785000	-0.6000000000	0.0100000000	0.1000000000	100	100	0	0.792979
1786000	-0.6000000000	0.0100000000	0.1000000000	100	100	0	0.741174
1787000	-0.6000000000	0.0100000000	0.1000000000	100	100	0	0.731187
1788000	-0.6000000000	0.0100000000	0.1000000000	100	100	0	0.782470
1789000	-0.6000000000	0.0100000000	0.1000000000	100	100	0	0.784179
1790000	-0.6000000000	0.0100000000	0.1000000000	100	100	0	0.769066
1791000	-0.6000000000	0.0100000000	0.1000000000	100	100	0	0.743131
1792000	-0.6000000000	0.0100000000	0.1000000000	100	100	0	0.745855
1793000	-0.6000000000	0.0100000000	0.1000000000	100	100	0	0.796370
1794000	-0.6000000000	0.0100000000	0.1000000000	100	100	0	0.845058
1795000	-0.6000000000	0.0100000000	0.1000000000	100	100	0	0.725435
1796000	-0.6000000000	0.0100000000	0.1000000000	100	100	0	0.761821
1797000	-0.6000000000	0.0100000000	0.1000000000	100	100	0	0.849829
1798000	-0.6000000000	0.0100000000	0.1000000000	100	100	0	0.797282
1799000	-0.6000000000	0.0100000000	0.1000000000	100	100	0	0.743934
1800000	-0.6000000000	0.0100000000	0.1000000000	100	100	0	0.773656
1801000	-0.6000000000	0.0100000000	0.1000000000	100	100	0	0.826061
1802000	-0.6000000000	0.0100000000	0.1000000000	100	100	0	0.680179
1803000	-0.6000000000	0.0100000000	0.1000000000	100	100	0	0.813734
1804000	-0.6000000000	0.0100000000	0.1000000000	100	100	0	0.819334
1805000	-0.6000000000	0.0100000000	0.1000000000	100	100	0	0.718805
1806000	-0.6000000000	0.0100000000	0.1000000000	100	100	0	0.784727
1807000	-0.6000000000	0.0100000000	0.1000000000	100	100	0	0.721799
1808000	-0.6000000000	0.0100000000	0.1000000000	100	100	0	0.796198
1809000	-0.6000000000	0.0100000000	0.1000000000	100	100	0	0.785028
1810000	-0.6000000000	0.0100000000	0.1000000000	100	100	0	0.677186
1811000	-0.6000000000	0.0100000000	0.1000000000	100	100	0	0.769626
1812000	-0.6000000000	0.0100000000	0.1000000000	100	100	0	0.775468
1813000	-0.6000000000	0.0100000000	0.1000000000	100	100	0	0.887427
1814000	-0.6000000000	0.0100000000	0.1000000000	100	100	0	0.780587
1815000	-0.6000000000	0.0100000000	0.1000000000	100	100	0	0.805973
1816000	-0.6000000000	0.0100000000	0.1000000000	100	100	0	0.846450
1817000	-0.6000000000	0.0100000000	0.1000000000	100	100	0	0.827235
1818000	-0.6000000000	0.0100000000	0.1000000000	100	100	0	0.739683
1819000	-0.6000000000	0.0100000000	0.1000000000	100	100	0	0.920867
1820000	-0.6000000000	0.0100000000	0.1000000000	100	100	0	0.841307
1821000	-0.6000000000	0.0100000000	0.1000000000	100	100	0	0.717208
1822000	-0.6000000000	0.0100000000	0.1000000000	100	100	0	0.759664
1823000	-0.6000000000	0.0100000000	0.1000000000	100	100	0	0.757919
1824000	-0.6000000000	0.0100000000	0.1000000000	100	100	0	0.861927
1825000	-0.6000000000	0.0100000000	0.1000000000	100	100	0	0.820401
1826000	-0.6000000000	0.0100000000	0.1000000000	100	100	0	0.787243
1827000	-0.6000000000	0.0100000000	0.1000000000	100	100	0	0.827978
1828000	-0.6000000000	0.0100000000	0.1000000000	100	100	0	0.798846
1829000	-0.6000000000	0.0100000000	0.1000000000	100	100	0	0.772769
1830000	-0.6000000000	0.0100000000	0.1000000000	100	100	0	0.821958
1831000	-0.6000000000	0.0100000000	0.1000000000	100	100	0	0.811412
1832000	-0.6000000000	0.0100000000	0.1000000000	100	100	0	0.795415
1833000	-0.6000000000	0.0100000000	0.1000000000	100	100	0	0.761763
1834000	-0.6000000000	0.0100000000	0.1000000000	100	100	0	0.856197
1835000	-0.6000000000	0.0100000000	0.1000000000	100	100	0	0.773537
1836000	-0.6000000000	0.0100000000	0.1000000000	100	100	0	0.866762
1837000	-0.6000000000	0.0100000000	0.1000000000	100	100	0	0.803792
1838000	-0.6000000000	0.0100000000	0.1000000000	100	100	0	0.798162
1839000	-0.6000000000	0.0100000000	0.1000000000	100	100	0	0.824060
1840000	-0.6000000000	0.0100000000	0.1000000000	100	100	0	0.757737
1841000	-0.6000000000	0.0100000000	0.1000000000	100	100	0	0.746909
1842000	-0.6000000000	0.0100000000	0.1000000000	100	100	0	0.834340
1843000	-0.6000000000	0.0100000000	0.1000000000	100	100	0	0.735035
1844000	-0.6000000000	0.0100000000	0.1000000000	100	100	0	0.762640
1845000	-0.6000000000	0.0100000000	0.1000000000	100	100	0	0.739573
1846000	-0.6000000000	0.0100000000	0.1000000000	100	100	0	0.788243
1847000	-0.6000000000	0.0100000000	0.1000000000	100	100	0	0.733142
1848000	-0.6000000000	0.0100000000	0.1000000000	100	100	0	0.726534
1849000	-0.6000000000	0.0100000000	0.1000000000	100	100	0	0.844664
1850000	-0.6000000000	0.0100000000	0.1000000000	100	100	0	0.733287
1851000	-0.6000000000	0.0100000000	0.1000000000	100	100	0	0.736916
1852000	-0.6000000000	0.0100000000	0.1000000000	100	100	0	0.756392
1853000	-0.6000000000	0.0100000000	0.1000000000	100	100	0	0.820636
1854000	-0.6000000000	0.0100000000	0.1000000000	100	100	0	0.830892
1855000	-0.6000000000	0.0100000000	0.1000000000	100	100	0	0.719249
1856000	-0.6000000000	0.0100000000	0.1000000000	100	100	0	0.736957
1857000	-0.6000000000	0.0100000000	0.1000000000	100	100	0	0.760637
1858000	-0.6000000000	0.0100000000	0.1000000000	100	100	0	0.723958
1859000	-0.6000000000	0.0100000000	0.1000000000	100	100	0	0.810600
1860000	-0.6000000000	0.0100000000	0.1000000000	100	100	0	0.870546
1861000	-0.6000000000	0.0100000000	0.1000000000	100	100	0	0.774635
1862000	-0.6000000000	0.0100000000	0.1000000000	100	100	0	0.761586
1863000	-0.6000000000	0.0100000000	0.1000000000	100	100	0	0.780089
1864000	-0.6000000000	0.0100000000	0.1000000000	100	100	0	0.850403
1865000	-0.6000000000	0.0100000000	0.1000000000	100	100	0	0.890888
1866000	-0.6000000000	0.0100000000	0.1000000000	100	100	0	0.732864
1867000	-0.6000000000	0.0100000000	0.1000000000	100	100	0	0.724801
1868000	-0.6000000000	0.0100000000	0.1000000000	100	100	0	0.792861
1869000	-0.6000000000	0.0100000000	0.1000000000	100	100	0	0.784307
1870000	-0.6000000000	0.0100000000	0.1000000000	100	100	0	0.747974
1871000	-0.6000000000	0.0100000000	0.1000000000	100	100	0	0.812486
1872000	-0.6000000000	0.0100000000	0.1000000000	100	100	0	0.803583
1873000	-0.6000000000	0.0100000000	0.1000000000	100	100	0	0.732397
1874000	-0.6000000000	0.0100000000	0.1000000000	100	100	0	0.716785
1875000	-0.6000000000	0.0100000000	0.1000000000	100	100	0	0.845541
1876000	-0.6000000000	0.0100000000	0.1000000000	100	100	0	0.780687
1877000	-0.6000000000	0.0100000000	0.1000000000	100	100	0	0.749283
1878000	-0.6000000000	0.0100000000	0.1000000000	100	100	0	0.817313
1879000	-0.6000000000	0.0100000000	0.1000000000	100	100	0	0.856287
1880000	-0.6000000000	0.0100000000	0.1000000000	100	100	0	0.843128
1881000	-0.6000000000	0.0100000000	0.1000000000	100	100	0	0.899549
1882000	-0.6000000000	0.0100000000	0.1000000000	100	100	0	0.823916
1883000	-0.6000000000	0.0100000000	0.1000000000	100	100	0	0.765551
1884000	-0.6000000000	0.0100000000	0.1000000000	100	100	0	0.795792
1885000	-0.6000000000	0.0100000000	0.1000000000	100	100	0	0.722645
1886000	-0.6000000000	0.0100000000	0.1000000000	100	100	0	0.695421
1887000	-0.6000000000	0.0100000000	0.1000000000	100	100	0	0.735679
1888000	-0.6000000000	0.0100000000	0.1000000000	100	100	0	0.780055
1889000	-0.6000000000	0.0100000000	0.1000000000	100	100	0	0.772986
1890000	-0.6000000000	0.0100000000	0.1000000000	100	100	0	0.796434
1891000	-0.6000000000	0.0100000000	0.1000000000	100	100	0	0.821438
1892000	-0.6000000000	0.0100000000	0.1000000000	100	100	0	0.723225
1893000	-0.6000000000	0.0100000000	0.1000000000	100	100	0	0.718150
1894000	-0.6000000000	0.0100000000	0.1000000000	100	100	0	0.775111
1895000	-0.6000000000	0.0100000000	0.1000000000	100	100	0	0.844817
1896000	-0.6000000000	0.0100000000	0.1000000000	100	100	0	0.768044
1897000	-0.6000000000	0.0100000000	0.1000000000	100	100	0	0.860831
1898000	-0.6000000000	0.0100000000	0.1000000000	100	100	0	0.774288
1899000	-0.6000000000	0.0100000000	0.1000000000	100	100	0	0.685731
1900000	-0.6000000000	0.0100000000	0.1000000000	100	100	0	0.801062
1901000	-0.6000000000	0.0100000000	0.1000000000	100	100	0	0.797472
1902000	-0.6000000000	0.0100000000	0.1000000000	100	100	0	0.774749
1903000	-0.6000000000	0.0100000000	0.1000000000	100	100	0	0.865390
1904000	-0.6000000000	0.0100000000	0.1000000000	100	100	0	0.825295
1905000	-0.6000000000	0.0100000000	0.1000000000	100	100	0	0.837844
1906000	-0.6000000000	0.0100000000	0.1000000000	100	100	0	0.759040
1907000	-0.6000000000	0.0100000000	0.1000000000	100	100	0	0.875867
1908000	-0.6000000000	0.0100000000	0.1000000000	100	100	0	0.835958
1909000	-0.6000000000	0.0100000000	0.1000000000	100	100	0	0.757001
1910000	-0.6000000000	0.0100000000	0.1000000000	100	100	0	0.863182
1911000	-0.6000000000	0.0100000000	0.1000000000	100	100	0	0.763702
1912000	-0.6000000000	0.0100000000	0.1000000000	100	100	0	0.747977
1913000	-0.6000000000	0.0100000000	0.1000000000	100	100	0	0.790109
1914000	-0.6000000000	0.0100000000	0.1000000000	100	100	0	0.810314
1915000	-0.6000000000	0.0100000000	0.1000000000	100	100	0	0.716243
1916000	-0.6000000000	0.0100000000	0.1000000000	100	100	0	0.739623
1917000	-0.6000000000	0.0100000000	0.1000000000	100	100	0	0.659775
1918000	-0.6000000000	0.0100000000	0.1000000000	100	100	0	0.766311
1919000	-0.6000000000	0.0100000000	0.1000000000	100	100	0	0.780347
1920000	-0.6000000000	0.0100000000	0.1000000000	100	100	0	0.718405
1921000	-0.6000000000	0.0100000000	0.1000000000	100	100	0	0.753922
1922000	-0.6000000000	0.0100000000	0.1000000000	100	100	0	0.783658
1923000	-0.6000000000	0.0100000000	0.1000000000	100	100	0	0.776411
1924000	-0.6000000000	0.0100000000	0.1000000000	100	100	0	0.819865
1925000	-0.6000000000	0.0100000000	0.1000000000	100	100	0	0.737575
1926000	-0.6000000000	0.0100000000	0.1000000000	100	100	0	0.798927
1927000	-0.6000000000	0.0100000000	0.1000000000	100	100	0	0.779973
1928000	-0.6000000000	0.0100000000	0.1000000000	100	100	0	0.739770
1929000	-0.6000000000	0.0100000000	0.1000000000	100	100	0	0.784522
1930000	-0.6000000000	0.0100000000	0.1000000000	100	100	0	0.748919
1931000	-0.6000000000	0.0100000000	0.1000000000	100	100	0	0.861890
1932000	-0.6000000000	0.0100000000	0.1000000000	100	100	0	0.850860
1933000	-0.6000000000	0.0100000000	0.1000000000	100	100	0	0.831539
1934000	-0.6000000000	0.0100000000	0.1000000000	100	100	0	0.778700
1935000	-0.6000000000	0.0100000000	0.1000000000	100	100	0	0.724493
1936000	-0.6000000000	0.0100000000	0.1000000000	100	100	0	0.776510
1937000	-0.6000000000	0.0100000000	0.1000000000	100	100	0	0.831939
1938000	-0.6000000000	0.0100000000	0.1000000000	100	100	0	0.680190
1939000	-0.6000000000	0.0100000000	0.1000000000	100	100	0	0.750055
1940000	-0.6000000000	0.0100000000	0.1000000000	100	100	0	0.844477
1941000	-0.6000000000	0.0100000000	0.1000000000	100	100	0	0.798953
1942000	-0.6000000000	0.0100000000	0.1000000000	100	100	0	0.840791
1943000	-0.6000000000	0.0100000000	0.1000000000	100	100	0	0.785415
1944000	-0.6000000000	0.0100000000	0.1000000000	100	100	0	0.916740
1945000	-0.6000000000	0.0100000000	0.1000000000	100	100	0	0.747012
1946000	-0.6000000000	0.0100000000	0.1000000000	100	100	0	0.810952
1947000	-0.6000000000	0.0100000000	0.1000000000	100	100	0	0.845830
1948000	-0.6000000000	0.0100000000	0.1000000000	100	100	0	0.893335
1949000	-0.6000000000	0.0100000000	0.1000000000	100	100	0	0.822946
1950000	-0.6000000000	0.0100000000	0.1000000000	100	100	0	0.707866
1951000	-0.6000000000	0.0100000000	0.1000000000	100	100	0	0.744187
1952000	-0.6000000000	0.0100000000	0.1000000000	100	100	0	0.854094
1953000	-0.6000000000	0.0100000000	0.1000000000	100	100	0	0.822402
1954000	-0.6000000000	0.0100000000	0.1000000000	100	100	0	0.707649
1955000	-0.6000000000	0.0100000000	0.1000000000	100	100	0	0.777807
1956000	-0.6000000000	0.0100000000	0.1000000000	100	100	0	0.803141
1957000	-0.6000000000	0.0100000000	0.1000000000	100	100	0	0.761721
1958000	-0.6000000000	0.0100000000	0.1000000000	100	100	0	0.771179
1959000	-0.6000000000	0.0100000000	0.1000000000	100	100	0	0.877570
1960000	-0.6000000000	0.0100000000	0.1000000000	100	100	0	0.836697
1961000	-0.6000000000	0.0100000000	0.1000000000	100	100	0	0.763815
1962000	-0.6000000000	0.0100000000	0.1000000000	100	100	0	0.734001
1963000	-0.6000000000	0.0100000000	0.1000000000	100	100	0	0.734615
1964000	-0.6000000000	0.0100000000	0.1000000000	100	100	0	0.872612
1965000	-0.6000000000	0.0100000000	0.1000000000	100	100	0	0.739353
1966000	-0.6000000000	0.0100000000	0.1000000000	100	100	0	0.752737
1967000	-0.6000000000	0.0100000000	0.1000000000	100	100	0	0.721406
1968000	-0.6000000000	0.0100000000	0.1000000000	100	100	0	0.815400
1969000	-0.6000000000	0.0100000000	0.1000000000	100	100	0	0.774947
1970000	-0.6000000000	0.0100000000	0.1000000000	100	100	0	0.787870
1971000	-0.6000000000	0.0100000000	0.1000000000	100	100	0	0.766588
1972000	-0.6000000000	0.0100000000	0.1000000000	100	100	0	0.767750
1973000	-0.6000000000	0.0100000000	0.1000000000	100	100	0	0.787184
1974000	-0.6000000000	0.0100000000	0.1000000000	100	100	0	0.789852
1975000	-0.6000000000	0.0100000000	0.1000000000	100	100	0	0.786960
1976000	-0.6000000000	0.0100000000	0.1000000000	100	100	0	0.752241
1977000	-0.6000000000	0.0100000000	0.1000000000	100	100	0	0.837718
1978000	-0.6000000000	0.0100000000	0.1000000000	100	100	0	0.839234
1979000	-0.6000000000	0.0100000000	0.1000000000	100	100	0	0.746860
1980000	-0.6000000000	0.0100000000	0.1000000000	100	100	0	0.796348
1981000	-0.6000000000	0.0100000000	0.1000000000	100	100	0	0.823150
1982000	-0.6000000000	0.0100000000	0.1000000000	100	100	0	0.797295
1983000	-0.6000000000	0.0100000000	0.1000000000	100	100	0	0.780833
1984000	-0.6000000000	0.0100000000	0.1000000000	100	100	0	0.779871
1985000	-0.6000000000	0.0100000000	0.1000000000	100	100	0	0.823070
1986000	-0.6000000000	0.0100000000	0.1000000000	100	100	0	0.748806
1987000	-0.6000000000	0.0100000000	0.1000000000	100	100	0	0.732837
1988000	-0.6000000000	0.0100000000	0.1000000000	100	100	0	0.796521
1989000	-0.6000000000	0.0100000000	0.1000000000	100	100	0	0.721118
1990000	-0.6000000000	0.0100000000	0.1000000000	100	100	0	0.734426
1991000	-0.6000000000	0.0100000000	0.1000000000	100	100	0	0.756373
1992000	-0.6000000000	0.0100000000	0.1000000000	100	100	0	0.824633
1993000	-0.6000000000	0.0100000000	0.1000000000	100	100	0	0.835915
1994000	-0.6000000000	0.0100000000	0.1000000000	100	100	0	0.842586
1995000	-0.6000000000	0.0100000000	0.1000000000	100	100	0	0.837032
1996000	-0.6000000000	0.0100000000	0.1000000000	100	100	0	0.787580
1997000	-0.6000000000	0.0100000000	0.1000000000	100	100	0	0.759392
1998000	-0.6000000000	0.0100000000	0.1000000000	100	100	0	0.764246
1999000	-0.6000000000	0.0100000000	0.1000000000	100	100	0	0.664598
2000000	-0.6000000000	0.0100000000	0.1000000000	100	100	0	0.775381
2001000	-0.6000000000	0.0100000000	0.1000000000	100	100	0	0.767634
2002000	-0.6000000000	0.0100000000	0.1000000000	100	100	0	0.696421
2003000	-0.6000000000	0.0100000000	0.1000000000	100	100	0	0.829397
2004000	-0.6000000000	0.0100000000	0.1000000000	100	100	0	0.799638
2005000	-0.6000000000	0.0100000000	0.1000000000	100	100	0	0.734329
2006000	-0.6000000000	0.0100000000	0.1000000000	100	100	0	0.750658
2007000	-0.6000000000	0.0100000000	0.1000000000	100	100	0	0.780501
2008000	-0.6000000000	0.0100000000	0.1000000000	100	100	0	0.797398
2009000	-0.6000000000	0.0100000000	0.1000000000	100	100	0	0.808008
2010000	-0.6000000000	0.0100000000	0.1000000000	100	100	0	0.772526
2011000	-0.6000000000	0.0100000000	0.1000000000	100	100	0	0.822031
2012000	-0.6000000000	0.0100000000	0.1000000000	100	100	0	0.813578
2013000	-0.6000000000	0.0100000000	0.1000000000	100	100	0	0.883886
2014000	-0.6000000000	0.0100000000	0.1000000000	100	100	0	0.764283
2015000	-0.6000000000	0.0100000000	0.1000000000	100	100	0	0.753746
2016000	-0.6000000000	0.0100000000	0.1000000000	100	100	0	0.843460
2017000	-0.6000000000	0.0100000000	0.1000000000	100	100	0	0.787563
2018000	-0.6000000000	0.0100000000	0.1000000000	100	100	0	0.870406
2019000	-0.6000000000	0.0100000000	0.1000000000	100	100	0	0.768766
2020000	-0.6000000000	0.0100000000	0.1000000000	100	100	0	0.798644
2021000	-0.6000000000	0.0100000000	0.1000000000	100	100	0	0.821482
2022000	-0.6000000000	0.0100000000	0.1000000000	100	100	0	0.824186
2023000	-0.6000000000	0.0100000000	0.1000000000	100	100	0	0.746910
2024000	-0.6000000000	0.0100000000	0.1000000000	100	100	0	0.803220
2025000	-0.6000000000	0.0100000000	0.1000000000	100	100	0	0.874613
2026000	-0.6000000000	0.0100000000	0.1000000000	100	100	0	0.803472
2027000	-0.6000000000	0.0100000000	0.1000000000	100	100	0	0.787827
2028000	-0.6000000000	0.0100000000	0.1000000000	100	100	0	0.826609
2029000	-0.6000000000	0.0100000000	0.1000000000	100	100	0	0.790970
2030000	-0.6000000000	0.0100000000	0.1000000000	100	100	0	0.726690
2031000	-0.6000000000	0.0100000000	0.1000000000	100	100	0	0.726599
2032000	-0.6000000000	0.0100000000	0.1000000000	100	100	0	0.780975
2033000	-0.6000000000	0.0100000000	0.1000000000	100	100	0	0.788634
2034000	-0.6000000000	0.0100000000	0.1000000000	100	100	0	0.779802
2035000	-0.6000000000	0.0100000000	0.1000000000	100	100	0	0.769024
2036000	-0.6000000000	0.0100000000	0.1000000000	100	100	0	0.772751
2037000	-0.6000000000	0.0100000000	0.1000000000	100	100	0	0.661405
2038000	-0.6000000000	0.0100000000	0.1000000000	100	100	0	0.833538
2039000	-0.6000000000	0.0100000000	0.1000000000	100	100	0	0.813236
2040000	-0.6000000000	0.0100000000	0.1000000000	100	100	0	0.727414
2041000	-0.6000000000	0.0100000000	0.1000000000	100	100	0	0.826838
2042000	-0.6000000000	0.0100000000	0.1000000000	100	100	0	0.708989
2043000	-0.6000000000	0.0100000000	0.1000000000	100	100	0	0.804773
2044000	-0.6000000000	0.0100000000	0.1000000000	100	100	0	0.800733
2045000	-0.6000000000	0.0100000000	0.1000000000	100	100	0	0.798798
2046000	-0.6000000000	0.0100000000	0.1000000000	100	100	0	0.835947
2047000	-0.6000000000	0.0100000000	0.1000000000	100	100	0	0.748062
2048000	-0.6000000000	0.0100000000	0.1000000000	100	100	0	0.775796
2049000	-0.6000000000	0.0100000000	0.1000000000	100	100	0	0.845622
2050000	-0.6000000000	0.0100000000	0.1000000000	100	100	0	0.704877
2051000	-0.6000000000	0.0100000000	0.1000000000	100	100	0	0.782411
2052000	-0.6000000000	0.0100000000	0.1000000000	100	100	0	0.868605
2053000	-0.6000000000	0.0100000000	0.1000000000	100	100	0	0.843483
2054000	-0.6000000000	0.0100000000	0.1000000000	100	100	0	0.860983
2055000	-0.6000000000	0.0100000000	0.1000000000	100	100	0	0.831414
2056000	-0.6000000000	0.0100000000	0.1000000000	100	100	0	0.843936
2057000	-0.6000000000	0.0100000000	0.1000000000	100	100	0	0.756913
2058000	-0.6000000000	0.0100000000	0.1000000000	100	100	0	0.801597
2059000	-0.6000000000	0.0100000000	0.1000000000	100	100	0	0.779522
2060000	-0.6000000000	0.0100000000	0.1000000000	100	100	0	0.849347
2061000	-0.6000000000	0.0100000000	0.1000000000	100	100	0	0.795750
2062000	-0.6000000000	0.0100000000	0.1000000000	100	100	0	0.838828
2063000	-0.6000000000	0.0100000000	0.1000000000	100	100	0	0.796444
2064000	-0.6000000000	0.0100000000	0.1000000000	100	100	0	0.762773
2065000	-0.6000000000	0.0100000000	0.1000000000	100	100	0	0.787907
2066000	-0.6000000000	0.0100000000	0.1000000000	100	100	0	0.794554
2067000	-0.6000000000	0.0100000000	0.1000000000	100	100	0	0.809972
2068000	-0.6000000000	0.0100000000	0.1000000000	100	100	0	0.769642
2069000	-0.6000000000	0.0100000000	0.1000000000	100	100	0	0.751849
2070000	-0.6000000000	0.0100000000	0.1000000000	100	100	0	0.766170
2071000	-0.6000000000	0.0100000000	0.1000000000	100	100	0	0.848291
2072000	-0.6000000000	0.0100000000	0.1000000000	100	100	0	0.758476
2073000	-0.6000000000	0.0100000000	0.1000000000	100	100	0	0.840947
2074000	-0.6000000000	0.0100000000	0.1000000000	100	100	0	0.841300
2075000	-0.6000000000	0.0100000000	0.1000000000	100	100	0	0.788005
2076000	-0.6000000000	0.0100000000	0.1000000000	100	100	0	0.855746
2077000	-0.6000000000	0.0100000000	0.1000000000	100	100	0	0.795085
2078000	-0.6000000000	0.0100000000	0.1000000000	100	100	0	0.909603
2079000	-0.6000000000	0.0100000000	0.1000000000	100	100	0	0.757283
2080000	-0.6000000000	0.0100000000	0.1000000000	100	100	0	0.756659
2081000	-0.6000000000	0.0100000000	0.1000000000	100	100	0	0.709991
2082000	-0.6000000000	0.0100000000	0.1000000000	100	100	0	0.753361
2083000	-0.6000000000	0.0100000000	0.1000000000	100	100	0	0.728177
2084000	-0.6000000000	0.0100000000	0.1000000000	100	100	0	0.843668
2085000	-0.6000000000	0.0100000000	0.1000000000	100	100	0	0.874658
2086000	-0.6000000000	0.0100000000	0.1000000000	100	100	0	0.818332
2087000	-0.6000000000	0.0100000000	0.1000000000	100	100	0	0.835681
2088000	-0.6000000000	0.0100000000	0.1000000000	100	100	0	0.873205
2089000	-0.6000000000	0.0100000000	0.1000000000	100	100	0	0.776591
2090000	-0.6000000000	0.0100000000	0.1000000000	100	100	0	0.723028
2091000	-0.6000000000	0.0100000000	0.1000000000	100	100	0	0.858023
2092000	-0.6000000000	0.0100000000	0.1000000000	100	100	0	0.764915
2093000	-0.6000000000	0.0100000000	0.1000000000	100	100	0	0.750049
2094000	-0.6000000000	0.0100000000	0.1000000000	100	100	0	0.824026
2095000	-0.6000000000	0.0100000000	0.1000000000	100	100	0	0.813108
2096000	-0.6000000000	0.0100000000	0.1000000000	100	100	0	0.817632
2097000	-0.6000000000	0.0100000000	0.1000000000	100	100	0	0.846579
2098000	-0.6000000000	0.0100000000	0.1000000000	100	100	0	0.754456
2099000	-0.6000000000	0.0100000000	0.1000000000	100	100	0	0.763271
2100000	-0.6000000000	0.0100000000	0.1000000000	100	100	0	0.865748
2101000	-0.6000000000	0.0100000000	0.1000000000	100	100	0	0.740462
2102000	-0.6000000000	0.0100000000	0.1000000000	100	100	0	0.801565
2103000	-0.6000000000	0.0100000000	0.1000000000	100	100	0	0.731925
2104000	-0.6000000000	0.0100000000	0.1000000000	100	100	0	0.832456
2105000	-0.6000000000	0.0100000000	0.1000000000	100	100	0	0.741712
2106000	-0.6000000000	0.0100000000	0.1000000000	100	100	0	0.784751
2107000	-0.6000000000	0.0100000000	0.1000000000	100	100	0	0.720103
2108000	-0.6000000000	0.0100000000	0.1000000000	100	100	0	0.836901
2109000	-0.6000000000	0.0100000000	0.1000000000	100	100	0	0.849168
2110000	-0.6000000000	0.0100000000	0.1000000000	100	100	0	0.749392
2111000	-0.6000000000	0.0100000000	0.1000000000	100	100	0	0.848529
2112000	-0.6000000000	0.0100000000	0.1000000000	100	100	0	0.785967
2113000	-0.6000000000	0.0100000000	0.1000000000	100	100	0	0.824178
2114000	-0.6000000000	0.0100000000	0.1000000000	100	100	0	0.794694
2115000	-0.6000000000	0.0100000000	0.1000000000	100	100	0	0.779790
2116000	-0.6000000000	0.0100000000	0.1000000000	100	100	0	0.786021
2117000	-0.6000000000	0.0100000000	0.1000000000	100	100	0	0.819272
2118000	-0.6000000000	0.0100000000	0.1000000000	100	100	0	0.819585
2119000	-0.6000000000	0.0100000000	0.1000000000	100	100	0	0.788457
2120000	-0.6000000000	0.0100000000	0.1000000000	100	100	0	0.875518
2121000	-0.6000000000	0.0100000000	0.1000000000	100	100	0	0.814876
2122000	-0.6000000000	0.0100000000	0.1000000000	100	100	0	0.774353
2123000	-0.6000000000	0.0100000000	0.1000000000	100	100	0	0.820205
2124000	-0.6000000000	0.0100000000	0.1000000000	100	100	0	0.817094
2125000	-0.6000000000	0.0100000000	0.1000000000	100	100	0	0.786648
2126000	-0.6000000000	0.0100000000	0.1000000000	100	100	0	0.784946
2127000	-0.6000000000	0.0100000000	0.1000000000	100	100	0	0.751983
2128000	-0.6000000000	0.0100000000	0.1000000000	100	100	0	0.834256
2129000	-0.6000000000	0.0100000000	0.1000000000	100	100	0	0.847160
2130000	-0.6000000000	0.0100000000	0.1000000000	100	100	0	0.821939
2131000	-0.6000000000	0.0100000000	0.1000000000	100	100	0	0.748297
2132000	-0.6000000000	0.0100000000	0.1000000000	100	100	0	0.794523
2133000	-0.6000000000	0.0100000000	0.1000000000	100	100	0	0.835365
2134000	-0.6000000000	0.0100000000	0.1000000000	100	100	0	0.805150
2135000	-0.6000000000	0.0100000000	0.1000000000	100	100	0	0.793464
2136000	-0.6000000000	0.0100000000	0.1000000000	100	100	0	0.826436
2137000	-0.6000000000	0.0100000000	0.1000000000	100	100	0	0.794347
2138000	-0.6000000000	0.0100000000	0.1000000000	100	100	0	0.827812
2139000	-0.6000000000	0.0100000000	0.1000000000	100	100	0	0.777106
2140000	-0.6000000000	0.0100000000	0.1000000000	100	100	0	0.852599
2141000	-0.6000000000	0.0100000000	0.1000000000	100	100	0	0.846006
2142000	-0.6000000000	0.0100000000	0.1000000000	100	100	0	0.679792
2143000	-0.6000000000	0.0100000000	0.1000000000	100	100	0	0.815762
2144000	-0.6000000000	0.0100000000	0.1000000000	100	100	0	0.764727
2145000	-0.6000000000	0.0100000000	0.1000000000	100	100	0	0.864324
2146000	-0.6000000000	0.0100000000	0.1000000000	100	100	0	0.758324
2147000	-0.6000000000	0.0100000000	0.1000000000	100	100	0	0.777221
2148000	-0.6000000000	0.0100000000	0.1000000000	100	100	0	0.821358
2149000	-0.6000000000	0.0100000000	0.1000000000	100	100	0	0.796216
2150000	-0.6000000000	0.0100000000	0.1000000000	100	100	0	0.821434
2151000	-0.6000000000	0.0100000000	0.1000000000	100	100	0	0.836389
2152000	-0.6000000000	0.0100000000	0.1000000000	100	100	0	0.810756
2153000	-0.6000000000	0.0100000000	0.1000000000	100	100	0	0.784064
2154000	-0.6000000000	0.0100000000	0.1000000000	100	100	0	0.756544
2155000	-0.6000000000	0.0100000000	0.1000000000	100	100	0	0.841274
2156000	-0.6000000000	0.0100000000	0.1000000000	100	100	0	0.737712
2157000	-0.6000000000	0.0100000000	0.1000000000	100	100	0	0.903181
2158000	-0.6000000000	0.0100000000	0.1000000000	100	100	0	0.795317
2159000	-0.6000000000	0.0100000000	0.1000000000	100	100	0	0.865651
2160000	-0.6000000000	0.0100000000	0.1000000000	100	100	0	0.886175
2161000	-0.6000000000	0.0100000000	0.1000000000	100	100	0	0.753892
2162000	-0.6000000000	0.0100000000	0.1000000000	100	100	0	0.774983
2163000	-0.6000000000	0.0100000000	0.1000000000	100	100	0	0.727392
2164000	-0.6000000000	0.0100000000	0.1000000000	100	100	0	0.780717
2165000	-0.6000000000	0.0100000000	0.1000000000	100	100	0	0.791862
2166000	-0.6000000000	0.0100000000	0.1000000000	100	100	0	0.858223
2167000	-0.6000000000	0.0100000000	0.1000000000	100	100	0	0.844902
2168000	-0.6000000000	0.0100000000	0.1000000000	100	100	0	0.802382
2169000	-0.6000000000	0.0100000000	0.1000000000	100	100	0	0.722462
2170000	-0.6000000000	0.0100000000	0.1000000000	100	100	0	0.702207
2171000	-0.6000000000	0.0100000000	0.1000000000	100	100	0	0.783400
2172000	-0.6000000000	0.0100000000	0.1000000000	100	100	0	0.814710
2173000	-0.6000000000	0.0100000000	0.1000000000	100	100	0	0.881133
2174000	-0.6000000000	0.0100000000	0.1000000000	100	100	0	0.756707
2175000	-0.6000000000	0.0100000000	0.1000000000	100	100	0	0.741817
2176000	-0.6000000000	0.0100000000	0.1000000000	100	100	0	0.736798
2177000	-0.6000000000	0.0100000000	0.1000000000	100	100	0	0.776568
2178000	-0.6000000000	0.0100000000	0.1000000000	100	100	0	0.789154
2179000	-0.6000000000	0.0100000000	0.1000000000	100	100	0	0.789309
2180000	-0.6000000000	0.0100000000	0.1000000000	100	100	0	0.810692
2181000	-0.6000000000	0.0100000000	0.1000000000	100	100	0	0.741680
2182000	-0.6000000000	0.0100000000	0.1000000000	100	100	0	0.791391
2183000	-0.6000000000	0.0100000000	0.1000000000	100	100	0	0.771832
2184000	-0.6000000000	0.0100000000	0.1000000000	100	100	0	0.820830
2185000	-0.6000000000	0.0100000000	0.1000000000	100	100	0	0.735005
2186000	-0.6000000000	0.0100000000	0.1000000000	100	100	0	0.816591
2187000	-0.6000000000	0.0100000000	0.1000000000	100	100	0	0.812729
2188000	-0.6000000000	0.0100000000	0.1000000000	100	100	0	0.767428
2189000	-0.6000000000	0.0100000000	0.1000000000	100	100	0	0.693779
2190000	-0.6000000000	0.0100000000	0.1000000000	100	100	0	0.761800
2191000	-0.6000000000	0.0100000000	0.1000000000	100	100	0	0.774847
2192000	-0.6000000000	0.0100000000	0.1000000000	100	100	0	0.828328
2193000	-0.6000000000	0.0100000000	0.1000000000	100	100	0	0.806912
2194000	-0.6000000000	0.0100000000	0.1000000000	100	100	0	0.832439
2195000	-0.6000000000	0.0100000000	0.1000000000	100	100	0	0.797961
2196000	-0.6000000000	0.0100000000	0.1000000000	100	100	0	0.766150
2197000	-0.6000000000	0.0100000000	0.1000000000	100	100	0	0.832723
2198000	-0.6000000000	0.0100000000	0.1000000000	100	100	0	0.819634
2199000	-0.6000000000	0.0100000000	0.1000000000	100	100	0	0.809421
2200000	-0.6000000000	0.0100000000	0.1000000000	100	100	0	0.732179
2201000	-0.6000000000	0.0100000000	0.1000000000	100	100	0	0.736659
2202000	-0.6000000000	0.0100000000	0.1000000000	100	100	0	0.782876
2203000	-0.6000000000	0.0100000000	0.1000000000	100	100	0	0.804930
2204000	-0.6000000000	0.0100000000	0.1000000000	100	100	0	0.822062
2205000	-0.6000000000	0.0100000000	0.1000000000	100	100	0	0.788257
2206000	-0.6000000000	0.0100000000	0.1000000000	100	100	0	0.722084
2207000	-0.6000000000	0.0100000000	0.1000000000	100	100	0	0.741318
2208000	-0.6000000000	0.0100000000	0.1000000000	100	100	0	0.717231
2209000	-0.6000000000	0.0100000000	0.1000000000	100	100	0	0.821659
2210000	-0.6000000000	0.0100000000	0.1000000000	100	100	0	0.845336
2211000	-0.6000000000	0.0100000000	0.1000000000	100	100	0	0.749690
2212000	-0.6000000000	0.0100000000	0.1000000000	100	100	0	0.825221
2213000	-0.6000000000	0.0100000000	0.1000000000	100	100	0	0.747176
2214000	-0.6000000000	0.0100000000	0.1000000000	100	100	0	0.838396
2215000	-0.6000000000	0.0100000000	0.1000000000	100	100	0	0.806282
2216000	-0.6000000000	0.0100000000	0.1000000000	100	100	0	0.810902
2217000	-0.6000000000	0.0100000000	0.1000000000	100	100	0	0.833662
2218000	-0.6000000000	0.0100000000	0.1000000000	100	100	0	0.760271
2219000	-0.6000000000	0.0100000000	0.1000000000	100	100	0	0.864747
2220000	-0.6000000000	0.0100000000	0.1000000000	100	100	0	0.710274
2221000	-0.6000000000	0.0100000000	0.1000000000	100	100	0	0.910430
2222000	-0.6000000000	0.0100000000	0.1000000000	100	100	0	0.748889
2223000	-0.6000000000	0.0100000000	0.1000000000	100	100	0	0.850405
2224000	-0.6000000000	0.0100000000	0.1000000000	100	100	0	0.790329
2225000	-0.6000000000	0.0100000000	0.1000000000	100	100	0	0.818891
2226000	-0.6000000000	0.0100000000	0.1000000000	100	100	0	0.771182
2227000	-0.6000000000	0.0100000000	0.1000000000	100	100	0	0.799852
2228000	-0.6000000000	0.0100000000	0.1000000000	100	100	0	0.772067
2229000	-0.6000000000	0.0100000000	0.1000000000	100	100	0	0.787976
2230000	-0.6000000000	0.0100000000	0.1000000000	100	100	0	0.843303
2231000	-0.6000000000	0.0100000000	0.1000000000	100	100	0	0.852669
2232000	-0.6000000000	0.0100000000	0.1000000000	100	100	0	0.806563
2233000	-0.6000000000	0.0100000000	0.1000000000	100	100	0	0.834769
2234000	-0.6000000000	0.0100000000	0.1000000000	100	100	0	0.756863
2235000	-0.6000000000	0.0100000000	0.1000000000	100	100	0	0.777334
2236000	-0.6000000000	0.0100000000	0.1000000000	100	100	0	0.872536
2237000	-0.6000000000	0.0100000000	0.1000000000	100	100	0	0.826632
2238000	-0.6000000000	0.0100000000	0.1000000000	100	100	0	0.742921
2239000	-0.6000000000	0.0100000000	0.1000000000	100	100	0	0.815747
2240000	-0.6000000000	0.0100000000	0.1000000000	100	100	0	0.712494
2241000	-0.6000000000	0.0100000000	0.1000000000	100	100	0	0.788561
2242000	-0.6000000000	0.0100000000	0.1000000000	100	100	0	0.832453
2243000	-0.6000000000	0.0100000000	0.1000000000	100	100	0	0.789234
2244000	-0.6000000000	0.0100000000	0.1000000000	100	100	0	0.752804
2245000	-0.6000000000	0.0100000000	0.1000000000	100	100	0	0.757515
2246000	-0.6000000000	0.0100000000	0.1000000000	100	100	0	0.773486
2247000	-0.6000000000	0.0100000000	0.1000000000	100	100	0	0.815569
2248000	-0.6000000000	0.0100000000	0.1000000000	100	100	0	0.697221
2249000	-0.6000000000	0.0100000000	0.1000000000	100	100	0	0.788137
2250000	-0.6000000000	0.0100000000	0.1000000000	100	100	0	0.742870
2251000	-0.6000000000	0.0100000000	0.1000000000	100	100	0	0.809860
2252000	-0.6000000000	0.0100000000	0.1000000000	100	100	0	0.690045
2253000	-0.6000000000	0.0100000000	0.1000000000	100	100	0	0.738055
2254000	-0.6000000000	0.0100000000	0.1000000000	100	100	0	0.842929
2255000	-0.6000000000	0.0100000000	0.1000000000	100	100	0	0.717694
2256000	-0.6000000000	0.0100000000	0.1000000000	100	100	0	0.726008
2257000	-0.6000000000	0.0100000000	0.1000000000	100	100	0	0.805143
2258000	-0.6000000000	0.0100000000	0.1000000000	100	100	0	0.801914
2259000	-0.6000000000	0.0100000000	0.1000000000	100	100	0	0.860672
2260000	-0.6000000000	0.0100000000	0.1000000000	100	100	0	0.888034
2261000	-0.6000000000	0.0100000000	0.1000000000	100	100	0	0.749593
2262000	-0.6000000000	0.0100000000	0.1000000000	100	100	0	0.666983
2263000	-0.6000000000	0.0100000000	0.1000000000	100	100	0	0.814517
2264000	-0.6000000000	0.0100000000	0.1000000000	100	100	0	0.750236
2265000	-0.6000000000	0.0100000000	0.1000000000	100	100	0	0.811313
2266000	-0.6000000000	0.0100000000	0.1000000000	100	100	0	0.704469
2267000	-0.6000000000	0.0100000000	0.1000000000	100	100	0	0.780609
2268000	-0.6000000000	0.0100000000	0.1000000000	100	100	0	0.827817
2269000	-0.6000000000	0.0100000000	0.1000000000	100	100	0	0.797081
2270000	-0.6000000000	0.0100000000	0.1000000000	100	100	0	0.841426
2271000	-0.6000000000	0.0100000000	0.1000000000	100	100	0	0.704740
2272000	-0.6000000000	0.0100000000	0.1000000000	100	100	0	0.804413
2273000	-0.6000000000	0.0100000000	0.1000000000	100	100	0	0.729864
2274000	-0.6000000000	0.0100000000	0.1000000000	100	100	0	0.801050
2275000	-0.6000000000	0.0100000000	0.1000000000	100	100	0	0.817524
2276000	-0.6000000000	0.0100000000	0.1000000000	100	100	0	0.724408
2277000	-0.6000000000	0.0100000000	0.1000000000	100	100	0	0.784636
2278000	-0.6000000000	0.0100000000	0.1000000000	100	100	0	0.789307
2279000	-0.6000000000	0.0100000000	0.1000000000	100	100	0	0.906929
2280000	-0.6000000000	0.0100000000	0.1000000000	100	100	0	0.756788
2281000	-0.6000000000	0.0100000000	0.1000000000	100	100	0	0.889309
2282000	-0.6000000000	0.0100000000	0.1000000000	100	100	0	0.766539
2283000	-0.6000000000	0.0100000000	0.1000000000	100	100	0	0.859315
2284000	-0.6000000000	0.0100000000	0.1000000000	100	100	0	0.806136
2285000	-0.6000000000	0.0100000000	0.1000000000	100	100	0	0.835274
2286000	-0.6000000000	0.0100000000	0.1000000000	100	100	0	0.822547
2287000	-0.6000000000	0.0100000000	0.1000000000	100	100	0	0.794856
2288000	-0.6000000000	0.0100000000	0.1000000000	100	100	0	0.744179
2289000	-0.6000000000	0.0100000000	0.1000000000	100	100	0	0.741329
2290000	-0.6000000000	0.0100000000	0.1000000000	100	100	0	0.808735
2291000	-0.6000000000	0.0100000000	0.1000000000	100	100	0	0.795327
2292000	-0.6000000000	0.0100000000	0.1000000000	100	100	0	0.884488
2293000	-0.6000000000	0.0100000000	0.1000000000	100	100	0	0.786798
2294000	-0.6000000000	0.0100000000	0.1000000000	100	100	0	0.817810
2295000	-0.6000000000	0.0100000000	0.1000000000	100	100	0	0.873241
2296000	-0.6000000000	0.0100000000	0.1000000000	100	100	0	0.799880
2297000	-0.6000000000	0.0100000000	0.1000000000	100	100	0	0.804318
2298000	-0.6000000000	0.0100000000	0.1000000000	100	100	0	0.730729
2299000	-0.6000000000	0.0100000000	0.1000000000	100	100	0	0.734653
2300000	-0.6000000000	0.0100000000	0.1000000000	100	100	0	0.762230
2301000	-0.6000000000	0.0100000000	0.1000000000	100	100	0	0.790467
2302000	-0.6000000000	0.0100000000	0.1000000000	100	100	0	0.746811
2303000	-0.6000000000	0.0100000000	0.1000000000	100	100	0	0.846517
2304000	-0.6000000000	0.0100000000	0.1000000000	100	100	0	0.882256
2305000	-0.6000000000	0.0100000000	0.1000000000	100	100	0	0.816232
2306000	-0.6000000000	0.0100000000	0.1000000000	100	100	0	0.805967
2307000	-0.6000000000	0.0100000000	0.1000000000	100	100	0	0.756199
2308000	-0.6000000000	0.0100000000	0.1000000000	100	100	0	0.741288
2309000	-0.6000000000	0.0100000000	0.1000000000	100	100	0	0.761943
2310000	-0.6000000000	0.0100000000	0.1000000000	100	100	0	0.804243
2311000	-0.6000000000	0.0100000000	0.1000000000	100	100	0	0.769505
2312000	-0.6000000000	0.0100000000	0.1000000000	100	100	0	0.750792
2313000	-0.6000000000	0.0100000000	0.1000000000	100	100	0	0.781680
2314000	-0.6000000000	0.0100000000	0.1000000000	100	100	0	0.748218
2315000	-0.6000000000	0.0100000000	0.1000000000	100	100	0	0.717698
2316000	-0.6000000000	0.0100000000	0.1000000000	100	100	0	0.850627
2317000	-0.6000000000	0.0100000000	0.1000000000	100	100	0	0.789901
2318000	-0.6000000000	0.0100000000	0.1000000000	100	100	0	0.836324
2319000	-0.6000000000	0.0100000000	0.1000000000	100	100	0	0.860779
2320000	-0.6000000000	0.0100000000	0.1000000000	100	100	0	0.775607
2321000	-0.6000000000	0.0100000000	0.1000000000	100	100	0	0.750511
2322000	-0.6000000000	0.0100000000	0.1000000000	100	100	0	0.853771
2323000	-0.6000000000	0.0100000000	0.1000000000	100	100	0	0.780835
2324000	-0.6000000000	0.0100000000	0.1000000000	100	100	0	0.742510
2325000	-0.6000000000	0.0100000000	0.1000000000	100	100	0	0.784165
2326000	-0.6000000000	0.0100000000	0.1000000000	100	100	0	0.833877
2327000	-0.6000000000	0.0100000000	0.1000000000	100	100	0	0.820339
2328000	-0.6000000000	0.0100000000	0.1000000000	100	100	0	0.815309
2329000	-0.6000000000	0.0100000000	0.1000000000	100	100	0	0.723106
2330000	-0.6000000000	0.0100000000	0.1000000000	100	100	0	0.815438
2331000	-0.6000000000	0.0100000000	0.1000000000	100	100	0	0.802319
2332000	-0.6000000000	0.0100000000	0.1000000000	100	100	0	0.779049
2333000	-0.6000000000	0.0100000000	0.1000000000	100	100	0	0.849913
2334000	-0.6000000000	0.0100000000	0.1000000000	100	100	0	0.813918
2335000	-0.6000000000	0.0100000000	0.1000000000	100	100	0	0.799822
2336000	-0.6000000000	0.0100000000	0.1000000000	100	100	0	0.821604
2337000	-0.6000000000	0.0100000000	0.1000000000	100	100	0	0.777687
2338000	-0.6000000000	0.0100000000	0.1000000000	100	100	0	0.760763
2339000	-0.6000000000	0.0100000000	0.1000000000	100	100	0	0.787692
2340000	-0.6000000000	0.0100000000	0.1000000000	100	100	0	0.748054
2341000	-0.6000000000	0.0100000000	0.1000000000	100	100	0	0.774127
2342000	-0.6000000000	0.0100000000	0.1000000000	100	100	0	0.832482
2343000	-0.6000000000	0.0100000000	0.1000000000	100	100	0	0.756973
2344000	-0.6000000000	0.0100000000	0.1000000000	100	100	0	0.806831
2345000	-0.6000000000	0.0100000000	0.1000000000	100	100	0	0.763472
2346000	-0.6000000000	0.0100000000	0.1000000000	100	100	0	0.855685
2347000	-0.6000000000	0.0100000000	0.1000000000	100	100	0	0.754755
2348000	-0.6000000000	0.0100000000	0.1000000000	100	100	0	0.744902
2349000	-0.6000000000	0.0100000000	0.1000000000	100	100	0	0.864981
2350000	-0.6000000000	0.0100000000	0.1000000000	100	100	0	0.721032
2351000	-0.6000000000	0.0100000000	0.1000000000	100	100	0	0.774855
2352000	-0.6000000000	0.0100000000	0.1000000000	100	100	0	0.770726
2353000	-0.6000000000	0.0100000000	0.1000000000	100	100	0	0.822432
2354000	-0.6000000000	0.0100000000	0.1000000000	100	100	0	0.833466
2355000	-0.6000000000	0.0100000000	0.1000000000	100	100	0	0.837665
2356000	-0.6000000000	0.0100000000	0.1000000000	100	100	0	0.747870
2357000	-0.6000000000	0.0100000000	0.1000000000	100	100	0	0.836618
2358000	-0.6000000000	0.0100000000	0.1000000000	100	100	0	0.850506
2359000	-0.6000000000	0.0100000000	0.1000000000	100	100	0	0.814416
2360000	-0.6000000000	0.0100000000	0.1000000000	100	100	0	0.792819
2361000	-0.6000000000	0.0100000000	0.1000000000	100	100	0	0.827007
2362000	-0.6000000000	0.0100000000	0.1000000000	100	100	0	0.820979
2363000	-0.6000000000	0.0100000000	0.1000000000	100	100	0	0.814010
2364000	-0.6000000000	0.0100000000	0.1000000000	100	100	0	0.758305
2365000	-0.6000000000	0.0100000000	0.1000000000	100	100	0	0.730768
2366000	-0.6000000000	0.0100000000	0.1000000000	100	100	0	0.850662
2367000	-0.6000000000	0.0100000000	0.1000000000	100	100	0	0.855068
2368000	-0.6000000000	0.0100000000	0.1000000000	100	100	0	0.822369
2369000	-0.6000000000	0.0100000000	0.1000000000	100	100	0	0.774806
2370000	-0.6000000000	0.0100000000	0.1000000000	100	100	0	0.778720
2371000	-0.6000000000	0.0100000000	0.1000000000	100	100	0	0.797363
2372000	-0.6000000000	0.0100000000	0.1000000000	100	100	0	0.765615
2373000	-0.6000000000	0.0100000000	0.1000000000	100	100	0	0.777475
2374000	-0.6000000000	0.0100000000	0.1000000000	100	100	0	0.779306
2375000	-0.6000000000	0.0100000000	0.1000000000	100	100	0	0.798527
2376000	-0.6000000000	0.0100000000	0.1000000000	100	100	0	0.815347
2377000	-0.6000000000	0.0100000000	0.1000000000	100	100	0	0.846143
2378000	-0.6000000000	0.0100000000	0.1000000000	100	100	0	0.744843
2379000	-0.6000000000	0.0100000000	0.1000000000	100	100	0	0.791132
2380000	-0.6000000000	0.0100000000	0.1000000000	100	100	0	0.710873
2381000	-0.6000000000	0.0100000000	0.1000000000	100	100	0	0.865888
2382000	-0.6000000000	0.0100000000	0.1000000000	100	100	0	0.840484
2383000	-0.6000000000	0.0100000000	0.1000000000	100	100	0	0.846916
2384000	-0.6000000000	0.0100000000	0.1000000000	100	100	0	0.710879
2385000	-0.6000000000	0.0100000000	0.1000000000	100	100	0	0.768285
2386000	-0.6000000000	0.0100000000	0.1000000000	100	100	0	0.807066
2387000	-0.6000000000	0.0100000000	0.1000000000	100	100	0	0.797965
2388000	-0.6000000000	0.0100000000	0.1000000000	100	100	0	0.806430
2389000	-0.6000000000	0.0100000000	0.1000000000	100	100	0	0.890180
2390000	-0.6000000000	0.0100000000	0.1000000000	100	100	0	0.823733
2391000	-0.6000000000	0.0100000000	0.1000000000	100	100	0	0.750811
2392000	-0.6000000000	0.0100000000	0.1000000000	100	100	0	0.826851
2393000	-0.6000000000	0.0100000000	0.1000000000	100	100	0	0.884654
2394000	-0.6000000000	0.0100000000	0.1000000000	100	100	0	0.792097
2395000	-0.6000000000	0.0100000000	0.1000000000	100	100	0	0.798971
2396000	-0.6000000000	0.0100000000	0.1000000000	100	100	0	0.737583
2397000	-0.6000000000	0.0100000000	0.1000000000	100	100	0	0.740453
2398000	-0.6000000000	0.0100000000	0.1000000000	100	100	0	0.753085
2399000	-0.6000000000	0.0100000000	0.1000000000	100	100	0	0.682312
2400000	-0.6000000000	0.0100000000	0.1000000000	100	100	0	0.844502
2401000	-0.6000000000	0.0100000000	0.1000000000	100	100	0	0.744029
2402000	-0.6000000000	0.0100000000	0.1000000000	100	100	0	0.721542
2403000	-0.6000000000	0.0100000000	0.1000000000	100	100	0	0.744715
2404000	-0.6000000000	0.0100000000	0.1000000000	100	100	0	0.838204
2405000	-0.6000000000	0.0100000000	0.1000000000	100	100	0	0.760915
2406000	-0.6000000000	0.0100000000	0.1000000000	100	100	0	0.793194
2407000	-0.6000000000	0.0100000000	0.1000000000	100	100	0	0.716540
2408000	-0.6000000000	0.0100000000	0.1000000000	100	100	0	0.753623
2409000	-0.6000000000	0.0100000000	0.1000000000	100	100	0	0.756980
2410000	-0.6000000000	0.0100000000	0.1000000000	100	100	0	0.741827
2411000	-0.6000000000	0.0100000000	0.1000000000	100	100	0	0.841110
2412000	-0.6000000000	0.0100000000	0.1000000000	100	100	0	0.878372
2413000	-0.6000000000	0.0100000000	0.1000000000	100	100	0	0.847568
2414000	-0.6000000000	0.0100000000	0.1000000000	100	100	0	0.741769
2415000	-0.6000000000	0.0100000000	0.1000000000	100	100	0	0.826777
2416000	-0.6000000000	0.0100000000	0.1000000000	100	100	0	0.748474
2417000	-0.6000000000	0.0100000000	0.1000000000	100	100	0	0.778581
2418000	-0.6000000000	0.0100000000	0.1000000000	100	100	0	0.780828
2419000	-0.6000000000	0.0100000000	0.1000000000	100	100	0	0.823397
2420000	-0.6000000000	0.0100000000	0.1000000000	100	100	0	0.753591
2421000	-0.6000000000	0.0100000000	0.1000000000	100	100	0	0.804791
2422000	-0.6000000000	0.0100000000	0.1000000000	100	100	0	0.741424
2423000	-0.6000000000	0.0100000000	0.1000000000	100	100	0	0.796395
2424000	-0.6000000000	0.0100000000	0.1000000000	100	100	0	0.823618
2425000	-0.6000000000	0.0100000000	0.1000000000	100	100	0	0.796808
2426000	-0.6000000000	0.0100000000	0.1000000000	100	100	0	0.811504
2427000	-0.6000000000	0.0100000000	0.1000000000	100	100	0	0.774153
2428000	-0.6000000000	0.0100000000	0.1000000000	100	100	0	0.872406
2429000	-0.6000000000	0.0100000000	0.1000000000	100	100	0	0.751052
2430000	-0.6000000000	0.0100000000	0.1000000000	100	100	0	0.783902
2431000	-0.6000000000	0.0100000000	0.1000000000	100	100	0	0.798023
2432000	-0.6000000000	0.0100000000	0.1000000000	100	100	0	0.800034
2433000	-0.6000000000	0.0100000000	0.1000000000	100	100	0	0.819379
2434000	-0.6000000000	0.0100000000	0.1000000000	100	100	0	0.766634
2435000	-0.6000000000	0.0100000000	0.1000000000	100	100	0	0.720967
2436000	-0.6000000000	0.0100000000	0.1000000000	100	100	0	0.757810
2437000	-0.6000000000	0.0100000000	0.1000000000	100	100	0	0.812958
2438000	-0.6000000000	0.0100000000	0.1000000000	100	100	0	0.793578
2439000	-0.6000000000	0.0100000000	0.1000000000	100	100	0	0.795968
2440000	-0.6000000000	0.0100000000	0.1000000000	100	100	0	0.793950
2441000	-0.6000000000	0.0100000000	0.1000000000	100	100	0	0.813823
2442000	-0.6000000000	0.0100000000	0.1000000000	100	100	0	0.888181
2443000	-0.6000000000	0.0100000000	0.1000000000	100	100	0	0.833373
2444000	-0.6000000000	0.0100000000	0.1000000000	100	100	0	0.800506
2445000	-0.6000000000	0.0100000000	0.1000000000	100	100	0	0.841779
2446000	-0.6000000000	0.0100000000	0.1000000000	100	100	0	0.782877
2447000	-0.6000000000	0.0100000000	0.1000000000	100	100	0	0.815992
2448000	-0.6000000000	0.0100000000	0.1000000000	100	100	0	0.713115
2449000	-0.6000000000	0.0100000000	0.1000000000	100	100	0	0.716779
2450000	-0.6000000000	0.0100000000	0.1000000000	100	100	0	0.780990
2451000	-0.6000000000	0.0100000000	0.1000000000	100	100	0	0.794749
2452000	-0.6000000000	0.0100000000	0.1000000000	100	100	0	0.732462
2453000	-0.6000000000	0.0100000000	0.1000000000	100	100	0	0.829597
2454000	-0.6000000000	0.0100000000	0.1000000000	100	100	0	0.793017
2455000	-0.6000000000	0.0100000000	0.1000000000	100	100	0	0.780225
2456000	-0.6000000000	0.0100000000	0.1000000000	100	100	0	0.773817
2457000	-0.6000000000	0.0100000000	0.1000000000	100	100	0	0.718476
2458000	-0.6000000000	0.0100000000	0.1000000000	100	100	0	0.733667
2459000	-0.6000000000	0.0100000000	0.1000000000	100	100	0	0.685822
2460000	-0.6000000000	0.0100000000	0.1000000000	100	100	0	0.899211
2461000	-0.6000000000	0.0100000000	0.1000000000	100	100	0	0.699579
2462000	-0.6000000000	0.0100000000	0.1000000000	100	100	0	0.772548
2463000	-0.6000000000	0.0100000000	0.1000000000	100	100	0	0.795705
2464000	-0.6000000000	0.0100000000	0.1000000000	100	100	0	0.736298
2465000	-0.6000000000	0.0100000000	0.1000000000	100	100	0	0.757119
2466000	-0.6000000000	0.0100000000	0.1000000000	100	100	0	0.810284
2467000	-0.6000000000	0.0100000000	0.1000000000	100	100	0	0.731552
2468000	-0.6000000000	0.0100000000	0.1000000000	100	100	0	0.869322
2469000	-0.6000000000	0.0100000000	0.1000000000	100	100	0	0.813937
2470000	-0.6000000000	0.0100000000	0.1000000000	100	100	0	0.737885
2471000	-0.6000000000	0.0100000000	0.1000000000	100	100	0	0.772747
2472000	-0.6000000000	0.0100000000	0.1000000000	100	100	0	0.698105
2473000	-0.6000000000	0.0100000000	0.1000000000	100	100	0	0.827451
2474000	-0.6000000000	0.0100000000	0.1000000000	100	100	0	0.732068
2475000	-0.6000000000	0.0100000000	0.1000000000	100	100	0	0.774273
2476000	-0.6000000000	0.0100000000	0.1000000000	100	100	0	0.825008
2477000	-0.6000000000	0.0100000000	0.1000000000	100	100	0	0.716544
2478000	-0.6000000000	0.0100000000	0.1000000000	100	100	0	0.707486
2479000	-0.6000000000	0.0100000000	0.1000000000	100	100	0	0.731187
2480000	-0.6000000000	0.0100000000	0.1000000000	100	100	0	0.749241
2481000	-0.6000000000	0.0100000000	0.1000000000	100	100	0	0.819674
2482000	-0.6000000000	0.0100000000	0.1000000000	100	100	0	0.809084
2483000	-0.6000000000	0.0100000000	0.1000000000	100	100	0	0.865956
2484000	-0.6000000000	0.0100000000	0.1000000000	100	100	0	0.791607
2485000	-0.6000000000	0.0100000000	0.1000000000	100	100	0	0.693175
2486000	-0.6000000000	0.0100000000	0.1000000000	100	100	0	0.717133
2487000	-0.6000000000	0.0100000000	0.1000000000	100	100	0	0.796510
2488000	-0.6000000000	0.0100000000	0.1000000000	100	100	0	0.798214
2489000	-0.6000000000	0.0100000000	0.1000000000	100	100	0	0.866434
2490000	-0.6000000000	0.0100000000	0.1000000000	100	100	0	0.795551
2491000	-0.6000000000	0.0100000000	0.1000000000	100	100	0	0.773356
2492000	-0.6000000000	0.0100000000	0.1000000000	100	100	0	0.851068
2493000	-0.6000000000	0.0100000000	0.1000000000	100	100	0	0.770796
2494000	-0.6000000000	0.0100000000	0.1000000000	100	100	0	0.788228
2495000	-0.6000000000	0.0100000000	0.1000000000	100	100	0	0.794507
2496000	-0.6000000000	0.0100000000	0.1000000000	100	100	0	0.776533
2497000	-0.6000000000	0.0100000000	0.1000000000	100	100	0	0.811535
2498000	-0.6000000000	0.0100000000	0.1000000000	100	100	0	0.859692
2499000	-0.6000000000	0.0100000000	0.1000000000	100	100	0	0.840815
2500000	-0.6000000000	0.0100000000	0.1000000000	100	100	0	0.804753
