time	epistasis_coef	sel_coef	mu_prob	Ne	L	k_start	mean_fitness
1500000	0.6000000000	0.0001000000	0.0100000000	100	100	0	0.999484
1501000	0.6000000000	0.0001000000	0.0100000000	100	100	0	0.999492
1502000	0.6000000000	0.0001000000	0.0100000000	100	100	0	0.999487
1503000	0.6000000000	0.0001000000	0.0100000000	100	100	0	0.999485
1504000	0.6000000000	0.0001000000	0.0100000000	100	100	0	0.999503
1505000	0.6000000000	0.0001000000	0.0100000000	100	100	0	0.999504
1506000	0.6000000000	0.0001000000	0.0100000000	100	100	0	0.999510
1507000	0.6000000000	0.0001000000	0.0100000000	100	100	0	0.999520
1508000	0.6000000000	0.0001000000	0.0100000000	100	100	0	0.999509
1509000	0.6000000000	0.0001000000	0.0100000000	100	100	0	0.999495
1510000	0.6000000000	0.0001000000	0.0100000000	100	100	0	0.999490
1511000	0.6000000000	0.0001000000	0.0100000000	100	100	0	0.999503
1512000	0.6000000000	0.0001000000	0.0100000000	100	100	0	0.999511
1513000	0.6000000000	0.0001000000	0.0100000000	100	100	0	0.999514
1514000	0.6000000000	0.0001000000	0.0100000000	100	100	0	0.999512
1515000	0.6000000000	0.0001000000	0.0100000000	100	100	0	0.999503
1516000	0.6000000000	0.0001000000	0.0100000000	100	100	0	0.999498
1517000	0.6000000000	0.0001000000	0.0100000000	100	100	0	0.999497
1518000	0.6000000000	0.0001000000	0.0100000000	100	100	0	0.999479
1519000	0.6000000000	0.0001000000	0.0100000000	100	100	0	0.999494
1520000	0.6000000000	0.0001000000	0.0100000000	100	100	0	0.999509
1521000	0.6000000000	0.0001000000	0.0100000000	100	100	0	0.999518
1522000	0.6000000000	0.0001000000	0.0100000000	100	100	0	0.999518
1523000	0.6000000000	0.0001000000	0.0100000000	100	100	0	0.999530
1524000	0.6000000000	0.0001000000	0.0100000000	100	100	0	0.999539
1525000	0.6000000000	0.0001000000	0.0100000000	100	100	0	0.999538
1526000	0.6000000000	0.0001000000	0.0100000000	100	100	0	0.999526
1527000	0.6000000000	0.0001000000	0.0100000000	100	100	0	0.999526
1528000	0.6000000000	0.0001000000	0.0100000000	100	100	0	0.999530
1529000	0.6000000000	0.0001000000	0.0100000000	100	100	0	0.999520
1530000	0.6000000000	0.0001000000	0.0100000000	100	100	0	0.999501
1531000	0.6000000000	0.0001000000	0.0100000000	100	100	0	0.999512
1532000	0.6000000000	0.0001000000	0.0100000000	100	100	0	0.999516
1533000	0.6000000000	0.0001000000	0.0100000000	100	100	0	0.999514
1534000	0.6000000000	0.0001000000	0.0100000000	100	100	0	0.999517
1535000	0.6000000000	0.0001000000	0.0100000000	100	100	0	0.999506
1536000	0.6000000000	0.0001000000	0.0100000000	100	100	0	0.999506
1537000	0.6000000000	0.0001000000	0.0100000000	100	100	0	0.999515
1538000	0.6000000000	0.0001000000	0.0100000000	100	100	0	0.999501
1539000	0.6000000000	0.0001000000	0.0100000000	100	100	0	0.999511
1540000	0.6000000000	0.0001000000	0.0100000000	100	100	0	0.999522
1541000	0.6000000000	0.0001000000	0.0100000000	100	100	0	0.999539
1542000	0.6000000000	0.0001000000	0.0100000000	100	100	0	0.999548
1543000	0.6000000000	0.0001000000	0.0100000000	100	100	0	0.999547
1544000	0.6000000000	0.0001000000	0.0100000000	100	100	0	0.999542
1545000	0.6000000000	0.0001000000	0.0100000000	100	100	0	0.999545
1546000	0.6000000000	0.0001000000	0.0100000000	100	100	0	0.999545
1547000	0.6000000000	0.0001000000	0.0100000000	100	100	0	0.999554
1548000	0.6000000000	0.0001000000	0.0100000000	100	100	0	0.999560
1549000	0.6000000000	0.0001000000	0.0100000000	100	100	0	0.999542
1550000	0.6000000000	0.0001000000	0.0100000000	100	100	0	0.999537
1551000	0.6000000000	0.0001000000	0.0100000000	100	100	0	0.999532
1552000	0.6000000000	0.0001000000	0.0100000000	100	100	0	0.999516
1553000	0.6000000000	0.0001000000	0.0100000000	100	100	0	0.999524
1554000	0.6000000000	0.0001000000	0.0100000000	100	100	0	0.999529
1555000	0.6000000000	0.0001000000	0.0100000000	100	100	0	0.999557
1556000	0.6000000000	0.0001000000	0.0100000000	100	100	0	0.999573
1557000	0.6000000000	0.0001000000	0.0100000000	100	100	0	0.999565
1558000	0.6000000000	0.0001000000	0.0100000000	100	100	0	0.999565
1559000	0.6000000000	0.0001000000	0.0100000000	100	100	0	0.999567
1560000	0.6000000000	0.0001000000	0.0100000000	100	100	0	0.999553
1561000	0.6000000000	0.0001000000	0.0100000000	100	100	0	0.999566
1562000	0.6000000000	0.0001000000	0.0100000000	100	100	0	0.999576
1563000	0.6000000000	0.0001000000	0.0100000000	100	100	0	0.999557
1564000	0.6000000000	0.0001000000	0.0100000000	100	100	0	0.999588
1565000	0.6000000000	0.0001000000	0.0100000000	100	100	0	0.999570
1566000	0.6000000000	0.0001000000	0.0100000000	100	100	0	0.999572
1567000	0.6000000000	0.0001000000	0.0100000000	100	100	0	0.999563
1568000	0.6000000000	0.0001000000	0.0100000000	100	100	0	0.999549
1569000	0.6000000000	0.0001000000	0.0100000000	100	100	0	0.999545
1570000	0.6000000000	0.0001000000	0.0100000000	100	100	0	0.999536
1571000	0.6000000000	0.0001000000	0.0100000000	100	100	0	0.999533
1572000	0.6000000000	0.0001000000	0.0100000000	100	100	0	0.999531
1573000	0.6000000000	0.0001000000	0.0100000000	100	100	0	0.999527
1574000	0.6000000000	0.0001000000	0.0100000000	100	100	0	0.999516
1575000	0.6000000000	0.0001000000	0.0100000000	100	100	0	0.999517
1576000	0.6000000000	0.0001000000	0.0100000000	100	100	0	0.999522
1577000	0.6000000000	0.0001000000	0.0100000000	100	100	0	0.999536
1578000	0.6000000000	0.0001000000	0.0100000000	100	100	0	0.999541
1579000	0.6000000000	0.0001000000	0.0100000000	100	100	0	0.999542
1580000	0.6000000000	0.0001000000	0.0100000000	100	100	0	0.999552
1581000	0.6000000000	0.0001000000	0.0100000000	100	100	0	0.999537
1582000	0.6000000000	0.0001000000	0.0100000000	100	100	0	0.999528
1583000	0.6000000000	0.0001000000	0.0100000000	100	100	0	0.999522
1584000	0.6000000000	0.0001000000	0.0100000000	100	100	0	0.999501
1585000	0.6000000000	0.0001000000	0.0100000000	100	100	0	0.999512
1586000	0.6000000000	0.0001000000	0.0100000000	100	100	0	0.999520
1587000	0.6000000000	0.0001000000	0.0100000000	100	100	0	0.999533
1588000	0.6000000000	0.0001000000	0.0100000000	100	100	0	0.999526
1589000	0.6000000000	0.0001000000	0.0100000000	100	100	0	0.999514
1590000	0.6000000000	0.0001000000	0.0100000000	100	100	0	0.999513
1591000	0.6000000000	0.0001000000	0.0100000000	100	100	0	0.999510
1592000	0.6000000000	0.0001000000	0.0100000000	100	100	0	0.999510
1593000	0.6000000000	0.0001000000	0.0100000000	100	100	0	0.999512
1594000	0.6000000000	0.0001000000	0.0100000000	100	100	0	0.999515
1595000	0.6000000000	0.0001000000	0.0100000000	100	100	0	0.999522
1596000	0.6000000000	0.0001000000	0.0100000000	100	100	0	0.999521
1597000	0.6000000000	0.0001000000	0.0100000000	100	100	0	0.999517
1598000	0.6000000000	0.0001000000	0.0100000000	100	100	0	0.999514
1599000	0.6000000000	0.0001000000	0.0100000000	100	100	0	0.999522
1600000	0.6000000000	0.0001000000	0.0100000000	100	100	0	0.999505
1601000	0.6000000000	0.0001000000	0.0100000000	100	100	0	0.999514
1602000	0.6000000000	0.0001000000	0.0100000000	100	100	0	0.999510
1603000	0.6000000000	0.0001000000	0.0100000000	100	100	0	0.999502
1604000	0.6000000000	0.0001000000	0.0100000000	100	100	0	0.999510
1605000	0.6000000000	0.0001000000	0.0100000000	100	100	0	0.999511
1606000	0.6000000000	0.0001000000	0.0100000000	100	100	0	0.999501
1607000	0.6000000000	0.0001000000	0.0100000000	100	100	0	0.999505
1608000	0.6000000000	0.0001000000	0.0100000000	100	100	0	0.999504
1609000	0.6000000000	0.0001000000	0.0100000000	100	100	0	0.999497
1610000	0.6000000000	0.0001000000	0.0100000000	100	100	0	0.999484
1611000	0.6000000000	0.0001000000	0.0100000000	100	100	0	0.999479
1612000	0.6000000000	0.0001000000	0.0100000000	100	100	0	0.999503
1613000	0.6000000000	0.0001000000	0.0100000000	100	100	0	0.999489
1614000	0.6000000000	0.0001000000	0.0100000000	100	100	0	0.999498
1615000	0.6000000000	0.0001000000	0.0100000000	100	100	0	0.999493
1616000	0.6000000000	0.0001000000	0.0100000000	100	100	0	0.999505
1617000	0.6000000000	0.0001000000	0.0100000000	100	100	0	0.999480
1618000	0.6000000000	0.0001000000	0.0100000000	100	100	0	0.999478
1619000	0.6000000000	0.0001000000	0.0100000000	100	100	0	0.999497
1620000	0.6000000000	0.0001000000	0.0100000000	100	100	0	0.999495
1621000	0.6000000000	0.0001000000	0.0100000000	100	100	0	0.999494
1622000	0.6000000000	0.0001000000	0.0100000000	100	100	0	0.999485
1623000	0.6000000000	0.0001000000	0.0100000000	100	100	0	0.999496
1624000	0.6000000000	0.0001000000	0.0100000000	100	100	0	0.999494
1625000	0.6000000000	0.0001000000	0.0100000000	100	100	0	0.999496
1626000	0.6000000000	0.0001000000	0.0100000000	100	100	0	0.999503
1627000	0.6000000000	0.0001000000	0.0100000000	100	100	0	0.999507
1628000	0.6000000000	0.0001000000	0.0100000000	100	100	0	0.999506
1629000	0.6000000000	0.0001000000	0.0100000000	100	100	0	0.999507
1630000	0.6000000000	0.0001000000	0.0100000000	100	100	0	0.999525
1631000	0.6000000000	0.0001000000	0.0100000000	100	100	0	0.999534
1632000	0.6000000000	0.0001000000	0.0100000000	100	100	0	0.999543
1633000	0.6000000000	0.0001000000	0.0100000000	100	100	0	0.999520
1634000	0.6000000000	0.0001000000	0.0100000000	100	100	0	0.999522
1635000	0.6000000000	0.0001000000	0.0100000000	100	100	0	0.999526
1636000	0.6000000000	0.0001000000	0.0100000000	100	100	0	0.999533
1637000	0.6000000000	0.0001000000	0.0100000000	100	100	0	0.999523
1638000	0.6000000000	0.0001000000	0.0100000000	100	100	0	0.999516
1639000	0.6000000000	0.0001000000	0.0100000000	100	100	0	0.999522
1640000	0.6000000000	0.0001000000	0.0100000000	100	100	0	0.999518
1641000	0.6000000000	0.0001000000	0.0100000000	100	100	0	0.999515
1642000	0.6000000000	0.0001000000	0.0100000000	100	100	0	0.999517
1643000	0.6000000000	0.0001000000	0.0100000000	100	100	0	0.999504
1644000	0.6000000000	0.0001000000	0.0100000000	100	100	0	0.999512
1645000	0.6000000000	0.0001000000	0.0100000000	100	100	0	0.999510
1646000	0.6000000000	0.0001000000	0.0100000000	100	100	0	0.999518
1647000	0.6000000000	0.0001000000	0.0100000000	100	100	0	0.999524
1648000	0.6000000000	0.0001000000	0.0100000000	100	100	0	0.999508
1649000	0.6000000000	0.0001000000	0.0100000000	100	100	0	0.999514
1650000	0.6000000000	0.0001000000	0.0100000000	100	100	0	0.999523
1651000	0.6000000000	0.0001000000	0.0100000000	100	100	0	0.999521
1652000	0.6000000000	0.0001000000	0.0100000000	100	100	0	0.999515
1653000	0.6000000000	0.0001000000	0.0100000000	100	100	0	0.999534
1654000	0.6000000000	0.0001000000	0.0100000000	100	100	0	0.999546
1655000	0.6000000000	0.0001000000	0.0100000000	100	100	0	0.999534
1656000	0.6000000000	0.0001000000	0.0100000000	100	100	0	0.999510
1657000	0.6000000000	0.0001000000	0.0100000000	100	100	0	0.999516
1658000	0.6000000000	0.0001000000	0.0100000000	100	100	0	0.999534
1659000	0.6000000000	0.0001000000	0.0100000000	100	100	0	0.999535
1660000	0.6000000000	0.0001000000	0.0100000000	100	100	0	0.999557
1661000	0.6000000000	0.0001000000	0.0100000000	100	100	0	0.999537
1662000	0.6000000000	0.0001000000	0.0100000000	100	100	0	0.999554
1663000	0.6000000000	0.0001000000	0.0100000000	100	100	0	0.999545
1664000	0.6000000000	0.0001000000	0.0100000000	100	100	0	0.999541
1665000	0.6000000000	0.0001000000	0.0100000000	100	100	0	0.999550
1666000	0.6000000000	0.0001000000	0.0100000000	100	100	0	0.999555
1667000	0.6000000000	0.0001000000	0.0100000000	100	100	0	0.999541
1668000	0.6000000000	0.0001000000	0.0100000000	100	100	0	0.999562
1669000	0.6000000000	0.0001000000	0.0100000000	100	100	0	0.999582
1670000	0.6000000000	0.0001000000	0.0100000000	100	100	0	0.999579
1671000	0.6000000000	0.0001000000	0.0100000000	100	100	0	0.999576
1672000	0.6000000000	0.0001000000	0.0100000000	100	100	0	0.999579
1673000	0.6000000000	0.0001000000	0.0100000000	100	100	0	0.999558
1674000	0.6000000000	0.0001000000	0.0100000000	100	100	0	0.999566
1675000	0.6000000000	0.0001000000	0.0100000000	100	100	0	0.999553
1676000	0.6000000000	0.0001000000	0.0100000000	100	100	0	0.999532
1677000	0.6000000000	0.0001000000	0.0100000000	100	100	0	0.999520
1678000	0.6000000000	0.0001000000	0.0100000000	100	100	0	0.999510
1679000	0.6000000000	0.0001000000	0.0100000000	100	100	0	0.999517
1680000	0.6000000000	0.0001000000	0.0100000000	100	100	0	0.999524
1681000	0.6000000000	0.0001000000	0.0100000000	100	100	0	0.999528
1682000	0.6000000000	0.0001000000	0.0100000000	100	100	0	0.999556
1683000	0.6000000000	0.0001000000	0.0100000000	100	100	0	0.999556
1684000	0.6000000000	0.0001000000	0.0100000000	100	100	0	0.999543
1685000	0.6000000000	0.0001000000	0.0100000000	100	100	0	0.999544
1686000	0.6000000000	0.0001000000	0.0100000000	100	100	0	0.999547
1687000	0.6000000000	0.0001000000	0.0100000000	100	100	0	0.999543
1688000	0.6000000000	0.0001000000	0.0100000000	100	100	0	0.999539
1689000	0.6000000000	0.0001000000	0.0100000000	100	100	0	0.999534
1690000	0.6000000000	0.0001000000	0.0100000000	100	100	0	0.999554
1691000	0.6000000000	0.0001000000	0.0100000000	100	100	0	0.999547
1692000	0.6000000000	0.0001000000	0.0100000000	100	100	0	0.999540
1693000	0.6000000000	0.0001000000	0.0100000000	100	100	0	0.999522
1694000	0.6000000000	0.0001000000	0.0100000000	100	100	0	0.999529
1695000	0.6000000000	0.0001000000	0.0100000000	100	100	0	0.999534
1696000	0.6000000000	0.0001000000	0.0100000000	100	100	0	0.999547
1697000	0.6000000000	0.0001000000	0.0100000000	100	100	0	0.999534
1698000	0.6000000000	0.0001000000	0.0100000000	100	100	0	0.999548
1699000	0.6000000000	0.0001000000	0.0100000000	100	100	0	0.999545
1700000	0.6000000000	0.0001000000	0.0100000000	100	100	0	0.999569
1701000	0.6000000000	0.0001000000	0.0100000000	100	100	0	0.999565
1702000	0.6000000000	0.0001000000	0.0100000000	100	100	0	0.999543
1703000	0.6000000000	0.0001000000	0.0100000000	100	100	0	0.999540
1704000	0.6000000000	0.0001000000	0.0100000000	100	100	0	0.999520
1705000	0.6000000000	0.0001000000	0.0100000000	100	100	0	0.999526
1706000	0.6000000000	0.0001000000	0.0100000000	100	100	0	0.999546
1707000	0.6000000000	0.0001000000	0.0100000000	100	100	0	0.999525
1708000	0.6000000000	0.0001000000	0.0100000000	100	100	0	0.999534
1709000	0.6000000000	0.0001000000	0.0100000000	100	100	0	0.999531
1710000	0.6000000000	0.0001000000	0.0100000000	100	100	0	0.999530
1711000	0.6000000000	0.0001000000	0.0100000000	100	100	0	0.999515
1712000	0.6000000000	0.0001000000	0.0100000000	100	100	0	0.999512
1713000	0.6000000000	0.0001000000	0.0100000000	100	100	0	0.999494
1714000	0.6000000000	0.0001000000	0.0100000000	100	100	0	0.999504
1715000	0.6000000000	0.0001000000	0.0100000000	100	100	0	0.999496
1716000	0.6000000000	0.0001000000	0.0100000000	100	100	0	0.999502
1717000	0.6000000000	0.0001000000	0.0100000000	100	100	0	0.999495
1718000	0.6000000000	0.0001000000	0.0100000000	100	100	0	0.999489
1719000	0.6000000000	0.0001000000	0.0100000000	100	100	0	0.999483
1720000	0.6000000000	0.0001000000	0.0100000000	100	100	0	0.999488
1721000	0.6000000000	0.0001000000	0.0100000000	100	100	0	0.999501
1722000	0.6000000000	0.0001000000	0.0100000000	100	100	0	0.999500
1723000	0.6000000000	0.0001000000	0.0100000000	100	100	0	0.999507
1724000	0.6000000000	0.0001000000	0.0100000000	100	100	0	0.999515
1725000	0.6000000000	0.0001000000	0.0100000000	100	100	0	0.999529
1726000	0.6000000000	0.0001000000	0.0100000000	100	100	0	0.999538
1727000	0.6000000000	0.0001000000	0.0100000000	100	100	0	0.999533
1728000	0.6000000000	0.0001000000	0.0100000000	100	100	0	0.999537
1729000	0.6000000000	0.0001000000	0.0100000000	100	100	0	0.999515
1730000	0.6000000000	0.0001000000	0.0100000000	100	100	0	0.999528
1731000	0.6000000000	0.0001000000	0.0100000000	100	100	0	0.999531
1732000	0.6000000000	0.0001000000	0.0100000000	100	100	0	0.999510
1733000	0.6000000000	0.0001000000	0.0100000000	100	100	0	0.999532
1734000	0.6000000000	0.0001000000	0.0100000000	100	100	0	0.999528
1735000	0.6000000000	0.0001000000	0.0100000000	100	100	0	0.999530
1736000	0.6000000000	0.0001000000	0.0100000000	100	100	0	0.999532
1737000	0.6000000000	0.0001000000	0.0100000000	100	100	0	0.999539
1738000	0.6000000000	0.0001000000	0.0100000000	100	100	0	0.999526
1739000	0.6000000000	0.0001000000	0.0100000000	100	100	0	0.999513
1740000	0.6000000000	0.0001000000	0.0100000000	100	100	0	0.999514
1741000	0.6000000000	0.0001000000	0.0100000000	100	100	0	0.999511
1742000	0.6000000000	0.0001000000	0.0100000000	100	100	0	0.999520
1743000	0.6000000000	0.0001000000	0.0100000000	100	100	0	0.999547
1744000	0.6000000000	0.0001000000	0.0100000000	100	100	0	0.999550
1745000	0.6000000000	0.0001000000	0.0100000000	100	100	0	0.999546
1746000	0.6000000000	0.0001000000	0.0100000000	100	100	0	0.999533
1747000	0.6000000000	0.0001000000	0.0100000000	100	100	0	0.999538
1748000	0.6000000000	0.0001000000	0.0100000000	100	100	0	0.999517
1749000	0.6000000000	0.0001000000	0.0100000000	100	100	0	0.999516
1750000	0.6000000000	0.0001000000	0.0100000000	100	100	0	0.999513
1751000	0.6000000000	0.0001000000	0.0100000000	100	100	0	0.999510
1752000	0.6000000000	0.0001000000	0.0100000000	100	100	0	0.999511
1753000	0.6000000000	0.0001000000	0.0100000000	100	100	0	0.999516
1754000	0.6000000000	0.0001000000	0.0100000000	100	100	0	0.999526
1755000	0.6000000000	0.0001000000	0.0100000000	100	100	0	0.999516
1756000	0.6000000000	0.0001000000	0.0100000000	100	100	0	0.999503
1757000	0.6000000000	0.0001000000	0.0100000000	100	100	0	0.999497
1758000	0.6000000000	0.0001000000	0.0100000000	100	100	0	0.999501
1759000	0.6000000000	0.0001000000	0.0100000000	100	100	0	0.999507
1760000	0.6000000000	0.0001000000	0.0100000000	100	100	0	0.999513
1761000	0.6000000000	0.0001000000	0.0100000000	100	100	0	0.999516
1762000	0.6000000000	0.0001000000	0.0100000000	100	100	0	0.999535
1763000	0.6000000000	0.0001000000	0.0100000000	100	100	0	0.999511
1764000	0.6000000000	0.0001000000	0.0100000000	100	100	0	0.999513
1765000	0.6000000000	0.0001000000	0.0100000000	100	100	0	0.999509
1766000	0.6000000000	0.0001000000	0.0100000000	100	100	0	0.999500
1767000	0.6000000000	0.0001000000	0.0100000000	100	100	0	0.999530
1768000	0.6000000000	0.0001000000	0.0100000000	100	100	0	0.999537
1769000	0.6000000000	0.0001000000	0.0100000000	100	100	0	0.999542
1770000	0.6000000000	0.0001000000	0.0100000000	100	100	0	0.999540
1771000	0.6000000000	0.0001000000	0.0100000000	100	100	0	0.999530
1772000	0.6000000000	0.0001000000	0.0100000000	100	100	0	0.999543
1773000	0.6000000000	0.0001000000	0.0100000000	100	100	0	0.999537
1774000	0.6000000000	0.0001000000	0.0100000000	100	100	0	0.999520
1775000	0.6000000000	0.0001000000	0.0100000000	100	100	0	0.999518
1776000	0.6000000000	0.0001000000	0.0100000000	100	100	0	0.999535
1777000	0.6000000000	0.0001000000	0.0100000000	100	100	0	0.999545
1778000	0.6000000000	0.0001000000	0.0100000000	100	100	0	0.999519
1779000	0.6000000000	0.0001000000	0.0100000000	100	100	0	0.999511
1780000	0.6000000000	0.0001000000	0.0100000000	100	100	0	0.999517
1781000	0.6000000000	0.0001000000	0.0100000000	100	100	0	0.999517
1782000	0.6000000000	0.0001000000	0.0100000000	100	100	0	0.999520
1783000	0.6000000000	0.0001000000	0.0100000000	100	100	0	0.999516
1784000	0.6000000000	0.0001000000	0.0100000000	100	100	0	0.999511
1785000	0.6000000000	0.0001000000	0.0100000000	100	100	0	0.999527
1786000	0.6000000000	0.0001000000	0.0100000000	100	100	0	0.999510
1787000	0.6000000000	0.0001000000	0.0100000000	100	100	0	0.999511
1788000	0.6000000000	0.0001000000	0.0100000000	100	100	0	0.999523
1789000	0.6000000000	0.0001000000	0.0100000000	100	100	0	0.999537
1790000	0.6000000000	0.0001000000	0.0100000000	100	100	0	0.999523
1791000	0.6000000000	0.0001000000	0.0100000000	100	100	0	0.999505
1792000	0.6000000000	0.0001000000	0.0100000000	100	100	0	0.999511
1793000	0.6000000000	0.0001000000	0.0100000000	100	100	0	0.999490
1794000	0.6000000000	0.0001000000	0.0100000000	100	100	0	0.999492
1795000	0.6000000000	0.0001000000	0.0100000000	100	100	0	0.999499
1796000	0.6000000000	0.0001000000	0.0100000000	100	100	0	0.999506
1797000	0.6000000000	0.0001000000	0.0100000000	100	100	0	0.999501
1798000	0.6000000000	0.0001000000	0.0100000000	100	100	0	0.999501
1799000	0.6000000000	0.0001000000	0.0100000000	100	100	0	0.999498
1800000	0.6000000000	0.0001000000	0.0100000000	100	100	0	0.999494
1801000	0.6000000000	0.0001000000	0.0100000000	100	100	0	0.999501
1802000	0.6000000000	0.0001000000	0.0100000000	100	100	0	0.999502
1803000	0.6000000000	0.0001000000	0.0100000000	100	100	0	0.999508
1804000	0.6000000000	0.0001000000	0.0100000000	100	100	0	0.999503
1805000	0.6000000000	0.0001000000	0.0100000000	100	100	0	0.999522
1806000	0.6000000000	0.0001000000	0.0100000000	100	100	0	0.999533
1807000	0.6000000000	0.0001000000	0.0100000000	100	100	0	0.999539
1808000	0.6000000000	0.0001000000	0.0100000000	100	100	0	0.999544
1809000	0.6000000000	0.0001000000	0.0100000000	100	100	0	0.999522
1810000	0.6000000000	0.0001000000	0.0100000000	100	100	0	0.999526
1811000	0.6000000000	0.0001000000	0.0100000000	100	100	0	0.999542
1812000	0.6000000000	0.0001000000	0.0100000000	100	100	0	0.999552
1813000	0.6000000000	0.0001000000	0.0100000000	100	100	0	0.999560
1814000	0.6000000000	0.0001000000	0.0100000000	100	100	0	0.999540
1815000	0.6000000000	0.0001000000	0.0100000000	100	100	0	0.999532
1816000	0.6000000000	0.0001000000	0.0100000000	100	100	0	0.999498
1817000	0.6000000000	0.0001000000	0.0100000000	100	100	0	0.999499
1818000	0.6000000000	0.0001000000	0.0100000000	100	100	0	0.999506
1819000	0.6000000000	0.0001000000	0.0100000000	100	100	0	0.999518
1820000	0.6000000000	0.0001000000	0.0100000000	100	100	0	0.999520
1821000	0.6000000000	0.0001000000	0.0100000000	100	100	0	0.999515
1822000	0.6000000000	0.0001000000	0.0100000000	100	100	0	0.999504
1823000	0.6000000000	0.0001000000	0.0100000000	100	100	0	0.999504
1824000	0.6000000000	0.0001000000	0.0100000000	100	100	0	0.999513
1825000	0.6000000000	0.0001000000	0.0100000000	100	100	0	0.999529
1826000	0.6000000000	0.0001000000	0.0100000000	100	100	0	0.999509
1827000	0.6000000000	0.0001000000	0.0100000000	100	100	0	0.999501
1828000	0.6000000000	0.0001000000	0.0100000000	100	100	0	0.999523
1829000	0.6000000000	0.0001000000	0.0100000000	100	100	0	0.999545
1830000	0.6000000000	0.0001000000	0.0100000000	100	100	0	0.999548
1831000	0.6000000000	0.0001000000	0.0100000000	100	100	0	0.999535
1832000	0.6000000000	0.0001000000	0.0100000000	100	100	0	0.999531
1833000	0.6000000000	0.0001000000	0.0100000000	100	100	0	0.999525
1834000	0.6000000000	0.0001000000	0.0100000000	100	100	0	0.999529
1835000	0.6000000000	0.0001000000	0.0100000000	100	100	0	0.999516
1836000	0.6000000000	0.0001000000	0.0100000000	100	100	0	0.999529
1837000	0.6000000000	0.0001000000	0.0100000000	100	100	0	0.999514
1838000	0.6000000000	0.0001000000	0.0100000000	100	100	0	0.999511
1839000	0.6000000000	0.0001000000	0.0100000000	100	100	0	0.999533
1840000	0.6000000000	0.0001000000	0.0100000000	100	100	0	0.999532
1841000	0.6000000000	0.0001000000	0.0100000000	100	100	0	0.999526
1842000	0.6000000000	0.0001000000	0.0100000000	100	100	0	0.999507
1843000	0.6000000000	0.0001000000	0.0100000000	100	100	0	0.999512
1844000	0.6000000000	0.0001000000	0.0100000000	100	100	0	0.999504
1845000	0.6000000000	0.0001000000	0.0100000000	100	100	0	0.999507
1846000	0.6000000000	0.0001000000	0.0100000000	100	100	0	0.999505
1847000	0.6000000000	0.0001000000	0.0100000000	100	100	0	0.999509
1848000	0.6000000000	0.0001000000	0.0100000000	100	100	0	0.999514
1849000	0.6000000000	0.0001000000	0.0100000000	100	100	0	0.999505
1850000	0.6000000000	0.0001000000	0.0100000000	100	100	0	0.999498
1851000	0.6000000000	0.0001000000	0.0100000000	100	100	0	0.999521
1852000	0.6000000000	0.0001000000	0.0100000000	100	100	0	0.999539
1853000	0.6000000000	0.0001000000	0.0100000000	100	100	0	0.999541
1854000	0.6000000000	0.0001000000	0.0100000000	100	100	0	0.999540
1855000	0.6000000000	0.0001000000	0.0100000000	100	100	0	0.999531
1856000	0.6000000000	0.0001000000	0.0100000000	100	100	0	0.999528
1857000	0.6000000000	0.0001000000	0.0100000000	100	100	0	0.999533
1858000	0.6000000000	0.0001000000	0.0100000000	100	100	0	0.999512
1859000	0.6000000000	0.0001000000	0.0100000000	100	100	0	0.999530
1860000	0.6000000000	0.0001000000	0.0100000000	100	100	0	0.999514
1861000	0.6000000000	0.0001000000	0.0100000000	100	100	0	0.999539
1862000	0.6000000000	0.0001000000	0.0100000000	100	100	0	0.999535
1863000	0.6000000000	0.0001000000	0.0100000000	100	100	0	0.999528
1864000	0.6000000000	0.0001000000	0.0100000000	100	100	0	0.999528
1865000	0.6000000000	0.0001000000	0.0100000000	100	100	0	0.999531
1866000	0.6000000000	0.0001000000	0.0100000000	100	100	0	0.999522
1867000	0.6000000000	0.0001000000	0.0100000000	100	100	0	0.999526
1868000	0.6000000000	0.0001000000	0.0100000000	100	100	0	0.999537
1869000	0.6000000000	0.0001000000	0.0100000000	100	100	0	0.999528
1870000	0.6000000000	0.0001000000	0.0100000000	100	100	0	0.999549
1871000	0.6000000000	0.0001000000	0.0100000000	100	100	0	0.999535
1872000	0.6000000000	0.0001000000	0.0100000000	100	100	0	0.999533
1873000	0.6000000000	0.0001000000	0.0100000000	100	100	0	0.999541
1874000	0.6000000000	0.0001000000	0.0100000000	100	100	0	0.999536
1875000	0.6000000000	0.0001000000	0.0100000000	100	100	0	0.999503
1876000	0.6000000000	0.0001000000	0.0100000000	100	100	0	0.999506
1877000	0.6000000000	0.0001000000	0.0100000000	100	100	0	0.999507
1878000	0.6000000000	0.0001000000	0.0100000000	100	100	0	0.999519
1879000	0.6000000000	0.0001000000	0.0100000000	100	100	0	0.999533
1880000	0.6000000000	0.0001000000	0.0100000000	100	100	0	0.999544
1881000	0.6000000000	0.0001000000	0.0100000000	100	100	0	0.999529
1882000	0.6000000000	0.0001000000	0.0100000000	100	100	0	0.999516
1883000	0.6000000000	0.0001000000	0.0100000000	100	100	0	0.999508
1884000	0.6000000000	0.0001000000	0.0100000000	100	100	0	0.999497
1885000	0.6000000000	0.0001000000	0.0100000000	100	100	0	0.999492
1886000	0.6000000000	0.0001000000	0.0100000000	100	100	0	0.999507
1887000	0.6000000000	0.0001000000	0.0100000000	100	100	0	0.999512
1888000	0.6000000000	0.0001000000	0.0100000000	100	100	0	0.999497
1889000	0.6000000000	0.0001000000	0.0100000000	100	100	0	0.999517
1890000	0.6000000000	0.0001000000	0.0100000000	100	100	0	0.999520
1891000	0.6000000000	0.0001000000	0.0100000000	100	100	0	0.999536
1892000	0.6000000000	0.0001000000	0.0100000000	100	100	0	0.999533
1893000	0.6000000000	0.0001000000	0.0100000000	100	100	0	0.999538
1894000	0.6000000000	0.0001000000	0.0100000000	100	100	0	0.999530
1895000	0.6000000000	0.0001000000	0.0100000000	100	100	0	0.999521
1896000	0.6000000000	0.0001000000	0.0100000000	100	100	0	0.999527
1897000	0.6000000000	0.0001000000	0.0100000000	100	100	0	0.999504
1898000	0.6000000000	0.0001000000	0.0100000000	100	100	0	0.999497
1899000	0.6000000000	0.0001000000	0.0100000000	100	100	0	0.999487
1900000	0.6000000000	0.0001000000	0.0100000000	100	100	0	0.999497
1901000	0.6000000000	0.0001000000	0.0100000000	100	100	0	0.999518
1902000	0.6000000000	0.0001000000	0.0100000000	100	100	0	0.999504
1903000	0.6000000000	0.0001000000	0.0100000000	100	100	0	0.999526
1904000	0.6000000000	0.0001000000	0.0100000000	100	100	0	0.999493
1905000	0.6000000000	0.0001000000	0.0100000000	100	100	0	0.999497
1906000	0.6000000000	0.0001000000	0.0100000000	100	100	0	0.999505
1907000	0.6000000000	0.0001000000	0.0100000000	100	100	0	0.999525
1908000	0.6000000000	0.0001000000	0.0100000000	100	100	0	0.999538
1909000	0.6000000000	0.0001000000	0.0100000000	100	100	0	0.999528
1910000	0.6000000000	0.0001000000	0.0100000000	100	100	0	0.999534
1911000	0.6000000000	0.0001000000	0.0100000000	100	100	0	0.999535
1912000	0.6000000000	0.0001000000	0.0100000000	100	100	0	0.999530
1913000	0.6000000000	0.0001000000	0.0100000000	100	100	0	0.999535
1914000	0.6000000000	0.0001000000	0.0100000000	100	100	0	0.999530
1915000	0.6000000000	0.0001000000	0.0100000000	100	100	0	0.999526
1916000	0.6000000000	0.0001000000	0.0100000000	100	100	0	0.999507
1917000	0.6000000000	0.0001000000	0.0100000000	100	100	0	0.999515
1918000	0.6000000000	0.0001000000	0.0100000000	100	100	0	0.999511
1919000	0.6000000000	0.0001000000	0.0100000000	100	100	0	0.999509
1920000	0.6000000000	0.0001000000	0.0100000000	100	100	0	0.999523
1921000	0.6000000000	0.0001000000	0.0100000000	100	100	0	0.999540
1922000	0.6000000000	0.0001000000	0.0100000000	100	100	0	0.999530
1923000	0.6000000000	0.0001000000	0.0100000000	100	100	0	0.999523
1924000	0.6000000000	0.0001000000	0.0100000000	100	100	0	0.999521
1925000	0.6000000000	0.0001000000	0.0100000000	100	100	0	0.999499
1926000	0.6000000000	0.0001000000	0.0100000000	100	100	0	0.999492
1927000	0.6000000000	0.0001000000	0.0100000000	100	100	0	0.999496
1928000	0.6000000000	0.0001000000	0.0100000000	100	100	0	0.999488
1929000	0.6000000000	0.0001000000	0.0100000000	100	100	0	0.999484
1930000	0.6000000000	0.0001000000	0.0100000000	100	100	0	0.999508
1931000	0.6000000000	0.0001000000	0.0100000000	100	100	0	0.999500
1932000	0.6000000000	0.0001000000	0.0100000000	100	100	0	0.999504
1933000	0.6000000000	0.0001000000	0.0100000000	100	100	0	0.999505
1934000	0.6000000000	0.0001000000	0.0100000000	100	100	0	0.999500
1935000	0.6000000000	0.0001000000	0.0100000000	100	100	0	0.999502
1936000	0.6000000000	0.0001000000	0.0100000000	100	100	0	0.999516
1937000	0.6000000000	0.0001000000	0.0100000000	100	100	0	0.999514
1938000	0.6000000000	0.0001000000	0.0100000000	100	100	0	0.999519
1939000	0.6000000000	0.0001000000	0.0100000000	100	100	0	0.999523
1940000	0.6000000000	0.0001000000	0.0100000000	100	100	0	0.999540
1941000	0.6000000000	0.0001000000	0.0100000000	100	100	0	0.999531
1942000	0.6000000000	0.0001000000	0.0100000000	100	100	0	0.999544
1943000	0.6000000000	0.0001000000	0.0100000000	100	100	0	0.999553
1944000	0.6000000000	0.0001000000	0.0100000000	100	100	0	0.999556
1945000	0.6000000000	0.0001000000	0.0100000000	100	100	0	0.999562
1946000	0.6000000000	0.0001000000	0.0100000000	100	100	0	0.999554
1947000	0.6000000000	0.0001000000	0.0100000000	100	100	0	0.999538
1948000	0.6000000000	0.0001000000	0.0100000000	100	100	0	0.999538
1949000	0.6000000000	0.0001000000	0.0100000000	100	100	0	0.999524
1950000	0.6000000000	0.0001000000	0.0100000000	100	100	0	0.999508
1951000	0.6000000000	0.0001000000	0.0100000000	100	100	0	0.999526
1952000	0.6000000000	0.0001000000	0.0100000000	100	100	0	0.999528
1953000	0.6000000000	0.0001000000	0.0100000000	100	100	0	0.999523
1954000	0.6000000000	0.0001000000	0.0100000000	100	100	0	0.999517
1955000	0.6000000000	0.0001000000	0.0100000000	100	100	0	0.999522
1956000	0.6000000000	0.0001000000	0.0100000000	100	100	0	0.999514
1957000	0.6000000000	0.0001000000	0.0100000000	100	100	0	0.999522
1958000	0.6000000000	0.0001000000	0.0100000000	100	100	0	0.999524
1959000	0.6000000000	0.0001000000	0.0100000000	100	100	0	0.999533
1960000	0.6000000000	0.0001000000	0.0100000000	100	100	0	0.999512
1961000	0.6000000000	0.0001000000	0.0100000000	100	100	0	0.999520
1962000	0.6000000000	0.0001000000	0.0100000000	100	100	0	0.999516
1963000	0.6000000000	0.0001000000	0.0100000000	100	100	0	0.999509
1964000	0.6000000000	0.0001000000	0.0100000000	100	100	0	0.999525
1965000	0.6000000000	0.0001000000	0.0100000000	100	100	0	0.999541
1966000	0.6000000000	0.0001000000	0.0100000000	100	100	0	0.999564
1967000	0.6000000000	0.0001000000	0.0100000000	100	100	0	0.999566
1968000	0.6000000000	0.0001000000	0.0100000000	100	100	0	0.999559
1969000	0.6000000000	0.0001000000	0.0100000000	100	100	0	0.999554
1970000	0.6000000000	0.0001000000	0.0100000000	100	100	0	0.999542
1971000	0.6000000000	0.0001000000	0.0100000000	100	100	0	0.999531
1972000	0.6000000000	0.0001000000	0.0100000000	100	100	0	0.999523
1973000	0.6000000000	0.0001000000	0.0100000000	100	100	0	0.999528
1974000	0.6000000000	0.0001000000	0.0100000000	100	100	0	0.999518
1975000	0.6000000000	0.0001000000	0.0100000000	100	100	0	0.999515
1976000	0.6000000000	0.0001000000	0.0100000000	100	100	0	0.999511
1977000	0.6000000000	0.0001000000	0.0100000000	100	100	0	0.999510
1978000	0.6000000000	0.0001000000	0.0100000000	100	100	0	0.999514
1979000	0.6000000000	0.0001000000	0.0100000000	100	100	0	0.999517
1980000	0.6000000000	0.0001000000	0.0100000000	100	100	0	0.999510
1981000	0.6000000000	0.0001000000	0.0100000000	100	100	0	0.999514
1982000	0.6000000000	0.0001000000	0.0100000000	100	100	0	0.999506
1983000	0.6000000000	0.0001000000	0.0100000000	100	100	0	0.999512
1984000	0.6000000000	0.0001000000	0.0100000000	100	100	0	0.999519
1985000	0.6000000000	0.0001000000	0.0100000000	100	100	0	0.999516
1986000	0.6000000000	0.0001000000	0.0100000000	100	100	0	0.999512
1987000	0.6000000000	0.0001000000	0.0100000000	100	100	0	0.999529
1988000	0.6000000000	0.0001000000	0.0100000000	100	100	0	0.999529
1989000	0.6000000000	0.0001000000	0.0100000000	100	100	0	0.999537
1990000	0.6000000000	0.0001000000	0.0100000000	100	100	0	0.999546
1991000	0.6000000000	0.0001000000	0.0100000000	100	100	0	0.999545
1992000	0.6000000000	0.0001000000	0.0100000000	100	100	0	0.999546
1993000	0.6000000000	0.0001000000	0.0100000000	100	100	0	0.999540
1994000	0.6000000000	0.0001000000	0.0100000000	100	100	0	0.999540
1995000	0.6000000000	0.0001000000	0.0100000000	100	100	0	0.999532
1996000	0.6000000000	0.0001000000	0.0100000000	100	100	0	0.999524
1997000	0.6000000000	0.0001000000	0.0100000000	100	100	0	0.999530
1998000	0.6000000000	0.0001000000	0.0100000000	100	100	0	0.999518
1999000	0.6000000000	0.0001000000	0.0100000000	100	100	0	0.999516
2000000	0.6000000000	0.0001000000	0.0100000000	100	100	0	0.999519
2001000	0.6000000000	0.0001000000	0.0100000000	100	100	0	0.999512
2002000	0.6000000000	0.0001000000	0.0100000000	100	100	0	0.999516
2003000	0.6000000000	0.0001000000	0.0100000000	100	100	0	0.999507
2004000	0.6000000000	0.0001000000	0.0100000000	100	100	0	0.999504
2005000	0.6000000000	0.0001000000	0.0100000000	100	100	0	0.999504
2006000	0.6000000000	0.0001000000	0.0100000000	100	100	0	0.999515
2007000	0.6000000000	0.0001000000	0.0100000000	100	100	0	0.999504
2008000	0.6000000000	0.0001000000	0.0100000000	100	100	0	0.999515
2009000	0.6000000000	0.0001000000	0.0100000000	100	100	0	0.999521
2010000	0.6000000000	0.0001000000	0.0100000000	100	100	0	0.999532
2011000	0.6000000000	0.0001000000	0.0100000000	100	100	0	0.999516
2012000	0.6000000000	0.0001000000	0.0100000000	100	100	0	0.999514
2013000	0.6000000000	0.0001000000	0.0100000000	100	100	0	0.999505
2014000	0.6000000000	0.0001000000	0.0100000000	100	100	0	0.999506
2015000	0.6000000000	0.0001000000	0.0100000000	100	100	0	0.999532
2016000	0.6000000000	0.0001000000	0.0100000000	100	100	0	0.999557
2017000	0.6000000000	0.0001000000	0.0100000000	100	100	0	0.999547
2018000	0.6000000000	0.0001000000	0.0100000000	100	100	0	0.999545
2019000	0.6000000000	0.0001000000	0.0100000000	100	100	0	0.999552
2020000	0.6000000000	0.0001000000	0.0100000000	100	100	0	0.999550
2021000	0.6000000000	0.0001000000	0.0100000000	100	100	0	0.999539
2022000	0.6000000000	0.0001000000	0.0100000000	100	100	0	0.999531
2023000	0.6000000000	0.0001000000	0.0100000000	100	100	0	0.999544
2024000	0.6000000000	0.0001000000	0.0100000000	100	100	0	0.999538
2025000	0.6000000000	0.0001000000	0.0100000000	100	100	0	0.999537
2026000	0.6000000000	0.0001000000	0.0100000000	100	100	0	0.999528
2027000	0.6000000000	0.0001000000	0.0100000000	100	100	0	0.999519
2028000	0.6000000000	0.0001000000	0.0100000000	100	100	0	0.999538
2029000	0.6000000000	0.0001000000	0.0100000000	100	100	0	0.999537
2030000	0.6000000000	0.0001000000	0.0100000000	100	100	0	0.999540
2031000	0.6000000000	0.0001000000	0.0100000000	100	100	0	0.999531
2032000	0.6000000000	0.0001000000	0.0100000000	100	100	0	0.999539
2033000	0.6000000000	0.0001000000	0.0100000000	100	100	0	0.999527
2034000	0.6000000000	0.0001000000	0.0100000000	100	100	0	0.999536
2035000	0.6000000000	0.0001000000	0.0100000000	100	100	0	0.999526
2036000	0.6000000000	0.0001000000	0.0100000000	100	100	0	0.999540
2037000	0.6000000000	0.0001000000	0.0100000000	100	100	0	0.999538
2038000	0.6000000000	0.0001000000	0.0100000000	100	100	0	0.999529
2039000	0.6000000000	0.0001000000	0.0100000000	100	100	0	0.999534
2040000	0.6000000000	0.0001000000	0.0100000000	100	100	0	0.999524
2041000	0.6000000000	0.0001000000	0.0100000000	100	100	0	0.999524
2042000	0.6000000000	0.0001000000	0.0100000000	100	100	0	0.999522
2043000	0.6000000000	0.0001000000	0.0100000000	100	100	0	0.999504
2044000	0.6000000000	0.0001000000	0.0100000000	100	100	0	0.999486
2045000	0.6000000000	0.0001000000	0.0100000000	100	100	0	0.999483
2046000	0.6000000000	0.0001000000	0.0100000000	100	100	0	0.999488
2047000	0.6000000000	0.0001000000	0.0100000000	100	100	0	0.999485
2048000	0.6000000000	0.0001000000	0.0100000000	100	100	0	0.999495
2049000	0.6000000000	0.0001000000	0.0100000000	100	100	0	0.999483
2050000	0.6000000000	0.0001000000	0.0100000000	100	100	0	0.999491
2051000	0.6000000000	0.0001000000	0.0100000000	100	100	0	0.999490
2052000	0.6000000000	0.0001000000	0.0100000000	100	100	0	0.999491
2053000	0.6000000000	0.0001000000	0.0100000000	100	100	0	0.999489
2054000	0.6000000000	0.0001000000	0.0100000000	100	100	0	0.999504
2055000	0.6000000000	0.0001000000	0.0100000000	100	100	0	0.999516
2056000	0.6000000000	0.0001000000	0.0100000000	100	100	0	0.999516
2057000	0.6000000000	0.0001000000	0.0100000000	100	100	0	0.999510
2058000	0.6000000000	0.0001000000	0.0100000000	100	100	0	0.999502
2059000	0.6000000000	0.0001000000	0.0100000000	100	100	0	0.999502
2060000	0.6000000000	0.0001000000	0.0100000000	100	100	0	0.999513
2061000	0.6000000000	0.0001000000	0.0100000000	100	100	0	0.999514
2062000	0.6000000000	0.0001000000	0.0100000000	100	100	0	0.999506
2063000	0.6000000000	0.0001000000	0.0100000000	100	100	0	0.999491
2064000	0.6000000000	0.0001000000	0.0100000000	100	100	0	0.999502
2065000	0.6000000000	0.0001000000	0.0100000000	100	100	0	0.999522
2066000	0.6000000000	0.0001000000	0.0100000000	100	100	0	0.999525
2067000	0.6000000000	0.0001000000	0.0100000000	100	100	0	0.999511
2068000	0.6000000000	0.0001000000	0.0100000000	100	100	0	0.999495
2069000	0.6000000000	0.0001000000	0.0100000000	100	100	0	0.999499
2070000	0.6000000000	0.0001000000	0.0100000000	100	100	0	0.999489
2071000	0.6000000000	0.0001000000	0.0100000000	100	100	0	0.999482
2072000	0.6000000000	0.0001000000	0.0100000000	100	100	0	0.999500
2073000	0.6000000000	0.0001000000	0.0100000000	100	100	0	0.999496
2074000	0.6000000000	0.0001000000	0.0100000000	100	100	0	0.999491
2075000	0.6000000000	0.0001000000	0.0100000000	100	100	0	0.999500
2076000	0.6000000000	0.0001000000	0.0100000000	100	100	0	0.999509
2077000	0.6000000000	0.0001000000	0.0100000000	100	100	0	0.999509
2078000	0.6000000000	0.0001000000	0.0100000000	100	100	0	0.999525
2079000	0.6000000000	0.0001000000	0.0100000000	100	100	0	0.999537
2080000	0.6000000000	0.0001000000	0.0100000000	100	100	0	0.999532
2081000	0.6000000000	0.0001000000	0.0100000000	100	100	0	0.999542
2082000	0.6000000000	0.0001000000	0.0100000000	100	100	0	0.999527
2083000	0.6000000000	0.0001000000	0.0100000000	100	100	0	0.999524
2084000	0.6000000000	0.0001000000	0.0100000000	100	100	0	0.999517
2085000	0.6000000000	0.0001000000	0.0100000000	100	100	0	0.999516
2086000	0.6000000000	0.0001000000	0.0100000000	100	100	0	0.999504
2087000	0.6000000000	0.0001000000	0.0100000000	100	100	0	0.999489
2088000	0.6000000000	0.0001000000	0.0100000000	100	100	0	0.999499
2089000	0.6000000000	0.0001000000	0.0100000000	100	100	0	0.999517
2090000	0.6000000000	0.0001000000	0.0100000000	100	100	0	0.999505
2091000	0.6000000000	0.0001000000	0.0100000000	100	100	0	0.999507
2092000	0.6000000000	0.0001000000	0.0100000000	100	100	0	0.999503
2093000	0.6000000000	0.0001000000	0.0100000000	100	100	0	0.999490
2094000	0.6000000000	0.0001000000	0.0100000000	100	100	0	0.999490
2095000	0.6000000000	0.0001000000	0.0100000000	100	100	0	0.999492
2096000	0.6000000000	0.0001000000	0.0100000000	100	100	0	0.999513
2097000	0.6000000000	0.0001000000	0.0100000000	100	100	0	0.999507
2098000	0.6000000000	0.0001000000	0.0100000000	100	100	0	0.999516
2099000	0.6000000000	0.0001000000	0.0100000000	100	100	0	0.999514
2100000	0.6000000000	0.0001000000	0.0100000000	100	100	0	0.999510
2101000	0.6000000000	0.0001000000	0.0100000000	100	100	0	0.999513
2102000	0.6000000000	0.0001000000	0.0100000000	100	100	0	0.999511
2103000	0.6000000000	0.0001000000	0.0100000000	100	100	0	0.999500
2104000	0.6000000000	0.0001000000	0.0100000000	100	100	0	0.999521
2105000	0.6000000000	0.0001000000	0.0100000000	100	100	0	0.999523
2106000	0.6000000000	0.0001000000	0.0100000000	100	100	0	0.999525
2107000	0.6000000000	0.0001000000	0.0100000000	100	100	0	0.999521
2108000	0.6000000000	0.0001000000	0.0100000000	100	100	0	0.999518
2109000	0.6000000000	0.0001000000	0.0100000000	100	100	0	0.999530
2110000	0.6000000000	0.0001000000	0.0100000000	100	100	0	0.999524
2111000	0.6000000000	0.0001000000	0.0100000000	100	100	0	0.999523
2112000	0.6000000000	0.0001000000	0.0100000000	100	100	0	0.999518
2113000	0.6000000000	0.0001000000	0.0100000000	100	100	0	0.999529
2114000	0.6000000000	0.0001000000	0.0100000000	100	100	0	0.999534
2115000	0.6000000000	0.0001000000	0.0100000000	100	100	0	0.999526
2116000	0.6000000000	0.0001000000	0.0100000000	100	100	0	0.999510
2117000	0.6000000000	0.0001000000	0.0100000000	100	100	0	0.999516
2118000	0.6000000000	0.0001000000	0.0100000000	100	100	0	0.999504
2119000	0.6000000000	0.0001000000	0.0100000000	100	100	0	0.999501
2120000	0.6000000000	0.0001000000	0.0100000000	100	100	0	0.999507
2121000	0.6000000000	0.0001000000	0.0100000000	100	100	0	0.999515
2122000	0.6000000000	0.0001000000	0.0100000000	100	100	0	0.999520
2123000	0.6000000000	0.0001000000	0.0100000000	100	100	0	0.999504
2124000	0.6000000000	0.0001000000	0.0100000000	100	100	0	0.999505
2125000	0.6000000000	0.0001000000	0.0100000000	100	100	0	0.999542
2126000	0.6000000000	0.0001000000	0.0100000000	100	100	0	0.999528
2127000	0.6000000000	0.0001000000	0.0100000000	100	100	0	0.999528
2128000	0.6000000000	0.0001000000	0.0100000000	100	100	0	0.999522
2129000	0.6000000000	0.0001000000	0.0100000000	100	100	0	0.999524
2130000	0.6000000000	0.0001000000	0.0100000000	100	100	0	0.999511
2131000	0.6000000000	0.0001000000	0.0100000000	100	100	0	0.999511
2132000	0.6000000000	0.0001000000	0.0100000000	100	100	0	0.999507
2133000	0.6000000000	0.0001000000	0.0100000000	100	100	0	0.999497
2134000	0.6000000000	0.0001000000	0.0100000000	100	100	0	0.999512
2135000	0.6000000000	0.0001000000	0.0100000000	100	100	0	0.999522
2136000	0.6000000000	0.0001000000	0.0100000000	100	100	0	0.999511
2137000	0.6000000000	0.0001000000	0.0100000000	100	100	0	0.999508
2138000	0.6000000000	0.0001000000	0.0100000000	100	100	0	0.999498
2139000	0.6000000000	0.0001000000	0.0100000000	100	100	0	0.999481
2140000	0.6000000000	0.0001000000	0.0100000000	100	100	0	0.999473
2141000	0.6000000000	0.0001000000	0.0100000000	100	100	0	0.999486
2142000	0.6000000000	0.0001000000	0.0100000000	100	100	0	0.999512
2143000	0.6000000000	0.0001000000	0.0100000000	100	100	0	0.999518
2144000	0.6000000000	0.0001000000	0.0100000000	100	100	0	0.999508
2145000	0.6000000000	0.0001000000	0.0100000000	100	100	0	0.999528
2146000	0.6000000000	0.0001000000	0.0100000000	100	100	0	0.999524
2147000	0.6000000000	0.0001000000	0.0100000000	100	100	0	0.999540
2148000	0.6000000000	0.0001000000	0.0100000000	100	100	0	0.999555
2149000	0.6000000000	0.0001000000	0.0100000000	100	100	0	0.999555
2150000	0.6000000000	0.0001000000	0.0100000000	100	100	0	0.999526
2151000	0.6000000000	0.0001000000	0.0100000000	100	100	0	0.999537
2152000	0.6000000000	0.0001000000	0.0100000000	100	100	0	0.999542
2153000	0.6000000000	0.0001000000	0.0100000000	100	100	0	0.999528
2154000	0.6000000000	0.0001000000	0.0100000000	100	100	0	0.999535
2155000	0.6000000000	0.0001000000	0.0100000000	100	100	0	0.999543
2156000	0.6000000000	0.0001000000	0.0100000000	100	100	0	0.999528
2157000	0.6000000000	0.0001000000	0.0100000000	100	100	0	0.999517
2158000	0.6000000000	0.0001000000	0.0100000000	100	100	0	0.999504
2159000	0.6000000000	0.0001000000	0.0100000000	100	100	0	0.999509
2160000	0.6000000000	0.0001000000	0.0100000000	100	100	0	0.999509
2161000	0.6000000000	0.0001000000	0.0100000000	100	100	0	0.999502
2162000	0.6000000000	0.0001000000	0.0100000000	100	100	0	0.999519
2163000	0.6000000000	0.0001000000	0.0100000000	100	100	0	0.999495
2164000	0.6000000000	0.0001000000	0.0100000000	100	100	0	0.999501
2165000	0.6000000000	0.0001000000	0.0100000000	100	100	0	0.999506
2166000	0.6000000000	0.0001000000	0.0100000000	100	100	0	0.999509
2167000	0.6000000000	0.0001000000	0.0100000000	100	100	0	0.999509
2168000	0.6000000000	0.0001000000	0.0100000000	100	100	0	0.999525
2169000	0.6000000000	0.0001000000	0.0100000000	100	100	0	0.999532
2170000	0.6000000000	0.0001000000	0.0100000000	100	100	0	0.999512
2171000	0.6000000000	0.0001000000	0.0100000000	100	100	0	0.999531
2172000	0.6000000000	0.0001000000	0.0100000000	100	100	0	0.999522
2173000	0.6000000000	0.0001000000	0.0100000000	100	100	0	0.999502
2174000	0.6000000000	0.0001000000	0.0100000000	100	100	0	0.999501
2175000	0.6000000000	0.0001000000	0.0100000000	100	100	0	0.999531
2176000	0.6000000000	0.0001000000	0.0100000000	100	100	0	0.999527
2177000	0.6000000000	0.0001000000	0.0100000000	100	100	0	0.999534
2178000	0.6000000000	0.0001000000	0.0100000000	100	100	0	0.999541
2179000	0.6000000000	0.0001000000	0.0100000000	100	100	0	0.999537
2180000	0.6000000000	0.0001000000	0.0100000000	100	100	0	0.999521
2181000	0.6000000000	0.0001000000	0.0100000000	100	100	0	0.999515
2182000	0.6000000000	0.0001000000	0.0100000000	100	100	0	0.999496
2183000	0.6000000000	0.0001000000	0.0100000000	100	100	0	0.999494
2184000	0.6000000000	0.0001000000	0.0100000000	100	100	0	0.999492
2185000	0.6000000000	0.0001000000	0.0100000000	100	100	0	0.999504
2186000	0.6000000000	0.0001000000	0.0100000000	100	100	0	0.999509
2187000	0.6000000000	0.0001000000	0.0100000000	100	100	0	0.999532
2188000	0.6000000000	0.0001000000	0.0100000000	100	100	0	0.999526
2189000	0.6000000000	0.0001000000	0.0100000000	100	100	0	0.999525
2190000	0.6000000000	0.0001000000	0.0100000000	100	100	0	0.999529
2191000	0.6000000000	0.0001000000	0.0100000000	100	100	0	0.999523
2192000	0.6000000000	0.0001000000	0.0100000000	100	100	0	0.999508
2193000	0.6000000000	0.0001000000	0.0100000000	100	100	0	0.999495
2194000	0.6000000000	0.0001000000	0.0100000000	100	100	0	0.999507
2195000	0.6000000000	0.0001000000	0.0100000000	100	100	0	0.999514
2196000	0.6000000000	0.0001000000	0.0100000000	100	100	0	0.999493
2197000	0.6000000000	0.0001000000	0.0100000000	100	100	0	0.999507
2198000	0.6000000000	0.0001000000	0.0100000000	100	100	0	0.999506
2199000	0.6000000000	0.0001000000	0.0100000000	100	100	0	0.999523
2200000	0.6000000000	0.0001000000	0.0100000000	100	100	0	0.999520
2201000	0.6000000000	0.0001000000	0.0100000000	100	100	0	0.999522
2202000	0.6000000000	0.0001000000	0.0100000000	100	100	0	0.999543
2203000	0.6000000000	0.0001000000	0.0100000000	100	100	0	0.999517
2204000	0.6000000000	0.0001000000	0.0100000000	100	100	0	0.999510
2205000	0.6000000000	0.0001000000	0.0100000000	100	100	0	0.999507
2206000	0.6000000000	0.0001000000	0.0100000000	100	100	0	0.999517
2207000	0.6000000000	0.0001000000	0.0100000000	100	100	0	0.999496
2208000	0.6000000000	0.0001000000	0.0100000000	100	100	0	0.999513
2209000	0.6000000000	0.0001000000	0.0100000000	100	100	0	0.999522
2210000	0.6000000000	0.0001000000	0.0100000000	100	100	0	0.999532
2211000	0.6000000000	0.0001000000	0.0100000000	100	100	0	0.999533
2212000	0.6000000000	0.0001000000	0.0100000000	100	100	0	0.999538
2213000	0.6000000000	0.0001000000	0.0100000000	100	100	0	0.999528
2214000	0.6000000000	0.0001000000	0.0100000000	100	100	0	0.999523
2215000	0.6000000000	0.0001000000	0.0100000000	100	100	0	0.999536
2216000	0.6000000000	0.0001000000	0.0100000000	100	100	0	0.999542
2217000	0.6000000000	0.0001000000	0.0100000000	100	100	0	0.999556
2218000	0.6000000000	0.0001000000	0.0100000000	100	100	0	0.999564
2219000	0.6000000000	0.0001000000	0.0100000000	100	100	0	0.999550
2220000	0.6000000000	0.0001000000	0.0100000000	100	100	0	0.999532
2221000	0.6000000000	0.0001000000	0.0100000000	100	100	0	0.999522
2222000	0.6000000000	0.0001000000	0.0100000000	100	100	0	0.999537
2223000	0.6000000000	0.0001000000	0.0100000000	100	100	0	0.999544
2224000	0.6000000000	0.0001000000	0.0100000000	100	100	0	0.999562
2225000	0.6000000000	0.0001000000	0.0100000000	100	100	0	0.999550
2226000	0.6000000000	0.0001000000	0.0100000000	100	100	0	0.999545
2227000	0.6000000000	0.0001000000	0.0100000000	100	100	0	0.999565
2228000	0.6000000000	0.0001000000	0.0100000000	100	100	0	0.999566
2229000	0.6000000000	0.0001000000	0.0100000000	100	100	0	0.999561
2230000	0.6000000000	0.0001000000	0.0100000000	100	100	0	0.999549
2231000	0.6000000000	0.0001000000	0.0100000000	100	100	0	0.999561
2232000	0.6000000000	0.0001000000	0.0100000000	100	100	0	0.999559
2233000	0.6000000000	0.0001000000	0.0100000000	100	100	0	0.999541
2234000	0.6000000000	0.0001000000	0.0100000000	100	100	0	0.999542
2235000	0.6000000000	0.0001000000	0.0100000000	100	100	0	0.999538
2236000	0.6000000000	0.0001000000	0.0100000000	100	100	0	0.999546
2237000	0.6000000000	0.0001000000	0.0100000000	100	100	0	0.999534
2238000	0.6000000000	0.0001000000	0.0100000000	100	100	0	0.999533
2239000	0.6000000000	0.0001000000	0.0100000000	100	100	0	0.999526
2240000	0.6000000000	0.0001000000	0.0100000000	100	100	0	0.999525
2241000	0.6000000000	0.0001000000	0.0100000000	100	100	0	0.999525
2242000	0.6000000000	0.0001000000	0.0100000000	100	100	0	0.999527
2243000	0.6000000000	0.0001000000	0.0100000000	100	100	0	0.999522
2244000	0.6000000000	0.0001000000	0.0100000000	100	100	0	0.999532
2245000	0.6000000000	0.0001000000	0.0100000000	100	100	0	0.999527
2246000	0.6000000000	0.0001000000	0.0100000000	100	100	0	0.999517
2247000	0.6000000000	0.0001000000	0.0100000000	100	100	0	0.999510
2248000	0.6000000000	0.0001000000	0.0100000000	100	100	0	0.999516
2249000	0.6000000000	0.0001000000	0.0100000000	100	100	0	0.999521
2250000	0.6000000000	0.0001000000	0.0100000000	100	100	0	0.999507
2251000	0.6000000000	0.0001000000	0.0100000000	100	100	0	0.999498
2252000	0.6000000000	0.0001000000	0.0100000000	100	100	0	0.999502
2253000	0.6000000000	0.0001000000	0.0100000000	100	100	0	0.999533
2254000	0.6000000000	0.0001000000	0.0100000000	100	100	0	0.999548
2255000	0.6000000000	0.0001000000	0.0100000000	100	100	0	0.999540
2256000	0.6000000000	0.0001000000	0.0100000000	100	100	0	0.999549
2257000	0.6000000000	0.0001000000	0.0100000000	100	100	0	0.999532
2258000	0.6000000000	0.0001000000	0.0100000000	100	100	0	0.999530
2259000	0.6000000000	0.0001000000	0.0100000000	100	100	0	0.999520
2260000	0.6000000000	0.0001000000	0.0100000000	100	100	0	0.999529
2261000	0.6000000000	0.0001000000	0.0100000000	100	100	0	0.999524
2262000	0.6000000000	0.0001000000	0.0100000000	100	100	0	0.999521
2263000	0.6000000000	0.0001000000	0.0100000000	100	100	0	0.999517
2264000	0.6000000000	0.0001000000	0.0100000000	100	100	0	0.999526
2265000	0.6000000000	0.0001000000	0.0100000000	100	100	0	0.999538
2266000	0.6000000000	0.0001000000	0.0100000000	100	100	0	0.999533
2267000	0.6000000000	0.0001000000	0.0100000000	100	100	0	0.999526
2268000	0.6000000000	0.0001000000	0.0100000000	100	100	0	0.999510
2269000	0.6000000000	0.0001000000	0.0100000000	100	100	0	0.999489
2270000	0.6000000000	0.0001000000	0.0100000000	100	100	0	0.999501
2271000	0.6000000000	0.0001000000	0.0100000000	100	100	0	0.999489
2272000	0.6000000000	0.0001000000	0.0100000000	100	100	0	0.999476
2273000	0.6000000000	0.0001000000	0.0100000000	100	100	0	0.999475
2274000	0.6000000000	0.0001000000	0.0100000000	100	100	0	0.999488
2275000	0.6000000000	0.0001000000	0.0100000000	100	100	0	0.999505
2276000	0.6000000000	0.0001000000	0.0100000000	100	100	0	0.999502
2277000	0.6000000000	0.0001000000	0.0100000000	100	100	0	0.999517
2278000	0.6000000000	0.0001000000	0.0100000000	100	100	0	0.999517
2279000	0.6000000000	0.0001000000	0.0100000000	100	100	0	0.999519
2280000	0.6000000000	0.0001000000	0.0100000000	100	100	0	0.999506
2281000	0.6000000000	0.0001000000	0.0100000000	100	100	0	0.999530
2282000	0.6000000000	0.0001000000	0.0100000000	100	100	0	0.999531
2283000	0.6000000000	0.0001000000	0.0100000000	100	100	0	0.999531
2284000	0.6000000000	0.0001000000	0.0100000000	100	100	0	0.999533
2285000	0.6000000000	0.0001000000	0.0100000000	100	100	0	0.999529
2286000	0.6000000000	0.0001000000	0.0100000000	100	100	0	0.999522
2287000	0.6000000000	0.0001000000	0.0100000000	100	100	0	0.999527
2288000	0.6000000000	0.0001000000	0.0100000000	100	100	0	0.999522
2289000	0.6000000000	0.0001000000	0.0100000000	100	100	0	0.999516
2290000	0.6000000000	0.0001000000	0.0100000000	100	100	0	0.999515
2291000	0.6000000000	0.0001000000	0.0100000000	100	100	0	0.999491
2292000	0.6000000000	0.0001000000	0.0100000000	100	100	0	0.999497
2293000	0.6000000000	0.0001000000	0.0100000000	100	100	0	0.999493
2294000	0.6000000000	0.0001000000	0.0100000000	100	100	0	0.999503
2295000	0.6000000000	0.0001000000	0.0100000000	100	100	0	0.999517
2296000	0.6000000000	0.0001000000	0.0100000000	100	100	0	0.999520
2297000	0.6000000000	0.0001000000	0.0100000000	100	100	0	0.999521
2298000	0.6000000000	0.0001000000	0.0100000000	100	100	0	0.999524
2299000	0.6000000000	0.0001000000	0.0100000000	100	100	0	0.999530
2300000	0.6000000000	0.0001000000	0.0100000000	100	100	0	0.999511
2301000	0.6000000000	0.0001000000	0.0100000000	100	100	0	0.999519
2302000	0.6000000000	0.0001000000	0.0100000000	100	100	0	0.999519
2303000	0.6000000000	0.0001000000	0.0100000000	100	100	0	0.999533
2304000	0.6000000000	0.0001000000	0.0100000000	100	100	0	0.999518
2305000	0.6000000000	0.0001000000	0.0100000000	100	100	0	0.999499
2306000	0.6000000000	0.0001000000	0.0100000000	100	100	0	0.999501
2307000	0.6000000000	0.0001000000	0.0100000000	100	100	0	0.999496
2308000	0.6000000000	0.0001000000	0.0100000000	100	100	0	0.999514
2309000	0.6000000000	0.0001000000	0.0100000000	100	100	0	0.999513
2310000	0.6000000000	0.0001000000	0.0100000000	100	100	0	0.999523
2311000	0.6000000000	0.0001000000	0.0100000000	100	100	0	0.999519
2312000	0.6000000000	0.0001000000	0.0100000000	100	100	0	0.999514
2313000	0.6000000000	0.0001000000	0.0100000000	100	100	0	0.999523
2314000	0.6000000000	0.0001000000	0.0100000000	100	100	0	0.999531
2315000	0.6000000000	0.0001000000	0.0100000000	100	100	0	0.999530
2316000	0.6000000000	0.0001000000	0.0100000000	100	100	0	0.999521
2317000	0.6000000000	0.0001000000	0.0100000000	100	100	0	0.999508
2318000	0.6000000000	0.0001000000	0.0100000000	100	100	0	0.999513
2319000	0.6000000000	0.0001000000	0.0100000000	100	100	0	0.999522
2320000	0.6000000000	0.0001000000	0.0100000000	100	100	0	0.999510
2321000	0.6000000000	0.0001000000	0.0100000000	100	100	0	0.999511
2322000	0.6000000000	0.0001000000	0.0100000000	100	100	0	0.999512
2323000	0.6000000000	0.0001000000	0.0100000000	100	100	0	0.999510
2324000	0.6000000000	0.0001000000	0.0100000000	100	100	0	0.999493
2325000	0.6000000000	0.0001000000	0.0100000000	100	100	0	0.999505
2326000	0.6000000000	0.0001000000	0.0100000000	100	100	0	0.999500
2327000	0.6000000000	0.0001000000	0.0100000000	100	100	0	0.999530
2328000	0.6000000000	0.0001000000	0.0100000000	100	100	0	0.999527
2329000	0.6000000000	0.0001000000	0.0100000000	100	100	0	0.999542
2330000	0.6000000000	0.0001000000	0.0100000000	100	100	0	0.999542
2331000	0.6000000000	0.0001000000	0.0100000000	100	100	0	0.999542
2332000	0.6000000000	0.0001000000	0.0100000000	100	100	0	0.999514
2333000	0.6000000000	0.0001000000	0.0100000000	100	100	0	0.999519
2334000	0.6000000000	0.0001000000	0.0100000000	100	100	0	0.999526
2335000	0.6000000000	0.0001000000	0.0100000000	100	100	0	0.999514
2336000	0.6000000000	0.0001000000	0.0100000000	100	100	0	0.999506
2337000	0.6000000000	0.0001000000	0.0100000000	100	100	0	0.999518
2338000	0.6000000000	0.0001000000	0.0100000000	100	100	0	0.999515
2339000	0.6000000000	0.0001000000	0.0100000000	100	100	0	0.999523
2340000	0.6000000000	0.0001000000	0.0100000000	100	100	0	0.999514
2341000	0.6000000000	0.0001000000	0.0100000000	100	100	0	0.999528
2342000	0.6000000000	0.0001000000	0.0100000000	100	100	0	0.999539
2343000	0.6000000000	0.0001000000	0.0100000000	100	100	0	0.999522
2344000	0.6000000000	0.0001000000	0.0100000000	100	100	0	0.999517
2345000	0.6000000000	0.0001000000	0.0100000000	100	100	0	0.999530
2346000	0.6000000000	0.0001000000	0.0100000000	100	100	0	0.999553
2347000	0.6000000000	0.0001000000	0.0100000000	100	100	0	0.999546
2348000	0.6000000000	0.0001000000	0.0100000000	100	100	0	0.999525
2349000	0.6000000000	0.0001000000	0.0100000000	100	100	0	0.999530
2350000	0.6000000000	0.0001000000	0.0100000000	100	100	0	0.999530
2351000	0.6000000000	0.0001000000	0.0100000000	100	100	0	0.999542
2352000	0.6000000000	0.0001000000	0.0100000000	100	100	0	0.999553
2353000	0.6000000000	0.0001000000	0.0100000000	100	100	0	0.999543
2354000	0.6000000000	0.0001000000	0.0100000000	100	100	0	0.999525
2355000	0.6000000000	0.0001000000	0.0100000000	100	100	0	0.999532
2356000	0.6000000000	0.0001000000	0.0100000000	100	100	0	0.999511
2357000	0.6000000000	0.0001000000	0.0100000000	100	100	0	0.999520
2358000	0.6000000000	0.0001000000	0.0100000000	100	100	0	0.999506
2359000	0.6000000000	0.0001000000	0.0100000000	100	100	0	0.999504
2360000	0.6000000000	0.0001000000	0.0100000000	100	100	0	0.999505
2361000	0.6000000000	0.0001000000	0.0100000000	100	100	0	0.999508
2362000	0.6000000000	0.0001000000	0.0100000000	100	100	0	0.999516
2363000	0.6000000000	0.0001000000	0.0100000000	100	100	0	0.999507
2364000	0.6000000000	0.0001000000	0.0100000000	100	100	0	0.999522
2365000	0.6000000000	0.0001000000	0.0100000000	100	100	0	0.999530
2366000	0.6000000000	0.0001000000	0.0100000000	100	100	0	0.999536
2367000	0.6000000000	0.0001000000	0.0100000000	100	100	0	0.999527
2368000	0.6000000000	0.0001000000	0.0100000000	100	100	0	0.999527
2369000	0.6000000000	0.0001000000	0.0100000000	100	100	0	0.999516
2370000	0.6000000000	0.0001000000	0.0100000000	100	100	0	0.999486
2371000	0.6000000000	0.0001000000	0.0100000000	100	100	0	0.999481
2372000	0.6000000000	0.0001000000	0.0100000000	100	100	0	0.999491
2373000	0.6000000000	0.0001000000	0.0100000000	100	100	0	0.999489
2374000	0.6000000000	0.0001000000	0.0100000000	100	100	0	0.999496
2375000	0.6000000000	0.0001000000	0.0100000000	100	100	0	0.999493
2376000	0.6000000000	0.0001000000	0.0100000000	100	100	0	0.999494
2377000	0.6000000000	0.0001000000	0.0100000000	100	100	0	0.999502
2378000	0.6000000000	0.0001000000	0.0100000000	100	100	0	0.999505
2379000	0.6000000000	0.0001000000	0.0100000000	100	100	0	0.999496
2380000	0.6000000000	0.0001000000	0.0100000000	100	100	0	0.999491
2381000	0.6000000000	0.0001000000	0.0100000000	100	100	0	0.999502
2382000	0.6000000000	0.0001000000	0.0100000000	100	100	0	0.999507
2383000	0.6000000000	0.0001000000	0.0100000000	100	100	0	0.999518
2384000	0.6000000000	0.0001000000	0.0100000000	100	100	0	0.999518
2385000	0.6000000000	0.0001000000	0.0100000000	100	100	0	0.999526
2386000	0.6000000000	0.0001000000	0.0100000000	100	100	0	0.999524
2387000	0.6000000000	0.0001000000	0.0100000000	100	100	0	0.999523
2388000	0.6000000000	0.0001000000	0.0100000000	100	100	0	0.999521
2389000	0.6000000000	0.0001000000	0.0100000000	100	100	0	0.999530
2390000	0.6000000000	0.0001000000	0.0100000000	100	100	0	0.999514
2391000	0.6000000000	0.0001000000	0.0100000000	100	100	0	0.999525
2392000	0.6000000000	0.0001000000	0.0100000000	100	100	0	0.999527
2393000	0.6000000000	0.0001000000	0.0100000000	100	100	0	0.999540
2394000	0.6000000000	0.0001000000	0.0100000000	100	100	0	0.999554
2395000	0.6000000000	0.0001000000	0.0100000000	100	100	0	0.999523
2396000	0.6000000000	0.0001000000	0.0100000000	100	100	0	0.999519
2397000	0.6000000000	0.0001000000	0.0100000000	100	100	0	0.999518
2398000	0.6000000000	0.0001000000	0.0100000000	100	100	0	0.999525
2399000	0.6000000000	0.0001000000	0.0100000000	100	100	0	0.999489
2400000	0.6000000000	0.0001000000	0.0100000000	100	100	0	0.999499
2401000	0.6000000000	0.0001000000	0.0100000000	100	100	0	0.999518
2402000	0.6000000000	0.0001000000	0.0100000000	100	100	0	0.999517
2403000	0.6000000000	0.0001000000	0.0100000000	100	100	0	0.999542
2404000	0.6000000000	0.0001000000	0.0100000000	100	100	0	0.999531
2405000	0.6000000000	0.0001000000	0.0100000000	100	100	0	0.999537
2406000	0.6000000000	0.0001000000	0.0100000000	100	100	0	0.999537
2407000	0.6000000000	0.0001000000	0.0100000000	100	100	0	0.999526
2408000	0.6000000000	0.0001000000	0.0100000000	100	100	0	0.999519
2409000	0.6000000000	0.0001000000	0.0100000000	100	100	0	0.999523
2410000	0.6000000000	0.0001000000	0.0100000000	100	100	0	0.999509
2411000	0.6000000000	0.0001000000	0.0100000000	100	100	0	0.999515
2412000	0.6000000000	0.0001000000	0.0100000000	100	100	0	0.999504
2413000	0.6000000000	0.0001000000	0.0100000000	100	100	0	0.999523
2414000	0.6000000000	0.0001000000	0.0100000000	100	100	0	0.999517
2415000	0.6000000000	0.0001000000	0.0100000000	100	100	0	0.999521
2416000	0.6000000000	0.0001000000	0.0100000000	100	100	0	0.999525
2417000	0.6000000000	0.0001000000	0.0100000000	100	100	0	0.999511
2418000	0.6000000000	0.0001000000	0.0100000000	100	100	0	0.999508
2419000	0.6000000000	0.0001000000	0.0100000000	100	100	0	0.999507
2420000	0.6000000000	0.0001000000	0.0100000000	100	100	0	0.999507
2421000	0.6000000000	0.0001000000	0.0100000000	100	100	0	0.999502
2422000	0.6000000000	0.0001000000	0.0100000000	100	100	0	0.999495
2423000	0.6000000000	0.0001000000	0.0100000000	100	100	0	0.999519
2424000	0.6000000000	0.0001000000	0.0100000000	100	100	0	0.999532
2425000	0.6000000000	0.0001000000	0.0100000000	100	100	0	0.999517
2426000	0.6000000000	0.0001000000	0.0100000000	100	100	0	0.999533
2427000	0.6000000000	0.0001000000	0.0100000000	100	100	0	0.999538
2428000	0.6000000000	0.0001000000	0.0100000000	100	100	0	0.999517
2429000	0.6000000000	0.0001000000	0.0100000000	100	100	0	0.999527
2430000	0.6000000000	0.0001000000	0.0100000000	100	100	0	0.999530
2431000	0.6000000000	0.0001000000	0.0100000000	100	100	0	0.999545
2432000	0.6000000000	0.0001000000	0.0100000000	100	100	0	0.999546
2433000	0.6000000000	0.0001000000	0.0100000000	100	100	0	0.999536
2434000	0.6000000000	0.0001000000	0.0100000000	100	100	0	0.999533
2435000	0.6000000000	0.0001000000	0.0100000000	100	100	0	0.999518
2436000	0.6000000000	0.0001000000	0.0100000000	100	100	0	0.999520
2437000	0.6000000000	0.0001000000	0.0100000000	100	100	0	0.999514
2438000	0.6000000000	0.0001000000	0.0100000000	100	100	0	0.999502
2439000	0.6000000000	0.0001000000	0.0100000000	100	100	0	0.999521
2440000	0.6000000000	0.0001000000	0.0100000000	100	100	0	0.999539
2441000	0.6000000000	0.0001000000	0.0100000000	100	100	0	0.999533
2442000	0.6000000000	0.0001000000	0.0100000000	100	100	0	0.999527
2443000	0.6000000000	0.0001000000	0.0100000000	100	100	0	0.999520
2444000	0.6000000000	0.0001000000	0.0100000000	100	100	0	0.999529
2445000	0.6000000000	0.0001000000	0.0100000000	100	100	0	0.999532
2446000	0.6000000000	0.0001000000	0.0100000000	100	100	0	0.999523
2447000	0.6000000000	0.0001000000	0.0100000000	100	100	0	0.999516
2448000	0.6000000000	0.0001000000	0.0100000000	100	100	0	0.999511
2449000	0.6000000000	0.0001000000	0.0100000000	100	100	0	0.999532
2450000	0.6000000000	0.0001000000	0.0100000000	100	100	0	0.999546
2451000	0.6000000000	0.0001000000	0.0100000000	100	100	0	0.999545
2452000	0.6000000000	0.0001000000	0.0100000000	100	100	0	0.999529
2453000	0.6000000000	0.0001000000	0.0100000000	100	100	0	0.999531
2454000	0.6000000000	0.0001000000	0.0100000000	100	100	0	0.999523
2455000	0.6000000000	0.0001000000	0.0100000000	100	100	0	0.999534
2456000	0.6000000000	0.0001000000	0.0100000000	100	100	0	0.999518
2457000	0.6000000000	0.0001000000	0.0100000000	100	100	0	0.999523
2458000	0.6000000000	0.0001000000	0.0100000000	100	100	0	0.999504
2459000	0.6000000000	0.0001000000	0.0100000000	100	100	0	0.999493
2460000	0.6000000000	0.0001000000	0.0100000000	100	100	0	0.999489
2461000	0.6000000000	0.0001000000	0.0100000000	100	100	0	0.999483
2462000	0.6000000000	0.0001000000	0.0100000000	100	100	0	0.999496
2463000	0.6000000000	0.0001000000	0.0100000000	100	100	0	0.999513
2464000	0.6000000000	0.0001000000	0.0100000000	100	100	0	0.999508
2465000	0.6000000000	0.0001000000	0.0100000000	100	100	0	0.999519
2466000	0.6000000000	0.0001000000	0.0100000000	100	100	0	0.999537
2467000	0.6000000000	0.0001000000	0.0100000000	100	100	0	0.999524
2468000	0.6000000000	0.0001000000	0.0100000000	100	100	0	0.999528
2469000	0.6000000000	0.0001000000	0.0100000000	100	100	0	0.999534
2470000	0.6000000000	0.0001000000	0.0100000000	100	100	0	0.999530
2471000	0.6000000000	0.0001000000	0.0100000000	100	100	0	0.999530
2472000	0.6000000000	0.0001000000	0.0100000000	100	100	0	0.999530
2473000	0.6000000000	0.0001000000	0.0100000000	100	100	0	0.999534
2474000	0.6000000000	0.0001000000	0.0100000000	100	100	0	0.999541
2475000	0.6000000000	0.0001000000	0.0100000000	100	100	0	0.999530
2476000	0.6000000000	0.0001000000	0.0100000000	100	100	0	0.999535
2477000	0.6000000000	0.0001000000	0.0100000000	100	100	0	0.999523
2478000	0.6000000000	0.0001000000	0.0100000000	100	100	0	0.999535
2479000	0.6000000000	0.0001000000	0.0100000000	100	100	0	0.999509
2480000	0.6000000000	0.0001000000	0.0100000000	100	100	0	0.999518
2481000	0.6000000000	0.0001000000	0.0100000000	100	100	0	0.999514
2482000	0.6000000000	0.0001000000	0.0100000000	100	100	0	0.999525
2483000	0.6000000000	0.0001000000	0.0100000000	100	100	0	0.999506
2484000	0.6000000000	0.0001000000	0.0100000000	100	100	0	0.999512
2485000	0.6000000000	0.0001000000	0.0100000000	100	100	0	0.999507
2486000	0.6000000000	0.0001000000	0.0100000000	100	100	0	0.999508
2487000	0.6000000000	0.0001000000	0.0100000000	100	100	0	0.999508
2488000	0.6000000000	0.0001000000	0.0100000000	100	100	0	0.999504
2489000	0.6000000000	0.0001000000	0.0100000000	100	100	0	0.999513
2490000	0.6000000000	0.0001000000	0.0100000000	100	100	0	0.999513
2491000	0.6000000000	0.0001000000	0.0100000000	100	100	0	0.999517
2492000	0.6000000000	0.0001000000	0.0100000000	100	100	0	0.999512
2493000	0.6000000000	0.0001000000	0.0100000000	100	100	0	0.999515
2494000	0.6000000000	0.0001000000	0.0100000000	100	100	0	0.999523
2495000	0.6000000000	0.0001000000	0.0100000000	100	100	0	0.999511
2496000	0.6000000000	0.0001000000	0.0100000000	100	100	0	0.999510
2497000	0.6000000000	0.0001000000	0.0100000000	100	100	0	0.999509
2498000	0.6000000000	0.0001000000	0.0100000000	100	100	0	0.999504
2499000	0.6000000000	0.0001000000	0.0100000000	100	100	0	0.999498
2500000	0.6000000000	0.0001000000	0.0100000000	100	100	0	0.999501
