time	epistasis_coef	sel_coef	mu_prob	Ne	L	k_start	mean_fitness
1500000	0.0000000000	0.0100000000	0.0001000000	100	100	0	0.860708
1501000	0.0000000000	0.0100000000	0.0001000000	100	100	0	0.860708
1502000	0.0000000000	0.0100000000	0.0001000000	100	100	0	0.860708
1503000	0.0000000000	0.0100000000	0.0001000000	100	100	0	0.860708
1504000	0.0000000000	0.0100000000	0.0001000000	100	100	0	0.860708
1505000	0.0000000000	0.0100000000	0.0001000000	100	100	0	0.860708
1506000	0.0000000000	0.0100000000	0.0001000000	100	100	0	0.860194
1507000	0.0000000000	0.0100000000	0.0001000000	100	100	0	0.860708
1508000	0.0000000000	0.0100000000	0.0001000000	100	100	0	0.860708
1509000	0.0000000000	0.0100000000	0.0001000000	100	100	0	0.860622
1510000	0.0000000000	0.0100000000	0.0001000000	100	100	0	0.860708
1511000	0.0000000000	0.0100000000	0.0001000000	100	100	0	0.860708
1512000	0.0000000000	0.0100000000	0.0001000000	100	100	0	0.860708
1513000	0.0000000000	0.0100000000	0.0001000000	100	100	0	0.860708
1514000	0.0000000000	0.0100000000	0.0001000000	100	100	0	0.860708
1515000	0.0000000000	0.0100000000	0.0001000000	100	100	0	0.860708
1516000	0.0000000000	0.0100000000	0.0001000000	100	100	0	0.860708
1517000	0.0000000000	0.0100000000	0.0001000000	100	100	0	0.859338
1518000	0.0000000000	0.0100000000	0.0001000000	100	100	0	0.860708
1519000	0.0000000000	0.0100000000	0.0001000000	100	100	0	0.860708
1520000	0.0000000000	0.0100000000	0.0001000000	100	100	0	0.860708
1521000	0.0000000000	0.0100000000	0.0001000000	100	100	0	0.860708
1522000	0.0000000000	0.0100000000	0.0001000000	100	100	0	0.852144
1523000	0.0000000000	0.0100000000	0.0001000000	100	100	0	0.852144
1524000	0.0000000000	0.0100000000	0.0001000000	100	100	0	0.852144
1525000	0.0000000000	0.0100000000	0.0001000000	100	100	0	0.852144
1526000	0.0000000000	0.0100000000	0.0001000000	100	100	0	0.852144
1527000	0.0000000000	0.0100000000	0.0001000000	100	100	0	0.852144
1528000	0.0000000000	0.0100000000	0.0001000000	100	100	0	0.852144
1529000	0.0000000000	0.0100000000	0.0001000000	100	100	0	0.852144
1530000	0.0000000000	0.0100000000	0.0001000000	100	100	0	0.852144
1531000	0.0000000000	0.0100000000	0.0001000000	100	100	0	0.852229
1532000	0.0000000000	0.0100000000	0.0001000000	100	100	0	0.860708
1533000	0.0000000000	0.0100000000	0.0001000000	100	100	0	0.864514
1534000	0.0000000000	0.0100000000	0.0001000000	100	100	0	0.869358
1535000	0.0000000000	0.0100000000	0.0001000000	100	100	0	0.869358
1536000	0.0000000000	0.0100000000	0.0001000000	100	100	0	0.869358
1537000	0.0000000000	0.0100000000	0.0001000000	100	100	0	0.869358
1538000	0.0000000000	0.0100000000	0.0001000000	100	100	0	0.869358
1539000	0.0000000000	0.0100000000	0.0001000000	100	100	0	0.869358
1540000	0.0000000000	0.0100000000	0.0001000000	100	100	0	0.869358
1541000	0.0000000000	0.0100000000	0.0001000000	100	100	0	0.869358
1542000	0.0000000000	0.0100000000	0.0001000000	100	100	0	0.868753
1543000	0.0000000000	0.0100000000	0.0001000000	100	100	0	0.878095
1544000	0.0000000000	0.0100000000	0.0001000000	100	100	0	0.878095
1545000	0.0000000000	0.0100000000	0.0001000000	100	100	0	0.878095
1546000	0.0000000000	0.0100000000	0.0001000000	100	100	0	0.878095
1547000	0.0000000000	0.0100000000	0.0001000000	100	100	0	0.877833
1548000	0.0000000000	0.0100000000	0.0001000000	100	100	0	0.878095
1549000	0.0000000000	0.0100000000	0.0001000000	100	100	0	0.886920
1550000	0.0000000000	0.0100000000	0.0001000000	100	100	0	0.886920
1551000	0.0000000000	0.0100000000	0.0001000000	100	100	0	0.886920
1552000	0.0000000000	0.0100000000	0.0001000000	100	100	0	0.886920
1553000	0.0000000000	0.0100000000	0.0001000000	100	100	0	0.886920
1554000	0.0000000000	0.0100000000	0.0001000000	100	100	0	0.886920
1555000	0.0000000000	0.0100000000	0.0001000000	100	100	0	0.886920
1556000	0.0000000000	0.0100000000	0.0001000000	100	100	0	0.886920
1557000	0.0000000000	0.0100000000	0.0001000000	100	100	0	0.878095
1558000	0.0000000000	0.0100000000	0.0001000000	100	100	0	0.878095
1559000	0.0000000000	0.0100000000	0.0001000000	100	100	0	0.878095
1560000	0.0000000000	0.0100000000	0.0001000000	100	100	0	0.878095
1561000	0.0000000000	0.0100000000	0.0001000000	100	100	0	0.878095
1562000	0.0000000000	0.0100000000	0.0001000000	100	100	0	0.878360
1563000	0.0000000000	0.0100000000	0.0001000000	100	100	0	0.878095
1564000	0.0000000000	0.0100000000	0.0001000000	100	100	0	0.878095
1565000	0.0000000000	0.0100000000	0.0001000000	100	100	0	0.878095
1566000	0.0000000000	0.0100000000	0.0001000000	100	100	0	0.878095
1567000	0.0000000000	0.0100000000	0.0001000000	100	100	0	0.878095
1568000	0.0000000000	0.0100000000	0.0001000000	100	100	0	0.878095
1569000	0.0000000000	0.0100000000	0.0001000000	100	100	0	0.874863
1570000	0.0000000000	0.0100000000	0.0001000000	100	100	0	0.878095
1571000	0.0000000000	0.0100000000	0.0001000000	100	100	0	0.878095
1572000	0.0000000000	0.0100000000	0.0001000000	100	100	0	0.878095
1573000	0.0000000000	0.0100000000	0.0001000000	100	100	0	0.878537
1574000	0.0000000000	0.0100000000	0.0001000000	100	100	0	0.878095
1575000	0.0000000000	0.0100000000	0.0001000000	100	100	0	0.878095
1576000	0.0000000000	0.0100000000	0.0001000000	100	100	0	0.878095
1577000	0.0000000000	0.0100000000	0.0001000000	100	100	0	0.877921
1578000	0.0000000000	0.0100000000	0.0001000000	100	100	0	0.878095
1579000	0.0000000000	0.0100000000	0.0001000000	100	100	0	0.878095
1580000	0.0000000000	0.0100000000	0.0001000000	100	100	0	0.878095
1581000	0.0000000000	0.0100000000	0.0001000000	100	100	0	0.878095
1582000	0.0000000000	0.0100000000	0.0001000000	100	100	0	0.878095
1583000	0.0000000000	0.0100000000	0.0001000000	100	100	0	0.878095
1584000	0.0000000000	0.0100000000	0.0001000000	100	100	0	0.878095
1585000	0.0000000000	0.0100000000	0.0001000000	100	100	0	0.878095
1586000	0.0000000000	0.0100000000	0.0001000000	100	100	0	0.878095
1587000	0.0000000000	0.0100000000	0.0001000000	100	100	0	0.875999
1588000	0.0000000000	0.0100000000	0.0001000000	100	100	0	0.878095
1589000	0.0000000000	0.0100000000	0.0001000000	100	100	0	0.878095
1590000	0.0000000000	0.0100000000	0.0001000000	100	100	0	0.878095
1591000	0.0000000000	0.0100000000	0.0001000000	100	100	0	0.878095
1592000	0.0000000000	0.0100000000	0.0001000000	100	100	0	0.878095
1593000	0.0000000000	0.0100000000	0.0001000000	100	100	0	0.878095
1594000	0.0000000000	0.0100000000	0.0001000000	100	100	0	0.878095
1595000	0.0000000000	0.0100000000	0.0001000000	100	100	0	0.878095
1596000	0.0000000000	0.0100000000	0.0001000000	100	100	0	0.878095
1597000	0.0000000000	0.0100000000	0.0001000000	100	100	0	0.893071
1598000	0.0000000000	0.0100000000	0.0001000000	100	100	0	0.895834
1599000	0.0000000000	0.0100000000	0.0001000000	100	100	0	0.895834
1600000	0.0000000000	0.0100000000	0.0001000000	100	100	0	0.895834
1601000	0.0000000000	0.0100000000	0.0001000000	100	100	0	0.895834
1602000	0.0000000000	0.0100000000	0.0001000000	100	100	0	0.885508
1603000	0.0000000000	0.0100000000	0.0001000000	100	100	0	0.886920
1604000	0.0000000000	0.0100000000	0.0001000000	100	100	0	0.886920
1605000	0.0000000000	0.0100000000	0.0001000000	100	100	0	0.886920
1606000	0.0000000000	0.0100000000	0.0001000000	100	100	0	0.886920
1607000	0.0000000000	0.0100000000	0.0001000000	100	100	0	0.886920
1608000	0.0000000000	0.0100000000	0.0001000000	100	100	0	0.886920
1609000	0.0000000000	0.0100000000	0.0001000000	100	100	0	0.886920
1610000	0.0000000000	0.0100000000	0.0001000000	100	100	0	0.886832
1611000	0.0000000000	0.0100000000	0.0001000000	100	100	0	0.886832
1612000	0.0000000000	0.0100000000	0.0001000000	100	100	0	0.886920
1613000	0.0000000000	0.0100000000	0.0001000000	100	100	0	0.886920
1614000	0.0000000000	0.0100000000	0.0001000000	100	100	0	0.886920
1615000	0.0000000000	0.0100000000	0.0001000000	100	100	0	0.886920
1616000	0.0000000000	0.0100000000	0.0001000000	100	100	0	0.886920
1617000	0.0000000000	0.0100000000	0.0001000000	100	100	0	0.886920
1618000	0.0000000000	0.0100000000	0.0001000000	100	100	0	0.886920
1619000	0.0000000000	0.0100000000	0.0001000000	100	100	0	0.886920
1620000	0.0000000000	0.0100000000	0.0001000000	100	100	0	0.891288
1621000	0.0000000000	0.0100000000	0.0001000000	100	100	0	0.895834
1622000	0.0000000000	0.0100000000	0.0001000000	100	100	0	0.895834
1623000	0.0000000000	0.0100000000	0.0001000000	100	100	0	0.895834
1624000	0.0000000000	0.0100000000	0.0001000000	100	100	0	0.895834
1625000	0.0000000000	0.0100000000	0.0001000000	100	100	0	0.895656
1626000	0.0000000000	0.0100000000	0.0001000000	100	100	0	0.895834
1627000	0.0000000000	0.0100000000	0.0001000000	100	100	0	0.895834
1628000	0.0000000000	0.0100000000	0.0001000000	100	100	0	0.895834
1629000	0.0000000000	0.0100000000	0.0001000000	100	100	0	0.895834
1630000	0.0000000000	0.0100000000	0.0001000000	100	100	0	0.895834
1631000	0.0000000000	0.0100000000	0.0001000000	100	100	0	0.895834
1632000	0.0000000000	0.0100000000	0.0001000000	100	100	0	0.895834
1633000	0.0000000000	0.0100000000	0.0001000000	100	100	0	0.895834
1634000	0.0000000000	0.0100000000	0.0001000000	100	100	0	0.895834
1635000	0.0000000000	0.0100000000	0.0001000000	100	100	0	0.895834
1636000	0.0000000000	0.0100000000	0.0001000000	100	100	0	0.895834
1637000	0.0000000000	0.0100000000	0.0001000000	100	100	0	0.895834
1638000	0.0000000000	0.0100000000	0.0001000000	100	100	0	0.895834
1639000	0.0000000000	0.0100000000	0.0001000000	100	100	0	0.895834
1640000	0.0000000000	0.0100000000	0.0001000000	100	100	0	0.895834
1641000	0.0000000000	0.0100000000	0.0001000000	100	100	0	0.895834
1642000	0.0000000000	0.0100000000	0.0001000000	100	100	0	0.895834
1643000	0.0000000000	0.0100000000	0.0001000000	100	100	0	0.895834
1644000	0.0000000000	0.0100000000	0.0001000000	100	100	0	0.895834
1645000	0.0000000000	0.0100000000	0.0001000000	100	100	0	0.904837
1646000	0.0000000000	0.0100000000	0.0001000000	100	100	0	0.904837
1647000	0.0000000000	0.0100000000	0.0001000000	100	100	0	0.913931
1648000	0.0000000000	0.0100000000	0.0001000000	100	100	0	0.913931
1649000	0.0000000000	0.0100000000	0.0001000000	100	100	0	0.913931
1650000	0.0000000000	0.0100000000	0.0001000000	100	100	0	0.913931
1651000	0.0000000000	0.0100000000	0.0001000000	100	100	0	0.913931
1652000	0.0000000000	0.0100000000	0.0001000000	100	100	0	0.913931
1653000	0.0000000000	0.0100000000	0.0001000000	100	100	0	0.913931
1654000	0.0000000000	0.0100000000	0.0001000000	100	100	0	0.913931
1655000	0.0000000000	0.0100000000	0.0001000000	100	100	0	0.913931
1656000	0.0000000000	0.0100000000	0.0001000000	100	100	0	0.913931
1657000	0.0000000000	0.0100000000	0.0001000000	100	100	0	0.923116
1658000	0.0000000000	0.0100000000	0.0001000000	100	100	0	0.932394
1659000	0.0000000000	0.0100000000	0.0001000000	100	100	0	0.932394
1660000	0.0000000000	0.0100000000	0.0001000000	100	100	0	0.932394
1661000	0.0000000000	0.0100000000	0.0001000000	100	100	0	0.932394
1662000	0.0000000000	0.0100000000	0.0001000000	100	100	0	0.932394
1663000	0.0000000000	0.0100000000	0.0001000000	100	100	0	0.932394
1664000	0.0000000000	0.0100000000	0.0001000000	100	100	0	0.932394
1665000	0.0000000000	0.0100000000	0.0001000000	100	100	0	0.932394
1666000	0.0000000000	0.0100000000	0.0001000000	100	100	0	0.941765
1667000	0.0000000000	0.0100000000	0.0001000000	100	100	0	0.941765
1668000	0.0000000000	0.0100000000	0.0001000000	100	100	0	0.941765
1669000	0.0000000000	0.0100000000	0.0001000000	100	100	0	0.941765
1670000	0.0000000000	0.0100000000	0.0001000000	100	100	0	0.941765
1671000	0.0000000000	0.0100000000	0.0001000000	100	100	0	0.941765
1672000	0.0000000000	0.0100000000	0.0001000000	100	100	0	0.941765
1673000	0.0000000000	0.0100000000	0.0001000000	100	100	0	0.941765
1674000	0.0000000000	0.0100000000	0.0001000000	100	100	0	0.941765
1675000	0.0000000000	0.0100000000	0.0001000000	100	100	0	0.941765
1676000	0.0000000000	0.0100000000	0.0001000000	100	100	0	0.932394
1677000	0.0000000000	0.0100000000	0.0001000000	100	100	0	0.932394
1678000	0.0000000000	0.0100000000	0.0001000000	100	100	0	0.932394
1679000	0.0000000000	0.0100000000	0.0001000000	100	100	0	0.932394
1680000	0.0000000000	0.0100000000	0.0001000000	100	100	0	0.932394
1681000	0.0000000000	0.0100000000	0.0001000000	100	100	0	0.932394
1682000	0.0000000000	0.0100000000	0.0001000000	100	100	0	0.932394
1683000	0.0000000000	0.0100000000	0.0001000000	100	100	0	0.931559
1684000	0.0000000000	0.0100000000	0.0001000000	100	100	0	0.932394
1685000	0.0000000000	0.0100000000	0.0001000000	100	100	0	0.932394
1686000	0.0000000000	0.0100000000	0.0001000000	100	100	0	0.932023
1687000	0.0000000000	0.0100000000	0.0001000000	100	100	0	0.932394
1688000	0.0000000000	0.0100000000	0.0001000000	100	100	0	0.932394
1689000	0.0000000000	0.0100000000	0.0001000000	100	100	0	0.932394
1690000	0.0000000000	0.0100000000	0.0001000000	100	100	0	0.932394
1691000	0.0000000000	0.0100000000	0.0001000000	100	100	0	0.932394
1692000	0.0000000000	0.0100000000	0.0001000000	100	100	0	0.932394
1693000	0.0000000000	0.0100000000	0.0001000000	100	100	0	0.932394
1694000	0.0000000000	0.0100000000	0.0001000000	100	100	0	0.932394
1695000	0.0000000000	0.0100000000	0.0001000000	100	100	0	0.932394
1696000	0.0000000000	0.0100000000	0.0001000000	100	100	0	0.932394
1697000	0.0000000000	0.0100000000	0.0001000000	100	100	0	0.932394
1698000	0.0000000000	0.0100000000	0.0001000000	100	100	0	0.932394
1699000	0.0000000000	0.0100000000	0.0001000000	100	100	0	0.932394
1700000	0.0000000000	0.0100000000	0.0001000000	100	100	0	0.932394
1701000	0.0000000000	0.0100000000	0.0001000000	100	100	0	0.932394
1702000	0.0000000000	0.0100000000	0.0001000000	100	100	0	0.932394
1703000	0.0000000000	0.0100000000	0.0001000000	100	100	0	0.932394
1704000	0.0000000000	0.0100000000	0.0001000000	100	100	0	0.932394
1705000	0.0000000000	0.0100000000	0.0001000000	100	100	0	0.941765
1706000	0.0000000000	0.0100000000	0.0001000000	100	100	0	0.941765
1707000	0.0000000000	0.0100000000	0.0001000000	100	100	0	0.941765
1708000	0.0000000000	0.0100000000	0.0001000000	100	100	0	0.941671
1709000	0.0000000000	0.0100000000	0.0001000000	100	100	0	0.941765
1710000	0.0000000000	0.0100000000	0.0001000000	100	100	0	0.941765
1711000	0.0000000000	0.0100000000	0.0001000000	100	100	0	0.941765
1712000	0.0000000000	0.0100000000	0.0001000000	100	100	0	0.941765
1713000	0.0000000000	0.0100000000	0.0001000000	100	100	0	0.941765
1714000	0.0000000000	0.0100000000	0.0001000000	100	100	0	0.941577
1715000	0.0000000000	0.0100000000	0.0001000000	100	100	0	0.941765
1716000	0.0000000000	0.0100000000	0.0001000000	100	100	0	0.941765
1717000	0.0000000000	0.0100000000	0.0001000000	100	100	0	0.941109
1718000	0.0000000000	0.0100000000	0.0001000000	100	100	0	0.941765
1719000	0.0000000000	0.0100000000	0.0001000000	100	100	0	0.941765
1720000	0.0000000000	0.0100000000	0.0001000000	100	100	0	0.941765
1721000	0.0000000000	0.0100000000	0.0001000000	100	100	0	0.941765
1722000	0.0000000000	0.0100000000	0.0001000000	100	100	0	0.941765
1723000	0.0000000000	0.0100000000	0.0001000000	100	100	0	0.941765
1724000	0.0000000000	0.0100000000	0.0001000000	100	100	0	0.941765
1725000	0.0000000000	0.0100000000	0.0001000000	100	100	0	0.941765
1726000	0.0000000000	0.0100000000	0.0001000000	100	100	0	0.941765
1727000	0.0000000000	0.0100000000	0.0001000000	100	100	0	0.941765
1728000	0.0000000000	0.0100000000	0.0001000000	100	100	0	0.941765
1729000	0.0000000000	0.0100000000	0.0001000000	100	100	0	0.941765
1730000	0.0000000000	0.0100000000	0.0001000000	100	100	0	0.940734
1731000	0.0000000000	0.0100000000	0.0001000000	100	100	0	0.941765
1732000	0.0000000000	0.0100000000	0.0001000000	100	100	0	0.941765
1733000	0.0000000000	0.0100000000	0.0001000000	100	100	0	0.941765
1734000	0.0000000000	0.0100000000	0.0001000000	100	100	0	0.941577
1735000	0.0000000000	0.0100000000	0.0001000000	100	100	0	0.941765
1736000	0.0000000000	0.0100000000	0.0001000000	100	100	0	0.941765
1737000	0.0000000000	0.0100000000	0.0001000000	100	100	0	0.941765
1738000	0.0000000000	0.0100000000	0.0001000000	100	100	0	0.941765
1739000	0.0000000000	0.0100000000	0.0001000000	100	100	0	0.941765
1740000	0.0000000000	0.0100000000	0.0001000000	100	100	0	0.941765
1741000	0.0000000000	0.0100000000	0.0001000000	100	100	0	0.941765
1742000	0.0000000000	0.0100000000	0.0001000000	100	100	0	0.941765
1743000	0.0000000000	0.0100000000	0.0001000000	100	100	0	0.941765
1744000	0.0000000000	0.0100000000	0.0001000000	100	100	0	0.941765
1745000	0.0000000000	0.0100000000	0.0001000000	100	100	0	0.941765
1746000	0.0000000000	0.0100000000	0.0001000000	100	100	0	0.941765
1747000	0.0000000000	0.0100000000	0.0001000000	100	100	0	0.941765
1748000	0.0000000000	0.0100000000	0.0001000000	100	100	0	0.941483
1749000	0.0000000000	0.0100000000	0.0001000000	100	100	0	0.941765
1750000	0.0000000000	0.0100000000	0.0001000000	100	100	0	0.941765
1751000	0.0000000000	0.0100000000	0.0001000000	100	100	0	0.941765
1752000	0.0000000000	0.0100000000	0.0001000000	100	100	0	0.941765
1753000	0.0000000000	0.0100000000	0.0001000000	100	100	0	0.941765
1754000	0.0000000000	0.0100000000	0.0001000000	100	100	0	0.941765
1755000	0.0000000000	0.0100000000	0.0001000000	100	100	0	0.941765
1756000	0.0000000000	0.0100000000	0.0001000000	100	100	0	0.941765
1757000	0.0000000000	0.0100000000	0.0001000000	100	100	0	0.941671
1758000	0.0000000000	0.0100000000	0.0001000000	100	100	0	0.941765
1759000	0.0000000000	0.0100000000	0.0001000000	100	100	0	0.941765
1760000	0.0000000000	0.0100000000	0.0001000000	100	100	0	0.941765
1761000	0.0000000000	0.0100000000	0.0001000000	100	100	0	0.941765
1762000	0.0000000000	0.0100000000	0.0001000000	100	100	0	0.941765
1763000	0.0000000000	0.0100000000	0.0001000000	100	100	0	0.941765
1764000	0.0000000000	0.0100000000	0.0001000000	100	100	0	0.941765
1765000	0.0000000000	0.0100000000	0.0001000000	100	100	0	0.941765
1766000	0.0000000000	0.0100000000	0.0001000000	100	100	0	0.941765
1767000	0.0000000000	0.0100000000	0.0001000000	100	100	0	0.941765
1768000	0.0000000000	0.0100000000	0.0001000000	100	100	0	0.941765
1769000	0.0000000000	0.0100000000	0.0001000000	100	100	0	0.941765
1770000	0.0000000000	0.0100000000	0.0001000000	100	100	0	0.941765
1771000	0.0000000000	0.0100000000	0.0001000000	100	100	0	0.941765
1772000	0.0000000000	0.0100000000	0.0001000000	100	100	0	0.941765
1773000	0.0000000000	0.0100000000	0.0001000000	100	100	0	0.941765
1774000	0.0000000000	0.0100000000	0.0001000000	100	100	0	0.941765
1775000	0.0000000000	0.0100000000	0.0001000000	100	100	0	0.941765
1776000	0.0000000000	0.0100000000	0.0001000000	100	100	0	0.941765
1777000	0.0000000000	0.0100000000	0.0001000000	100	100	0	0.941765
1778000	0.0000000000	0.0100000000	0.0001000000	100	100	0	0.941765
1779000	0.0000000000	0.0100000000	0.0001000000	100	100	0	0.941765
1780000	0.0000000000	0.0100000000	0.0001000000	100	100	0	0.941765
1781000	0.0000000000	0.0100000000	0.0001000000	100	100	0	0.941765
1782000	0.0000000000	0.0100000000	0.0001000000	100	100	0	0.941765
1783000	0.0000000000	0.0100000000	0.0001000000	100	100	0	0.941765
1784000	0.0000000000	0.0100000000	0.0001000000	100	100	0	0.941765
1785000	0.0000000000	0.0100000000	0.0001000000	100	100	0	0.941765
1786000	0.0000000000	0.0100000000	0.0001000000	100	100	0	0.941765
1787000	0.0000000000	0.0100000000	0.0001000000	100	100	0	0.941765
1788000	0.0000000000	0.0100000000	0.0001000000	100	100	0	0.941765
1789000	0.0000000000	0.0100000000	0.0001000000	100	100	0	0.932394
1790000	0.0000000000	0.0100000000	0.0001000000	100	100	0	0.932394
1791000	0.0000000000	0.0100000000	0.0001000000	100	100	0	0.932394
1792000	0.0000000000	0.0100000000	0.0001000000	100	100	0	0.932023
1793000	0.0000000000	0.0100000000	0.0001000000	100	100	0	0.932394
1794000	0.0000000000	0.0100000000	0.0001000000	100	100	0	0.932394
1795000	0.0000000000	0.0100000000	0.0001000000	100	100	0	0.932394
1796000	0.0000000000	0.0100000000	0.0001000000	100	100	0	0.932394
1797000	0.0000000000	0.0100000000	0.0001000000	100	100	0	0.932023
1798000	0.0000000000	0.0100000000	0.0001000000	100	100	0	0.932394
1799000	0.0000000000	0.0100000000	0.0001000000	100	100	0	0.932394
1800000	0.0000000000	0.0100000000	0.0001000000	100	100	0	0.932394
1801000	0.0000000000	0.0100000000	0.0001000000	100	100	0	0.932394
1802000	0.0000000000	0.0100000000	0.0001000000	100	100	0	0.932394
1803000	0.0000000000	0.0100000000	0.0001000000	100	100	0	0.932394
1804000	0.0000000000	0.0100000000	0.0001000000	100	100	0	0.932394
1805000	0.0000000000	0.0100000000	0.0001000000	100	100	0	0.932394
1806000	0.0000000000	0.0100000000	0.0001000000	100	100	0	0.932394
1807000	0.0000000000	0.0100000000	0.0001000000	100	100	0	0.932394
1808000	0.0000000000	0.0100000000	0.0001000000	100	100	0	0.941765
1809000	0.0000000000	0.0100000000	0.0001000000	100	100	0	0.941765
1810000	0.0000000000	0.0100000000	0.0001000000	100	100	0	0.942332
1811000	0.0000000000	0.0100000000	0.0001000000	100	100	0	0.951229
1812000	0.0000000000	0.0100000000	0.0001000000	100	100	0	0.951135
1813000	0.0000000000	0.0100000000	0.0001000000	100	100	0	0.951229
1814000	0.0000000000	0.0100000000	0.0001000000	100	100	0	0.951229
1815000	0.0000000000	0.0100000000	0.0001000000	100	100	0	0.951229
1816000	0.0000000000	0.0100000000	0.0001000000	100	100	0	0.951229
1817000	0.0000000000	0.0100000000	0.0001000000	100	100	0	0.951229
1818000	0.0000000000	0.0100000000	0.0001000000	100	100	0	0.951229
1819000	0.0000000000	0.0100000000	0.0001000000	100	100	0	0.951229
1820000	0.0000000000	0.0100000000	0.0001000000	100	100	0	0.949999
1821000	0.0000000000	0.0100000000	0.0001000000	100	100	0	0.951229
1822000	0.0000000000	0.0100000000	0.0001000000	100	100	0	0.951229
1823000	0.0000000000	0.0100000000	0.0001000000	100	100	0	0.951229
1824000	0.0000000000	0.0100000000	0.0001000000	100	100	0	0.951229
1825000	0.0000000000	0.0100000000	0.0001000000	100	100	0	0.951229
1826000	0.0000000000	0.0100000000	0.0001000000	100	100	0	0.951229
1827000	0.0000000000	0.0100000000	0.0001000000	100	100	0	0.951229
1828000	0.0000000000	0.0100000000	0.0001000000	100	100	0	0.951229
1829000	0.0000000000	0.0100000000	0.0001000000	100	100	0	0.951229
1830000	0.0000000000	0.0100000000	0.0001000000	100	100	0	0.951229
1831000	0.0000000000	0.0100000000	0.0001000000	100	100	0	0.951229
1832000	0.0000000000	0.0100000000	0.0001000000	100	100	0	0.951229
1833000	0.0000000000	0.0100000000	0.0001000000	100	100	0	0.951229
1834000	0.0000000000	0.0100000000	0.0001000000	100	100	0	0.951229
1835000	0.0000000000	0.0100000000	0.0001000000	100	100	0	0.951229
1836000	0.0000000000	0.0100000000	0.0001000000	100	100	0	0.951229
1837000	0.0000000000	0.0100000000	0.0001000000	100	100	0	0.951229
1838000	0.0000000000	0.0100000000	0.0001000000	100	100	0	0.951229
1839000	0.0000000000	0.0100000000	0.0001000000	100	100	0	0.951229
1840000	0.0000000000	0.0100000000	0.0001000000	100	100	0	0.951229
1841000	0.0000000000	0.0100000000	0.0001000000	100	100	0	0.951229
1842000	0.0000000000	0.0100000000	0.0001000000	100	100	0	0.951135
1843000	0.0000000000	0.0100000000	0.0001000000	100	100	0	0.951229
1844000	0.0000000000	0.0100000000	0.0001000000	100	100	0	0.951229
1845000	0.0000000000	0.0100000000	0.0001000000	100	100	0	0.951229
1846000	0.0000000000	0.0100000000	0.0001000000	100	100	0	0.951229
1847000	0.0000000000	0.0100000000	0.0001000000	100	100	0	0.951229
1848000	0.0000000000	0.0100000000	0.0001000000	100	100	0	0.951229
1849000	0.0000000000	0.0100000000	0.0001000000	100	100	0	0.951229
1850000	0.0000000000	0.0100000000	0.0001000000	100	100	0	0.960789
1851000	0.0000000000	0.0100000000	0.0001000000	100	100	0	0.960789
1852000	0.0000000000	0.0100000000	0.0001000000	100	100	0	0.960789
1853000	0.0000000000	0.0100000000	0.0001000000	100	100	0	0.960789
1854000	0.0000000000	0.0100000000	0.0001000000	100	100	0	0.960789
1855000	0.0000000000	0.0100000000	0.0001000000	100	100	0	0.960598
1856000	0.0000000000	0.0100000000	0.0001000000	100	100	0	0.960311
1857000	0.0000000000	0.0100000000	0.0001000000	100	100	0	0.960789
1858000	0.0000000000	0.0100000000	0.0001000000	100	100	0	0.960789
1859000	0.0000000000	0.0100000000	0.0001000000	100	100	0	0.960789
1860000	0.0000000000	0.0100000000	0.0001000000	100	100	0	0.960789
1861000	0.0000000000	0.0100000000	0.0001000000	100	100	0	0.960789
1862000	0.0000000000	0.0100000000	0.0001000000	100	100	0	0.960789
1863000	0.0000000000	0.0100000000	0.0001000000	100	100	0	0.951229
1864000	0.0000000000	0.0100000000	0.0001000000	100	100	0	0.951229
1865000	0.0000000000	0.0100000000	0.0001000000	100	100	0	0.951229
1866000	0.0000000000	0.0100000000	0.0001000000	100	100	0	0.951229
1867000	0.0000000000	0.0100000000	0.0001000000	100	100	0	0.960789
1868000	0.0000000000	0.0100000000	0.0001000000	100	100	0	0.960789
1869000	0.0000000000	0.0100000000	0.0001000000	100	100	0	0.960789
1870000	0.0000000000	0.0100000000	0.0001000000	100	100	0	0.960789
1871000	0.0000000000	0.0100000000	0.0001000000	100	100	0	0.960789
1872000	0.0000000000	0.0100000000	0.0001000000	100	100	0	0.960789
1873000	0.0000000000	0.0100000000	0.0001000000	100	100	0	0.960789
1874000	0.0000000000	0.0100000000	0.0001000000	100	100	0	0.960789
1875000	0.0000000000	0.0100000000	0.0001000000	100	100	0	0.960789
1876000	0.0000000000	0.0100000000	0.0001000000	100	100	0	0.960789
1877000	0.0000000000	0.0100000000	0.0001000000	100	100	0	0.960789
1878000	0.0000000000	0.0100000000	0.0001000000	100	100	0	0.960789
1879000	0.0000000000	0.0100000000	0.0001000000	100	100	0	0.960598
1880000	0.0000000000	0.0100000000	0.0001000000	100	100	0	0.960789
1881000	0.0000000000	0.0100000000	0.0001000000	100	100	0	0.960789
1882000	0.0000000000	0.0100000000	0.0001000000	100	100	0	0.960789
1883000	0.0000000000	0.0100000000	0.0001000000	100	100	0	0.960789
1884000	0.0000000000	0.0100000000	0.0001000000	100	100	0	0.960789
1885000	0.0000000000	0.0100000000	0.0001000000	100	100	0	0.960789
1886000	0.0000000000	0.0100000000	0.0001000000	100	100	0	0.960789
1887000	0.0000000000	0.0100000000	0.0001000000	100	100	0	0.960789
1888000	0.0000000000	0.0100000000	0.0001000000	100	100	0	0.960789
1889000	0.0000000000	0.0100000000	0.0001000000	100	100	0	0.960789
1890000	0.0000000000	0.0100000000	0.0001000000	100	100	0	0.960789
1891000	0.0000000000	0.0100000000	0.0001000000	100	100	0	0.960789
1892000	0.0000000000	0.0100000000	0.0001000000	100	100	0	0.960789
1893000	0.0000000000	0.0100000000	0.0001000000	100	100	0	0.951229
1894000	0.0000000000	0.0100000000	0.0001000000	100	100	0	0.951229
1895000	0.0000000000	0.0100000000	0.0001000000	100	100	0	0.951229
1896000	0.0000000000	0.0100000000	0.0001000000	100	100	0	0.951229
1897000	0.0000000000	0.0100000000	0.0001000000	100	100	0	0.951229
1898000	0.0000000000	0.0100000000	0.0001000000	100	100	0	0.951229
1899000	0.0000000000	0.0100000000	0.0001000000	100	100	0	0.951229
1900000	0.0000000000	0.0100000000	0.0001000000	100	100	0	0.951229
1901000	0.0000000000	0.0100000000	0.0001000000	100	100	0	0.941765
1902000	0.0000000000	0.0100000000	0.0001000000	100	100	0	0.941765
1903000	0.0000000000	0.0100000000	0.0001000000	100	100	0	0.941765
1904000	0.0000000000	0.0100000000	0.0001000000	100	100	0	0.941765
1905000	0.0000000000	0.0100000000	0.0001000000	100	100	0	0.941765
1906000	0.0000000000	0.0100000000	0.0001000000	100	100	0	0.941765
1907000	0.0000000000	0.0100000000	0.0001000000	100	100	0	0.941765
1908000	0.0000000000	0.0100000000	0.0001000000	100	100	0	0.941765
1909000	0.0000000000	0.0100000000	0.0001000000	100	100	0	0.940078
1910000	0.0000000000	0.0100000000	0.0001000000	100	100	0	0.941765
1911000	0.0000000000	0.0100000000	0.0001000000	100	100	0	0.941577
1912000	0.0000000000	0.0100000000	0.0001000000	100	100	0	0.941765
1913000	0.0000000000	0.0100000000	0.0001000000	100	100	0	0.941577
1914000	0.0000000000	0.0100000000	0.0001000000	100	100	0	0.941765
1915000	0.0000000000	0.0100000000	0.0001000000	100	100	0	0.942616
1916000	0.0000000000	0.0100000000	0.0001000000	100	100	0	0.941765
1917000	0.0000000000	0.0100000000	0.0001000000	100	100	0	0.941671
1918000	0.0000000000	0.0100000000	0.0001000000	100	100	0	0.941765
1919000	0.0000000000	0.0100000000	0.0001000000	100	100	0	0.941765
1920000	0.0000000000	0.0100000000	0.0001000000	100	100	0	0.941765
1921000	0.0000000000	0.0100000000	0.0001000000	100	100	0	0.941765
1922000	0.0000000000	0.0100000000	0.0001000000	100	100	0	0.941765
1923000	0.0000000000	0.0100000000	0.0001000000	100	100	0	0.941765
1924000	0.0000000000	0.0100000000	0.0001000000	100	100	0	0.941765
1925000	0.0000000000	0.0100000000	0.0001000000	100	100	0	0.941765
1926000	0.0000000000	0.0100000000	0.0001000000	100	100	0	0.941765
1927000	0.0000000000	0.0100000000	0.0001000000	100	100	0	0.941765
1928000	0.0000000000	0.0100000000	0.0001000000	100	100	0	0.940921
1929000	0.0000000000	0.0100000000	0.0001000000	100	100	0	0.941765
1930000	0.0000000000	0.0100000000	0.0001000000	100	100	0	0.941765
1931000	0.0000000000	0.0100000000	0.0001000000	100	100	0	0.941765
1932000	0.0000000000	0.0100000000	0.0001000000	100	100	0	0.941765
1933000	0.0000000000	0.0100000000	0.0001000000	100	100	0	0.941765
1934000	0.0000000000	0.0100000000	0.0001000000	100	100	0	0.941765
1935000	0.0000000000	0.0100000000	0.0001000000	100	100	0	0.941577
1936000	0.0000000000	0.0100000000	0.0001000000	100	100	0	0.941202
1937000	0.0000000000	0.0100000000	0.0001000000	100	100	0	0.941765
1938000	0.0000000000	0.0100000000	0.0001000000	100	100	0	0.941765
1939000	0.0000000000	0.0100000000	0.0001000000	100	100	0	0.941765
1940000	0.0000000000	0.0100000000	0.0001000000	100	100	0	0.941765
1941000	0.0000000000	0.0100000000	0.0001000000	100	100	0	0.941765
1942000	0.0000000000	0.0100000000	0.0001000000	100	100	0	0.941765
1943000	0.0000000000	0.0100000000	0.0001000000	100	100	0	0.941765
1944000	0.0000000000	0.0100000000	0.0001000000	100	100	0	0.941765
1945000	0.0000000000	0.0100000000	0.0001000000	100	100	0	0.941765
1946000	0.0000000000	0.0100000000	0.0001000000	100	100	0	0.941015
1947000	0.0000000000	0.0100000000	0.0001000000	100	100	0	0.941765
1948000	0.0000000000	0.0100000000	0.0001000000	100	100	0	0.941765
1949000	0.0000000000	0.0100000000	0.0001000000	100	100	0	0.941765
1950000	0.0000000000	0.0100000000	0.0001000000	100	100	0	0.941765
1951000	0.0000000000	0.0100000000	0.0001000000	100	100	0	0.941765
1952000	0.0000000000	0.0100000000	0.0001000000	100	100	0	0.941765
1953000	0.0000000000	0.0100000000	0.0001000000	100	100	0	0.941765
1954000	0.0000000000	0.0100000000	0.0001000000	100	100	0	0.942048
1955000	0.0000000000	0.0100000000	0.0001000000	100	100	0	0.941765
1956000	0.0000000000	0.0100000000	0.0001000000	100	100	0	0.941765
1957000	0.0000000000	0.0100000000	0.0001000000	100	100	0	0.941765
1958000	0.0000000000	0.0100000000	0.0001000000	100	100	0	0.941765
1959000	0.0000000000	0.0100000000	0.0001000000	100	100	0	0.941765
1960000	0.0000000000	0.0100000000	0.0001000000	100	100	0	0.941015
1961000	0.0000000000	0.0100000000	0.0001000000	100	100	0	0.941765
1962000	0.0000000000	0.0100000000	0.0001000000	100	100	0	0.941765
1963000	0.0000000000	0.0100000000	0.0001000000	100	100	0	0.941765
1964000	0.0000000000	0.0100000000	0.0001000000	100	100	0	0.941765
1965000	0.0000000000	0.0100000000	0.0001000000	100	100	0	0.941765
1966000	0.0000000000	0.0100000000	0.0001000000	100	100	0	0.941765
1967000	0.0000000000	0.0100000000	0.0001000000	100	100	0	0.941765
1968000	0.0000000000	0.0100000000	0.0001000000	100	100	0	0.941765
1969000	0.0000000000	0.0100000000	0.0001000000	100	100	0	0.941765
1970000	0.0000000000	0.0100000000	0.0001000000	100	100	0	0.941765
1971000	0.0000000000	0.0100000000	0.0001000000	100	100	0	0.941765
1972000	0.0000000000	0.0100000000	0.0001000000	100	100	0	0.941765
1973000	0.0000000000	0.0100000000	0.0001000000	100	100	0	0.941765
1974000	0.0000000000	0.0100000000	0.0001000000	100	100	0	0.941765
1975000	0.0000000000	0.0100000000	0.0001000000	100	100	0	0.939516
1976000	0.0000000000	0.0100000000	0.0001000000	100	100	0	0.941765
1977000	0.0000000000	0.0100000000	0.0001000000	100	100	0	0.941765
1978000	0.0000000000	0.0100000000	0.0001000000	100	100	0	0.941765
1979000	0.0000000000	0.0100000000	0.0001000000	100	100	0	0.941765
1980000	0.0000000000	0.0100000000	0.0001000000	100	100	0	0.941765
1981000	0.0000000000	0.0100000000	0.0001000000	100	100	0	0.941765
1982000	0.0000000000	0.0100000000	0.0001000000	100	100	0	0.941765
1983000	0.0000000000	0.0100000000	0.0001000000	100	100	0	0.941765
1984000	0.0000000000	0.0100000000	0.0001000000	100	100	0	0.941765
1985000	0.0000000000	0.0100000000	0.0001000000	100	100	0	0.941765
1986000	0.0000000000	0.0100000000	0.0001000000	100	100	0	0.941765
1987000	0.0000000000	0.0100000000	0.0001000000	100	100	0	0.941765
1988000	0.0000000000	0.0100000000	0.0001000000	100	100	0	0.941765
1989000	0.0000000000	0.0100000000	0.0001000000	100	100	0	0.941765
1990000	0.0000000000	0.0100000000	0.0001000000	100	100	0	0.941765
1991000	0.0000000000	0.0100000000	0.0001000000	100	100	0	0.941765
1992000	0.0000000000	0.0100000000	0.0001000000	100	100	0	0.941765
1993000	0.0000000000	0.0100000000	0.0001000000	100	100	0	0.941765
1994000	0.0000000000	0.0100000000	0.0001000000	100	100	0	0.939609
1995000	0.0000000000	0.0100000000	0.0001000000	100	100	0	0.941765
1996000	0.0000000000	0.0100000000	0.0001000000	100	100	0	0.941765
1997000	0.0000000000	0.0100000000	0.0001000000	100	100	0	0.941765
1998000	0.0000000000	0.0100000000	0.0001000000	100	100	0	0.941765
1999000	0.0000000000	0.0100000000	0.0001000000	100	100	0	0.941765
2000000	0.0000000000	0.0100000000	0.0001000000	100	100	0	0.941765
2001000	0.0000000000	0.0100000000	0.0001000000	100	100	0	0.941765
2002000	0.0000000000	0.0100000000	0.0001000000	100	100	0	0.941765
2003000	0.0000000000	0.0100000000	0.0001000000	100	100	0	0.941765
2004000	0.0000000000	0.0100000000	0.0001000000	100	100	0	0.941765
2005000	0.0000000000	0.0100000000	0.0001000000	100	100	0	0.932394
2006000	0.0000000000	0.0100000000	0.0001000000	100	100	0	0.932394
2007000	0.0000000000	0.0100000000	0.0001000000	100	100	0	0.932394
2008000	0.0000000000	0.0100000000	0.0001000000	100	100	0	0.932394
2009000	0.0000000000	0.0100000000	0.0001000000	100	100	0	0.932394
2010000	0.0000000000	0.0100000000	0.0001000000	100	100	0	0.932394
2011000	0.0000000000	0.0100000000	0.0001000000	100	100	0	0.932394
2012000	0.0000000000	0.0100000000	0.0001000000	100	100	0	0.932394
2013000	0.0000000000	0.0100000000	0.0001000000	100	100	0	0.932394
2014000	0.0000000000	0.0100000000	0.0001000000	100	100	0	0.932394
2015000	0.0000000000	0.0100000000	0.0001000000	100	100	0	0.932394
2016000	0.0000000000	0.0100000000	0.0001000000	100	100	0	0.932394
2017000	0.0000000000	0.0100000000	0.0001000000	100	100	0	0.932394
2018000	0.0000000000	0.0100000000	0.0001000000	100	100	0	0.932394
2019000	0.0000000000	0.0100000000	0.0001000000	100	100	0	0.932394
2020000	0.0000000000	0.0100000000	0.0001000000	100	100	0	0.932394
2021000	0.0000000000	0.0100000000	0.0001000000	100	100	0	0.932394
2022000	0.0000000000	0.0100000000	0.0001000000	100	100	0	0.932394
2023000	0.0000000000	0.0100000000	0.0001000000	100	100	0	0.932394
2024000	0.0000000000	0.0100000000	0.0001000000	100	100	0	0.932394
2025000	0.0000000000	0.0100000000	0.0001000000	100	100	0	0.932394
2026000	0.0000000000	0.0100000000	0.0001000000	100	100	0	0.932394
2027000	0.0000000000	0.0100000000	0.0001000000	100	100	0	0.941765
2028000	0.0000000000	0.0100000000	0.0001000000	100	100	0	0.941765
2029000	0.0000000000	0.0100000000	0.0001000000	100	100	0	0.941765
2030000	0.0000000000	0.0100000000	0.0001000000	100	100	0	0.941765
2031000	0.0000000000	0.0100000000	0.0001000000	100	100	0	0.941765
2032000	0.0000000000	0.0100000000	0.0001000000	100	100	0	0.941765
2033000	0.0000000000	0.0100000000	0.0001000000	100	100	0	0.941765
2034000	0.0000000000	0.0100000000	0.0001000000	100	100	0	0.941765
2035000	0.0000000000	0.0100000000	0.0001000000	100	100	0	0.941109
2036000	0.0000000000	0.0100000000	0.0001000000	100	100	0	0.941765
2037000	0.0000000000	0.0100000000	0.0001000000	100	100	0	0.941765
2038000	0.0000000000	0.0100000000	0.0001000000	100	100	0	0.941765
2039000	0.0000000000	0.0100000000	0.0001000000	100	100	0	0.941765
2040000	0.0000000000	0.0100000000	0.0001000000	100	100	0	0.941765
2041000	0.0000000000	0.0100000000	0.0001000000	100	100	0	0.941765
2042000	0.0000000000	0.0100000000	0.0001000000	100	100	0	0.932394
2043000	0.0000000000	0.0100000000	0.0001000000	100	100	0	0.932394
2044000	0.0000000000	0.0100000000	0.0001000000	100	100	0	0.932394
2045000	0.0000000000	0.0100000000	0.0001000000	100	100	0	0.932394
2046000	0.0000000000	0.0100000000	0.0001000000	100	100	0	0.932394
2047000	0.0000000000	0.0100000000	0.0001000000	100	100	0	0.932394
2048000	0.0000000000	0.0100000000	0.0001000000	100	100	0	0.932394
2049000	0.0000000000	0.0100000000	0.0001000000	100	100	0	0.932394
2050000	0.0000000000	0.0100000000	0.0001000000	100	100	0	0.932394
2051000	0.0000000000	0.0100000000	0.0001000000	100	100	0	0.932394
2052000	0.0000000000	0.0100000000	0.0001000000	100	100	0	0.932394
2053000	0.0000000000	0.0100000000	0.0001000000	100	100	0	0.932394
2054000	0.0000000000	0.0100000000	0.0001000000	100	100	0	0.932394
2055000	0.0000000000	0.0100000000	0.0001000000	100	100	0	0.932394
2056000	0.0000000000	0.0100000000	0.0001000000	100	100	0	0.932394
2057000	0.0000000000	0.0100000000	0.0001000000	100	100	0	0.932394
2058000	0.0000000000	0.0100000000	0.0001000000	100	100	0	0.932394
2059000	0.0000000000	0.0100000000	0.0001000000	100	100	0	0.932394
2060000	0.0000000000	0.0100000000	0.0001000000	100	100	0	0.932394
2061000	0.0000000000	0.0100000000	0.0001000000	100	100	0	0.932394
2062000	0.0000000000	0.0100000000	0.0001000000	100	100	0	0.932394
2063000	0.0000000000	0.0100000000	0.0001000000	100	100	0	0.932394
2064000	0.0000000000	0.0100000000	0.0001000000	100	100	0	0.932394
2065000	0.0000000000	0.0100000000	0.0001000000	100	100	0	0.932394
2066000	0.0000000000	0.0100000000	0.0001000000	100	100	0	0.932394
2067000	0.0000000000	0.0100000000	0.0001000000	100	100	0	0.932394
2068000	0.0000000000	0.0100000000	0.0001000000	100	100	0	0.932394
2069000	0.0000000000	0.0100000000	0.0001000000	100	100	0	0.932394
2070000	0.0000000000	0.0100000000	0.0001000000	100	100	0	0.932394
2071000	0.0000000000	0.0100000000	0.0001000000	100	100	0	0.932394
2072000	0.0000000000	0.0100000000	0.0001000000	100	100	0	0.932394
2073000	0.0000000000	0.0100000000	0.0001000000	100	100	0	0.941765
2074000	0.0000000000	0.0100000000	0.0001000000	100	100	0	0.941765
2075000	0.0000000000	0.0100000000	0.0001000000	100	100	0	0.941765
2076000	0.0000000000	0.0100000000	0.0001000000	100	100	0	0.941765
2077000	0.0000000000	0.0100000000	0.0001000000	100	100	0	0.941765
2078000	0.0000000000	0.0100000000	0.0001000000	100	100	0	0.941765
2079000	0.0000000000	0.0100000000	0.0001000000	100	100	0	0.941765
2080000	0.0000000000	0.0100000000	0.0001000000	100	100	0	0.941765
2081000	0.0000000000	0.0100000000	0.0001000000	100	100	0	0.941765
2082000	0.0000000000	0.0100000000	0.0001000000	100	100	0	0.941765
2083000	0.0000000000	0.0100000000	0.0001000000	100	100	0	0.941765
2084000	0.0000000000	0.0100000000	0.0001000000	100	100	0	0.941765
2085000	0.0000000000	0.0100000000	0.0001000000	100	100	0	0.941765
2086000	0.0000000000	0.0100000000	0.0001000000	100	100	0	0.941765
2087000	0.0000000000	0.0100000000	0.0001000000	100	100	0	0.941765
2088000	0.0000000000	0.0100000000	0.0001000000	100	100	0	0.941765
2089000	0.0000000000	0.0100000000	0.0001000000	100	100	0	0.941765
2090000	0.0000000000	0.0100000000	0.0001000000	100	100	0	0.941765
2091000	0.0000000000	0.0100000000	0.0001000000	100	100	0	0.941765
2092000	0.0000000000	0.0100000000	0.0001000000	100	100	0	0.941765
2093000	0.0000000000	0.0100000000	0.0001000000	100	100	0	0.941765
2094000	0.0000000000	0.0100000000	0.0001000000	100	100	0	0.941765
2095000	0.0000000000	0.0100000000	0.0001000000	100	100	0	0.941765
2096000	0.0000000000	0.0100000000	0.0001000000	100	100	0	0.941765
2097000	0.0000000000	0.0100000000	0.0001000000	100	100	0	0.941765
2098000	0.0000000000	0.0100000000	0.0001000000	100	100	0	0.941765
2099000	0.0000000000	0.0100000000	0.0001000000	100	100	0	0.941765
2100000	0.0000000000	0.0100000000	0.0001000000	100	100	0	0.941765
2101000	0.0000000000	0.0100000000	0.0001000000	100	100	0	0.941765
2102000	0.0000000000	0.0100000000	0.0001000000	100	100	0	0.941765
2103000	0.0000000000	0.0100000000	0.0001000000	100	100	0	0.941765
2104000	0.0000000000	0.0100000000	0.0001000000	100	100	0	0.941765
2105000	0.0000000000	0.0100000000	0.0001000000	100	100	0	0.941765
2106000	0.0000000000	0.0100000000	0.0001000000	100	100	0	0.941765
2107000	0.0000000000	0.0100000000	0.0001000000	100	100	0	0.941765
2108000	0.0000000000	0.0100000000	0.0001000000	100	100	0	0.941765
2109000	0.0000000000	0.0100000000	0.0001000000	100	100	0	0.941765
2110000	0.0000000000	0.0100000000	0.0001000000	100	100	0	0.941765
2111000	0.0000000000	0.0100000000	0.0001000000	100	100	0	0.941202
2112000	0.0000000000	0.0100000000	0.0001000000	100	100	0	0.941765
2113000	0.0000000000	0.0100000000	0.0001000000	100	100	0	0.941765
2114000	0.0000000000	0.0100000000	0.0001000000	100	100	0	0.941765
2115000	0.0000000000	0.0100000000	0.0001000000	100	100	0	0.941765
2116000	0.0000000000	0.0100000000	0.0001000000	100	100	0	0.941765
2117000	0.0000000000	0.0100000000	0.0001000000	100	100	0	0.941765
2118000	0.0000000000	0.0100000000	0.0001000000	100	100	0	0.941765
2119000	0.0000000000	0.0100000000	0.0001000000	100	100	0	0.941765
2120000	0.0000000000	0.0100000000	0.0001000000	100	100	0	0.941765
2121000	0.0000000000	0.0100000000	0.0001000000	100	100	0	0.936611
2122000	0.0000000000	0.0100000000	0.0001000000	100	100	0	0.941765
2123000	0.0000000000	0.0100000000	0.0001000000	100	100	0	0.941765
2124000	0.0000000000	0.0100000000	0.0001000000	100	100	0	0.941765
2125000	0.0000000000	0.0100000000	0.0001000000	100	100	0	0.941765
2126000	0.0000000000	0.0100000000	0.0001000000	100	100	0	0.941765
2127000	0.0000000000	0.0100000000	0.0001000000	100	100	0	0.941765
2128000	0.0000000000	0.0100000000	0.0001000000	100	100	0	0.941765
2129000	0.0000000000	0.0100000000	0.0001000000	100	100	0	0.941765
2130000	0.0000000000	0.0100000000	0.0001000000	100	100	0	0.941765
2131000	0.0000000000	0.0100000000	0.0001000000	100	100	0	0.941765
2132000	0.0000000000	0.0100000000	0.0001000000	100	100	0	0.941765
2133000	0.0000000000	0.0100000000	0.0001000000	100	100	0	0.941765
2134000	0.0000000000	0.0100000000	0.0001000000	100	100	0	0.941765
2135000	0.0000000000	0.0100000000	0.0001000000	100	100	0	0.941765
2136000	0.0000000000	0.0100000000	0.0001000000	100	100	0	0.941765
2137000	0.0000000000	0.0100000000	0.0001000000	100	100	0	0.941765
2138000	0.0000000000	0.0100000000	0.0001000000	100	100	0	0.941765
2139000	0.0000000000	0.0100000000	0.0001000000	100	100	0	0.941765
2140000	0.0000000000	0.0100000000	0.0001000000	100	100	0	0.941483
2141000	0.0000000000	0.0100000000	0.0001000000	100	100	0	0.941765
2142000	0.0000000000	0.0100000000	0.0001000000	100	100	0	0.941765
2143000	0.0000000000	0.0100000000	0.0001000000	100	100	0	0.941765
2144000	0.0000000000	0.0100000000	0.0001000000	100	100	0	0.941765
2145000	0.0000000000	0.0100000000	0.0001000000	100	100	0	0.941765
2146000	0.0000000000	0.0100000000	0.0001000000	100	100	0	0.941765
2147000	0.0000000000	0.0100000000	0.0001000000	100	100	0	0.941765
2148000	0.0000000000	0.0100000000	0.0001000000	100	100	0	0.941765
2149000	0.0000000000	0.0100000000	0.0001000000	100	100	0	0.941765
2150000	0.0000000000	0.0100000000	0.0001000000	100	100	0	0.941765
2151000	0.0000000000	0.0100000000	0.0001000000	100	100	0	0.941765
2152000	0.0000000000	0.0100000000	0.0001000000	100	100	0	0.941765
2153000	0.0000000000	0.0100000000	0.0001000000	100	100	0	0.941765
2154000	0.0000000000	0.0100000000	0.0001000000	100	100	0	0.941765
2155000	0.0000000000	0.0100000000	0.0001000000	100	100	0	0.941765
2156000	0.0000000000	0.0100000000	0.0001000000	100	100	0	0.941765
2157000	0.0000000000	0.0100000000	0.0001000000	100	100	0	0.941765
2158000	0.0000000000	0.0100000000	0.0001000000	100	100	0	0.941765
2159000	0.0000000000	0.0100000000	0.0001000000	100	100	0	0.941765
2160000	0.0000000000	0.0100000000	0.0001000000	100	100	0	0.941765
2161000	0.0000000000	0.0100000000	0.0001000000	100	100	0	0.941765
2162000	0.0000000000	0.0100000000	0.0001000000	100	100	0	0.941765
2163000	0.0000000000	0.0100000000	0.0001000000	100	100	0	0.941765
2164000	0.0000000000	0.0100000000	0.0001000000	100	100	0	0.941765
2165000	0.0000000000	0.0100000000	0.0001000000	100	100	0	0.941765
2166000	0.0000000000	0.0100000000	0.0001000000	100	100	0	0.941765
2167000	0.0000000000	0.0100000000	0.0001000000	100	100	0	0.941765
2168000	0.0000000000	0.0100000000	0.0001000000	100	100	0	0.941765
2169000	0.0000000000	0.0100000000	0.0001000000	100	100	0	0.941765
2170000	0.0000000000	0.0100000000	0.0001000000	100	100	0	0.941765
2171000	0.0000000000	0.0100000000	0.0001000000	100	100	0	0.941765
2172000	0.0000000000	0.0100000000	0.0001000000	100	100	0	0.941765
2173000	0.0000000000	0.0100000000	0.0001000000	100	100	0	0.941765
2174000	0.0000000000	0.0100000000	0.0001000000	100	100	0	0.941765
2175000	0.0000000000	0.0100000000	0.0001000000	100	100	0	0.941765
2176000	0.0000000000	0.0100000000	0.0001000000	100	100	0	0.941765
2177000	0.0000000000	0.0100000000	0.0001000000	100	100	0	0.941765
2178000	0.0000000000	0.0100000000	0.0001000000	100	100	0	0.941671
2179000	0.0000000000	0.0100000000	0.0001000000	100	100	0	0.941765
2180000	0.0000000000	0.0100000000	0.0001000000	100	100	0	0.941765
2181000	0.0000000000	0.0100000000	0.0001000000	100	100	0	0.941765
2182000	0.0000000000	0.0100000000	0.0001000000	100	100	0	0.941765
2183000	0.0000000000	0.0100000000	0.0001000000	100	100	0	0.941765
2184000	0.0000000000	0.0100000000	0.0001000000	100	100	0	0.941765
2185000	0.0000000000	0.0100000000	0.0001000000	100	100	0	0.941765
2186000	0.0000000000	0.0100000000	0.0001000000	100	100	0	0.941765
2187000	0.0000000000	0.0100000000	0.0001000000	100	100	0	0.941765
2188000	0.0000000000	0.0100000000	0.0001000000	100	100	0	0.941765
2189000	0.0000000000	0.0100000000	0.0001000000	100	100	0	0.941765
2190000	0.0000000000	0.0100000000	0.0001000000	100	100	0	0.941765
2191000	0.0000000000	0.0100000000	0.0001000000	100	100	0	0.941765
2192000	0.0000000000	0.0100000000	0.0001000000	100	100	0	0.941765
2193000	0.0000000000	0.0100000000	0.0001000000	100	100	0	0.941765
2194000	0.0000000000	0.0100000000	0.0001000000	100	100	0	0.951229
2195000	0.0000000000	0.0100000000	0.0001000000	100	100	0	0.951229
2196000	0.0000000000	0.0100000000	0.0001000000	100	100	0	0.951229
2197000	0.0000000000	0.0100000000	0.0001000000	100	100	0	0.951229
2198000	0.0000000000	0.0100000000	0.0001000000	100	100	0	0.951229
2199000	0.0000000000	0.0100000000	0.0001000000	100	100	0	0.951229
2200000	0.0000000000	0.0100000000	0.0001000000	100	100	0	0.951229
2201000	0.0000000000	0.0100000000	0.0001000000	100	100	0	0.951229
2202000	0.0000000000	0.0100000000	0.0001000000	100	100	0	0.951229
2203000	0.0000000000	0.0100000000	0.0001000000	100	100	0	0.951229
2204000	0.0000000000	0.0100000000	0.0001000000	100	100	0	0.951229
2205000	0.0000000000	0.0100000000	0.0001000000	100	100	0	0.951229
2206000	0.0000000000	0.0100000000	0.0001000000	100	100	0	0.951229
2207000	0.0000000000	0.0100000000	0.0001000000	100	100	0	0.951229
2208000	0.0000000000	0.0100000000	0.0001000000	100	100	0	0.951229
2209000	0.0000000000	0.0100000000	0.0001000000	100	100	0	0.951229
2210000	0.0000000000	0.0100000000	0.0001000000	100	100	0	0.951229
2211000	0.0000000000	0.0100000000	0.0001000000	100	100	0	0.951229
2212000	0.0000000000	0.0100000000	0.0001000000	100	100	0	0.951229
2213000	0.0000000000	0.0100000000	0.0001000000	100	100	0	0.951229
2214000	0.0000000000	0.0100000000	0.0001000000	100	100	0	0.951229
2215000	0.0000000000	0.0100000000	0.0001000000	100	100	0	0.951229
2216000	0.0000000000	0.0100000000	0.0001000000	100	100	0	0.951229
2217000	0.0000000000	0.0100000000	0.0001000000	100	100	0	0.951229
2218000	0.0000000000	0.0100000000	0.0001000000	100	100	0	0.951229
2219000	0.0000000000	0.0100000000	0.0001000000	100	100	0	0.951229
2220000	0.0000000000	0.0100000000	0.0001000000	100	100	0	0.951229
2221000	0.0000000000	0.0100000000	0.0001000000	100	100	0	0.951229
2222000	0.0000000000	0.0100000000	0.0001000000	100	100	0	0.951229
2223000	0.0000000000	0.0100000000	0.0001000000	100	100	0	0.941765
2224000	0.0000000000	0.0100000000	0.0001000000	100	100	0	0.941765
2225000	0.0000000000	0.0100000000	0.0001000000	100	100	0	0.941765
2226000	0.0000000000	0.0100000000	0.0001000000	100	100	0	0.941765
2227000	0.0000000000	0.0100000000	0.0001000000	100	100	0	0.941765
2228000	0.0000000000	0.0100000000	0.0001000000	100	100	0	0.941765
2229000	0.0000000000	0.0100000000	0.0001000000	100	100	0	0.941765
2230000	0.0000000000	0.0100000000	0.0001000000	100	100	0	0.941765
2231000	0.0000000000	0.0100000000	0.0001000000	100	100	0	0.941765
2232000	0.0000000000	0.0100000000	0.0001000000	100	100	0	0.941765
2233000	0.0000000000	0.0100000000	0.0001000000	100	100	0	0.941765
2234000	0.0000000000	0.0100000000	0.0001000000	100	100	0	0.941765
2235000	0.0000000000	0.0100000000	0.0001000000	100	100	0	0.941765
2236000	0.0000000000	0.0100000000	0.0001000000	100	100	0	0.941765
2237000	0.0000000000	0.0100000000	0.0001000000	100	100	0	0.941765
2238000	0.0000000000	0.0100000000	0.0001000000	100	100	0	0.940734
2239000	0.0000000000	0.0100000000	0.0001000000	100	100	0	0.941765
2240000	0.0000000000	0.0100000000	0.0001000000	100	100	0	0.941765
2241000	0.0000000000	0.0100000000	0.0001000000	100	100	0	0.941765
2242000	0.0000000000	0.0100000000	0.0001000000	100	100	0	0.941765
2243000	0.0000000000	0.0100000000	0.0001000000	100	100	0	0.941765
2244000	0.0000000000	0.0100000000	0.0001000000	100	100	0	0.941765
2245000	0.0000000000	0.0100000000	0.0001000000	100	100	0	0.951229
2246000	0.0000000000	0.0100000000	0.0001000000	100	100	0	0.951229
2247000	0.0000000000	0.0100000000	0.0001000000	100	100	0	0.951229
2248000	0.0000000000	0.0100000000	0.0001000000	100	100	0	0.951229
2249000	0.0000000000	0.0100000000	0.0001000000	100	100	0	0.951229
2250000	0.0000000000	0.0100000000	0.0001000000	100	100	0	0.951229
2251000	0.0000000000	0.0100000000	0.0001000000	100	100	0	0.951229
2252000	0.0000000000	0.0100000000	0.0001000000	100	100	0	0.951229
2253000	0.0000000000	0.0100000000	0.0001000000	100	100	0	0.951229
2254000	0.0000000000	0.0100000000	0.0001000000	100	100	0	0.951229
2255000	0.0000000000	0.0100000000	0.0001000000	100	100	0	0.951229
2256000	0.0000000000	0.0100000000	0.0001000000	100	100	0	0.951229
2257000	0.0000000000	0.0100000000	0.0001000000	100	100	0	0.951229
2258000	0.0000000000	0.0100000000	0.0001000000	100	100	0	0.951229
2259000	0.0000000000	0.0100000000	0.0001000000	100	100	0	0.951229
2260000	0.0000000000	0.0100000000	0.0001000000	100	100	0	0.960789
2261000	0.0000000000	0.0100000000	0.0001000000	100	100	0	0.960789
2262000	0.0000000000	0.0100000000	0.0001000000	100	100	0	0.960789
2263000	0.0000000000	0.0100000000	0.0001000000	100	100	0	0.960789
2264000	0.0000000000	0.0100000000	0.0001000000	100	100	0	0.960789
2265000	0.0000000000	0.0100000000	0.0001000000	100	100	0	0.960789
2266000	0.0000000000	0.0100000000	0.0001000000	100	100	0	0.960789
2267000	0.0000000000	0.0100000000	0.0001000000	100	100	0	0.960789
2268000	0.0000000000	0.0100000000	0.0001000000	100	100	0	0.960789
2269000	0.0000000000	0.0100000000	0.0001000000	100	100	0	0.960789
2270000	0.0000000000	0.0100000000	0.0001000000	100	100	0	0.960789
2271000	0.0000000000	0.0100000000	0.0001000000	100	100	0	0.951229
2272000	0.0000000000	0.0100000000	0.0001000000	100	100	0	0.951229
2273000	0.0000000000	0.0100000000	0.0001000000	100	100	0	0.951229
2274000	0.0000000000	0.0100000000	0.0001000000	100	100	0	0.951229
2275000	0.0000000000	0.0100000000	0.0001000000	100	100	0	0.951229
2276000	0.0000000000	0.0100000000	0.0001000000	100	100	0	0.951229
2277000	0.0000000000	0.0100000000	0.0001000000	100	100	0	0.951229
2278000	0.0000000000	0.0100000000	0.0001000000	100	100	0	0.951229
2279000	0.0000000000	0.0100000000	0.0001000000	100	100	0	0.951229
2280000	0.0000000000	0.0100000000	0.0001000000	100	100	0	0.951229
2281000	0.0000000000	0.0100000000	0.0001000000	100	100	0	0.960789
2282000	0.0000000000	0.0100000000	0.0001000000	100	100	0	0.960789
2283000	0.0000000000	0.0100000000	0.0001000000	100	100	0	0.960789
2284000	0.0000000000	0.0100000000	0.0001000000	100	100	0	0.960694
2285000	0.0000000000	0.0100000000	0.0001000000	100	100	0	0.960789
2286000	0.0000000000	0.0100000000	0.0001000000	100	100	0	0.960789
2287000	0.0000000000	0.0100000000	0.0001000000	100	100	0	0.960789
2288000	0.0000000000	0.0100000000	0.0001000000	100	100	0	0.960789
2289000	0.0000000000	0.0100000000	0.0001000000	100	100	0	0.960789
2290000	0.0000000000	0.0100000000	0.0001000000	100	100	0	0.960789
2291000	0.0000000000	0.0100000000	0.0001000000	100	100	0	0.960789
2292000	0.0000000000	0.0100000000	0.0001000000	100	100	0	0.960789
2293000	0.0000000000	0.0100000000	0.0001000000	100	100	0	0.960789
2294000	0.0000000000	0.0100000000	0.0001000000	100	100	0	0.960789
2295000	0.0000000000	0.0100000000	0.0001000000	100	100	0	0.960789
2296000	0.0000000000	0.0100000000	0.0001000000	100	100	0	0.960789
2297000	0.0000000000	0.0100000000	0.0001000000	100	100	0	0.960789
2298000	0.0000000000	0.0100000000	0.0001000000	100	100	0	0.960789
2299000	0.0000000000	0.0100000000	0.0001000000	100	100	0	0.960789
2300000	0.0000000000	0.0100000000	0.0001000000	100	100	0	0.951229
2301000	0.0000000000	0.0100000000	0.0001000000	100	100	0	0.951229
2302000	0.0000000000	0.0100000000	0.0001000000	100	100	0	0.951229
2303000	0.0000000000	0.0100000000	0.0001000000	100	100	0	0.951229
2304000	0.0000000000	0.0100000000	0.0001000000	100	100	0	0.951325
2305000	0.0000000000	0.0100000000	0.0001000000	100	100	0	0.951229
2306000	0.0000000000	0.0100000000	0.0001000000	100	100	0	0.951229
2307000	0.0000000000	0.0100000000	0.0001000000	100	100	0	0.951229
2308000	0.0000000000	0.0100000000	0.0001000000	100	100	0	0.951229
2309000	0.0000000000	0.0100000000	0.0001000000	100	100	0	0.951229
2310000	0.0000000000	0.0100000000	0.0001000000	100	100	0	0.951229
2311000	0.0000000000	0.0100000000	0.0001000000	100	100	0	0.951229
2312000	0.0000000000	0.0100000000	0.0001000000	100	100	0	0.951229
2313000	0.0000000000	0.0100000000	0.0001000000	100	100	0	0.948106
2314000	0.0000000000	0.0100000000	0.0001000000	100	100	0	0.951229
2315000	0.0000000000	0.0100000000	0.0001000000	100	100	0	0.951229
2316000	0.0000000000	0.0100000000	0.0001000000	100	100	0	0.951229
2317000	0.0000000000	0.0100000000	0.0001000000	100	100	0	0.951135
2318000	0.0000000000	0.0100000000	0.0001000000	100	100	0	0.941765
2319000	0.0000000000	0.0100000000	0.0001000000	100	100	0	0.941765
2320000	0.0000000000	0.0100000000	0.0001000000	100	100	0	0.941765
2321000	0.0000000000	0.0100000000	0.0001000000	100	100	0	0.941765
2322000	0.0000000000	0.0100000000	0.0001000000	100	100	0	0.941765
2323000	0.0000000000	0.0100000000	0.0001000000	100	100	0	0.941765
2324000	0.0000000000	0.0100000000	0.0001000000	100	100	0	0.941765
2325000	0.0000000000	0.0100000000	0.0001000000	100	100	0	0.941765
2326000	0.0000000000	0.0100000000	0.0001000000	100	100	0	0.941765
2327000	0.0000000000	0.0100000000	0.0001000000	100	100	0	0.941765
2328000	0.0000000000	0.0100000000	0.0001000000	100	100	0	0.941765
2329000	0.0000000000	0.0100000000	0.0001000000	100	100	0	0.941765
2330000	0.0000000000	0.0100000000	0.0001000000	100	100	0	0.941765
2331000	0.0000000000	0.0100000000	0.0001000000	100	100	0	0.941765
2332000	0.0000000000	0.0100000000	0.0001000000	100	100	0	0.941765
2333000	0.0000000000	0.0100000000	0.0001000000	100	100	0	0.941765
2334000	0.0000000000	0.0100000000	0.0001000000	100	100	0	0.941765
2335000	0.0000000000	0.0100000000	0.0001000000	100	100	0	0.941765
2336000	0.0000000000	0.0100000000	0.0001000000	100	100	0	0.941765
2337000	0.0000000000	0.0100000000	0.0001000000	100	100	0	0.941765
2338000	0.0000000000	0.0100000000	0.0001000000	100	100	0	0.941765
2339000	0.0000000000	0.0100000000	0.0001000000	100	100	0	0.941765
2340000	0.0000000000	0.0100000000	0.0001000000	100	100	0	0.941765
2341000	0.0000000000	0.0100000000	0.0001000000	100	100	0	0.940265
2342000	0.0000000000	0.0100000000	0.0001000000	100	100	0	0.941765
2343000	0.0000000000	0.0100000000	0.0001000000	100	100	0	0.941765
2344000	0.0000000000	0.0100000000	0.0001000000	100	100	0	0.941765
2345000	0.0000000000	0.0100000000	0.0001000000	100	100	0	0.941765
2346000	0.0000000000	0.0100000000	0.0001000000	100	100	0	0.941765
2347000	0.0000000000	0.0100000000	0.0001000000	100	100	0	0.941765
2348000	0.0000000000	0.0100000000	0.0001000000	100	100	0	0.941765
2349000	0.0000000000	0.0100000000	0.0001000000	100	100	0	0.941765
2350000	0.0000000000	0.0100000000	0.0001000000	100	100	0	0.941765
2351000	0.0000000000	0.0100000000	0.0001000000	100	100	0	0.941765
2352000	0.0000000000	0.0100000000	0.0001000000	100	100	0	0.941765
2353000	0.0000000000	0.0100000000	0.0001000000	100	100	0	0.941765
2354000	0.0000000000	0.0100000000	0.0001000000	100	100	0	0.941765
2355000	0.0000000000	0.0100000000	0.0001000000	100	100	0	0.941765
2356000	0.0000000000	0.0100000000	0.0001000000	100	100	0	0.941765
2357000	0.0000000000	0.0100000000	0.0001000000	100	100	0	0.941765
2358000	0.0000000000	0.0100000000	0.0001000000	100	100	0	0.941765
2359000	0.0000000000	0.0100000000	0.0001000000	100	100	0	0.941765
2360000	0.0000000000	0.0100000000	0.0001000000	100	100	0	0.941765
2361000	0.0000000000	0.0100000000	0.0001000000	100	100	0	0.941765
2362000	0.0000000000	0.0100000000	0.0001000000	100	100	0	0.941765
2363000	0.0000000000	0.0100000000	0.0001000000	100	100	0	0.941296
2364000	0.0000000000	0.0100000000	0.0001000000	100	100	0	0.941765
2365000	0.0000000000	0.0100000000	0.0001000000	100	100	0	0.941765
2366000	0.0000000000	0.0100000000	0.0001000000	100	100	0	0.941765
2367000	0.0000000000	0.0100000000	0.0001000000	100	100	0	0.941765
2368000	0.0000000000	0.0100000000	0.0001000000	100	100	0	0.941765
2369000	0.0000000000	0.0100000000	0.0001000000	100	100	0	0.941765
2370000	0.0000000000	0.0100000000	0.0001000000	100	100	0	0.941765
2371000	0.0000000000	0.0100000000	0.0001000000	100	100	0	0.941765
2372000	0.0000000000	0.0100000000	0.0001000000	100	100	0	0.941765
2373000	0.0000000000	0.0100000000	0.0001000000	100	100	0	0.941765
2374000	0.0000000000	0.0100000000	0.0001000000	100	100	0	0.941577
2375000	0.0000000000	0.0100000000	0.0001000000	100	100	0	0.941765
2376000	0.0000000000	0.0100000000	0.0001000000	100	100	0	0.941765
2377000	0.0000000000	0.0100000000	0.0001000000	100	100	0	0.941765
2378000	0.0000000000	0.0100000000	0.0001000000	100	100	0	0.941765
2379000	0.0000000000	0.0100000000	0.0001000000	100	100	0	0.941765
2380000	0.0000000000	0.0100000000	0.0001000000	100	100	0	0.941765
2381000	0.0000000000	0.0100000000	0.0001000000	100	100	0	0.941765
2382000	0.0000000000	0.0100000000	0.0001000000	100	100	0	0.941765
2383000	0.0000000000	0.0100000000	0.0001000000	100	100	0	0.941765
2384000	0.0000000000	0.0100000000	0.0001000000	100	100	0	0.941765
2385000	0.0000000000	0.0100000000	0.0001000000	100	100	0	0.941765
2386000	0.0000000000	0.0100000000	0.0001000000	100	100	0	0.941765
2387000	0.0000000000	0.0100000000	0.0001000000	100	100	0	0.942238
2388000	0.0000000000	0.0100000000	0.0001000000	100	100	0	0.951229
2389000	0.0000000000	0.0100000000	0.0001000000	100	100	0	0.951229
2390000	0.0000000000	0.0100000000	0.0001000000	100	100	0	0.951229
2391000	0.0000000000	0.0100000000	0.0001000000	100	100	0	0.951229
2392000	0.0000000000	0.0100000000	0.0001000000	100	100	0	0.951229
2393000	0.0000000000	0.0100000000	0.0001000000	100	100	0	0.951229
2394000	0.0000000000	0.0100000000	0.0001000000	100	100	0	0.951229
2395000	0.0000000000	0.0100000000	0.0001000000	100	100	0	0.951229
2396000	0.0000000000	0.0100000000	0.0001000000	100	100	0	0.951229
2397000	0.0000000000	0.0100000000	0.0001000000	100	100	0	0.951229
2398000	0.0000000000	0.0100000000	0.0001000000	100	100	0	0.951229
2399000	0.0000000000	0.0100000000	0.0001000000	100	100	0	0.951229
2400000	0.0000000000	0.0100000000	0.0001000000	100	100	0	0.951229
2401000	0.0000000000	0.0100000000	0.0001000000	100	100	0	0.941765
2402000	0.0000000000	0.0100000000	0.0001000000	100	100	0	0.941765
2403000	0.0000000000	0.0100000000	0.0001000000	100	100	0	0.940827
2404000	0.0000000000	0.0100000000	0.0001000000	100	100	0	0.941765
2405000	0.0000000000	0.0100000000	0.0001000000	100	100	0	0.941765
2406000	0.0000000000	0.0100000000	0.0001000000	100	100	0	0.941765
2407000	0.0000000000	0.0100000000	0.0001000000	100	100	0	0.941765
2408000	0.0000000000	0.0100000000	0.0001000000	100	100	0	0.941765
2409000	0.0000000000	0.0100000000	0.0001000000	100	100	0	0.941765
2410000	0.0000000000	0.0100000000	0.0001000000	100	100	0	0.941765
2411000	0.0000000000	0.0100000000	0.0001000000	100	100	0	0.941390
2412000	0.0000000000	0.0100000000	0.0001000000	100	100	0	0.951135
2413000	0.0000000000	0.0100000000	0.0001000000	100	100	0	0.951229
2414000	0.0000000000	0.0100000000	0.0001000000	100	100	0	0.960789
2415000	0.0000000000	0.0100000000	0.0001000000	100	100	0	0.960789
2416000	0.0000000000	0.0100000000	0.0001000000	100	100	0	0.960789
2417000	0.0000000000	0.0100000000	0.0001000000	100	100	0	0.960789
2418000	0.0000000000	0.0100000000	0.0001000000	100	100	0	0.960789
2419000	0.0000000000	0.0100000000	0.0001000000	100	100	0	0.960789
2420000	0.0000000000	0.0100000000	0.0001000000	100	100	0	0.960789
2421000	0.0000000000	0.0100000000	0.0001000000	100	100	0	0.960789
2422000	0.0000000000	0.0100000000	0.0001000000	100	100	0	0.960789
2423000	0.0000000000	0.0100000000	0.0001000000	100	100	0	0.960789
2424000	0.0000000000	0.0100000000	0.0001000000	100	100	0	0.957061
2425000	0.0000000000	0.0100000000	0.0001000000	100	100	0	0.941765
2426000	0.0000000000	0.0100000000	0.0001000000	100	100	0	0.941765
2427000	0.0000000000	0.0100000000	0.0001000000	100	100	0	0.941765
2428000	0.0000000000	0.0100000000	0.0001000000	100	100	0	0.941765
2429000	0.0000000000	0.0100000000	0.0001000000	100	100	0	0.941765
2430000	0.0000000000	0.0100000000	0.0001000000	100	100	0	0.941765
2431000	0.0000000000	0.0100000000	0.0001000000	100	100	0	0.941765
2432000	0.0000000000	0.0100000000	0.0001000000	100	100	0	0.941765
2433000	0.0000000000	0.0100000000	0.0001000000	100	100	0	0.941765
2434000	0.0000000000	0.0100000000	0.0001000000	100	100	0	0.941765
2435000	0.0000000000	0.0100000000	0.0001000000	100	100	0	0.941765
2436000	0.0000000000	0.0100000000	0.0001000000	100	100	0	0.941202
2437000	0.0000000000	0.0100000000	0.0001000000	100	100	0	0.940453
2438000	0.0000000000	0.0100000000	0.0001000000	100	100	0	0.941765
2439000	0.0000000000	0.0100000000	0.0001000000	100	100	0	0.941765
2440000	0.0000000000	0.0100000000	0.0001000000	100	100	0	0.941765
2441000	0.0000000000	0.0100000000	0.0001000000	100	100	0	0.951229
2442000	0.0000000000	0.0100000000	0.0001000000	100	100	0	0.951229
2443000	0.0000000000	0.0100000000	0.0001000000	100	100	0	0.951229
2444000	0.0000000000	0.0100000000	0.0001000000	100	100	0	0.951229
2445000	0.0000000000	0.0100000000	0.0001000000	100	100	0	0.948485
2446000	0.0000000000	0.0100000000	0.0001000000	100	100	0	0.951229
2447000	0.0000000000	0.0100000000	0.0001000000	100	100	0	0.951229
2448000	0.0000000000	0.0100000000	0.0001000000	100	100	0	0.951229
2449000	0.0000000000	0.0100000000	0.0001000000	100	100	0	0.951229
2450000	0.0000000000	0.0100000000	0.0001000000	100	100	0	0.951229
2451000	0.0000000000	0.0100000000	0.0001000000	100	100	0	0.951229
2452000	0.0000000000	0.0100000000	0.0001000000	100	100	0	0.951229
2453000	0.0000000000	0.0100000000	0.0001000000	100	100	0	0.951229
2454000	0.0000000000	0.0100000000	0.0001000000	100	100	0	0.951229
2455000	0.0000000000	0.0100000000	0.0001000000	100	100	0	0.951229
2456000	0.0000000000	0.0100000000	0.0001000000	100	100	0	0.951229
2457000	0.0000000000	0.0100000000	0.0001000000	100	100	0	0.951229
2458000	0.0000000000	0.0100000000	0.0001000000	100	100	0	0.951229
2459000	0.0000000000	0.0100000000	0.0001000000	100	100	0	0.951229
2460000	0.0000000000	0.0100000000	0.0001000000	100	100	0	0.951229
2461000	0.0000000000	0.0100000000	0.0001000000	100	100	0	0.951229
2462000	0.0000000000	0.0100000000	0.0001000000	100	100	0	0.941765
2463000	0.0000000000	0.0100000000	0.0001000000	100	100	0	0.941765
2464000	0.0000000000	0.0100000000	0.0001000000	100	100	0	0.941765
2465000	0.0000000000	0.0100000000	0.0001000000	100	100	0	0.941765
2466000	0.0000000000	0.0100000000	0.0001000000	100	100	0	0.941765
2467000	0.0000000000	0.0100000000	0.0001000000	100	100	0	0.941765
2468000	0.0000000000	0.0100000000	0.0001000000	100	100	0	0.941765
2469000	0.0000000000	0.0100000000	0.0001000000	100	100	0	0.941765
2470000	0.0000000000	0.0100000000	0.0001000000	100	100	0	0.941765
2471000	0.0000000000	0.0100000000	0.0001000000	100	100	0	0.941765
2472000	0.0000000000	0.0100000000	0.0001000000	100	100	0	0.941765
2473000	0.0000000000	0.0100000000	0.0001000000	100	100	0	0.941765
2474000	0.0000000000	0.0100000000	0.0001000000	100	100	0	0.932394
2475000	0.0000000000	0.0100000000	0.0001000000	100	100	0	0.932394
2476000	0.0000000000	0.0100000000	0.0001000000	100	100	0	0.932394
2477000	0.0000000000	0.0100000000	0.0001000000	100	100	0	0.932394
2478000	0.0000000000	0.0100000000	0.0001000000	100	100	0	0.932301
2479000	0.0000000000	0.0100000000	0.0001000000	100	100	0	0.932394
2480000	0.0000000000	0.0100000000	0.0001000000	100	100	0	0.932394
2481000	0.0000000000	0.0100000000	0.0001000000	100	100	0	0.932394
2482000	0.0000000000	0.0100000000	0.0001000000	100	100	0	0.932394
2483000	0.0000000000	0.0100000000	0.0001000000	100	100	0	0.932394
2484000	0.0000000000	0.0100000000	0.0001000000	100	100	0	0.932394
2485000	0.0000000000	0.0100000000	0.0001000000	100	100	0	0.932394
2486000	0.0000000000	0.0100000000	0.0001000000	100	100	0	0.932394
2487000	0.0000000000	0.0100000000	0.0001000000	100	100	0	0.932394
2488000	0.0000000000	0.0100000000	0.0001000000	100	100	0	0.932394
2489000	0.0000000000	0.0100000000	0.0001000000	100	100	0	0.932394
2490000	0.0000000000	0.0100000000	0.0001000000	100	100	0	0.932394
2491000	0.0000000000	0.0100000000	0.0001000000	100	100	0	0.932394
2492000	0.0000000000	0.0100000000	0.0001000000	100	100	0	0.932394
2493000	0.0000000000	0.0100000000	0.0001000000	100	100	0	0.932394
2494000	0.0000000000	0.0100000000	0.0001000000	100	100	0	0.941765
2495000	0.0000000000	0.0100000000	0.0001000000	100	100	0	0.941765
2496000	0.0000000000	0.0100000000	0.0001000000	100	100	0	0.941765
2497000	0.0000000000	0.0100000000	0.0001000000	100	100	0	0.941765
2498000	0.0000000000	0.0100000000	0.0001000000	100	100	0	0.941765
2499000	0.0000000000	0.0100000000	0.0001000000	100	100	0	0.941765
2500000	0.0000000000	0.0100000000	0.0001000000	100	100	0	0.941577
