time	epistasis_coef	sel_coef	mu_prob	Ne	L	k_start	mean_fitness
1500000	0.8000000000	0.0100000000	0.1000000000	100	100	0	0.978534
1501000	0.8000000000	0.0100000000	0.1000000000	100	100	0	0.978187
1502000	0.8000000000	0.0100000000	0.1000000000	100	100	0	0.978130
1503000	0.8000000000	0.0100000000	0.1000000000	100	100	0	0.978094
1504000	0.8000000000	0.0100000000	0.1000000000	100	100	0	0.978548
1505000	0.8000000000	0.0100000000	0.1000000000	100	100	0	0.978481
1506000	0.8000000000	0.0100000000	0.1000000000	100	100	0	0.978764
1507000	0.8000000000	0.0100000000	0.1000000000	100	100	0	0.978873
1508000	0.8000000000	0.0100000000	0.1000000000	100	100	0	0.978305
1509000	0.8000000000	0.0100000000	0.1000000000	100	100	0	0.978030
1510000	0.8000000000	0.0100000000	0.1000000000	100	100	0	0.978564
1511000	0.8000000000	0.0100000000	0.1000000000	100	100	0	0.978902
1512000	0.8000000000	0.0100000000	0.1000000000	100	100	0	0.978410
1513000	0.8000000000	0.0100000000	0.1000000000	100	100	0	0.978437
1514000	0.8000000000	0.0100000000	0.1000000000	100	100	0	0.978225
1515000	0.8000000000	0.0100000000	0.1000000000	100	100	0	0.978691
1516000	0.8000000000	0.0100000000	0.1000000000	100	100	0	0.978578
1517000	0.8000000000	0.0100000000	0.1000000000	100	100	0	0.978329
1518000	0.8000000000	0.0100000000	0.1000000000	100	100	0	0.978439
1519000	0.8000000000	0.0100000000	0.1000000000	100	100	0	0.978724
1520000	0.8000000000	0.0100000000	0.1000000000	100	100	0	0.978638
1521000	0.8000000000	0.0100000000	0.1000000000	100	100	0	0.978690
1522000	0.8000000000	0.0100000000	0.1000000000	100	100	0	0.978498
1523000	0.8000000000	0.0100000000	0.1000000000	100	100	0	0.978862
1524000	0.8000000000	0.0100000000	0.1000000000	100	100	0	0.978737
1525000	0.8000000000	0.0100000000	0.1000000000	100	100	0	0.978781
1526000	0.8000000000	0.0100000000	0.1000000000	100	100	0	0.977911
1527000	0.8000000000	0.0100000000	0.1000000000	100	100	0	0.978699
1528000	0.8000000000	0.0100000000	0.1000000000	100	100	0	0.978502
1529000	0.8000000000	0.0100000000	0.1000000000	100	100	0	0.978640
1530000	0.8000000000	0.0100000000	0.1000000000	100	100	0	0.978717
1531000	0.8000000000	0.0100000000	0.1000000000	100	100	0	0.978253
1532000	0.8000000000	0.0100000000	0.1000000000	100	100	0	0.978192
1533000	0.8000000000	0.0100000000	0.1000000000	100	100	0	0.978520
1534000	0.8000000000	0.0100000000	0.1000000000	100	100	0	0.979559
1535000	0.8000000000	0.0100000000	0.1000000000	100	100	0	0.978005
1536000	0.8000000000	0.0100000000	0.1000000000	100	100	0	0.978562
1537000	0.8000000000	0.0100000000	0.1000000000	100	100	0	0.978108
1538000	0.8000000000	0.0100000000	0.1000000000	100	100	0	0.977985
1539000	0.8000000000	0.0100000000	0.1000000000	100	100	0	0.978026
1540000	0.8000000000	0.0100000000	0.1000000000	100	100	0	0.978506
1541000	0.8000000000	0.0100000000	0.1000000000	100	100	0	0.978207
1542000	0.8000000000	0.0100000000	0.1000000000	100	100	0	0.978477
1543000	0.8000000000	0.0100000000	0.1000000000	100	100	0	0.977877
1544000	0.8000000000	0.0100000000	0.1000000000	100	100	0	0.978539
1545000	0.8000000000	0.0100000000	0.1000000000	100	100	0	0.978516
1546000	0.8000000000	0.0100000000	0.1000000000	100	100	0	0.978777
1547000	0.8000000000	0.0100000000	0.1000000000	100	100	0	0.978744
1548000	0.8000000000	0.0100000000	0.1000000000	100	100	0	0.978132
1549000	0.8000000000	0.0100000000	0.1000000000	100	100	0	0.978744
1550000	0.8000000000	0.0100000000	0.1000000000	100	100	0	0.978078
1551000	0.8000000000	0.0100000000	0.1000000000	100	100	0	0.978572
1552000	0.8000000000	0.0100000000	0.1000000000	100	100	0	0.978678
1553000	0.8000000000	0.0100000000	0.1000000000	100	100	0	0.979021
1554000	0.8000000000	0.0100000000	0.1000000000	100	100	0	0.978789
1555000	0.8000000000	0.0100000000	0.1000000000	100	100	0	0.978331
1556000	0.8000000000	0.0100000000	0.1000000000	100	100	0	0.977679
1557000	0.8000000000	0.0100000000	0.1000000000	100	100	0	0.977689
1558000	0.8000000000	0.0100000000	0.1000000000	100	100	0	0.978396
1559000	0.8000000000	0.0100000000	0.1000000000	100	100	0	0.978454
1560000	0.8000000000	0.0100000000	0.1000000000	100	100	0	0.978147
1561000	0.8000000000	0.0100000000	0.1000000000	100	100	0	0.978973
1562000	0.8000000000	0.0100000000	0.1000000000	100	100	0	0.978070
1563000	0.8000000000	0.0100000000	0.1000000000	100	100	0	0.978591
1564000	0.8000000000	0.0100000000	0.1000000000	100	100	0	0.978550
1565000	0.8000000000	0.0100000000	0.1000000000	100	100	0	0.978767
1566000	0.8000000000	0.0100000000	0.1000000000	100	100	0	0.978461
1567000	0.8000000000	0.0100000000	0.1000000000	100	100	0	0.977992
1568000	0.8000000000	0.0100000000	0.1000000000	100	100	0	0.978680
1569000	0.8000000000	0.0100000000	0.1000000000	100	100	0	0.978822
1570000	0.8000000000	0.0100000000	0.1000000000	100	100	0	0.978271
1571000	0.8000000000	0.0100000000	0.1000000000	100	100	0	0.978531
1572000	0.8000000000	0.0100000000	0.1000000000	100	100	0	0.978327
1573000	0.8000000000	0.0100000000	0.1000000000	100	100	0	0.978439
1574000	0.8000000000	0.0100000000	0.1000000000	100	100	0	0.978822
1575000	0.8000000000	0.0100000000	0.1000000000	100	100	0	0.978765
1576000	0.8000000000	0.0100000000	0.1000000000	100	100	0	0.978766
1577000	0.8000000000	0.0100000000	0.1000000000	100	100	0	0.978281
1578000	0.8000000000	0.0100000000	0.1000000000	100	100	0	0.978555
1579000	0.8000000000	0.0100000000	0.1000000000	100	100	0	0.978180
1580000	0.8000000000	0.0100000000	0.1000000000	100	100	0	0.978551
1581000	0.8000000000	0.0100000000	0.1000000000	100	100	0	0.978216
1582000	0.8000000000	0.0100000000	0.1000000000	100	100	0	0.978505
1583000	0.8000000000	0.0100000000	0.1000000000	100	100	0	0.978696
1584000	0.8000000000	0.0100000000	0.1000000000	100	100	0	0.978899
1585000	0.8000000000	0.0100000000	0.1000000000	100	100	0	0.977999
1586000	0.8000000000	0.0100000000	0.1000000000	100	100	0	0.978289
1587000	0.8000000000	0.0100000000	0.1000000000	100	100	0	0.978127
1588000	0.8000000000	0.0100000000	0.1000000000	100	100	0	0.977628
1589000	0.8000000000	0.0100000000	0.1000000000	100	100	0	0.978139
1590000	0.8000000000	0.0100000000	0.1000000000	100	100	0	0.978241
1591000	0.8000000000	0.0100000000	0.1000000000	100	100	0	0.978639
1592000	0.8000000000	0.0100000000	0.1000000000	100	100	0	0.979051
1593000	0.8000000000	0.0100000000	0.1000000000	100	100	0	0.979033
1594000	0.8000000000	0.0100000000	0.1000000000	100	100	0	0.977868
1595000	0.8000000000	0.0100000000	0.1000000000	100	100	0	0.978498
1596000	0.8000000000	0.0100000000	0.1000000000	100	100	0	0.978148
1597000	0.8000000000	0.0100000000	0.1000000000	100	100	0	0.978482
1598000	0.8000000000	0.0100000000	0.1000000000	100	100	0	0.977987
1599000	0.8000000000	0.0100000000	0.1000000000	100	100	0	0.978258
1600000	0.8000000000	0.0100000000	0.1000000000	100	100	0	0.978082
1601000	0.8000000000	0.0100000000	0.1000000000	100	100	0	0.978552
1602000	0.8000000000	0.0100000000	0.1000000000	100	100	0	0.978379
1603000	0.8000000000	0.0100000000	0.1000000000	100	100	0	0.978239
1604000	0.8000000000	0.0100000000	0.1000000000	100	100	0	0.978191
1605000	0.8000000000	0.0100000000	0.1000000000	100	100	0	0.978676
1606000	0.8000000000	0.0100000000	0.1000000000	100	100	0	0.979068
1607000	0.8000000000	0.0100000000	0.1000000000	100	100	0	0.978216
1608000	0.8000000000	0.0100000000	0.1000000000	100	100	0	0.978504
1609000	0.8000000000	0.0100000000	0.1000000000	100	100	0	0.978321
1610000	0.8000000000	0.0100000000	0.1000000000	100	100	0	0.977564
1611000	0.8000000000	0.0100000000	0.1000000000	100	100	0	0.978775
1612000	0.8000000000	0.0100000000	0.1000000000	100	100	0	0.978722
1613000	0.8000000000	0.0100000000	0.1000000000	100	100	0	0.978151
1614000	0.8000000000	0.0100000000	0.1000000000	100	100	0	0.978406
1615000	0.8000000000	0.0100000000	0.1000000000	100	100	0	0.978139
1616000	0.8000000000	0.0100000000	0.1000000000	100	100	0	0.978165
1617000	0.8000000000	0.0100000000	0.1000000000	100	100	0	0.978523
1618000	0.8000000000	0.0100000000	0.1000000000	100	100	0	0.978092
1619000	0.8000000000	0.0100000000	0.1000000000	100	100	0	0.977919
1620000	0.8000000000	0.0100000000	0.1000000000	100	100	0	0.978243
1621000	0.8000000000	0.0100000000	0.1000000000	100	100	0	0.978807
1622000	0.8000000000	0.0100000000	0.1000000000	100	100	0	0.979123
1623000	0.8000000000	0.0100000000	0.1000000000	100	100	0	0.977832
1624000	0.8000000000	0.0100000000	0.1000000000	100	100	0	0.978162
1625000	0.8000000000	0.0100000000	0.1000000000	100	100	0	0.978299
1626000	0.8000000000	0.0100000000	0.1000000000	100	100	0	0.978709
1627000	0.8000000000	0.0100000000	0.1000000000	100	100	0	0.978569
1628000	0.8000000000	0.0100000000	0.1000000000	100	100	0	0.977876
1629000	0.8000000000	0.0100000000	0.1000000000	100	100	0	0.978282
1630000	0.8000000000	0.0100000000	0.1000000000	100	100	0	0.978486
1631000	0.8000000000	0.0100000000	0.1000000000	100	100	0	0.978992
1632000	0.8000000000	0.0100000000	0.1000000000	100	100	0	0.978353
1633000	0.8000000000	0.0100000000	0.1000000000	100	100	0	0.978653
1634000	0.8000000000	0.0100000000	0.1000000000	100	100	0	0.979080
1635000	0.8000000000	0.0100000000	0.1000000000	100	100	0	0.979090
1636000	0.8000000000	0.0100000000	0.1000000000	100	100	0	0.978394
1637000	0.8000000000	0.0100000000	0.1000000000	100	100	0	0.978026
1638000	0.8000000000	0.0100000000	0.1000000000	100	100	0	0.978761
1639000	0.8000000000	0.0100000000	0.1000000000	100	100	0	0.978454
1640000	0.8000000000	0.0100000000	0.1000000000	100	100	0	0.978095
1641000	0.8000000000	0.0100000000	0.1000000000	100	100	0	0.978886
1642000	0.8000000000	0.0100000000	0.1000000000	100	100	0	0.978352
1643000	0.8000000000	0.0100000000	0.1000000000	100	100	0	0.978195
1644000	0.8000000000	0.0100000000	0.1000000000	100	100	0	0.978358
1645000	0.8000000000	0.0100000000	0.1000000000	100	100	0	0.979541
1646000	0.8000000000	0.0100000000	0.1000000000	100	100	0	0.978802
1647000	0.8000000000	0.0100000000	0.1000000000	100	100	0	0.978755
1648000	0.8000000000	0.0100000000	0.1000000000	100	100	0	0.978230
1649000	0.8000000000	0.0100000000	0.1000000000	100	100	0	0.978590
1650000	0.8000000000	0.0100000000	0.1000000000	100	100	0	0.978620
1651000	0.8000000000	0.0100000000	0.1000000000	100	100	0	0.978470
1652000	0.8000000000	0.0100000000	0.1000000000	100	100	0	0.978114
1653000	0.8000000000	0.0100000000	0.1000000000	100	100	0	0.978826
1654000	0.8000000000	0.0100000000	0.1000000000	100	100	0	0.978253
1655000	0.8000000000	0.0100000000	0.1000000000	100	100	0	0.978565
1656000	0.8000000000	0.0100000000	0.1000000000	100	100	0	0.978986
1657000	0.8000000000	0.0100000000	0.1000000000	100	100	0	0.977527
1658000	0.8000000000	0.0100000000	0.1000000000	100	100	0	0.978643
1659000	0.8000000000	0.0100000000	0.1000000000	100	100	0	0.977915
1660000	0.8000000000	0.0100000000	0.1000000000	100	100	0	0.978071
1661000	0.8000000000	0.0100000000	0.1000000000	100	100	0	0.978354
1662000	0.8000000000	0.0100000000	0.1000000000	100	100	0	0.978318
1663000	0.8000000000	0.0100000000	0.1000000000	100	100	0	0.979110
1664000	0.8000000000	0.0100000000	0.1000000000	100	100	0	0.978122
1665000	0.8000000000	0.0100000000	0.1000000000	100	100	0	0.978552
1666000	0.8000000000	0.0100000000	0.1000000000	100	100	0	0.978183
1667000	0.8000000000	0.0100000000	0.1000000000	100	100	0	0.978510
1668000	0.8000000000	0.0100000000	0.1000000000	100	100	0	0.978276
1669000	0.8000000000	0.0100000000	0.1000000000	100	100	0	0.979752
1670000	0.8000000000	0.0100000000	0.1000000000	100	100	0	0.978862
1671000	0.8000000000	0.0100000000	0.1000000000	100	100	0	0.978520
1672000	0.8000000000	0.0100000000	0.1000000000	100	100	0	0.978353
1673000	0.8000000000	0.0100000000	0.1000000000	100	100	0	0.978002
1674000	0.8000000000	0.0100000000	0.1000000000	100	100	0	0.978589
1675000	0.8000000000	0.0100000000	0.1000000000	100	100	0	0.978016
1676000	0.8000000000	0.0100000000	0.1000000000	100	100	0	0.978714
1677000	0.8000000000	0.0100000000	0.1000000000	100	100	0	0.978613
1678000	0.8000000000	0.0100000000	0.1000000000	100	100	0	0.978268
1679000	0.8000000000	0.0100000000	0.1000000000	100	100	0	0.978793
1680000	0.8000000000	0.0100000000	0.1000000000	100	100	0	0.978263
1681000	0.8000000000	0.0100000000	0.1000000000	100	100	0	0.978316
1682000	0.8000000000	0.0100000000	0.1000000000	100	100	0	0.978657
1683000	0.8000000000	0.0100000000	0.1000000000	100	100	0	0.978330
1684000	0.8000000000	0.0100000000	0.1000000000	100	100	0	0.978086
1685000	0.8000000000	0.0100000000	0.1000000000	100	100	0	0.978431
1686000	0.8000000000	0.0100000000	0.1000000000	100	100	0	0.978192
1687000	0.8000000000	0.0100000000	0.1000000000	100	100	0	0.978198
1688000	0.8000000000	0.0100000000	0.1000000000	100	100	0	0.978405
1689000	0.8000000000	0.0100000000	0.1000000000	100	100	0	0.978644
1690000	0.8000000000	0.0100000000	0.1000000000	100	100	0	0.978628
1691000	0.8000000000	0.0100000000	0.1000000000	100	100	0	0.978474
1692000	0.8000000000	0.0100000000	0.1000000000	100	100	0	0.978532
1693000	0.8000000000	0.0100000000	0.1000000000	100	100	0	0.978329
1694000	0.8000000000	0.0100000000	0.1000000000	100	100	0	0.978874
1695000	0.8000000000	0.0100000000	0.1000000000	100	100	0	0.978827
1696000	0.8000000000	0.0100000000	0.1000000000	100	100	0	0.978078
1697000	0.8000000000	0.0100000000	0.1000000000	100	100	0	0.978340
1698000	0.8000000000	0.0100000000	0.1000000000	100	100	0	0.978075
1699000	0.8000000000	0.0100000000	0.1000000000	100	100	0	0.977983
1700000	0.8000000000	0.0100000000	0.1000000000	100	100	0	0.977970
1701000	0.8000000000	0.0100000000	0.1000000000	100	100	0	0.978901
1702000	0.8000000000	0.0100000000	0.1000000000	100	100	0	0.978715
1703000	0.8000000000	0.0100000000	0.1000000000	100	100	0	0.978327
1704000	0.8000000000	0.0100000000	0.1000000000	100	100	0	0.978033
1705000	0.8000000000	0.0100000000	0.1000000000	100	100	0	0.978364
1706000	0.8000000000	0.0100000000	0.1000000000	100	100	0	0.978491
1707000	0.8000000000	0.0100000000	0.1000000000	100	100	0	0.978148
1708000	0.8000000000	0.0100000000	0.1000000000	100	100	0	0.977817
1709000	0.8000000000	0.0100000000	0.1000000000	100	100	0	0.978181
1710000	0.8000000000	0.0100000000	0.1000000000	100	100	0	0.978668
1711000	0.8000000000	0.0100000000	0.1000000000	100	100	0	0.978750
1712000	0.8000000000	0.0100000000	0.1000000000	100	100	0	0.978522
1713000	0.8000000000	0.0100000000	0.1000000000	100	100	0	0.978108
1714000	0.8000000000	0.0100000000	0.1000000000	100	100	0	0.979110
1715000	0.8000000000	0.0100000000	0.1000000000	100	100	0	0.978619
1716000	0.8000000000	0.0100000000	0.1000000000	100	100	0	0.978227
1717000	0.8000000000	0.0100000000	0.1000000000	100	100	0	0.978660
1718000	0.8000000000	0.0100000000	0.1000000000	100	100	0	0.979203
1719000	0.8000000000	0.0100000000	0.1000000000	100	100	0	0.978226
1720000	0.8000000000	0.0100000000	0.1000000000	100	100	0	0.978301
1721000	0.8000000000	0.0100000000	0.1000000000	100	100	0	0.978413
1722000	0.8000000000	0.0100000000	0.1000000000	100	100	0	0.978732
1723000	0.8000000000	0.0100000000	0.1000000000	100	100	0	0.978888
1724000	0.8000000000	0.0100000000	0.1000000000	100	100	0	0.978070
1725000	0.8000000000	0.0100000000	0.1000000000	100	100	0	0.978041
1726000	0.8000000000	0.0100000000	0.1000000000	100	100	0	0.978807
1727000	0.8000000000	0.0100000000	0.1000000000	100	100	0	0.978262
1728000	0.8000000000	0.0100000000	0.1000000000	100	100	0	0.978527
1729000	0.8000000000	0.0100000000	0.1000000000	100	100	0	0.978123
1730000	0.8000000000	0.0100000000	0.1000000000	100	100	0	0.978262
1731000	0.8000000000	0.0100000000	0.1000000000	100	100	0	0.978466
1732000	0.8000000000	0.0100000000	0.1000000000	100	100	0	0.978213
1733000	0.8000000000	0.0100000000	0.1000000000	100	100	0	0.978347
1734000	0.8000000000	0.0100000000	0.1000000000	100	100	0	0.978442
1735000	0.8000000000	0.0100000000	0.1000000000	100	100	0	0.978769
1736000	0.8000000000	0.0100000000	0.1000000000	100	100	0	0.977851
1737000	0.8000000000	0.0100000000	0.1000000000	100	100	0	0.978503
1738000	0.8000000000	0.0100000000	0.1000000000	100	100	0	0.978065
1739000	0.8000000000	0.0100000000	0.1000000000	100	100	0	0.978196
1740000	0.8000000000	0.0100000000	0.1000000000	100	100	0	0.978268
1741000	0.8000000000	0.0100000000	0.1000000000	100	100	0	0.978031
1742000	0.8000000000	0.0100000000	0.1000000000	100	100	0	0.977802
1743000	0.8000000000	0.0100000000	0.1000000000	100	100	0	0.978632
1744000	0.8000000000	0.0100000000	0.1000000000	100	100	0	0.978138
1745000	0.8000000000	0.0100000000	0.1000000000	100	100	0	0.978201
1746000	0.8000000000	0.0100000000	0.1000000000	100	100	0	0.978268
1747000	0.8000000000	0.0100000000	0.1000000000	100	100	0	0.978125
1748000	0.8000000000	0.0100000000	0.1000000000	100	100	0	0.978330
1749000	0.8000000000	0.0100000000	0.1000000000	100	100	0	0.978249
1750000	0.8000000000	0.0100000000	0.1000000000	100	100	0	0.978519
1751000	0.8000000000	0.0100000000	0.1000000000	100	100	0	0.978605
1752000	0.8000000000	0.0100000000	0.1000000000	100	100	0	0.978056
1753000	0.8000000000	0.0100000000	0.1000000000	100	100	0	0.978576
1754000	0.8000000000	0.0100000000	0.1000000000	100	100	0	0.978928
1755000	0.8000000000	0.0100000000	0.1000000000	100	100	0	0.978437
1756000	0.8000000000	0.0100000000	0.1000000000	100	100	0	0.977849
1757000	0.8000000000	0.0100000000	0.1000000000	100	100	0	0.978360
1758000	0.8000000000	0.0100000000	0.1000000000	100	100	0	0.978242
1759000	0.8000000000	0.0100000000	0.1000000000	100	100	0	0.978704
1760000	0.8000000000	0.0100000000	0.1000000000	100	100	0	0.978903
1761000	0.8000000000	0.0100000000	0.1000000000	100	100	0	0.978904
1762000	0.8000000000	0.0100000000	0.1000000000	100	100	0	0.978313
1763000	0.8000000000	0.0100000000	0.1000000000	100	100	0	0.978744
1764000	0.8000000000	0.0100000000	0.1000000000	100	100	0	0.977801
1765000	0.8000000000	0.0100000000	0.1000000000	100	100	0	0.977871
1766000	0.8000000000	0.0100000000	0.1000000000	100	100	0	0.978649
1767000	0.8000000000	0.0100000000	0.1000000000	100	100	0	0.978304
1768000	0.8000000000	0.0100000000	0.1000000000	100	100	0	0.978570
1769000	0.8000000000	0.0100000000	0.1000000000	100	100	0	0.978745
1770000	0.8000000000	0.0100000000	0.1000000000	100	100	0	0.978540
1771000	0.8000000000	0.0100000000	0.1000000000	100	100	0	0.978628
1772000	0.8000000000	0.0100000000	0.1000000000	100	100	0	0.978445
1773000	0.8000000000	0.0100000000	0.1000000000	100	100	0	0.977897
1774000	0.8000000000	0.0100000000	0.1000000000	100	100	0	0.978584
1775000	0.8000000000	0.0100000000	0.1000000000	100	100	0	0.978101
1776000	0.8000000000	0.0100000000	0.1000000000	100	100	0	0.978533
1777000	0.8000000000	0.0100000000	0.1000000000	100	100	0	0.978336
1778000	0.8000000000	0.0100000000	0.1000000000	100	100	0	0.977841
1779000	0.8000000000	0.0100000000	0.1000000000	100	100	0	0.977699
1780000	0.8000000000	0.0100000000	0.1000000000	100	100	0	0.978480
1781000	0.8000000000	0.0100000000	0.1000000000	100	100	0	0.978082
1782000	0.8000000000	0.0100000000	0.1000000000	100	100	0	0.978385
1783000	0.8000000000	0.0100000000	0.1000000000	100	100	0	0.977460
1784000	0.8000000000	0.0100000000	0.1000000000	100	100	0	0.978139
1785000	0.8000000000	0.0100000000	0.1000000000	100	100	0	0.978136
1786000	0.8000000000	0.0100000000	0.1000000000	100	100	0	0.977763
1787000	0.8000000000	0.0100000000	0.1000000000	100	100	0	0.977709
1788000	0.8000000000	0.0100000000	0.1000000000	100	100	0	0.978485
1789000	0.8000000000	0.0100000000	0.1000000000	100	100	0	0.979239
1790000	0.8000000000	0.0100000000	0.1000000000	100	100	0	0.979049
1791000	0.8000000000	0.0100000000	0.1000000000	100	100	0	0.978532
1792000	0.8000000000	0.0100000000	0.1000000000	100	100	0	0.979276
1793000	0.8000000000	0.0100000000	0.1000000000	100	100	0	0.979293
1794000	0.8000000000	0.0100000000	0.1000000000	100	100	0	0.979039
1795000	0.8000000000	0.0100000000	0.1000000000	100	100	0	0.978035
1796000	0.8000000000	0.0100000000	0.1000000000	100	100	0	0.978340
1797000	0.8000000000	0.0100000000	0.1000000000	100	100	0	0.977640
1798000	0.8000000000	0.0100000000	0.1000000000	100	100	0	0.977981
1799000	0.8000000000	0.0100000000	0.1000000000	100	100	0	0.978416
1800000	0.8000000000	0.0100000000	0.1000000000	100	100	0	0.978439
1801000	0.8000000000	0.0100000000	0.1000000000	100	100	0	0.978191
1802000	0.8000000000	0.0100000000	0.1000000000	100	100	0	0.978388
1803000	0.8000000000	0.0100000000	0.1000000000	100	100	0	0.978803
1804000	0.8000000000	0.0100000000	0.1000000000	100	100	0	0.977954
1805000	0.8000000000	0.0100000000	0.1000000000	100	100	0	0.978668
1806000	0.8000000000	0.0100000000	0.1000000000	100	100	0	0.978228
1807000	0.8000000000	0.0100000000	0.1000000000	100	100	0	0.977836
1808000	0.8000000000	0.0100000000	0.1000000000	100	100	0	0.977820
1809000	0.8000000000	0.0100000000	0.1000000000	100	100	0	0.978011
1810000	0.8000000000	0.0100000000	0.1000000000	100	100	0	0.978792
1811000	0.8000000000	0.0100000000	0.1000000000	100	100	0	0.978182
1812000	0.8000000000	0.0100000000	0.1000000000	100	100	0	0.978442
1813000	0.8000000000	0.0100000000	0.1000000000	100	100	0	0.978600
1814000	0.8000000000	0.0100000000	0.1000000000	100	100	0	0.978379
1815000	0.8000000000	0.0100000000	0.1000000000	100	100	0	0.978653
1816000	0.8000000000	0.0100000000	0.1000000000	100	100	0	0.978758
1817000	0.8000000000	0.0100000000	0.1000000000	100	100	0	0.978495
1818000	0.8000000000	0.0100000000	0.1000000000	100	100	0	0.978684
1819000	0.8000000000	0.0100000000	0.1000000000	100	100	0	0.978151
1820000	0.8000000000	0.0100000000	0.1000000000	100	100	0	0.979167
1821000	0.8000000000	0.0100000000	0.1000000000	100	100	0	0.978253
1822000	0.8000000000	0.0100000000	0.1000000000	100	100	0	0.978424
1823000	0.8000000000	0.0100000000	0.1000000000	100	100	0	0.978338
1824000	0.8000000000	0.0100000000	0.1000000000	100	100	0	0.977776
1825000	0.8000000000	0.0100000000	0.1000000000	100	100	0	0.978476
1826000	0.8000000000	0.0100000000	0.1000000000	100	100	0	0.978996
1827000	0.8000000000	0.0100000000	0.1000000000	100	100	0	0.979078
1828000	0.8000000000	0.0100000000	0.1000000000	100	100	0	0.978758
1829000	0.8000000000	0.0100000000	0.1000000000	100	100	0	0.978646
1830000	0.8000000000	0.0100000000	0.1000000000	100	100	0	0.978615
1831000	0.8000000000	0.0100000000	0.1000000000	100	100	0	0.978547
1832000	0.8000000000	0.0100000000	0.1000000000	100	100	0	0.978554
1833000	0.8000000000	0.0100000000	0.1000000000	100	100	0	0.978745
1834000	0.8000000000	0.0100000000	0.1000000000	100	100	0	0.978936
1835000	0.8000000000	0.0100000000	0.1000000000	100	100	0	0.978421
1836000	0.8000000000	0.0100000000	0.1000000000	100	100	0	0.978607
1837000	0.8000000000	0.0100000000	0.1000000000	100	100	0	0.978880
1838000	0.8000000000	0.0100000000	0.1000000000	100	100	0	0.978568
1839000	0.8000000000	0.0100000000	0.1000000000	100	100	0	0.978644
1840000	0.8000000000	0.0100000000	0.1000000000	100	100	0	0.978287
1841000	0.8000000000	0.0100000000	0.1000000000	100	100	0	0.978152
1842000	0.8000000000	0.0100000000	0.1000000000	100	100	0	0.978283
1843000	0.8000000000	0.0100000000	0.1000000000	100	100	0	0.978324
1844000	0.8000000000	0.0100000000	0.1000000000	100	100	0	0.978523
1845000	0.8000000000	0.0100000000	0.1000000000	100	100	0	0.978167
1846000	0.8000000000	0.0100000000	0.1000000000	100	100	0	0.978386
1847000	0.8000000000	0.0100000000	0.1000000000	100	100	0	0.978553
1848000	0.8000000000	0.0100000000	0.1000000000	100	100	0	0.978572
1849000	0.8000000000	0.0100000000	0.1000000000	100	100	0	0.978484
1850000	0.8000000000	0.0100000000	0.1000000000	100	100	0	0.977771
1851000	0.8000000000	0.0100000000	0.1000000000	100	100	0	0.978665
1852000	0.8000000000	0.0100000000	0.1000000000	100	100	0	0.978565
1853000	0.8000000000	0.0100000000	0.1000000000	100	100	0	0.978496
1854000	0.8000000000	0.0100000000	0.1000000000	100	100	0	0.978105
1855000	0.8000000000	0.0100000000	0.1000000000	100	100	0	0.978279
1856000	0.8000000000	0.0100000000	0.1000000000	100	100	0	0.978319
1857000	0.8000000000	0.0100000000	0.1000000000	100	100	0	0.978499
1858000	0.8000000000	0.0100000000	0.1000000000	100	100	0	0.978807
1859000	0.8000000000	0.0100000000	0.1000000000	100	100	0	0.978409
1860000	0.8000000000	0.0100000000	0.1000000000	100	100	0	0.978822
1861000	0.8000000000	0.0100000000	0.1000000000	100	100	0	0.978917
1862000	0.8000000000	0.0100000000	0.1000000000	100	100	0	0.978351
1863000	0.8000000000	0.0100000000	0.1000000000	100	100	0	0.978970
1864000	0.8000000000	0.0100000000	0.1000000000	100	100	0	0.978032
1865000	0.8000000000	0.0100000000	0.1000000000	100	100	0	0.977828
1866000	0.8000000000	0.0100000000	0.1000000000	100	100	0	0.978696
1867000	0.8000000000	0.0100000000	0.1000000000	100	100	0	0.978274
1868000	0.8000000000	0.0100000000	0.1000000000	100	100	0	0.978536
1869000	0.8000000000	0.0100000000	0.1000000000	100	100	0	0.977630
1870000	0.8000000000	0.0100000000	0.1000000000	100	100	0	0.978023
1871000	0.8000000000	0.0100000000	0.1000000000	100	100	0	0.978601
1872000	0.8000000000	0.0100000000	0.1000000000	100	100	0	0.979538
1873000	0.8000000000	0.0100000000	0.1000000000	100	100	0	0.979067
1874000	0.8000000000	0.0100000000	0.1000000000	100	100	0	0.978694
1875000	0.8000000000	0.0100000000	0.1000000000	100	100	0	0.978015
1876000	0.8000000000	0.0100000000	0.1000000000	100	100	0	0.977989
1877000	0.8000000000	0.0100000000	0.1000000000	100	100	0	0.978136
1878000	0.8000000000	0.0100000000	0.1000000000	100	100	0	0.978533
1879000	0.8000000000	0.0100000000	0.1000000000	100	100	0	0.978345
1880000	0.8000000000	0.0100000000	0.1000000000	100	100	0	0.978124
1881000	0.8000000000	0.0100000000	0.1000000000	100	100	0	0.978698
1882000	0.8000000000	0.0100000000	0.1000000000	100	100	0	0.978653
1883000	0.8000000000	0.0100000000	0.1000000000	100	100	0	0.978547
1884000	0.8000000000	0.0100000000	0.1000000000	100	100	0	0.977906
1885000	0.8000000000	0.0100000000	0.1000000000	100	100	0	0.978539
1886000	0.8000000000	0.0100000000	0.1000000000	100	100	0	0.978473
1887000	0.8000000000	0.0100000000	0.1000000000	100	100	0	0.977628
1888000	0.8000000000	0.0100000000	0.1000000000	100	100	0	0.978000
1889000	0.8000000000	0.0100000000	0.1000000000	100	100	0	0.977845
1890000	0.8000000000	0.0100000000	0.1000000000	100	100	0	0.978160
1891000	0.8000000000	0.0100000000	0.1000000000	100	100	0	0.979403
1892000	0.8000000000	0.0100000000	0.1000000000	100	100	0	0.978166
1893000	0.8000000000	0.0100000000	0.1000000000	100	100	0	0.977936
1894000	0.8000000000	0.0100000000	0.1000000000	100	100	0	0.979414
1895000	0.8000000000	0.0100000000	0.1000000000	100	100	0	0.978819
1896000	0.8000000000	0.0100000000	0.1000000000	100	100	0	0.978780
1897000	0.8000000000	0.0100000000	0.1000000000	100	100	0	0.978884
1898000	0.8000000000	0.0100000000	0.1000000000	100	100	0	0.977896
1899000	0.8000000000	0.0100000000	0.1000000000	100	100	0	0.978783
1900000	0.8000000000	0.0100000000	0.1000000000	100	100	0	0.978577
1901000	0.8000000000	0.0100000000	0.1000000000	100	100	0	0.978991
1902000	0.8000000000	0.0100000000	0.1000000000	100	100	0	0.978263
1903000	0.8000000000	0.0100000000	0.1000000000	100	100	0	0.978497
1904000	0.8000000000	0.0100000000	0.1000000000	100	100	0	0.978429
1905000	0.8000000000	0.0100000000	0.1000000000	100	100	0	0.978618
1906000	0.8000000000	0.0100000000	0.1000000000	100	100	0	0.978334
1907000	0.8000000000	0.0100000000	0.1000000000	100	100	0	0.978444
1908000	0.8000000000	0.0100000000	0.1000000000	100	100	0	0.978088
1909000	0.8000000000	0.0100000000	0.1000000000	100	100	0	0.978710
1910000	0.8000000000	0.0100000000	0.1000000000	100	100	0	0.978545
1911000	0.8000000000	0.0100000000	0.1000000000	100	100	0	0.978561
1912000	0.8000000000	0.0100000000	0.1000000000	100	100	0	0.978202
1913000	0.8000000000	0.0100000000	0.1000000000	100	100	0	0.978065
1914000	0.8000000000	0.0100000000	0.1000000000	100	100	0	0.978114
1915000	0.8000000000	0.0100000000	0.1000000000	100	100	0	0.978209
1916000	0.8000000000	0.0100000000	0.1000000000	100	100	0	0.978239
1917000	0.8000000000	0.0100000000	0.1000000000	100	100	0	0.977981
1918000	0.8000000000	0.0100000000	0.1000000000	100	100	0	0.978225
1919000	0.8000000000	0.0100000000	0.1000000000	100	100	0	0.978383
1920000	0.8000000000	0.0100000000	0.1000000000	100	100	0	0.978699
1921000	0.8000000000	0.0100000000	0.1000000000	100	100	0	0.978776
1922000	0.8000000000	0.0100000000	0.1000000000	100	100	0	0.978479
1923000	0.8000000000	0.0100000000	0.1000000000	100	100	0	0.977802
1924000	0.8000000000	0.0100000000	0.1000000000	100	100	0	0.977958
1925000	0.8000000000	0.0100000000	0.1000000000	100	100	0	0.977959
1926000	0.8000000000	0.0100000000	0.1000000000	100	100	0	0.977932
1927000	0.8000000000	0.0100000000	0.1000000000	100	100	0	0.978167
1928000	0.8000000000	0.0100000000	0.1000000000	100	100	0	0.978487
1929000	0.8000000000	0.0100000000	0.1000000000	100	100	0	0.978201
1930000	0.8000000000	0.0100000000	0.1000000000	100	100	0	0.977963
1931000	0.8000000000	0.0100000000	0.1000000000	100	100	0	0.978949
1932000	0.8000000000	0.0100000000	0.1000000000	100	100	0	0.978326
1933000	0.8000000000	0.0100000000	0.1000000000	100	100	0	0.978466
1934000	0.8000000000	0.0100000000	0.1000000000	100	100	0	0.978704
1935000	0.8000000000	0.0100000000	0.1000000000	100	100	0	0.978506
1936000	0.8000000000	0.0100000000	0.1000000000	100	100	0	0.978057
1937000	0.8000000000	0.0100000000	0.1000000000	100	100	0	0.978396
1938000	0.8000000000	0.0100000000	0.1000000000	100	100	0	0.978102
1939000	0.8000000000	0.0100000000	0.1000000000	100	100	0	0.978690
1940000	0.8000000000	0.0100000000	0.1000000000	100	100	0	0.978532
1941000	0.8000000000	0.0100000000	0.1000000000	100	100	0	0.978187
1942000	0.8000000000	0.0100000000	0.1000000000	100	100	0	0.978029
1943000	0.8000000000	0.0100000000	0.1000000000	100	100	0	0.978034
1944000	0.8000000000	0.0100000000	0.1000000000	100	100	0	0.978316
1945000	0.8000000000	0.0100000000	0.1000000000	100	100	0	0.978155
1946000	0.8000000000	0.0100000000	0.1000000000	100	100	0	0.978543
1947000	0.8000000000	0.0100000000	0.1000000000	100	100	0	0.978469
1948000	0.8000000000	0.0100000000	0.1000000000	100	100	0	0.977711
1949000	0.8000000000	0.0100000000	0.1000000000	100	100	0	0.978527
1950000	0.8000000000	0.0100000000	0.1000000000	100	100	0	0.978493
1951000	0.8000000000	0.0100000000	0.1000000000	100	100	0	0.978386
1952000	0.8000000000	0.0100000000	0.1000000000	100	100	0	0.978656
1953000	0.8000000000	0.0100000000	0.1000000000	100	100	0	0.977557
1954000	0.8000000000	0.0100000000	0.1000000000	100	100	0	0.977992
1955000	0.8000000000	0.0100000000	0.1000000000	100	100	0	0.978526
1956000	0.8000000000	0.0100000000	0.1000000000	100	100	0	0.978292
1957000	0.8000000000	0.0100000000	0.1000000000	100	100	0	0.977789
1958000	0.8000000000	0.0100000000	0.1000000000	100	100	0	0.979149
1959000	0.8000000000	0.0100000000	0.1000000000	100	100	0	0.977808
1960000	0.8000000000	0.0100000000	0.1000000000	100	100	0	0.978238
1961000	0.8000000000	0.0100000000	0.1000000000	100	100	0	0.978737
1962000	0.8000000000	0.0100000000	0.1000000000	100	100	0	0.978532
1963000	0.8000000000	0.0100000000	0.1000000000	100	100	0	0.978732
1964000	0.8000000000	0.0100000000	0.1000000000	100	100	0	0.978403
1965000	0.8000000000	0.0100000000	0.1000000000	100	100	0	0.978755
1966000	0.8000000000	0.0100000000	0.1000000000	100	100	0	0.978167
1967000	0.8000000000	0.0100000000	0.1000000000	100	100	0	0.978205
1968000	0.8000000000	0.0100000000	0.1000000000	100	100	0	0.977806
1969000	0.8000000000	0.0100000000	0.1000000000	100	100	0	0.978655
1970000	0.8000000000	0.0100000000	0.1000000000	100	100	0	0.978382
1971000	0.8000000000	0.0100000000	0.1000000000	100	100	0	0.978023
1972000	0.8000000000	0.0100000000	0.1000000000	100	100	0	0.978249
1973000	0.8000000000	0.0100000000	0.1000000000	100	100	0	0.978342
1974000	0.8000000000	0.0100000000	0.1000000000	100	100	0	0.978756
1975000	0.8000000000	0.0100000000	0.1000000000	100	100	0	0.978657
1976000	0.8000000000	0.0100000000	0.1000000000	100	100	0	0.978279
1977000	0.8000000000	0.0100000000	0.1000000000	100	100	0	0.978258
1978000	0.8000000000	0.0100000000	0.1000000000	100	100	0	0.978299
1979000	0.8000000000	0.0100000000	0.1000000000	100	100	0	0.978957
1980000	0.8000000000	0.0100000000	0.1000000000	100	100	0	0.978434
1981000	0.8000000000	0.0100000000	0.1000000000	100	100	0	0.979031
1982000	0.8000000000	0.0100000000	0.1000000000	100	100	0	0.978615
1983000	0.8000000000	0.0100000000	0.1000000000	100	100	0	0.978405
1984000	0.8000000000	0.0100000000	0.1000000000	100	100	0	0.978222
1985000	0.8000000000	0.0100000000	0.1000000000	100	100	0	0.978890
1986000	0.8000000000	0.0100000000	0.1000000000	100	100	0	0.978518
1987000	0.8000000000	0.0100000000	0.1000000000	100	100	0	0.978017
1988000	0.8000000000	0.0100000000	0.1000000000	100	100	0	0.978274
1989000	0.8000000000	0.0100000000	0.1000000000	100	100	0	0.978918
1990000	0.8000000000	0.0100000000	0.1000000000	100	100	0	0.978134
1991000	0.8000000000	0.0100000000	0.1000000000	100	100	0	0.978680
1992000	0.8000000000	0.0100000000	0.1000000000	100	100	0	0.978697
1993000	0.8000000000	0.0100000000	0.1000000000	100	100	0	0.978314
1994000	0.8000000000	0.0100000000	0.1000000000	100	100	0	0.978243
1995000	0.8000000000	0.0100000000	0.1000000000	100	100	0	0.978222
1996000	0.8000000000	0.0100000000	0.1000000000	100	100	0	0.978834
1997000	0.8000000000	0.0100000000	0.1000000000	100	100	0	0.977458
1998000	0.8000000000	0.0100000000	0.1000000000	100	100	0	0.978768
1999000	0.8000000000	0.0100000000	0.1000000000	100	100	0	0.978727
2000000	0.8000000000	0.0100000000	0.1000000000	100	100	0	0.978422
2001000	0.8000000000	0.0100000000	0.1000000000	100	100	0	0.979096
2002000	0.8000000000	0.0100000000	0.1000000000	100	100	0	0.978346
2003000	0.8000000000	0.0100000000	0.1000000000	100	100	0	0.978057
2004000	0.8000000000	0.0100000000	0.1000000000	100	100	0	0.977650
2005000	0.8000000000	0.0100000000	0.1000000000	100	100	0	0.978724
2006000	0.8000000000	0.0100000000	0.1000000000	100	100	0	0.978985
2007000	0.8000000000	0.0100000000	0.1000000000	100	100	0	0.978406
2008000	0.8000000000	0.0100000000	0.1000000000	100	100	0	0.978409
2009000	0.8000000000	0.0100000000	0.1000000000	100	100	0	0.978457
2010000	0.8000000000	0.0100000000	0.1000000000	100	100	0	0.978730
2011000	0.8000000000	0.0100000000	0.1000000000	100	100	0	0.978732
2012000	0.8000000000	0.0100000000	0.1000000000	100	100	0	0.978588
2013000	0.8000000000	0.0100000000	0.1000000000	100	100	0	0.979853
2014000	0.8000000000	0.0100000000	0.1000000000	100	100	0	0.978709
2015000	0.8000000000	0.0100000000	0.1000000000	100	100	0	0.979070
2016000	0.8000000000	0.0100000000	0.1000000000	100	100	0	0.978757
2017000	0.8000000000	0.0100000000	0.1000000000	100	100	0	0.978618
2018000	0.8000000000	0.0100000000	0.1000000000	100	100	0	0.978252
2019000	0.8000000000	0.0100000000	0.1000000000	100	100	0	0.978329
2020000	0.8000000000	0.0100000000	0.1000000000	100	100	0	0.977825
2021000	0.8000000000	0.0100000000	0.1000000000	100	100	0	0.978373
2022000	0.8000000000	0.0100000000	0.1000000000	100	100	0	0.979398
2023000	0.8000000000	0.0100000000	0.1000000000	100	100	0	0.978721
2024000	0.8000000000	0.0100000000	0.1000000000	100	100	0	0.978616
2025000	0.8000000000	0.0100000000	0.1000000000	100	100	0	0.978424
2026000	0.8000000000	0.0100000000	0.1000000000	100	100	0	0.978402
2027000	0.8000000000	0.0100000000	0.1000000000	100	100	0	0.977833
2028000	0.8000000000	0.0100000000	0.1000000000	100	100	0	0.978441
2029000	0.8000000000	0.0100000000	0.1000000000	100	100	0	0.978509
2030000	0.8000000000	0.0100000000	0.1000000000	100	100	0	0.978368
2031000	0.8000000000	0.0100000000	0.1000000000	100	100	0	0.978245
2032000	0.8000000000	0.0100000000	0.1000000000	100	100	0	0.978161
2033000	0.8000000000	0.0100000000	0.1000000000	100	100	0	0.978077
2034000	0.8000000000	0.0100000000	0.1000000000	100	100	0	0.978631
2035000	0.8000000000	0.0100000000	0.1000000000	100	100	0	0.978584
2036000	0.8000000000	0.0100000000	0.1000000000	100	100	0	0.978471
2037000	0.8000000000	0.0100000000	0.1000000000	100	100	0	0.978299
2038000	0.8000000000	0.0100000000	0.1000000000	100	100	0	0.978342
2039000	0.8000000000	0.0100000000	0.1000000000	100	100	0	0.978764
2040000	0.8000000000	0.0100000000	0.1000000000	100	100	0	0.978398
2041000	0.8000000000	0.0100000000	0.1000000000	100	100	0	0.978803
2042000	0.8000000000	0.0100000000	0.1000000000	100	100	0	0.978457
2043000	0.8000000000	0.0100000000	0.1000000000	100	100	0	0.978902
2044000	0.8000000000	0.0100000000	0.1000000000	100	100	0	0.978179
2045000	0.8000000000	0.0100000000	0.1000000000	100	100	0	0.978274
2046000	0.8000000000	0.0100000000	0.1000000000	100	100	0	0.977992
2047000	0.8000000000	0.0100000000	0.1000000000	100	100	0	0.978538
2048000	0.8000000000	0.0100000000	0.1000000000	100	100	0	0.978375
2049000	0.8000000000	0.0100000000	0.1000000000	100	100	0	0.978069
2050000	0.8000000000	0.0100000000	0.1000000000	100	100	0	0.978089
2051000	0.8000000000	0.0100000000	0.1000000000	100	100	0	0.978010
2052000	0.8000000000	0.0100000000	0.1000000000	100	100	0	0.978229
2053000	0.8000000000	0.0100000000	0.1000000000	100	100	0	0.978779
2054000	0.8000000000	0.0100000000	0.1000000000	100	100	0	0.978250
2055000	0.8000000000	0.0100000000	0.1000000000	100	100	0	0.978493
2056000	0.8000000000	0.0100000000	0.1000000000	100	100	0	0.978352
2057000	0.8000000000	0.0100000000	0.1000000000	100	100	0	0.978968
2058000	0.8000000000	0.0100000000	0.1000000000	100	100	0	0.978454
2059000	0.8000000000	0.0100000000	0.1000000000	100	100	0	0.978735
2060000	0.8000000000	0.0100000000	0.1000000000	100	100	0	0.978502
2061000	0.8000000000	0.0100000000	0.1000000000	100	100	0	0.978349
2062000	0.8000000000	0.0100000000	0.1000000000	100	100	0	0.978869
2063000	0.8000000000	0.0100000000	0.1000000000	100	100	0	0.978554
2064000	0.8000000000	0.0100000000	0.1000000000	100	100	0	0.978284
2065000	0.8000000000	0.0100000000	0.1000000000	100	100	0	0.978744
2066000	0.8000000000	0.0100000000	0.1000000000	100	100	0	0.978244
2067000	0.8000000000	0.0100000000	0.1000000000	100	100	0	0.978589
2068000	0.8000000000	0.0100000000	0.1000000000	100	100	0	0.978357
2069000	0.8000000000	0.0100000000	0.1000000000	100	100	0	0.978480
2070000	0.8000000000	0.0100000000	0.1000000000	100	100	0	0.978659
2071000	0.8000000000	0.0100000000	0.1000000000	100	100	0	0.978460
2072000	0.8000000000	0.0100000000	0.1000000000	100	100	0	0.979127
2073000	0.8000000000	0.0100000000	0.1000000000	100	100	0	0.978584
2074000	0.8000000000	0.0100000000	0.1000000000	100	100	0	0.978900
2075000	0.8000000000	0.0100000000	0.1000000000	100	100	0	0.977818
2076000	0.8000000000	0.0100000000	0.1000000000	100	100	0	0.978221
2077000	0.8000000000	0.0100000000	0.1000000000	100	100	0	0.978413
2078000	0.8000000000	0.0100000000	0.1000000000	100	100	0	0.978710
2079000	0.8000000000	0.0100000000	0.1000000000	100	100	0	0.978134
2080000	0.8000000000	0.0100000000	0.1000000000	100	100	0	0.977997
2081000	0.8000000000	0.0100000000	0.1000000000	100	100	0	0.977442
2082000	0.8000000000	0.0100000000	0.1000000000	100	100	0	0.977956
2083000	0.8000000000	0.0100000000	0.1000000000	100	100	0	0.977978
2084000	0.8000000000	0.0100000000	0.1000000000	100	100	0	0.978487
2085000	0.8000000000	0.0100000000	0.1000000000	100	100	0	0.978171
2086000	0.8000000000	0.0100000000	0.1000000000	100	100	0	0.977839
2087000	0.8000000000	0.0100000000	0.1000000000	100	100	0	0.978176
2088000	0.8000000000	0.0100000000	0.1000000000	100	100	0	0.978648
2089000	0.8000000000	0.0100000000	0.1000000000	100	100	0	0.978432
2090000	0.8000000000	0.0100000000	0.1000000000	100	100	0	0.978694
2091000	0.8000000000	0.0100000000	0.1000000000	100	100	0	0.978446
2092000	0.8000000000	0.0100000000	0.1000000000	100	100	0	0.978353
2093000	0.8000000000	0.0100000000	0.1000000000	100	100	0	0.978162
2094000	0.8000000000	0.0100000000	0.1000000000	100	100	0	0.978208
2095000	0.8000000000	0.0100000000	0.1000000000	100	100	0	0.978942
2096000	0.8000000000	0.0100000000	0.1000000000	100	100	0	0.978713
2097000	0.8000000000	0.0100000000	0.1000000000	100	100	0	0.978533
2098000	0.8000000000	0.0100000000	0.1000000000	100	100	0	0.977982
2099000	0.8000000000	0.0100000000	0.1000000000	100	100	0	0.978098
2100000	0.8000000000	0.0100000000	0.1000000000	100	100	0	0.978553
2101000	0.8000000000	0.0100000000	0.1000000000	100	100	0	0.978587
2102000	0.8000000000	0.0100000000	0.1000000000	100	100	0	0.978196
2103000	0.8000000000	0.0100000000	0.1000000000	100	100	0	0.978746
2104000	0.8000000000	0.0100000000	0.1000000000	100	100	0	0.979054
2105000	0.8000000000	0.0100000000	0.1000000000	100	100	0	0.978404
2106000	0.8000000000	0.0100000000	0.1000000000	100	100	0	0.978544
2107000	0.8000000000	0.0100000000	0.1000000000	100	100	0	0.978407
2108000	0.8000000000	0.0100000000	0.1000000000	100	100	0	0.977904
2109000	0.8000000000	0.0100000000	0.1000000000	100	100	0	0.978396
2110000	0.8000000000	0.0100000000	0.1000000000	100	100	0	0.978361
2111000	0.8000000000	0.0100000000	0.1000000000	100	100	0	0.978253
2112000	0.8000000000	0.0100000000	0.1000000000	100	100	0	0.978162
2113000	0.8000000000	0.0100000000	0.1000000000	100	100	0	0.978445
2114000	0.8000000000	0.0100000000	0.1000000000	100	100	0	0.978524
2115000	0.8000000000	0.0100000000	0.1000000000	100	100	0	0.978020
2116000	0.8000000000	0.0100000000	0.1000000000	100	100	0	0.978080
2117000	0.8000000000	0.0100000000	0.1000000000	100	100	0	0.977856
2118000	0.8000000000	0.0100000000	0.1000000000	100	100	0	0.978426
2119000	0.8000000000	0.0100000000	0.1000000000	100	100	0	0.978611
2120000	0.8000000000	0.0100000000	0.1000000000	100	100	0	0.978170
2121000	0.8000000000	0.0100000000	0.1000000000	100	100	0	0.978089
2122000	0.8000000000	0.0100000000	0.1000000000	100	100	0	0.978172
2123000	0.8000000000	0.0100000000	0.1000000000	100	100	0	0.978530
2124000	0.8000000000	0.0100000000	0.1000000000	100	100	0	0.978223
2125000	0.8000000000	0.0100000000	0.1000000000	100	100	0	0.978638
2126000	0.8000000000	0.0100000000	0.1000000000	100	100	0	0.978903
2127000	0.8000000000	0.0100000000	0.1000000000	100	100	0	0.978498
2128000	0.8000000000	0.0100000000	0.1000000000	100	100	0	0.978400
2129000	0.8000000000	0.0100000000	0.1000000000	100	100	0	0.978110
2130000	0.8000000000	0.0100000000	0.1000000000	100	100	0	0.977852
2131000	0.8000000000	0.0100000000	0.1000000000	100	100	0	0.978666
2132000	0.8000000000	0.0100000000	0.1000000000	100	100	0	0.978008
2133000	0.8000000000	0.0100000000	0.1000000000	100	100	0	0.978024
2134000	0.8000000000	0.0100000000	0.1000000000	100	100	0	0.977743
2135000	0.8000000000	0.0100000000	0.1000000000	100	100	0	0.978219
2136000	0.8000000000	0.0100000000	0.1000000000	100	100	0	0.978790
2137000	0.8000000000	0.0100000000	0.1000000000	100	100	0	0.977874
2138000	0.8000000000	0.0100000000	0.1000000000	100	100	0	0.978107
2139000	0.8000000000	0.0100000000	0.1000000000	100	100	0	0.978157
2140000	0.8000000000	0.0100000000	0.1000000000	100	100	0	0.978824
2141000	0.8000000000	0.0100000000	0.1000000000	100	100	0	0.979082
2142000	0.8000000000	0.0100000000	0.1000000000	100	100	0	0.978450
2143000	0.8000000000	0.0100000000	0.1000000000	100	100	0	0.978493
2144000	0.8000000000	0.0100000000	0.1000000000	100	100	0	0.978427
2145000	0.8000000000	0.0100000000	0.1000000000	100	100	0	0.978056
2146000	0.8000000000	0.0100000000	0.1000000000	100	100	0	0.978403
2147000	0.8000000000	0.0100000000	0.1000000000	100	100	0	0.978423
2148000	0.8000000000	0.0100000000	0.1000000000	100	100	0	0.978211
2149000	0.8000000000	0.0100000000	0.1000000000	100	100	0	0.978692
2150000	0.8000000000	0.0100000000	0.1000000000	100	100	0	0.978638
2151000	0.8000000000	0.0100000000	0.1000000000	100	100	0	0.978181
2152000	0.8000000000	0.0100000000	0.1000000000	100	100	0	0.978011
2153000	0.8000000000	0.0100000000	0.1000000000	100	100	0	0.978316
2154000	0.8000000000	0.0100000000	0.1000000000	100	100	0	0.978184
2155000	0.8000000000	0.0100000000	0.1000000000	100	100	0	0.979195
2156000	0.8000000000	0.0100000000	0.1000000000	100	100	0	0.978570
2157000	0.8000000000	0.0100000000	0.1000000000	100	100	0	0.978640
2158000	0.8000000000	0.0100000000	0.1000000000	100	100	0	0.978137
2159000	0.8000000000	0.0100000000	0.1000000000	100	100	0	0.978354
2160000	0.8000000000	0.0100000000	0.1000000000	100	100	0	0.978591
2161000	0.8000000000	0.0100000000	0.1000000000	100	100	0	0.978372
2162000	0.8000000000	0.0100000000	0.1000000000	100	100	0	0.978022
2163000	0.8000000000	0.0100000000	0.1000000000	100	100	0	0.978756
2164000	0.8000000000	0.0100000000	0.1000000000	100	100	0	0.978706
2165000	0.8000000000	0.0100000000	0.1000000000	100	100	0	0.978317
2166000	0.8000000000	0.0100000000	0.1000000000	100	100	0	0.978106
2167000	0.8000000000	0.0100000000	0.1000000000	100	100	0	0.978885
2168000	0.8000000000	0.0100000000	0.1000000000	100	100	0	0.978813
2169000	0.8000000000	0.0100000000	0.1000000000	100	100	0	0.978390
2170000	0.8000000000	0.0100000000	0.1000000000	100	100	0	0.978576
2171000	0.8000000000	0.0100000000	0.1000000000	100	100	0	0.978104
2172000	0.8000000000	0.0100000000	0.1000000000	100	100	0	0.978423
2173000	0.8000000000	0.0100000000	0.1000000000	100	100	0	0.978176
2174000	0.8000000000	0.0100000000	0.1000000000	100	100	0	0.978602
2175000	0.8000000000	0.0100000000	0.1000000000	100	100	0	0.978604
2176000	0.8000000000	0.0100000000	0.1000000000	100	100	0	0.977847
2177000	0.8000000000	0.0100000000	0.1000000000	100	100	0	0.978767
2178000	0.8000000000	0.0100000000	0.1000000000	100	100	0	0.978474
2179000	0.8000000000	0.0100000000	0.1000000000	100	100	0	0.978450
2180000	0.8000000000	0.0100000000	0.1000000000	100	100	0	0.978676
2181000	0.8000000000	0.0100000000	0.1000000000	100	100	0	0.978557
2182000	0.8000000000	0.0100000000	0.1000000000	100	100	0	0.978719
2183000	0.8000000000	0.0100000000	0.1000000000	100	100	0	0.978317
2184000	0.8000000000	0.0100000000	0.1000000000	100	100	0	0.978173
2185000	0.8000000000	0.0100000000	0.1000000000	100	100	0	0.978632
2186000	0.8000000000	0.0100000000	0.1000000000	100	100	0	0.978388
2187000	0.8000000000	0.0100000000	0.1000000000	100	100	0	0.978202
2188000	0.8000000000	0.0100000000	0.1000000000	100	100	0	0.977991
2189000	0.8000000000	0.0100000000	0.1000000000	100	100	0	0.978889
2190000	0.8000000000	0.0100000000	0.1000000000	100	100	0	0.977914
2191000	0.8000000000	0.0100000000	0.1000000000	100	100	0	0.977617
2192000	0.8000000000	0.0100000000	0.1000000000	100	100	0	0.978738
2193000	0.8000000000	0.0100000000	0.1000000000	100	100	0	0.978732
2194000	0.8000000000	0.0100000000	0.1000000000	100	100	0	0.978552
2195000	0.8000000000	0.0100000000	0.1000000000	100	100	0	0.978485
2196000	0.8000000000	0.0100000000	0.1000000000	100	100	0	0.979424
2197000	0.8000000000	0.0100000000	0.1000000000	100	100	0	0.978731
2198000	0.8000000000	0.0100000000	0.1000000000	100	100	0	0.978849
2199000	0.8000000000	0.0100000000	0.1000000000	100	100	0	0.977802
2200000	0.8000000000	0.0100000000	0.1000000000	100	100	0	0.978225
2201000	0.8000000000	0.0100000000	0.1000000000	100	100	0	0.977964
2202000	0.8000000000	0.0100000000	0.1000000000	100	100	0	0.978283
2203000	0.8000000000	0.0100000000	0.1000000000	100	100	0	0.979246
2204000	0.8000000000	0.0100000000	0.1000000000	100	100	0	0.978792
2205000	0.8000000000	0.0100000000	0.1000000000	100	100	0	0.978138
2206000	0.8000000000	0.0100000000	0.1000000000	100	100	0	0.978136
2207000	0.8000000000	0.0100000000	0.1000000000	100	100	0	0.978035
2208000	0.8000000000	0.0100000000	0.1000000000	100	100	0	0.978400
2209000	0.8000000000	0.0100000000	0.1000000000	100	100	0	0.979121
2210000	0.8000000000	0.0100000000	0.1000000000	100	100	0	0.978058
2211000	0.8000000000	0.0100000000	0.1000000000	100	100	0	0.978853
2212000	0.8000000000	0.0100000000	0.1000000000	100	100	0	0.978519
2213000	0.8000000000	0.0100000000	0.1000000000	100	100	0	0.978391
2214000	0.8000000000	0.0100000000	0.1000000000	100	100	0	0.978729
2215000	0.8000000000	0.0100000000	0.1000000000	100	100	0	0.978087
2216000	0.8000000000	0.0100000000	0.1000000000	100	100	0	0.979228
2217000	0.8000000000	0.0100000000	0.1000000000	100	100	0	0.978578
2218000	0.8000000000	0.0100000000	0.1000000000	100	100	0	0.978627
2219000	0.8000000000	0.0100000000	0.1000000000	100	100	0	0.978342
2220000	0.8000000000	0.0100000000	0.1000000000	100	100	0	0.978008
2221000	0.8000000000	0.0100000000	0.1000000000	100	100	0	0.978350
2222000	0.8000000000	0.0100000000	0.1000000000	100	100	0	0.978487
2223000	0.8000000000	0.0100000000	0.1000000000	100	100	0	0.978206
2224000	0.8000000000	0.0100000000	0.1000000000	100	100	0	0.978928
2225000	0.8000000000	0.0100000000	0.1000000000	100	100	0	0.978941
2226000	0.8000000000	0.0100000000	0.1000000000	100	100	0	0.978808
2227000	0.8000000000	0.0100000000	0.1000000000	100	100	0	0.978731
2228000	0.8000000000	0.0100000000	0.1000000000	100	100	0	0.978436
2229000	0.8000000000	0.0100000000	0.1000000000	100	100	0	0.978361
2230000	0.8000000000	0.0100000000	0.1000000000	100	100	0	0.978123
2231000	0.8000000000	0.0100000000	0.1000000000	100	100	0	0.978109
2232000	0.8000000000	0.0100000000	0.1000000000	100	100	0	0.978548
2233000	0.8000000000	0.0100000000	0.1000000000	100	100	0	0.978328
2234000	0.8000000000	0.0100000000	0.1000000000	100	100	0	0.978463
2235000	0.8000000000	0.0100000000	0.1000000000	100	100	0	0.978340
2236000	0.8000000000	0.0100000000	0.1000000000	100	100	0	0.978331
2237000	0.8000000000	0.0100000000	0.1000000000	100	100	0	0.978195
2238000	0.8000000000	0.0100000000	0.1000000000	100	100	0	0.978420
2239000	0.8000000000	0.0100000000	0.1000000000	100	100	0	0.978397
2240000	0.8000000000	0.0100000000	0.1000000000	100	100	0	0.978244
2241000	0.8000000000	0.0100000000	0.1000000000	100	100	0	0.978490
2242000	0.8000000000	0.0100000000	0.1000000000	100	100	0	0.979231
2243000	0.8000000000	0.0100000000	0.1000000000	100	100	0	0.978708
2244000	0.8000000000	0.0100000000	0.1000000000	100	100	0	0.978668
2245000	0.8000000000	0.0100000000	0.1000000000	100	100	0	0.978185
2246000	0.8000000000	0.0100000000	0.1000000000	100	100	0	0.979182
2247000	0.8000000000	0.0100000000	0.1000000000	100	100	0	0.978303
2248000	0.8000000000	0.0100000000	0.1000000000	100	100	0	0.978717
2249000	0.8000000000	0.0100000000	0.1000000000	100	100	0	0.978084
2250000	0.8000000000	0.0100000000	0.1000000000	100	100	0	0.978258
2251000	0.8000000000	0.0100000000	0.1000000000	100	100	0	0.978073
2252000	0.8000000000	0.0100000000	0.1000000000	100	100	0	0.977992
2253000	0.8000000000	0.0100000000	0.1000000000	100	100	0	0.977982
2254000	0.8000000000	0.0100000000	0.1000000000	100	100	0	0.977896
2255000	0.8000000000	0.0100000000	0.1000000000	100	100	0	0.978380
2256000	0.8000000000	0.0100000000	0.1000000000	100	100	0	0.978835
2257000	0.8000000000	0.0100000000	0.1000000000	100	100	0	0.978184
2258000	0.8000000000	0.0100000000	0.1000000000	100	100	0	0.978688
2259000	0.8000000000	0.0100000000	0.1000000000	100	100	0	0.978230
2260000	0.8000000000	0.0100000000	0.1000000000	100	100	0	0.978043
2261000	0.8000000000	0.0100000000	0.1000000000	100	100	0	0.978700
2262000	0.8000000000	0.0100000000	0.1000000000	100	100	0	0.978516
2263000	0.8000000000	0.0100000000	0.1000000000	100	100	0	0.978048
2264000	0.8000000000	0.0100000000	0.1000000000	100	100	0	0.977898
2265000	0.8000000000	0.0100000000	0.1000000000	100	100	0	0.978519
2266000	0.8000000000	0.0100000000	0.1000000000	100	100	0	0.978552
2267000	0.8000000000	0.0100000000	0.1000000000	100	100	0	0.978086
2268000	0.8000000000	0.0100000000	0.1000000000	100	100	0	0.978871
2269000	0.8000000000	0.0100000000	0.1000000000	100	100	0	0.978077
2270000	0.8000000000	0.0100000000	0.1000000000	100	100	0	0.978248
2271000	0.8000000000	0.0100000000	0.1000000000	100	100	0	0.978263
2272000	0.8000000000	0.0100000000	0.1000000000	100	100	0	0.978328
2273000	0.8000000000	0.0100000000	0.1000000000	100	100	0	0.977477
2274000	0.8000000000	0.0100000000	0.1000000000	100	100	0	0.978125
2275000	0.8000000000	0.0100000000	0.1000000000	100	100	0	0.978264
2276000	0.8000000000	0.0100000000	0.1000000000	100	100	0	0.978565
2277000	0.8000000000	0.0100000000	0.1000000000	100	100	0	0.978578
2278000	0.8000000000	0.0100000000	0.1000000000	100	100	0	0.977845
2279000	0.8000000000	0.0100000000	0.1000000000	100	100	0	0.978440
2280000	0.8000000000	0.0100000000	0.1000000000	100	100	0	0.978683
2281000	0.8000000000	0.0100000000	0.1000000000	100	100	0	0.978038
2282000	0.8000000000	0.0100000000	0.1000000000	100	100	0	0.978403
2283000	0.8000000000	0.0100000000	0.1000000000	100	100	0	0.978545
2284000	0.8000000000	0.0100000000	0.1000000000	100	100	0	0.978030
2285000	0.8000000000	0.0100000000	0.1000000000	100	100	0	0.978948
2286000	0.8000000000	0.0100000000	0.1000000000	100	100	0	0.978769
2287000	0.8000000000	0.0100000000	0.1000000000	100	100	0	0.978515
2288000	0.8000000000	0.0100000000	0.1000000000	100	100	0	0.978368
2289000	0.8000000000	0.0100000000	0.1000000000	100	100	0	0.978295
2290000	0.8000000000	0.0100000000	0.1000000000	100	100	0	0.978145
2291000	0.8000000000	0.0100000000	0.1000000000	100	100	0	0.979087
2292000	0.8000000000	0.0100000000	0.1000000000	100	100	0	0.978143
2293000	0.8000000000	0.0100000000	0.1000000000	100	100	0	0.978271
2294000	0.8000000000	0.0100000000	0.1000000000	100	100	0	0.978605
2295000	0.8000000000	0.0100000000	0.1000000000	100	100	0	0.978135
2296000	0.8000000000	0.0100000000	0.1000000000	100	100	0	0.978044
2297000	0.8000000000	0.0100000000	0.1000000000	100	100	0	0.978642
2298000	0.8000000000	0.0100000000	0.1000000000	100	100	0	0.978540
2299000	0.8000000000	0.0100000000	0.1000000000	100	100	0	0.978596
2300000	0.8000000000	0.0100000000	0.1000000000	100	100	0	0.978558
2301000	0.8000000000	0.0100000000	0.1000000000	100	100	0	0.978560
2302000	0.8000000000	0.0100000000	0.1000000000	100	100	0	0.978890
2303000	0.8000000000	0.0100000000	0.1000000000	100	100	0	0.978281
2304000	0.8000000000	0.0100000000	0.1000000000	100	100	0	0.978810
2305000	0.8000000000	0.0100000000	0.1000000000	100	100	0	0.978688
2306000	0.8000000000	0.0100000000	0.1000000000	100	100	0	0.978338
2307000	0.8000000000	0.0100000000	0.1000000000	100	100	0	0.978701
2308000	0.8000000000	0.0100000000	0.1000000000	100	100	0	0.978760
2309000	0.8000000000	0.0100000000	0.1000000000	100	100	0	0.978455
2310000	0.8000000000	0.0100000000	0.1000000000	100	100	0	0.978483
2311000	0.8000000000	0.0100000000	0.1000000000	100	100	0	0.978426
2312000	0.8000000000	0.0100000000	0.1000000000	100	100	0	0.978492
2313000	0.8000000000	0.0100000000	0.1000000000	100	100	0	0.978309
2314000	0.8000000000	0.0100000000	0.1000000000	100	100	0	0.978604
2315000	0.8000000000	0.0100000000	0.1000000000	100	100	0	0.978670
2316000	0.8000000000	0.0100000000	0.1000000000	100	100	0	0.978259
2317000	0.8000000000	0.0100000000	0.1000000000	100	100	0	0.978677
2318000	0.8000000000	0.0100000000	0.1000000000	100	100	0	0.978602
2319000	0.8000000000	0.0100000000	0.1000000000	100	100	0	0.979631
2320000	0.8000000000	0.0100000000	0.1000000000	100	100	0	0.978880
2321000	0.8000000000	0.0100000000	0.1000000000	100	100	0	0.978455
2322000	0.8000000000	0.0100000000	0.1000000000	100	100	0	0.978405
2323000	0.8000000000	0.0100000000	0.1000000000	100	100	0	0.978688
2324000	0.8000000000	0.0100000000	0.1000000000	100	100	0	0.978375
2325000	0.8000000000	0.0100000000	0.1000000000	100	100	0	0.978212
2326000	0.8000000000	0.0100000000	0.1000000000	100	100	0	0.978808
2327000	0.8000000000	0.0100000000	0.1000000000	100	100	0	0.979069
2328000	0.8000000000	0.0100000000	0.1000000000	100	100	0	0.978875
2329000	0.8000000000	0.0100000000	0.1000000000	100	100	0	0.978189
2330000	0.8000000000	0.0100000000	0.1000000000	100	100	0	0.978252
2331000	0.8000000000	0.0100000000	0.1000000000	100	100	0	0.978979
2332000	0.8000000000	0.0100000000	0.1000000000	100	100	0	0.978001
2333000	0.8000000000	0.0100000000	0.1000000000	100	100	0	0.978065
2334000	0.8000000000	0.0100000000	0.1000000000	100	100	0	0.978560
2335000	0.8000000000	0.0100000000	0.1000000000	100	100	0	0.978586
2336000	0.8000000000	0.0100000000	0.1000000000	100	100	0	0.978364
2337000	0.8000000000	0.0100000000	0.1000000000	100	100	0	0.978682
2338000	0.8000000000	0.0100000000	0.1000000000	100	100	0	0.978236
2339000	0.8000000000	0.0100000000	0.1000000000	100	100	0	0.978278
2340000	0.8000000000	0.0100000000	0.1000000000	100	100	0	0.978292
2341000	0.8000000000	0.0100000000	0.1000000000	100	100	0	0.978140
2342000	0.8000000000	0.0100000000	0.1000000000	100	100	0	0.978458
2343000	0.8000000000	0.0100000000	0.1000000000	100	100	0	0.978633
2344000	0.8000000000	0.0100000000	0.1000000000	100	100	0	0.977985
2345000	0.8000000000	0.0100000000	0.1000000000	100	100	0	0.978545
2346000	0.8000000000	0.0100000000	0.1000000000	100	100	0	0.978025
2347000	0.8000000000	0.0100000000	0.1000000000	100	100	0	0.978326
2348000	0.8000000000	0.0100000000	0.1000000000	100	100	0	0.978423
2349000	0.8000000000	0.0100000000	0.1000000000	100	100	0	0.978225
2350000	0.8000000000	0.0100000000	0.1000000000	100	100	0	0.978199
2351000	0.8000000000	0.0100000000	0.1000000000	100	100	0	0.978419
2352000	0.8000000000	0.0100000000	0.1000000000	100	100	0	0.978555
2353000	0.8000000000	0.0100000000	0.1000000000	100	100	0	0.978833
2354000	0.8000000000	0.0100000000	0.1000000000	100	100	0	0.978346
2355000	0.8000000000	0.0100000000	0.1000000000	100	100	0	0.978427
2356000	0.8000000000	0.0100000000	0.1000000000	100	100	0	0.978316
2357000	0.8000000000	0.0100000000	0.1000000000	100	100	0	0.978316
2358000	0.8000000000	0.0100000000	0.1000000000	100	100	0	0.978771
2359000	0.8000000000	0.0100000000	0.1000000000	100	100	0	0.978849
2360000	0.8000000000	0.0100000000	0.1000000000	100	100	0	0.979041
2361000	0.8000000000	0.0100000000	0.1000000000	100	100	0	0.978559
2362000	0.8000000000	0.0100000000	0.1000000000	100	100	0	0.978798
2363000	0.8000000000	0.0100000000	0.1000000000	100	100	0	0.978257
2364000	0.8000000000	0.0100000000	0.1000000000	100	100	0	0.978263
2365000	0.8000000000	0.0100000000	0.1000000000	100	100	0	0.978447
2366000	0.8000000000	0.0100000000	0.1000000000	100	100	0	0.978547
2367000	0.8000000000	0.0100000000	0.1000000000	100	100	0	0.977892
2368000	0.8000000000	0.0100000000	0.1000000000	100	100	0	0.977856
2369000	0.8000000000	0.0100000000	0.1000000000	100	100	0	0.978496
2370000	0.8000000000	0.0100000000	0.1000000000	100	100	0	0.978155
2371000	0.8000000000	0.0100000000	0.1000000000	100	100	0	0.978503
2372000	0.8000000000	0.0100000000	0.1000000000	100	100	0	0.978893
2373000	0.8000000000	0.0100000000	0.1000000000	100	100	0	0.977778
2374000	0.8000000000	0.0100000000	0.1000000000	100	100	0	0.978423
2375000	0.8000000000	0.0100000000	0.1000000000	100	100	0	0.978318
2376000	0.8000000000	0.0100000000	0.1000000000	100	100	0	0.978217
2377000	0.8000000000	0.0100000000	0.1000000000	100	100	0	0.977972
2378000	0.8000000000	0.0100000000	0.1000000000	100	100	0	0.978637
2379000	0.8000000000	0.0100000000	0.1000000000	100	100	0	0.978216
2380000	0.8000000000	0.0100000000	0.1000000000	100	100	0	0.978613
2381000	0.8000000000	0.0100000000	0.1000000000	100	100	0	0.978212
2382000	0.8000000000	0.0100000000	0.1000000000	100	100	0	0.978301
2383000	0.8000000000	0.0100000000	0.1000000000	100	100	0	0.978532
2384000	0.8000000000	0.0100000000	0.1000000000	100	100	0	0.978550
2385000	0.8000000000	0.0100000000	0.1000000000	100	100	0	0.978693
2386000	0.8000000000	0.0100000000	0.1000000000	100	100	0	0.978764
2387000	0.8000000000	0.0100000000	0.1000000000	100	100	0	0.978287
2388000	0.8000000000	0.0100000000	0.1000000000	100	100	0	0.978391
2389000	0.8000000000	0.0100000000	0.1000000000	100	100	0	0.977703
2390000	0.8000000000	0.0100000000	0.1000000000	100	100	0	0.978032
2391000	0.8000000000	0.0100000000	0.1000000000	100	100	0	0.978258
2392000	0.8000000000	0.0100000000	0.1000000000	100	100	0	0.978358
2393000	0.8000000000	0.0100000000	0.1000000000	100	100	0	0.978281
2394000	0.8000000000	0.0100000000	0.1000000000	100	100	0	0.978029
2395000	0.8000000000	0.0100000000	0.1000000000	100	100	0	0.978327
2396000	0.8000000000	0.0100000000	0.1000000000	100	100	0	0.977968
2397000	0.8000000000	0.0100000000	0.1000000000	100	100	0	0.978391
2398000	0.8000000000	0.0100000000	0.1000000000	100	100	0	0.978282
2399000	0.8000000000	0.0100000000	0.1000000000	100	100	0	0.978409
2400000	0.8000000000	0.0100000000	0.1000000000	100	100	0	0.978226
2401000	0.8000000000	0.0100000000	0.1000000000	100	100	0	0.978697
2402000	0.8000000000	0.0100000000	0.1000000000	100	100	0	0.978314
2403000	0.8000000000	0.0100000000	0.1000000000	100	100	0	0.978230
2404000	0.8000000000	0.0100000000	0.1000000000	100	100	0	0.977807
2405000	0.8000000000	0.0100000000	0.1000000000	100	100	0	0.978873
2406000	0.8000000000	0.0100000000	0.1000000000	100	100	0	0.977963
2407000	0.8000000000	0.0100000000	0.1000000000	100	100	0	0.978341
2408000	0.8000000000	0.0100000000	0.1000000000	100	100	0	0.978973
2409000	0.8000000000	0.0100000000	0.1000000000	100	100	0	0.978330
2410000	0.8000000000	0.0100000000	0.1000000000	100	100	0	0.977850
2411000	0.8000000000	0.0100000000	0.1000000000	100	100	0	0.978039
2412000	0.8000000000	0.0100000000	0.1000000000	100	100	0	0.978857
2413000	0.8000000000	0.0100000000	0.1000000000	100	100	0	0.978380
2414000	0.8000000000	0.0100000000	0.1000000000	100	100	0	0.978413
2415000	0.8000000000	0.0100000000	0.1000000000	100	100	0	0.978148
2416000	0.8000000000	0.0100000000	0.1000000000	100	100	0	0.978716
2417000	0.8000000000	0.0100000000	0.1000000000	100	100	0	0.978931
2418000	0.8000000000	0.0100000000	0.1000000000	100	100	0	0.978315
2419000	0.8000000000	0.0100000000	0.1000000000	100	100	0	0.978420
2420000	0.8000000000	0.0100000000	0.1000000000	100	100	0	0.977984
2421000	0.8000000000	0.0100000000	0.1000000000	100	100	0	0.978720
2422000	0.8000000000	0.0100000000	0.1000000000	100	100	0	0.978851
2423000	0.8000000000	0.0100000000	0.1000000000	100	100	0	0.979135
2424000	0.8000000000	0.0100000000	0.1000000000	100	100	0	0.979005
2425000	0.8000000000	0.0100000000	0.1000000000	100	100	0	0.978943
2426000	0.8000000000	0.0100000000	0.1000000000	100	100	0	0.978280
2427000	0.8000000000	0.0100000000	0.1000000000	100	100	0	0.977812
2428000	0.8000000000	0.0100000000	0.1000000000	100	100	0	0.978250
2429000	0.8000000000	0.0100000000	0.1000000000	100	100	0	0.978161
2430000	0.8000000000	0.0100000000	0.1000000000	100	100	0	0.978145
2431000	0.8000000000	0.0100000000	0.1000000000	100	100	0	0.978484
2432000	0.8000000000	0.0100000000	0.1000000000	100	100	0	0.978450
2433000	0.8000000000	0.0100000000	0.1000000000	100	100	0	0.978292
2434000	0.8000000000	0.0100000000	0.1000000000	100	100	0	0.978583
2435000	0.8000000000	0.0100000000	0.1000000000	100	100	0	0.978823
2436000	0.8000000000	0.0100000000	0.1000000000	100	100	0	0.978567
2437000	0.8000000000	0.0100000000	0.1000000000	100	100	0	0.979154
2438000	0.8000000000	0.0100000000	0.1000000000	100	100	0	0.978373
2439000	0.8000000000	0.0100000000	0.1000000000	100	100	0	0.978227
2440000	0.8000000000	0.0100000000	0.1000000000	100	100	0	0.977702
2441000	0.8000000000	0.0100000000	0.1000000000	100	100	0	0.978558
2442000	0.8000000000	0.0100000000	0.1000000000	100	100	0	0.977446
2443000	0.8000000000	0.0100000000	0.1000000000	100	100	0	0.978403
2444000	0.8000000000	0.0100000000	0.1000000000	100	100	0	0.978461
2445000	0.8000000000	0.0100000000	0.1000000000	100	100	0	0.978640
2446000	0.8000000000	0.0100000000	0.1000000000	100	100	0	0.978768
2447000	0.8000000000	0.0100000000	0.1000000000	100	100	0	0.978885
2448000	0.8000000000	0.0100000000	0.1000000000	100	100	0	0.977986
2449000	0.8000000000	0.0100000000	0.1000000000	100	100	0	0.978424
2450000	0.8000000000	0.0100000000	0.1000000000	100	100	0	0.978730
2451000	0.8000000000	0.0100000000	0.1000000000	100	100	0	0.978650
2452000	0.8000000000	0.0100000000	0.1000000000	100	100	0	0.978427
2453000	0.8000000000	0.0100000000	0.1000000000	100	100	0	0.978127
2454000	0.8000000000	0.0100000000	0.1000000000	100	100	0	0.978944
2455000	0.8000000000	0.0100000000	0.1000000000	100	100	0	0.978484
2456000	0.8000000000	0.0100000000	0.1000000000	100	100	0	0.978641
2457000	0.8000000000	0.0100000000	0.1000000000	100	100	0	0.978221
2458000	0.8000000000	0.0100000000	0.1000000000	100	100	0	0.978811
2459000	0.8000000000	0.0100000000	0.1000000000	100	100	0	0.978654
2460000	0.8000000000	0.0100000000	0.1000000000	100	100	0	0.978420
2461000	0.8000000000	0.0100000000	0.1000000000	100	100	0	0.978482
2462000	0.8000000000	0.0100000000	0.1000000000	100	100	0	0.978765
2463000	0.8000000000	0.0100000000	0.1000000000	100	100	0	0.978615
2464000	0.8000000000	0.0100000000	0.1000000000	100	100	0	0.978361
2465000	0.8000000000	0.0100000000	0.1000000000	100	100	0	0.978476
2466000	0.8000000000	0.0100000000	0.1000000000	100	100	0	0.978443
2467000	0.8000000000	0.0100000000	0.1000000000	100	100	0	0.978611
2468000	0.8000000000	0.0100000000	0.1000000000	100	100	0	0.978181
2469000	0.8000000000	0.0100000000	0.1000000000	100	100	0	0.978240
2470000	0.8000000000	0.0100000000	0.1000000000	100	100	0	0.978107
2471000	0.8000000000	0.0100000000	0.1000000000	100	100	0	0.977833
2472000	0.8000000000	0.0100000000	0.1000000000	100	100	0	0.978408
2473000	0.8000000000	0.0100000000	0.1000000000	100	100	0	0.979574
2474000	0.8000000000	0.0100000000	0.1000000000	100	100	0	0.978601
2475000	0.8000000000	0.0100000000	0.1000000000	100	100	0	0.978459
2476000	0.8000000000	0.0100000000	0.1000000000	100	100	0	0.978573
2477000	0.8000000000	0.0100000000	0.1000000000	100	100	0	0.978586
2478000	0.8000000000	0.0100000000	0.1000000000	100	100	0	0.978378
2479000	0.8000000000	0.0100000000	0.1000000000	100	100	0	0.978585
2480000	0.8000000000	0.0100000000	0.1000000000	100	100	0	0.978835
2481000	0.8000000000	0.0100000000	0.1000000000	100	100	0	0.978379
2482000	0.8000000000	0.0100000000	0.1000000000	100	100	0	0.978777
2483000	0.8000000000	0.0100000000	0.1000000000	100	100	0	0.978640
2484000	0.8000000000	0.0100000000	0.1000000000	100	100	0	0.978404
2485000	0.8000000000	0.0100000000	0.1000000000	100	100	0	0.978605
2486000	0.8000000000	0.0100000000	0.1000000000	100	100	0	0.978715
2487000	0.8000000000	0.0100000000	0.1000000000	100	100	0	0.978377
2488000	0.8000000000	0.0100000000	0.1000000000	100	100	0	0.977703
2489000	0.8000000000	0.0100000000	0.1000000000	100	100	0	0.978116
2490000	0.8000000000	0.0100000000	0.1000000000	100	100	0	0.977997
2491000	0.8000000000	0.0100000000	0.1000000000	100	100	0	0.978539
2492000	0.8000000000	0.0100000000	0.1000000000	100	100	0	0.978466
2493000	0.8000000000	0.0100000000	0.1000000000	100	100	0	0.977811
2494000	0.8000000000	0.0100000000	0.1000000000	100	100	0	0.978713
2495000	0.8000000000	0.0100000000	0.1000000000	100	100	0	0.977698
2496000	0.8000000000	0.0100000000	0.1000000000	100	100	0	0.979200
2497000	0.8000000000	0.0100000000	0.1000000000	100	100	0	0.978239
2498000	0.8000000000	0.0100000000	0.1000000000	100	100	0	0.978782
2499000	0.8000000000	0.0100000000	0.1000000000	100	100	0	0.977878
2500000	0.8000000000	0.0100000000	0.1000000000	100	100	0	0.978645
