time	epistasis_coef	sel_coef	mu_prob	Ne	L	k_start	mean_fitness
1500000	-0.4000000000	0.0010000000	0.0100000000	100	100	0	0.884762
1501000	-0.4000000000	0.0010000000	0.0100000000	100	100	0	0.881374
1502000	-0.4000000000	0.0010000000	0.0100000000	100	100	0	0.887572
1503000	-0.4000000000	0.0010000000	0.0100000000	100	100	0	0.891173
1504000	-0.4000000000	0.0010000000	0.0100000000	100	100	0	0.877775
1505000	-0.4000000000	0.0010000000	0.0100000000	100	100	0	0.892062
1506000	-0.4000000000	0.0010000000	0.0100000000	100	100	0	0.863714
1507000	-0.4000000000	0.0010000000	0.0100000000	100	100	0	0.858619
1508000	-0.4000000000	0.0010000000	0.0100000000	100	100	0	0.880045
1509000	-0.4000000000	0.0010000000	0.0100000000	100	100	0	0.887924
1510000	-0.4000000000	0.0010000000	0.0100000000	100	100	0	0.885087
1511000	-0.4000000000	0.0010000000	0.0100000000	100	100	0	0.901388
1512000	-0.4000000000	0.0010000000	0.0100000000	100	100	0	0.926449
1513000	-0.4000000000	0.0010000000	0.0100000000	100	100	0	0.912617
1514000	-0.4000000000	0.0010000000	0.0100000000	100	100	0	0.905660
1515000	-0.4000000000	0.0010000000	0.0100000000	100	100	0	0.889675
1516000	-0.4000000000	0.0010000000	0.0100000000	100	100	0	0.884497
1517000	-0.4000000000	0.0010000000	0.0100000000	100	100	0	0.902401
1518000	-0.4000000000	0.0010000000	0.0100000000	100	100	0	0.901165
1519000	-0.4000000000	0.0010000000	0.0100000000	100	100	0	0.893869
1520000	-0.4000000000	0.0010000000	0.0100000000	100	100	0	0.896574
1521000	-0.4000000000	0.0010000000	0.0100000000	100	100	0	0.894462
1522000	-0.4000000000	0.0010000000	0.0100000000	100	100	0	0.911146
1523000	-0.4000000000	0.0010000000	0.0100000000	100	100	0	0.917207
1524000	-0.4000000000	0.0010000000	0.0100000000	100	100	0	0.897396
1525000	-0.4000000000	0.0010000000	0.0100000000	100	100	0	0.898306
1526000	-0.4000000000	0.0010000000	0.0100000000	100	100	0	0.904389
1527000	-0.4000000000	0.0010000000	0.0100000000	100	100	0	0.900494
1528000	-0.4000000000	0.0010000000	0.0100000000	100	100	0	0.905805
1529000	-0.4000000000	0.0010000000	0.0100000000	100	100	0	0.904436
1530000	-0.4000000000	0.0010000000	0.0100000000	100	100	0	0.900264
1531000	-0.4000000000	0.0010000000	0.0100000000	100	100	0	0.889239
1532000	-0.4000000000	0.0010000000	0.0100000000	100	100	0	0.884110
1533000	-0.4000000000	0.0010000000	0.0100000000	100	100	0	0.887882
1534000	-0.4000000000	0.0010000000	0.0100000000	100	100	0	0.902353
1535000	-0.4000000000	0.0010000000	0.0100000000	100	100	0	0.897779
1536000	-0.4000000000	0.0010000000	0.0100000000	100	100	0	0.895946
1537000	-0.4000000000	0.0010000000	0.0100000000	100	100	0	0.893864
1538000	-0.4000000000	0.0010000000	0.0100000000	100	100	0	0.885151
1539000	-0.4000000000	0.0010000000	0.0100000000	100	100	0	0.880920
1540000	-0.4000000000	0.0010000000	0.0100000000	100	100	0	0.892339
1541000	-0.4000000000	0.0010000000	0.0100000000	100	100	0	0.865616
1542000	-0.4000000000	0.0010000000	0.0100000000	100	100	0	0.893602
1543000	-0.4000000000	0.0010000000	0.0100000000	100	100	0	0.886565
1544000	-0.4000000000	0.0010000000	0.0100000000	100	100	0	0.894616
1545000	-0.4000000000	0.0010000000	0.0100000000	100	100	0	0.902745
1546000	-0.4000000000	0.0010000000	0.0100000000	100	100	0	0.898307
1547000	-0.4000000000	0.0010000000	0.0100000000	100	100	0	0.884856
1548000	-0.4000000000	0.0010000000	0.0100000000	100	100	0	0.908427
1549000	-0.4000000000	0.0010000000	0.0100000000	100	100	0	0.885532
1550000	-0.4000000000	0.0010000000	0.0100000000	100	100	0	0.894367
1551000	-0.4000000000	0.0010000000	0.0100000000	100	100	0	0.884744
1552000	-0.4000000000	0.0010000000	0.0100000000	100	100	0	0.884901
1553000	-0.4000000000	0.0010000000	0.0100000000	100	100	0	0.875051
1554000	-0.4000000000	0.0010000000	0.0100000000	100	100	0	0.893408
1555000	-0.4000000000	0.0010000000	0.0100000000	100	100	0	0.900690
1556000	-0.4000000000	0.0010000000	0.0100000000	100	100	0	0.885199
1557000	-0.4000000000	0.0010000000	0.0100000000	100	100	0	0.898258
1558000	-0.4000000000	0.0010000000	0.0100000000	100	100	0	0.880241
1559000	-0.4000000000	0.0010000000	0.0100000000	100	100	0	0.889540
1560000	-0.4000000000	0.0010000000	0.0100000000	100	100	0	0.888308
1561000	-0.4000000000	0.0010000000	0.0100000000	100	100	0	0.865929
1562000	-0.4000000000	0.0010000000	0.0100000000	100	100	0	0.871814
1563000	-0.4000000000	0.0010000000	0.0100000000	100	100	0	0.871476
1564000	-0.4000000000	0.0010000000	0.0100000000	100	100	0	0.853712
1565000	-0.4000000000	0.0010000000	0.0100000000	100	100	0	0.878617
1566000	-0.4000000000	0.0010000000	0.0100000000	100	100	0	0.882110
1567000	-0.4000000000	0.0010000000	0.0100000000	100	100	0	0.884847
1568000	-0.4000000000	0.0010000000	0.0100000000	100	100	0	0.883624
1569000	-0.4000000000	0.0010000000	0.0100000000	100	100	0	0.884121
1570000	-0.4000000000	0.0010000000	0.0100000000	100	100	0	0.894224
1571000	-0.4000000000	0.0010000000	0.0100000000	100	100	0	0.893355
1572000	-0.4000000000	0.0010000000	0.0100000000	100	100	0	0.902641
1573000	-0.4000000000	0.0010000000	0.0100000000	100	100	0	0.897058
1574000	-0.4000000000	0.0010000000	0.0100000000	100	100	0	0.896435
1575000	-0.4000000000	0.0010000000	0.0100000000	100	100	0	0.868631
1576000	-0.4000000000	0.0010000000	0.0100000000	100	100	0	0.883928
1577000	-0.4000000000	0.0010000000	0.0100000000	100	100	0	0.895995
1578000	-0.4000000000	0.0010000000	0.0100000000	100	100	0	0.896235
1579000	-0.4000000000	0.0010000000	0.0100000000	100	100	0	0.903966
1580000	-0.4000000000	0.0010000000	0.0100000000	100	100	0	0.889540
1581000	-0.4000000000	0.0010000000	0.0100000000	100	100	0	0.895892
1582000	-0.4000000000	0.0010000000	0.0100000000	100	100	0	0.886463
1583000	-0.4000000000	0.0010000000	0.0100000000	100	100	0	0.888220
1584000	-0.4000000000	0.0010000000	0.0100000000	100	100	0	0.891571
1585000	-0.4000000000	0.0010000000	0.0100000000	100	100	0	0.908752
1586000	-0.4000000000	0.0010000000	0.0100000000	100	100	0	0.899725
1587000	-0.4000000000	0.0010000000	0.0100000000	100	100	0	0.866777
1588000	-0.4000000000	0.0010000000	0.0100000000	100	100	0	0.847860
1589000	-0.4000000000	0.0010000000	0.0100000000	100	100	0	0.844431
1590000	-0.4000000000	0.0010000000	0.0100000000	100	100	0	0.856247
1591000	-0.4000000000	0.0010000000	0.0100000000	100	100	0	0.877353
1592000	-0.4000000000	0.0010000000	0.0100000000	100	100	0	0.879307
1593000	-0.4000000000	0.0010000000	0.0100000000	100	100	0	0.896397
1594000	-0.4000000000	0.0010000000	0.0100000000	100	100	0	0.887101
1595000	-0.4000000000	0.0010000000	0.0100000000	100	100	0	0.875205
1596000	-0.4000000000	0.0010000000	0.0100000000	100	100	0	0.879937
1597000	-0.4000000000	0.0010000000	0.0100000000	100	100	0	0.873209
1598000	-0.4000000000	0.0010000000	0.0100000000	100	100	0	0.883869
1599000	-0.4000000000	0.0010000000	0.0100000000	100	100	0	0.896144
1600000	-0.4000000000	0.0010000000	0.0100000000	100	100	0	0.891990
1601000	-0.4000000000	0.0010000000	0.0100000000	100	100	0	0.898306
1602000	-0.4000000000	0.0010000000	0.0100000000	100	100	0	0.886123
1603000	-0.4000000000	0.0010000000	0.0100000000	100	100	0	0.894709
1604000	-0.4000000000	0.0010000000	0.0100000000	100	100	0	0.907641
1605000	-0.4000000000	0.0010000000	0.0100000000	100	100	0	0.907314
1606000	-0.4000000000	0.0010000000	0.0100000000	100	100	0	0.908950
1607000	-0.4000000000	0.0010000000	0.0100000000	100	100	0	0.884534
1608000	-0.4000000000	0.0010000000	0.0100000000	100	100	0	0.883384
1609000	-0.4000000000	0.0010000000	0.0100000000	100	100	0	0.900519
1610000	-0.4000000000	0.0010000000	0.0100000000	100	100	0	0.911335
1611000	-0.4000000000	0.0010000000	0.0100000000	100	100	0	0.919415
1612000	-0.4000000000	0.0010000000	0.0100000000	100	100	0	0.921722
1613000	-0.4000000000	0.0010000000	0.0100000000	100	100	0	0.921454
1614000	-0.4000000000	0.0010000000	0.0100000000	100	100	0	0.910765
1615000	-0.4000000000	0.0010000000	0.0100000000	100	100	0	0.922635
1616000	-0.4000000000	0.0010000000	0.0100000000	100	100	0	0.915492
1617000	-0.4000000000	0.0010000000	0.0100000000	100	100	0	0.908818
1618000	-0.4000000000	0.0010000000	0.0100000000	100	100	0	0.909596
1619000	-0.4000000000	0.0010000000	0.0100000000	100	100	0	0.921297
1620000	-0.4000000000	0.0010000000	0.0100000000	100	100	0	0.912487
1621000	-0.4000000000	0.0010000000	0.0100000000	100	100	0	0.926126
1622000	-0.4000000000	0.0010000000	0.0100000000	100	100	0	0.924252
1623000	-0.4000000000	0.0010000000	0.0100000000	100	100	0	0.910099
1624000	-0.4000000000	0.0010000000	0.0100000000	100	100	0	0.907954
1625000	-0.4000000000	0.0010000000	0.0100000000	100	100	0	0.915412
1626000	-0.4000000000	0.0010000000	0.0100000000	100	100	0	0.910485
1627000	-0.4000000000	0.0010000000	0.0100000000	100	100	0	0.916104
1628000	-0.4000000000	0.0010000000	0.0100000000	100	100	0	0.922228
1629000	-0.4000000000	0.0010000000	0.0100000000	100	100	0	0.919081
1630000	-0.4000000000	0.0010000000	0.0100000000	100	100	0	0.921126
1631000	-0.4000000000	0.0010000000	0.0100000000	100	100	0	0.929411
1632000	-0.4000000000	0.0010000000	0.0100000000	100	100	0	0.930109
1633000	-0.4000000000	0.0010000000	0.0100000000	100	100	0	0.922928
1634000	-0.4000000000	0.0010000000	0.0100000000	100	100	0	0.907738
1635000	-0.4000000000	0.0010000000	0.0100000000	100	100	0	0.912918
1636000	-0.4000000000	0.0010000000	0.0100000000	100	100	0	0.892867
1637000	-0.4000000000	0.0010000000	0.0100000000	100	100	0	0.888203
1638000	-0.4000000000	0.0010000000	0.0100000000	100	100	0	0.894279
1639000	-0.4000000000	0.0010000000	0.0100000000	100	100	0	0.895379
1640000	-0.4000000000	0.0010000000	0.0100000000	100	100	0	0.886604
1641000	-0.4000000000	0.0010000000	0.0100000000	100	100	0	0.893935
1642000	-0.4000000000	0.0010000000	0.0100000000	100	100	0	0.896675
1643000	-0.4000000000	0.0010000000	0.0100000000	100	100	0	0.894742
1644000	-0.4000000000	0.0010000000	0.0100000000	100	100	0	0.903068
1645000	-0.4000000000	0.0010000000	0.0100000000	100	100	0	0.901653
1646000	-0.4000000000	0.0010000000	0.0100000000	100	100	0	0.909042
1647000	-0.4000000000	0.0010000000	0.0100000000	100	100	0	0.898306
1648000	-0.4000000000	0.0010000000	0.0100000000	100	100	0	0.917929
1649000	-0.4000000000	0.0010000000	0.0100000000	100	100	0	0.932742
1650000	-0.4000000000	0.0010000000	0.0100000000	100	100	0	0.915981
1651000	-0.4000000000	0.0010000000	0.0100000000	100	100	0	0.901344
1652000	-0.4000000000	0.0010000000	0.0100000000	100	100	0	0.893017
1653000	-0.4000000000	0.0010000000	0.0100000000	100	100	0	0.898625
1654000	-0.4000000000	0.0010000000	0.0100000000	100	100	0	0.900639
1655000	-0.4000000000	0.0010000000	0.0100000000	100	100	0	0.896382
1656000	-0.4000000000	0.0010000000	0.0100000000	100	100	0	0.894566
1657000	-0.4000000000	0.0010000000	0.0100000000	100	100	0	0.881754
1658000	-0.4000000000	0.0010000000	0.0100000000	100	100	0	0.886364
1659000	-0.4000000000	0.0010000000	0.0100000000	100	100	0	0.907502
1660000	-0.4000000000	0.0010000000	0.0100000000	100	100	0	0.902973
1661000	-0.4000000000	0.0010000000	0.0100000000	100	100	0	0.899219
1662000	-0.4000000000	0.0010000000	0.0100000000	100	100	0	0.865555
1663000	-0.4000000000	0.0010000000	0.0100000000	100	100	0	0.890556
1664000	-0.4000000000	0.0010000000	0.0100000000	100	100	0	0.889124
1665000	-0.4000000000	0.0010000000	0.0100000000	100	100	0	0.893983
1666000	-0.4000000000	0.0010000000	0.0100000000	100	100	0	0.891466
1667000	-0.4000000000	0.0010000000	0.0100000000	100	100	0	0.878912
1668000	-0.4000000000	0.0010000000	0.0100000000	100	100	0	0.872320
1669000	-0.4000000000	0.0010000000	0.0100000000	100	100	0	0.886265
1670000	-0.4000000000	0.0010000000	0.0100000000	100	100	0	0.887145
1671000	-0.4000000000	0.0010000000	0.0100000000	100	100	0	0.892284
1672000	-0.4000000000	0.0010000000	0.0100000000	100	100	0	0.879307
1673000	-0.4000000000	0.0010000000	0.0100000000	100	100	0	0.865110
1674000	-0.4000000000	0.0010000000	0.0100000000	100	100	0	0.851713
1675000	-0.4000000000	0.0010000000	0.0100000000	100	100	0	0.857504
1676000	-0.4000000000	0.0010000000	0.0100000000	100	100	0	0.856995
1677000	-0.4000000000	0.0010000000	0.0100000000	100	100	0	0.873964
1678000	-0.4000000000	0.0010000000	0.0100000000	100	100	0	0.862810
1679000	-0.4000000000	0.0010000000	0.0100000000	100	100	0	0.861751
1680000	-0.4000000000	0.0010000000	0.0100000000	100	100	0	0.854777
1681000	-0.4000000000	0.0010000000	0.0100000000	100	100	0	0.860745
1682000	-0.4000000000	0.0010000000	0.0100000000	100	100	0	0.880244
1683000	-0.4000000000	0.0010000000	0.0100000000	100	100	0	0.890333
1684000	-0.4000000000	0.0010000000	0.0100000000	100	100	0	0.891668
1685000	-0.4000000000	0.0010000000	0.0100000000	100	100	0	0.898686
1686000	-0.4000000000	0.0010000000	0.0100000000	100	100	0	0.883463
1687000	-0.4000000000	0.0010000000	0.0100000000	100	100	0	0.861144
1688000	-0.4000000000	0.0010000000	0.0100000000	100	100	0	0.893019
1689000	-0.4000000000	0.0010000000	0.0100000000	100	100	0	0.896424
1690000	-0.4000000000	0.0010000000	0.0100000000	100	100	0	0.902070
1691000	-0.4000000000	0.0010000000	0.0100000000	100	100	0	0.896005
1692000	-0.4000000000	0.0010000000	0.0100000000	100	100	0	0.909933
1693000	-0.4000000000	0.0010000000	0.0100000000	100	100	0	0.908722
1694000	-0.4000000000	0.0010000000	0.0100000000	100	100	0	0.924208
1695000	-0.4000000000	0.0010000000	0.0100000000	100	100	0	0.914240
1696000	-0.4000000000	0.0010000000	0.0100000000	100	100	0	0.905195
1697000	-0.4000000000	0.0010000000	0.0100000000	100	100	0	0.912774
1698000	-0.4000000000	0.0010000000	0.0100000000	100	100	0	0.884806
1699000	-0.4000000000	0.0010000000	0.0100000000	100	100	0	0.893251
1700000	-0.4000000000	0.0010000000	0.0100000000	100	100	0	0.907515
1701000	-0.4000000000	0.0010000000	0.0100000000	100	100	0	0.917242
1702000	-0.4000000000	0.0010000000	0.0100000000	100	100	0	0.899162
1703000	-0.4000000000	0.0010000000	0.0100000000	100	100	0	0.902868
1704000	-0.4000000000	0.0010000000	0.0100000000	100	100	0	0.899733
1705000	-0.4000000000	0.0010000000	0.0100000000	100	100	0	0.899526
1706000	-0.4000000000	0.0010000000	0.0100000000	100	100	0	0.883450
1707000	-0.4000000000	0.0010000000	0.0100000000	100	100	0	0.879053
1708000	-0.4000000000	0.0010000000	0.0100000000	100	100	0	0.875037
1709000	-0.4000000000	0.0010000000	0.0100000000	100	100	0	0.885688
1710000	-0.4000000000	0.0010000000	0.0100000000	100	100	0	0.872123
1711000	-0.4000000000	0.0010000000	0.0100000000	100	100	0	0.876679
1712000	-0.4000000000	0.0010000000	0.0100000000	100	100	0	0.890836
1713000	-0.4000000000	0.0010000000	0.0100000000	100	100	0	0.906649
1714000	-0.4000000000	0.0010000000	0.0100000000	100	100	0	0.894156
1715000	-0.4000000000	0.0010000000	0.0100000000	100	100	0	0.883034
1716000	-0.4000000000	0.0010000000	0.0100000000	100	100	0	0.906599
1717000	-0.4000000000	0.0010000000	0.0100000000	100	100	0	0.894991
1718000	-0.4000000000	0.0010000000	0.0100000000	100	100	0	0.885042
1719000	-0.4000000000	0.0010000000	0.0100000000	100	100	0	0.884160
1720000	-0.4000000000	0.0010000000	0.0100000000	100	100	0	0.888753
1721000	-0.4000000000	0.0010000000	0.0100000000	100	100	0	0.890727
1722000	-0.4000000000	0.0010000000	0.0100000000	100	100	0	0.894182
1723000	-0.4000000000	0.0010000000	0.0100000000	100	100	0	0.910538
1724000	-0.4000000000	0.0010000000	0.0100000000	100	100	0	0.910492
1725000	-0.4000000000	0.0010000000	0.0100000000	100	100	0	0.919920
1726000	-0.4000000000	0.0010000000	0.0100000000	100	100	0	0.914168
1727000	-0.4000000000	0.0010000000	0.0100000000	100	100	0	0.926619
1728000	-0.4000000000	0.0010000000	0.0100000000	100	100	0	0.918340
1729000	-0.4000000000	0.0010000000	0.0100000000	100	100	0	0.924519
1730000	-0.4000000000	0.0010000000	0.0100000000	100	100	0	0.926237
1731000	-0.4000000000	0.0010000000	0.0100000000	100	100	0	0.925722
1732000	-0.4000000000	0.0010000000	0.0100000000	100	100	0	0.899168
1733000	-0.4000000000	0.0010000000	0.0100000000	100	100	0	0.910105
1734000	-0.4000000000	0.0010000000	0.0100000000	100	100	0	0.901187
1735000	-0.4000000000	0.0010000000	0.0100000000	100	100	0	0.895948
1736000	-0.4000000000	0.0010000000	0.0100000000	100	100	0	0.888072
1737000	-0.4000000000	0.0010000000	0.0100000000	100	100	0	0.895030
1738000	-0.4000000000	0.0010000000	0.0100000000	100	100	0	0.899406
1739000	-0.4000000000	0.0010000000	0.0100000000	100	100	0	0.906977
1740000	-0.4000000000	0.0010000000	0.0100000000	100	100	0	0.917393
1741000	-0.4000000000	0.0010000000	0.0100000000	100	100	0	0.914073
1742000	-0.4000000000	0.0010000000	0.0100000000	100	100	0	0.904674
1743000	-0.4000000000	0.0010000000	0.0100000000	100	100	0	0.907547
1744000	-0.4000000000	0.0010000000	0.0100000000	100	100	0	0.895656
1745000	-0.4000000000	0.0010000000	0.0100000000	100	100	0	0.877626
1746000	-0.4000000000	0.0010000000	0.0100000000	100	100	0	0.878960
1747000	-0.4000000000	0.0010000000	0.0100000000	100	100	0	0.866708
1748000	-0.4000000000	0.0010000000	0.0100000000	100	100	0	0.875100
1749000	-0.4000000000	0.0010000000	0.0100000000	100	100	0	0.891129
1750000	-0.4000000000	0.0010000000	0.0100000000	100	100	0	0.908038
1751000	-0.4000000000	0.0010000000	0.0100000000	100	100	0	0.907857
1752000	-0.4000000000	0.0010000000	0.0100000000	100	100	0	0.910201
1753000	-0.4000000000	0.0010000000	0.0100000000	100	100	0	0.904966
1754000	-0.4000000000	0.0010000000	0.0100000000	100	100	0	0.900438
1755000	-0.4000000000	0.0010000000	0.0100000000	100	100	0	0.907074
1756000	-0.4000000000	0.0010000000	0.0100000000	100	100	0	0.914904
1757000	-0.4000000000	0.0010000000	0.0100000000	100	100	0	0.894049
1758000	-0.4000000000	0.0010000000	0.0100000000	100	100	0	0.896041
1759000	-0.4000000000	0.0010000000	0.0100000000	100	100	0	0.911102
1760000	-0.4000000000	0.0010000000	0.0100000000	100	100	0	0.924884
1761000	-0.4000000000	0.0010000000	0.0100000000	100	100	0	0.918566
1762000	-0.4000000000	0.0010000000	0.0100000000	100	100	0	0.905145
1763000	-0.4000000000	0.0010000000	0.0100000000	100	100	0	0.907172
1764000	-0.4000000000	0.0010000000	0.0100000000	100	100	0	0.889734
1765000	-0.4000000000	0.0010000000	0.0100000000	100	100	0	0.902450
1766000	-0.4000000000	0.0010000000	0.0100000000	100	100	0	0.895613
1767000	-0.4000000000	0.0010000000	0.0100000000	100	100	0	0.870821
1768000	-0.4000000000	0.0010000000	0.0100000000	100	100	0	0.878024
1769000	-0.4000000000	0.0010000000	0.0100000000	100	100	0	0.894264
1770000	-0.4000000000	0.0010000000	0.0100000000	100	100	0	0.895811
1771000	-0.4000000000	0.0010000000	0.0100000000	100	100	0	0.881373
1772000	-0.4000000000	0.0010000000	0.0100000000	100	100	0	0.884026
1773000	-0.4000000000	0.0010000000	0.0100000000	100	100	0	0.882745
1774000	-0.4000000000	0.0010000000	0.0100000000	100	100	0	0.886023
1775000	-0.4000000000	0.0010000000	0.0100000000	100	100	0	0.888842
1776000	-0.4000000000	0.0010000000	0.0100000000	100	100	0	0.894801
1777000	-0.4000000000	0.0010000000	0.0100000000	100	100	0	0.899070
1778000	-0.4000000000	0.0010000000	0.0100000000	100	100	0	0.891893
1779000	-0.4000000000	0.0010000000	0.0100000000	100	100	0	0.894320
1780000	-0.4000000000	0.0010000000	0.0100000000	100	100	0	0.912284
1781000	-0.4000000000	0.0010000000	0.0100000000	100	100	0	0.903495
1782000	-0.4000000000	0.0010000000	0.0100000000	100	100	0	0.917783
1783000	-0.4000000000	0.0010000000	0.0100000000	100	100	0	0.910205
1784000	-0.4000000000	0.0010000000	0.0100000000	100	100	0	0.916836
1785000	-0.4000000000	0.0010000000	0.0100000000	100	100	0	0.909326
1786000	-0.4000000000	0.0010000000	0.0100000000	100	100	0	0.898452
1787000	-0.4000000000	0.0010000000	0.0100000000	100	100	0	0.903730
1788000	-0.4000000000	0.0010000000	0.0100000000	100	100	0	0.900309
1789000	-0.4000000000	0.0010000000	0.0100000000	100	100	0	0.921587
1790000	-0.4000000000	0.0010000000	0.0100000000	100	100	0	0.902909
1791000	-0.4000000000	0.0010000000	0.0100000000	100	100	0	0.903620
1792000	-0.4000000000	0.0010000000	0.0100000000	100	100	0	0.910120
1793000	-0.4000000000	0.0010000000	0.0100000000	100	100	0	0.914374
1794000	-0.4000000000	0.0010000000	0.0100000000	100	100	0	0.910963
1795000	-0.4000000000	0.0010000000	0.0100000000	100	100	0	0.904565
1796000	-0.4000000000	0.0010000000	0.0100000000	100	100	0	0.902438
1797000	-0.4000000000	0.0010000000	0.0100000000	100	100	0	0.864524
1798000	-0.4000000000	0.0010000000	0.0100000000	100	100	0	0.870630
1799000	-0.4000000000	0.0010000000	0.0100000000	100	100	0	0.894134
1800000	-0.4000000000	0.0010000000	0.0100000000	100	100	0	0.876328
1801000	-0.4000000000	0.0010000000	0.0100000000	100	100	0	0.884562
1802000	-0.4000000000	0.0010000000	0.0100000000	100	100	0	0.893698
1803000	-0.4000000000	0.0010000000	0.0100000000	100	100	0	0.889870
1804000	-0.4000000000	0.0010000000	0.0100000000	100	100	0	0.900310
1805000	-0.4000000000	0.0010000000	0.0100000000	100	100	0	0.903544
1806000	-0.4000000000	0.0010000000	0.0100000000	100	100	0	0.899825
1807000	-0.4000000000	0.0010000000	0.0100000000	100	100	0	0.899256
1808000	-0.4000000000	0.0010000000	0.0100000000	100	100	0	0.887579
1809000	-0.4000000000	0.0010000000	0.0100000000	100	100	0	0.905132
1810000	-0.4000000000	0.0010000000	0.0100000000	100	100	0	0.893747
1811000	-0.4000000000	0.0010000000	0.0100000000	100	100	0	0.891029
1812000	-0.4000000000	0.0010000000	0.0100000000	100	100	0	0.892777
1813000	-0.4000000000	0.0010000000	0.0100000000	100	100	0	0.876529
1814000	-0.4000000000	0.0010000000	0.0100000000	100	100	0	0.886217
1815000	-0.4000000000	0.0010000000	0.0100000000	100	100	0	0.896526
1816000	-0.4000000000	0.0010000000	0.0100000000	100	100	0	0.886321
1817000	-0.4000000000	0.0010000000	0.0100000000	100	100	0	0.870718
1818000	-0.4000000000	0.0010000000	0.0100000000	100	100	0	0.874856
1819000	-0.4000000000	0.0010000000	0.0100000000	100	100	0	0.884054
1820000	-0.4000000000	0.0010000000	0.0100000000	100	100	0	0.889631
1821000	-0.4000000000	0.0010000000	0.0100000000	100	100	0	0.907163
1822000	-0.4000000000	0.0010000000	0.0100000000	100	100	0	0.912033
1823000	-0.4000000000	0.0010000000	0.0100000000	100	100	0	0.935728
1824000	-0.4000000000	0.0010000000	0.0100000000	100	100	0	0.938272
1825000	-0.4000000000	0.0010000000	0.0100000000	100	100	0	0.930417
1826000	-0.4000000000	0.0010000000	0.0100000000	100	100	0	0.928155
1827000	-0.4000000000	0.0010000000	0.0100000000	100	100	0	0.915182
1828000	-0.4000000000	0.0010000000	0.0100000000	100	100	0	0.900641
1829000	-0.4000000000	0.0010000000	0.0100000000	100	100	0	0.899027
1830000	-0.4000000000	0.0010000000	0.0100000000	100	100	0	0.906837
1831000	-0.4000000000	0.0010000000	0.0100000000	100	100	0	0.910703
1832000	-0.4000000000	0.0010000000	0.0100000000	100	100	0	0.898353
1833000	-0.4000000000	0.0010000000	0.0100000000	100	100	0	0.899110
1834000	-0.4000000000	0.0010000000	0.0100000000	100	100	0	0.887051
1835000	-0.4000000000	0.0010000000	0.0100000000	100	100	0	0.865463
1836000	-0.4000000000	0.0010000000	0.0100000000	100	100	0	0.877522
1837000	-0.4000000000	0.0010000000	0.0100000000	100	100	0	0.890551
1838000	-0.4000000000	0.0010000000	0.0100000000	100	100	0	0.893457
1839000	-0.4000000000	0.0010000000	0.0100000000	100	100	0	0.891995
1840000	-0.4000000000	0.0010000000	0.0100000000	100	100	0	0.894562
1841000	-0.4000000000	0.0010000000	0.0100000000	100	100	0	0.908577
1842000	-0.4000000000	0.0010000000	0.0100000000	100	100	0	0.894850
1843000	-0.4000000000	0.0010000000	0.0100000000	100	100	0	0.910217
1844000	-0.4000000000	0.0010000000	0.0100000000	100	100	0	0.906213
1845000	-0.4000000000	0.0010000000	0.0100000000	100	100	0	0.906451
1846000	-0.4000000000	0.0010000000	0.0100000000	100	100	0	0.889487
1847000	-0.4000000000	0.0010000000	0.0100000000	100	100	0	0.888711
1848000	-0.4000000000	0.0010000000	0.0100000000	100	100	0	0.898132
1849000	-0.4000000000	0.0010000000	0.0100000000	100	100	0	0.901784
1850000	-0.4000000000	0.0010000000	0.0100000000	100	100	0	0.910162
1851000	-0.4000000000	0.0010000000	0.0100000000	100	100	0	0.914352
1852000	-0.4000000000	0.0010000000	0.0100000000	100	100	0	0.913610
1853000	-0.4000000000	0.0010000000	0.0100000000	100	100	0	0.901021
1854000	-0.4000000000	0.0010000000	0.0100000000	100	100	0	0.895693
1855000	-0.4000000000	0.0010000000	0.0100000000	100	100	0	0.888513
1856000	-0.4000000000	0.0010000000	0.0100000000	100	100	0	0.914633
1857000	-0.4000000000	0.0010000000	0.0100000000	100	100	0	0.909369
1858000	-0.4000000000	0.0010000000	0.0100000000	100	100	0	0.899357
1859000	-0.4000000000	0.0010000000	0.0100000000	100	100	0	0.889578
1860000	-0.4000000000	0.0010000000	0.0100000000	100	100	0	0.887624
1861000	-0.4000000000	0.0010000000	0.0100000000	100	100	0	0.917761
1862000	-0.4000000000	0.0010000000	0.0100000000	100	100	0	0.894128
1863000	-0.4000000000	0.0010000000	0.0100000000	100	100	0	0.903399
1864000	-0.4000000000	0.0010000000	0.0100000000	100	100	0	0.912021
1865000	-0.4000000000	0.0010000000	0.0100000000	100	100	0	0.909743
1866000	-0.4000000000	0.0010000000	0.0100000000	100	100	0	0.889429
1867000	-0.4000000000	0.0010000000	0.0100000000	100	100	0	0.877160
1868000	-0.4000000000	0.0010000000	0.0100000000	100	100	0	0.866127
1869000	-0.4000000000	0.0010000000	0.0100000000	100	100	0	0.867025
1870000	-0.4000000000	0.0010000000	0.0100000000	100	100	0	0.880626
1871000	-0.4000000000	0.0010000000	0.0100000000	100	100	0	0.883240
1872000	-0.4000000000	0.0010000000	0.0100000000	100	100	0	0.882799
1873000	-0.4000000000	0.0010000000	0.0100000000	100	100	0	0.880882
1874000	-0.4000000000	0.0010000000	0.0100000000	100	100	0	0.918423
1875000	-0.4000000000	0.0010000000	0.0100000000	100	100	0	0.932822
1876000	-0.4000000000	0.0010000000	0.0100000000	100	100	0	0.913482
1877000	-0.4000000000	0.0010000000	0.0100000000	100	100	0	0.903904
1878000	-0.4000000000	0.0010000000	0.0100000000	100	100	0	0.902782
1879000	-0.4000000000	0.0010000000	0.0100000000	100	100	0	0.907704
1880000	-0.4000000000	0.0010000000	0.0100000000	100	100	0	0.905052
1881000	-0.4000000000	0.0010000000	0.0100000000	100	100	0	0.884118
1882000	-0.4000000000	0.0010000000	0.0100000000	100	100	0	0.876190
1883000	-0.4000000000	0.0010000000	0.0100000000	100	100	0	0.885873
1884000	-0.4000000000	0.0010000000	0.0100000000	100	100	0	0.880186
1885000	-0.4000000000	0.0010000000	0.0100000000	100	100	0	0.867378
1886000	-0.4000000000	0.0010000000	0.0100000000	100	100	0	0.870328
1887000	-0.4000000000	0.0010000000	0.0100000000	100	100	0	0.889442
1888000	-0.4000000000	0.0010000000	0.0100000000	100	100	0	0.890455
1889000	-0.4000000000	0.0010000000	0.0100000000	100	100	0	0.891105
1890000	-0.4000000000	0.0010000000	0.0100000000	100	100	0	0.880832
1891000	-0.4000000000	0.0010000000	0.0100000000	100	100	0	0.875101
1892000	-0.4000000000	0.0010000000	0.0100000000	100	100	0	0.858720
1893000	-0.4000000000	0.0010000000	0.0100000000	100	100	0	0.879503
1894000	-0.4000000000	0.0010000000	0.0100000000	100	100	0	0.882350
1895000	-0.4000000000	0.0010000000	0.0100000000	100	100	0	0.884793
1896000	-0.4000000000	0.0010000000	0.0100000000	100	100	0	0.877004
1897000	-0.4000000000	0.0010000000	0.0100000000	100	100	0	0.874805
1898000	-0.4000000000	0.0010000000	0.0100000000	100	100	0	0.884901
1899000	-0.4000000000	0.0010000000	0.0100000000	100	100	0	0.899400
1900000	-0.4000000000	0.0010000000	0.0100000000	100	100	0	0.892669
1901000	-0.4000000000	0.0010000000	0.0100000000	100	100	0	0.891955
1902000	-0.4000000000	0.0010000000	0.0100000000	100	100	0	0.908441
1903000	-0.4000000000	0.0010000000	0.0100000000	100	100	0	0.932641
1904000	-0.4000000000	0.0010000000	0.0100000000	100	100	0	0.911786
1905000	-0.4000000000	0.0010000000	0.0100000000	100	100	0	0.921625
1906000	-0.4000000000	0.0010000000	0.0100000000	100	100	0	0.913649
1907000	-0.4000000000	0.0010000000	0.0100000000	100	100	0	0.900349
1908000	-0.4000000000	0.0010000000	0.0100000000	100	100	0	0.887198
1909000	-0.4000000000	0.0010000000	0.0100000000	100	100	0	0.881614
1910000	-0.4000000000	0.0010000000	0.0100000000	100	100	0	0.903198
1911000	-0.4000000000	0.0010000000	0.0100000000	100	100	0	0.922729
1912000	-0.4000000000	0.0010000000	0.0100000000	100	100	0	0.934010
1913000	-0.4000000000	0.0010000000	0.0100000000	100	100	0	0.929465
1914000	-0.4000000000	0.0010000000	0.0100000000	100	100	0	0.948129
1915000	-0.4000000000	0.0010000000	0.0100000000	100	100	0	0.948596
1916000	-0.4000000000	0.0010000000	0.0100000000	100	100	0	0.935506
1917000	-0.4000000000	0.0010000000	0.0100000000	100	100	0	0.927066
1918000	-0.4000000000	0.0010000000	0.0100000000	100	100	0	0.915591
1919000	-0.4000000000	0.0010000000	0.0100000000	100	100	0	0.907407
1920000	-0.4000000000	0.0010000000	0.0100000000	100	100	0	0.902772
1921000	-0.4000000000	0.0010000000	0.0100000000	100	100	0	0.901593
1922000	-0.4000000000	0.0010000000	0.0100000000	100	100	0	0.889559
1923000	-0.4000000000	0.0010000000	0.0100000000	100	100	0	0.891570
1924000	-0.4000000000	0.0010000000	0.0100000000	100	100	0	0.889999
1925000	-0.4000000000	0.0010000000	0.0100000000	100	100	0	0.903931
1926000	-0.4000000000	0.0010000000	0.0100000000	100	100	0	0.915871
1927000	-0.4000000000	0.0010000000	0.0100000000	100	100	0	0.908397
1928000	-0.4000000000	0.0010000000	0.0100000000	100	100	0	0.895930
1929000	-0.4000000000	0.0010000000	0.0100000000	100	100	0	0.913152
1930000	-0.4000000000	0.0010000000	0.0100000000	100	100	0	0.898911
1931000	-0.4000000000	0.0010000000	0.0100000000	100	100	0	0.891461
1932000	-0.4000000000	0.0010000000	0.0100000000	100	100	0	0.904786
1933000	-0.4000000000	0.0010000000	0.0100000000	100	100	0	0.916926
1934000	-0.4000000000	0.0010000000	0.0100000000	100	100	0	0.892511
1935000	-0.4000000000	0.0010000000	0.0100000000	100	100	0	0.879046
1936000	-0.4000000000	0.0010000000	0.0100000000	100	100	0	0.893690
1937000	-0.4000000000	0.0010000000	0.0100000000	100	100	0	0.910120
1938000	-0.4000000000	0.0010000000	0.0100000000	100	100	0	0.908613
1939000	-0.4000000000	0.0010000000	0.0100000000	100	100	0	0.901768
1940000	-0.4000000000	0.0010000000	0.0100000000	100	100	0	0.880810
1941000	-0.4000000000	0.0010000000	0.0100000000	100	100	0	0.888073
1942000	-0.4000000000	0.0010000000	0.0100000000	100	100	0	0.885054
1943000	-0.4000000000	0.0010000000	0.0100000000	100	100	0	0.884856
1944000	-0.4000000000	0.0010000000	0.0100000000	100	100	0	0.894102
1945000	-0.4000000000	0.0010000000	0.0100000000	100	100	0	0.885548
1946000	-0.4000000000	0.0010000000	0.0100000000	100	100	0	0.894998
1947000	-0.4000000000	0.0010000000	0.0100000000	100	100	0	0.906469
1948000	-0.4000000000	0.0010000000	0.0100000000	100	100	0	0.895606
1949000	-0.4000000000	0.0010000000	0.0100000000	100	100	0	0.902826
1950000	-0.4000000000	0.0010000000	0.0100000000	100	100	0	0.891459
1951000	-0.4000000000	0.0010000000	0.0100000000	100	100	0	0.900161
1952000	-0.4000000000	0.0010000000	0.0100000000	100	100	0	0.917714
1953000	-0.4000000000	0.0010000000	0.0100000000	100	100	0	0.899473
1954000	-0.4000000000	0.0010000000	0.0100000000	100	100	0	0.888939
1955000	-0.4000000000	0.0010000000	0.0100000000	100	100	0	0.894211
1956000	-0.4000000000	0.0010000000	0.0100000000	100	100	0	0.897733
1957000	-0.4000000000	0.0010000000	0.0100000000	100	100	0	0.906936
1958000	-0.4000000000	0.0010000000	0.0100000000	100	100	0	0.893034
1959000	-0.4000000000	0.0010000000	0.0100000000	100	100	0	0.896965
1960000	-0.4000000000	0.0010000000	0.0100000000	100	100	0	0.897634
1961000	-0.4000000000	0.0010000000	0.0100000000	100	100	0	0.904236
1962000	-0.4000000000	0.0010000000	0.0100000000	100	100	0	0.881522
1963000	-0.4000000000	0.0010000000	0.0100000000	100	100	0	0.874902
1964000	-0.4000000000	0.0010000000	0.0100000000	100	100	0	0.865326
1965000	-0.4000000000	0.0010000000	0.0100000000	100	100	0	0.882944
1966000	-0.4000000000	0.0010000000	0.0100000000	100	100	0	0.873705
1967000	-0.4000000000	0.0010000000	0.0100000000	100	100	0	0.887334
1968000	-0.4000000000	0.0010000000	0.0100000000	100	100	0	0.888704
1969000	-0.4000000000	0.0010000000	0.0100000000	100	100	0	0.893067
1970000	-0.4000000000	0.0010000000	0.0100000000	100	100	0	0.890249
1971000	-0.4000000000	0.0010000000	0.0100000000	100	100	0	0.886761
1972000	-0.4000000000	0.0010000000	0.0100000000	100	100	0	0.898060
1973000	-0.4000000000	0.0010000000	0.0100000000	100	100	0	0.876139
1974000	-0.4000000000	0.0010000000	0.0100000000	100	100	0	0.881866
1975000	-0.4000000000	0.0010000000	0.0100000000	100	100	0	0.870724
1976000	-0.4000000000	0.0010000000	0.0100000000	100	100	0	0.834864
1977000	-0.4000000000	0.0010000000	0.0100000000	100	100	0	0.855187
1978000	-0.4000000000	0.0010000000	0.0100000000	100	100	0	0.858776
1979000	-0.4000000000	0.0010000000	0.0100000000	100	100	0	0.873214
1980000	-0.4000000000	0.0010000000	0.0100000000	100	100	0	0.886657
1981000	-0.4000000000	0.0010000000	0.0100000000	100	100	0	0.889539
1982000	-0.4000000000	0.0010000000	0.0100000000	100	100	0	0.878928
1983000	-0.4000000000	0.0010000000	0.0100000000	100	100	0	0.903734
1984000	-0.4000000000	0.0010000000	0.0100000000	100	100	0	0.905268
1985000	-0.4000000000	0.0010000000	0.0100000000	100	100	0	0.896661
1986000	-0.4000000000	0.0010000000	0.0100000000	100	100	0	0.893435
1987000	-0.4000000000	0.0010000000	0.0100000000	100	100	0	0.904575
1988000	-0.4000000000	0.0010000000	0.0100000000	100	100	0	0.875154
1989000	-0.4000000000	0.0010000000	0.0100000000	100	100	0	0.892921
1990000	-0.4000000000	0.0010000000	0.0100000000	100	100	0	0.893719
1991000	-0.4000000000	0.0010000000	0.0100000000	100	100	0	0.889440
1992000	-0.4000000000	0.0010000000	0.0100000000	100	100	0	0.892183
1993000	-0.4000000000	0.0010000000	0.0100000000	100	100	0	0.894802
1994000	-0.4000000000	0.0010000000	0.0100000000	100	100	0	0.892191
1995000	-0.4000000000	0.0010000000	0.0100000000	100	100	0	0.880761
1996000	-0.4000000000	0.0010000000	0.0100000000	100	100	0	0.865928
1997000	-0.4000000000	0.0010000000	0.0100000000	100	100	0	0.882843
1998000	-0.4000000000	0.0010000000	0.0100000000	100	100	0	0.897964
1999000	-0.4000000000	0.0010000000	0.0100000000	100	100	0	0.905096
2000000	-0.4000000000	0.0010000000	0.0100000000	100	100	0	0.891901
2001000	-0.4000000000	0.0010000000	0.0100000000	100	100	0	0.883339
2002000	-0.4000000000	0.0010000000	0.0100000000	100	100	0	0.879340
2003000	-0.4000000000	0.0010000000	0.0100000000	100	100	0	0.885716
2004000	-0.4000000000	0.0010000000	0.0100000000	100	100	0	0.893069
2005000	-0.4000000000	0.0010000000	0.0100000000	100	100	0	0.874988
2006000	-0.4000000000	0.0010000000	0.0100000000	100	100	0	0.885104
2007000	-0.4000000000	0.0010000000	0.0100000000	100	100	0	0.864769
2008000	-0.4000000000	0.0010000000	0.0100000000	100	100	0	0.866477
2009000	-0.4000000000	0.0010000000	0.0100000000	100	100	0	0.878320
2010000	-0.4000000000	0.0010000000	0.0100000000	100	100	0	0.877846
2011000	-0.4000000000	0.0010000000	0.0100000000	100	100	0	0.867930
2012000	-0.4000000000	0.0010000000	0.0100000000	100	100	0	0.871725
2013000	-0.4000000000	0.0010000000	0.0100000000	100	100	0	0.845915
2014000	-0.4000000000	0.0010000000	0.0100000000	100	100	0	0.842843
2015000	-0.4000000000	0.0010000000	0.0100000000	100	100	0	0.851120
2016000	-0.4000000000	0.0010000000	0.0100000000	100	100	0	0.846309
2017000	-0.4000000000	0.0010000000	0.0100000000	100	100	0	0.856249
2018000	-0.4000000000	0.0010000000	0.0100000000	100	100	0	0.879746
2019000	-0.4000000000	0.0010000000	0.0100000000	100	100	0	0.867674
2020000	-0.4000000000	0.0010000000	0.0100000000	100	100	0	0.868975
2021000	-0.4000000000	0.0010000000	0.0100000000	100	100	0	0.886794
2022000	-0.4000000000	0.0010000000	0.0100000000	100	100	0	0.901546
2023000	-0.4000000000	0.0010000000	0.0100000000	100	100	0	0.886170
2024000	-0.4000000000	0.0010000000	0.0100000000	100	100	0	0.897150
2025000	-0.4000000000	0.0010000000	0.0100000000	100	100	0	0.877962
2026000	-0.4000000000	0.0010000000	0.0100000000	100	100	0	0.878121
2027000	-0.4000000000	0.0010000000	0.0100000000	100	100	0	0.889345
2028000	-0.4000000000	0.0010000000	0.0100000000	100	100	0	0.901251
2029000	-0.4000000000	0.0010000000	0.0100000000	100	100	0	0.900205
2030000	-0.4000000000	0.0010000000	0.0100000000	100	100	0	0.898019
2031000	-0.4000000000	0.0010000000	0.0100000000	100	100	0	0.890839
2032000	-0.4000000000	0.0010000000	0.0100000000	100	100	0	0.878138
2033000	-0.4000000000	0.0010000000	0.0100000000	100	100	0	0.892149
2034000	-0.4000000000	0.0010000000	0.0100000000	100	100	0	0.889286
2035000	-0.4000000000	0.0010000000	0.0100000000	100	100	0	0.890410
2036000	-0.4000000000	0.0010000000	0.0100000000	100	100	0	0.878063
2037000	-0.4000000000	0.0010000000	0.0100000000	100	100	0	0.902444
2038000	-0.4000000000	0.0010000000	0.0100000000	100	100	0	0.898346
2039000	-0.4000000000	0.0010000000	0.0100000000	100	100	0	0.889027
2040000	-0.4000000000	0.0010000000	0.0100000000	100	100	0	0.856047
2041000	-0.4000000000	0.0010000000	0.0100000000	100	100	0	0.861340
2042000	-0.4000000000	0.0010000000	0.0100000000	100	100	0	0.840425
2043000	-0.4000000000	0.0010000000	0.0100000000	100	100	0	0.840055
2044000	-0.4000000000	0.0010000000	0.0100000000	100	100	0	0.867224
2045000	-0.4000000000	0.0010000000	0.0100000000	100	100	0	0.874496
2046000	-0.4000000000	0.0010000000	0.0100000000	100	100	0	0.863998
2047000	-0.4000000000	0.0010000000	0.0100000000	100	100	0	0.881312
2048000	-0.4000000000	0.0010000000	0.0100000000	100	100	0	0.870223
2049000	-0.4000000000	0.0010000000	0.0100000000	100	100	0	0.904912
2050000	-0.4000000000	0.0010000000	0.0100000000	100	100	0	0.896336
2051000	-0.4000000000	0.0010000000	0.0100000000	100	100	0	0.889959
2052000	-0.4000000000	0.0010000000	0.0100000000	100	100	0	0.894260
2053000	-0.4000000000	0.0010000000	0.0100000000	100	100	0	0.896210
2054000	-0.4000000000	0.0010000000	0.0100000000	100	100	0	0.897634
2055000	-0.4000000000	0.0010000000	0.0100000000	100	100	0	0.921768
2056000	-0.4000000000	0.0010000000	0.0100000000	100	100	0	0.915176
2057000	-0.4000000000	0.0010000000	0.0100000000	100	100	0	0.908444
2058000	-0.4000000000	0.0010000000	0.0100000000	100	100	0	0.889288
2059000	-0.4000000000	0.0010000000	0.0100000000	100	100	0	0.878898
2060000	-0.4000000000	0.0010000000	0.0100000000	100	100	0	0.877869
2061000	-0.4000000000	0.0010000000	0.0100000000	100	100	0	0.893457
2062000	-0.4000000000	0.0010000000	0.0100000000	100	100	0	0.864269
2063000	-0.4000000000	0.0010000000	0.0100000000	100	100	0	0.871809
2064000	-0.4000000000	0.0010000000	0.0100000000	100	100	0	0.890796
2065000	-0.4000000000	0.0010000000	0.0100000000	100	100	0	0.891952
2066000	-0.4000000000	0.0010000000	0.0100000000	100	100	0	0.908792
2067000	-0.4000000000	0.0010000000	0.0100000000	100	100	0	0.899688
2068000	-0.4000000000	0.0010000000	0.0100000000	100	100	0	0.907971
2069000	-0.4000000000	0.0010000000	0.0100000000	100	100	0	0.920706
2070000	-0.4000000000	0.0010000000	0.0100000000	100	100	0	0.934660
2071000	-0.4000000000	0.0010000000	0.0100000000	100	100	0	0.941453
2072000	-0.4000000000	0.0010000000	0.0100000000	100	100	0	0.934982
2073000	-0.4000000000	0.0010000000	0.0100000000	100	100	0	0.914491
2074000	-0.4000000000	0.0010000000	0.0100000000	100	100	0	0.901969
2075000	-0.4000000000	0.0010000000	0.0100000000	100	100	0	0.893636
2076000	-0.4000000000	0.0010000000	0.0100000000	100	100	0	0.912402
2077000	-0.4000000000	0.0010000000	0.0100000000	100	100	0	0.919537
2078000	-0.4000000000	0.0010000000	0.0100000000	100	100	0	0.926224
2079000	-0.4000000000	0.0010000000	0.0100000000	100	100	0	0.900497
2080000	-0.4000000000	0.0010000000	0.0100000000	100	100	0	0.912351
2081000	-0.4000000000	0.0010000000	0.0100000000	100	100	0	0.908811
2082000	-0.4000000000	0.0010000000	0.0100000000	100	100	0	0.919671
2083000	-0.4000000000	0.0010000000	0.0100000000	100	100	0	0.905101
2084000	-0.4000000000	0.0010000000	0.0100000000	100	100	0	0.897158
2085000	-0.4000000000	0.0010000000	0.0100000000	100	100	0	0.893746
2086000	-0.4000000000	0.0010000000	0.0100000000	100	100	0	0.892295
2087000	-0.4000000000	0.0010000000	0.0100000000	100	100	0	0.888906
2088000	-0.4000000000	0.0010000000	0.0100000000	100	100	0	0.879148
2089000	-0.4000000000	0.0010000000	0.0100000000	100	100	0	0.907456
2090000	-0.4000000000	0.0010000000	0.0100000000	100	100	0	0.908427
2091000	-0.4000000000	0.0010000000	0.0100000000	100	100	0	0.899694
2092000	-0.4000000000	0.0010000000	0.0100000000	100	100	0	0.887587
2093000	-0.4000000000	0.0010000000	0.0100000000	100	100	0	0.890890
2094000	-0.4000000000	0.0010000000	0.0100000000	100	100	0	0.873763
2095000	-0.4000000000	0.0010000000	0.0100000000	100	100	0	0.872358
2096000	-0.4000000000	0.0010000000	0.0100000000	100	100	0	0.872366
2097000	-0.4000000000	0.0010000000	0.0100000000	100	100	0	0.879748
2098000	-0.4000000000	0.0010000000	0.0100000000	100	100	0	0.896099
2099000	-0.4000000000	0.0010000000	0.0100000000	100	100	0	0.888856
2100000	-0.4000000000	0.0010000000	0.0100000000	100	100	0	0.888467
2101000	-0.4000000000	0.0010000000	0.0100000000	100	100	0	0.913102
2102000	-0.4000000000	0.0010000000	0.0100000000	100	100	0	0.907863
2103000	-0.4000000000	0.0010000000	0.0100000000	100	100	0	0.891083
2104000	-0.4000000000	0.0010000000	0.0100000000	100	100	0	0.865954
2105000	-0.4000000000	0.0010000000	0.0100000000	100	100	0	0.857293
2106000	-0.4000000000	0.0010000000	0.0100000000	100	100	0	0.863561
2107000	-0.4000000000	0.0010000000	0.0100000000	100	100	0	0.857919
2108000	-0.4000000000	0.0010000000	0.0100000000	100	100	0	0.863517
2109000	-0.4000000000	0.0010000000	0.0100000000	100	100	0	0.875630
2110000	-0.4000000000	0.0010000000	0.0100000000	100	100	0	0.897919
2111000	-0.4000000000	0.0010000000	0.0100000000	100	100	0	0.890409
2112000	-0.4000000000	0.0010000000	0.0100000000	100	100	0	0.890786
2113000	-0.4000000000	0.0010000000	0.0100000000	100	100	0	0.897922
2114000	-0.4000000000	0.0010000000	0.0100000000	100	100	0	0.887443
2115000	-0.4000000000	0.0010000000	0.0100000000	100	100	0	0.893980
2116000	-0.4000000000	0.0010000000	0.0100000000	100	100	0	0.902786
2117000	-0.4000000000	0.0010000000	0.0100000000	100	100	0	0.888126
2118000	-0.4000000000	0.0010000000	0.0100000000	100	100	0	0.859840
2119000	-0.4000000000	0.0010000000	0.0100000000	100	100	0	0.852489
2120000	-0.4000000000	0.0010000000	0.0100000000	100	100	0	0.848317
2121000	-0.4000000000	0.0010000000	0.0100000000	100	100	0	0.850450
2122000	-0.4000000000	0.0010000000	0.0100000000	100	100	0	0.879676
2123000	-0.4000000000	0.0010000000	0.0100000000	100	100	0	0.885298
2124000	-0.4000000000	0.0010000000	0.0100000000	100	100	0	0.875548
2125000	-0.4000000000	0.0010000000	0.0100000000	100	100	0	0.867161
2126000	-0.4000000000	0.0010000000	0.0100000000	100	100	0	0.869166
2127000	-0.4000000000	0.0010000000	0.0100000000	100	100	0	0.851156
2128000	-0.4000000000	0.0010000000	0.0100000000	100	100	0	0.854417
2129000	-0.4000000000	0.0010000000	0.0100000000	100	100	0	0.866076
2130000	-0.4000000000	0.0010000000	0.0100000000	100	100	0	0.878666
2131000	-0.4000000000	0.0010000000	0.0100000000	100	100	0	0.878807
2132000	-0.4000000000	0.0010000000	0.0100000000	100	100	0	0.886020
2133000	-0.4000000000	0.0010000000	0.0100000000	100	100	0	0.874062
2134000	-0.4000000000	0.0010000000	0.0100000000	100	100	0	0.876082
2135000	-0.4000000000	0.0010000000	0.0100000000	100	100	0	0.864564
2136000	-0.4000000000	0.0010000000	0.0100000000	100	100	0	0.877033
2137000	-0.4000000000	0.0010000000	0.0100000000	100	100	0	0.881545
2138000	-0.4000000000	0.0010000000	0.0100000000	100	100	0	0.909268
2139000	-0.4000000000	0.0010000000	0.0100000000	100	100	0	0.895472
2140000	-0.4000000000	0.0010000000	0.0100000000	100	100	0	0.904104
2141000	-0.4000000000	0.0010000000	0.0100000000	100	100	0	0.897744
2142000	-0.4000000000	0.0010000000	0.0100000000	100	100	0	0.888790
2143000	-0.4000000000	0.0010000000	0.0100000000	100	100	0	0.886837
2144000	-0.4000000000	0.0010000000	0.0100000000	100	100	0	0.894275
2145000	-0.4000000000	0.0010000000	0.0100000000	100	100	0	0.876679
2146000	-0.4000000000	0.0010000000	0.0100000000	100	100	0	0.882012
2147000	-0.4000000000	0.0010000000	0.0100000000	100	100	0	0.909191
2148000	-0.4000000000	0.0010000000	0.0100000000	100	100	0	0.911146
2149000	-0.4000000000	0.0010000000	0.0100000000	100	100	0	0.900354
2150000	-0.4000000000	0.0010000000	0.0100000000	100	100	0	0.883043
2151000	-0.4000000000	0.0010000000	0.0100000000	100	100	0	0.874056
2152000	-0.4000000000	0.0010000000	0.0100000000	100	100	0	0.883718
2153000	-0.4000000000	0.0010000000	0.0100000000	100	100	0	0.894648
2154000	-0.4000000000	0.0010000000	0.0100000000	100	100	0	0.897671
2155000	-0.4000000000	0.0010000000	0.0100000000	100	100	0	0.909654
2156000	-0.4000000000	0.0010000000	0.0100000000	100	100	0	0.908202
2157000	-0.4000000000	0.0010000000	0.0100000000	100	100	0	0.918714
2158000	-0.4000000000	0.0010000000	0.0100000000	100	100	0	0.900026
2159000	-0.4000000000	0.0010000000	0.0100000000	100	100	0	0.880578
2160000	-0.4000000000	0.0010000000	0.0100000000	100	100	0	0.884264
2161000	-0.4000000000	0.0010000000	0.0100000000	100	100	0	0.891730
2162000	-0.4000000000	0.0010000000	0.0100000000	100	100	0	0.896322
2163000	-0.4000000000	0.0010000000	0.0100000000	100	100	0	0.900117
2164000	-0.4000000000	0.0010000000	0.0100000000	100	100	0	0.914300
2165000	-0.4000000000	0.0010000000	0.0100000000	100	100	0	0.920613
2166000	-0.4000000000	0.0010000000	0.0100000000	100	100	0	0.934656
2167000	-0.4000000000	0.0010000000	0.0100000000	100	100	0	0.920760
2168000	-0.4000000000	0.0010000000	0.0100000000	100	100	0	0.917927
2169000	-0.4000000000	0.0010000000	0.0100000000	100	100	0	0.915675
2170000	-0.4000000000	0.0010000000	0.0100000000	100	100	0	0.937669
2171000	-0.4000000000	0.0010000000	0.0100000000	100	100	0	0.925420
2172000	-0.4000000000	0.0010000000	0.0100000000	100	100	0	0.928142
2173000	-0.4000000000	0.0010000000	0.0100000000	100	100	0	0.923352
2174000	-0.4000000000	0.0010000000	0.0100000000	100	100	0	0.913343
2175000	-0.4000000000	0.0010000000	0.0100000000	100	100	0	0.915959
2176000	-0.4000000000	0.0010000000	0.0100000000	100	100	0	0.910434
2177000	-0.4000000000	0.0010000000	0.0100000000	100	100	0	0.916192
2178000	-0.4000000000	0.0010000000	0.0100000000	100	100	0	0.904381
2179000	-0.4000000000	0.0010000000	0.0100000000	100	100	0	0.905186
2180000	-0.4000000000	0.0010000000	0.0100000000	100	100	0	0.900681
2181000	-0.4000000000	0.0010000000	0.0100000000	100	100	0	0.909700
2182000	-0.4000000000	0.0010000000	0.0100000000	100	100	0	0.901548
2183000	-0.4000000000	0.0010000000	0.0100000000	100	100	0	0.887845
2184000	-0.4000000000	0.0010000000	0.0100000000	100	100	0	0.912214
2185000	-0.4000000000	0.0010000000	0.0100000000	100	100	0	0.924377
2186000	-0.4000000000	0.0010000000	0.0100000000	100	100	0	0.918395
2187000	-0.4000000000	0.0010000000	0.0100000000	100	100	0	0.920815
2188000	-0.4000000000	0.0010000000	0.0100000000	100	100	0	0.895087
2189000	-0.4000000000	0.0010000000	0.0100000000	100	100	0	0.902210
2190000	-0.4000000000	0.0010000000	0.0100000000	100	100	0	0.917979
2191000	-0.4000000000	0.0010000000	0.0100000000	100	100	0	0.906399
2192000	-0.4000000000	0.0010000000	0.0100000000	100	100	0	0.898595
2193000	-0.4000000000	0.0010000000	0.0100000000	100	100	0	0.913569
2194000	-0.4000000000	0.0010000000	0.0100000000	100	100	0	0.906512
2195000	-0.4000000000	0.0010000000	0.0100000000	100	100	0	0.903936
2196000	-0.4000000000	0.0010000000	0.0100000000	100	100	0	0.923731
2197000	-0.4000000000	0.0010000000	0.0100000000	100	100	0	0.931559
2198000	-0.4000000000	0.0010000000	0.0100000000	100	100	0	0.913956
2199000	-0.4000000000	0.0010000000	0.0100000000	100	100	0	0.923631
2200000	-0.4000000000	0.0010000000	0.0100000000	100	100	0	0.919575
2201000	-0.4000000000	0.0010000000	0.0100000000	100	100	0	0.922503
2202000	-0.4000000000	0.0010000000	0.0100000000	100	100	0	0.912219
2203000	-0.4000000000	0.0010000000	0.0100000000	100	100	0	0.903581
2204000	-0.4000000000	0.0010000000	0.0100000000	100	100	0	0.916102
2205000	-0.4000000000	0.0010000000	0.0100000000	100	100	0	0.928542
2206000	-0.4000000000	0.0010000000	0.0100000000	100	100	0	0.917205
2207000	-0.4000000000	0.0010000000	0.0100000000	100	100	0	0.895321
2208000	-0.4000000000	0.0010000000	0.0100000000	100	100	0	0.894707
2209000	-0.4000000000	0.0010000000	0.0100000000	100	100	0	0.912812
2210000	-0.4000000000	0.0010000000	0.0100000000	100	100	0	0.892972
2211000	-0.4000000000	0.0010000000	0.0100000000	100	100	0	0.884170
2212000	-0.4000000000	0.0010000000	0.0100000000	100	100	0	0.876620
2213000	-0.4000000000	0.0010000000	0.0100000000	100	100	0	0.881973
2214000	-0.4000000000	0.0010000000	0.0100000000	100	100	0	0.881122
2215000	-0.4000000000	0.0010000000	0.0100000000	100	100	0	0.895994
2216000	-0.4000000000	0.0010000000	0.0100000000	100	100	0	0.898276
2217000	-0.4000000000	0.0010000000	0.0100000000	100	100	0	0.893553
2218000	-0.4000000000	0.0010000000	0.0100000000	100	100	0	0.902449
2219000	-0.4000000000	0.0010000000	0.0100000000	100	100	0	0.914620
2220000	-0.4000000000	0.0010000000	0.0100000000	100	100	0	0.919577
2221000	-0.4000000000	0.0010000000	0.0100000000	100	100	0	0.917285
2222000	-0.4000000000	0.0010000000	0.0100000000	100	100	0	0.904194
2223000	-0.4000000000	0.0010000000	0.0100000000	100	100	0	0.888272
2224000	-0.4000000000	0.0010000000	0.0100000000	100	100	0	0.861348
2225000	-0.4000000000	0.0010000000	0.0100000000	100	100	0	0.852288
2226000	-0.4000000000	0.0010000000	0.0100000000	100	100	0	0.884122
2227000	-0.4000000000	0.0010000000	0.0100000000	100	100	0	0.880970
2228000	-0.4000000000	0.0010000000	0.0100000000	100	100	0	0.897828
2229000	-0.4000000000	0.0010000000	0.0100000000	100	100	0	0.899119
2230000	-0.4000000000	0.0010000000	0.0100000000	100	100	0	0.902878
2231000	-0.4000000000	0.0010000000	0.0100000000	100	100	0	0.920811
2232000	-0.4000000000	0.0010000000	0.0100000000	100	100	0	0.916149
2233000	-0.4000000000	0.0010000000	0.0100000000	100	100	0	0.926898
2234000	-0.4000000000	0.0010000000	0.0100000000	100	100	0	0.923914
2235000	-0.4000000000	0.0010000000	0.0100000000	100	100	0	0.914940
2236000	-0.4000000000	0.0010000000	0.0100000000	100	100	0	0.922321
2237000	-0.4000000000	0.0010000000	0.0100000000	100	100	0	0.914866
2238000	-0.4000000000	0.0010000000	0.0100000000	100	100	0	0.921263
2239000	-0.4000000000	0.0010000000	0.0100000000	100	100	0	0.925359
2240000	-0.4000000000	0.0010000000	0.0100000000	100	100	0	0.919649
2241000	-0.4000000000	0.0010000000	0.0100000000	100	100	0	0.920954
2242000	-0.4000000000	0.0010000000	0.0100000000	100	100	0	0.925240
2243000	-0.4000000000	0.0010000000	0.0100000000	100	100	0	0.923381
2244000	-0.4000000000	0.0010000000	0.0100000000	100	100	0	0.917579
2245000	-0.4000000000	0.0010000000	0.0100000000	100	100	0	0.892279
2246000	-0.4000000000	0.0010000000	0.0100000000	100	100	0	0.888611
2247000	-0.4000000000	0.0010000000	0.0100000000	100	100	0	0.895136
2248000	-0.4000000000	0.0010000000	0.0100000000	100	100	0	0.898969
2249000	-0.4000000000	0.0010000000	0.0100000000	100	100	0	0.893830
2250000	-0.4000000000	0.0010000000	0.0100000000	100	100	0	0.889564
2251000	-0.4000000000	0.0010000000	0.0100000000	100	100	0	0.901077
2252000	-0.4000000000	0.0010000000	0.0100000000	100	100	0	0.923476
2253000	-0.4000000000	0.0010000000	0.0100000000	100	100	0	0.930970
2254000	-0.4000000000	0.0010000000	0.0100000000	100	100	0	0.931435
2255000	-0.4000000000	0.0010000000	0.0100000000	100	100	0	0.927453
2256000	-0.4000000000	0.0010000000	0.0100000000	100	100	0	0.917763
2257000	-0.4000000000	0.0010000000	0.0100000000	100	100	0	0.898596
2258000	-0.4000000000	0.0010000000	0.0100000000	100	100	0	0.890601
2259000	-0.4000000000	0.0010000000	0.0100000000	100	100	0	0.892293
2260000	-0.4000000000	0.0010000000	0.0100000000	100	100	0	0.891174
2261000	-0.4000000000	0.0010000000	0.0100000000	100	100	0	0.890522
2262000	-0.4000000000	0.0010000000	0.0100000000	100	100	0	0.885686
2263000	-0.4000000000	0.0010000000	0.0100000000	100	100	0	0.869326
2264000	-0.4000000000	0.0010000000	0.0100000000	100	100	0	0.873561
2265000	-0.4000000000	0.0010000000	0.0100000000	100	100	0	0.871118
2266000	-0.4000000000	0.0010000000	0.0100000000	100	100	0	0.888559
2267000	-0.4000000000	0.0010000000	0.0100000000	100	100	0	0.892582
2268000	-0.4000000000	0.0010000000	0.0100000000	100	100	0	0.906513
2269000	-0.4000000000	0.0010000000	0.0100000000	100	100	0	0.908531
2270000	-0.4000000000	0.0010000000	0.0100000000	100	100	0	0.902116
2271000	-0.4000000000	0.0010000000	0.0100000000	100	100	0	0.905990
2272000	-0.4000000000	0.0010000000	0.0100000000	100	100	0	0.910586
2273000	-0.4000000000	0.0010000000	0.0100000000	100	100	0	0.915726
2274000	-0.4000000000	0.0010000000	0.0100000000	100	100	0	0.907687
2275000	-0.4000000000	0.0010000000	0.0100000000	100	100	0	0.888554
2276000	-0.4000000000	0.0010000000	0.0100000000	100	100	0	0.885968
2277000	-0.4000000000	0.0010000000	0.0100000000	100	100	0	0.883468
2278000	-0.4000000000	0.0010000000	0.0100000000	100	100	0	0.889149
2279000	-0.4000000000	0.0010000000	0.0100000000	100	100	0	0.889442
2280000	-0.4000000000	0.0010000000	0.0100000000	100	100	0	0.894277
2281000	-0.4000000000	0.0010000000	0.0100000000	100	100	0	0.896726
2282000	-0.4000000000	0.0010000000	0.0100000000	100	100	0	0.927343
2283000	-0.4000000000	0.0010000000	0.0100000000	100	100	0	0.922586
2284000	-0.4000000000	0.0010000000	0.0100000000	100	100	0	0.930862
2285000	-0.4000000000	0.0010000000	0.0100000000	100	100	0	0.922215
2286000	-0.4000000000	0.0010000000	0.0100000000	100	100	0	0.929038
2287000	-0.4000000000	0.0010000000	0.0100000000	100	100	0	0.943429
2288000	-0.4000000000	0.0010000000	0.0100000000	100	100	0	0.934092
2289000	-0.4000000000	0.0010000000	0.0100000000	100	100	0	0.924480
2290000	-0.4000000000	0.0010000000	0.0100000000	100	100	0	0.928757
2291000	-0.4000000000	0.0010000000	0.0100000000	100	100	0	0.915270
2292000	-0.4000000000	0.0010000000	0.0100000000	100	100	0	0.905193
2293000	-0.4000000000	0.0010000000	0.0100000000	100	100	0	0.906788
2294000	-0.4000000000	0.0010000000	0.0100000000	100	100	0	0.888414
2295000	-0.4000000000	0.0010000000	0.0100000000	100	100	0	0.891374
2296000	-0.4000000000	0.0010000000	0.0100000000	100	100	0	0.866663
2297000	-0.4000000000	0.0010000000	0.0100000000	100	100	0	0.868781
2298000	-0.4000000000	0.0010000000	0.0100000000	100	100	0	0.866119
2299000	-0.4000000000	0.0010000000	0.0100000000	100	100	0	0.890348
2300000	-0.4000000000	0.0010000000	0.0100000000	100	100	0	0.886700
2301000	-0.4000000000	0.0010000000	0.0100000000	100	100	0	0.900299
2302000	-0.4000000000	0.0010000000	0.0100000000	100	100	0	0.907587
2303000	-0.4000000000	0.0010000000	0.0100000000	100	100	0	0.900008
2304000	-0.4000000000	0.0010000000	0.0100000000	100	100	0	0.904892
2305000	-0.4000000000	0.0010000000	0.0100000000	100	100	0	0.888029
2306000	-0.4000000000	0.0010000000	0.0100000000	100	100	0	0.906277
2307000	-0.4000000000	0.0010000000	0.0100000000	100	100	0	0.922129
2308000	-0.4000000000	0.0010000000	0.0100000000	100	100	0	0.904952
2309000	-0.4000000000	0.0010000000	0.0100000000	100	100	0	0.906370
2310000	-0.4000000000	0.0010000000	0.0100000000	100	100	0	0.885655
2311000	-0.4000000000	0.0010000000	0.0100000000	100	100	0	0.898897
2312000	-0.4000000000	0.0010000000	0.0100000000	100	100	0	0.917299
2313000	-0.4000000000	0.0010000000	0.0100000000	100	100	0	0.918312
2314000	-0.4000000000	0.0010000000	0.0100000000	100	100	0	0.892628
2315000	-0.4000000000	0.0010000000	0.0100000000	100	100	0	0.894520
2316000	-0.4000000000	0.0010000000	0.0100000000	100	100	0	0.906933
2317000	-0.4000000000	0.0010000000	0.0100000000	100	100	0	0.911316
2318000	-0.4000000000	0.0010000000	0.0100000000	100	100	0	0.910818
2319000	-0.4000000000	0.0010000000	0.0100000000	100	100	0	0.879355
2320000	-0.4000000000	0.0010000000	0.0100000000	100	100	0	0.874756
2321000	-0.4000000000	0.0010000000	0.0100000000	100	100	0	0.867224
2322000	-0.4000000000	0.0010000000	0.0100000000	100	100	0	0.893543
2323000	-0.4000000000	0.0010000000	0.0100000000	100	100	0	0.912614
2324000	-0.4000000000	0.0010000000	0.0100000000	100	100	0	0.906937
2325000	-0.4000000000	0.0010000000	0.0100000000	100	100	0	0.911659
2326000	-0.4000000000	0.0010000000	0.0100000000	100	100	0	0.905756
2327000	-0.4000000000	0.0010000000	0.0100000000	100	100	0	0.907032
2328000	-0.4000000000	0.0010000000	0.0100000000	100	100	0	0.910261
2329000	-0.4000000000	0.0010000000	0.0100000000	100	100	0	0.893116
2330000	-0.4000000000	0.0010000000	0.0100000000	100	100	0	0.893648
2331000	-0.4000000000	0.0010000000	0.0100000000	100	100	0	0.899472
2332000	-0.4000000000	0.0010000000	0.0100000000	100	100	0	0.902533
2333000	-0.4000000000	0.0010000000	0.0100000000	100	100	0	0.918540
2334000	-0.4000000000	0.0010000000	0.0100000000	100	100	0	0.907503
2335000	-0.4000000000	0.0010000000	0.0100000000	100	100	0	0.909748
2336000	-0.4000000000	0.0010000000	0.0100000000	100	100	0	0.912672
2337000	-0.4000000000	0.0010000000	0.0100000000	100	100	0	0.913750
2338000	-0.4000000000	0.0010000000	0.0100000000	100	100	0	0.909185
2339000	-0.4000000000	0.0010000000	0.0100000000	100	100	0	0.901832
2340000	-0.4000000000	0.0010000000	0.0100000000	100	100	0	0.901535
2341000	-0.4000000000	0.0010000000	0.0100000000	100	100	0	0.904583
2342000	-0.4000000000	0.0010000000	0.0100000000	100	100	0	0.911459
2343000	-0.4000000000	0.0010000000	0.0100000000	100	100	0	0.913429
2344000	-0.4000000000	0.0010000000	0.0100000000	100	100	0	0.921354
2345000	-0.4000000000	0.0010000000	0.0100000000	100	100	0	0.925785
2346000	-0.4000000000	0.0010000000	0.0100000000	100	100	0	0.934633
2347000	-0.4000000000	0.0010000000	0.0100000000	100	100	0	0.921962
2348000	-0.4000000000	0.0010000000	0.0100000000	100	100	0	0.918539
2349000	-0.4000000000	0.0010000000	0.0100000000	100	100	0	0.906181
2350000	-0.4000000000	0.0010000000	0.0100000000	100	100	0	0.883024
2351000	-0.4000000000	0.0010000000	0.0100000000	100	100	0	0.887295
2352000	-0.4000000000	0.0010000000	0.0100000000	100	100	0	0.894520
2353000	-0.4000000000	0.0010000000	0.0100000000	100	100	0	0.894707
2354000	-0.4000000000	0.0010000000	0.0100000000	100	100	0	0.886661
2355000	-0.4000000000	0.0010000000	0.0100000000	100	100	0	0.879344
2356000	-0.4000000000	0.0010000000	0.0100000000	100	100	0	0.869082
2357000	-0.4000000000	0.0010000000	0.0100000000	100	100	0	0.851324
2358000	-0.4000000000	0.0010000000	0.0100000000	100	100	0	0.858627
2359000	-0.4000000000	0.0010000000	0.0100000000	100	100	0	0.861495
2360000	-0.4000000000	0.0010000000	0.0100000000	100	100	0	0.865410
2361000	-0.4000000000	0.0010000000	0.0100000000	100	100	0	0.882880
2362000	-0.4000000000	0.0010000000	0.0100000000	100	100	0	0.902014
2363000	-0.4000000000	0.0010000000	0.0100000000	100	100	0	0.887967
2364000	-0.4000000000	0.0010000000	0.0100000000	100	100	0	0.883864
2365000	-0.4000000000	0.0010000000	0.0100000000	100	100	0	0.878517
2366000	-0.4000000000	0.0010000000	0.0100000000	100	100	0	0.882838
2367000	-0.4000000000	0.0010000000	0.0100000000	100	100	0	0.880735
2368000	-0.4000000000	0.0010000000	0.0100000000	100	100	0	0.897253
2369000	-0.4000000000	0.0010000000	0.0100000000	100	100	0	0.894709
2370000	-0.4000000000	0.0010000000	0.0100000000	100	100	0	0.889852
2371000	-0.4000000000	0.0010000000	0.0100000000	100	100	0	0.883476
2372000	-0.4000000000	0.0010000000	0.0100000000	100	100	0	0.868781
2373000	-0.4000000000	0.0010000000	0.0100000000	100	100	0	0.878419
2374000	-0.4000000000	0.0010000000	0.0100000000	100	100	0	0.884756
2375000	-0.4000000000	0.0010000000	0.0100000000	100	100	0	0.906729
2376000	-0.4000000000	0.0010000000	0.0100000000	100	100	0	0.906954
2377000	-0.4000000000	0.0010000000	0.0100000000	100	100	0	0.908205
2378000	-0.4000000000	0.0010000000	0.0100000000	100	100	0	0.926229
2379000	-0.4000000000	0.0010000000	0.0100000000	100	100	0	0.924265
2380000	-0.4000000000	0.0010000000	0.0100000000	100	100	0	0.925741
2381000	-0.4000000000	0.0010000000	0.0100000000	100	100	0	0.917809
2382000	-0.4000000000	0.0010000000	0.0100000000	100	100	0	0.918523
2383000	-0.4000000000	0.0010000000	0.0100000000	100	100	0	0.895805
2384000	-0.4000000000	0.0010000000	0.0100000000	100	100	0	0.891306
2385000	-0.4000000000	0.0010000000	0.0100000000	100	100	0	0.907266
2386000	-0.4000000000	0.0010000000	0.0100000000	100	100	0	0.897816
2387000	-0.4000000000	0.0010000000	0.0100000000	100	100	0	0.900295
2388000	-0.4000000000	0.0010000000	0.0100000000	100	100	0	0.913744
2389000	-0.4000000000	0.0010000000	0.0100000000	100	100	0	0.907738
2390000	-0.4000000000	0.0010000000	0.0100000000	100	100	0	0.905211
2391000	-0.4000000000	0.0010000000	0.0100000000	100	100	0	0.894101
2392000	-0.4000000000	0.0010000000	0.0100000000	100	100	0	0.888952
2393000	-0.4000000000	0.0010000000	0.0100000000	100	100	0	0.902391
2394000	-0.4000000000	0.0010000000	0.0100000000	100	100	0	0.900408
2395000	-0.4000000000	0.0010000000	0.0100000000	100	100	0	0.889428
2396000	-0.4000000000	0.0010000000	0.0100000000	100	100	0	0.884174
2397000	-0.4000000000	0.0010000000	0.0100000000	100	100	0	0.894266
2398000	-0.4000000000	0.0010000000	0.0100000000	100	100	0	0.900944
2399000	-0.4000000000	0.0010000000	0.0100000000	100	100	0	0.895210
2400000	-0.4000000000	0.0010000000	0.0100000000	100	100	0	0.874207
2401000	-0.4000000000	0.0010000000	0.0100000000	100	100	0	0.864724
2402000	-0.4000000000	0.0010000000	0.0100000000	100	100	0	0.850809
2403000	-0.4000000000	0.0010000000	0.0100000000	100	100	0	0.863410
2404000	-0.4000000000	0.0010000000	0.0100000000	100	100	0	0.869308
2405000	-0.4000000000	0.0010000000	0.0100000000	100	100	0	0.900684
2406000	-0.4000000000	0.0010000000	0.0100000000	100	100	0	0.895656
2407000	-0.4000000000	0.0010000000	0.0100000000	100	100	0	0.899549
2408000	-0.4000000000	0.0010000000	0.0100000000	100	100	0	0.921897
2409000	-0.4000000000	0.0010000000	0.0100000000	100	100	0	0.913272
2410000	-0.4000000000	0.0010000000	0.0100000000	100	100	0	0.915664
2411000	-0.4000000000	0.0010000000	0.0100000000	100	100	0	0.902213
2412000	-0.4000000000	0.0010000000	0.0100000000	100	100	0	0.911747
2413000	-0.4000000000	0.0010000000	0.0100000000	100	100	0	0.915920
2414000	-0.4000000000	0.0010000000	0.0100000000	100	100	0	0.926540
2415000	-0.4000000000	0.0010000000	0.0100000000	100	100	0	0.909399
2416000	-0.4000000000	0.0010000000	0.0100000000	100	100	0	0.910157
2417000	-0.4000000000	0.0010000000	0.0100000000	100	100	0	0.920497
2418000	-0.4000000000	0.0010000000	0.0100000000	100	100	0	0.925445
2419000	-0.4000000000	0.0010000000	0.0100000000	100	100	0	0.904112
2420000	-0.4000000000	0.0010000000	0.0100000000	100	100	0	0.896389
2421000	-0.4000000000	0.0010000000	0.0100000000	100	100	0	0.909132
2422000	-0.4000000000	0.0010000000	0.0100000000	100	100	0	0.925282
2423000	-0.4000000000	0.0010000000	0.0100000000	100	100	0	0.920726
2424000	-0.4000000000	0.0010000000	0.0100000000	100	100	0	0.915299
2425000	-0.4000000000	0.0010000000	0.0100000000	100	100	0	0.897488
2426000	-0.4000000000	0.0010000000	0.0100000000	100	100	0	0.896365
2427000	-0.4000000000	0.0010000000	0.0100000000	100	100	0	0.893393
2428000	-0.4000000000	0.0010000000	0.0100000000	100	100	0	0.919311
2429000	-0.4000000000	0.0010000000	0.0100000000	100	100	0	0.905688
2430000	-0.4000000000	0.0010000000	0.0100000000	100	100	0	0.901830
2431000	-0.4000000000	0.0010000000	0.0100000000	100	100	0	0.899212
2432000	-0.4000000000	0.0010000000	0.0100000000	100	100	0	0.920424
2433000	-0.4000000000	0.0010000000	0.0100000000	100	100	0	0.914623
2434000	-0.4000000000	0.0010000000	0.0100000000	100	100	0	0.907312
2435000	-0.4000000000	0.0010000000	0.0100000000	100	100	0	0.912163
2436000	-0.4000000000	0.0010000000	0.0100000000	100	100	0	0.917142
2437000	-0.4000000000	0.0010000000	0.0100000000	100	100	0	0.922721
2438000	-0.4000000000	0.0010000000	0.0100000000	100	100	0	0.929488
2439000	-0.4000000000	0.0010000000	0.0100000000	100	100	0	0.906114
2440000	-0.4000000000	0.0010000000	0.0100000000	100	100	0	0.896096
2441000	-0.4000000000	0.0010000000	0.0100000000	100	100	0	0.871512
2442000	-0.4000000000	0.0010000000	0.0100000000	100	100	0	0.903811
2443000	-0.4000000000	0.0010000000	0.0100000000	100	100	0	0.909968
2444000	-0.4000000000	0.0010000000	0.0100000000	100	100	0	0.919109
2445000	-0.4000000000	0.0010000000	0.0100000000	100	100	0	0.918675
2446000	-0.4000000000	0.0010000000	0.0100000000	100	100	0	0.917378
2447000	-0.4000000000	0.0010000000	0.0100000000	100	100	0	0.897505
2448000	-0.4000000000	0.0010000000	0.0100000000	100	100	0	0.897915
2449000	-0.4000000000	0.0010000000	0.0100000000	100	100	0	0.885295
2450000	-0.4000000000	0.0010000000	0.0100000000	100	100	0	0.866424
2451000	-0.4000000000	0.0010000000	0.0100000000	100	100	0	0.872615
2452000	-0.4000000000	0.0010000000	0.0100000000	100	100	0	0.869980
2453000	-0.4000000000	0.0010000000	0.0100000000	100	100	0	0.878468
2454000	-0.4000000000	0.0010000000	0.0100000000	100	100	0	0.884312
2455000	-0.4000000000	0.0010000000	0.0100000000	100	100	0	0.896376
2456000	-0.4000000000	0.0010000000	0.0100000000	100	100	0	0.895280
2457000	-0.4000000000	0.0010000000	0.0100000000	100	100	0	0.902995
2458000	-0.4000000000	0.0010000000	0.0100000000	100	100	0	0.903210
2459000	-0.4000000000	0.0010000000	0.0100000000	100	100	0	0.904430
2460000	-0.4000000000	0.0010000000	0.0100000000	100	100	0	0.904066
2461000	-0.4000000000	0.0010000000	0.0100000000	100	100	0	0.907831
2462000	-0.4000000000	0.0010000000	0.0100000000	100	100	0	0.917468
2463000	-0.4000000000	0.0010000000	0.0100000000	100	100	0	0.900590
2464000	-0.4000000000	0.0010000000	0.0100000000	100	100	0	0.910776
2465000	-0.4000000000	0.0010000000	0.0100000000	100	100	0	0.897238
2466000	-0.4000000000	0.0010000000	0.0100000000	100	100	0	0.893587
2467000	-0.4000000000	0.0010000000	0.0100000000	100	100	0	0.897152
2468000	-0.4000000000	0.0010000000	0.0100000000	100	100	0	0.887714
2469000	-0.4000000000	0.0010000000	0.0100000000	100	100	0	0.896911
2470000	-0.4000000000	0.0010000000	0.0100000000	100	100	0	0.918086
2471000	-0.4000000000	0.0010000000	0.0100000000	100	100	0	0.921076
2472000	-0.4000000000	0.0010000000	0.0100000000	100	100	0	0.925049
2473000	-0.4000000000	0.0010000000	0.0100000000	100	100	0	0.930140
2474000	-0.4000000000	0.0010000000	0.0100000000	100	100	0	0.916885
2475000	-0.4000000000	0.0010000000	0.0100000000	100	100	0	0.915582
2476000	-0.4000000000	0.0010000000	0.0100000000	100	100	0	0.923689
2477000	-0.4000000000	0.0010000000	0.0100000000	100	100	0	0.936886
2478000	-0.4000000000	0.0010000000	0.0100000000	100	100	0	0.930199
2479000	-0.4000000000	0.0010000000	0.0100000000	100	100	0	0.943205
2480000	-0.4000000000	0.0010000000	0.0100000000	100	100	0	0.928039
2481000	-0.4000000000	0.0010000000	0.0100000000	100	100	0	0.929930
2482000	-0.4000000000	0.0010000000	0.0100000000	100	100	0	0.907541
2483000	-0.4000000000	0.0010000000	0.0100000000	100	100	0	0.908104
2484000	-0.4000000000	0.0010000000	0.0100000000	100	100	0	0.894122
2485000	-0.4000000000	0.0010000000	0.0100000000	100	100	0	0.902041
2486000	-0.4000000000	0.0010000000	0.0100000000	100	100	0	0.896861
2487000	-0.4000000000	0.0010000000	0.0100000000	100	100	0	0.891181
2488000	-0.4000000000	0.0010000000	0.0100000000	100	100	0	0.873457
2489000	-0.4000000000	0.0010000000	0.0100000000	100	100	0	0.873438
2490000	-0.4000000000	0.0010000000	0.0100000000	100	100	0	0.869728
2491000	-0.4000000000	0.0010000000	0.0100000000	100	100	0	0.864970
2492000	-0.4000000000	0.0010000000	0.0100000000	100	100	0	0.863870
2493000	-0.4000000000	0.0010000000	0.0100000000	100	100	0	0.865468
2494000	-0.4000000000	0.0010000000	0.0100000000	100	100	0	0.881812
2495000	-0.4000000000	0.0010000000	0.0100000000	100	100	0	0.898730
2496000	-0.4000000000	0.0010000000	0.0100000000	100	100	0	0.906467
2497000	-0.4000000000	0.0010000000	0.0100000000	100	100	0	0.900429
2498000	-0.4000000000	0.0010000000	0.0100000000	100	100	0	0.919168
2499000	-0.4000000000	0.0010000000	0.0100000000	100	100	0	0.904374
2500000	-0.4000000000	0.0010000000	0.0100000000	100	100	0	0.904019
