time	epistasis_coef	sel_coef	mu_prob	Ne	L	k_start	mean_fitness
1500000	-1.0000000000	0.0010000000	0.0001000000	100	100	0	0.952181
1501000	-1.0000000000	0.0010000000	0.0001000000	100	100	0	0.952181
1502000	-1.0000000000	0.0010000000	0.0001000000	100	100	0	0.952181
1503000	-1.0000000000	0.0010000000	0.0001000000	100	100	0	0.952181
1504000	-1.0000000000	0.0010000000	0.0001000000	100	100	0	0.952181
1505000	-1.0000000000	0.0010000000	0.0001000000	100	100	0	0.952181
1506000	-1.0000000000	0.0010000000	0.0001000000	100	100	0	0.952181
1507000	-1.0000000000	0.0010000000	0.0001000000	100	100	0	0.952181
1508000	-1.0000000000	0.0010000000	0.0001000000	100	100	0	0.951472
1509000	-1.0000000000	0.0010000000	0.0001000000	100	100	0	0.964640
1510000	-1.0000000000	0.0010000000	0.0001000000	100	100	0	0.964640
1511000	-1.0000000000	0.0010000000	0.0001000000	100	100	0	0.959781
1512000	-1.0000000000	0.0010000000	0.0001000000	100	100	0	0.964640
1513000	-1.0000000000	0.0010000000	0.0001000000	100	100	0	0.964640
1514000	-1.0000000000	0.0010000000	0.0001000000	100	100	0	0.964640
1515000	-1.0000000000	0.0010000000	0.0001000000	100	100	0	0.964640
1516000	-1.0000000000	0.0010000000	0.0001000000	100	100	0	0.963751
1517000	-1.0000000000	0.0010000000	0.0001000000	100	100	0	0.964640
1518000	-1.0000000000	0.0010000000	0.0001000000	100	100	0	0.952181
1519000	-1.0000000000	0.0010000000	0.0001000000	100	100	0	0.952181
1520000	-1.0000000000	0.0010000000	0.0001000000	100	100	0	0.952181
1521000	-1.0000000000	0.0010000000	0.0001000000	100	100	0	0.952181
1522000	-1.0000000000	0.0010000000	0.0001000000	100	100	0	0.952181
1523000	-1.0000000000	0.0010000000	0.0001000000	100	100	0	0.952181
1524000	-1.0000000000	0.0010000000	0.0001000000	100	100	0	0.952181
1525000	-1.0000000000	0.0010000000	0.0001000000	100	100	0	0.945235
1526000	-1.0000000000	0.0010000000	0.0001000000	100	100	0	0.952181
1527000	-1.0000000000	0.0010000000	0.0001000000	100	100	0	0.952181
1528000	-1.0000000000	0.0010000000	0.0001000000	100	100	0	0.952181
1529000	-1.0000000000	0.0010000000	0.0001000000	100	100	0	0.952181
1530000	-1.0000000000	0.0010000000	0.0001000000	100	100	0	0.952181
1531000	-1.0000000000	0.0010000000	0.0001000000	100	100	0	0.952039
1532000	-1.0000000000	0.0010000000	0.0001000000	100	100	0	0.952181
1533000	-1.0000000000	0.0010000000	0.0001000000	100	100	0	0.952181
1534000	-1.0000000000	0.0010000000	0.0001000000	100	100	0	0.952181
1535000	-1.0000000000	0.0010000000	0.0001000000	100	100	0	0.952181
1536000	-1.0000000000	0.0010000000	0.0001000000	100	100	0	0.952181
1537000	-1.0000000000	0.0010000000	0.0001000000	100	100	0	0.952181
1538000	-1.0000000000	0.0010000000	0.0001000000	100	100	0	0.952181
1539000	-1.0000000000	0.0010000000	0.0001000000	100	100	0	0.952181
1540000	-1.0000000000	0.0010000000	0.0001000000	100	100	0	0.952181
1541000	-1.0000000000	0.0010000000	0.0001000000	100	100	0	0.938005
1542000	-1.0000000000	0.0010000000	0.0001000000	100	100	0	0.938005
1543000	-1.0000000000	0.0010000000	0.0001000000	100	100	0	0.938005
1544000	-1.0000000000	0.0010000000	0.0001000000	100	100	0	0.952181
1545000	-1.0000000000	0.0010000000	0.0001000000	100	100	0	0.952181
1546000	-1.0000000000	0.0010000000	0.0001000000	100	100	0	0.952181
1547000	-1.0000000000	0.0010000000	0.0001000000	100	100	0	0.952181
1548000	-1.0000000000	0.0010000000	0.0001000000	100	100	0	0.952181
1549000	-1.0000000000	0.0010000000	0.0001000000	100	100	0	0.952181
1550000	-1.0000000000	0.0010000000	0.0001000000	100	100	0	0.952181
1551000	-1.0000000000	0.0010000000	0.0001000000	100	100	0	0.952181
1552000	-1.0000000000	0.0010000000	0.0001000000	100	100	0	0.952181
1553000	-1.0000000000	0.0010000000	0.0001000000	100	100	0	0.952181
1554000	-1.0000000000	0.0010000000	0.0001000000	100	100	0	0.952181
1555000	-1.0000000000	0.0010000000	0.0001000000	100	100	0	0.952181
1556000	-1.0000000000	0.0010000000	0.0001000000	100	100	0	0.952181
1557000	-1.0000000000	0.0010000000	0.0001000000	100	100	0	0.952181
1558000	-1.0000000000	0.0010000000	0.0001000000	100	100	0	0.952181
1559000	-1.0000000000	0.0010000000	0.0001000000	100	100	0	0.952181
1560000	-1.0000000000	0.0010000000	0.0001000000	100	100	0	0.952181
1561000	-1.0000000000	0.0010000000	0.0001000000	100	100	0	0.952181
1562000	-1.0000000000	0.0010000000	0.0001000000	100	100	0	0.952181
1563000	-1.0000000000	0.0010000000	0.0001000000	100	100	0	0.952181
1564000	-1.0000000000	0.0010000000	0.0001000000	100	100	0	0.952181
1565000	-1.0000000000	0.0010000000	0.0001000000	100	100	0	0.952181
1566000	-1.0000000000	0.0010000000	0.0001000000	100	100	0	0.964640
1567000	-1.0000000000	0.0010000000	0.0001000000	100	100	0	0.964640
1568000	-1.0000000000	0.0010000000	0.0001000000	100	100	0	0.964640
1569000	-1.0000000000	0.0010000000	0.0001000000	100	100	0	0.964640
1570000	-1.0000000000	0.0010000000	0.0001000000	100	100	0	0.964640
1571000	-1.0000000000	0.0010000000	0.0001000000	100	100	0	0.964640
1572000	-1.0000000000	0.0010000000	0.0001000000	100	100	0	0.964640
1573000	-1.0000000000	0.0010000000	0.0001000000	100	100	0	0.964640
1574000	-1.0000000000	0.0010000000	0.0001000000	100	100	0	0.964640
1575000	-1.0000000000	0.0010000000	0.0001000000	100	100	0	0.964640
1576000	-1.0000000000	0.0010000000	0.0001000000	100	100	0	0.964640
1577000	-1.0000000000	0.0010000000	0.0001000000	100	100	0	0.964640
1578000	-1.0000000000	0.0010000000	0.0001000000	100	100	0	0.964640
1579000	-1.0000000000	0.0010000000	0.0001000000	100	100	0	0.964640
1580000	-1.0000000000	0.0010000000	0.0001000000	100	100	0	0.964640
1581000	-1.0000000000	0.0010000000	0.0001000000	100	100	0	0.964640
1582000	-1.0000000000	0.0010000000	0.0001000000	100	100	0	0.964640
1583000	-1.0000000000	0.0010000000	0.0001000000	100	100	0	0.964960
1584000	-1.0000000000	0.0010000000	0.0001000000	100	100	0	0.964640
1585000	-1.0000000000	0.0010000000	0.0001000000	100	100	0	0.964640
1586000	-1.0000000000	0.0010000000	0.0001000000	100	100	0	0.964640
1587000	-1.0000000000	0.0010000000	0.0001000000	100	100	0	0.964640
1588000	-1.0000000000	0.0010000000	0.0001000000	100	100	0	0.964640
1589000	-1.0000000000	0.0010000000	0.0001000000	100	100	0	0.964640
1590000	-1.0000000000	0.0010000000	0.0001000000	100	100	0	0.964640
1591000	-1.0000000000	0.0010000000	0.0001000000	100	100	0	0.961650
1592000	-1.0000000000	0.0010000000	0.0001000000	100	100	0	0.964640
1593000	-1.0000000000	0.0010000000	0.0001000000	100	100	0	0.952181
1594000	-1.0000000000	0.0010000000	0.0001000000	100	100	0	0.952181
1595000	-1.0000000000	0.0010000000	0.0001000000	100	100	0	0.950764
1596000	-1.0000000000	0.0010000000	0.0001000000	100	100	0	0.952181
1597000	-1.0000000000	0.0010000000	0.0001000000	100	100	0	0.952039
1598000	-1.0000000000	0.0010000000	0.0001000000	100	100	0	0.952181
1599000	-1.0000000000	0.0010000000	0.0001000000	100	100	0	0.952181
1600000	-1.0000000000	0.0010000000	0.0001000000	100	100	0	0.952181
1601000	-1.0000000000	0.0010000000	0.0001000000	100	100	0	0.952181
1602000	-1.0000000000	0.0010000000	0.0001000000	100	100	0	0.952181
1603000	-1.0000000000	0.0010000000	0.0001000000	100	100	0	0.952181
1604000	-1.0000000000	0.0010000000	0.0001000000	100	100	0	0.952181
1605000	-1.0000000000	0.0010000000	0.0001000000	100	100	0	0.952181
1606000	-1.0000000000	0.0010000000	0.0001000000	100	100	0	0.952181
1607000	-1.0000000000	0.0010000000	0.0001000000	100	100	0	0.952181
1608000	-1.0000000000	0.0010000000	0.0001000000	100	100	0	0.950622
1609000	-1.0000000000	0.0010000000	0.0001000000	100	100	0	0.952929
1610000	-1.0000000000	0.0010000000	0.0001000000	100	100	0	0.952181
1611000	-1.0000000000	0.0010000000	0.0001000000	100	100	0	0.952181
1612000	-1.0000000000	0.0010000000	0.0001000000	100	100	0	0.952181
1613000	-1.0000000000	0.0010000000	0.0001000000	100	100	0	0.952181
1614000	-1.0000000000	0.0010000000	0.0001000000	100	100	0	0.952181
1615000	-1.0000000000	0.0010000000	0.0001000000	100	100	0	0.952181
1616000	-1.0000000000	0.0010000000	0.0001000000	100	100	0	0.952181
1617000	-1.0000000000	0.0010000000	0.0001000000	100	100	0	0.952181
1618000	-1.0000000000	0.0010000000	0.0001000000	100	100	0	0.952181
1619000	-1.0000000000	0.0010000000	0.0001000000	100	100	0	0.952181
1620000	-1.0000000000	0.0010000000	0.0001000000	100	100	0	0.952181
1621000	-1.0000000000	0.0010000000	0.0001000000	100	100	0	0.952181
1622000	-1.0000000000	0.0010000000	0.0001000000	100	100	0	0.952181
1623000	-1.0000000000	0.0010000000	0.0001000000	100	100	0	0.952181
1624000	-1.0000000000	0.0010000000	0.0001000000	100	100	0	0.952181
1625000	-1.0000000000	0.0010000000	0.0001000000	100	100	0	0.952181
1626000	-1.0000000000	0.0010000000	0.0001000000	100	100	0	0.952181
1627000	-1.0000000000	0.0010000000	0.0001000000	100	100	0	0.952181
1628000	-1.0000000000	0.0010000000	0.0001000000	100	100	0	0.952181
1629000	-1.0000000000	0.0010000000	0.0001000000	100	100	0	0.952181
1630000	-1.0000000000	0.0010000000	0.0001000000	100	100	0	0.952181
1631000	-1.0000000000	0.0010000000	0.0001000000	100	100	0	0.952181
1632000	-1.0000000000	0.0010000000	0.0001000000	100	100	0	0.952181
1633000	-1.0000000000	0.0010000000	0.0001000000	100	100	0	0.952181
1634000	-1.0000000000	0.0010000000	0.0001000000	100	100	0	0.952181
1635000	-1.0000000000	0.0010000000	0.0001000000	100	100	0	0.952181
1636000	-1.0000000000	0.0010000000	0.0001000000	100	100	0	0.952181
1637000	-1.0000000000	0.0010000000	0.0001000000	100	100	0	0.952181
1638000	-1.0000000000	0.0010000000	0.0001000000	100	100	0	0.952181
1639000	-1.0000000000	0.0010000000	0.0001000000	100	100	0	0.952181
1640000	-1.0000000000	0.0010000000	0.0001000000	100	100	0	0.964640
1641000	-1.0000000000	0.0010000000	0.0001000000	100	100	0	0.964640
1642000	-1.0000000000	0.0010000000	0.0001000000	100	100	0	0.964640
1643000	-1.0000000000	0.0010000000	0.0001000000	100	100	0	0.964640
1644000	-1.0000000000	0.0010000000	0.0001000000	100	100	0	0.964640
1645000	-1.0000000000	0.0010000000	0.0001000000	100	100	0	0.952181
1646000	-1.0000000000	0.0010000000	0.0001000000	100	100	0	0.952181
1647000	-1.0000000000	0.0010000000	0.0001000000	100	100	0	0.953302
1648000	-1.0000000000	0.0010000000	0.0001000000	100	100	0	0.952039
1649000	-1.0000000000	0.0010000000	0.0001000000	100	100	0	0.952181
1650000	-1.0000000000	0.0010000000	0.0001000000	100	100	0	0.952181
1651000	-1.0000000000	0.0010000000	0.0001000000	100	100	0	0.952181
1652000	-1.0000000000	0.0010000000	0.0001000000	100	100	0	0.952181
1653000	-1.0000000000	0.0010000000	0.0001000000	100	100	0	0.949488
1654000	-1.0000000000	0.0010000000	0.0001000000	100	100	0	0.952181
1655000	-1.0000000000	0.0010000000	0.0001000000	100	100	0	0.952181
1656000	-1.0000000000	0.0010000000	0.0001000000	100	100	0	0.964640
1657000	-1.0000000000	0.0010000000	0.0001000000	100	100	0	0.964640
1658000	-1.0000000000	0.0010000000	0.0001000000	100	100	0	0.964640
1659000	-1.0000000000	0.0010000000	0.0001000000	100	100	0	0.964640
1660000	-1.0000000000	0.0010000000	0.0001000000	100	100	0	0.964640
1661000	-1.0000000000	0.0010000000	0.0001000000	100	100	0	0.975310
1662000	-1.0000000000	0.0010000000	0.0001000000	100	100	0	0.975310
1663000	-1.0000000000	0.0010000000	0.0001000000	100	100	0	0.975310
1664000	-1.0000000000	0.0010000000	0.0001000000	100	100	0	0.974563
1665000	-1.0000000000	0.0010000000	0.0001000000	100	100	0	0.975310
1666000	-1.0000000000	0.0010000000	0.0001000000	100	100	0	0.975310
1667000	-1.0000000000	0.0010000000	0.0001000000	100	100	0	0.975203
1668000	-1.0000000000	0.0010000000	0.0001000000	100	100	0	0.968801
1669000	-1.0000000000	0.0010000000	0.0001000000	100	100	0	0.964640
1670000	-1.0000000000	0.0010000000	0.0001000000	100	100	0	0.964640
1671000	-1.0000000000	0.0010000000	0.0001000000	100	100	0	0.964640
1672000	-1.0000000000	0.0010000000	0.0001000000	100	100	0	0.964640
1673000	-1.0000000000	0.0010000000	0.0001000000	100	100	0	0.964640
1674000	-1.0000000000	0.0010000000	0.0001000000	100	100	0	0.964640
1675000	-1.0000000000	0.0010000000	0.0001000000	100	100	0	0.964640
1676000	-1.0000000000	0.0010000000	0.0001000000	100	100	0	0.964640
1677000	-1.0000000000	0.0010000000	0.0001000000	100	100	0	0.964640
1678000	-1.0000000000	0.0010000000	0.0001000000	100	100	0	0.964640
1679000	-1.0000000000	0.0010000000	0.0001000000	100	100	0	0.964640
1680000	-1.0000000000	0.0010000000	0.0001000000	100	100	0	0.964640
1681000	-1.0000000000	0.0010000000	0.0001000000	100	100	0	0.964640
1682000	-1.0000000000	0.0010000000	0.0001000000	100	100	0	0.964640
1683000	-1.0000000000	0.0010000000	0.0001000000	100	100	0	0.964640
1684000	-1.0000000000	0.0010000000	0.0001000000	100	100	0	0.964267
1685000	-1.0000000000	0.0010000000	0.0001000000	100	100	0	0.964640
1686000	-1.0000000000	0.0010000000	0.0001000000	100	100	0	0.964640
1687000	-1.0000000000	0.0010000000	0.0001000000	100	100	0	0.964640
1688000	-1.0000000000	0.0010000000	0.0001000000	100	100	0	0.964640
1689000	-1.0000000000	0.0010000000	0.0001000000	100	100	0	0.964640
1690000	-1.0000000000	0.0010000000	0.0001000000	100	100	0	0.964640
1691000	-1.0000000000	0.0010000000	0.0001000000	100	100	0	0.964640
1692000	-1.0000000000	0.0010000000	0.0001000000	100	100	0	0.964640
1693000	-1.0000000000	0.0010000000	0.0001000000	100	100	0	0.964640
1694000	-1.0000000000	0.0010000000	0.0001000000	100	100	0	0.964640
1695000	-1.0000000000	0.0010000000	0.0001000000	100	100	0	0.963394
1696000	-1.0000000000	0.0010000000	0.0001000000	100	100	0	0.964640
1697000	-1.0000000000	0.0010000000	0.0001000000	100	100	0	0.964640
1698000	-1.0000000000	0.0010000000	0.0001000000	100	100	0	0.964640
1699000	-1.0000000000	0.0010000000	0.0001000000	100	100	0	0.964640
1700000	-1.0000000000	0.0010000000	0.0001000000	100	100	0	0.964640
1701000	-1.0000000000	0.0010000000	0.0001000000	100	100	0	0.964640
1702000	-1.0000000000	0.0010000000	0.0001000000	100	100	0	0.964640
1703000	-1.0000000000	0.0010000000	0.0001000000	100	100	0	0.964640
1704000	-1.0000000000	0.0010000000	0.0001000000	100	100	0	0.964640
1705000	-1.0000000000	0.0010000000	0.0001000000	100	100	0	0.964640
1706000	-1.0000000000	0.0010000000	0.0001000000	100	100	0	0.964640
1707000	-1.0000000000	0.0010000000	0.0001000000	100	100	0	0.975310
1708000	-1.0000000000	0.0010000000	0.0001000000	100	100	0	0.975310
1709000	-1.0000000000	0.0010000000	0.0001000000	100	100	0	0.975310
1710000	-1.0000000000	0.0010000000	0.0001000000	100	100	0	0.975310
1711000	-1.0000000000	0.0010000000	0.0001000000	100	100	0	0.975310
1712000	-1.0000000000	0.0010000000	0.0001000000	100	100	0	0.975203
1713000	-1.0000000000	0.0010000000	0.0001000000	100	100	0	0.975310
1714000	-1.0000000000	0.0010000000	0.0001000000	100	100	0	0.975310
1715000	-1.0000000000	0.0010000000	0.0001000000	100	100	0	0.975310
1716000	-1.0000000000	0.0010000000	0.0001000000	100	100	0	0.975310
1717000	-1.0000000000	0.0010000000	0.0001000000	100	100	0	0.975310
1718000	-1.0000000000	0.0010000000	0.0001000000	100	100	0	0.975310
1719000	-1.0000000000	0.0010000000	0.0001000000	100	100	0	0.975310
1720000	-1.0000000000	0.0010000000	0.0001000000	100	100	0	0.975310
1721000	-1.0000000000	0.0010000000	0.0001000000	100	100	0	0.975310
1722000	-1.0000000000	0.0010000000	0.0001000000	100	100	0	0.975310
1723000	-1.0000000000	0.0010000000	0.0001000000	100	100	0	0.975310
1724000	-1.0000000000	0.0010000000	0.0001000000	100	100	0	0.975310
1725000	-1.0000000000	0.0010000000	0.0001000000	100	100	0	0.975310
1726000	-1.0000000000	0.0010000000	0.0001000000	100	100	0	0.975310
1727000	-1.0000000000	0.0010000000	0.0001000000	100	100	0	0.975310
1728000	-1.0000000000	0.0010000000	0.0001000000	100	100	0	0.975310
1729000	-1.0000000000	0.0010000000	0.0001000000	100	100	0	0.975310
1730000	-1.0000000000	0.0010000000	0.0001000000	100	100	0	0.975310
1731000	-1.0000000000	0.0010000000	0.0001000000	100	100	0	0.975310
1732000	-1.0000000000	0.0010000000	0.0001000000	100	100	0	0.975310
1733000	-1.0000000000	0.0010000000	0.0001000000	100	100	0	0.975310
1734000	-1.0000000000	0.0010000000	0.0001000000	100	100	0	0.975310
1735000	-1.0000000000	0.0010000000	0.0001000000	100	100	0	0.975310
1736000	-1.0000000000	0.0010000000	0.0001000000	100	100	0	0.975310
1737000	-1.0000000000	0.0010000000	0.0001000000	100	100	0	0.975310
1738000	-1.0000000000	0.0010000000	0.0001000000	100	100	0	0.975310
1739000	-1.0000000000	0.0010000000	0.0001000000	100	100	0	0.975310
1740000	-1.0000000000	0.0010000000	0.0001000000	100	100	0	0.964640
1741000	-1.0000000000	0.0010000000	0.0001000000	100	100	0	0.952181
1742000	-1.0000000000	0.0010000000	0.0001000000	100	100	0	0.952181
1743000	-1.0000000000	0.0010000000	0.0001000000	100	100	0	0.952181
1744000	-1.0000000000	0.0010000000	0.0001000000	100	100	0	0.952181
1745000	-1.0000000000	0.0010000000	0.0001000000	100	100	0	0.952181
1746000	-1.0000000000	0.0010000000	0.0001000000	100	100	0	0.952181
1747000	-1.0000000000	0.0010000000	0.0001000000	100	100	0	0.952181
1748000	-1.0000000000	0.0010000000	0.0001000000	100	100	0	0.952181
1749000	-1.0000000000	0.0010000000	0.0001000000	100	100	0	0.952039
1750000	-1.0000000000	0.0010000000	0.0001000000	100	100	0	0.952181
1751000	-1.0000000000	0.0010000000	0.0001000000	100	100	0	0.952181
1752000	-1.0000000000	0.0010000000	0.0001000000	100	100	0	0.952181
1753000	-1.0000000000	0.0010000000	0.0001000000	100	100	0	0.952181
1754000	-1.0000000000	0.0010000000	0.0001000000	100	100	0	0.938005
1755000	-1.0000000000	0.0010000000	0.0001000000	100	100	0	0.952181
1756000	-1.0000000000	0.0010000000	0.0001000000	100	100	0	0.952181
1757000	-1.0000000000	0.0010000000	0.0001000000	100	100	0	0.952181
1758000	-1.0000000000	0.0010000000	0.0001000000	100	100	0	0.952181
1759000	-1.0000000000	0.0010000000	0.0001000000	100	100	0	0.952181
1760000	-1.0000000000	0.0010000000	0.0001000000	100	100	0	0.938005
1761000	-1.0000000000	0.0010000000	0.0001000000	100	100	0	0.938005
1762000	-1.0000000000	0.0010000000	0.0001000000	100	100	0	0.938005
1763000	-1.0000000000	0.0010000000	0.0001000000	100	100	0	0.938005
1764000	-1.0000000000	0.0010000000	0.0001000000	100	100	0	0.938005
1765000	-1.0000000000	0.0010000000	0.0001000000	100	100	0	0.938005
1766000	-1.0000000000	0.0010000000	0.0001000000	100	100	0	0.938005
1767000	-1.0000000000	0.0010000000	0.0001000000	100	100	0	0.938005
1768000	-1.0000000000	0.0010000000	0.0001000000	100	100	0	0.938005
1769000	-1.0000000000	0.0010000000	0.0001000000	100	100	0	0.938005
1770000	-1.0000000000	0.0010000000	0.0001000000	100	100	0	0.938005
1771000	-1.0000000000	0.0010000000	0.0001000000	100	100	0	0.938005
1772000	-1.0000000000	0.0010000000	0.0001000000	100	100	0	0.952181
1773000	-1.0000000000	0.0010000000	0.0001000000	100	100	0	0.952181
1774000	-1.0000000000	0.0010000000	0.0001000000	100	100	0	0.952181
1775000	-1.0000000000	0.0010000000	0.0001000000	100	100	0	0.952181
1776000	-1.0000000000	0.0010000000	0.0001000000	100	100	0	0.952181
1777000	-1.0000000000	0.0010000000	0.0001000000	100	100	0	0.952181
1778000	-1.0000000000	0.0010000000	0.0001000000	100	100	0	0.952181
1779000	-1.0000000000	0.0010000000	0.0001000000	100	100	0	0.952039
1780000	-1.0000000000	0.0010000000	0.0001000000	100	100	0	0.952181
1781000	-1.0000000000	0.0010000000	0.0001000000	100	100	0	0.952181
1782000	-1.0000000000	0.0010000000	0.0001000000	100	100	0	0.952181
1783000	-1.0000000000	0.0010000000	0.0001000000	100	100	0	0.952181
1784000	-1.0000000000	0.0010000000	0.0001000000	100	100	0	0.952181
1785000	-1.0000000000	0.0010000000	0.0001000000	100	100	0	0.952181
1786000	-1.0000000000	0.0010000000	0.0001000000	100	100	0	0.952181
1787000	-1.0000000000	0.0010000000	0.0001000000	100	100	0	0.952181
1788000	-1.0000000000	0.0010000000	0.0001000000	100	100	0	0.952181
1789000	-1.0000000000	0.0010000000	0.0001000000	100	100	0	0.952181
1790000	-1.0000000000	0.0010000000	0.0001000000	100	100	0	0.952181
1791000	-1.0000000000	0.0010000000	0.0001000000	100	100	0	0.952181
1792000	-1.0000000000	0.0010000000	0.0001000000	100	100	0	0.952181
1793000	-1.0000000000	0.0010000000	0.0001000000	100	100	0	0.952181
1794000	-1.0000000000	0.0010000000	0.0001000000	100	100	0	0.952181
1795000	-1.0000000000	0.0010000000	0.0001000000	100	100	0	0.952181
1796000	-1.0000000000	0.0010000000	0.0001000000	100	100	0	0.952181
1797000	-1.0000000000	0.0010000000	0.0001000000	100	100	0	0.952181
1798000	-1.0000000000	0.0010000000	0.0001000000	100	100	0	0.951331
1799000	-1.0000000000	0.0010000000	0.0001000000	100	100	0	0.952181
1800000	-1.0000000000	0.0010000000	0.0001000000	100	100	0	0.951756
1801000	-1.0000000000	0.0010000000	0.0001000000	100	100	0	0.952039
1802000	-1.0000000000	0.0010000000	0.0001000000	100	100	0	0.952181
1803000	-1.0000000000	0.0010000000	0.0001000000	100	100	0	0.952181
1804000	-1.0000000000	0.0010000000	0.0001000000	100	100	0	0.952181
1805000	-1.0000000000	0.0010000000	0.0001000000	100	100	0	0.952181
1806000	-1.0000000000	0.0010000000	0.0001000000	100	100	0	0.952181
1807000	-1.0000000000	0.0010000000	0.0001000000	100	100	0	0.952181
1808000	-1.0000000000	0.0010000000	0.0001000000	100	100	0	0.952181
1809000	-1.0000000000	0.0010000000	0.0001000000	100	100	0	0.938005
1810000	-1.0000000000	0.0010000000	0.0001000000	100	100	0	0.938005
1811000	-1.0000000000	0.0010000000	0.0001000000	100	100	0	0.938005
1812000	-1.0000000000	0.0010000000	0.0001000000	100	100	0	0.938005
1813000	-1.0000000000	0.0010000000	0.0001000000	100	100	0	0.938005
1814000	-1.0000000000	0.0010000000	0.0001000000	100	100	0	0.938005
1815000	-1.0000000000	0.0010000000	0.0001000000	100	100	0	0.938005
1816000	-1.0000000000	0.0010000000	0.0001000000	100	100	0	0.938005
1817000	-1.0000000000	0.0010000000	0.0001000000	100	100	0	0.938005
1818000	-1.0000000000	0.0010000000	0.0001000000	100	100	0	0.937847
1819000	-1.0000000000	0.0010000000	0.0001000000	100	100	0	0.938005
1820000	-1.0000000000	0.0010000000	0.0001000000	100	100	0	0.937373
1821000	-1.0000000000	0.0010000000	0.0001000000	100	100	0	0.937847
1822000	-1.0000000000	0.0010000000	0.0001000000	100	100	0	0.938005
1823000	-1.0000000000	0.0010000000	0.0001000000	100	100	0	0.938005
1824000	-1.0000000000	0.0010000000	0.0001000000	100	100	0	0.938005
1825000	-1.0000000000	0.0010000000	0.0001000000	100	100	0	0.938005
1826000	-1.0000000000	0.0010000000	0.0001000000	100	100	0	0.938005
1827000	-1.0000000000	0.0010000000	0.0001000000	100	100	0	0.938005
1828000	-1.0000000000	0.0010000000	0.0001000000	100	100	0	0.938005
1829000	-1.0000000000	0.0010000000	0.0001000000	100	100	0	0.938005
1830000	-1.0000000000	0.0010000000	0.0001000000	100	100	0	0.938005
1831000	-1.0000000000	0.0010000000	0.0001000000	100	100	0	0.937847
1832000	-1.0000000000	0.0010000000	0.0001000000	100	100	0	0.938005
1833000	-1.0000000000	0.0010000000	0.0001000000	100	100	0	0.938005
1834000	-1.0000000000	0.0010000000	0.0001000000	100	100	0	0.937847
1835000	-1.0000000000	0.0010000000	0.0001000000	100	100	0	0.938005
1836000	-1.0000000000	0.0010000000	0.0001000000	100	100	0	0.938005
1837000	-1.0000000000	0.0010000000	0.0001000000	100	100	0	0.938005
1838000	-1.0000000000	0.0010000000	0.0001000000	100	100	0	0.938005
1839000	-1.0000000000	0.0010000000	0.0001000000	100	100	0	0.938005
1840000	-1.0000000000	0.0010000000	0.0001000000	100	100	0	0.938005
1841000	-1.0000000000	0.0010000000	0.0001000000	100	100	0	0.938005
1842000	-1.0000000000	0.0010000000	0.0001000000	100	100	0	0.938005
1843000	-1.0000000000	0.0010000000	0.0001000000	100	100	0	0.938005
1844000	-1.0000000000	0.0010000000	0.0001000000	100	100	0	0.938005
1845000	-1.0000000000	0.0010000000	0.0001000000	100	100	0	0.938005
1846000	-1.0000000000	0.0010000000	0.0001000000	100	100	0	0.938005
1847000	-1.0000000000	0.0010000000	0.0001000000	100	100	0	0.938005
1848000	-1.0000000000	0.0010000000	0.0001000000	100	100	0	0.938005
1849000	-1.0000000000	0.0010000000	0.0001000000	100	100	0	0.938005
1850000	-1.0000000000	0.0010000000	0.0001000000	100	100	0	0.938005
1851000	-1.0000000000	0.0010000000	0.0001000000	100	100	0	0.938005
1852000	-1.0000000000	0.0010000000	0.0001000000	100	100	0	0.938005
1853000	-1.0000000000	0.0010000000	0.0001000000	100	100	0	0.938005
1854000	-1.0000000000	0.0010000000	0.0001000000	100	100	0	0.938005
1855000	-1.0000000000	0.0010000000	0.0001000000	100	100	0	0.938005
1856000	-1.0000000000	0.0010000000	0.0001000000	100	100	0	0.938005
1857000	-1.0000000000	0.0010000000	0.0001000000	100	100	0	0.938005
1858000	-1.0000000000	0.0010000000	0.0001000000	100	100	0	0.938005
1859000	-1.0000000000	0.0010000000	0.0001000000	100	100	0	0.938005
1860000	-1.0000000000	0.0010000000	0.0001000000	100	100	0	0.938005
1861000	-1.0000000000	0.0010000000	0.0001000000	100	100	0	0.938005
1862000	-1.0000000000	0.0010000000	0.0001000000	100	100	0	0.938005
1863000	-1.0000000000	0.0010000000	0.0001000000	100	100	0	0.938005
1864000	-1.0000000000	0.0010000000	0.0001000000	100	100	0	0.938005
1865000	-1.0000000000	0.0010000000	0.0001000000	100	100	0	0.938005
1866000	-1.0000000000	0.0010000000	0.0001000000	100	100	0	0.938005
1867000	-1.0000000000	0.0010000000	0.0001000000	100	100	0	0.937531
1868000	-1.0000000000	0.0010000000	0.0001000000	100	100	0	0.938005
1869000	-1.0000000000	0.0010000000	0.0001000000	100	100	0	0.938005
1870000	-1.0000000000	0.0010000000	0.0001000000	100	100	0	0.938005
1871000	-1.0000000000	0.0010000000	0.0001000000	100	100	0	0.938005
1872000	-1.0000000000	0.0010000000	0.0001000000	100	100	0	0.938005
1873000	-1.0000000000	0.0010000000	0.0001000000	100	100	0	0.938005
1874000	-1.0000000000	0.0010000000	0.0001000000	100	100	0	0.938005
1875000	-1.0000000000	0.0010000000	0.0001000000	100	100	0	0.937847
1876000	-1.0000000000	0.0010000000	0.0001000000	100	100	0	0.938005
1877000	-1.0000000000	0.0010000000	0.0001000000	100	100	0	0.937847
1878000	-1.0000000000	0.0010000000	0.0001000000	100	100	0	0.938005
1879000	-1.0000000000	0.0010000000	0.0001000000	100	100	0	0.938005
1880000	-1.0000000000	0.0010000000	0.0001000000	100	100	0	0.938005
1881000	-1.0000000000	0.0010000000	0.0001000000	100	100	0	0.938005
1882000	-1.0000000000	0.0010000000	0.0001000000	100	100	0	0.938005
1883000	-1.0000000000	0.0010000000	0.0001000000	100	100	0	0.938005
1884000	-1.0000000000	0.0010000000	0.0001000000	100	100	0	0.938005
1885000	-1.0000000000	0.0010000000	0.0001000000	100	100	0	0.938005
1886000	-1.0000000000	0.0010000000	0.0001000000	100	100	0	0.938005
1887000	-1.0000000000	0.0010000000	0.0001000000	100	100	0	0.938005
1888000	-1.0000000000	0.0010000000	0.0001000000	100	100	0	0.938005
1889000	-1.0000000000	0.0010000000	0.0001000000	100	100	0	0.938005
1890000	-1.0000000000	0.0010000000	0.0001000000	100	100	0	0.938005
1891000	-1.0000000000	0.0010000000	0.0001000000	100	100	0	0.938005
1892000	-1.0000000000	0.0010000000	0.0001000000	100	100	0	0.934685
1893000	-1.0000000000	0.0010000000	0.0001000000	100	100	0	0.938005
1894000	-1.0000000000	0.0010000000	0.0001000000	100	100	0	0.938005
1895000	-1.0000000000	0.0010000000	0.0001000000	100	100	0	0.938005
1896000	-1.0000000000	0.0010000000	0.0001000000	100	100	0	0.938005
1897000	-1.0000000000	0.0010000000	0.0001000000	100	100	0	0.938005
1898000	-1.0000000000	0.0010000000	0.0001000000	100	100	0	0.937689
1899000	-1.0000000000	0.0010000000	0.0001000000	100	100	0	0.952181
1900000	-1.0000000000	0.0010000000	0.0001000000	100	100	0	0.952181
1901000	-1.0000000000	0.0010000000	0.0001000000	100	100	0	0.952181
1902000	-1.0000000000	0.0010000000	0.0001000000	100	100	0	0.952181
1903000	-1.0000000000	0.0010000000	0.0001000000	100	100	0	0.952181
1904000	-1.0000000000	0.0010000000	0.0001000000	100	100	0	0.938005
1905000	-1.0000000000	0.0010000000	0.0001000000	100	100	0	0.938005
1906000	-1.0000000000	0.0010000000	0.0001000000	100	100	0	0.938005
1907000	-1.0000000000	0.0010000000	0.0001000000	100	100	0	0.938005
1908000	-1.0000000000	0.0010000000	0.0001000000	100	100	0	0.938005
1909000	-1.0000000000	0.0010000000	0.0001000000	100	100	0	0.938005
1910000	-1.0000000000	0.0010000000	0.0001000000	100	100	0	0.938005
1911000	-1.0000000000	0.0010000000	0.0001000000	100	100	0	0.938005
1912000	-1.0000000000	0.0010000000	0.0001000000	100	100	0	0.938005
1913000	-1.0000000000	0.0010000000	0.0001000000	100	100	0	0.938005
1914000	-1.0000000000	0.0010000000	0.0001000000	100	100	0	0.938005
1915000	-1.0000000000	0.0010000000	0.0001000000	100	100	0	0.938005
1916000	-1.0000000000	0.0010000000	0.0001000000	100	100	0	0.938005
1917000	-1.0000000000	0.0010000000	0.0001000000	100	100	0	0.938005
1918000	-1.0000000000	0.0010000000	0.0001000000	100	100	0	0.938005
1919000	-1.0000000000	0.0010000000	0.0001000000	100	100	0	0.938005
1920000	-1.0000000000	0.0010000000	0.0001000000	100	100	0	0.938005
1921000	-1.0000000000	0.0010000000	0.0001000000	100	100	0	0.938005
1922000	-1.0000000000	0.0010000000	0.0001000000	100	100	0	0.938005
1923000	-1.0000000000	0.0010000000	0.0001000000	100	100	0	0.938005
1924000	-1.0000000000	0.0010000000	0.0001000000	100	100	0	0.938005
1925000	-1.0000000000	0.0010000000	0.0001000000	100	100	0	0.938005
1926000	-1.0000000000	0.0010000000	0.0001000000	100	100	0	0.938005
1927000	-1.0000000000	0.0010000000	0.0001000000	100	100	0	0.938005
1928000	-1.0000000000	0.0010000000	0.0001000000	100	100	0	0.938005
1929000	-1.0000000000	0.0010000000	0.0001000000	100	100	0	0.938005
1930000	-1.0000000000	0.0010000000	0.0001000000	100	100	0	0.938005
1931000	-1.0000000000	0.0010000000	0.0001000000	100	100	0	0.938005
1932000	-1.0000000000	0.0010000000	0.0001000000	100	100	0	0.938005
1933000	-1.0000000000	0.0010000000	0.0001000000	100	100	0	0.938005
1934000	-1.0000000000	0.0010000000	0.0001000000	100	100	0	0.938005
1935000	-1.0000000000	0.0010000000	0.0001000000	100	100	0	0.938005
1936000	-1.0000000000	0.0010000000	0.0001000000	100	100	0	0.938005
1937000	-1.0000000000	0.0010000000	0.0001000000	100	100	0	0.938005
1938000	-1.0000000000	0.0010000000	0.0001000000	100	100	0	0.937373
1939000	-1.0000000000	0.0010000000	0.0001000000	100	100	0	0.938005
1940000	-1.0000000000	0.0010000000	0.0001000000	100	100	0	0.938005
1941000	-1.0000000000	0.0010000000	0.0001000000	100	100	0	0.938005
1942000	-1.0000000000	0.0010000000	0.0001000000	100	100	0	0.938005
1943000	-1.0000000000	0.0010000000	0.0001000000	100	100	0	0.938005
1944000	-1.0000000000	0.0010000000	0.0001000000	100	100	0	0.938005
1945000	-1.0000000000	0.0010000000	0.0001000000	100	100	0	0.938005
1946000	-1.0000000000	0.0010000000	0.0001000000	100	100	0	0.938005
1947000	-1.0000000000	0.0010000000	0.0001000000	100	100	0	0.938005
1948000	-1.0000000000	0.0010000000	0.0001000000	100	100	0	0.938005
1949000	-1.0000000000	0.0010000000	0.0001000000	100	100	0	0.938005
1950000	-1.0000000000	0.0010000000	0.0001000000	100	100	0	0.938005
1951000	-1.0000000000	0.0010000000	0.0001000000	100	100	0	0.938005
1952000	-1.0000000000	0.0010000000	0.0001000000	100	100	0	0.938005
1953000	-1.0000000000	0.0010000000	0.0001000000	100	100	0	0.938005
1954000	-1.0000000000	0.0010000000	0.0001000000	100	100	0	0.938005
1955000	-1.0000000000	0.0010000000	0.0001000000	100	100	0	0.938005
1956000	-1.0000000000	0.0010000000	0.0001000000	100	100	0	0.938005
1957000	-1.0000000000	0.0010000000	0.0001000000	100	100	0	0.938005
1958000	-1.0000000000	0.0010000000	0.0001000000	100	100	0	0.938005
1959000	-1.0000000000	0.0010000000	0.0001000000	100	100	0	0.932155
1960000	-1.0000000000	0.0010000000	0.0001000000	100	100	0	0.938005
1961000	-1.0000000000	0.0010000000	0.0001000000	100	100	0	0.938005
1962000	-1.0000000000	0.0010000000	0.0001000000	100	100	0	0.938005
1963000	-1.0000000000	0.0010000000	0.0001000000	100	100	0	0.938005
1964000	-1.0000000000	0.0010000000	0.0001000000	100	100	0	0.938005
1965000	-1.0000000000	0.0010000000	0.0001000000	100	100	0	0.938005
1966000	-1.0000000000	0.0010000000	0.0001000000	100	100	0	0.938005
1967000	-1.0000000000	0.0010000000	0.0001000000	100	100	0	0.938005
1968000	-1.0000000000	0.0010000000	0.0001000000	100	100	0	0.938005
1969000	-1.0000000000	0.0010000000	0.0001000000	100	100	0	0.938005
1970000	-1.0000000000	0.0010000000	0.0001000000	100	100	0	0.938005
1971000	-1.0000000000	0.0010000000	0.0001000000	100	100	0	0.952181
1972000	-1.0000000000	0.0010000000	0.0001000000	100	100	0	0.952181
1973000	-1.0000000000	0.0010000000	0.0001000000	100	100	0	0.952181
1974000	-1.0000000000	0.0010000000	0.0001000000	100	100	0	0.952181
1975000	-1.0000000000	0.0010000000	0.0001000000	100	100	0	0.964640
1976000	-1.0000000000	0.0010000000	0.0001000000	100	100	0	0.964640
1977000	-1.0000000000	0.0010000000	0.0001000000	100	100	0	0.964640
1978000	-1.0000000000	0.0010000000	0.0001000000	100	100	0	0.964640
1979000	-1.0000000000	0.0010000000	0.0001000000	100	100	0	0.964640
1980000	-1.0000000000	0.0010000000	0.0001000000	100	100	0	0.964640
1981000	-1.0000000000	0.0010000000	0.0001000000	100	100	0	0.964142
1982000	-1.0000000000	0.0010000000	0.0001000000	100	100	0	0.964640
1983000	-1.0000000000	0.0010000000	0.0001000000	100	100	0	0.964640
1984000	-1.0000000000	0.0010000000	0.0001000000	100	100	0	0.964640
1985000	-1.0000000000	0.0010000000	0.0001000000	100	100	0	0.964640
1986000	-1.0000000000	0.0010000000	0.0001000000	100	100	0	0.964640
1987000	-1.0000000000	0.0010000000	0.0001000000	100	100	0	0.964267
1988000	-1.0000000000	0.0010000000	0.0001000000	100	100	0	0.964640
1989000	-1.0000000000	0.0010000000	0.0001000000	100	100	0	0.964640
1990000	-1.0000000000	0.0010000000	0.0001000000	100	100	0	0.964640
1991000	-1.0000000000	0.0010000000	0.0001000000	100	100	0	0.964640
1992000	-1.0000000000	0.0010000000	0.0001000000	100	100	0	0.964640
1993000	-1.0000000000	0.0010000000	0.0001000000	100	100	0	0.964640
1994000	-1.0000000000	0.0010000000	0.0001000000	100	100	0	0.964640
1995000	-1.0000000000	0.0010000000	0.0001000000	100	100	0	0.964640
1996000	-1.0000000000	0.0010000000	0.0001000000	100	100	0	0.964640
1997000	-1.0000000000	0.0010000000	0.0001000000	100	100	0	0.964640
1998000	-1.0000000000	0.0010000000	0.0001000000	100	100	0	0.964640
1999000	-1.0000000000	0.0010000000	0.0001000000	100	100	0	0.964640
2000000	-1.0000000000	0.0010000000	0.0001000000	100	100	0	0.964640
2001000	-1.0000000000	0.0010000000	0.0001000000	100	100	0	0.964640
2002000	-1.0000000000	0.0010000000	0.0001000000	100	100	0	0.964640
2003000	-1.0000000000	0.0010000000	0.0001000000	100	100	0	0.952181
2004000	-1.0000000000	0.0010000000	0.0001000000	100	100	0	0.952181
2005000	-1.0000000000	0.0010000000	0.0001000000	100	100	0	0.935950
2006000	-1.0000000000	0.0010000000	0.0001000000	100	100	0	0.938005
2007000	-1.0000000000	0.0010000000	0.0001000000	100	100	0	0.938005
2008000	-1.0000000000	0.0010000000	0.0001000000	100	100	0	0.938005
2009000	-1.0000000000	0.0010000000	0.0001000000	100	100	0	0.952181
2010000	-1.0000000000	0.0010000000	0.0001000000	100	100	0	0.952181
2011000	-1.0000000000	0.0010000000	0.0001000000	100	100	0	0.952181
2012000	-1.0000000000	0.0010000000	0.0001000000	100	100	0	0.952181
2013000	-1.0000000000	0.0010000000	0.0001000000	100	100	0	0.947787
2014000	-1.0000000000	0.0010000000	0.0001000000	100	100	0	0.952181
2015000	-1.0000000000	0.0010000000	0.0001000000	100	100	0	0.952181
2016000	-1.0000000000	0.0010000000	0.0001000000	100	100	0	0.952181
2017000	-1.0000000000	0.0010000000	0.0001000000	100	100	0	0.951898
2018000	-1.0000000000	0.0010000000	0.0001000000	100	100	0	0.952181
2019000	-1.0000000000	0.0010000000	0.0001000000	100	100	0	0.952181
2020000	-1.0000000000	0.0010000000	0.0001000000	100	100	0	0.952181
2021000	-1.0000000000	0.0010000000	0.0001000000	100	100	0	0.952181
2022000	-1.0000000000	0.0010000000	0.0001000000	100	100	0	0.952181
2023000	-1.0000000000	0.0010000000	0.0001000000	100	100	0	0.952181
2024000	-1.0000000000	0.0010000000	0.0001000000	100	100	0	0.952181
2025000	-1.0000000000	0.0010000000	0.0001000000	100	100	0	0.952181
2026000	-1.0000000000	0.0010000000	0.0001000000	100	100	0	0.952181
2027000	-1.0000000000	0.0010000000	0.0001000000	100	100	0	0.952181
2028000	-1.0000000000	0.0010000000	0.0001000000	100	100	0	0.952181
2029000	-1.0000000000	0.0010000000	0.0001000000	100	100	0	0.952181
2030000	-1.0000000000	0.0010000000	0.0001000000	100	100	0	0.952181
2031000	-1.0000000000	0.0010000000	0.0001000000	100	100	0	0.952181
2032000	-1.0000000000	0.0010000000	0.0001000000	100	100	0	0.951898
2033000	-1.0000000000	0.0010000000	0.0001000000	100	100	0	0.952181
2034000	-1.0000000000	0.0010000000	0.0001000000	100	100	0	0.952181
2035000	-1.0000000000	0.0010000000	0.0001000000	100	100	0	0.952181
2036000	-1.0000000000	0.0010000000	0.0001000000	100	100	0	0.952181
2037000	-1.0000000000	0.0010000000	0.0001000000	100	100	0	0.952181
2038000	-1.0000000000	0.0010000000	0.0001000000	100	100	0	0.952181
2039000	-1.0000000000	0.0010000000	0.0001000000	100	100	0	0.952181
2040000	-1.0000000000	0.0010000000	0.0001000000	100	100	0	0.952181
2041000	-1.0000000000	0.0010000000	0.0001000000	100	100	0	0.952181
2042000	-1.0000000000	0.0010000000	0.0001000000	100	100	0	0.951756
2043000	-1.0000000000	0.0010000000	0.0001000000	100	100	0	0.952181
2044000	-1.0000000000	0.0010000000	0.0001000000	100	100	0	0.952039
2045000	-1.0000000000	0.0010000000	0.0001000000	100	100	0	0.964640
2046000	-1.0000000000	0.0010000000	0.0001000000	100	100	0	0.964640
2047000	-1.0000000000	0.0010000000	0.0001000000	100	100	0	0.964640
2048000	-1.0000000000	0.0010000000	0.0001000000	100	100	0	0.964267
2049000	-1.0000000000	0.0010000000	0.0001000000	100	100	0	0.964640
2050000	-1.0000000000	0.0010000000	0.0001000000	100	100	0	0.964640
2051000	-1.0000000000	0.0010000000	0.0001000000	100	100	0	0.964640
2052000	-1.0000000000	0.0010000000	0.0001000000	100	100	0	0.964640
2053000	-1.0000000000	0.0010000000	0.0001000000	100	100	0	0.964640
2054000	-1.0000000000	0.0010000000	0.0001000000	100	100	0	0.964640
2055000	-1.0000000000	0.0010000000	0.0001000000	100	100	0	0.964640
2056000	-1.0000000000	0.0010000000	0.0001000000	100	100	0	0.964640
2057000	-1.0000000000	0.0010000000	0.0001000000	100	100	0	0.964640
2058000	-1.0000000000	0.0010000000	0.0001000000	100	100	0	0.964640
2059000	-1.0000000000	0.0010000000	0.0001000000	100	100	0	0.964640
2060000	-1.0000000000	0.0010000000	0.0001000000	100	100	0	0.964640
2061000	-1.0000000000	0.0010000000	0.0001000000	100	100	0	0.964640
2062000	-1.0000000000	0.0010000000	0.0001000000	100	100	0	0.964640
2063000	-1.0000000000	0.0010000000	0.0001000000	100	100	0	0.964640
2064000	-1.0000000000	0.0010000000	0.0001000000	100	100	0	0.964640
2065000	-1.0000000000	0.0010000000	0.0001000000	100	100	0	0.964640
2066000	-1.0000000000	0.0010000000	0.0001000000	100	100	0	0.964391
2067000	-1.0000000000	0.0010000000	0.0001000000	100	100	0	0.964640
2068000	-1.0000000000	0.0010000000	0.0001000000	100	100	0	0.964640
2069000	-1.0000000000	0.0010000000	0.0001000000	100	100	0	0.964516
2070000	-1.0000000000	0.0010000000	0.0001000000	100	100	0	0.964640
2071000	-1.0000000000	0.0010000000	0.0001000000	100	100	0	0.964640
2072000	-1.0000000000	0.0010000000	0.0001000000	100	100	0	0.964640
2073000	-1.0000000000	0.0010000000	0.0001000000	100	100	0	0.964640
2074000	-1.0000000000	0.0010000000	0.0001000000	100	100	0	0.964640
2075000	-1.0000000000	0.0010000000	0.0001000000	100	100	0	0.957912
2076000	-1.0000000000	0.0010000000	0.0001000000	100	100	0	0.952181
2077000	-1.0000000000	0.0010000000	0.0001000000	100	100	0	0.952181
2078000	-1.0000000000	0.0010000000	0.0001000000	100	100	0	0.952181
2079000	-1.0000000000	0.0010000000	0.0001000000	100	100	0	0.952181
2080000	-1.0000000000	0.0010000000	0.0001000000	100	100	0	0.952181
2081000	-1.0000000000	0.0010000000	0.0001000000	100	100	0	0.952181
2082000	-1.0000000000	0.0010000000	0.0001000000	100	100	0	0.947503
2083000	-1.0000000000	0.0010000000	0.0001000000	100	100	0	0.952181
2084000	-1.0000000000	0.0010000000	0.0001000000	100	100	0	0.952181
2085000	-1.0000000000	0.0010000000	0.0001000000	100	100	0	0.952181
2086000	-1.0000000000	0.0010000000	0.0001000000	100	100	0	0.952181
2087000	-1.0000000000	0.0010000000	0.0001000000	100	100	0	0.952181
2088000	-1.0000000000	0.0010000000	0.0001000000	100	100	0	0.952181
2089000	-1.0000000000	0.0010000000	0.0001000000	100	100	0	0.952181
2090000	-1.0000000000	0.0010000000	0.0001000000	100	100	0	0.952181
2091000	-1.0000000000	0.0010000000	0.0001000000	100	100	0	0.952181
2092000	-1.0000000000	0.0010000000	0.0001000000	100	100	0	0.952181
2093000	-1.0000000000	0.0010000000	0.0001000000	100	100	0	0.952181
2094000	-1.0000000000	0.0010000000	0.0001000000	100	100	0	0.952181
2095000	-1.0000000000	0.0010000000	0.0001000000	100	100	0	0.963145
2096000	-1.0000000000	0.0010000000	0.0001000000	100	100	0	0.962148
2097000	-1.0000000000	0.0010000000	0.0001000000	100	100	0	0.964640
2098000	-1.0000000000	0.0010000000	0.0001000000	100	100	0	0.964640
2099000	-1.0000000000	0.0010000000	0.0001000000	100	100	0	0.964640
2100000	-1.0000000000	0.0010000000	0.0001000000	100	100	0	0.964640
2101000	-1.0000000000	0.0010000000	0.0001000000	100	100	0	0.964640
2102000	-1.0000000000	0.0010000000	0.0001000000	100	100	0	0.964640
2103000	-1.0000000000	0.0010000000	0.0001000000	100	100	0	0.958269
2104000	-1.0000000000	0.0010000000	0.0001000000	100	100	0	0.964640
2105000	-1.0000000000	0.0010000000	0.0001000000	100	100	0	0.975310
2106000	-1.0000000000	0.0010000000	0.0001000000	100	100	0	0.975310
2107000	-1.0000000000	0.0010000000	0.0001000000	100	100	0	0.975180
2108000	-1.0000000000	0.0010000000	0.0001000000	100	100	0	0.975310
2109000	-1.0000000000	0.0010000000	0.0001000000	100	100	0	0.975310
2110000	-1.0000000000	0.0010000000	0.0001000000	100	100	0	0.975310
2111000	-1.0000000000	0.0010000000	0.0001000000	100	100	0	0.975310
2112000	-1.0000000000	0.0010000000	0.0001000000	100	100	0	0.975310
2113000	-1.0000000000	0.0010000000	0.0001000000	100	100	0	0.975310
2114000	-1.0000000000	0.0010000000	0.0001000000	100	100	0	0.975310
2115000	-1.0000000000	0.0010000000	0.0001000000	100	100	0	0.975310
2116000	-1.0000000000	0.0010000000	0.0001000000	100	100	0	0.975310
2117000	-1.0000000000	0.0010000000	0.0001000000	100	100	0	0.975310
2118000	-1.0000000000	0.0010000000	0.0001000000	100	100	0	0.975310
2119000	-1.0000000000	0.0010000000	0.0001000000	100	100	0	0.975310
2120000	-1.0000000000	0.0010000000	0.0001000000	100	100	0	0.975310
2121000	-1.0000000000	0.0010000000	0.0001000000	100	100	0	0.975310
2122000	-1.0000000000	0.0010000000	0.0001000000	100	100	0	0.975310
2123000	-1.0000000000	0.0010000000	0.0001000000	100	100	0	0.975310
2124000	-1.0000000000	0.0010000000	0.0001000000	100	100	0	0.975310
2125000	-1.0000000000	0.0010000000	0.0001000000	100	100	0	0.975310
2126000	-1.0000000000	0.0010000000	0.0001000000	100	100	0	0.964640
2127000	-1.0000000000	0.0010000000	0.0001000000	100	100	0	0.964640
2128000	-1.0000000000	0.0010000000	0.0001000000	100	100	0	0.964640
2129000	-1.0000000000	0.0010000000	0.0001000000	100	100	0	0.964640
2130000	-1.0000000000	0.0010000000	0.0001000000	100	100	0	0.964640
2131000	-1.0000000000	0.0010000000	0.0001000000	100	100	0	0.964640
2132000	-1.0000000000	0.0010000000	0.0001000000	100	100	0	0.952804
2133000	-1.0000000000	0.0010000000	0.0001000000	100	100	0	0.952181
2134000	-1.0000000000	0.0010000000	0.0001000000	100	100	0	0.952181
2135000	-1.0000000000	0.0010000000	0.0001000000	100	100	0	0.952181
2136000	-1.0000000000	0.0010000000	0.0001000000	100	100	0	0.952181
2137000	-1.0000000000	0.0010000000	0.0001000000	100	100	0	0.952181
2138000	-1.0000000000	0.0010000000	0.0001000000	100	100	0	0.952181
2139000	-1.0000000000	0.0010000000	0.0001000000	100	100	0	0.952181
2140000	-1.0000000000	0.0010000000	0.0001000000	100	100	0	0.952181
2141000	-1.0000000000	0.0010000000	0.0001000000	100	100	0	0.947138
2142000	-1.0000000000	0.0010000000	0.0001000000	100	100	0	0.952181
2143000	-1.0000000000	0.0010000000	0.0001000000	100	100	0	0.952181
2144000	-1.0000000000	0.0010000000	0.0001000000	100	100	0	0.952181
2145000	-1.0000000000	0.0010000000	0.0001000000	100	100	0	0.952181
2146000	-1.0000000000	0.0010000000	0.0001000000	100	100	0	0.952181
2147000	-1.0000000000	0.0010000000	0.0001000000	100	100	0	0.952181
2148000	-1.0000000000	0.0010000000	0.0001000000	100	100	0	0.952181
2149000	-1.0000000000	0.0010000000	0.0001000000	100	100	0	0.952181
2150000	-1.0000000000	0.0010000000	0.0001000000	100	100	0	0.950905
2151000	-1.0000000000	0.0010000000	0.0001000000	100	100	0	0.952181
2152000	-1.0000000000	0.0010000000	0.0001000000	100	100	0	0.951189
2153000	-1.0000000000	0.0010000000	0.0001000000	100	100	0	0.952181
2154000	-1.0000000000	0.0010000000	0.0001000000	100	100	0	0.952181
2155000	-1.0000000000	0.0010000000	0.0001000000	100	100	0	0.952181
2156000	-1.0000000000	0.0010000000	0.0001000000	100	100	0	0.964640
2157000	-1.0000000000	0.0010000000	0.0001000000	100	100	0	0.964640
2158000	-1.0000000000	0.0010000000	0.0001000000	100	100	0	0.964640
2159000	-1.0000000000	0.0010000000	0.0001000000	100	100	0	0.964640
2160000	-1.0000000000	0.0010000000	0.0001000000	100	100	0	0.964640
2161000	-1.0000000000	0.0010000000	0.0001000000	100	100	0	0.964640
2162000	-1.0000000000	0.0010000000	0.0001000000	100	100	0	0.964640
2163000	-1.0000000000	0.0010000000	0.0001000000	100	100	0	0.964640
2164000	-1.0000000000	0.0010000000	0.0001000000	100	100	0	0.964640
2165000	-1.0000000000	0.0010000000	0.0001000000	100	100	0	0.964640
2166000	-1.0000000000	0.0010000000	0.0001000000	100	100	0	0.964640
2167000	-1.0000000000	0.0010000000	0.0001000000	100	100	0	0.964640
2168000	-1.0000000000	0.0010000000	0.0001000000	100	100	0	0.964640
2169000	-1.0000000000	0.0010000000	0.0001000000	100	100	0	0.964640
2170000	-1.0000000000	0.0010000000	0.0001000000	100	100	0	0.964640
2171000	-1.0000000000	0.0010000000	0.0001000000	100	100	0	0.973603
2172000	-1.0000000000	0.0010000000	0.0001000000	100	100	0	0.975310
2173000	-1.0000000000	0.0010000000	0.0001000000	100	100	0	0.975310
2174000	-1.0000000000	0.0010000000	0.0001000000	100	100	0	0.977073
2175000	-1.0000000000	0.0010000000	0.0001000000	100	100	0	0.975310
2176000	-1.0000000000	0.0010000000	0.0001000000	100	100	0	0.975203
2177000	-1.0000000000	0.0010000000	0.0001000000	100	100	0	0.975310
2178000	-1.0000000000	0.0010000000	0.0001000000	100	100	0	0.975310
2179000	-1.0000000000	0.0010000000	0.0001000000	100	100	0	0.975310
2180000	-1.0000000000	0.0010000000	0.0001000000	100	100	0	0.975310
2181000	-1.0000000000	0.0010000000	0.0001000000	100	100	0	0.975310
2182000	-1.0000000000	0.0010000000	0.0001000000	100	100	0	0.975310
2183000	-1.0000000000	0.0010000000	0.0001000000	100	100	0	0.975310
2184000	-1.0000000000	0.0010000000	0.0001000000	100	100	0	0.974990
2185000	-1.0000000000	0.0010000000	0.0001000000	100	100	0	0.975310
2186000	-1.0000000000	0.0010000000	0.0001000000	100	100	0	0.975310
2187000	-1.0000000000	0.0010000000	0.0001000000	100	100	0	0.975310
2188000	-1.0000000000	0.0010000000	0.0001000000	100	100	0	0.975310
2189000	-1.0000000000	0.0010000000	0.0001000000	100	100	0	0.975310
2190000	-1.0000000000	0.0010000000	0.0001000000	100	100	0	0.975310
2191000	-1.0000000000	0.0010000000	0.0001000000	100	100	0	0.975310
2192000	-1.0000000000	0.0010000000	0.0001000000	100	100	0	0.975310
2193000	-1.0000000000	0.0010000000	0.0001000000	100	100	0	0.975310
2194000	-1.0000000000	0.0010000000	0.0001000000	100	100	0	0.974456
2195000	-1.0000000000	0.0010000000	0.0001000000	100	100	0	0.975310
2196000	-1.0000000000	0.0010000000	0.0001000000	100	100	0	0.975310
2197000	-1.0000000000	0.0010000000	0.0001000000	100	100	0	0.975310
2198000	-1.0000000000	0.0010000000	0.0001000000	100	100	0	0.975310
2199000	-1.0000000000	0.0010000000	0.0001000000	100	100	0	0.975310
2200000	-1.0000000000	0.0010000000	0.0001000000	100	100	0	0.975310
2201000	-1.0000000000	0.0010000000	0.0001000000	100	100	0	0.975310
2202000	-1.0000000000	0.0010000000	0.0001000000	100	100	0	0.975310
2203000	-1.0000000000	0.0010000000	0.0001000000	100	100	0	0.975310
2204000	-1.0000000000	0.0010000000	0.0001000000	100	100	0	0.975310
2205000	-1.0000000000	0.0010000000	0.0001000000	100	100	0	0.975310
2206000	-1.0000000000	0.0010000000	0.0001000000	100	100	0	0.975310
2207000	-1.0000000000	0.0010000000	0.0001000000	100	100	0	0.975310
2208000	-1.0000000000	0.0010000000	0.0001000000	100	100	0	0.975310
2209000	-1.0000000000	0.0010000000	0.0001000000	100	100	0	0.975310
2210000	-1.0000000000	0.0010000000	0.0001000000	100	100	0	0.975310
2211000	-1.0000000000	0.0010000000	0.0001000000	100	100	0	0.975310
2212000	-1.0000000000	0.0010000000	0.0001000000	100	100	0	0.975097
2213000	-1.0000000000	0.0010000000	0.0001000000	100	100	0	0.975310
2214000	-1.0000000000	0.0010000000	0.0001000000	100	100	0	0.984127
2215000	-1.0000000000	0.0010000000	0.0001000000	100	100	0	0.984127
2216000	-1.0000000000	0.0010000000	0.0001000000	100	100	0	0.984127
2217000	-1.0000000000	0.0010000000	0.0001000000	100	100	0	0.984127
2218000	-1.0000000000	0.0010000000	0.0001000000	100	100	0	0.984127
2219000	-1.0000000000	0.0010000000	0.0001000000	100	100	0	0.984127
2220000	-1.0000000000	0.0010000000	0.0001000000	100	100	0	0.984127
2221000	-1.0000000000	0.0010000000	0.0001000000	100	100	0	0.984127
2222000	-1.0000000000	0.0010000000	0.0001000000	100	100	0	0.983510
2223000	-1.0000000000	0.0010000000	0.0001000000	100	100	0	0.984127
2224000	-1.0000000000	0.0010000000	0.0001000000	100	100	0	0.984127
2225000	-1.0000000000	0.0010000000	0.0001000000	100	100	0	0.984127
2226000	-1.0000000000	0.0010000000	0.0001000000	100	100	0	0.984127
2227000	-1.0000000000	0.0010000000	0.0001000000	100	100	0	0.984127
2228000	-1.0000000000	0.0010000000	0.0001000000	100	100	0	0.984127
2229000	-1.0000000000	0.0010000000	0.0001000000	100	100	0	0.984127
2230000	-1.0000000000	0.0010000000	0.0001000000	100	100	0	0.981658
2231000	-1.0000000000	0.0010000000	0.0001000000	100	100	0	0.984127
2232000	-1.0000000000	0.0010000000	0.0001000000	100	100	0	0.984127
2233000	-1.0000000000	0.0010000000	0.0001000000	100	100	0	0.984127
2234000	-1.0000000000	0.0010000000	0.0001000000	100	100	0	0.984127
2235000	-1.0000000000	0.0010000000	0.0001000000	100	100	0	0.983775
2236000	-1.0000000000	0.0010000000	0.0001000000	100	100	0	0.984127
2237000	-1.0000000000	0.0010000000	0.0001000000	100	100	0	0.984127
2238000	-1.0000000000	0.0010000000	0.0001000000	100	100	0	0.984127
2239000	-1.0000000000	0.0010000000	0.0001000000	100	100	0	0.984127
2240000	-1.0000000000	0.0010000000	0.0001000000	100	100	0	0.984127
2241000	-1.0000000000	0.0010000000	0.0001000000	100	100	0	0.984127
2242000	-1.0000000000	0.0010000000	0.0001000000	100	100	0	0.984127
2243000	-1.0000000000	0.0010000000	0.0001000000	100	100	0	0.984127
2244000	-1.0000000000	0.0010000000	0.0001000000	100	100	0	0.984127
2245000	-1.0000000000	0.0010000000	0.0001000000	100	100	0	0.984127
2246000	-1.0000000000	0.0010000000	0.0001000000	100	100	0	0.984127
2247000	-1.0000000000	0.0010000000	0.0001000000	100	100	0	0.984127
2248000	-1.0000000000	0.0010000000	0.0001000000	100	100	0	0.984127
2249000	-1.0000000000	0.0010000000	0.0001000000	100	100	0	0.984127
2250000	-1.0000000000	0.0010000000	0.0001000000	100	100	0	0.984127
2251000	-1.0000000000	0.0010000000	0.0001000000	100	100	0	0.984127
2252000	-1.0000000000	0.0010000000	0.0001000000	100	100	0	0.984266
2253000	-1.0000000000	0.0010000000	0.0001000000	100	100	0	0.984127
2254000	-1.0000000000	0.0010000000	0.0001000000	100	100	0	0.991040
2255000	-1.0000000000	0.0010000000	0.0001000000	100	100	0	0.991040
2256000	-1.0000000000	0.0010000000	0.0001000000	100	100	0	0.991040
2257000	-1.0000000000	0.0010000000	0.0001000000	100	100	0	0.991040
2258000	-1.0000000000	0.0010000000	0.0001000000	100	100	0	0.991040
2259000	-1.0000000000	0.0010000000	0.0001000000	100	100	0	0.991040
2260000	-1.0000000000	0.0010000000	0.0001000000	100	100	0	0.991040
2261000	-1.0000000000	0.0010000000	0.0001000000	100	100	0	0.991040
2262000	-1.0000000000	0.0010000000	0.0001000000	100	100	0	0.991040
2263000	-1.0000000000	0.0010000000	0.0001000000	100	100	0	0.991040
2264000	-1.0000000000	0.0010000000	0.0001000000	100	100	0	0.991040
2265000	-1.0000000000	0.0010000000	0.0001000000	100	100	0	0.991040
2266000	-1.0000000000	0.0010000000	0.0001000000	100	100	0	0.991040
2267000	-1.0000000000	0.0010000000	0.0001000000	100	100	0	0.991040
2268000	-1.0000000000	0.0010000000	0.0001000000	100	100	0	0.991040
2269000	-1.0000000000	0.0010000000	0.0001000000	100	100	0	0.991040
2270000	-1.0000000000	0.0010000000	0.0001000000	100	100	0	0.984127
2271000	-1.0000000000	0.0010000000	0.0001000000	100	100	0	0.984127
2272000	-1.0000000000	0.0010000000	0.0001000000	100	100	0	0.984127
2273000	-1.0000000000	0.0010000000	0.0001000000	100	100	0	0.984127
2274000	-1.0000000000	0.0010000000	0.0001000000	100	100	0	0.983951
2275000	-1.0000000000	0.0010000000	0.0001000000	100	100	0	0.984127
2276000	-1.0000000000	0.0010000000	0.0001000000	100	100	0	0.984127
2277000	-1.0000000000	0.0010000000	0.0001000000	100	100	0	0.984127
2278000	-1.0000000000	0.0010000000	0.0001000000	100	100	0	0.975310
2279000	-1.0000000000	0.0010000000	0.0001000000	100	100	0	0.975310
2280000	-1.0000000000	0.0010000000	0.0001000000	100	100	0	0.975310
2281000	-1.0000000000	0.0010000000	0.0001000000	100	100	0	0.975486
2282000	-1.0000000000	0.0010000000	0.0001000000	100	100	0	0.984127
2283000	-1.0000000000	0.0010000000	0.0001000000	100	100	0	0.984127
2284000	-1.0000000000	0.0010000000	0.0001000000	100	100	0	0.975310
2285000	-1.0000000000	0.0010000000	0.0001000000	100	100	0	0.975310
2286000	-1.0000000000	0.0010000000	0.0001000000	100	100	0	0.975310
2287000	-1.0000000000	0.0010000000	0.0001000000	100	100	0	0.975310
2288000	-1.0000000000	0.0010000000	0.0001000000	100	100	0	0.975310
2289000	-1.0000000000	0.0010000000	0.0001000000	100	100	0	0.975310
2290000	-1.0000000000	0.0010000000	0.0001000000	100	100	0	0.975310
2291000	-1.0000000000	0.0010000000	0.0001000000	100	100	0	0.975310
2292000	-1.0000000000	0.0010000000	0.0001000000	100	100	0	0.975310
2293000	-1.0000000000	0.0010000000	0.0001000000	100	100	0	0.975310
2294000	-1.0000000000	0.0010000000	0.0001000000	100	100	0	0.975310
2295000	-1.0000000000	0.0010000000	0.0001000000	100	100	0	0.975203
2296000	-1.0000000000	0.0010000000	0.0001000000	100	100	0	0.975310
2297000	-1.0000000000	0.0010000000	0.0001000000	100	100	0	0.975310
2298000	-1.0000000000	0.0010000000	0.0001000000	100	100	0	0.975310
2299000	-1.0000000000	0.0010000000	0.0001000000	100	100	0	0.975310
2300000	-1.0000000000	0.0010000000	0.0001000000	100	100	0	0.975310
2301000	-1.0000000000	0.0010000000	0.0001000000	100	100	0	0.975310
2302000	-1.0000000000	0.0010000000	0.0001000000	100	100	0	0.975310
2303000	-1.0000000000	0.0010000000	0.0001000000	100	100	0	0.975310
2304000	-1.0000000000	0.0010000000	0.0001000000	100	100	0	0.975310
2305000	-1.0000000000	0.0010000000	0.0001000000	100	100	0	0.975310
2306000	-1.0000000000	0.0010000000	0.0001000000	100	100	0	0.974030
2307000	-1.0000000000	0.0010000000	0.0001000000	100	100	0	0.975310
2308000	-1.0000000000	0.0010000000	0.0001000000	100	100	0	0.975310
2309000	-1.0000000000	0.0010000000	0.0001000000	100	100	0	0.975310
2310000	-1.0000000000	0.0010000000	0.0001000000	100	100	0	0.975310
2311000	-1.0000000000	0.0010000000	0.0001000000	100	100	0	0.975310
2312000	-1.0000000000	0.0010000000	0.0001000000	100	100	0	0.975310
2313000	-1.0000000000	0.0010000000	0.0001000000	100	100	0	0.975310
2314000	-1.0000000000	0.0010000000	0.0001000000	100	100	0	0.975310
2315000	-1.0000000000	0.0010000000	0.0001000000	100	100	0	0.975310
2316000	-1.0000000000	0.0010000000	0.0001000000	100	100	0	0.975310
2317000	-1.0000000000	0.0010000000	0.0001000000	100	100	0	0.975310
2318000	-1.0000000000	0.0010000000	0.0001000000	100	100	0	0.975310
2319000	-1.0000000000	0.0010000000	0.0001000000	100	100	0	0.975310
2320000	-1.0000000000	0.0010000000	0.0001000000	100	100	0	0.975310
2321000	-1.0000000000	0.0010000000	0.0001000000	100	100	0	0.975310
2322000	-1.0000000000	0.0010000000	0.0001000000	100	100	0	0.975310
2323000	-1.0000000000	0.0010000000	0.0001000000	100	100	0	0.975310
2324000	-1.0000000000	0.0010000000	0.0001000000	100	100	0	0.975310
2325000	-1.0000000000	0.0010000000	0.0001000000	100	100	0	0.975310
2326000	-1.0000000000	0.0010000000	0.0001000000	100	100	0	0.975310
2327000	-1.0000000000	0.0010000000	0.0001000000	100	100	0	0.975310
2328000	-1.0000000000	0.0010000000	0.0001000000	100	100	0	0.975310
2329000	-1.0000000000	0.0010000000	0.0001000000	100	100	0	0.975310
2330000	-1.0000000000	0.0010000000	0.0001000000	100	100	0	0.975310
2331000	-1.0000000000	0.0010000000	0.0001000000	100	100	0	0.975310
2332000	-1.0000000000	0.0010000000	0.0001000000	100	100	0	0.975310
2333000	-1.0000000000	0.0010000000	0.0001000000	100	100	0	0.975310
2334000	-1.0000000000	0.0010000000	0.0001000000	100	100	0	0.975310
2335000	-1.0000000000	0.0010000000	0.0001000000	100	100	0	0.975310
2336000	-1.0000000000	0.0010000000	0.0001000000	100	100	0	0.975310
2337000	-1.0000000000	0.0010000000	0.0001000000	100	100	0	0.975310
2338000	-1.0000000000	0.0010000000	0.0001000000	100	100	0	0.975310
2339000	-1.0000000000	0.0010000000	0.0001000000	100	100	0	0.975310
2340000	-1.0000000000	0.0010000000	0.0001000000	100	100	0	0.975310
2341000	-1.0000000000	0.0010000000	0.0001000000	100	100	0	0.975310
2342000	-1.0000000000	0.0010000000	0.0001000000	100	100	0	0.975310
2343000	-1.0000000000	0.0010000000	0.0001000000	100	100	0	0.975310
2344000	-1.0000000000	0.0010000000	0.0001000000	100	100	0	0.975203
2345000	-1.0000000000	0.0010000000	0.0001000000	100	100	0	0.975310
2346000	-1.0000000000	0.0010000000	0.0001000000	100	100	0	0.975310
2347000	-1.0000000000	0.0010000000	0.0001000000	100	100	0	0.975310
2348000	-1.0000000000	0.0010000000	0.0001000000	100	100	0	0.975310
2349000	-1.0000000000	0.0010000000	0.0001000000	100	100	0	0.975310
2350000	-1.0000000000	0.0010000000	0.0001000000	100	100	0	0.975310
2351000	-1.0000000000	0.0010000000	0.0001000000	100	100	0	0.975310
2352000	-1.0000000000	0.0010000000	0.0001000000	100	100	0	0.975203
2353000	-1.0000000000	0.0010000000	0.0001000000	100	100	0	0.975310
2354000	-1.0000000000	0.0010000000	0.0001000000	100	100	0	0.975310
2355000	-1.0000000000	0.0010000000	0.0001000000	100	100	0	0.975310
2356000	-1.0000000000	0.0010000000	0.0001000000	100	100	0	0.975310
2357000	-1.0000000000	0.0010000000	0.0001000000	100	100	0	0.975310
2358000	-1.0000000000	0.0010000000	0.0001000000	100	100	0	0.975310
2359000	-1.0000000000	0.0010000000	0.0001000000	100	100	0	0.975203
2360000	-1.0000000000	0.0010000000	0.0001000000	100	100	0	0.975310
2361000	-1.0000000000	0.0010000000	0.0001000000	100	100	0	0.975310
2362000	-1.0000000000	0.0010000000	0.0001000000	100	100	0	0.975310
2363000	-1.0000000000	0.0010000000	0.0001000000	100	100	0	0.975310
2364000	-1.0000000000	0.0010000000	0.0001000000	100	100	0	0.975310
2365000	-1.0000000000	0.0010000000	0.0001000000	100	100	0	0.975310
2366000	-1.0000000000	0.0010000000	0.0001000000	100	100	0	0.975310
2367000	-1.0000000000	0.0010000000	0.0001000000	100	100	0	0.975310
2368000	-1.0000000000	0.0010000000	0.0001000000	100	100	0	0.975310
2369000	-1.0000000000	0.0010000000	0.0001000000	100	100	0	0.975310
2370000	-1.0000000000	0.0010000000	0.0001000000	100	100	0	0.975310
2371000	-1.0000000000	0.0010000000	0.0001000000	100	100	0	0.975310
2372000	-1.0000000000	0.0010000000	0.0001000000	100	100	0	0.975310
2373000	-1.0000000000	0.0010000000	0.0001000000	100	100	0	0.975310
2374000	-1.0000000000	0.0010000000	0.0001000000	100	100	0	0.975310
2375000	-1.0000000000	0.0010000000	0.0001000000	100	100	0	0.975310
2376000	-1.0000000000	0.0010000000	0.0001000000	100	100	0	0.975310
2377000	-1.0000000000	0.0010000000	0.0001000000	100	100	0	0.975310
2378000	-1.0000000000	0.0010000000	0.0001000000	100	100	0	0.975310
2379000	-1.0000000000	0.0010000000	0.0001000000	100	100	0	0.975310
2380000	-1.0000000000	0.0010000000	0.0001000000	100	100	0	0.975310
2381000	-1.0000000000	0.0010000000	0.0001000000	100	100	0	0.974563
2382000	-1.0000000000	0.0010000000	0.0001000000	100	100	0	0.975310
2383000	-1.0000000000	0.0010000000	0.0001000000	100	100	0	0.975310
2384000	-1.0000000000	0.0010000000	0.0001000000	100	100	0	0.975310
2385000	-1.0000000000	0.0010000000	0.0001000000	100	100	0	0.975310
2386000	-1.0000000000	0.0010000000	0.0001000000	100	100	0	0.975310
2387000	-1.0000000000	0.0010000000	0.0001000000	100	100	0	0.975310
2388000	-1.0000000000	0.0010000000	0.0001000000	100	100	0	0.975310
2389000	-1.0000000000	0.0010000000	0.0001000000	100	100	0	0.975310
2390000	-1.0000000000	0.0010000000	0.0001000000	100	100	0	0.975310
2391000	-1.0000000000	0.0010000000	0.0001000000	100	100	0	0.975310
2392000	-1.0000000000	0.0010000000	0.0001000000	100	100	0	0.975203
2393000	-1.0000000000	0.0010000000	0.0001000000	100	100	0	0.975310
2394000	-1.0000000000	0.0010000000	0.0001000000	100	100	0	0.975310
2395000	-1.0000000000	0.0010000000	0.0001000000	100	100	0	0.975310
2396000	-1.0000000000	0.0010000000	0.0001000000	100	100	0	0.975310
2397000	-1.0000000000	0.0010000000	0.0001000000	100	100	0	0.975310
2398000	-1.0000000000	0.0010000000	0.0001000000	100	100	0	0.975310
2399000	-1.0000000000	0.0010000000	0.0001000000	100	100	0	0.975310
2400000	-1.0000000000	0.0010000000	0.0001000000	100	100	0	0.975310
2401000	-1.0000000000	0.0010000000	0.0001000000	100	100	0	0.975310
2402000	-1.0000000000	0.0010000000	0.0001000000	100	100	0	0.975310
2403000	-1.0000000000	0.0010000000	0.0001000000	100	100	0	0.975310
2404000	-1.0000000000	0.0010000000	0.0001000000	100	100	0	0.975310
2405000	-1.0000000000	0.0010000000	0.0001000000	100	100	0	0.975310
2406000	-1.0000000000	0.0010000000	0.0001000000	100	100	0	0.975310
2407000	-1.0000000000	0.0010000000	0.0001000000	100	100	0	0.975310
2408000	-1.0000000000	0.0010000000	0.0001000000	100	100	0	0.975310
2409000	-1.0000000000	0.0010000000	0.0001000000	100	100	0	0.975310
2410000	-1.0000000000	0.0010000000	0.0001000000	100	100	0	0.975310
2411000	-1.0000000000	0.0010000000	0.0001000000	100	100	0	0.964640
2412000	-1.0000000000	0.0010000000	0.0001000000	100	100	0	0.964640
2413000	-1.0000000000	0.0010000000	0.0001000000	100	100	0	0.975310
2414000	-1.0000000000	0.0010000000	0.0001000000	100	100	0	0.975310
2415000	-1.0000000000	0.0010000000	0.0001000000	100	100	0	0.975310
2416000	-1.0000000000	0.0010000000	0.0001000000	100	100	0	0.974776
2417000	-1.0000000000	0.0010000000	0.0001000000	100	100	0	0.975310
2418000	-1.0000000000	0.0010000000	0.0001000000	100	100	0	0.975310
2419000	-1.0000000000	0.0010000000	0.0001000000	100	100	0	0.975310
2420000	-1.0000000000	0.0010000000	0.0001000000	100	100	0	0.975310
2421000	-1.0000000000	0.0010000000	0.0001000000	100	100	0	0.975310
2422000	-1.0000000000	0.0010000000	0.0001000000	100	100	0	0.975310
2423000	-1.0000000000	0.0010000000	0.0001000000	100	100	0	0.971682
2424000	-1.0000000000	0.0010000000	0.0001000000	100	100	0	0.975310
2425000	-1.0000000000	0.0010000000	0.0001000000	100	100	0	0.975310
2426000	-1.0000000000	0.0010000000	0.0001000000	100	100	0	0.975310
2427000	-1.0000000000	0.0010000000	0.0001000000	100	100	0	0.975310
2428000	-1.0000000000	0.0010000000	0.0001000000	100	100	0	0.975310
2429000	-1.0000000000	0.0010000000	0.0001000000	100	100	0	0.975310
2430000	-1.0000000000	0.0010000000	0.0001000000	100	100	0	0.975310
2431000	-1.0000000000	0.0010000000	0.0001000000	100	100	0	0.975310
2432000	-1.0000000000	0.0010000000	0.0001000000	100	100	0	0.975310
2433000	-1.0000000000	0.0010000000	0.0001000000	100	100	0	0.975310
2434000	-1.0000000000	0.0010000000	0.0001000000	100	100	0	0.975310
2435000	-1.0000000000	0.0010000000	0.0001000000	100	100	0	0.975310
2436000	-1.0000000000	0.0010000000	0.0001000000	100	100	0	0.975310
2437000	-1.0000000000	0.0010000000	0.0001000000	100	100	0	0.974030
2438000	-1.0000000000	0.0010000000	0.0001000000	100	100	0	0.975310
2439000	-1.0000000000	0.0010000000	0.0001000000	100	100	0	0.975310
2440000	-1.0000000000	0.0010000000	0.0001000000	100	100	0	0.974990
2441000	-1.0000000000	0.0010000000	0.0001000000	100	100	0	0.974670
2442000	-1.0000000000	0.0010000000	0.0001000000	100	100	0	0.975310
2443000	-1.0000000000	0.0010000000	0.0001000000	100	100	0	0.975310
2444000	-1.0000000000	0.0010000000	0.0001000000	100	100	0	0.975203
2445000	-1.0000000000	0.0010000000	0.0001000000	100	100	0	0.975310
2446000	-1.0000000000	0.0010000000	0.0001000000	100	100	0	0.975310
2447000	-1.0000000000	0.0010000000	0.0001000000	100	100	0	0.975310
2448000	-1.0000000000	0.0010000000	0.0001000000	100	100	0	0.975310
2449000	-1.0000000000	0.0010000000	0.0001000000	100	100	0	0.975310
2450000	-1.0000000000	0.0010000000	0.0001000000	100	100	0	0.975310
2451000	-1.0000000000	0.0010000000	0.0001000000	100	100	0	0.975310
2452000	-1.0000000000	0.0010000000	0.0001000000	100	100	0	0.974030
2453000	-1.0000000000	0.0010000000	0.0001000000	100	100	0	0.975310
2454000	-1.0000000000	0.0010000000	0.0001000000	100	100	0	0.975310
2455000	-1.0000000000	0.0010000000	0.0001000000	100	100	0	0.964640
2456000	-1.0000000000	0.0010000000	0.0001000000	100	100	0	0.964640
2457000	-1.0000000000	0.0010000000	0.0001000000	100	100	0	0.964640
2458000	-1.0000000000	0.0010000000	0.0001000000	100	100	0	0.964640
2459000	-1.0000000000	0.0010000000	0.0001000000	100	100	0	0.964640
2460000	-1.0000000000	0.0010000000	0.0001000000	100	100	0	0.964640
2461000	-1.0000000000	0.0010000000	0.0001000000	100	100	0	0.964640
2462000	-1.0000000000	0.0010000000	0.0001000000	100	100	0	0.964640
2463000	-1.0000000000	0.0010000000	0.0001000000	100	100	0	0.964640
2464000	-1.0000000000	0.0010000000	0.0001000000	100	100	0	0.964640
2465000	-1.0000000000	0.0010000000	0.0001000000	100	100	0	0.964640
2466000	-1.0000000000	0.0010000000	0.0001000000	100	100	0	0.964640
2467000	-1.0000000000	0.0010000000	0.0001000000	100	100	0	0.964640
2468000	-1.0000000000	0.0010000000	0.0001000000	100	100	0	0.964640
2469000	-1.0000000000	0.0010000000	0.0001000000	100	100	0	0.964640
2470000	-1.0000000000	0.0010000000	0.0001000000	100	100	0	0.964640
2471000	-1.0000000000	0.0010000000	0.0001000000	100	100	0	0.964640
2472000	-1.0000000000	0.0010000000	0.0001000000	100	100	0	0.964640
2473000	-1.0000000000	0.0010000000	0.0001000000	100	100	0	0.963644
2474000	-1.0000000000	0.0010000000	0.0001000000	100	100	0	0.964142
2475000	-1.0000000000	0.0010000000	0.0001000000	100	100	0	0.964640
2476000	-1.0000000000	0.0010000000	0.0001000000	100	100	0	0.964640
2477000	-1.0000000000	0.0010000000	0.0001000000	100	100	0	0.964640
2478000	-1.0000000000	0.0010000000	0.0001000000	100	100	0	0.964640
2479000	-1.0000000000	0.0010000000	0.0001000000	100	100	0	0.964640
2480000	-1.0000000000	0.0010000000	0.0001000000	100	100	0	0.964640
2481000	-1.0000000000	0.0010000000	0.0001000000	100	100	0	0.964640
2482000	-1.0000000000	0.0010000000	0.0001000000	100	100	0	0.964640
2483000	-1.0000000000	0.0010000000	0.0001000000	100	100	0	0.964640
2484000	-1.0000000000	0.0010000000	0.0001000000	100	100	0	0.964640
2485000	-1.0000000000	0.0010000000	0.0001000000	100	100	0	0.964640
2486000	-1.0000000000	0.0010000000	0.0001000000	100	100	0	0.955047
2487000	-1.0000000000	0.0010000000	0.0001000000	100	100	0	0.952181
2488000	-1.0000000000	0.0010000000	0.0001000000	100	100	0	0.952181
2489000	-1.0000000000	0.0010000000	0.0001000000	100	100	0	0.952181
2490000	-1.0000000000	0.0010000000	0.0001000000	100	100	0	0.952181
2491000	-1.0000000000	0.0010000000	0.0001000000	100	100	0	0.952181
2492000	-1.0000000000	0.0010000000	0.0001000000	100	100	0	0.952181
2493000	-1.0000000000	0.0010000000	0.0001000000	100	100	0	0.952039
2494000	-1.0000000000	0.0010000000	0.0001000000	100	100	0	0.952181
2495000	-1.0000000000	0.0010000000	0.0001000000	100	100	0	0.952181
2496000	-1.0000000000	0.0010000000	0.0001000000	100	100	0	0.952181
2497000	-1.0000000000	0.0010000000	0.0001000000	100	100	0	0.952181
2498000	-1.0000000000	0.0010000000	0.0001000000	100	100	0	0.950905
2499000	-1.0000000000	0.0010000000	0.0001000000	100	100	0	0.952181
2500000	-1.0000000000	0.0010000000	0.0001000000	100	100	0	0.952181
