time	epistasis_coef	sel_coef	mu_prob	Ne	L	k_start	mean_fitness
1500000	0.0000000000	0.0010000000	0.0010000000	100	100	0	0.953573
1501000	0.0000000000	0.0010000000	0.0010000000	100	100	0	0.954087
1502000	0.0000000000	0.0010000000	0.0010000000	100	100	0	0.954087
1503000	0.0000000000	0.0010000000	0.0010000000	100	100	0	0.954832
1504000	0.0000000000	0.0010000000	0.0010000000	100	100	0	0.955797
1505000	0.0000000000	0.0010000000	0.0010000000	100	100	0	0.954192
1506000	0.0000000000	0.0010000000	0.0010000000	100	100	0	0.953115
1507000	0.0000000000	0.0010000000	0.0010000000	100	100	0	0.953143
1508000	0.0000000000	0.0010000000	0.0010000000	100	100	0	0.953134
1509000	0.0000000000	0.0010000000	0.0010000000	100	100	0	0.954078
1510000	0.0000000000	0.0010000000	0.0010000000	100	100	0	0.955042
1511000	0.0000000000	0.0010000000	0.0010000000	100	100	0	0.956906
1512000	0.0000000000	0.0010000000	0.0010000000	100	100	0	0.956954
1513000	0.0000000000	0.0010000000	0.0010000000	100	100	0	0.955911
1514000	0.0000000000	0.0010000000	0.0010000000	100	100	0	0.956772
1515000	0.0000000000	0.0010000000	0.0010000000	100	100	0	0.955023
1516000	0.0000000000	0.0010000000	0.0010000000	100	100	0	0.954908
1517000	0.0000000000	0.0010000000	0.0010000000	100	100	0	0.953944
1518000	0.0000000000	0.0010000000	0.0010000000	100	100	0	0.954240
1519000	0.0000000000	0.0010000000	0.0010000000	100	100	0	0.955243
1520000	0.0000000000	0.0010000000	0.0010000000	100	100	0	0.953306
1521000	0.0000000000	0.0010000000	0.0010000000	100	100	0	0.953134
1522000	0.0000000000	0.0010000000	0.0010000000	100	100	0	0.953639
1523000	0.0000000000	0.0010000000	0.0010000000	100	100	0	0.953134
1524000	0.0000000000	0.0010000000	0.0010000000	100	100	0	0.954087
1525000	0.0000000000	0.0010000000	0.0010000000	100	100	0	0.952991
1526000	0.0000000000	0.0010000000	0.0010000000	100	100	0	0.954068
1527000	0.0000000000	0.0010000000	0.0010000000	100	100	0	0.955864
1528000	0.0000000000	0.0010000000	0.0010000000	100	100	0	0.955032
1529000	0.0000000000	0.0010000000	0.0010000000	100	100	0	0.955854
1530000	0.0000000000	0.0010000000	0.0010000000	100	100	0	0.955988
1531000	0.0000000000	0.0010000000	0.0010000000	100	100	0	0.956954
1532000	0.0000000000	0.0010000000	0.0010000000	100	100	0	0.956141
1533000	0.0000000000	0.0010000000	0.0010000000	100	100	0	0.955997
1534000	0.0000000000	0.0010000000	0.0010000000	100	100	0	0.956925
1535000	0.0000000000	0.0010000000	0.0010000000	100	100	0	0.955042
1536000	0.0000000000	0.0010000000	0.0010000000	100	100	0	0.955042
1537000	0.0000000000	0.0010000000	0.0010000000	100	100	0	0.954927
1538000	0.0000000000	0.0010000000	0.0010000000	100	100	0	0.955997
1539000	0.0000000000	0.0010000000	0.0010000000	100	100	0	0.955997
1540000	0.0000000000	0.0010000000	0.0010000000	100	100	0	0.955978
1541000	0.0000000000	0.0010000000	0.0010000000	100	100	0	0.955997
1542000	0.0000000000	0.0010000000	0.0010000000	100	100	0	0.955348
1543000	0.0000000000	0.0010000000	0.0010000000	100	100	0	0.955959
1544000	0.0000000000	0.0010000000	0.0010000000	100	100	0	0.955940
1545000	0.0000000000	0.0010000000	0.0010000000	100	100	0	0.956954
1546000	0.0000000000	0.0010000000	0.0010000000	100	100	0	0.955997
1547000	0.0000000000	0.0010000000	0.0010000000	100	100	0	0.955978
1548000	0.0000000000	0.0010000000	0.0010000000	100	100	0	0.955835
1549000	0.0000000000	0.0010000000	0.0010000000	100	100	0	0.953134
1550000	0.0000000000	0.0010000000	0.0010000000	100	100	0	0.953134
1551000	0.0000000000	0.0010000000	0.0010000000	100	100	0	0.952057
1552000	0.0000000000	0.0010000000	0.0010000000	100	100	0	0.952105
1553000	0.0000000000	0.0010000000	0.0010000000	100	100	0	0.952181
1554000	0.0000000000	0.0010000000	0.0010000000	100	100	0	0.951229
1555000	0.0000000000	0.0010000000	0.0010000000	100	100	0	0.951096
1556000	0.0000000000	0.0010000000	0.0010000000	100	100	0	0.951229
1557000	0.0000000000	0.0010000000	0.0010000000	100	100	0	0.949329
1558000	0.0000000000	0.0010000000	0.0010000000	100	100	0	0.949956
1559000	0.0000000000	0.0010000000	0.0010000000	100	100	0	0.950269
1560000	0.0000000000	0.0010000000	0.0010000000	100	100	0	0.951115
1561000	0.0000000000	0.0010000000	0.0010000000	100	100	0	0.951220
1562000	0.0000000000	0.0010000000	0.0010000000	100	100	0	0.950231
1563000	0.0000000000	0.0010000000	0.0010000000	100	100	0	0.950279
1564000	0.0000000000	0.0010000000	0.0010000000	100	100	0	0.951248
1565000	0.0000000000	0.0010000000	0.0010000000	100	100	0	0.952057
1566000	0.0000000000	0.0010000000	0.0010000000	100	100	0	0.950279
1567000	0.0000000000	0.0010000000	0.0010000000	100	100	0	0.947982
1568000	0.0000000000	0.0010000000	0.0010000000	100	100	0	0.947423
1569000	0.0000000000	0.0010000000	0.0010000000	100	100	0	0.946485
1570000	0.0000000000	0.0010000000	0.0010000000	100	100	0	0.946504
1571000	0.0000000000	0.0010000000	0.0010000000	100	100	0	0.945104
1572000	0.0000000000	0.0010000000	0.0010000000	100	100	0	0.944717
1573000	0.0000000000	0.0010000000	0.0010000000	100	100	0	0.944594
1574000	0.0000000000	0.0010000000	0.0010000000	100	100	0	0.946485
1575000	0.0000000000	0.0010000000	0.0010000000	100	100	0	0.948380
1576000	0.0000000000	0.0010000000	0.0010000000	100	100	0	0.948380
1577000	0.0000000000	0.0010000000	0.0010000000	100	100	0	0.948380
1578000	0.0000000000	0.0010000000	0.0010000000	100	100	0	0.947366
1579000	0.0000000000	0.0010000000	0.0010000000	100	100	0	0.947233
1580000	0.0000000000	0.0010000000	0.0010000000	100	100	0	0.947432
1581000	0.0000000000	0.0010000000	0.0010000000	100	100	0	0.947432
1582000	0.0000000000	0.0010000000	0.0010000000	100	100	0	0.951125
1583000	0.0000000000	0.0010000000	0.0010000000	100	100	0	0.951296
1584000	0.0000000000	0.0010000000	0.0010000000	100	100	0	0.950260
1585000	0.0000000000	0.0010000000	0.0010000000	100	100	0	0.951191
1586000	0.0000000000	0.0010000000	0.0010000000	100	100	0	0.951229
1587000	0.0000000000	0.0010000000	0.0010000000	100	100	0	0.951391
1588000	0.0000000000	0.0010000000	0.0010000000	100	100	0	0.951229
1589000	0.0000000000	0.0010000000	0.0010000000	100	100	0	0.952172
1590000	0.0000000000	0.0010000000	0.0010000000	100	100	0	0.951734
1591000	0.0000000000	0.0010000000	0.0010000000	100	100	0	0.952181
1592000	0.0000000000	0.0010000000	0.0010000000	100	100	0	0.953687
1593000	0.0000000000	0.0010000000	0.0010000000	100	100	0	0.951229
1594000	0.0000000000	0.0010000000	0.0010000000	100	100	0	0.951229
1595000	0.0000000000	0.0010000000	0.0010000000	100	100	0	0.951229
1596000	0.0000000000	0.0010000000	0.0010000000	100	100	0	0.952038
1597000	0.0000000000	0.0010000000	0.0010000000	100	100	0	0.952848
1598000	0.0000000000	0.0010000000	0.0010000000	100	100	0	0.952210
1599000	0.0000000000	0.0010000000	0.0010000000	100	100	0	0.952162
1600000	0.0000000000	0.0010000000	0.0010000000	100	100	0	0.952181
1601000	0.0000000000	0.0010000000	0.0010000000	100	100	0	0.952181
1602000	0.0000000000	0.0010000000	0.0010000000	100	100	0	0.952134
1603000	0.0000000000	0.0010000000	0.0010000000	100	100	0	0.953134
1604000	0.0000000000	0.0010000000	0.0010000000	100	100	0	0.953134
1605000	0.0000000000	0.0010000000	0.0010000000	100	100	0	0.953859
1606000	0.0000000000	0.0010000000	0.0010000000	100	100	0	0.954087
1607000	0.0000000000	0.0010000000	0.0010000000	100	100	0	0.955997
1608000	0.0000000000	0.0010000000	0.0010000000	100	100	0	0.957088
1609000	0.0000000000	0.0010000000	0.0010000000	100	100	0	0.956600
1610000	0.0000000000	0.0010000000	0.0010000000	100	100	0	0.956954
1611000	0.0000000000	0.0010000000	0.0010000000	100	100	0	0.955997
1612000	0.0000000000	0.0010000000	0.0010000000	100	100	0	0.955224
1613000	0.0000000000	0.0010000000	0.0010000000	100	100	0	0.955023
1614000	0.0000000000	0.0010000000	0.0010000000	100	100	0	0.953973
1615000	0.0000000000	0.0010000000	0.0010000000	100	100	0	0.956734
1616000	0.0000000000	0.0010000000	0.0010000000	100	100	0	0.957155
1617000	0.0000000000	0.0010000000	0.0010000000	100	100	0	0.956944
1618000	0.0000000000	0.0010000000	0.0010000000	100	100	0	0.956590
1619000	0.0000000000	0.0010000000	0.0010000000	100	100	0	0.956007
1620000	0.0000000000	0.0010000000	0.0010000000	100	100	0	0.955997
1621000	0.0000000000	0.0010000000	0.0010000000	100	100	0	0.956744
1622000	0.0000000000	0.0010000000	0.0010000000	100	100	0	0.956906
1623000	0.0000000000	0.0010000000	0.0010000000	100	100	0	0.958573
1624000	0.0000000000	0.0010000000	0.0010000000	100	100	0	0.958975
1625000	0.0000000000	0.0010000000	0.0010000000	100	100	0	0.957911
1626000	0.0000000000	0.0010000000	0.0010000000	100	100	0	0.956954
1627000	0.0000000000	0.0010000000	0.0010000000	100	100	0	0.956916
1628000	0.0000000000	0.0010000000	0.0010000000	100	100	0	0.955997
1629000	0.0000000000	0.0010000000	0.0010000000	100	100	0	0.955997
1630000	0.0000000000	0.0010000000	0.0010000000	100	100	0	0.955042
1631000	0.0000000000	0.0010000000	0.0010000000	100	100	0	0.956954
1632000	0.0000000000	0.0010000000	0.0010000000	100	100	0	0.955997
1633000	0.0000000000	0.0010000000	0.0010000000	100	100	0	0.955950
1634000	0.0000000000	0.0010000000	0.0010000000	100	100	0	0.956007
1635000	0.0000000000	0.0010000000	0.0010000000	100	100	0	0.956007
1636000	0.0000000000	0.0010000000	0.0010000000	100	100	0	0.956954
1637000	0.0000000000	0.0010000000	0.0010000000	100	100	0	0.959829
1638000	0.0000000000	0.0010000000	0.0010000000	100	100	0	0.959695
1639000	0.0000000000	0.0010000000	0.0010000000	100	100	0	0.960252
1640000	0.0000000000	0.0010000000	0.0010000000	100	100	0	0.960425
1641000	0.0000000000	0.0010000000	0.0010000000	100	100	0	0.960789
1642000	0.0000000000	0.0010000000	0.0010000000	100	100	0	0.961770
1643000	0.0000000000	0.0010000000	0.0010000000	100	100	0	0.962713
1644000	0.0000000000	0.0010000000	0.0010000000	100	100	0	0.961751
1645000	0.0000000000	0.0010000000	0.0010000000	100	100	0	0.961510
1646000	0.0000000000	0.0010000000	0.0010000000	100	100	0	0.960789
1647000	0.0000000000	0.0010000000	0.0010000000	100	100	0	0.960789
1648000	0.0000000000	0.0010000000	0.0010000000	100	100	0	0.960617
1649000	0.0000000000	0.0010000000	0.0010000000	100	100	0	0.960780
1650000	0.0000000000	0.0010000000	0.0010000000	100	100	0	0.960789
1651000	0.0000000000	0.0010000000	0.0010000000	100	100	0	0.961953
1652000	0.0000000000	0.0010000000	0.0010000000	100	100	0	0.962713
1653000	0.0000000000	0.0010000000	0.0010000000	100	100	0	0.960780
1654000	0.0000000000	0.0010000000	0.0010000000	100	100	0	0.960799
1655000	0.0000000000	0.0010000000	0.0010000000	100	100	0	0.960530
1656000	0.0000000000	0.0010000000	0.0010000000	100	100	0	0.959071
1657000	0.0000000000	0.0010000000	0.0010000000	100	100	0	0.957873
1658000	0.0000000000	0.0010000000	0.0010000000	100	100	0	0.957911
1659000	0.0000000000	0.0010000000	0.0010000000	100	100	0	0.957174
1660000	0.0000000000	0.0010000000	0.0010000000	100	100	0	0.956954
1661000	0.0000000000	0.0010000000	0.0010000000	100	100	0	0.955988
1662000	0.0000000000	0.0010000000	0.0010000000	100	100	0	0.956208
1663000	0.0000000000	0.0010000000	0.0010000000	100	100	0	0.955997
1664000	0.0000000000	0.0010000000	0.0010000000	100	100	0	0.953983
1665000	0.0000000000	0.0010000000	0.0010000000	100	100	0	0.954107
1666000	0.0000000000	0.0010000000	0.0010000000	100	100	0	0.952886
1667000	0.0000000000	0.0010000000	0.0010000000	100	100	0	0.953134
1668000	0.0000000000	0.0010000000	0.0010000000	100	100	0	0.953239
1669000	0.0000000000	0.0010000000	0.0010000000	100	100	0	0.953134
1670000	0.0000000000	0.0010000000	0.0010000000	100	100	0	0.954269
1671000	0.0000000000	0.0010000000	0.0010000000	100	100	0	0.954250
1672000	0.0000000000	0.0010000000	0.0010000000	100	100	0	0.953134
1673000	0.0000000000	0.0010000000	0.0010000000	100	100	0	0.951229
1674000	0.0000000000	0.0010000000	0.0010000000	100	100	0	0.951429
1675000	0.0000000000	0.0010000000	0.0010000000	100	100	0	0.949956
1676000	0.0000000000	0.0010000000	0.0010000000	100	100	0	0.950279
1677000	0.0000000000	0.0010000000	0.0010000000	100	100	0	0.950545
1678000	0.0000000000	0.0010000000	0.0010000000	100	100	0	0.953134
1679000	0.0000000000	0.0010000000	0.0010000000	100	100	0	0.953182
1680000	0.0000000000	0.0010000000	0.0010000000	100	100	0	0.951819
1681000	0.0000000000	0.0010000000	0.0010000000	100	100	0	0.953134
1682000	0.0000000000	0.0010000000	0.0010000000	100	100	0	0.953153
1683000	0.0000000000	0.0010000000	0.0010000000	100	100	0	0.952181
1684000	0.0000000000	0.0010000000	0.0010000000	100	100	0	0.952181
1685000	0.0000000000	0.0010000000	0.0010000000	100	100	0	0.953191
1686000	0.0000000000	0.0010000000	0.0010000000	100	100	0	0.953944
1687000	0.0000000000	0.0010000000	0.0010000000	100	100	0	0.954078
1688000	0.0000000000	0.0010000000	0.0010000000	100	100	0	0.954087
1689000	0.0000000000	0.0010000000	0.0010000000	100	100	0	0.954040
1690000	0.0000000000	0.0010000000	0.0010000000	100	100	0	0.954087
1691000	0.0000000000	0.0010000000	0.0010000000	100	100	0	0.953992
1692000	0.0000000000	0.0010000000	0.0010000000	100	100	0	0.954135
1693000	0.0000000000	0.0010000000	0.0010000000	100	100	0	0.954049
1694000	0.0000000000	0.0010000000	0.0010000000	100	100	0	0.954574
1695000	0.0000000000	0.0010000000	0.0010000000	100	100	0	0.955042
1696000	0.0000000000	0.0010000000	0.0010000000	100	100	0	0.955367
1697000	0.0000000000	0.0010000000	0.0010000000	100	100	0	0.955988
1698000	0.0000000000	0.0010000000	0.0010000000	100	100	0	0.956973
1699000	0.0000000000	0.0010000000	0.0010000000	100	100	0	0.958218
1700000	0.0000000000	0.0010000000	0.0010000000	100	100	0	0.957806
1701000	0.0000000000	0.0010000000	0.0010000000	100	100	0	0.957892
1702000	0.0000000000	0.0010000000	0.0010000000	100	100	0	0.958046
1703000	0.0000000000	0.0010000000	0.0010000000	100	100	0	0.957911
1704000	0.0000000000	0.0010000000	0.0010000000	100	100	0	0.956954
1705000	0.0000000000	0.0010000000	0.0010000000	100	100	0	0.957911
1706000	0.0000000000	0.0010000000	0.0010000000	100	100	0	0.955567
1707000	0.0000000000	0.0010000000	0.0010000000	100	100	0	0.955052
1708000	0.0000000000	0.0010000000	0.0010000000	100	100	0	0.953763
1709000	0.0000000000	0.0010000000	0.0010000000	100	100	0	0.955997
1710000	0.0000000000	0.0010000000	0.0010000000	100	100	0	0.955997
1711000	0.0000000000	0.0010000000	0.0010000000	100	100	0	0.954651
1712000	0.0000000000	0.0010000000	0.0010000000	100	100	0	0.955997
1713000	0.0000000000	0.0010000000	0.0010000000	100	100	0	0.955997
1714000	0.0000000000	0.0010000000	0.0010000000	100	100	0	0.954937
1715000	0.0000000000	0.0010000000	0.0010000000	100	100	0	0.955052
1716000	0.0000000000	0.0010000000	0.0010000000	100	100	0	0.955032
1717000	0.0000000000	0.0010000000	0.0010000000	100	100	0	0.955042
1718000	0.0000000000	0.0010000000	0.0010000000	100	100	0	0.954087
1719000	0.0000000000	0.0010000000	0.0010000000	100	100	0	0.954402
1720000	0.0000000000	0.0010000000	0.0010000000	100	100	0	0.953267
1721000	0.0000000000	0.0010000000	0.0010000000	100	100	0	0.954087
1722000	0.0000000000	0.0010000000	0.0010000000	100	100	0	0.954145
1723000	0.0000000000	0.0010000000	0.0010000000	100	100	0	0.954087
1724000	0.0000000000	0.0010000000	0.0010000000	100	100	0	0.953039
1725000	0.0000000000	0.0010000000	0.0010000000	100	100	0	0.953115
1726000	0.0000000000	0.0010000000	0.0010000000	100	100	0	0.952362
1727000	0.0000000000	0.0010000000	0.0010000000	100	100	0	0.952181
1728000	0.0000000000	0.0010000000	0.0010000000	100	100	0	0.952181
1729000	0.0000000000	0.0010000000	0.0010000000	100	100	0	0.952276
1730000	0.0000000000	0.0010000000	0.0010000000	100	100	0	0.953134
1731000	0.0000000000	0.0010000000	0.0010000000	100	100	0	0.952858
1732000	0.0000000000	0.0010000000	0.0010000000	100	100	0	0.953115
1733000	0.0000000000	0.0010000000	0.0010000000	100	100	0	0.953353
1734000	0.0000000000	0.0010000000	0.0010000000	100	100	0	0.955042
1735000	0.0000000000	0.0010000000	0.0010000000	100	100	0	0.955042
1736000	0.0000000000	0.0010000000	0.0010000000	100	100	0	0.956313
1737000	0.0000000000	0.0010000000	0.0010000000	100	100	0	0.956045
1738000	0.0000000000	0.0010000000	0.0010000000	100	100	0	0.955997
1739000	0.0000000000	0.0010000000	0.0010000000	100	100	0	0.955023
1740000	0.0000000000	0.0010000000	0.0010000000	100	100	0	0.954717
1741000	0.0000000000	0.0010000000	0.0010000000	100	100	0	0.954116
1742000	0.0000000000	0.0010000000	0.0010000000	100	100	0	0.954087
1743000	0.0000000000	0.0010000000	0.0010000000	100	100	0	0.954030
1744000	0.0000000000	0.0010000000	0.0010000000	100	100	0	0.953592
1745000	0.0000000000	0.0010000000	0.0010000000	100	100	0	0.952915
1746000	0.0000000000	0.0010000000	0.0010000000	100	100	0	0.954183
1747000	0.0000000000	0.0010000000	0.0010000000	100	100	0	0.953477
1748000	0.0000000000	0.0010000000	0.0010000000	100	100	0	0.954059
1749000	0.0000000000	0.0010000000	0.0010000000	100	100	0	0.954183
1750000	0.0000000000	0.0010000000	0.0010000000	100	100	0	0.955215
1751000	0.0000000000	0.0010000000	0.0010000000	100	100	0	0.957911
1752000	0.0000000000	0.0010000000	0.0010000000	100	100	0	0.959426
1753000	0.0000000000	0.0010000000	0.0010000000	100	100	0	0.959138
1754000	0.0000000000	0.0010000000	0.0010000000	100	100	0	0.959772
1755000	0.0000000000	0.0010000000	0.0010000000	100	100	0	0.960645
1756000	0.0000000000	0.0010000000	0.0010000000	100	100	0	0.960789
1757000	0.0000000000	0.0010000000	0.0010000000	100	100	0	0.960780
1758000	0.0000000000	0.0010000000	0.0010000000	100	100	0	0.959781
1759000	0.0000000000	0.0010000000	0.0010000000	100	100	0	0.958870
1760000	0.0000000000	0.0010000000	0.0010000000	100	100	0	0.957969
1761000	0.0000000000	0.0010000000	0.0010000000	100	100	0	0.956801
1762000	0.0000000000	0.0010000000	0.0010000000	100	100	0	0.956954
1763000	0.0000000000	0.0010000000	0.0010000000	100	100	0	0.956954
1764000	0.0000000000	0.0010000000	0.0010000000	100	100	0	0.956944
1765000	0.0000000000	0.0010000000	0.0010000000	100	100	0	0.956964
1766000	0.0000000000	0.0010000000	0.0010000000	100	100	0	0.955997
1767000	0.0000000000	0.0010000000	0.0010000000	100	100	0	0.955109
1768000	0.0000000000	0.0010000000	0.0010000000	100	100	0	0.955042
1769000	0.0000000000	0.0010000000	0.0010000000	100	100	0	0.955988
1770000	0.0000000000	0.0010000000	0.0010000000	100	100	0	0.955997
1771000	0.0000000000	0.0010000000	0.0010000000	100	100	0	0.955558
1772000	0.0000000000	0.0010000000	0.0010000000	100	100	0	0.955032
1773000	0.0000000000	0.0010000000	0.0010000000	100	100	0	0.955988
1774000	0.0000000000	0.0010000000	0.0010000000	100	100	0	0.955873
1775000	0.0000000000	0.0010000000	0.0010000000	100	100	0	0.955778
1776000	0.0000000000	0.0010000000	0.0010000000	100	100	0	0.955997
1777000	0.0000000000	0.0010000000	0.0010000000	100	100	0	0.957911
1778000	0.0000000000	0.0010000000	0.0010000000	100	100	0	0.957931
1779000	0.0000000000	0.0010000000	0.0010000000	100	100	0	0.957911
1780000	0.0000000000	0.0010000000	0.0010000000	100	100	0	0.958343
1781000	0.0000000000	0.0010000000	0.0010000000	100	100	0	0.956954
1782000	0.0000000000	0.0010000000	0.0010000000	100	100	0	0.955013
1783000	0.0000000000	0.0010000000	0.0010000000	100	100	0	0.955023
1784000	0.0000000000	0.0010000000	0.0010000000	100	100	0	0.955042
1785000	0.0000000000	0.0010000000	0.0010000000	100	100	0	0.956074
1786000	0.0000000000	0.0010000000	0.0010000000	100	100	0	0.955424
1787000	0.0000000000	0.0010000000	0.0010000000	100	100	0	0.954517
1788000	0.0000000000	0.0010000000	0.0010000000	100	100	0	0.954087
1789000	0.0000000000	0.0010000000	0.0010000000	100	100	0	0.955032
1790000	0.0000000000	0.0010000000	0.0010000000	100	100	0	0.956572
1791000	0.0000000000	0.0010000000	0.0010000000	100	100	0	0.956954
1792000	0.0000000000	0.0010000000	0.0010000000	100	100	0	0.956983
1793000	0.0000000000	0.0010000000	0.0010000000	100	100	0	0.957643
1794000	0.0000000000	0.0010000000	0.0010000000	100	100	0	0.957873
1795000	0.0000000000	0.0010000000	0.0010000000	100	100	0	0.958860
1796000	0.0000000000	0.0010000000	0.0010000000	100	100	0	0.958860
1797000	0.0000000000	0.0010000000	0.0010000000	100	100	0	0.959532
1798000	0.0000000000	0.0010000000	0.0010000000	100	100	0	0.959800
1799000	0.0000000000	0.0010000000	0.0010000000	100	100	0	0.957758
1800000	0.0000000000	0.0010000000	0.0010000000	100	100	0	0.957892
1801000	0.0000000000	0.0010000000	0.0010000000	100	100	0	0.958841
1802000	0.0000000000	0.0010000000	0.0010000000	100	100	0	0.958256
1803000	0.0000000000	0.0010000000	0.0010000000	100	100	0	0.958046
1804000	0.0000000000	0.0010000000	0.0010000000	100	100	0	0.958103
1805000	0.0000000000	0.0010000000	0.0010000000	100	100	0	0.958870
1806000	0.0000000000	0.0010000000	0.0010000000	100	100	0	0.959820
1807000	0.0000000000	0.0010000000	0.0010000000	100	100	0	0.960809
1808000	0.0000000000	0.0010000000	0.0010000000	100	100	0	0.960982
1809000	0.0000000000	0.0010000000	0.0010000000	100	100	0	0.961885
1810000	0.0000000000	0.0010000000	0.0010000000	100	100	0	0.960924
1811000	0.0000000000	0.0010000000	0.0010000000	100	100	0	0.959752
1812000	0.0000000000	0.0010000000	0.0010000000	100	100	0	0.960194
1813000	0.0000000000	0.0010000000	0.0010000000	100	100	0	0.962386
1814000	0.0000000000	0.0010000000	0.0010000000	100	100	0	0.963426
1815000	0.0000000000	0.0010000000	0.0010000000	100	100	0	0.963522
1816000	0.0000000000	0.0010000000	0.0010000000	100	100	0	0.962588
1817000	0.0000000000	0.0010000000	0.0010000000	100	100	0	0.961741
1818000	0.0000000000	0.0010000000	0.0010000000	100	100	0	0.961731
1819000	0.0000000000	0.0010000000	0.0010000000	100	100	0	0.963667
1820000	0.0000000000	0.0010000000	0.0010000000	100	100	0	0.962559
1821000	0.0000000000	0.0010000000	0.0010000000	100	100	0	0.958717
1822000	0.0000000000	0.0010000000	0.0010000000	100	100	0	0.957605
1823000	0.0000000000	0.0010000000	0.0010000000	100	100	0	0.956954
1824000	0.0000000000	0.0010000000	0.0010000000	100	100	0	0.956954
1825000	0.0000000000	0.0010000000	0.0010000000	100	100	0	0.957423
1826000	0.0000000000	0.0010000000	0.0010000000	100	100	0	0.956074
1827000	0.0000000000	0.0010000000	0.0010000000	100	100	0	0.955768
1828000	0.0000000000	0.0010000000	0.0010000000	100	100	0	0.955615
1829000	0.0000000000	0.0010000000	0.0010000000	100	100	0	0.956619
1830000	0.0000000000	0.0010000000	0.0010000000	100	100	0	0.957059
1831000	0.0000000000	0.0010000000	0.0010000000	100	100	0	0.955997
1832000	0.0000000000	0.0010000000	0.0010000000	100	100	0	0.956036
1833000	0.0000000000	0.0010000000	0.0010000000	100	100	0	0.956332
1834000	0.0000000000	0.0010000000	0.0010000000	100	100	0	0.955997
1835000	0.0000000000	0.0010000000	0.0010000000	100	100	0	0.954250
1836000	0.0000000000	0.0010000000	0.0010000000	100	100	0	0.954116
1837000	0.0000000000	0.0010000000	0.0010000000	100	100	0	0.954087
1838000	0.0000000000	0.0010000000	0.0010000000	100	100	0	0.954087
1839000	0.0000000000	0.0010000000	0.0010000000	100	100	0	0.954068
1840000	0.0000000000	0.0010000000	0.0010000000	100	100	0	0.954832
1841000	0.0000000000	0.0010000000	0.0010000000	100	100	0	0.956371
1842000	0.0000000000	0.0010000000	0.0010000000	100	100	0	0.955997
1843000	0.0000000000	0.0010000000	0.0010000000	100	100	0	0.956772
1844000	0.0000000000	0.0010000000	0.0010000000	100	100	0	0.956810
1845000	0.0000000000	0.0010000000	0.0010000000	100	100	0	0.955969
1846000	0.0000000000	0.0010000000	0.0010000000	100	100	0	0.955997
1847000	0.0000000000	0.0010000000	0.0010000000	100	100	0	0.957059
1848000	0.0000000000	0.0010000000	0.0010000000	100	100	0	0.957203
1849000	0.0000000000	0.0010000000	0.0010000000	100	100	0	0.956036
1850000	0.0000000000	0.0010000000	0.0010000000	100	100	0	0.956964
1851000	0.0000000000	0.0010000000	0.0010000000	100	100	0	0.956954
1852000	0.0000000000	0.0010000000	0.0010000000	100	100	0	0.957318
1853000	0.0000000000	0.0010000000	0.0010000000	100	100	0	0.957873
1854000	0.0000000000	0.0010000000	0.0010000000	100	100	0	0.957912
1855000	0.0000000000	0.0010000000	0.0010000000	100	100	0	0.957902
1856000	0.0000000000	0.0010000000	0.0010000000	100	100	0	0.956954
1857000	0.0000000000	0.0010000000	0.0010000000	100	100	0	0.955052
1858000	0.0000000000	0.0010000000	0.0010000000	100	100	0	0.955042
1859000	0.0000000000	0.0010000000	0.0010000000	100	100	0	0.957911
1860000	0.0000000000	0.0010000000	0.0010000000	100	100	0	0.957864
1861000	0.0000000000	0.0010000000	0.0010000000	100	100	0	0.957911
1862000	0.0000000000	0.0010000000	0.0010000000	100	100	0	0.957892
1863000	0.0000000000	0.0010000000	0.0010000000	100	100	0	0.957911
1864000	0.0000000000	0.0010000000	0.0010000000	100	100	0	0.957950
1865000	0.0000000000	0.0010000000	0.0010000000	100	100	0	0.956954
1866000	0.0000000000	0.0010000000	0.0010000000	100	100	0	0.956504
1867000	0.0000000000	0.0010000000	0.0010000000	100	100	0	0.956026
1868000	0.0000000000	0.0010000000	0.0010000000	100	100	0	0.954899
1869000	0.0000000000	0.0010000000	0.0010000000	100	100	0	0.955032
1870000	0.0000000000	0.0010000000	0.0010000000	100	100	0	0.955720
1871000	0.0000000000	0.0010000000	0.0010000000	100	100	0	0.954326
1872000	0.0000000000	0.0010000000	0.0010000000	100	100	0	0.953897
1873000	0.0000000000	0.0010000000	0.0010000000	100	100	0	0.954087
1874000	0.0000000000	0.0010000000	0.0010000000	100	100	0	0.955109
1875000	0.0000000000	0.0010000000	0.0010000000	100	100	0	0.956323
1876000	0.0000000000	0.0010000000	0.0010000000	100	100	0	0.956877
1877000	0.0000000000	0.0010000000	0.0010000000	100	100	0	0.955997
1878000	0.0000000000	0.0010000000	0.0010000000	100	100	0	0.955682
1879000	0.0000000000	0.0010000000	0.0010000000	100	100	0	0.955988
1880000	0.0000000000	0.0010000000	0.0010000000	100	100	0	0.955978
1881000	0.0000000000	0.0010000000	0.0010000000	100	100	0	0.955978
1882000	0.0000000000	0.0010000000	0.0010000000	100	100	0	0.955644
1883000	0.0000000000	0.0010000000	0.0010000000	100	100	0	0.955243
1884000	0.0000000000	0.0010000000	0.0010000000	100	100	0	0.956944
1885000	0.0000000000	0.0010000000	0.0010000000	100	100	0	0.957873
1886000	0.0000000000	0.0010000000	0.0010000000	100	100	0	0.958860
1887000	0.0000000000	0.0010000000	0.0010000000	100	100	0	0.959829
1888000	0.0000000000	0.0010000000	0.0010000000	100	100	0	0.959254
1889000	0.0000000000	0.0010000000	0.0010000000	100	100	0	0.959877
1890000	0.0000000000	0.0010000000	0.0010000000	100	100	0	0.960463
1891000	0.0000000000	0.0010000000	0.0010000000	100	100	0	0.960146
1892000	0.0000000000	0.0010000000	0.0010000000	100	100	0	0.960962
1893000	0.0000000000	0.0010000000	0.0010000000	100	100	0	0.960655
1894000	0.0000000000	0.0010000000	0.0010000000	100	100	0	0.959724
1895000	0.0000000000	0.0010000000	0.0010000000	100	100	0	0.960809
1896000	0.0000000000	0.0010000000	0.0010000000	100	100	0	0.960789
1897000	0.0000000000	0.0010000000	0.0010000000	100	100	0	0.960578
1898000	0.0000000000	0.0010000000	0.0010000000	100	100	0	0.960789
1899000	0.0000000000	0.0010000000	0.0010000000	100	100	0	0.960415
1900000	0.0000000000	0.0010000000	0.0010000000	100	100	0	0.961751
1901000	0.0000000000	0.0010000000	0.0010000000	100	100	0	0.961751
1902000	0.0000000000	0.0010000000	0.0010000000	100	100	0	0.962030
1903000	0.0000000000	0.0010000000	0.0010000000	100	100	0	0.962713
1904000	0.0000000000	0.0010000000	0.0010000000	100	100	0	0.960309
1905000	0.0000000000	0.0010000000	0.0010000000	100	100	0	0.959839
1906000	0.0000000000	0.0010000000	0.0010000000	100	100	0	0.959829
1907000	0.0000000000	0.0010000000	0.0010000000	100	100	0	0.960789
1908000	0.0000000000	0.0010000000	0.0010000000	100	100	0	0.960799
1909000	0.0000000000	0.0010000000	0.0010000000	100	100	0	0.960741
1910000	0.0000000000	0.0010000000	0.0010000000	100	100	0	0.960569
1911000	0.0000000000	0.0010000000	0.0010000000	100	100	0	0.960789
1912000	0.0000000000	0.0010000000	0.0010000000	100	100	0	0.959829
1913000	0.0000000000	0.0010000000	0.0010000000	100	100	0	0.959743
1914000	0.0000000000	0.0010000000	0.0010000000	100	100	0	0.959839
1915000	0.0000000000	0.0010000000	0.0010000000	100	100	0	0.958803
1916000	0.0000000000	0.0010000000	0.0010000000	100	100	0	0.957911
1917000	0.0000000000	0.0010000000	0.0010000000	100	100	0	0.957998
1918000	0.0000000000	0.0010000000	0.0010000000	100	100	0	0.956935
1919000	0.0000000000	0.0010000000	0.0010000000	100	100	0	0.956954
1920000	0.0000000000	0.0010000000	0.0010000000	100	100	0	0.957184
1921000	0.0000000000	0.0010000000	0.0010000000	100	100	0	0.957088
1922000	0.0000000000	0.0010000000	0.0010000000	100	100	0	0.957978
1923000	0.0000000000	0.0010000000	0.0010000000	100	100	0	0.957911
1924000	0.0000000000	0.0010000000	0.0010000000	100	100	0	0.958017
1925000	0.0000000000	0.0010000000	0.0010000000	100	100	0	0.957548
1926000	0.0000000000	0.0010000000	0.0010000000	100	100	0	0.958956
1927000	0.0000000000	0.0010000000	0.0010000000	100	100	0	0.958870
1928000	0.0000000000	0.0010000000	0.0010000000	100	100	0	0.958659
1929000	0.0000000000	0.0010000000	0.0010000000	100	100	0	0.957911
1930000	0.0000000000	0.0010000000	0.0010000000	100	100	0	0.958860
1931000	0.0000000000	0.0010000000	0.0010000000	100	100	0	0.959829
1932000	0.0000000000	0.0010000000	0.0010000000	100	100	0	0.960050
1933000	0.0000000000	0.0010000000	0.0010000000	100	100	0	0.960501
1934000	0.0000000000	0.0010000000	0.0010000000	100	100	0	0.962713
1935000	0.0000000000	0.0010000000	0.0010000000	100	100	0	0.962713
1936000	0.0000000000	0.0010000000	0.0010000000	100	100	0	0.962655
1937000	0.0000000000	0.0010000000	0.0010000000	100	100	0	0.961789
1938000	0.0000000000	0.0010000000	0.0010000000	100	100	0	0.962415
1939000	0.0000000000	0.0010000000	0.0010000000	100	100	0	0.963686
1940000	0.0000000000	0.0010000000	0.0010000000	100	100	0	0.964004
1941000	0.0000000000	0.0010000000	0.0010000000	100	100	0	0.961751
1942000	0.0000000000	0.0010000000	0.0010000000	100	100	0	0.961751
1943000	0.0000000000	0.0010000000	0.0010000000	100	100	0	0.961751
1944000	0.0000000000	0.0010000000	0.0010000000	100	100	0	0.963137
1945000	0.0000000000	0.0010000000	0.0010000000	100	100	0	0.964640
1946000	0.0000000000	0.0010000000	0.0010000000	100	100	0	0.964004
1947000	0.0000000000	0.0010000000	0.0010000000	100	100	0	0.962184
1948000	0.0000000000	0.0010000000	0.0010000000	100	100	0	0.959877
1949000	0.0000000000	0.0010000000	0.0010000000	100	100	0	0.959234
1950000	0.0000000000	0.0010000000	0.0010000000	100	100	0	0.958870
1951000	0.0000000000	0.0010000000	0.0010000000	100	100	0	0.958870
1952000	0.0000000000	0.0010000000	0.0010000000	100	100	0	0.958870
1953000	0.0000000000	0.0010000000	0.0010000000	100	100	0	0.956026
1954000	0.0000000000	0.0010000000	0.0010000000	100	100	0	0.955042
1955000	0.0000000000	0.0010000000	0.0010000000	100	100	0	0.954813
1956000	0.0000000000	0.0010000000	0.0010000000	100	100	0	0.954030
1957000	0.0000000000	0.0010000000	0.0010000000	100	100	0	0.953830
1958000	0.0000000000	0.0010000000	0.0010000000	100	100	0	0.954087
1959000	0.0000000000	0.0010000000	0.0010000000	100	100	0	0.954068
1960000	0.0000000000	0.0010000000	0.0010000000	100	100	0	0.953134
1961000	0.0000000000	0.0010000000	0.0010000000	100	100	0	0.951229
1962000	0.0000000000	0.0010000000	0.0010000000	100	100	0	0.950298
1963000	0.0000000000	0.0010000000	0.0010000000	100	100	0	0.953687
1964000	0.0000000000	0.0010000000	0.0010000000	100	100	0	0.954040
1965000	0.0000000000	0.0010000000	0.0010000000	100	100	0	0.954192
1966000	0.0000000000	0.0010000000	0.0010000000	100	100	0	0.953754
1967000	0.0000000000	0.0010000000	0.0010000000	100	100	0	0.954746
1968000	0.0000000000	0.0010000000	0.0010000000	100	100	0	0.955042
1969000	0.0000000000	0.0010000000	0.0010000000	100	100	0	0.954336
1970000	0.0000000000	0.0010000000	0.0010000000	100	100	0	0.953201
1971000	0.0000000000	0.0010000000	0.0010000000	100	100	0	0.952181
1972000	0.0000000000	0.0010000000	0.0010000000	100	100	0	0.951229
1973000	0.0000000000	0.0010000000	0.0010000000	100	100	0	0.952181
1974000	0.0000000000	0.0010000000	0.0010000000	100	100	0	0.953134
1975000	0.0000000000	0.0010000000	0.0010000000	100	100	0	0.953134
1976000	0.0000000000	0.0010000000	0.0010000000	100	100	0	0.952181
1977000	0.0000000000	0.0010000000	0.0010000000	100	100	0	0.954068
1978000	0.0000000000	0.0010000000	0.0010000000	100	100	0	0.955071
1979000	0.0000000000	0.0010000000	0.0010000000	100	100	0	0.954087
1980000	0.0000000000	0.0010000000	0.0010000000	100	100	0	0.956390
1981000	0.0000000000	0.0010000000	0.0010000000	100	100	0	0.955109
1982000	0.0000000000	0.0010000000	0.0010000000	100	100	0	0.954087
1983000	0.0000000000	0.0010000000	0.0010000000	100	100	0	0.954087
1984000	0.0000000000	0.0010000000	0.0010000000	100	100	0	0.955042
1985000	0.0000000000	0.0010000000	0.0010000000	100	100	0	0.955042
1986000	0.0000000000	0.0010000000	0.0010000000	100	100	0	0.953916
1987000	0.0000000000	0.0010000000	0.0010000000	100	100	0	0.955997
1988000	0.0000000000	0.0010000000	0.0010000000	100	100	0	0.956964
1989000	0.0000000000	0.0010000000	0.0010000000	100	100	0	0.956954
1990000	0.0000000000	0.0010000000	0.0010000000	100	100	0	0.957337
1991000	0.0000000000	0.0010000000	0.0010000000	100	100	0	0.959743
1992000	0.0000000000	0.0010000000	0.0010000000	100	100	0	0.959580
1993000	0.0000000000	0.0010000000	0.0010000000	100	100	0	0.958745
1994000	0.0000000000	0.0010000000	0.0010000000	100	100	0	0.958659
1995000	0.0000000000	0.0010000000	0.0010000000	100	100	0	0.959829
1996000	0.0000000000	0.0010000000	0.0010000000	100	100	0	0.957911
1997000	0.0000000000	0.0010000000	0.0010000000	100	100	0	0.957911
1998000	0.0000000000	0.0010000000	0.0010000000	100	100	0	0.957816
1999000	0.0000000000	0.0010000000	0.0010000000	100	100	0	0.958621
2000000	0.0000000000	0.0010000000	0.0010000000	100	100	0	0.957911
2001000	0.0000000000	0.0010000000	0.0010000000	100	100	0	0.957548
2002000	0.0000000000	0.0010000000	0.0010000000	100	100	0	0.956964
2003000	0.0000000000	0.0010000000	0.0010000000	100	100	0	0.955997
2004000	0.0000000000	0.0010000000	0.0010000000	100	100	0	0.956954
2005000	0.0000000000	0.0010000000	0.0010000000	100	100	0	0.956954
2006000	0.0000000000	0.0010000000	0.0010000000	100	100	0	0.956954
2007000	0.0000000000	0.0010000000	0.0010000000	100	100	0	0.956877
2008000	0.0000000000	0.0010000000	0.0010000000	100	100	0	0.956954
2009000	0.0000000000	0.0010000000	0.0010000000	100	100	0	0.958582
2010000	0.0000000000	0.0010000000	0.0010000000	100	100	0	0.958870
2011000	0.0000000000	0.0010000000	0.0010000000	100	100	0	0.958046
2012000	0.0000000000	0.0010000000	0.0010000000	100	100	0	0.957911
2013000	0.0000000000	0.0010000000	0.0010000000	100	100	0	0.956925
2014000	0.0000000000	0.0010000000	0.0010000000	100	100	0	0.956954
2015000	0.0000000000	0.0010000000	0.0010000000	100	100	0	0.956983
2016000	0.0000000000	0.0010000000	0.0010000000	100	100	0	0.955997
2017000	0.0000000000	0.0010000000	0.0010000000	100	100	0	0.954851
2018000	0.0000000000	0.0010000000	0.0010000000	100	100	0	0.955023
2019000	0.0000000000	0.0010000000	0.0010000000	100	100	0	0.955978
2020000	0.0000000000	0.0010000000	0.0010000000	100	100	0	0.956954
2021000	0.0000000000	0.0010000000	0.0010000000	100	100	0	0.956944
2022000	0.0000000000	0.0010000000	0.0010000000	100	100	0	0.956524
2023000	0.0000000000	0.0010000000	0.0010000000	100	100	0	0.955950
2024000	0.0000000000	0.0010000000	0.0010000000	100	100	0	0.955998
2025000	0.0000000000	0.0010000000	0.0010000000	100	100	0	0.953134
2026000	0.0000000000	0.0010000000	0.0010000000	100	100	0	0.953134
2027000	0.0000000000	0.0010000000	0.0010000000	100	100	0	0.954985
2028000	0.0000000000	0.0010000000	0.0010000000	100	100	0	0.954087
2029000	0.0000000000	0.0010000000	0.0010000000	100	100	0	0.954985
2030000	0.0000000000	0.0010000000	0.0010000000	100	100	0	0.955997
2031000	0.0000000000	0.0010000000	0.0010000000	100	100	0	0.954698
2032000	0.0000000000	0.0010000000	0.0010000000	100	100	0	0.954603
2033000	0.0000000000	0.0010000000	0.0010000000	100	100	0	0.953191
2034000	0.0000000000	0.0010000000	0.0010000000	100	100	0	0.953134
2035000	0.0000000000	0.0010000000	0.0010000000	100	100	0	0.953143
2036000	0.0000000000	0.0010000000	0.0010000000	100	100	0	0.953305
2037000	0.0000000000	0.0010000000	0.0010000000	100	100	0	0.954078
2038000	0.0000000000	0.0010000000	0.0010000000	100	100	0	0.954087
2039000	0.0000000000	0.0010000000	0.0010000000	100	100	0	0.954087
2040000	0.0000000000	0.0010000000	0.0010000000	100	100	0	0.953763
2041000	0.0000000000	0.0010000000	0.0010000000	100	100	0	0.954087
2042000	0.0000000000	0.0010000000	0.0010000000	100	100	0	0.954546
2043000	0.0000000000	0.0010000000	0.0010000000	100	100	0	0.955032
2044000	0.0000000000	0.0010000000	0.0010000000	100	100	0	0.953134
2045000	0.0000000000	0.0010000000	0.0010000000	100	100	0	0.953391
2046000	0.0000000000	0.0010000000	0.0010000000	100	100	0	0.954498
2047000	0.0000000000	0.0010000000	0.0010000000	100	100	0	0.954078
2048000	0.0000000000	0.0010000000	0.0010000000	100	100	0	0.955472
2049000	0.0000000000	0.0010000000	0.0010000000	100	100	0	0.955778
2050000	0.0000000000	0.0010000000	0.0010000000	100	100	0	0.955797
2051000	0.0000000000	0.0010000000	0.0010000000	100	100	0	0.956237
2052000	0.0000000000	0.0010000000	0.0010000000	100	100	0	0.956897
2053000	0.0000000000	0.0010000000	0.0010000000	100	100	0	0.956954
2054000	0.0000000000	0.0010000000	0.0010000000	100	100	0	0.956954
2055000	0.0000000000	0.0010000000	0.0010000000	100	100	0	0.956198
2056000	0.0000000000	0.0010000000	0.0010000000	100	100	0	0.955663
2057000	0.0000000000	0.0010000000	0.0010000000	100	100	0	0.953563
2058000	0.0000000000	0.0010000000	0.0010000000	100	100	0	0.954106
2059000	0.0000000000	0.0010000000	0.0010000000	100	100	0	0.953143
2060000	0.0000000000	0.0010000000	0.0010000000	100	100	0	0.952219
2061000	0.0000000000	0.0010000000	0.0010000000	100	100	0	0.952181
2062000	0.0000000000	0.0010000000	0.0010000000	100	100	0	0.952229
2063000	0.0000000000	0.0010000000	0.0010000000	100	100	0	0.952181
2064000	0.0000000000	0.0010000000	0.0010000000	100	100	0	0.952143
2065000	0.0000000000	0.0010000000	0.0010000000	100	100	0	0.952134
2066000	0.0000000000	0.0010000000	0.0010000000	100	100	0	0.953134
2067000	0.0000000000	0.0010000000	0.0010000000	100	100	0	0.953286
2068000	0.0000000000	0.0010000000	0.0010000000	100	100	0	0.952362
2069000	0.0000000000	0.0010000000	0.0010000000	100	100	0	0.952181
2070000	0.0000000000	0.0010000000	0.0010000000	100	100	0	0.952181
2071000	0.0000000000	0.0010000000	0.0010000000	100	100	0	0.953134
2072000	0.0000000000	0.0010000000	0.0010000000	100	100	0	0.955032
2073000	0.0000000000	0.0010000000	0.0010000000	100	100	0	0.954068
2074000	0.0000000000	0.0010000000	0.0010000000	100	100	0	0.952934
2075000	0.0000000000	0.0010000000	0.0010000000	100	100	0	0.953506
2076000	0.0000000000	0.0010000000	0.0010000000	100	100	0	0.952143
2077000	0.0000000000	0.0010000000	0.0010000000	100	100	0	0.952562
2078000	0.0000000000	0.0010000000	0.0010000000	100	100	0	0.952181
2079000	0.0000000000	0.0010000000	0.0010000000	100	100	0	0.952191
2080000	0.0000000000	0.0010000000	0.0010000000	100	100	0	0.951229
2081000	0.0000000000	0.0010000000	0.0010000000	100	100	0	0.952191
2082000	0.0000000000	0.0010000000	0.0010000000	100	100	0	0.952181
2083000	0.0000000000	0.0010000000	0.0010000000	100	100	0	0.952191
2084000	0.0000000000	0.0010000000	0.0010000000	100	100	0	0.953305
2085000	0.0000000000	0.0010000000	0.0010000000	100	100	0	0.953143
2086000	0.0000000000	0.0010000000	0.0010000000	100	100	0	0.954049
2087000	0.0000000000	0.0010000000	0.0010000000	100	100	0	0.954383
2088000	0.0000000000	0.0010000000	0.0010000000	100	100	0	0.955023
2089000	0.0000000000	0.0010000000	0.0010000000	100	100	0	0.953944
2090000	0.0000000000	0.0010000000	0.0010000000	100	100	0	0.954508
2091000	0.0000000000	0.0010000000	0.0010000000	100	100	0	0.954087
2092000	0.0000000000	0.0010000000	0.0010000000	100	100	0	0.955061
2093000	0.0000000000	0.0010000000	0.0010000000	100	100	0	0.955978
2094000	0.0000000000	0.0010000000	0.0010000000	100	100	0	0.956007
2095000	0.0000000000	0.0010000000	0.0010000000	100	100	0	0.954966
2096000	0.0000000000	0.0010000000	0.0010000000	100	100	0	0.954087
2097000	0.0000000000	0.0010000000	0.0010000000	100	100	0	0.955042
2098000	0.0000000000	0.0010000000	0.0010000000	100	100	0	0.955042
2099000	0.0000000000	0.0010000000	0.0010000000	100	100	0	0.956734
2100000	0.0000000000	0.0010000000	0.0010000000	100	100	0	0.957911
2101000	0.0000000000	0.0010000000	0.0010000000	100	100	0	0.956954
2102000	0.0000000000	0.0010000000	0.0010000000	100	100	0	0.955997
2103000	0.0000000000	0.0010000000	0.0010000000	100	100	0	0.955997
2104000	0.0000000000	0.0010000000	0.0010000000	100	100	0	0.956954
2105000	0.0000000000	0.0010000000	0.0010000000	100	100	0	0.956992
2106000	0.0000000000	0.0010000000	0.0010000000	100	100	0	0.956964
2107000	0.0000000000	0.0010000000	0.0010000000	100	100	0	0.955997
2108000	0.0000000000	0.0010000000	0.0010000000	100	100	0	0.956782
2109000	0.0000000000	0.0010000000	0.0010000000	100	100	0	0.957653
2110000	0.0000000000	0.0010000000	0.0010000000	100	100	0	0.957911
2111000	0.0000000000	0.0010000000	0.0010000000	100	100	0	0.959215
2112000	0.0000000000	0.0010000000	0.0010000000	100	100	0	0.959829
2113000	0.0000000000	0.0010000000	0.0010000000	100	100	0	0.958304
2114000	0.0000000000	0.0010000000	0.0010000000	100	100	0	0.958870
2115000	0.0000000000	0.0010000000	0.0010000000	100	100	0	0.957911
2116000	0.0000000000	0.0010000000	0.0010000000	100	100	0	0.958870
2117000	0.0000000000	0.0010000000	0.0010000000	100	100	0	0.958841
2118000	0.0000000000	0.0010000000	0.0010000000	100	100	0	0.958947
2119000	0.0000000000	0.0010000000	0.0010000000	100	100	0	0.958870
2120000	0.0000000000	0.0010000000	0.0010000000	100	100	0	0.960492
2121000	0.0000000000	0.0010000000	0.0010000000	100	100	0	0.962713
2122000	0.0000000000	0.0010000000	0.0010000000	100	100	0	0.962694
2123000	0.0000000000	0.0010000000	0.0010000000	100	100	0	0.961712
2124000	0.0000000000	0.0010000000	0.0010000000	100	100	0	0.960645
2125000	0.0000000000	0.0010000000	0.0010000000	100	100	0	0.958870
2126000	0.0000000000	0.0010000000	0.0010000000	100	100	0	0.957911
2127000	0.0000000000	0.0010000000	0.0010000000	100	100	0	0.958822
2128000	0.0000000000	0.0010000000	0.0010000000	100	100	0	0.958113
2129000	0.0000000000	0.0010000000	0.0010000000	100	100	0	0.957911
2130000	0.0000000000	0.0010000000	0.0010000000	100	100	0	0.957911
2131000	0.0000000000	0.0010000000	0.0010000000	100	100	0	0.957902
2132000	0.0000000000	0.0010000000	0.0010000000	100	100	0	0.956457
2133000	0.0000000000	0.0010000000	0.0010000000	100	100	0	0.955997
2134000	0.0000000000	0.0010000000	0.0010000000	100	100	0	0.955997
2135000	0.0000000000	0.0010000000	0.0010000000	100	100	0	0.955988
2136000	0.0000000000	0.0010000000	0.0010000000	100	100	0	0.955873
2137000	0.0000000000	0.0010000000	0.0010000000	100	100	0	0.956715
2138000	0.0000000000	0.0010000000	0.0010000000	100	100	0	0.957720
2139000	0.0000000000	0.0010000000	0.0010000000	100	100	0	0.957921
2140000	0.0000000000	0.0010000000	0.0010000000	100	100	0	0.959637
2141000	0.0000000000	0.0010000000	0.0010000000	100	100	0	0.959791
2142000	0.0000000000	0.0010000000	0.0010000000	100	100	0	0.959829
2143000	0.0000000000	0.0010000000	0.0010000000	100	100	0	0.959829
2144000	0.0000000000	0.0010000000	0.0010000000	100	100	0	0.959829
2145000	0.0000000000	0.0010000000	0.0010000000	100	100	0	0.960280
2146000	0.0000000000	0.0010000000	0.0010000000	100	100	0	0.960789
2147000	0.0000000000	0.0010000000	0.0010000000	100	100	0	0.960828
2148000	0.0000000000	0.0010000000	0.0010000000	100	100	0	0.960607
2149000	0.0000000000	0.0010000000	0.0010000000	100	100	0	0.958870
2150000	0.0000000000	0.0010000000	0.0010000000	100	100	0	0.957912
2151000	0.0000000000	0.0010000000	0.0010000000	100	100	0	0.956772
2152000	0.0000000000	0.0010000000	0.0010000000	100	100	0	0.956954
2153000	0.0000000000	0.0010000000	0.0010000000	100	100	0	0.957844
2154000	0.0000000000	0.0010000000	0.0010000000	100	100	0	0.956992
2155000	0.0000000000	0.0010000000	0.0010000000	100	100	0	0.956639
2156000	0.0000000000	0.0010000000	0.0010000000	100	100	0	0.955978
2157000	0.0000000000	0.0010000000	0.0010000000	100	100	0	0.955997
2158000	0.0000000000	0.0010000000	0.0010000000	100	100	0	0.955042
2159000	0.0000000000	0.0010000000	0.0010000000	100	100	0	0.955042
2160000	0.0000000000	0.0010000000	0.0010000000	100	100	0	0.956007
2161000	0.0000000000	0.0010000000	0.0010000000	100	100	0	0.955902
2162000	0.0000000000	0.0010000000	0.0010000000	100	100	0	0.955615
2163000	0.0000000000	0.0010000000	0.0010000000	100	100	0	0.954097
2164000	0.0000000000	0.0010000000	0.0010000000	100	100	0	0.953286
2165000	0.0000000000	0.0010000000	0.0010000000	100	100	0	0.953134
2166000	0.0000000000	0.0010000000	0.0010000000	100	100	0	0.953134
2167000	0.0000000000	0.0010000000	0.0010000000	100	100	0	0.955979
2168000	0.0000000000	0.0010000000	0.0010000000	100	100	0	0.956877
2169000	0.0000000000	0.0010000000	0.0010000000	100	100	0	0.956944
2170000	0.0000000000	0.0010000000	0.0010000000	100	100	0	0.956944
2171000	0.0000000000	0.0010000000	0.0010000000	100	100	0	0.958870
2172000	0.0000000000	0.0010000000	0.0010000000	100	100	0	0.957911
2173000	0.0000000000	0.0010000000	0.0010000000	100	100	0	0.957911
2174000	0.0000000000	0.0010000000	0.0010000000	100	100	0	0.955501
2175000	0.0000000000	0.0010000000	0.0010000000	100	100	0	0.953353
2176000	0.0000000000	0.0010000000	0.0010000000	100	100	0	0.953162
2177000	0.0000000000	0.0010000000	0.0010000000	100	100	0	0.954087
2178000	0.0000000000	0.0010000000	0.0010000000	100	100	0	0.953344
2179000	0.0000000000	0.0010000000	0.0010000000	100	100	0	0.955138
2180000	0.0000000000	0.0010000000	0.0010000000	100	100	0	0.955959
2181000	0.0000000000	0.0010000000	0.0010000000	100	100	0	0.955720
2182000	0.0000000000	0.0010000000	0.0010000000	100	100	0	0.954087
2183000	0.0000000000	0.0010000000	0.0010000000	100	100	0	0.954803
2184000	0.0000000000	0.0010000000	0.0010000000	100	100	0	0.955462
2185000	0.0000000000	0.0010000000	0.0010000000	100	100	0	0.954889
2186000	0.0000000000	0.0010000000	0.0010000000	100	100	0	0.953687
2187000	0.0000000000	0.0010000000	0.0010000000	100	100	0	0.953124
2188000	0.0000000000	0.0010000000	0.0010000000	100	100	0	0.953134
2189000	0.0000000000	0.0010000000	0.0010000000	100	100	0	0.953134
2190000	0.0000000000	0.0010000000	0.0010000000	100	100	0	0.953458
2191000	0.0000000000	0.0010000000	0.0010000000	100	100	0	0.954173
2192000	0.0000000000	0.0010000000	0.0010000000	100	100	0	0.955042
2193000	0.0000000000	0.0010000000	0.0010000000	100	100	0	0.955883
2194000	0.0000000000	0.0010000000	0.0010000000	100	100	0	0.956093
2195000	0.0000000000	0.0010000000	0.0010000000	100	100	0	0.957193
2196000	0.0000000000	0.0010000000	0.0010000000	100	100	0	0.955997
2197000	0.0000000000	0.0010000000	0.0010000000	100	100	0	0.956131
2198000	0.0000000000	0.0010000000	0.0010000000	100	100	0	0.956045
2199000	0.0000000000	0.0010000000	0.0010000000	100	100	0	0.955997
2200000	0.0000000000	0.0010000000	0.0010000000	100	100	0	0.955281
2201000	0.0000000000	0.0010000000	0.0010000000	100	100	0	0.955997
2202000	0.0000000000	0.0010000000	0.0010000000	100	100	0	0.956342
2203000	0.0000000000	0.0010000000	0.0010000000	100	100	0	0.957921
2204000	0.0000000000	0.0010000000	0.0010000000	100	100	0	0.957825
2205000	0.0000000000	0.0010000000	0.0010000000	100	100	0	0.953954
2206000	0.0000000000	0.0010000000	0.0010000000	100	100	0	0.954030
2207000	0.0000000000	0.0010000000	0.0010000000	100	100	0	0.956916
2208000	0.0000000000	0.0010000000	0.0010000000	100	100	0	0.956112
2209000	0.0000000000	0.0010000000	0.0010000000	100	100	0	0.956017
2210000	0.0000000000	0.0010000000	0.0010000000	100	100	0	0.955978
2211000	0.0000000000	0.0010000000	0.0010000000	100	100	0	0.956983
2212000	0.0000000000	0.0010000000	0.0010000000	100	100	0	0.957921
2213000	0.0000000000	0.0010000000	0.0010000000	100	100	0	0.957471
2214000	0.0000000000	0.0010000000	0.0010000000	100	100	0	0.957873
2215000	0.0000000000	0.0010000000	0.0010000000	100	100	0	0.956877
2216000	0.0000000000	0.0010000000	0.0010000000	100	100	0	0.956954
2217000	0.0000000000	0.0010000000	0.0010000000	100	100	0	0.958812
2218000	0.0000000000	0.0010000000	0.0010000000	100	100	0	0.956657
2219000	0.0000000000	0.0010000000	0.0010000000	100	100	0	0.956954
2220000	0.0000000000	0.0010000000	0.0010000000	100	100	0	0.956906
2221000	0.0000000000	0.0010000000	0.0010000000	100	100	0	0.957931
2222000	0.0000000000	0.0010000000	0.0010000000	100	100	0	0.957911
2223000	0.0000000000	0.0010000000	0.0010000000	100	100	0	0.957911
2224000	0.0000000000	0.0010000000	0.0010000000	100	100	0	0.957854
2225000	0.0000000000	0.0010000000	0.0010000000	100	100	0	0.957911
2226000	0.0000000000	0.0010000000	0.0010000000	100	100	0	0.958371
2227000	0.0000000000	0.0010000000	0.0010000000	100	100	0	0.958084
2228000	0.0000000000	0.0010000000	0.0010000000	100	100	0	0.958860
2229000	0.0000000000	0.0010000000	0.0010000000	100	100	0	0.959206
2230000	0.0000000000	0.0010000000	0.0010000000	100	100	0	0.958879
2231000	0.0000000000	0.0010000000	0.0010000000	100	100	0	0.958784
2232000	0.0000000000	0.0010000000	0.0010000000	100	100	0	0.957749
2233000	0.0000000000	0.0010000000	0.0010000000	100	100	0	0.958429
2234000	0.0000000000	0.0010000000	0.0010000000	100	100	0	0.956954
2235000	0.0000000000	0.0010000000	0.0010000000	100	100	0	0.956562
2236000	0.0000000000	0.0010000000	0.0010000000	100	100	0	0.957911
2237000	0.0000000000	0.0010000000	0.0010000000	100	100	0	0.956007
2238000	0.0000000000	0.0010000000	0.0010000000	100	100	0	0.955997
2239000	0.0000000000	0.0010000000	0.0010000000	100	100	0	0.955434
2240000	0.0000000000	0.0010000000	0.0010000000	100	100	0	0.957998
2241000	0.0000000000	0.0010000000	0.0010000000	100	100	0	0.956954
2242000	0.0000000000	0.0010000000	0.0010000000	100	100	0	0.956954
2243000	0.0000000000	0.0010000000	0.0010000000	100	100	0	0.956954
2244000	0.0000000000	0.0010000000	0.0010000000	100	100	0	0.956753
2245000	0.0000000000	0.0010000000	0.0010000000	100	100	0	0.956954
2246000	0.0000000000	0.0010000000	0.0010000000	100	100	0	0.956877
2247000	0.0000000000	0.0010000000	0.0010000000	100	100	0	0.956878
2248000	0.0000000000	0.0010000000	0.0010000000	100	100	0	0.955548
2249000	0.0000000000	0.0010000000	0.0010000000	100	100	0	0.955988
2250000	0.0000000000	0.0010000000	0.0010000000	100	100	0	0.956954
2251000	0.0000000000	0.0010000000	0.0010000000	100	100	0	0.958918
2252000	0.0000000000	0.0010000000	0.0010000000	100	100	0	0.959829
2253000	0.0000000000	0.0010000000	0.0010000000	100	100	0	0.961847
2254000	0.0000000000	0.0010000000	0.0010000000	100	100	0	0.960789
2255000	0.0000000000	0.0010000000	0.0010000000	100	100	0	0.961280
2256000	0.0000000000	0.0010000000	0.0010000000	100	100	0	0.960799
2257000	0.0000000000	0.0010000000	0.0010000000	100	100	0	0.960789
2258000	0.0000000000	0.0010000000	0.0010000000	100	100	0	0.960789
2259000	0.0000000000	0.0010000000	0.0010000000	100	100	0	0.960780
2260000	0.0000000000	0.0010000000	0.0010000000	100	100	0	0.961751
2261000	0.0000000000	0.0010000000	0.0010000000	100	100	0	0.960684
2262000	0.0000000000	0.0010000000	0.0010000000	100	100	0	0.960693
2263000	0.0000000000	0.0010000000	0.0010000000	100	100	0	0.960789
2264000	0.0000000000	0.0010000000	0.0010000000	100	100	0	0.960789
2265000	0.0000000000	0.0010000000	0.0010000000	100	100	0	0.959637
2266000	0.0000000000	0.0010000000	0.0010000000	100	100	0	0.960789
2267000	0.0000000000	0.0010000000	0.0010000000	100	100	0	0.959493
2268000	0.0000000000	0.0010000000	0.0010000000	100	100	0	0.959493
2269000	0.0000000000	0.0010000000	0.0010000000	100	100	0	0.959829
2270000	0.0000000000	0.0010000000	0.0010000000	100	100	0	0.960789
2271000	0.0000000000	0.0010000000	0.0010000000	100	100	0	0.961607
2272000	0.0000000000	0.0010000000	0.0010000000	100	100	0	0.960789
2273000	0.0000000000	0.0010000000	0.0010000000	100	100	0	0.960031
2274000	0.0000000000	0.0010000000	0.0010000000	100	100	0	0.960741
2275000	0.0000000000	0.0010000000	0.0010000000	100	100	0	0.960809
2276000	0.0000000000	0.0010000000	0.0010000000	100	100	0	0.960818
2277000	0.0000000000	0.0010000000	0.0010000000	100	100	0	0.961011
2278000	0.0000000000	0.0010000000	0.0010000000	100	100	0	0.962819
2279000	0.0000000000	0.0010000000	0.0010000000	100	100	0	0.962703
2280000	0.0000000000	0.0010000000	0.0010000000	100	100	0	0.964033
2281000	0.0000000000	0.0010000000	0.0010000000	100	100	0	0.963676
2282000	0.0000000000	0.0010000000	0.0010000000	100	100	0	0.963676
2283000	0.0000000000	0.0010000000	0.0010000000	100	100	0	0.962732
2284000	0.0000000000	0.0010000000	0.0010000000	100	100	0	0.962684
2285000	0.0000000000	0.0010000000	0.0010000000	100	100	0	0.964043
2286000	0.0000000000	0.0010000000	0.0010000000	100	100	0	0.963676
2287000	0.0000000000	0.0010000000	0.0010000000	100	100	0	0.962713
2288000	0.0000000000	0.0010000000	0.0010000000	100	100	0	0.962386
2289000	0.0000000000	0.0010000000	0.0010000000	100	100	0	0.962713
2290000	0.0000000000	0.0010000000	0.0010000000	100	100	0	0.962713
2291000	0.0000000000	0.0010000000	0.0010000000	100	100	0	0.962713
2292000	0.0000000000	0.0010000000	0.0010000000	100	100	0	0.962703
2293000	0.0000000000	0.0010000000	0.0010000000	100	100	0	0.962713
2294000	0.0000000000	0.0010000000	0.0010000000	100	100	0	0.961674
2295000	0.0000000000	0.0010000000	0.0010000000	100	100	0	0.960789
2296000	0.0000000000	0.0010000000	0.0010000000	100	100	0	0.960818
2297000	0.0000000000	0.0010000000	0.0010000000	100	100	0	0.961001
2298000	0.0000000000	0.0010000000	0.0010000000	100	100	0	0.960789
2299000	0.0000000000	0.0010000000	0.0010000000	100	100	0	0.960789
2300000	0.0000000000	0.0010000000	0.0010000000	100	100	0	0.960847
2301000	0.0000000000	0.0010000000	0.0010000000	100	100	0	0.959829
2302000	0.0000000000	0.0010000000	0.0010000000	100	100	0	0.958870
2303000	0.0000000000	0.0010000000	0.0010000000	100	100	0	0.958563
2304000	0.0000000000	0.0010000000	0.0010000000	100	100	0	0.961751
2305000	0.0000000000	0.0010000000	0.0010000000	100	100	0	0.961587
2306000	0.0000000000	0.0010000000	0.0010000000	100	100	0	0.961645
2307000	0.0000000000	0.0010000000	0.0010000000	100	100	0	0.961780
2308000	0.0000000000	0.0010000000	0.0010000000	100	100	0	0.962713
2309000	0.0000000000	0.0010000000	0.0010000000	100	100	0	0.962713
2310000	0.0000000000	0.0010000000	0.0010000000	100	100	0	0.961741
2311000	0.0000000000	0.0010000000	0.0010000000	100	100	0	0.961789
2312000	0.0000000000	0.0010000000	0.0010000000	100	100	0	0.960655
2313000	0.0000000000	0.0010000000	0.0010000000	100	100	0	0.962684
2314000	0.0000000000	0.0010000000	0.0010000000	100	100	0	0.963185
2315000	0.0000000000	0.0010000000	0.0010000000	100	100	0	0.964621
2316000	0.0000000000	0.0010000000	0.0010000000	100	100	0	0.964515
2317000	0.0000000000	0.0010000000	0.0010000000	100	100	0	0.963686
2318000	0.0000000000	0.0010000000	0.0010000000	100	100	0	0.963570
2319000	0.0000000000	0.0010000000	0.0010000000	100	100	0	0.963695
2320000	0.0000000000	0.0010000000	0.0010000000	100	100	0	0.963214
2321000	0.0000000000	0.0010000000	0.0010000000	100	100	0	0.962684
2322000	0.0000000000	0.0010000000	0.0010000000	100	100	0	0.963358
2323000	0.0000000000	0.0010000000	0.0010000000	100	100	0	0.962713
2324000	0.0000000000	0.0010000000	0.0010000000	100	100	0	0.961174
2325000	0.0000000000	0.0010000000	0.0010000000	100	100	0	0.961712
2326000	0.0000000000	0.0010000000	0.0010000000	100	100	0	0.961674
2327000	0.0000000000	0.0010000000	0.0010000000	100	100	0	0.961626
2328000	0.0000000000	0.0010000000	0.0010000000	100	100	0	0.960396
2329000	0.0000000000	0.0010000000	0.0010000000	100	100	0	0.961126
2330000	0.0000000000	0.0010000000	0.0010000000	100	100	0	0.959608
2331000	0.0000000000	0.0010000000	0.0010000000	100	100	0	0.959829
2332000	0.0000000000	0.0010000000	0.0010000000	100	100	0	0.959647
2333000	0.0000000000	0.0010000000	0.0010000000	100	100	0	0.958870
2334000	0.0000000000	0.0010000000	0.0010000000	100	100	0	0.957308
2335000	0.0000000000	0.0010000000	0.0010000000	100	100	0	0.956954
2336000	0.0000000000	0.0010000000	0.0010000000	100	100	0	0.956705
2337000	0.0000000000	0.0010000000	0.0010000000	100	100	0	0.956954
2338000	0.0000000000	0.0010000000	0.0010000000	100	100	0	0.955042
2339000	0.0000000000	0.0010000000	0.0010000000	100	100	0	0.954097
2340000	0.0000000000	0.0010000000	0.0010000000	100	100	0	0.953115
2341000	0.0000000000	0.0010000000	0.0010000000	100	100	0	0.952181
2342000	0.0000000000	0.0010000000	0.0010000000	100	100	0	0.951772
2343000	0.0000000000	0.0010000000	0.0010000000	100	100	0	0.952191
2344000	0.0000000000	0.0010000000	0.0010000000	100	100	0	0.952181
2345000	0.0000000000	0.0010000000	0.0010000000	100	100	0	0.951182
2346000	0.0000000000	0.0010000000	0.0010000000	100	100	0	0.950279
2347000	0.0000000000	0.0010000000	0.0010000000	100	100	0	0.950298
2348000	0.0000000000	0.0010000000	0.0010000000	100	100	0	0.951229
2349000	0.0000000000	0.0010000000	0.0010000000	100	100	0	0.952162
2350000	0.0000000000	0.0010000000	0.0010000000	100	100	0	0.951040
2351000	0.0000000000	0.0010000000	0.0010000000	100	100	0	0.951229
2352000	0.0000000000	0.0010000000	0.0010000000	100	100	0	0.951344
2353000	0.0000000000	0.0010000000	0.0010000000	100	100	0	0.951420
2354000	0.0000000000	0.0010000000	0.0010000000	100	100	0	0.950526
2355000	0.0000000000	0.0010000000	0.0010000000	100	100	0	0.950460
2356000	0.0000000000	0.0010000000	0.0010000000	100	100	0	0.951125
2357000	0.0000000000	0.0010000000	0.0010000000	100	100	0	0.952143
2358000	0.0000000000	0.0010000000	0.0010000000	100	100	0	0.951524
2359000	0.0000000000	0.0010000000	0.0010000000	100	100	0	0.951239
2360000	0.0000000000	0.0010000000	0.0010000000	100	100	0	0.951182
2361000	0.0000000000	0.0010000000	0.0010000000	100	100	0	0.952286
2362000	0.0000000000	0.0010000000	0.0010000000	100	100	0	0.951582
2363000	0.0000000000	0.0010000000	0.0010000000	100	100	0	0.951610
2364000	0.0000000000	0.0010000000	0.0010000000	100	100	0	0.953143
2365000	0.0000000000	0.0010000000	0.0010000000	100	100	0	0.953124
2366000	0.0000000000	0.0010000000	0.0010000000	100	100	0	0.953134
2367000	0.0000000000	0.0010000000	0.0010000000	100	100	0	0.954087
2368000	0.0000000000	0.0010000000	0.0010000000	100	100	0	0.955997
2369000	0.0000000000	0.0010000000	0.0010000000	100	100	0	0.956954
2370000	0.0000000000	0.0010000000	0.0010000000	100	100	0	0.957270
2371000	0.0000000000	0.0010000000	0.0010000000	100	100	0	0.957911
2372000	0.0000000000	0.0010000000	0.0010000000	100	100	0	0.957184
2373000	0.0000000000	0.0010000000	0.0010000000	100	100	0	0.956925
2374000	0.0000000000	0.0010000000	0.0010000000	100	100	0	0.956973
2375000	0.0000000000	0.0010000000	0.0010000000	100	100	0	0.959023
2376000	0.0000000000	0.0010000000	0.0010000000	100	100	0	0.958554
2377000	0.0000000000	0.0010000000	0.0010000000	100	100	0	0.957911
2378000	0.0000000000	0.0010000000	0.0010000000	100	100	0	0.957251
2379000	0.0000000000	0.0010000000	0.0010000000	100	100	0	0.957002
2380000	0.0000000000	0.0010000000	0.0010000000	100	100	0	0.959848
2381000	0.0000000000	0.0010000000	0.0010000000	100	100	0	0.961751
2382000	0.0000000000	0.0010000000	0.0010000000	100	100	0	0.963156
2383000	0.0000000000	0.0010000000	0.0010000000	100	100	0	0.962713
2384000	0.0000000000	0.0010000000	0.0010000000	100	100	0	0.963676
2385000	0.0000000000	0.0010000000	0.0010000000	100	100	0	0.963647
2386000	0.0000000000	0.0010000000	0.0010000000	100	100	0	0.963647
2387000	0.0000000000	0.0010000000	0.0010000000	100	100	0	0.963676
2388000	0.0000000000	0.0010000000	0.0010000000	100	100	0	0.964351
2389000	0.0000000000	0.0010000000	0.0010000000	100	100	0	0.963676
2390000	0.0000000000	0.0010000000	0.0010000000	100	100	0	0.963744
2391000	0.0000000000	0.0010000000	0.0010000000	100	100	0	0.963647
2392000	0.0000000000	0.0010000000	0.0010000000	100	100	0	0.963676
2393000	0.0000000000	0.0010000000	0.0010000000	100	100	0	0.963676
2394000	0.0000000000	0.0010000000	0.0010000000	100	100	0	0.962713
2395000	0.0000000000	0.0010000000	0.0010000000	100	100	0	0.965644
2396000	0.0000000000	0.0010000000	0.0010000000	100	100	0	0.967132
2397000	0.0000000000	0.0010000000	0.0010000000	100	100	0	0.967539
2398000	0.0000000000	0.0010000000	0.0010000000	100	100	0	0.966572
2399000	0.0000000000	0.0010000000	0.0010000000	100	100	0	0.965605
2400000	0.0000000000	0.0010000000	0.0010000000	100	100	0	0.965277
2401000	0.0000000000	0.0010000000	0.0010000000	100	100	0	0.964611
2402000	0.0000000000	0.0010000000	0.0010000000	100	100	0	0.966562
2403000	0.0000000000	0.0010000000	0.0010000000	100	100	0	0.966543
2404000	0.0000000000	0.0010000000	0.0010000000	100	100	0	0.966572
2405000	0.0000000000	0.0010000000	0.0010000000	100	100	0	0.967510
2406000	0.0000000000	0.0010000000	0.0010000000	100	100	0	0.967539
2407000	0.0000000000	0.0010000000	0.0010000000	100	100	0	0.968420
2408000	0.0000000000	0.0010000000	0.0010000000	100	100	0	0.969476
2409000	0.0000000000	0.0010000000	0.0010000000	100	100	0	0.969718
2410000	0.0000000000	0.0010000000	0.0010000000	100	100	0	0.968652
2411000	0.0000000000	0.0010000000	0.0010000000	100	100	0	0.968507
2412000	0.0000000000	0.0010000000	0.0010000000	100	100	0	0.968458
2413000	0.0000000000	0.0010000000	0.0010000000	100	100	0	0.968594
2414000	0.0000000000	0.0010000000	0.0010000000	100	100	0	0.967123
2415000	0.0000000000	0.0010000000	0.0010000000	100	100	0	0.967761
2416000	0.0000000000	0.0010000000	0.0010000000	100	100	0	0.966630
2417000	0.0000000000	0.0010000000	0.0010000000	100	100	0	0.965557
2418000	0.0000000000	0.0010000000	0.0010000000	100	100	0	0.965605
2419000	0.0000000000	0.0010000000	0.0010000000	100	100	0	0.964669
2420000	0.0000000000	0.0010000000	0.0010000000	100	100	0	0.964467
2421000	0.0000000000	0.0010000000	0.0010000000	100	100	0	0.964640
2422000	0.0000000000	0.0010000000	0.0010000000	100	100	0	0.964669
2423000	0.0000000000	0.0010000000	0.0010000000	100	100	0	0.964640
2424000	0.0000000000	0.0010000000	0.0010000000	100	100	0	0.964120
2425000	0.0000000000	0.0010000000	0.0010000000	100	100	0	0.964650
2426000	0.0000000000	0.0010000000	0.0010000000	100	100	0	0.965248
2427000	0.0000000000	0.0010000000	0.0010000000	100	100	0	0.966572
2428000	0.0000000000	0.0010000000	0.0010000000	100	100	0	0.966562
2429000	0.0000000000	0.0010000000	0.0010000000	100	100	0	0.967606
2430000	0.0000000000	0.0010000000	0.0010000000	100	100	0	0.969476
2431000	0.0000000000	0.0010000000	0.0010000000	100	100	0	0.969379
2432000	0.0000000000	0.0010000000	0.0010000000	100	100	0	0.967442
2433000	0.0000000000	0.0010000000	0.0010000000	100	100	0	0.965702
2434000	0.0000000000	0.0010000000	0.0010000000	100	100	0	0.965605
2435000	0.0000000000	0.0010000000	0.0010000000	100	100	0	0.965605
2436000	0.0000000000	0.0010000000	0.0010000000	100	100	0	0.965615
2437000	0.0000000000	0.0010000000	0.0010000000	100	100	0	0.963792
2438000	0.0000000000	0.0010000000	0.0010000000	100	100	0	0.963734
2439000	0.0000000000	0.0010000000	0.0010000000	100	100	0	0.962703
2440000	0.0000000000	0.0010000000	0.0010000000	100	100	0	0.962713
2441000	0.0000000000	0.0010000000	0.0010000000	100	100	0	0.964534
2442000	0.0000000000	0.0010000000	0.0010000000	100	100	0	0.965605
2443000	0.0000000000	0.0010000000	0.0010000000	100	100	0	0.964110
2444000	0.0000000000	0.0010000000	0.0010000000	100	100	0	0.962713
2445000	0.0000000000	0.0010000000	0.0010000000	100	100	0	0.963156
2446000	0.0000000000	0.0010000000	0.0010000000	100	100	0	0.963397
2447000	0.0000000000	0.0010000000	0.0010000000	100	100	0	0.964640
2448000	0.0000000000	0.0010000000	0.0010000000	100	100	0	0.965567
2449000	0.0000000000	0.0010000000	0.0010000000	100	100	0	0.965248
2450000	0.0000000000	0.0010000000	0.0010000000	100	100	0	0.965605
2451000	0.0000000000	0.0010000000	0.0010000000	100	100	0	0.967539
2452000	0.0000000000	0.0010000000	0.0010000000	100	100	0	0.967606
2453000	0.0000000000	0.0010000000	0.0010000000	100	100	0	0.966436
2454000	0.0000000000	0.0010000000	0.0010000000	100	100	0	0.966572
2455000	0.0000000000	0.0010000000	0.0010000000	100	100	0	0.965605
2456000	0.0000000000	0.0010000000	0.0010000000	100	100	0	0.965625
2457000	0.0000000000	0.0010000000	0.0010000000	100	100	0	0.966572
2458000	0.0000000000	0.0010000000	0.0010000000	100	100	0	0.966456
2459000	0.0000000000	0.0010000000	0.0010000000	100	100	0	0.965731
2460000	0.0000000000	0.0010000000	0.0010000000	100	100	0	0.966572
2461000	0.0000000000	0.0010000000	0.0010000000	100	100	0	0.966572
2462000	0.0000000000	0.0010000000	0.0010000000	100	100	0	0.966543
2463000	0.0000000000	0.0010000000	0.0010000000	100	100	0	0.965605
2464000	0.0000000000	0.0010000000	0.0010000000	100	100	0	0.964640
2465000	0.0000000000	0.0010000000	0.0010000000	100	100	0	0.964110
2466000	0.0000000000	0.0010000000	0.0010000000	100	100	0	0.964785
2467000	0.0000000000	0.0010000000	0.0010000000	100	100	0	0.964833
2468000	0.0000000000	0.0010000000	0.0010000000	100	100	0	0.965634
2469000	0.0000000000	0.0010000000	0.0010000000	100	100	0	0.963609
2470000	0.0000000000	0.0010000000	0.0010000000	100	100	0	0.961780
2471000	0.0000000000	0.0010000000	0.0010000000	100	100	0	0.962405
2472000	0.0000000000	0.0010000000	0.0010000000	100	100	0	0.961607
2473000	0.0000000000	0.0010000000	0.0010000000	100	100	0	0.961760
2474000	0.0000000000	0.0010000000	0.0010000000	100	100	0	0.961741
2475000	0.0000000000	0.0010000000	0.0010000000	100	100	0	0.962549
2476000	0.0000000000	0.0010000000	0.0010000000	100	100	0	0.960789
2477000	0.0000000000	0.0010000000	0.0010000000	100	100	0	0.960924
2478000	0.0000000000	0.0010000000	0.0010000000	100	100	0	0.961635
2479000	0.0000000000	0.0010000000	0.0010000000	100	100	0	0.961751
2480000	0.0000000000	0.0010000000	0.0010000000	100	100	0	0.961770
2481000	0.0000000000	0.0010000000	0.0010000000	100	100	0	0.959964
2482000	0.0000000000	0.0010000000	0.0010000000	100	100	0	0.961741
2483000	0.0000000000	0.0010000000	0.0010000000	100	100	0	0.961751
2484000	0.0000000000	0.0010000000	0.0010000000	100	100	0	0.960789
2485000	0.0000000000	0.0010000000	0.0010000000	100	100	0	0.961424
2486000	0.0000000000	0.0010000000	0.0010000000	100	100	0	0.961751
2487000	0.0000000000	0.0010000000	0.0010000000	100	100	0	0.961895
2488000	0.0000000000	0.0010000000	0.0010000000	100	100	0	0.965605
2489000	0.0000000000	0.0010000000	0.0010000000	100	100	0	0.965538
2490000	0.0000000000	0.0010000000	0.0010000000	100	100	0	0.965586
2491000	0.0000000000	0.0010000000	0.0010000000	100	100	0	0.966572
2492000	0.0000000000	0.0010000000	0.0010000000	100	100	0	0.967539
2493000	0.0000000000	0.0010000000	0.0010000000	100	100	0	0.965190
2494000	0.0000000000	0.0010000000	0.0010000000	100	100	0	0.964611
2495000	0.0000000000	0.0010000000	0.0010000000	100	100	0	0.963599
2496000	0.0000000000	0.0010000000	0.0010000000	100	100	0	0.962713
2497000	0.0000000000	0.0010000000	0.0010000000	100	100	0	0.961751
2498000	0.0000000000	0.0010000000	0.0010000000	100	100	0	0.960789
2499000	0.0000000000	0.0010000000	0.0010000000	100	100	0	0.960693
2500000	0.0000000000	0.0010000000	0.0010000000	100	100	0	0.959119
