time	epistasis_coef	sel_coef	mu_prob	Ne	L	k_start	mean_fitness
1500000	0.0000000000	0.0100000000	0.0100000000	100	100	0	0.810437
1501000	0.0000000000	0.0100000000	0.0100000000	100	100	0	0.808908
1502000	0.0000000000	0.0100000000	0.0100000000	100	100	0	0.813963
1503000	0.0000000000	0.0100000000	0.0100000000	100	100	0	0.831397
1504000	0.0000000000	0.0100000000	0.0100000000	100	100	0	0.811913
1505000	0.0000000000	0.0100000000	0.0100000000	100	100	0	0.826883
1506000	0.0000000000	0.0100000000	0.0100000000	100	100	0	0.826493
1507000	0.0000000000	0.0100000000	0.0100000000	100	100	0	0.825070
1508000	0.0000000000	0.0100000000	0.0100000000	100	100	0	0.826595
1509000	0.0000000000	0.0100000000	0.0100000000	100	100	0	0.840752
1510000	0.0000000000	0.0100000000	0.0100000000	100	100	0	0.854544
1511000	0.0000000000	0.0100000000	0.0100000000	100	100	0	0.867974
1512000	0.0000000000	0.0100000000	0.0100000000	100	100	0	0.843588
1513000	0.0000000000	0.0100000000	0.0100000000	100	100	0	0.849276
1514000	0.0000000000	0.0100000000	0.0100000000	100	100	0	0.846910
1515000	0.0000000000	0.0100000000	0.0100000000	100	100	0	0.830126
1516000	0.0000000000	0.0100000000	0.0100000000	100	100	0	0.860456
1517000	0.0000000000	0.0100000000	0.0100000000	100	100	0	0.829563
1518000	0.0000000000	0.0100000000	0.0100000000	100	100	0	0.834450
1519000	0.0000000000	0.0100000000	0.0100000000	100	100	0	0.859937
1520000	0.0000000000	0.0100000000	0.0100000000	100	100	0	0.842154
1521000	0.0000000000	0.0100000000	0.0100000000	100	100	0	0.836956
1522000	0.0000000000	0.0100000000	0.0100000000	100	100	0	0.801452
1523000	0.0000000000	0.0100000000	0.0100000000	100	100	0	0.780726
1524000	0.0000000000	0.0100000000	0.0100000000	100	100	0	0.804483
1525000	0.0000000000	0.0100000000	0.0100000000	100	100	0	0.803971
1526000	0.0000000000	0.0100000000	0.0100000000	100	100	0	0.791323
1527000	0.0000000000	0.0100000000	0.0100000000	100	100	0	0.811737
1528000	0.0000000000	0.0100000000	0.0100000000	100	100	0	0.801993
1529000	0.0000000000	0.0100000000	0.0100000000	100	100	0	0.793745
1530000	0.0000000000	0.0100000000	0.0100000000	100	100	0	0.795826
1531000	0.0000000000	0.0100000000	0.0100000000	100	100	0	0.820651
1532000	0.0000000000	0.0100000000	0.0100000000	100	100	0	0.830541
1533000	0.0000000000	0.0100000000	0.0100000000	100	100	0	0.847752
1534000	0.0000000000	0.0100000000	0.0100000000	100	100	0	0.870234
1535000	0.0000000000	0.0100000000	0.0100000000	100	100	0	0.864442
1536000	0.0000000000	0.0100000000	0.0100000000	100	100	0	0.876529
1537000	0.0000000000	0.0100000000	0.0100000000	100	100	0	0.857472
1538000	0.0000000000	0.0100000000	0.0100000000	100	100	0	0.850208
1539000	0.0000000000	0.0100000000	0.0100000000	100	100	0	0.824563
1540000	0.0000000000	0.0100000000	0.0100000000	100	100	0	0.834913
1541000	0.0000000000	0.0100000000	0.0100000000	100	100	0	0.834688
1542000	0.0000000000	0.0100000000	0.0100000000	100	100	0	0.869363
1543000	0.0000000000	0.0100000000	0.0100000000	100	100	0	0.865605
1544000	0.0000000000	0.0100000000	0.0100000000	100	100	0	0.854812
1545000	0.0000000000	0.0100000000	0.0100000000	100	100	0	0.828093
1546000	0.0000000000	0.0100000000	0.0100000000	100	100	0	0.852381
1547000	0.0000000000	0.0100000000	0.0100000000	100	100	0	0.848334
1548000	0.0000000000	0.0100000000	0.0100000000	100	100	0	0.879986
1549000	0.0000000000	0.0100000000	0.0100000000	100	100	0	0.887189
1550000	0.0000000000	0.0100000000	0.0100000000	100	100	0	0.853353
1551000	0.0000000000	0.0100000000	0.0100000000	100	100	0	0.846934
1552000	0.0000000000	0.0100000000	0.0100000000	100	100	0	0.845283
1553000	0.0000000000	0.0100000000	0.0100000000	100	100	0	0.846685
1554000	0.0000000000	0.0100000000	0.0100000000	100	100	0	0.852333
1555000	0.0000000000	0.0100000000	0.0100000000	100	100	0	0.850450
1556000	0.0000000000	0.0100000000	0.0100000000	100	100	0	0.867198
1557000	0.0000000000	0.0100000000	0.0100000000	100	100	0	0.882527
1558000	0.0000000000	0.0100000000	0.0100000000	100	100	0	0.864614
1559000	0.0000000000	0.0100000000	0.0100000000	100	100	0	0.857540
1560000	0.0000000000	0.0100000000	0.0100000000	100	100	0	0.847228
1561000	0.0000000000	0.0100000000	0.0100000000	100	100	0	0.849185
1562000	0.0000000000	0.0100000000	0.0100000000	100	100	0	0.837320
1563000	0.0000000000	0.0100000000	0.0100000000	100	100	0	0.842871
1564000	0.0000000000	0.0100000000	0.0100000000	100	100	0	0.872691
1565000	0.0000000000	0.0100000000	0.0100000000	100	100	0	0.847248
1566000	0.0000000000	0.0100000000	0.0100000000	100	100	0	0.841078
1567000	0.0000000000	0.0100000000	0.0100000000	100	100	0	0.815228
1568000	0.0000000000	0.0100000000	0.0100000000	100	100	0	0.806722
1569000	0.0000000000	0.0100000000	0.0100000000	100	100	0	0.803086
1570000	0.0000000000	0.0100000000	0.0100000000	100	100	0	0.802684
1571000	0.0000000000	0.0100000000	0.0100000000	100	100	0	0.802592
1572000	0.0000000000	0.0100000000	0.0100000000	100	100	0	0.845401
1573000	0.0000000000	0.0100000000	0.0100000000	100	100	0	0.853462
1574000	0.0000000000	0.0100000000	0.0100000000	100	100	0	0.848924
1575000	0.0000000000	0.0100000000	0.0100000000	100	100	0	0.836866
1576000	0.0000000000	0.0100000000	0.0100000000	100	100	0	0.858167
1577000	0.0000000000	0.0100000000	0.0100000000	100	100	0	0.863397
1578000	0.0000000000	0.0100000000	0.0100000000	100	100	0	0.859766
1579000	0.0000000000	0.0100000000	0.0100000000	100	100	0	0.859172
1580000	0.0000000000	0.0100000000	0.0100000000	100	100	0	0.834198
1581000	0.0000000000	0.0100000000	0.0100000000	100	100	0	0.854908
1582000	0.0000000000	0.0100000000	0.0100000000	100	100	0	0.823779
1583000	0.0000000000	0.0100000000	0.0100000000	100	100	0	0.840979
1584000	0.0000000000	0.0100000000	0.0100000000	100	100	0	0.857968
1585000	0.0000000000	0.0100000000	0.0100000000	100	100	0	0.867979
1586000	0.0000000000	0.0100000000	0.0100000000	100	100	0	0.857025
1587000	0.0000000000	0.0100000000	0.0100000000	100	100	0	0.838796
1588000	0.0000000000	0.0100000000	0.0100000000	100	100	0	0.846040
1589000	0.0000000000	0.0100000000	0.0100000000	100	100	0	0.869894
1590000	0.0000000000	0.0100000000	0.0100000000	100	100	0	0.844213
1591000	0.0000000000	0.0100000000	0.0100000000	100	100	0	0.863349
1592000	0.0000000000	0.0100000000	0.0100000000	100	100	0	0.882086
1593000	0.0000000000	0.0100000000	0.0100000000	100	100	0	0.895153
1594000	0.0000000000	0.0100000000	0.0100000000	100	100	0	0.895321
1595000	0.0000000000	0.0100000000	0.0100000000	100	100	0	0.895057
1596000	0.0000000000	0.0100000000	0.0100000000	100	100	0	0.849670
1597000	0.0000000000	0.0100000000	0.0100000000	100	100	0	0.864950
1598000	0.0000000000	0.0100000000	0.0100000000	100	100	0	0.844944
1599000	0.0000000000	0.0100000000	0.0100000000	100	100	0	0.831130
1600000	0.0000000000	0.0100000000	0.0100000000	100	100	0	0.843497
1601000	0.0000000000	0.0100000000	0.0100000000	100	100	0	0.832364
1602000	0.0000000000	0.0100000000	0.0100000000	100	100	0	0.843083
1603000	0.0000000000	0.0100000000	0.0100000000	100	100	0	0.832695
1604000	0.0000000000	0.0100000000	0.0100000000	100	100	0	0.796620
1605000	0.0000000000	0.0100000000	0.0100000000	100	100	0	0.832531
1606000	0.0000000000	0.0100000000	0.0100000000	100	100	0	0.800156
1607000	0.0000000000	0.0100000000	0.0100000000	100	100	0	0.846697
1608000	0.0000000000	0.0100000000	0.0100000000	100	100	0	0.841163
1609000	0.0000000000	0.0100000000	0.0100000000	100	100	0	0.856206
1610000	0.0000000000	0.0100000000	0.0100000000	100	100	0	0.853781
1611000	0.0000000000	0.0100000000	0.0100000000	100	100	0	0.846649
1612000	0.0000000000	0.0100000000	0.0100000000	100	100	0	0.855428
1613000	0.0000000000	0.0100000000	0.0100000000	100	100	0	0.839388
1614000	0.0000000000	0.0100000000	0.0100000000	100	100	0	0.837543
1615000	0.0000000000	0.0100000000	0.0100000000	100	100	0	0.844824
1616000	0.0000000000	0.0100000000	0.0100000000	100	100	0	0.847847
1617000	0.0000000000	0.0100000000	0.0100000000	100	100	0	0.827910
1618000	0.0000000000	0.0100000000	0.0100000000	100	100	0	0.818592
1619000	0.0000000000	0.0100000000	0.0100000000	100	100	0	0.824737
1620000	0.0000000000	0.0100000000	0.0100000000	100	100	0	0.848259
1621000	0.0000000000	0.0100000000	0.0100000000	100	100	0	0.825421
1622000	0.0000000000	0.0100000000	0.0100000000	100	100	0	0.810682
1623000	0.0000000000	0.0100000000	0.0100000000	100	100	0	0.820140
1624000	0.0000000000	0.0100000000	0.0100000000	100	100	0	0.838553
1625000	0.0000000000	0.0100000000	0.0100000000	100	100	0	0.839723
1626000	0.0000000000	0.0100000000	0.0100000000	100	100	0	0.831218
1627000	0.0000000000	0.0100000000	0.0100000000	100	100	0	0.807694
1628000	0.0000000000	0.0100000000	0.0100000000	100	100	0	0.773325
1629000	0.0000000000	0.0100000000	0.0100000000	100	100	0	0.744469
1630000	0.0000000000	0.0100000000	0.0100000000	100	100	0	0.787739
1631000	0.0000000000	0.0100000000	0.0100000000	100	100	0	0.788131
1632000	0.0000000000	0.0100000000	0.0100000000	100	100	0	0.796243
1633000	0.0000000000	0.0100000000	0.0100000000	100	100	0	0.819412
1634000	0.0000000000	0.0100000000	0.0100000000	100	100	0	0.810187
1635000	0.0000000000	0.0100000000	0.0100000000	100	100	0	0.836028
1636000	0.0000000000	0.0100000000	0.0100000000	100	100	0	0.822611
1637000	0.0000000000	0.0100000000	0.0100000000	100	100	0	0.813279
1638000	0.0000000000	0.0100000000	0.0100000000	100	100	0	0.840392
1639000	0.0000000000	0.0100000000	0.0100000000	100	100	0	0.808246
1640000	0.0000000000	0.0100000000	0.0100000000	100	100	0	0.805181
1641000	0.0000000000	0.0100000000	0.0100000000	100	100	0	0.783733
1642000	0.0000000000	0.0100000000	0.0100000000	100	100	0	0.794143
1643000	0.0000000000	0.0100000000	0.0100000000	100	100	0	0.814109
1644000	0.0000000000	0.0100000000	0.0100000000	100	100	0	0.791389
1645000	0.0000000000	0.0100000000	0.0100000000	100	100	0	0.806893
1646000	0.0000000000	0.0100000000	0.0100000000	100	100	0	0.812351
1647000	0.0000000000	0.0100000000	0.0100000000	100	100	0	0.824016
1648000	0.0000000000	0.0100000000	0.0100000000	100	100	0	0.807773
1649000	0.0000000000	0.0100000000	0.0100000000	100	100	0	0.815433
1650000	0.0000000000	0.0100000000	0.0100000000	100	100	0	0.804383
1651000	0.0000000000	0.0100000000	0.0100000000	100	100	0	0.778925
1652000	0.0000000000	0.0100000000	0.0100000000	100	100	0	0.816873
1653000	0.0000000000	0.0100000000	0.0100000000	100	100	0	0.843245
1654000	0.0000000000	0.0100000000	0.0100000000	100	100	0	0.843329
1655000	0.0000000000	0.0100000000	0.0100000000	100	100	0	0.827131
1656000	0.0000000000	0.0100000000	0.0100000000	100	100	0	0.818852
1657000	0.0000000000	0.0100000000	0.0100000000	100	100	0	0.829216
1658000	0.0000000000	0.0100000000	0.0100000000	100	100	0	0.831295
1659000	0.0000000000	0.0100000000	0.0100000000	100	100	0	0.835539
1660000	0.0000000000	0.0100000000	0.0100000000	100	100	0	0.862543
1661000	0.0000000000	0.0100000000	0.0100000000	100	100	0	0.865646
1662000	0.0000000000	0.0100000000	0.0100000000	100	100	0	0.841734
1663000	0.0000000000	0.0100000000	0.0100000000	100	100	0	0.843082
1664000	0.0000000000	0.0100000000	0.0100000000	100	100	0	0.817022
1665000	0.0000000000	0.0100000000	0.0100000000	100	100	0	0.783986
1666000	0.0000000000	0.0100000000	0.0100000000	100	100	0	0.806258
1667000	0.0000000000	0.0100000000	0.0100000000	100	100	0	0.852630
1668000	0.0000000000	0.0100000000	0.0100000000	100	100	0	0.848668
1669000	0.0000000000	0.0100000000	0.0100000000	100	100	0	0.867805
1670000	0.0000000000	0.0100000000	0.0100000000	100	100	0	0.870061
1671000	0.0000000000	0.0100000000	0.0100000000	100	100	0	0.854466
1672000	0.0000000000	0.0100000000	0.0100000000	100	100	0	0.872620
1673000	0.0000000000	0.0100000000	0.0100000000	100	100	0	0.850373
1674000	0.0000000000	0.0100000000	0.0100000000	100	100	0	0.838902
1675000	0.0000000000	0.0100000000	0.0100000000	100	100	0	0.879280
1676000	0.0000000000	0.0100000000	0.0100000000	100	100	0	0.877396
1677000	0.0000000000	0.0100000000	0.0100000000	100	100	0	0.877652
1678000	0.0000000000	0.0100000000	0.0100000000	100	100	0	0.877680
1679000	0.0000000000	0.0100000000	0.0100000000	100	100	0	0.875387
1680000	0.0000000000	0.0100000000	0.0100000000	100	100	0	0.881806
1681000	0.0000000000	0.0100000000	0.0100000000	100	100	0	0.847756
1682000	0.0000000000	0.0100000000	0.0100000000	100	100	0	0.839645
1683000	0.0000000000	0.0100000000	0.0100000000	100	100	0	0.817611
1684000	0.0000000000	0.0100000000	0.0100000000	100	100	0	0.816126
1685000	0.0000000000	0.0100000000	0.0100000000	100	100	0	0.818821
1686000	0.0000000000	0.0100000000	0.0100000000	100	100	0	0.821790
1687000	0.0000000000	0.0100000000	0.0100000000	100	100	0	0.822966
1688000	0.0000000000	0.0100000000	0.0100000000	100	100	0	0.828960
1689000	0.0000000000	0.0100000000	0.0100000000	100	100	0	0.817356
1690000	0.0000000000	0.0100000000	0.0100000000	100	100	0	0.804633
1691000	0.0000000000	0.0100000000	0.0100000000	100	100	0	0.810425
1692000	0.0000000000	0.0100000000	0.0100000000	100	100	0	0.800711
1693000	0.0000000000	0.0100000000	0.0100000000	100	100	0	0.822173
1694000	0.0000000000	0.0100000000	0.0100000000	100	100	0	0.830899
1695000	0.0000000000	0.0100000000	0.0100000000	100	100	0	0.841267
1696000	0.0000000000	0.0100000000	0.0100000000	100	100	0	0.842324
1697000	0.0000000000	0.0100000000	0.0100000000	100	100	0	0.850371
1698000	0.0000000000	0.0100000000	0.0100000000	100	100	0	0.865043
1699000	0.0000000000	0.0100000000	0.0100000000	100	100	0	0.846381
1700000	0.0000000000	0.0100000000	0.0100000000	100	100	0	0.808410
1701000	0.0000000000	0.0100000000	0.0100000000	100	100	0	0.841684
1702000	0.0000000000	0.0100000000	0.0100000000	100	100	0	0.839397
1703000	0.0000000000	0.0100000000	0.0100000000	100	100	0	0.838912
1704000	0.0000000000	0.0100000000	0.0100000000	100	100	0	0.837289
1705000	0.0000000000	0.0100000000	0.0100000000	100	100	0	0.835189
1706000	0.0000000000	0.0100000000	0.0100000000	100	100	0	0.833048
1707000	0.0000000000	0.0100000000	0.0100000000	100	100	0	0.832039
1708000	0.0000000000	0.0100000000	0.0100000000	100	100	0	0.864952
1709000	0.0000000000	0.0100000000	0.0100000000	100	100	0	0.871994
1710000	0.0000000000	0.0100000000	0.0100000000	100	100	0	0.867755
1711000	0.0000000000	0.0100000000	0.0100000000	100	100	0	0.875826
1712000	0.0000000000	0.0100000000	0.0100000000	100	100	0	0.887213
1713000	0.0000000000	0.0100000000	0.0100000000	100	100	0	0.872247
1714000	0.0000000000	0.0100000000	0.0100000000	100	100	0	0.859345
1715000	0.0000000000	0.0100000000	0.0100000000	100	100	0	0.858706
1716000	0.0000000000	0.0100000000	0.0100000000	100	100	0	0.831282
1717000	0.0000000000	0.0100000000	0.0100000000	100	100	0	0.828992
1718000	0.0000000000	0.0100000000	0.0100000000	100	100	0	0.799177
1719000	0.0000000000	0.0100000000	0.0100000000	100	100	0	0.845089
1720000	0.0000000000	0.0100000000	0.0100000000	100	100	0	0.855346
1721000	0.0000000000	0.0100000000	0.0100000000	100	100	0	0.842239
1722000	0.0000000000	0.0100000000	0.0100000000	100	100	0	0.834356
1723000	0.0000000000	0.0100000000	0.0100000000	100	100	0	0.810182
1724000	0.0000000000	0.0100000000	0.0100000000	100	100	0	0.838730
1725000	0.0000000000	0.0100000000	0.0100000000	100	100	0	0.817840
1726000	0.0000000000	0.0100000000	0.0100000000	100	100	0	0.808005
1727000	0.0000000000	0.0100000000	0.0100000000	100	100	0	0.793664
1728000	0.0000000000	0.0100000000	0.0100000000	100	100	0	0.804390
1729000	0.0000000000	0.0100000000	0.0100000000	100	100	0	0.809929
1730000	0.0000000000	0.0100000000	0.0100000000	100	100	0	0.820144
1731000	0.0000000000	0.0100000000	0.0100000000	100	100	0	0.802359
1732000	0.0000000000	0.0100000000	0.0100000000	100	100	0	0.807277
1733000	0.0000000000	0.0100000000	0.0100000000	100	100	0	0.845325
1734000	0.0000000000	0.0100000000	0.0100000000	100	100	0	0.847826
1735000	0.0000000000	0.0100000000	0.0100000000	100	100	0	0.867728
1736000	0.0000000000	0.0100000000	0.0100000000	100	100	0	0.888735
1737000	0.0000000000	0.0100000000	0.0100000000	100	100	0	0.869570
1738000	0.0000000000	0.0100000000	0.0100000000	100	100	0	0.818011
1739000	0.0000000000	0.0100000000	0.0100000000	100	100	0	0.840897
1740000	0.0000000000	0.0100000000	0.0100000000	100	100	0	0.844968
1741000	0.0000000000	0.0100000000	0.0100000000	100	100	0	0.842456
1742000	0.0000000000	0.0100000000	0.0100000000	100	100	0	0.847490
1743000	0.0000000000	0.0100000000	0.0100000000	100	100	0	0.850830
1744000	0.0000000000	0.0100000000	0.0100000000	100	100	0	0.850957
1745000	0.0000000000	0.0100000000	0.0100000000	100	100	0	0.851226
1746000	0.0000000000	0.0100000000	0.0100000000	100	100	0	0.822442
1747000	0.0000000000	0.0100000000	0.0100000000	100	100	0	0.833862
1748000	0.0000000000	0.0100000000	0.0100000000	100	100	0	0.820218
1749000	0.0000000000	0.0100000000	0.0100000000	100	100	0	0.791389
1750000	0.0000000000	0.0100000000	0.0100000000	100	100	0	0.801491
1751000	0.0000000000	0.0100000000	0.0100000000	100	100	0	0.819147
1752000	0.0000000000	0.0100000000	0.0100000000	100	100	0	0.802719
1753000	0.0000000000	0.0100000000	0.0100000000	100	100	0	0.772086
1754000	0.0000000000	0.0100000000	0.0100000000	100	100	0	0.789560
1755000	0.0000000000	0.0100000000	0.0100000000	100	100	0	0.808526
1756000	0.0000000000	0.0100000000	0.0100000000	100	100	0	0.822517
1757000	0.0000000000	0.0100000000	0.0100000000	100	100	0	0.808895
1758000	0.0000000000	0.0100000000	0.0100000000	100	100	0	0.795493
1759000	0.0000000000	0.0100000000	0.0100000000	100	100	0	0.778683
1760000	0.0000000000	0.0100000000	0.0100000000	100	100	0	0.819989
1761000	0.0000000000	0.0100000000	0.0100000000	100	100	0	0.781787
1762000	0.0000000000	0.0100000000	0.0100000000	100	100	0	0.785798
1763000	0.0000000000	0.0100000000	0.0100000000	100	100	0	0.791122
1764000	0.0000000000	0.0100000000	0.0100000000	100	100	0	0.810749
1765000	0.0000000000	0.0100000000	0.0100000000	100	100	0	0.819268
1766000	0.0000000000	0.0100000000	0.0100000000	100	100	0	0.809456
1767000	0.0000000000	0.0100000000	0.0100000000	100	100	0	0.807367
1768000	0.0000000000	0.0100000000	0.0100000000	100	100	0	0.830145
1769000	0.0000000000	0.0100000000	0.0100000000	100	100	0	0.834373
1770000	0.0000000000	0.0100000000	0.0100000000	100	100	0	0.813365
1771000	0.0000000000	0.0100000000	0.0100000000	100	100	0	0.784677
1772000	0.0000000000	0.0100000000	0.0100000000	100	100	0	0.794624
1773000	0.0000000000	0.0100000000	0.0100000000	100	100	0	0.798606
1774000	0.0000000000	0.0100000000	0.0100000000	100	100	0	0.822819
1775000	0.0000000000	0.0100000000	0.0100000000	100	100	0	0.841907
1776000	0.0000000000	0.0100000000	0.0100000000	100	100	0	0.843861
1777000	0.0000000000	0.0100000000	0.0100000000	100	100	0	0.815698
1778000	0.0000000000	0.0100000000	0.0100000000	100	100	0	0.823845
1779000	0.0000000000	0.0100000000	0.0100000000	100	100	0	0.796951
1780000	0.0000000000	0.0100000000	0.0100000000	100	100	0	0.795425
1781000	0.0000000000	0.0100000000	0.0100000000	100	100	0	0.785610
1782000	0.0000000000	0.0100000000	0.0100000000	100	100	0	0.801735
1783000	0.0000000000	0.0100000000	0.0100000000	100	100	0	0.809697
1784000	0.0000000000	0.0100000000	0.0100000000	100	100	0	0.818341
1785000	0.0000000000	0.0100000000	0.0100000000	100	100	0	0.863476
1786000	0.0000000000	0.0100000000	0.0100000000	100	100	0	0.871725
1787000	0.0000000000	0.0100000000	0.0100000000	100	100	0	0.869691
1788000	0.0000000000	0.0100000000	0.0100000000	100	100	0	0.841086
1789000	0.0000000000	0.0100000000	0.0100000000	100	100	0	0.851126
1790000	0.0000000000	0.0100000000	0.0100000000	100	100	0	0.885183
1791000	0.0000000000	0.0100000000	0.0100000000	100	100	0	0.904414
1792000	0.0000000000	0.0100000000	0.0100000000	100	100	0	0.893255
1793000	0.0000000000	0.0100000000	0.0100000000	100	100	0	0.900616
1794000	0.0000000000	0.0100000000	0.0100000000	100	100	0	0.895052
1795000	0.0000000000	0.0100000000	0.0100000000	100	100	0	0.912021
1796000	0.0000000000	0.0100000000	0.0100000000	100	100	0	0.877673
1797000	0.0000000000	0.0100000000	0.0100000000	100	100	0	0.863672
1798000	0.0000000000	0.0100000000	0.0100000000	100	100	0	0.841334
1799000	0.0000000000	0.0100000000	0.0100000000	100	100	0	0.872946
1800000	0.0000000000	0.0100000000	0.0100000000	100	100	0	0.853126
1801000	0.0000000000	0.0100000000	0.0100000000	100	100	0	0.823422
1802000	0.0000000000	0.0100000000	0.0100000000	100	100	0	0.827294
1803000	0.0000000000	0.0100000000	0.0100000000	100	100	0	0.812798
1804000	0.0000000000	0.0100000000	0.0100000000	100	100	0	0.805204
1805000	0.0000000000	0.0100000000	0.0100000000	100	100	0	0.796854
1806000	0.0000000000	0.0100000000	0.0100000000	100	100	0	0.815637
1807000	0.0000000000	0.0100000000	0.0100000000	100	100	0	0.832396
1808000	0.0000000000	0.0100000000	0.0100000000	100	100	0	0.833963
1809000	0.0000000000	0.0100000000	0.0100000000	100	100	0	0.841180
1810000	0.0000000000	0.0100000000	0.0100000000	100	100	0	0.844703
1811000	0.0000000000	0.0100000000	0.0100000000	100	100	0	0.845466
1812000	0.0000000000	0.0100000000	0.0100000000	100	100	0	0.821526
1813000	0.0000000000	0.0100000000	0.0100000000	100	100	0	0.805429
1814000	0.0000000000	0.0100000000	0.0100000000	100	100	0	0.817458
1815000	0.0000000000	0.0100000000	0.0100000000	100	100	0	0.829392
1816000	0.0000000000	0.0100000000	0.0100000000	100	100	0	0.862278
1817000	0.0000000000	0.0100000000	0.0100000000	100	100	0	0.878204
1818000	0.0000000000	0.0100000000	0.0100000000	100	100	0	0.864966
1819000	0.0000000000	0.0100000000	0.0100000000	100	100	0	0.857203
1820000	0.0000000000	0.0100000000	0.0100000000	100	100	0	0.845402
1821000	0.0000000000	0.0100000000	0.0100000000	100	100	0	0.844530
1822000	0.0000000000	0.0100000000	0.0100000000	100	100	0	0.842753
1823000	0.0000000000	0.0100000000	0.0100000000	100	100	0	0.857883
1824000	0.0000000000	0.0100000000	0.0100000000	100	100	0	0.864473
1825000	0.0000000000	0.0100000000	0.0100000000	100	100	0	0.839301
1826000	0.0000000000	0.0100000000	0.0100000000	100	100	0	0.842257
1827000	0.0000000000	0.0100000000	0.0100000000	100	100	0	0.837437
1828000	0.0000000000	0.0100000000	0.0100000000	100	100	0	0.835956
1829000	0.0000000000	0.0100000000	0.0100000000	100	100	0	0.833026
1830000	0.0000000000	0.0100000000	0.0100000000	100	100	0	0.825397
1831000	0.0000000000	0.0100000000	0.0100000000	100	100	0	0.871493
1832000	0.0000000000	0.0100000000	0.0100000000	100	100	0	0.822435
1833000	0.0000000000	0.0100000000	0.0100000000	100	100	0	0.839313
1834000	0.0000000000	0.0100000000	0.0100000000	100	100	0	0.857298
1835000	0.0000000000	0.0100000000	0.0100000000	100	100	0	0.881551
1836000	0.0000000000	0.0100000000	0.0100000000	100	100	0	0.844545
1837000	0.0000000000	0.0100000000	0.0100000000	100	100	0	0.831466
1838000	0.0000000000	0.0100000000	0.0100000000	100	100	0	0.793621
1839000	0.0000000000	0.0100000000	0.0100000000	100	100	0	0.796544
1840000	0.0000000000	0.0100000000	0.0100000000	100	100	0	0.763963
1841000	0.0000000000	0.0100000000	0.0100000000	100	100	0	0.757158
1842000	0.0000000000	0.0100000000	0.0100000000	100	100	0	0.802370
1843000	0.0000000000	0.0100000000	0.0100000000	100	100	0	0.819168
1844000	0.0000000000	0.0100000000	0.0100000000	100	100	0	0.834855
1845000	0.0000000000	0.0100000000	0.0100000000	100	100	0	0.841413
1846000	0.0000000000	0.0100000000	0.0100000000	100	100	0	0.864614
1847000	0.0000000000	0.0100000000	0.0100000000	100	100	0	0.844702
1848000	0.0000000000	0.0100000000	0.0100000000	100	100	0	0.829800
1849000	0.0000000000	0.0100000000	0.0100000000	100	100	0	0.833610
1850000	0.0000000000	0.0100000000	0.0100000000	100	100	0	0.828138
1851000	0.0000000000	0.0100000000	0.0100000000	100	100	0	0.819560
1852000	0.0000000000	0.0100000000	0.0100000000	100	100	0	0.824916
1853000	0.0000000000	0.0100000000	0.0100000000	100	100	0	0.834030
1854000	0.0000000000	0.0100000000	0.0100000000	100	100	0	0.859367
1855000	0.0000000000	0.0100000000	0.0100000000	100	100	0	0.849437
1856000	0.0000000000	0.0100000000	0.0100000000	100	100	0	0.841204
1857000	0.0000000000	0.0100000000	0.0100000000	100	100	0	0.849692
1858000	0.0000000000	0.0100000000	0.0100000000	100	100	0	0.828236
1859000	0.0000000000	0.0100000000	0.0100000000	100	100	0	0.854801
1860000	0.0000000000	0.0100000000	0.0100000000	100	100	0	0.849859
1861000	0.0000000000	0.0100000000	0.0100000000	100	100	0	0.843245
1862000	0.0000000000	0.0100000000	0.0100000000	100	100	0	0.823503
1863000	0.0000000000	0.0100000000	0.0100000000	100	100	0	0.824918
1864000	0.0000000000	0.0100000000	0.0100000000	100	100	0	0.857983
1865000	0.0000000000	0.0100000000	0.0100000000	100	100	0	0.836649
1866000	0.0000000000	0.0100000000	0.0100000000	100	100	0	0.848929
1867000	0.0000000000	0.0100000000	0.0100000000	100	100	0	0.835439
1868000	0.0000000000	0.0100000000	0.0100000000	100	100	0	0.851132
1869000	0.0000000000	0.0100000000	0.0100000000	100	100	0	0.820412
1870000	0.0000000000	0.0100000000	0.0100000000	100	100	0	0.809704
1871000	0.0000000000	0.0100000000	0.0100000000	100	100	0	0.826061
1872000	0.0000000000	0.0100000000	0.0100000000	100	100	0	0.802942
1873000	0.0000000000	0.0100000000	0.0100000000	100	100	0	0.827237
1874000	0.0000000000	0.0100000000	0.0100000000	100	100	0	0.824080
1875000	0.0000000000	0.0100000000	0.0100000000	100	100	0	0.829541
1876000	0.0000000000	0.0100000000	0.0100000000	100	100	0	0.811346
1877000	0.0000000000	0.0100000000	0.0100000000	100	100	0	0.793055
1878000	0.0000000000	0.0100000000	0.0100000000	100	100	0	0.803670
1879000	0.0000000000	0.0100000000	0.0100000000	100	100	0	0.805432
1880000	0.0000000000	0.0100000000	0.0100000000	100	100	0	0.850872
1881000	0.0000000000	0.0100000000	0.0100000000	100	100	0	0.832614
1882000	0.0000000000	0.0100000000	0.0100000000	100	100	0	0.829305
1883000	0.0000000000	0.0100000000	0.0100000000	100	100	0	0.826233
1884000	0.0000000000	0.0100000000	0.0100000000	100	100	0	0.827883
1885000	0.0000000000	0.0100000000	0.0100000000	100	100	0	0.834948
1886000	0.0000000000	0.0100000000	0.0100000000	100	100	0	0.835313
1887000	0.0000000000	0.0100000000	0.0100000000	100	100	0	0.820791
1888000	0.0000000000	0.0100000000	0.0100000000	100	100	0	0.867801
1889000	0.0000000000	0.0100000000	0.0100000000	100	100	0	0.850301
1890000	0.0000000000	0.0100000000	0.0100000000	100	100	0	0.865293
1891000	0.0000000000	0.0100000000	0.0100000000	100	100	0	0.850111
1892000	0.0000000000	0.0100000000	0.0100000000	100	100	0	0.865503
1893000	0.0000000000	0.0100000000	0.0100000000	100	100	0	0.832646
1894000	0.0000000000	0.0100000000	0.0100000000	100	100	0	0.824835
1895000	0.0000000000	0.0100000000	0.0100000000	100	100	0	0.850960
1896000	0.0000000000	0.0100000000	0.0100000000	100	100	0	0.865741
1897000	0.0000000000	0.0100000000	0.0100000000	100	100	0	0.889955
1898000	0.0000000000	0.0100000000	0.0100000000	100	100	0	0.898639
1899000	0.0000000000	0.0100000000	0.0100000000	100	100	0	0.900983
1900000	0.0000000000	0.0100000000	0.0100000000	100	100	0	0.877586
1901000	0.0000000000	0.0100000000	0.0100000000	100	100	0	0.876348
1902000	0.0000000000	0.0100000000	0.0100000000	100	100	0	0.884023
1903000	0.0000000000	0.0100000000	0.0100000000	100	100	0	0.908116
1904000	0.0000000000	0.0100000000	0.0100000000	100	100	0	0.892007
1905000	0.0000000000	0.0100000000	0.0100000000	100	100	0	0.881397
1906000	0.0000000000	0.0100000000	0.0100000000	100	100	0	0.889619
1907000	0.0000000000	0.0100000000	0.0100000000	100	100	0	0.848159
1908000	0.0000000000	0.0100000000	0.0100000000	100	100	0	0.839152
1909000	0.0000000000	0.0100000000	0.0100000000	100	100	0	0.852164
1910000	0.0000000000	0.0100000000	0.0100000000	100	100	0	0.829542
1911000	0.0000000000	0.0100000000	0.0100000000	100	100	0	0.840907
1912000	0.0000000000	0.0100000000	0.0100000000	100	100	0	0.831129
1913000	0.0000000000	0.0100000000	0.0100000000	100	100	0	0.838214
1914000	0.0000000000	0.0100000000	0.0100000000	100	100	0	0.801967
1915000	0.0000000000	0.0100000000	0.0100000000	100	100	0	0.806635
1916000	0.0000000000	0.0100000000	0.0100000000	100	100	0	0.843308
1917000	0.0000000000	0.0100000000	0.0100000000	100	100	0	0.881890
1918000	0.0000000000	0.0100000000	0.0100000000	100	100	0	0.885333
1919000	0.0000000000	0.0100000000	0.0100000000	100	100	0	0.884461
1920000	0.0000000000	0.0100000000	0.0100000000	100	100	0	0.852608
1921000	0.0000000000	0.0100000000	0.0100000000	100	100	0	0.873857
1922000	0.0000000000	0.0100000000	0.0100000000	100	100	0	0.825585
1923000	0.0000000000	0.0100000000	0.0100000000	100	100	0	0.864609
1924000	0.0000000000	0.0100000000	0.0100000000	100	100	0	0.859767
1925000	0.0000000000	0.0100000000	0.0100000000	100	100	0	0.853965
1926000	0.0000000000	0.0100000000	0.0100000000	100	100	0	0.848677
1927000	0.0000000000	0.0100000000	0.0100000000	100	100	0	0.826959
1928000	0.0000000000	0.0100000000	0.0100000000	100	100	0	0.818742
1929000	0.0000000000	0.0100000000	0.0100000000	100	100	0	0.761493
1930000	0.0000000000	0.0100000000	0.0100000000	100	100	0	0.764558
1931000	0.0000000000	0.0100000000	0.0100000000	100	100	0	0.781060
1932000	0.0000000000	0.0100000000	0.0100000000	100	100	0	0.809702
1933000	0.0000000000	0.0100000000	0.0100000000	100	100	0	0.781263
1934000	0.0000000000	0.0100000000	0.0100000000	100	100	0	0.801161
1935000	0.0000000000	0.0100000000	0.0100000000	100	100	0	0.810457
1936000	0.0000000000	0.0100000000	0.0100000000	100	100	0	0.831123
1937000	0.0000000000	0.0100000000	0.0100000000	100	100	0	0.849697
1938000	0.0000000000	0.0100000000	0.0100000000	100	100	0	0.888291
1939000	0.0000000000	0.0100000000	0.0100000000	100	100	0	0.875844
1940000	0.0000000000	0.0100000000	0.0100000000	100	100	0	0.874427
1941000	0.0000000000	0.0100000000	0.0100000000	100	100	0	0.900530
1942000	0.0000000000	0.0100000000	0.0100000000	100	100	0	0.889062
1943000	0.0000000000	0.0100000000	0.0100000000	100	100	0	0.899282
1944000	0.0000000000	0.0100000000	0.0100000000	100	100	0	0.904864
1945000	0.0000000000	0.0100000000	0.0100000000	100	100	0	0.864188
1946000	0.0000000000	0.0100000000	0.0100000000	100	100	0	0.869375
1947000	0.0000000000	0.0100000000	0.0100000000	100	100	0	0.851635
1948000	0.0000000000	0.0100000000	0.0100000000	100	100	0	0.852181
1949000	0.0000000000	0.0100000000	0.0100000000	100	100	0	0.818835
1950000	0.0000000000	0.0100000000	0.0100000000	100	100	0	0.843691
1951000	0.0000000000	0.0100000000	0.0100000000	100	100	0	0.843248
1952000	0.0000000000	0.0100000000	0.0100000000	100	100	0	0.858653
1953000	0.0000000000	0.0100000000	0.0100000000	100	100	0	0.888127
1954000	0.0000000000	0.0100000000	0.0100000000	100	100	0	0.870704
1955000	0.0000000000	0.0100000000	0.0100000000	100	100	0	0.892633
1956000	0.0000000000	0.0100000000	0.0100000000	100	100	0	0.880095
1957000	0.0000000000	0.0100000000	0.0100000000	100	100	0	0.869464
1958000	0.0000000000	0.0100000000	0.0100000000	100	100	0	0.843847
1959000	0.0000000000	0.0100000000	0.0100000000	100	100	0	0.807766
1960000	0.0000000000	0.0100000000	0.0100000000	100	100	0	0.791246
1961000	0.0000000000	0.0100000000	0.0100000000	100	100	0	0.808657
1962000	0.0000000000	0.0100000000	0.0100000000	100	100	0	0.818357
1963000	0.0000000000	0.0100000000	0.0100000000	100	100	0	0.828465
1964000	0.0000000000	0.0100000000	0.0100000000	100	100	0	0.823273
1965000	0.0000000000	0.0100000000	0.0100000000	100	100	0	0.822452
1966000	0.0000000000	0.0100000000	0.0100000000	100	100	0	0.809214
1967000	0.0000000000	0.0100000000	0.0100000000	100	100	0	0.806247
1968000	0.0000000000	0.0100000000	0.0100000000	100	100	0	0.816050
1969000	0.0000000000	0.0100000000	0.0100000000	100	100	0	0.830596
1970000	0.0000000000	0.0100000000	0.0100000000	100	100	0	0.813035
1971000	0.0000000000	0.0100000000	0.0100000000	100	100	0	0.846980
1972000	0.0000000000	0.0100000000	0.0100000000	100	100	0	0.848649
1973000	0.0000000000	0.0100000000	0.0100000000	100	100	0	0.893695
1974000	0.0000000000	0.0100000000	0.0100000000	100	100	0	0.863826
1975000	0.0000000000	0.0100000000	0.0100000000	100	100	0	0.855833
1976000	0.0000000000	0.0100000000	0.0100000000	100	100	0	0.850632
1977000	0.0000000000	0.0100000000	0.0100000000	100	100	0	0.862024
1978000	0.0000000000	0.0100000000	0.0100000000	100	100	0	0.807600
1979000	0.0000000000	0.0100000000	0.0100000000	100	100	0	0.816402
1980000	0.0000000000	0.0100000000	0.0100000000	100	100	0	0.829374
1981000	0.0000000000	0.0100000000	0.0100000000	100	100	0	0.819726
1982000	0.0000000000	0.0100000000	0.0100000000	100	100	0	0.802702
1983000	0.0000000000	0.0100000000	0.0100000000	100	100	0	0.820302
1984000	0.0000000000	0.0100000000	0.0100000000	100	100	0	0.832532
1985000	0.0000000000	0.0100000000	0.0100000000	100	100	0	0.820797
1986000	0.0000000000	0.0100000000	0.0100000000	100	100	0	0.834855
1987000	0.0000000000	0.0100000000	0.0100000000	100	100	0	0.829373
1988000	0.0000000000	0.0100000000	0.0100000000	100	100	0	0.814983
1989000	0.0000000000	0.0100000000	0.0100000000	100	100	0	0.829382
1990000	0.0000000000	0.0100000000	0.0100000000	100	100	0	0.806471
1991000	0.0000000000	0.0100000000	0.0100000000	100	100	0	0.817838
1992000	0.0000000000	0.0100000000	0.0100000000	100	100	0	0.803438
1993000	0.0000000000	0.0100000000	0.0100000000	100	100	0	0.804875
1994000	0.0000000000	0.0100000000	0.0100000000	100	100	0	0.771541
1995000	0.0000000000	0.0100000000	0.0100000000	100	100	0	0.768768
1996000	0.0000000000	0.0100000000	0.0100000000	100	100	0	0.798858
1997000	0.0000000000	0.0100000000	0.0100000000	100	100	0	0.822389
1998000	0.0000000000	0.0100000000	0.0100000000	100	100	0	0.859373
1999000	0.0000000000	0.0100000000	0.0100000000	100	100	0	0.855417
2000000	0.0000000000	0.0100000000	0.0100000000	100	100	0	0.851730
2001000	0.0000000000	0.0100000000	0.0100000000	100	100	0	0.850197
2002000	0.0000000000	0.0100000000	0.0100000000	100	100	0	0.852878
2003000	0.0000000000	0.0100000000	0.0100000000	100	100	0	0.840406
2004000	0.0000000000	0.0100000000	0.0100000000	100	100	0	0.837708
2005000	0.0000000000	0.0100000000	0.0100000000	100	100	0	0.849516
2006000	0.0000000000	0.0100000000	0.0100000000	100	100	0	0.873816
2007000	0.0000000000	0.0100000000	0.0100000000	100	100	0	0.861335
2008000	0.0000000000	0.0100000000	0.0100000000	100	100	0	0.859817
2009000	0.0000000000	0.0100000000	0.0100000000	100	100	0	0.852237
2010000	0.0000000000	0.0100000000	0.0100000000	100	100	0	0.818748
2011000	0.0000000000	0.0100000000	0.0100000000	100	100	0	0.800367
2012000	0.0000000000	0.0100000000	0.0100000000	100	100	0	0.778113
2013000	0.0000000000	0.0100000000	0.0100000000	100	100	0	0.782403
2014000	0.0000000000	0.0100000000	0.0100000000	100	100	0	0.807439
2015000	0.0000000000	0.0100000000	0.0100000000	100	100	0	0.816374
2016000	0.0000000000	0.0100000000	0.0100000000	100	100	0	0.796869
2017000	0.0000000000	0.0100000000	0.0100000000	100	100	0	0.802450
2018000	0.0000000000	0.0100000000	0.0100000000	100	100	0	0.794839
2019000	0.0000000000	0.0100000000	0.0100000000	100	100	0	0.775008
2020000	0.0000000000	0.0100000000	0.0100000000	100	100	0	0.765835
2021000	0.0000000000	0.0100000000	0.0100000000	100	100	0	0.767468
2022000	0.0000000000	0.0100000000	0.0100000000	100	100	0	0.752854
2023000	0.0000000000	0.0100000000	0.0100000000	100	100	0	0.768023
2024000	0.0000000000	0.0100000000	0.0100000000	100	100	0	0.790428
2025000	0.0000000000	0.0100000000	0.0100000000	100	100	0	0.772158
2026000	0.0000000000	0.0100000000	0.0100000000	100	100	0	0.772247
2027000	0.0000000000	0.0100000000	0.0100000000	100	100	0	0.812544
2028000	0.0000000000	0.0100000000	0.0100000000	100	100	0	0.796297
2029000	0.0000000000	0.0100000000	0.0100000000	100	100	0	0.783577
2030000	0.0000000000	0.0100000000	0.0100000000	100	100	0	0.778817
2031000	0.0000000000	0.0100000000	0.0100000000	100	100	0	0.770749
2032000	0.0000000000	0.0100000000	0.0100000000	100	100	0	0.796559
2033000	0.0000000000	0.0100000000	0.0100000000	100	100	0	0.801648
2034000	0.0000000000	0.0100000000	0.0100000000	100	100	0	0.804864
2035000	0.0000000000	0.0100000000	0.0100000000	100	100	0	0.817105
2036000	0.0000000000	0.0100000000	0.0100000000	100	100	0	0.791135
2037000	0.0000000000	0.0100000000	0.0100000000	100	100	0	0.786164
2038000	0.0000000000	0.0100000000	0.0100000000	100	100	0	0.781071
2039000	0.0000000000	0.0100000000	0.0100000000	100	100	0	0.761118
2040000	0.0000000000	0.0100000000	0.0100000000	100	100	0	0.831451
2041000	0.0000000000	0.0100000000	0.0100000000	100	100	0	0.814512
2042000	0.0000000000	0.0100000000	0.0100000000	100	100	0	0.825646
2043000	0.0000000000	0.0100000000	0.0100000000	100	100	0	0.855684
2044000	0.0000000000	0.0100000000	0.0100000000	100	100	0	0.871996
2045000	0.0000000000	0.0100000000	0.0100000000	100	100	0	0.871128
2046000	0.0000000000	0.0100000000	0.0100000000	100	100	0	0.884538
2047000	0.0000000000	0.0100000000	0.0100000000	100	100	0	0.864529
2048000	0.0000000000	0.0100000000	0.0100000000	100	100	0	0.865902
2049000	0.0000000000	0.0100000000	0.0100000000	100	100	0	0.869300
2050000	0.0000000000	0.0100000000	0.0100000000	100	100	0	0.885334
2051000	0.0000000000	0.0100000000	0.0100000000	100	100	0	0.877833
2052000	0.0000000000	0.0100000000	0.0100000000	100	100	0	0.857542
2053000	0.0000000000	0.0100000000	0.0100000000	100	100	0	0.841151
2054000	0.0000000000	0.0100000000	0.0100000000	100	100	0	0.826071
2055000	0.0000000000	0.0100000000	0.0100000000	100	100	0	0.823452
2056000	0.0000000000	0.0100000000	0.0100000000	100	100	0	0.811668
2057000	0.0000000000	0.0100000000	0.0100000000	100	100	0	0.846395
2058000	0.0000000000	0.0100000000	0.0100000000	100	100	0	0.825921
2059000	0.0000000000	0.0100000000	0.0100000000	100	100	0	0.834444
2060000	0.0000000000	0.0100000000	0.0100000000	100	100	0	0.811279
2061000	0.0000000000	0.0100000000	0.0100000000	100	100	0	0.842830
2062000	0.0000000000	0.0100000000	0.0100000000	100	100	0	0.864201
2063000	0.0000000000	0.0100000000	0.0100000000	100	100	0	0.839136
2064000	0.0000000000	0.0100000000	0.0100000000	100	100	0	0.844548
2065000	0.0000000000	0.0100000000	0.0100000000	100	100	0	0.834057
2066000	0.0000000000	0.0100000000	0.0100000000	100	100	0	0.838814
2067000	0.0000000000	0.0100000000	0.0100000000	100	100	0	0.845986
2068000	0.0000000000	0.0100000000	0.0100000000	100	100	0	0.834889
2069000	0.0000000000	0.0100000000	0.0100000000	100	100	0	0.822703
2070000	0.0000000000	0.0100000000	0.0100000000	100	100	0	0.845454
2071000	0.0000000000	0.0100000000	0.0100000000	100	100	0	0.859083
2072000	0.0000000000	0.0100000000	0.0100000000	100	100	0	0.856255
2073000	0.0000000000	0.0100000000	0.0100000000	100	100	0	0.836066
2074000	0.0000000000	0.0100000000	0.0100000000	100	100	0	0.857114
2075000	0.0000000000	0.0100000000	0.0100000000	100	100	0	0.883921
2076000	0.0000000000	0.0100000000	0.0100000000	100	100	0	0.894591
2077000	0.0000000000	0.0100000000	0.0100000000	100	100	0	0.862891
2078000	0.0000000000	0.0100000000	0.0100000000	100	100	0	0.890072
2079000	0.0000000000	0.0100000000	0.0100000000	100	100	0	0.873030
2080000	0.0000000000	0.0100000000	0.0100000000	100	100	0	0.863844
2081000	0.0000000000	0.0100000000	0.0100000000	100	100	0	0.819976
2082000	0.0000000000	0.0100000000	0.0100000000	100	100	0	0.868320
2083000	0.0000000000	0.0100000000	0.0100000000	100	100	0	0.846225
2084000	0.0000000000	0.0100000000	0.0100000000	100	100	0	0.848345
2085000	0.0000000000	0.0100000000	0.0100000000	100	100	0	0.826224
2086000	0.0000000000	0.0100000000	0.0100000000	100	100	0	0.808979
2087000	0.0000000000	0.0100000000	0.0100000000	100	100	0	0.840895
2088000	0.0000000000	0.0100000000	0.0100000000	100	100	0	0.857629
2089000	0.0000000000	0.0100000000	0.0100000000	100	100	0	0.821225
2090000	0.0000000000	0.0100000000	0.0100000000	100	100	0	0.833109
2091000	0.0000000000	0.0100000000	0.0100000000	100	100	0	0.826983
2092000	0.0000000000	0.0100000000	0.0100000000	100	100	0	0.865644
2093000	0.0000000000	0.0100000000	0.0100000000	100	100	0	0.857477
2094000	0.0000000000	0.0100000000	0.0100000000	100	100	0	0.883587
2095000	0.0000000000	0.0100000000	0.0100000000	100	100	0	0.899914
2096000	0.0000000000	0.0100000000	0.0100000000	100	100	0	0.876349
2097000	0.0000000000	0.0100000000	0.0100000000	100	100	0	0.882515
2098000	0.0000000000	0.0100000000	0.0100000000	100	100	0	0.863582
2099000	0.0000000000	0.0100000000	0.0100000000	100	100	0	0.831707
2100000	0.0000000000	0.0100000000	0.0100000000	100	100	0	0.858658
2101000	0.0000000000	0.0100000000	0.0100000000	100	100	0	0.842667
2102000	0.0000000000	0.0100000000	0.0100000000	100	100	0	0.837371
2103000	0.0000000000	0.0100000000	0.0100000000	100	100	0	0.818033
2104000	0.0000000000	0.0100000000	0.0100000000	100	100	0	0.835953
2105000	0.0000000000	0.0100000000	0.0100000000	100	100	0	0.831780
2106000	0.0000000000	0.0100000000	0.0100000000	100	100	0	0.820436
2107000	0.0000000000	0.0100000000	0.0100000000	100	100	0	0.834055
2108000	0.0000000000	0.0100000000	0.0100000000	100	100	0	0.835191
2109000	0.0000000000	0.0100000000	0.0100000000	100	100	0	0.858057
2110000	0.0000000000	0.0100000000	0.0100000000	100	100	0	0.833614
2111000	0.0000000000	0.0100000000	0.0100000000	100	100	0	0.877515
2112000	0.0000000000	0.0100000000	0.0100000000	100	100	0	0.867991
2113000	0.0000000000	0.0100000000	0.0100000000	100	100	0	0.851805
2114000	0.0000000000	0.0100000000	0.0100000000	100	100	0	0.853439
2115000	0.0000000000	0.0100000000	0.0100000000	100	100	0	0.856356
2116000	0.0000000000	0.0100000000	0.0100000000	100	100	0	0.855064
2117000	0.0000000000	0.0100000000	0.0100000000	100	100	0	0.856170
2118000	0.0000000000	0.0100000000	0.0100000000	100	100	0	0.877010
2119000	0.0000000000	0.0100000000	0.0100000000	100	100	0	0.839741
2120000	0.0000000000	0.0100000000	0.0100000000	100	100	0	0.822278
2121000	0.0000000000	0.0100000000	0.0100000000	100	100	0	0.828245
2122000	0.0000000000	0.0100000000	0.0100000000	100	100	0	0.796551
2123000	0.0000000000	0.0100000000	0.0100000000	100	100	0	0.813926
2124000	0.0000000000	0.0100000000	0.0100000000	100	100	0	0.808656
2125000	0.0000000000	0.0100000000	0.0100000000	100	100	0	0.788381
2126000	0.0000000000	0.0100000000	0.0100000000	100	100	0	0.798129
2127000	0.0000000000	0.0100000000	0.0100000000	100	100	0	0.850618
2128000	0.0000000000	0.0100000000	0.0100000000	100	100	0	0.871082
2129000	0.0000000000	0.0100000000	0.0100000000	100	100	0	0.876271
2130000	0.0000000000	0.0100000000	0.0100000000	100	100	0	0.827234
2131000	0.0000000000	0.0100000000	0.0100000000	100	100	0	0.799763
2132000	0.0000000000	0.0100000000	0.0100000000	100	100	0	0.834293
2133000	0.0000000000	0.0100000000	0.0100000000	100	100	0	0.826766
2134000	0.0000000000	0.0100000000	0.0100000000	100	100	0	0.825750
2135000	0.0000000000	0.0100000000	0.0100000000	100	100	0	0.833443
2136000	0.0000000000	0.0100000000	0.0100000000	100	100	0	0.816218
2137000	0.0000000000	0.0100000000	0.0100000000	100	100	0	0.855845
2138000	0.0000000000	0.0100000000	0.0100000000	100	100	0	0.861586
2139000	0.0000000000	0.0100000000	0.0100000000	100	100	0	0.854372
2140000	0.0000000000	0.0100000000	0.0100000000	100	100	0	0.881890
2141000	0.0000000000	0.0100000000	0.0100000000	100	100	0	0.893077
2142000	0.0000000000	0.0100000000	0.0100000000	100	100	0	0.910115
2143000	0.0000000000	0.0100000000	0.0100000000	100	100	0	0.906762
2144000	0.0000000000	0.0100000000	0.0100000000	100	100	0	0.905849
2145000	0.0000000000	0.0100000000	0.0100000000	100	100	0	0.900517
2146000	0.0000000000	0.0100000000	0.0100000000	100	100	0	0.842583
2147000	0.0000000000	0.0100000000	0.0100000000	100	100	0	0.816219
2148000	0.0000000000	0.0100000000	0.0100000000	100	100	0	0.822535
2149000	0.0000000000	0.0100000000	0.0100000000	100	100	0	0.794377
2150000	0.0000000000	0.0100000000	0.0100000000	100	100	0	0.794394
2151000	0.0000000000	0.0100000000	0.0100000000	100	100	0	0.796211
2152000	0.0000000000	0.0100000000	0.0100000000	100	100	0	0.794837
2153000	0.0000000000	0.0100000000	0.0100000000	100	100	0	0.791213
2154000	0.0000000000	0.0100000000	0.0100000000	100	100	0	0.756657
2155000	0.0000000000	0.0100000000	0.0100000000	100	100	0	0.763158
2156000	0.0000000000	0.0100000000	0.0100000000	100	100	0	0.744326
2157000	0.0000000000	0.0100000000	0.0100000000	100	100	0	0.743058
2158000	0.0000000000	0.0100000000	0.0100000000	100	100	0	0.767994
2159000	0.0000000000	0.0100000000	0.0100000000	100	100	0	0.771157
2160000	0.0000000000	0.0100000000	0.0100000000	100	100	0	0.794417
2161000	0.0000000000	0.0100000000	0.0100000000	100	100	0	0.834442
2162000	0.0000000000	0.0100000000	0.0100000000	100	100	0	0.847273
2163000	0.0000000000	0.0100000000	0.0100000000	100	100	0	0.865648
2164000	0.0000000000	0.0100000000	0.0100000000	100	100	0	0.868147
2165000	0.0000000000	0.0100000000	0.0100000000	100	100	0	0.834110
2166000	0.0000000000	0.0100000000	0.0100000000	100	100	0	0.822438
2167000	0.0000000000	0.0100000000	0.0100000000	100	100	0	0.823361
2168000	0.0000000000	0.0100000000	0.0100000000	100	100	0	0.815718
2169000	0.0000000000	0.0100000000	0.0100000000	100	100	0	0.813930
2170000	0.0000000000	0.0100000000	0.0100000000	100	100	0	0.839887
2171000	0.0000000000	0.0100000000	0.0100000000	100	100	0	0.875317
2172000	0.0000000000	0.0100000000	0.0100000000	100	100	0	0.876349
2173000	0.0000000000	0.0100000000	0.0100000000	100	100	0	0.898870
2174000	0.0000000000	0.0100000000	0.0100000000	100	100	0	0.884015
2175000	0.0000000000	0.0100000000	0.0100000000	100	100	0	0.856701
2176000	0.0000000000	0.0100000000	0.0100000000	100	100	0	0.860194
2177000	0.0000000000	0.0100000000	0.0100000000	100	100	0	0.850892
2178000	0.0000000000	0.0100000000	0.0100000000	100	100	0	0.861083
2179000	0.0000000000	0.0100000000	0.0100000000	100	100	0	0.876807
2180000	0.0000000000	0.0100000000	0.0100000000	100	100	0	0.859510
2181000	0.0000000000	0.0100000000	0.0100000000	100	100	0	0.854978
2182000	0.0000000000	0.0100000000	0.0100000000	100	100	0	0.893609
2183000	0.0000000000	0.0100000000	0.0100000000	100	100	0	0.877396
2184000	0.0000000000	0.0100000000	0.0100000000	100	100	0	0.847488
2185000	0.0000000000	0.0100000000	0.0100000000	100	100	0	0.866679
2186000	0.0000000000	0.0100000000	0.0100000000	100	100	0	0.850363
2187000	0.0000000000	0.0100000000	0.0100000000	100	100	0	0.823406
2188000	0.0000000000	0.0100000000	0.0100000000	100	100	0	0.833629
2189000	0.0000000000	0.0100000000	0.0100000000	100	100	0	0.833775
2190000	0.0000000000	0.0100000000	0.0100000000	100	100	0	0.807213
2191000	0.0000000000	0.0100000000	0.0100000000	100	100	0	0.840729
2192000	0.0000000000	0.0100000000	0.0100000000	100	100	0	0.818261
2193000	0.0000000000	0.0100000000	0.0100000000	100	100	0	0.826475
2194000	0.0000000000	0.0100000000	0.0100000000	100	100	0	0.826713
2195000	0.0000000000	0.0100000000	0.0100000000	100	100	0	0.811276
2196000	0.0000000000	0.0100000000	0.0100000000	100	100	0	0.793595
2197000	0.0000000000	0.0100000000	0.0100000000	100	100	0	0.788311
2198000	0.0000000000	0.0100000000	0.0100000000	100	100	0	0.793523
2199000	0.0000000000	0.0100000000	0.0100000000	100	100	0	0.795236
2200000	0.0000000000	0.0100000000	0.0100000000	100	100	0	0.819501
2201000	0.0000000000	0.0100000000	0.0100000000	100	100	0	0.815733
2202000	0.0000000000	0.0100000000	0.0100000000	100	100	0	0.787747
2203000	0.0000000000	0.0100000000	0.0100000000	100	100	0	0.811325
2204000	0.0000000000	0.0100000000	0.0100000000	100	100	0	0.814355
2205000	0.0000000000	0.0100000000	0.0100000000	100	100	0	0.803741
2206000	0.0000000000	0.0100000000	0.0100000000	100	100	0	0.815983
2207000	0.0000000000	0.0100000000	0.0100000000	100	100	0	0.816694
2208000	0.0000000000	0.0100000000	0.0100000000	100	100	0	0.805192
2209000	0.0000000000	0.0100000000	0.0100000000	100	100	0	0.825732
2210000	0.0000000000	0.0100000000	0.0100000000	100	100	0	0.801498
2211000	0.0000000000	0.0100000000	0.0100000000	100	100	0	0.814470
2212000	0.0000000000	0.0100000000	0.0100000000	100	100	0	0.812654
2213000	0.0000000000	0.0100000000	0.0100000000	100	100	0	0.827480
2214000	0.0000000000	0.0100000000	0.0100000000	100	100	0	0.822624
2215000	0.0000000000	0.0100000000	0.0100000000	100	100	0	0.815343
2216000	0.0000000000	0.0100000000	0.0100000000	100	100	0	0.793918
2217000	0.0000000000	0.0100000000	0.0100000000	100	100	0	0.795739
2218000	0.0000000000	0.0100000000	0.0100000000	100	100	0	0.820134
2219000	0.0000000000	0.0100000000	0.0100000000	100	100	0	0.828154
2220000	0.0000000000	0.0100000000	0.0100000000	100	100	0	0.790665
2221000	0.0000000000	0.0100000000	0.0100000000	100	100	0	0.801244
2222000	0.0000000000	0.0100000000	0.0100000000	100	100	0	0.800686
2223000	0.0000000000	0.0100000000	0.0100000000	100	100	0	0.786111
2224000	0.0000000000	0.0100000000	0.0100000000	100	100	0	0.787824
2225000	0.0000000000	0.0100000000	0.0100000000	100	100	0	0.818406
2226000	0.0000000000	0.0100000000	0.0100000000	100	100	0	0.825727
2227000	0.0000000000	0.0100000000	0.0100000000	100	100	0	0.862618
2228000	0.0000000000	0.0100000000	0.0100000000	100	100	0	0.871941
2229000	0.0000000000	0.0100000000	0.0100000000	100	100	0	0.876613
2230000	0.0000000000	0.0100000000	0.0100000000	100	100	0	0.853527
2231000	0.0000000000	0.0100000000	0.0100000000	100	100	0	0.834763
2232000	0.0000000000	0.0100000000	0.0100000000	100	100	0	0.833277
2233000	0.0000000000	0.0100000000	0.0100000000	100	100	0	0.823915
2234000	0.0000000000	0.0100000000	0.0100000000	100	100	0	0.831925
2235000	0.0000000000	0.0100000000	0.0100000000	100	100	0	0.841430
2236000	0.0000000000	0.0100000000	0.0100000000	100	100	0	0.845650
2237000	0.0000000000	0.0100000000	0.0100000000	100	100	0	0.866423
2238000	0.0000000000	0.0100000000	0.0100000000	100	100	0	0.886246
2239000	0.0000000000	0.0100000000	0.0100000000	100	100	0	0.882508
2240000	0.0000000000	0.0100000000	0.0100000000	100	100	0	0.844437
2241000	0.0000000000	0.0100000000	0.0100000000	100	100	0	0.832963
2242000	0.0000000000	0.0100000000	0.0100000000	100	100	0	0.818919
2243000	0.0000000000	0.0100000000	0.0100000000	100	100	0	0.800127
2244000	0.0000000000	0.0100000000	0.0100000000	100	100	0	0.821871
2245000	0.0000000000	0.0100000000	0.0100000000	100	100	0	0.818170
2246000	0.0000000000	0.0100000000	0.0100000000	100	100	0	0.821861
2247000	0.0000000000	0.0100000000	0.0100000000	100	100	0	0.823014
2248000	0.0000000000	0.0100000000	0.0100000000	100	100	0	0.833377
2249000	0.0000000000	0.0100000000	0.0100000000	100	100	0	0.830272
2250000	0.0000000000	0.0100000000	0.0100000000	100	100	0	0.825067
2251000	0.0000000000	0.0100000000	0.0100000000	100	100	0	0.859984
2252000	0.0000000000	0.0100000000	0.0100000000	100	100	0	0.857066
2253000	0.0000000000	0.0100000000	0.0100000000	100	100	0	0.866763
2254000	0.0000000000	0.0100000000	0.0100000000	100	100	0	0.867726
2255000	0.0000000000	0.0100000000	0.0100000000	100	100	0	0.850046
2256000	0.0000000000	0.0100000000	0.0100000000	100	100	0	0.832951
2257000	0.0000000000	0.0100000000	0.0100000000	100	100	0	0.851982
2258000	0.0000000000	0.0100000000	0.0100000000	100	100	0	0.853869
2259000	0.0000000000	0.0100000000	0.0100000000	100	100	0	0.840263
2260000	0.0000000000	0.0100000000	0.0100000000	100	100	0	0.835692
2261000	0.0000000000	0.0100000000	0.0100000000	100	100	0	0.855027
2262000	0.0000000000	0.0100000000	0.0100000000	100	100	0	0.829890
2263000	0.0000000000	0.0100000000	0.0100000000	100	100	0	0.827130
2264000	0.0000000000	0.0100000000	0.0100000000	100	100	0	0.830123
2265000	0.0000000000	0.0100000000	0.0100000000	100	100	0	0.880480
2266000	0.0000000000	0.0100000000	0.0100000000	100	100	0	0.864875
2267000	0.0000000000	0.0100000000	0.0100000000	100	100	0	0.838816
2268000	0.0000000000	0.0100000000	0.0100000000	100	100	0	0.858915
2269000	0.0000000000	0.0100000000	0.0100000000	100	100	0	0.862888
2270000	0.0000000000	0.0100000000	0.0100000000	100	100	0	0.837202
2271000	0.0000000000	0.0100000000	0.0100000000	100	100	0	0.817778
2272000	0.0000000000	0.0100000000	0.0100000000	100	100	0	0.826597
2273000	0.0000000000	0.0100000000	0.0100000000	100	100	0	0.850704
2274000	0.0000000000	0.0100000000	0.0100000000	100	100	0	0.859767
2275000	0.0000000000	0.0100000000	0.0100000000	100	100	0	0.841908
2276000	0.0000000000	0.0100000000	0.0100000000	100	100	0	0.826796
2277000	0.0000000000	0.0100000000	0.0100000000	100	100	0	0.816613
2278000	0.0000000000	0.0100000000	0.0100000000	100	100	0	0.830956
2279000	0.0000000000	0.0100000000	0.0100000000	100	100	0	0.850536
2280000	0.0000000000	0.0100000000	0.0100000000	100	100	0	0.840423
2281000	0.0000000000	0.0100000000	0.0100000000	100	100	0	0.876179
2282000	0.0000000000	0.0100000000	0.0100000000	100	100	0	0.872774
2283000	0.0000000000	0.0100000000	0.0100000000	100	100	0	0.857886
2284000	0.0000000000	0.0100000000	0.0100000000	100	100	0	0.864826
2285000	0.0000000000	0.0100000000	0.0100000000	100	100	0	0.847566
2286000	0.0000000000	0.0100000000	0.0100000000	100	100	0	0.838486
2287000	0.0000000000	0.0100000000	0.0100000000	100	100	0	0.816891
2288000	0.0000000000	0.0100000000	0.0100000000	100	100	0	0.833380
2289000	0.0000000000	0.0100000000	0.0100000000	100	100	0	0.862360
2290000	0.0000000000	0.0100000000	0.0100000000	100	100	0	0.865922
2291000	0.0000000000	0.0100000000	0.0100000000	100	100	0	0.861361
2292000	0.0000000000	0.0100000000	0.0100000000	100	100	0	0.876899
2293000	0.0000000000	0.0100000000	0.0100000000	100	100	0	0.885606
2294000	0.0000000000	0.0100000000	0.0100000000	100	100	0	0.891752
2295000	0.0000000000	0.0100000000	0.0100000000	100	100	0	0.884892
2296000	0.0000000000	0.0100000000	0.0100000000	100	100	0	0.881654
2297000	0.0000000000	0.0100000000	0.0100000000	100	100	0	0.844484
2298000	0.0000000000	0.0100000000	0.0100000000	100	100	0	0.830889
2299000	0.0000000000	0.0100000000	0.0100000000	100	100	0	0.821132
2300000	0.0000000000	0.0100000000	0.0100000000	100	100	0	0.815067
2301000	0.0000000000	0.0100000000	0.0100000000	100	100	0	0.784677
2302000	0.0000000000	0.0100000000	0.0100000000	100	100	0	0.789501
2303000	0.0000000000	0.0100000000	0.0100000000	100	100	0	0.794004
2304000	0.0000000000	0.0100000000	0.0100000000	100	100	0	0.786237
2305000	0.0000000000	0.0100000000	0.0100000000	100	100	0	0.788209
2306000	0.0000000000	0.0100000000	0.0100000000	100	100	0	0.810587
2307000	0.0000000000	0.0100000000	0.0100000000	100	100	0	0.798695
2308000	0.0000000000	0.0100000000	0.0100000000	100	100	0	0.816206
2309000	0.0000000000	0.0100000000	0.0100000000	100	100	0	0.815968
2310000	0.0000000000	0.0100000000	0.0100000000	100	100	0	0.850285
2311000	0.0000000000	0.0100000000	0.0100000000	100	100	0	0.849035
2312000	0.0000000000	0.0100000000	0.0100000000	100	100	0	0.832278
2313000	0.0000000000	0.0100000000	0.0100000000	100	100	0	0.846657
2314000	0.0000000000	0.0100000000	0.0100000000	100	100	0	0.861203
2315000	0.0000000000	0.0100000000	0.0100000000	100	100	0	0.862135
2316000	0.0000000000	0.0100000000	0.0100000000	100	100	0	0.874097
2317000	0.0000000000	0.0100000000	0.0100000000	100	100	0	0.880303
2318000	0.0000000000	0.0100000000	0.0100000000	100	100	0	0.875253
2319000	0.0000000000	0.0100000000	0.0100000000	100	100	0	0.839142
2320000	0.0000000000	0.0100000000	0.0100000000	100	100	0	0.842993
2321000	0.0000000000	0.0100000000	0.0100000000	100	100	0	0.838067
2322000	0.0000000000	0.0100000000	0.0100000000	100	100	0	0.858829
2323000	0.0000000000	0.0100000000	0.0100000000	100	100	0	0.852453
2324000	0.0000000000	0.0100000000	0.0100000000	100	100	0	0.844542
2325000	0.0000000000	0.0100000000	0.0100000000	100	100	0	0.867889
2326000	0.0000000000	0.0100000000	0.0100000000	100	100	0	0.852151
2327000	0.0000000000	0.0100000000	0.0100000000	100	100	0	0.845801
2328000	0.0000000000	0.0100000000	0.0100000000	100	100	0	0.824080
2329000	0.0000000000	0.0100000000	0.0100000000	100	100	0	0.787842
2330000	0.0000000000	0.0100000000	0.0100000000	100	100	0	0.831784
2331000	0.0000000000	0.0100000000	0.0100000000	100	100	0	0.820245
2332000	0.0000000000	0.0100000000	0.0100000000	100	100	0	0.835104
2333000	0.0000000000	0.0100000000	0.0100000000	100	100	0	0.837945
2334000	0.0000000000	0.0100000000	0.0100000000	100	100	0	0.840158
2335000	0.0000000000	0.0100000000	0.0100000000	100	100	0	0.847749
2336000	0.0000000000	0.0100000000	0.0100000000	100	100	0	0.853858
2337000	0.0000000000	0.0100000000	0.0100000000	100	100	0	0.827711
2338000	0.0000000000	0.0100000000	0.0100000000	100	100	0	0.851214
2339000	0.0000000000	0.0100000000	0.0100000000	100	100	0	0.838546
2340000	0.0000000000	0.0100000000	0.0100000000	100	100	0	0.845544
2341000	0.0000000000	0.0100000000	0.0100000000	100	100	0	0.859339
2342000	0.0000000000	0.0100000000	0.0100000000	100	100	0	0.860024
2343000	0.0000000000	0.0100000000	0.0100000000	100	100	0	0.857885
2344000	0.0000000000	0.0100000000	0.0100000000	100	100	0	0.842923
2345000	0.0000000000	0.0100000000	0.0100000000	100	100	0	0.866434
2346000	0.0000000000	0.0100000000	0.0100000000	100	100	0	0.844435
2347000	0.0000000000	0.0100000000	0.0100000000	100	100	0	0.843081
2348000	0.0000000000	0.0100000000	0.0100000000	100	100	0	0.849023
2349000	0.0000000000	0.0100000000	0.0100000000	100	100	0	0.825504
2350000	0.0000000000	0.0100000000	0.0100000000	100	100	0	0.810715
2351000	0.0000000000	0.0100000000	0.0100000000	100	100	0	0.813126
2352000	0.0000000000	0.0100000000	0.0100000000	100	100	0	0.821036
2353000	0.0000000000	0.0100000000	0.0100000000	100	100	0	0.842422
2354000	0.0000000000	0.0100000000	0.0100000000	100	100	0	0.845293
2355000	0.0000000000	0.0100000000	0.0100000000	100	100	0	0.860884
2356000	0.0000000000	0.0100000000	0.0100000000	100	100	0	0.882429
2357000	0.0000000000	0.0100000000	0.0100000000	100	100	0	0.855146
2358000	0.0000000000	0.0100000000	0.0100000000	100	100	0	0.839489
2359000	0.0000000000	0.0100000000	0.0100000000	100	100	0	0.868960
2360000	0.0000000000	0.0100000000	0.0100000000	100	100	0	0.866769
2361000	0.0000000000	0.0100000000	0.0100000000	100	100	0	0.888772
2362000	0.0000000000	0.0100000000	0.0100000000	100	100	0	0.839831
2363000	0.0000000000	0.0100000000	0.0100000000	100	100	0	0.853017
2364000	0.0000000000	0.0100000000	0.0100000000	100	100	0	0.857548
2365000	0.0000000000	0.0100000000	0.0100000000	100	100	0	0.852150
2366000	0.0000000000	0.0100000000	0.0100000000	100	100	0	0.830950
2367000	0.0000000000	0.0100000000	0.0100000000	100	100	0	0.821818
2368000	0.0000000000	0.0100000000	0.0100000000	100	100	0	0.859881
2369000	0.0000000000	0.0100000000	0.0100000000	100	100	0	0.878568
2370000	0.0000000000	0.0100000000	0.0100000000	100	100	0	0.863313
2371000	0.0000000000	0.0100000000	0.0100000000	100	100	0	0.841852
2372000	0.0000000000	0.0100000000	0.0100000000	100	100	0	0.833030
2373000	0.0000000000	0.0100000000	0.0100000000	100	100	0	0.817674
2374000	0.0000000000	0.0100000000	0.0100000000	100	100	0	0.798265
2375000	0.0000000000	0.0100000000	0.0100000000	100	100	0	0.823333
2376000	0.0000000000	0.0100000000	0.0100000000	100	100	0	0.858483
2377000	0.0000000000	0.0100000000	0.0100000000	100	100	0	0.821055
2378000	0.0000000000	0.0100000000	0.0100000000	100	100	0	0.839132
2379000	0.0000000000	0.0100000000	0.0100000000	100	100	0	0.847994
2380000	0.0000000000	0.0100000000	0.0100000000	100	100	0	0.854715
2381000	0.0000000000	0.0100000000	0.0100000000	100	100	0	0.847234
2382000	0.0000000000	0.0100000000	0.0100000000	100	100	0	0.857886
2383000	0.0000000000	0.0100000000	0.0100000000	100	100	0	0.856538
2384000	0.0000000000	0.0100000000	0.0100000000	100	100	0	0.846566
2385000	0.0000000000	0.0100000000	0.0100000000	100	100	0	0.866418
2386000	0.0000000000	0.0100000000	0.0100000000	100	100	0	0.850390
2387000	0.0000000000	0.0100000000	0.0100000000	100	100	0	0.857454
2388000	0.0000000000	0.0100000000	0.0100000000	100	100	0	0.864663
2389000	0.0000000000	0.0100000000	0.0100000000	100	100	0	0.867382
2390000	0.0000000000	0.0100000000	0.0100000000	100	100	0	0.868668
2391000	0.0000000000	0.0100000000	0.0100000000	100	100	0	0.846788
2392000	0.0000000000	0.0100000000	0.0100000000	100	100	0	0.895758
2393000	0.0000000000	0.0100000000	0.0100000000	100	100	0	0.877493
2394000	0.0000000000	0.0100000000	0.0100000000	100	100	0	0.869372
2395000	0.0000000000	0.0100000000	0.0100000000	100	100	0	0.851739
2396000	0.0000000000	0.0100000000	0.0100000000	100	100	0	0.859970
2397000	0.0000000000	0.0100000000	0.0100000000	100	100	0	0.825807
2398000	0.0000000000	0.0100000000	0.0100000000	100	100	0	0.818568
2399000	0.0000000000	0.0100000000	0.0100000000	100	100	0	0.802303
2400000	0.0000000000	0.0100000000	0.0100000000	100	100	0	0.803345
2401000	0.0000000000	0.0100000000	0.0100000000	100	100	0	0.823764
2402000	0.0000000000	0.0100000000	0.0100000000	100	100	0	0.825486
2403000	0.0000000000	0.0100000000	0.0100000000	100	100	0	0.822457
2404000	0.0000000000	0.0100000000	0.0100000000	100	100	0	0.861069
2405000	0.0000000000	0.0100000000	0.0100000000	100	100	0	0.864794
2406000	0.0000000000	0.0100000000	0.0100000000	100	100	0	0.869911
2407000	0.0000000000	0.0100000000	0.0100000000	100	100	0	0.872870
2408000	0.0000000000	0.0100000000	0.0100000000	100	100	0	0.875212
2409000	0.0000000000	0.0100000000	0.0100000000	100	100	0	0.894854
2410000	0.0000000000	0.0100000000	0.0100000000	100	100	0	0.884546
2411000	0.0000000000	0.0100000000	0.0100000000	100	100	0	0.892277
2412000	0.0000000000	0.0100000000	0.0100000000	100	100	0	0.839888
2413000	0.0000000000	0.0100000000	0.0100000000	100	100	0	0.816810
2414000	0.0000000000	0.0100000000	0.0100000000	100	100	0	0.809163
2415000	0.0000000000	0.0100000000	0.0100000000	100	100	0	0.817680
2416000	0.0000000000	0.0100000000	0.0100000000	100	100	0	0.835104
2417000	0.0000000000	0.0100000000	0.0100000000	100	100	0	0.823523
2418000	0.0000000000	0.0100000000	0.0100000000	100	100	0	0.834522
2419000	0.0000000000	0.0100000000	0.0100000000	100	100	0	0.849685
2420000	0.0000000000	0.0100000000	0.0100000000	100	100	0	0.834902
2421000	0.0000000000	0.0100000000	0.0100000000	100	100	0	0.829208
2422000	0.0000000000	0.0100000000	0.0100000000	100	100	0	0.862443
2423000	0.0000000000	0.0100000000	0.0100000000	100	100	0	0.867293
2424000	0.0000000000	0.0100000000	0.0100000000	100	100	0	0.866721
2425000	0.0000000000	0.0100000000	0.0100000000	100	100	0	0.883040
2426000	0.0000000000	0.0100000000	0.0100000000	100	100	0	0.892627
2427000	0.0000000000	0.0100000000	0.0100000000	100	100	0	0.856857
2428000	0.0000000000	0.0100000000	0.0100000000	100	100	0	0.845822
2429000	0.0000000000	0.0100000000	0.0100000000	100	100	0	0.835814
2430000	0.0000000000	0.0100000000	0.0100000000	100	100	0	0.864002
2431000	0.0000000000	0.0100000000	0.0100000000	100	100	0	0.843397
2432000	0.0000000000	0.0100000000	0.0100000000	100	100	0	0.843246
2433000	0.0000000000	0.0100000000	0.0100000000	100	100	0	0.831199
2434000	0.0000000000	0.0100000000	0.0100000000	100	100	0	0.830294
2435000	0.0000000000	0.0100000000	0.0100000000	100	100	0	0.834533
2436000	0.0000000000	0.0100000000	0.0100000000	100	100	0	0.841905
2437000	0.0000000000	0.0100000000	0.0100000000	100	100	0	0.854895
2438000	0.0000000000	0.0100000000	0.0100000000	100	100	0	0.853829
2439000	0.0000000000	0.0100000000	0.0100000000	100	100	0	0.840486
2440000	0.0000000000	0.0100000000	0.0100000000	100	100	0	0.838061
2441000	0.0000000000	0.0100000000	0.0100000000	100	100	0	0.846639
2442000	0.0000000000	0.0100000000	0.0100000000	100	100	0	0.845305
2443000	0.0000000000	0.0100000000	0.0100000000	100	100	0	0.823259
2444000	0.0000000000	0.0100000000	0.0100000000	100	100	0	0.843343
2445000	0.0000000000	0.0100000000	0.0100000000	100	100	0	0.842741
2446000	0.0000000000	0.0100000000	0.0100000000	100	100	0	0.844800
2447000	0.0000000000	0.0100000000	0.0100000000	100	100	0	0.845298
2448000	0.0000000000	0.0100000000	0.0100000000	100	100	0	0.848076
2449000	0.0000000000	0.0100000000	0.0100000000	100	100	0	0.835460
2450000	0.0000000000	0.0100000000	0.0100000000	100	100	0	0.839217
2451000	0.0000000000	0.0100000000	0.0100000000	100	100	0	0.832782
2452000	0.0000000000	0.0100000000	0.0100000000	100	100	0	0.830546
2453000	0.0000000000	0.0100000000	0.0100000000	100	100	0	0.839228
2454000	0.0000000000	0.0100000000	0.0100000000	100	100	0	0.826315
2455000	0.0000000000	0.0100000000	0.0100000000	100	100	0	0.826648
2456000	0.0000000000	0.0100000000	0.0100000000	100	100	0	0.849264
2457000	0.0000000000	0.0100000000	0.0100000000	100	100	0	0.836643
2458000	0.0000000000	0.0100000000	0.0100000000	100	100	0	0.845326
2459000	0.0000000000	0.0100000000	0.0100000000	100	100	0	0.830622
2460000	0.0000000000	0.0100000000	0.0100000000	100	100	0	0.846389
2461000	0.0000000000	0.0100000000	0.0100000000	100	100	0	0.832718
2462000	0.0000000000	0.0100000000	0.0100000000	100	100	0	0.832701
2463000	0.0000000000	0.0100000000	0.0100000000	100	100	0	0.847838
2464000	0.0000000000	0.0100000000	0.0100000000	100	100	0	0.834027
2465000	0.0000000000	0.0100000000	0.0100000000	100	100	0	0.825314
2466000	0.0000000000	0.0100000000	0.0100000000	100	100	0	0.845645
2467000	0.0000000000	0.0100000000	0.0100000000	100	100	0	0.863217
2468000	0.0000000000	0.0100000000	0.0100000000	100	100	0	0.875302
2469000	0.0000000000	0.0100000000	0.0100000000	100	100	0	0.880231
2470000	0.0000000000	0.0100000000	0.0100000000	100	100	0	0.869310
2471000	0.0000000000	0.0100000000	0.0100000000	100	100	0	0.886680
2472000	0.0000000000	0.0100000000	0.0100000000	100	100	0	0.868508
2473000	0.0000000000	0.0100000000	0.0100000000	100	100	0	0.866029
2474000	0.0000000000	0.0100000000	0.0100000000	100	100	0	0.880660
2475000	0.0000000000	0.0100000000	0.0100000000	100	100	0	0.886341
2476000	0.0000000000	0.0100000000	0.0100000000	100	100	0	0.868605
2477000	0.0000000000	0.0100000000	0.0100000000	100	100	0	0.859626
2478000	0.0000000000	0.0100000000	0.0100000000	100	100	0	0.845386
2479000	0.0000000000	0.0100000000	0.0100000000	100	100	0	0.859425
2480000	0.0000000000	0.0100000000	0.0100000000	100	100	0	0.849532
2481000	0.0000000000	0.0100000000	0.0100000000	100	100	0	0.881450
2482000	0.0000000000	0.0100000000	0.0100000000	100	100	0	0.884717
2483000	0.0000000000	0.0100000000	0.0100000000	100	100	0	0.857380
2484000	0.0000000000	0.0100000000	0.0100000000	100	100	0	0.863133
2485000	0.0000000000	0.0100000000	0.0100000000	100	100	0	0.826154
2486000	0.0000000000	0.0100000000	0.0100000000	100	100	0	0.828084
2487000	0.0000000000	0.0100000000	0.0100000000	100	100	0	0.857970
2488000	0.0000000000	0.0100000000	0.0100000000	100	100	0	0.884185
2489000	0.0000000000	0.0100000000	0.0100000000	100	100	0	0.873930
2490000	0.0000000000	0.0100000000	0.0100000000	100	100	0	0.868588
2491000	0.0000000000	0.0100000000	0.0100000000	100	100	0	0.852430
2492000	0.0000000000	0.0100000000	0.0100000000	100	100	0	0.829239
2493000	0.0000000000	0.0100000000	0.0100000000	100	100	0	0.845880
2494000	0.0000000000	0.0100000000	0.0100000000	100	100	0	0.869989
2495000	0.0000000000	0.0100000000	0.0100000000	100	100	0	0.912931
2496000	0.0000000000	0.0100000000	0.0100000000	100	100	0	0.915969
2497000	0.0000000000	0.0100000000	0.0100000000	100	100	0	0.868383
2498000	0.0000000000	0.0100000000	0.0100000000	100	100	0	0.869821
2499000	0.0000000000	0.0100000000	0.0100000000	100	100	0	0.893965
2500000	0.0000000000	0.0100000000	0.0100000000	100	100	0	0.889352
