time	epistasis_coef	sel_coef	mu_prob	Ne	L	k_start	mean_fitness
1500000	0.6000000000	0.0001000000	0.1000000000	100	100	0	0.999537
1501000	0.6000000000	0.0001000000	0.1000000000	100	100	0	0.999515
1502000	0.6000000000	0.0001000000	0.1000000000	100	100	0	0.999521
1503000	0.6000000000	0.0001000000	0.1000000000	100	100	0	0.999502
1504000	0.6000000000	0.0001000000	0.1000000000	100	100	0	0.999500
1505000	0.6000000000	0.0001000000	0.1000000000	100	100	0	0.999505
1506000	0.6000000000	0.0001000000	0.1000000000	100	100	0	0.999521
1507000	0.6000000000	0.0001000000	0.1000000000	100	100	0	0.999532
1508000	0.6000000000	0.0001000000	0.1000000000	100	100	0	0.999523
1509000	0.6000000000	0.0001000000	0.1000000000	100	100	0	0.999535
1510000	0.6000000000	0.0001000000	0.1000000000	100	100	0	0.999539
1511000	0.6000000000	0.0001000000	0.1000000000	100	100	0	0.999506
1512000	0.6000000000	0.0001000000	0.1000000000	100	100	0	0.999524
1513000	0.6000000000	0.0001000000	0.1000000000	100	100	0	0.999552
1514000	0.6000000000	0.0001000000	0.1000000000	100	100	0	0.999536
1515000	0.6000000000	0.0001000000	0.1000000000	100	100	0	0.999529
1516000	0.6000000000	0.0001000000	0.1000000000	100	100	0	0.999505
1517000	0.6000000000	0.0001000000	0.1000000000	100	100	0	0.999534
1518000	0.6000000000	0.0001000000	0.1000000000	100	100	0	0.999560
1519000	0.6000000000	0.0001000000	0.1000000000	100	100	0	0.999520
1520000	0.6000000000	0.0001000000	0.1000000000	100	100	0	0.999531
1521000	0.6000000000	0.0001000000	0.1000000000	100	100	0	0.999499
1522000	0.6000000000	0.0001000000	0.1000000000	100	100	0	0.999510
1523000	0.6000000000	0.0001000000	0.1000000000	100	100	0	0.999513
1524000	0.6000000000	0.0001000000	0.1000000000	100	100	0	0.999513
1525000	0.6000000000	0.0001000000	0.1000000000	100	100	0	0.999512
1526000	0.6000000000	0.0001000000	0.1000000000	100	100	0	0.999542
1527000	0.6000000000	0.0001000000	0.1000000000	100	100	0	0.999512
1528000	0.6000000000	0.0001000000	0.1000000000	100	100	0	0.999527
1529000	0.6000000000	0.0001000000	0.1000000000	100	100	0	0.999524
1530000	0.6000000000	0.0001000000	0.1000000000	100	100	0	0.999537
1531000	0.6000000000	0.0001000000	0.1000000000	100	100	0	0.999548
1532000	0.6000000000	0.0001000000	0.1000000000	100	100	0	0.999525
1533000	0.6000000000	0.0001000000	0.1000000000	100	100	0	0.999539
1534000	0.6000000000	0.0001000000	0.1000000000	100	100	0	0.999493
1535000	0.6000000000	0.0001000000	0.1000000000	100	100	0	0.999533
1536000	0.6000000000	0.0001000000	0.1000000000	100	100	0	0.999532
1537000	0.6000000000	0.0001000000	0.1000000000	100	100	0	0.999520
1538000	0.6000000000	0.0001000000	0.1000000000	100	100	0	0.999532
1539000	0.6000000000	0.0001000000	0.1000000000	100	100	0	0.999542
1540000	0.6000000000	0.0001000000	0.1000000000	100	100	0	0.999529
1541000	0.6000000000	0.0001000000	0.1000000000	100	100	0	0.999504
1542000	0.6000000000	0.0001000000	0.1000000000	100	100	0	0.999497
1543000	0.6000000000	0.0001000000	0.1000000000	100	100	0	0.999529
1544000	0.6000000000	0.0001000000	0.1000000000	100	100	0	0.999537
1545000	0.6000000000	0.0001000000	0.1000000000	100	100	0	0.999524
1546000	0.6000000000	0.0001000000	0.1000000000	100	100	0	0.999511
1547000	0.6000000000	0.0001000000	0.1000000000	100	100	0	0.999526
1548000	0.6000000000	0.0001000000	0.1000000000	100	100	0	0.999545
1549000	0.6000000000	0.0001000000	0.1000000000	100	100	0	0.999526
1550000	0.6000000000	0.0001000000	0.1000000000	100	100	0	0.999508
1551000	0.6000000000	0.0001000000	0.1000000000	100	100	0	0.999534
1552000	0.6000000000	0.0001000000	0.1000000000	100	100	0	0.999500
1553000	0.6000000000	0.0001000000	0.1000000000	100	100	0	0.999536
1554000	0.6000000000	0.0001000000	0.1000000000	100	100	0	0.999503
1555000	0.6000000000	0.0001000000	0.1000000000	100	100	0	0.999507
1556000	0.6000000000	0.0001000000	0.1000000000	100	100	0	0.999524
1557000	0.6000000000	0.0001000000	0.1000000000	100	100	0	0.999557
1558000	0.6000000000	0.0001000000	0.1000000000	100	100	0	0.999536
1559000	0.6000000000	0.0001000000	0.1000000000	100	100	0	0.999505
1560000	0.6000000000	0.0001000000	0.1000000000	100	100	0	0.999505
1561000	0.6000000000	0.0001000000	0.1000000000	100	100	0	0.999502
1562000	0.6000000000	0.0001000000	0.1000000000	100	100	0	0.999499
1563000	0.6000000000	0.0001000000	0.1000000000	100	100	0	0.999528
1564000	0.6000000000	0.0001000000	0.1000000000	100	100	0	0.999529
1565000	0.6000000000	0.0001000000	0.1000000000	100	100	0	0.999489
1566000	0.6000000000	0.0001000000	0.1000000000	100	100	0	0.999519
1567000	0.6000000000	0.0001000000	0.1000000000	100	100	0	0.999504
1568000	0.6000000000	0.0001000000	0.1000000000	100	100	0	0.999508
1569000	0.6000000000	0.0001000000	0.1000000000	100	100	0	0.999520
1570000	0.6000000000	0.0001000000	0.1000000000	100	100	0	0.999525
1571000	0.6000000000	0.0001000000	0.1000000000	100	100	0	0.999511
1572000	0.6000000000	0.0001000000	0.1000000000	100	100	0	0.999532
1573000	0.6000000000	0.0001000000	0.1000000000	100	100	0	0.999496
1574000	0.6000000000	0.0001000000	0.1000000000	100	100	0	0.999494
1575000	0.6000000000	0.0001000000	0.1000000000	100	100	0	0.999508
1576000	0.6000000000	0.0001000000	0.1000000000	100	100	0	0.999525
1577000	0.6000000000	0.0001000000	0.1000000000	100	100	0	0.999522
1578000	0.6000000000	0.0001000000	0.1000000000	100	100	0	0.999533
1579000	0.6000000000	0.0001000000	0.1000000000	100	100	0	0.999491
1580000	0.6000000000	0.0001000000	0.1000000000	100	100	0	0.999507
1581000	0.6000000000	0.0001000000	0.1000000000	100	100	0	0.999517
1582000	0.6000000000	0.0001000000	0.1000000000	100	100	0	0.999491
1583000	0.6000000000	0.0001000000	0.1000000000	100	100	0	0.999518
1584000	0.6000000000	0.0001000000	0.1000000000	100	100	0	0.999540
1585000	0.6000000000	0.0001000000	0.1000000000	100	100	0	0.999549
1586000	0.6000000000	0.0001000000	0.1000000000	100	100	0	0.999545
1587000	0.6000000000	0.0001000000	0.1000000000	100	100	0	0.999523
1588000	0.6000000000	0.0001000000	0.1000000000	100	100	0	0.999501
1589000	0.6000000000	0.0001000000	0.1000000000	100	100	0	0.999539
1590000	0.6000000000	0.0001000000	0.1000000000	100	100	0	0.999512
1591000	0.6000000000	0.0001000000	0.1000000000	100	100	0	0.999521
1592000	0.6000000000	0.0001000000	0.1000000000	100	100	0	0.999519
1593000	0.6000000000	0.0001000000	0.1000000000	100	100	0	0.999514
1594000	0.6000000000	0.0001000000	0.1000000000	100	100	0	0.999527
1595000	0.6000000000	0.0001000000	0.1000000000	100	100	0	0.999543
1596000	0.6000000000	0.0001000000	0.1000000000	100	100	0	0.999519
1597000	0.6000000000	0.0001000000	0.1000000000	100	100	0	0.999535
1598000	0.6000000000	0.0001000000	0.1000000000	100	100	0	0.999518
1599000	0.6000000000	0.0001000000	0.1000000000	100	100	0	0.999537
1600000	0.6000000000	0.0001000000	0.1000000000	100	100	0	0.999537
1601000	0.6000000000	0.0001000000	0.1000000000	100	100	0	0.999543
1602000	0.6000000000	0.0001000000	0.1000000000	100	100	0	0.999520
1603000	0.6000000000	0.0001000000	0.1000000000	100	100	0	0.999539
1604000	0.6000000000	0.0001000000	0.1000000000	100	100	0	0.999505
1605000	0.6000000000	0.0001000000	0.1000000000	100	100	0	0.999512
1606000	0.6000000000	0.0001000000	0.1000000000	100	100	0	0.999527
1607000	0.6000000000	0.0001000000	0.1000000000	100	100	0	0.999523
1608000	0.6000000000	0.0001000000	0.1000000000	100	100	0	0.999546
1609000	0.6000000000	0.0001000000	0.1000000000	100	100	0	0.999516
1610000	0.6000000000	0.0001000000	0.1000000000	100	100	0	0.999521
1611000	0.6000000000	0.0001000000	0.1000000000	100	100	0	0.999537
1612000	0.6000000000	0.0001000000	0.1000000000	100	100	0	0.999565
1613000	0.6000000000	0.0001000000	0.1000000000	100	100	0	0.999554
1614000	0.6000000000	0.0001000000	0.1000000000	100	100	0	0.999559
1615000	0.6000000000	0.0001000000	0.1000000000	100	100	0	0.999529
1616000	0.6000000000	0.0001000000	0.1000000000	100	100	0	0.999516
1617000	0.6000000000	0.0001000000	0.1000000000	100	100	0	0.999517
1618000	0.6000000000	0.0001000000	0.1000000000	100	100	0	0.999513
1619000	0.6000000000	0.0001000000	0.1000000000	100	100	0	0.999509
1620000	0.6000000000	0.0001000000	0.1000000000	100	100	0	0.999506
1621000	0.6000000000	0.0001000000	0.1000000000	100	100	0	0.999528
1622000	0.6000000000	0.0001000000	0.1000000000	100	100	0	0.999532
1623000	0.6000000000	0.0001000000	0.1000000000	100	100	0	0.999537
1624000	0.6000000000	0.0001000000	0.1000000000	100	100	0	0.999515
1625000	0.6000000000	0.0001000000	0.1000000000	100	100	0	0.999535
1626000	0.6000000000	0.0001000000	0.1000000000	100	100	0	0.999514
1627000	0.6000000000	0.0001000000	0.1000000000	100	100	0	0.999519
1628000	0.6000000000	0.0001000000	0.1000000000	100	100	0	0.999501
1629000	0.6000000000	0.0001000000	0.1000000000	100	100	0	0.999529
1630000	0.6000000000	0.0001000000	0.1000000000	100	100	0	0.999538
1631000	0.6000000000	0.0001000000	0.1000000000	100	100	0	0.999518
1632000	0.6000000000	0.0001000000	0.1000000000	100	100	0	0.999557
1633000	0.6000000000	0.0001000000	0.1000000000	100	100	0	0.999527
1634000	0.6000000000	0.0001000000	0.1000000000	100	100	0	0.999509
1635000	0.6000000000	0.0001000000	0.1000000000	100	100	0	0.999529
1636000	0.6000000000	0.0001000000	0.1000000000	100	100	0	0.999518
1637000	0.6000000000	0.0001000000	0.1000000000	100	100	0	0.999501
1638000	0.6000000000	0.0001000000	0.1000000000	100	100	0	0.999490
1639000	0.6000000000	0.0001000000	0.1000000000	100	100	0	0.999528
1640000	0.6000000000	0.0001000000	0.1000000000	100	100	0	0.999499
1641000	0.6000000000	0.0001000000	0.1000000000	100	100	0	0.999532
1642000	0.6000000000	0.0001000000	0.1000000000	100	100	0	0.999527
1643000	0.6000000000	0.0001000000	0.1000000000	100	100	0	0.999537
1644000	0.6000000000	0.0001000000	0.1000000000	100	100	0	0.999499
1645000	0.6000000000	0.0001000000	0.1000000000	100	100	0	0.999557
1646000	0.6000000000	0.0001000000	0.1000000000	100	100	0	0.999547
1647000	0.6000000000	0.0001000000	0.1000000000	100	100	0	0.999507
1648000	0.6000000000	0.0001000000	0.1000000000	100	100	0	0.999522
1649000	0.6000000000	0.0001000000	0.1000000000	100	100	0	0.999539
1650000	0.6000000000	0.0001000000	0.1000000000	100	100	0	0.999509
1651000	0.6000000000	0.0001000000	0.1000000000	100	100	0	0.999506
1652000	0.6000000000	0.0001000000	0.1000000000	100	100	0	0.999507
1653000	0.6000000000	0.0001000000	0.1000000000	100	100	0	0.999533
1654000	0.6000000000	0.0001000000	0.1000000000	100	100	0	0.999518
1655000	0.6000000000	0.0001000000	0.1000000000	100	100	0	0.999545
1656000	0.6000000000	0.0001000000	0.1000000000	100	100	0	0.999539
1657000	0.6000000000	0.0001000000	0.1000000000	100	100	0	0.999549
1658000	0.6000000000	0.0001000000	0.1000000000	100	100	0	0.999517
1659000	0.6000000000	0.0001000000	0.1000000000	100	100	0	0.999515
1660000	0.6000000000	0.0001000000	0.1000000000	100	100	0	0.999523
1661000	0.6000000000	0.0001000000	0.1000000000	100	100	0	0.999505
1662000	0.6000000000	0.0001000000	0.1000000000	100	100	0	0.999541
1663000	0.6000000000	0.0001000000	0.1000000000	100	100	0	0.999518
1664000	0.6000000000	0.0001000000	0.1000000000	100	100	0	0.999534
1665000	0.6000000000	0.0001000000	0.1000000000	100	100	0	0.999519
1666000	0.6000000000	0.0001000000	0.1000000000	100	100	0	0.999516
1667000	0.6000000000	0.0001000000	0.1000000000	100	100	0	0.999545
1668000	0.6000000000	0.0001000000	0.1000000000	100	100	0	0.999494
1669000	0.6000000000	0.0001000000	0.1000000000	100	100	0	0.999508
1670000	0.6000000000	0.0001000000	0.1000000000	100	100	0	0.999525
1671000	0.6000000000	0.0001000000	0.1000000000	100	100	0	0.999533
1672000	0.6000000000	0.0001000000	0.1000000000	100	100	0	0.999525
1673000	0.6000000000	0.0001000000	0.1000000000	100	100	0	0.999533
1674000	0.6000000000	0.0001000000	0.1000000000	100	100	0	0.999539
1675000	0.6000000000	0.0001000000	0.1000000000	100	100	0	0.999517
1676000	0.6000000000	0.0001000000	0.1000000000	100	100	0	0.999500
1677000	0.6000000000	0.0001000000	0.1000000000	100	100	0	0.999522
1678000	0.6000000000	0.0001000000	0.1000000000	100	100	0	0.999532
1679000	0.6000000000	0.0001000000	0.1000000000	100	100	0	0.999521
1680000	0.6000000000	0.0001000000	0.1000000000	100	100	0	0.999538
1681000	0.6000000000	0.0001000000	0.1000000000	100	100	0	0.999540
1682000	0.6000000000	0.0001000000	0.1000000000	100	100	0	0.999531
1683000	0.6000000000	0.0001000000	0.1000000000	100	100	0	0.999545
1684000	0.6000000000	0.0001000000	0.1000000000	100	100	0	0.999526
1685000	0.6000000000	0.0001000000	0.1000000000	100	100	0	0.999526
1686000	0.6000000000	0.0001000000	0.1000000000	100	100	0	0.999538
1687000	0.6000000000	0.0001000000	0.1000000000	100	100	0	0.999498
1688000	0.6000000000	0.0001000000	0.1000000000	100	100	0	0.999524
1689000	0.6000000000	0.0001000000	0.1000000000	100	100	0	0.999505
1690000	0.6000000000	0.0001000000	0.1000000000	100	100	0	0.999508
1691000	0.6000000000	0.0001000000	0.1000000000	100	100	0	0.999548
1692000	0.6000000000	0.0001000000	0.1000000000	100	100	0	0.999536
1693000	0.6000000000	0.0001000000	0.1000000000	100	100	0	0.999562
1694000	0.6000000000	0.0001000000	0.1000000000	100	100	0	0.999505
1695000	0.6000000000	0.0001000000	0.1000000000	100	100	0	0.999509
1696000	0.6000000000	0.0001000000	0.1000000000	100	100	0	0.999512
1697000	0.6000000000	0.0001000000	0.1000000000	100	100	0	0.999509
1698000	0.6000000000	0.0001000000	0.1000000000	100	100	0	0.999530
1699000	0.6000000000	0.0001000000	0.1000000000	100	100	0	0.999498
1700000	0.6000000000	0.0001000000	0.1000000000	100	100	0	0.999526
1701000	0.6000000000	0.0001000000	0.1000000000	100	100	0	0.999521
1702000	0.6000000000	0.0001000000	0.1000000000	100	100	0	0.999541
1703000	0.6000000000	0.0001000000	0.1000000000	100	100	0	0.999524
1704000	0.6000000000	0.0001000000	0.1000000000	100	100	0	0.999527
1705000	0.6000000000	0.0001000000	0.1000000000	100	100	0	0.999508
1706000	0.6000000000	0.0001000000	0.1000000000	100	100	0	0.999534
1707000	0.6000000000	0.0001000000	0.1000000000	100	100	0	0.999513
1708000	0.6000000000	0.0001000000	0.1000000000	100	100	0	0.999526
1709000	0.6000000000	0.0001000000	0.1000000000	100	100	0	0.999493
1710000	0.6000000000	0.0001000000	0.1000000000	100	100	0	0.999542
1711000	0.6000000000	0.0001000000	0.1000000000	100	100	0	0.999497
1712000	0.6000000000	0.0001000000	0.1000000000	100	100	0	0.999511
1713000	0.6000000000	0.0001000000	0.1000000000	100	100	0	0.999560
1714000	0.6000000000	0.0001000000	0.1000000000	100	100	0	0.999525
1715000	0.6000000000	0.0001000000	0.1000000000	100	100	0	0.999539
1716000	0.6000000000	0.0001000000	0.1000000000	100	100	0	0.999514
1717000	0.6000000000	0.0001000000	0.1000000000	100	100	0	0.999524
1718000	0.6000000000	0.0001000000	0.1000000000	100	100	0	0.999529
1719000	0.6000000000	0.0001000000	0.1000000000	100	100	0	0.999523
1720000	0.6000000000	0.0001000000	0.1000000000	100	100	0	0.999528
1721000	0.6000000000	0.0001000000	0.1000000000	100	100	0	0.999522
1722000	0.6000000000	0.0001000000	0.1000000000	100	100	0	0.999524
1723000	0.6000000000	0.0001000000	0.1000000000	100	100	0	0.999541
1724000	0.6000000000	0.0001000000	0.1000000000	100	100	0	0.999521
1725000	0.6000000000	0.0001000000	0.1000000000	100	100	0	0.999533
1726000	0.6000000000	0.0001000000	0.1000000000	100	100	0	0.999512
1727000	0.6000000000	0.0001000000	0.1000000000	100	100	0	0.999515
1728000	0.6000000000	0.0001000000	0.1000000000	100	100	0	0.999532
1729000	0.6000000000	0.0001000000	0.1000000000	100	100	0	0.999535
1730000	0.6000000000	0.0001000000	0.1000000000	100	100	0	0.999519
1731000	0.6000000000	0.0001000000	0.1000000000	100	100	0	0.999522
1732000	0.6000000000	0.0001000000	0.1000000000	100	100	0	0.999573
1733000	0.6000000000	0.0001000000	0.1000000000	100	100	0	0.999511
1734000	0.6000000000	0.0001000000	0.1000000000	100	100	0	0.999500
1735000	0.6000000000	0.0001000000	0.1000000000	100	100	0	0.999518
1736000	0.6000000000	0.0001000000	0.1000000000	100	100	0	0.999524
1737000	0.6000000000	0.0001000000	0.1000000000	100	100	0	0.999488
1738000	0.6000000000	0.0001000000	0.1000000000	100	100	0	0.999520
1739000	0.6000000000	0.0001000000	0.1000000000	100	100	0	0.999497
1740000	0.6000000000	0.0001000000	0.1000000000	100	100	0	0.999534
1741000	0.6000000000	0.0001000000	0.1000000000	100	100	0	0.999522
1742000	0.6000000000	0.0001000000	0.1000000000	100	100	0	0.999554
1743000	0.6000000000	0.0001000000	0.1000000000	100	100	0	0.999492
1744000	0.6000000000	0.0001000000	0.1000000000	100	100	0	0.999533
1745000	0.6000000000	0.0001000000	0.1000000000	100	100	0	0.999516
1746000	0.6000000000	0.0001000000	0.1000000000	100	100	0	0.999512
1747000	0.6000000000	0.0001000000	0.1000000000	100	100	0	0.999504
1748000	0.6000000000	0.0001000000	0.1000000000	100	100	0	0.999545
1749000	0.6000000000	0.0001000000	0.1000000000	100	100	0	0.999543
1750000	0.6000000000	0.0001000000	0.1000000000	100	100	0	0.999520
1751000	0.6000000000	0.0001000000	0.1000000000	100	100	0	0.999524
1752000	0.6000000000	0.0001000000	0.1000000000	100	100	0	0.999533
1753000	0.6000000000	0.0001000000	0.1000000000	100	100	0	0.999540
1754000	0.6000000000	0.0001000000	0.1000000000	100	100	0	0.999538
1755000	0.6000000000	0.0001000000	0.1000000000	100	100	0	0.999543
1756000	0.6000000000	0.0001000000	0.1000000000	100	100	0	0.999517
1757000	0.6000000000	0.0001000000	0.1000000000	100	100	0	0.999515
1758000	0.6000000000	0.0001000000	0.1000000000	100	100	0	0.999513
1759000	0.6000000000	0.0001000000	0.1000000000	100	100	0	0.999507
1760000	0.6000000000	0.0001000000	0.1000000000	100	100	0	0.999524
1761000	0.6000000000	0.0001000000	0.1000000000	100	100	0	0.999506
1762000	0.6000000000	0.0001000000	0.1000000000	100	100	0	0.999522
1763000	0.6000000000	0.0001000000	0.1000000000	100	100	0	0.999554
1764000	0.6000000000	0.0001000000	0.1000000000	100	100	0	0.999525
1765000	0.6000000000	0.0001000000	0.1000000000	100	100	0	0.999510
1766000	0.6000000000	0.0001000000	0.1000000000	100	100	0	0.999502
1767000	0.6000000000	0.0001000000	0.1000000000	100	100	0	0.999497
1768000	0.6000000000	0.0001000000	0.1000000000	100	100	0	0.999525
1769000	0.6000000000	0.0001000000	0.1000000000	100	100	0	0.999532
1770000	0.6000000000	0.0001000000	0.1000000000	100	100	0	0.999524
1771000	0.6000000000	0.0001000000	0.1000000000	100	100	0	0.999538
1772000	0.6000000000	0.0001000000	0.1000000000	100	100	0	0.999529
1773000	0.6000000000	0.0001000000	0.1000000000	100	100	0	0.999511
1774000	0.6000000000	0.0001000000	0.1000000000	100	100	0	0.999491
1775000	0.6000000000	0.0001000000	0.1000000000	100	100	0	0.999531
1776000	0.6000000000	0.0001000000	0.1000000000	100	100	0	0.999502
1777000	0.6000000000	0.0001000000	0.1000000000	100	100	0	0.999543
1778000	0.6000000000	0.0001000000	0.1000000000	100	100	0	0.999530
1779000	0.6000000000	0.0001000000	0.1000000000	100	100	0	0.999526
1780000	0.6000000000	0.0001000000	0.1000000000	100	100	0	0.999530
1781000	0.6000000000	0.0001000000	0.1000000000	100	100	0	0.999518
1782000	0.6000000000	0.0001000000	0.1000000000	100	100	0	0.999534
1783000	0.6000000000	0.0001000000	0.1000000000	100	100	0	0.999562
1784000	0.6000000000	0.0001000000	0.1000000000	100	100	0	0.999505
1785000	0.6000000000	0.0001000000	0.1000000000	100	100	0	0.999526
1786000	0.6000000000	0.0001000000	0.1000000000	100	100	0	0.999517
1787000	0.6000000000	0.0001000000	0.1000000000	100	100	0	0.999491
1788000	0.6000000000	0.0001000000	0.1000000000	100	100	0	0.999507
1789000	0.6000000000	0.0001000000	0.1000000000	100	100	0	0.999505
1790000	0.6000000000	0.0001000000	0.1000000000	100	100	0	0.999508
1791000	0.6000000000	0.0001000000	0.1000000000	100	100	0	0.999542
1792000	0.6000000000	0.0001000000	0.1000000000	100	100	0	0.999533
1793000	0.6000000000	0.0001000000	0.1000000000	100	100	0	0.999515
1794000	0.6000000000	0.0001000000	0.1000000000	100	100	0	0.999537
1795000	0.6000000000	0.0001000000	0.1000000000	100	100	0	0.999490
1796000	0.6000000000	0.0001000000	0.1000000000	100	100	0	0.999510
1797000	0.6000000000	0.0001000000	0.1000000000	100	100	0	0.999511
1798000	0.6000000000	0.0001000000	0.1000000000	100	100	0	0.999521
1799000	0.6000000000	0.0001000000	0.1000000000	100	100	0	0.999528
1800000	0.6000000000	0.0001000000	0.1000000000	100	100	0	0.999528
1801000	0.6000000000	0.0001000000	0.1000000000	100	100	0	0.999513
1802000	0.6000000000	0.0001000000	0.1000000000	100	100	0	0.999522
1803000	0.6000000000	0.0001000000	0.1000000000	100	100	0	0.999559
1804000	0.6000000000	0.0001000000	0.1000000000	100	100	0	0.999530
1805000	0.6000000000	0.0001000000	0.1000000000	100	100	0	0.999521
1806000	0.6000000000	0.0001000000	0.1000000000	100	100	0	0.999524
1807000	0.6000000000	0.0001000000	0.1000000000	100	100	0	0.999512
1808000	0.6000000000	0.0001000000	0.1000000000	100	100	0	0.999490
1809000	0.6000000000	0.0001000000	0.1000000000	100	100	0	0.999509
1810000	0.6000000000	0.0001000000	0.1000000000	100	100	0	0.999524
1811000	0.6000000000	0.0001000000	0.1000000000	100	100	0	0.999525
1812000	0.6000000000	0.0001000000	0.1000000000	100	100	0	0.999538
1813000	0.6000000000	0.0001000000	0.1000000000	100	100	0	0.999541
1814000	0.6000000000	0.0001000000	0.1000000000	100	100	0	0.999541
1815000	0.6000000000	0.0001000000	0.1000000000	100	100	0	0.999522
1816000	0.6000000000	0.0001000000	0.1000000000	100	100	0	0.999505
1817000	0.6000000000	0.0001000000	0.1000000000	100	100	0	0.999542
1818000	0.6000000000	0.0001000000	0.1000000000	100	100	0	0.999532
1819000	0.6000000000	0.0001000000	0.1000000000	100	100	0	0.999518
1820000	0.6000000000	0.0001000000	0.1000000000	100	100	0	0.999534
1821000	0.6000000000	0.0001000000	0.1000000000	100	100	0	0.999526
1822000	0.6000000000	0.0001000000	0.1000000000	100	100	0	0.999506
1823000	0.6000000000	0.0001000000	0.1000000000	100	100	0	0.999521
1824000	0.6000000000	0.0001000000	0.1000000000	100	100	0	0.999526
1825000	0.6000000000	0.0001000000	0.1000000000	100	100	0	0.999551
1826000	0.6000000000	0.0001000000	0.1000000000	100	100	0	0.999528
1827000	0.6000000000	0.0001000000	0.1000000000	100	100	0	0.999499
1828000	0.6000000000	0.0001000000	0.1000000000	100	100	0	0.999496
1829000	0.6000000000	0.0001000000	0.1000000000	100	100	0	0.999550
1830000	0.6000000000	0.0001000000	0.1000000000	100	100	0	0.999494
1831000	0.6000000000	0.0001000000	0.1000000000	100	100	0	0.999518
1832000	0.6000000000	0.0001000000	0.1000000000	100	100	0	0.999540
1833000	0.6000000000	0.0001000000	0.1000000000	100	100	0	0.999532
1834000	0.6000000000	0.0001000000	0.1000000000	100	100	0	0.999575
1835000	0.6000000000	0.0001000000	0.1000000000	100	100	0	0.999530
1836000	0.6000000000	0.0001000000	0.1000000000	100	100	0	0.999522
1837000	0.6000000000	0.0001000000	0.1000000000	100	100	0	0.999529
1838000	0.6000000000	0.0001000000	0.1000000000	100	100	0	0.999520
1839000	0.6000000000	0.0001000000	0.1000000000	100	100	0	0.999517
1840000	0.6000000000	0.0001000000	0.1000000000	100	100	0	0.999502
1841000	0.6000000000	0.0001000000	0.1000000000	100	100	0	0.999513
1842000	0.6000000000	0.0001000000	0.1000000000	100	100	0	0.999548
1843000	0.6000000000	0.0001000000	0.1000000000	100	100	0	0.999487
1844000	0.6000000000	0.0001000000	0.1000000000	100	100	0	0.999527
1845000	0.6000000000	0.0001000000	0.1000000000	100	100	0	0.999498
1846000	0.6000000000	0.0001000000	0.1000000000	100	100	0	0.999520
1847000	0.6000000000	0.0001000000	0.1000000000	100	100	0	0.999514
1848000	0.6000000000	0.0001000000	0.1000000000	100	100	0	0.999512
1849000	0.6000000000	0.0001000000	0.1000000000	100	100	0	0.999525
1850000	0.6000000000	0.0001000000	0.1000000000	100	100	0	0.999530
1851000	0.6000000000	0.0001000000	0.1000000000	100	100	0	0.999530
1852000	0.6000000000	0.0001000000	0.1000000000	100	100	0	0.999497
1853000	0.6000000000	0.0001000000	0.1000000000	100	100	0	0.999522
1854000	0.6000000000	0.0001000000	0.1000000000	100	100	0	0.999512
1855000	0.6000000000	0.0001000000	0.1000000000	100	100	0	0.999514
1856000	0.6000000000	0.0001000000	0.1000000000	100	100	0	0.999524
1857000	0.6000000000	0.0001000000	0.1000000000	100	100	0	0.999525
1858000	0.6000000000	0.0001000000	0.1000000000	100	100	0	0.999527
1859000	0.6000000000	0.0001000000	0.1000000000	100	100	0	0.999519
1860000	0.6000000000	0.0001000000	0.1000000000	100	100	0	0.999552
1861000	0.6000000000	0.0001000000	0.1000000000	100	100	0	0.999528
1862000	0.6000000000	0.0001000000	0.1000000000	100	100	0	0.999561
1863000	0.6000000000	0.0001000000	0.1000000000	100	100	0	0.999535
1864000	0.6000000000	0.0001000000	0.1000000000	100	100	0	0.999503
1865000	0.6000000000	0.0001000000	0.1000000000	100	100	0	0.999525
1866000	0.6000000000	0.0001000000	0.1000000000	100	100	0	0.999525
1867000	0.6000000000	0.0001000000	0.1000000000	100	100	0	0.999502
1868000	0.6000000000	0.0001000000	0.1000000000	100	100	0	0.999499
1869000	0.6000000000	0.0001000000	0.1000000000	100	100	0	0.999504
1870000	0.6000000000	0.0001000000	0.1000000000	100	100	0	0.999518
1871000	0.6000000000	0.0001000000	0.1000000000	100	100	0	0.999536
1872000	0.6000000000	0.0001000000	0.1000000000	100	100	0	0.999533
1873000	0.6000000000	0.0001000000	0.1000000000	100	100	0	0.999541
1874000	0.6000000000	0.0001000000	0.1000000000	100	100	0	0.999530
1875000	0.6000000000	0.0001000000	0.1000000000	100	100	0	0.999509
1876000	0.6000000000	0.0001000000	0.1000000000	100	100	0	0.999504
1877000	0.6000000000	0.0001000000	0.1000000000	100	100	0	0.999478
1878000	0.6000000000	0.0001000000	0.1000000000	100	100	0	0.999516
1879000	0.6000000000	0.0001000000	0.1000000000	100	100	0	0.999526
1880000	0.6000000000	0.0001000000	0.1000000000	100	100	0	0.999542
1881000	0.6000000000	0.0001000000	0.1000000000	100	100	0	0.999521
1882000	0.6000000000	0.0001000000	0.1000000000	100	100	0	0.999536
1883000	0.6000000000	0.0001000000	0.1000000000	100	100	0	0.999528
1884000	0.6000000000	0.0001000000	0.1000000000	100	100	0	0.999525
1885000	0.6000000000	0.0001000000	0.1000000000	100	100	0	0.999546
1886000	0.6000000000	0.0001000000	0.1000000000	100	100	0	0.999539
1887000	0.6000000000	0.0001000000	0.1000000000	100	100	0	0.999533
1888000	0.6000000000	0.0001000000	0.1000000000	100	100	0	0.999520
1889000	0.6000000000	0.0001000000	0.1000000000	100	100	0	0.999507
1890000	0.6000000000	0.0001000000	0.1000000000	100	100	0	0.999501
1891000	0.6000000000	0.0001000000	0.1000000000	100	100	0	0.999532
1892000	0.6000000000	0.0001000000	0.1000000000	100	100	0	0.999512
1893000	0.6000000000	0.0001000000	0.1000000000	100	100	0	0.999522
1894000	0.6000000000	0.0001000000	0.1000000000	100	100	0	0.999503
1895000	0.6000000000	0.0001000000	0.1000000000	100	100	0	0.999524
1896000	0.6000000000	0.0001000000	0.1000000000	100	100	0	0.999520
1897000	0.6000000000	0.0001000000	0.1000000000	100	100	0	0.999553
1898000	0.6000000000	0.0001000000	0.1000000000	100	100	0	0.999518
1899000	0.6000000000	0.0001000000	0.1000000000	100	100	0	0.999528
1900000	0.6000000000	0.0001000000	0.1000000000	100	100	0	0.999510
1901000	0.6000000000	0.0001000000	0.1000000000	100	100	0	0.999545
1902000	0.6000000000	0.0001000000	0.1000000000	100	100	0	0.999553
1903000	0.6000000000	0.0001000000	0.1000000000	100	100	0	0.999520
1904000	0.6000000000	0.0001000000	0.1000000000	100	100	0	0.999520
1905000	0.6000000000	0.0001000000	0.1000000000	100	100	0	0.999505
1906000	0.6000000000	0.0001000000	0.1000000000	100	100	0	0.999519
1907000	0.6000000000	0.0001000000	0.1000000000	100	100	0	0.999509
1908000	0.6000000000	0.0001000000	0.1000000000	100	100	0	0.999506
1909000	0.6000000000	0.0001000000	0.1000000000	100	100	0	0.999523
1910000	0.6000000000	0.0001000000	0.1000000000	100	100	0	0.999540
1911000	0.6000000000	0.0001000000	0.1000000000	100	100	0	0.999546
1912000	0.6000000000	0.0001000000	0.1000000000	100	100	0	0.999505
1913000	0.6000000000	0.0001000000	0.1000000000	100	100	0	0.999507
1914000	0.6000000000	0.0001000000	0.1000000000	100	100	0	0.999506
1915000	0.6000000000	0.0001000000	0.1000000000	100	100	0	0.999529
1916000	0.6000000000	0.0001000000	0.1000000000	100	100	0	0.999496
1917000	0.6000000000	0.0001000000	0.1000000000	100	100	0	0.999535
1918000	0.6000000000	0.0001000000	0.1000000000	100	100	0	0.999552
1919000	0.6000000000	0.0001000000	0.1000000000	100	100	0	0.999517
1920000	0.6000000000	0.0001000000	0.1000000000	100	100	0	0.999544
1921000	0.6000000000	0.0001000000	0.1000000000	100	100	0	0.999549
1922000	0.6000000000	0.0001000000	0.1000000000	100	100	0	0.999535
1923000	0.6000000000	0.0001000000	0.1000000000	100	100	0	0.999543
1924000	0.6000000000	0.0001000000	0.1000000000	100	100	0	0.999538
1925000	0.6000000000	0.0001000000	0.1000000000	100	100	0	0.999521
1926000	0.6000000000	0.0001000000	0.1000000000	100	100	0	0.999511
1927000	0.6000000000	0.0001000000	0.1000000000	100	100	0	0.999501
1928000	0.6000000000	0.0001000000	0.1000000000	100	100	0	0.999510
1929000	0.6000000000	0.0001000000	0.1000000000	100	100	0	0.999512
1930000	0.6000000000	0.0001000000	0.1000000000	100	100	0	0.999532
1931000	0.6000000000	0.0001000000	0.1000000000	100	100	0	0.999493
1932000	0.6000000000	0.0001000000	0.1000000000	100	100	0	0.999535
1933000	0.6000000000	0.0001000000	0.1000000000	100	100	0	0.999517
1934000	0.6000000000	0.0001000000	0.1000000000	100	100	0	0.999526
1935000	0.6000000000	0.0001000000	0.1000000000	100	100	0	0.999566
1936000	0.6000000000	0.0001000000	0.1000000000	100	100	0	0.999535
1937000	0.6000000000	0.0001000000	0.1000000000	100	100	0	0.999535
1938000	0.6000000000	0.0001000000	0.1000000000	100	100	0	0.999506
1939000	0.6000000000	0.0001000000	0.1000000000	100	100	0	0.999521
1940000	0.6000000000	0.0001000000	0.1000000000	100	100	0	0.999497
1941000	0.6000000000	0.0001000000	0.1000000000	100	100	0	0.999543
1942000	0.6000000000	0.0001000000	0.1000000000	100	100	0	0.999522
1943000	0.6000000000	0.0001000000	0.1000000000	100	100	0	0.999531
1944000	0.6000000000	0.0001000000	0.1000000000	100	100	0	0.999509
1945000	0.6000000000	0.0001000000	0.1000000000	100	100	0	0.999510
1946000	0.6000000000	0.0001000000	0.1000000000	100	100	0	0.999530
1947000	0.6000000000	0.0001000000	0.1000000000	100	100	0	0.999535
1948000	0.6000000000	0.0001000000	0.1000000000	100	100	0	0.999499
1949000	0.6000000000	0.0001000000	0.1000000000	100	100	0	0.999533
1950000	0.6000000000	0.0001000000	0.1000000000	100	100	0	0.999515
1951000	0.6000000000	0.0001000000	0.1000000000	100	100	0	0.999528
1952000	0.6000000000	0.0001000000	0.1000000000	100	100	0	0.999519
1953000	0.6000000000	0.0001000000	0.1000000000	100	100	0	0.999541
1954000	0.6000000000	0.0001000000	0.1000000000	100	100	0	0.999527
1955000	0.6000000000	0.0001000000	0.1000000000	100	100	0	0.999532
1956000	0.6000000000	0.0001000000	0.1000000000	100	100	0	0.999488
1957000	0.6000000000	0.0001000000	0.1000000000	100	100	0	0.999513
1958000	0.6000000000	0.0001000000	0.1000000000	100	100	0	0.999510
1959000	0.6000000000	0.0001000000	0.1000000000	100	100	0	0.999540
1960000	0.6000000000	0.0001000000	0.1000000000	100	100	0	0.999527
1961000	0.6000000000	0.0001000000	0.1000000000	100	100	0	0.999515
1962000	0.6000000000	0.0001000000	0.1000000000	100	100	0	0.999507
1963000	0.6000000000	0.0001000000	0.1000000000	100	100	0	0.999530
1964000	0.6000000000	0.0001000000	0.1000000000	100	100	0	0.999524
1965000	0.6000000000	0.0001000000	0.1000000000	100	100	0	0.999511
1966000	0.6000000000	0.0001000000	0.1000000000	100	100	0	0.999526
1967000	0.6000000000	0.0001000000	0.1000000000	100	100	0	0.999507
1968000	0.6000000000	0.0001000000	0.1000000000	100	100	0	0.999517
1969000	0.6000000000	0.0001000000	0.1000000000	100	100	0	0.999512
1970000	0.6000000000	0.0001000000	0.1000000000	100	100	0	0.999526
1971000	0.6000000000	0.0001000000	0.1000000000	100	100	0	0.999533
1972000	0.6000000000	0.0001000000	0.1000000000	100	100	0	0.999511
1973000	0.6000000000	0.0001000000	0.1000000000	100	100	0	0.999524
1974000	0.6000000000	0.0001000000	0.1000000000	100	100	0	0.999525
1975000	0.6000000000	0.0001000000	0.1000000000	100	100	0	0.999520
1976000	0.6000000000	0.0001000000	0.1000000000	100	100	0	0.999508
1977000	0.6000000000	0.0001000000	0.1000000000	100	100	0	0.999508
1978000	0.6000000000	0.0001000000	0.1000000000	100	100	0	0.999496
1979000	0.6000000000	0.0001000000	0.1000000000	100	100	0	0.999505
1980000	0.6000000000	0.0001000000	0.1000000000	100	100	0	0.999529
1981000	0.6000000000	0.0001000000	0.1000000000	100	100	0	0.999508
1982000	0.6000000000	0.0001000000	0.1000000000	100	100	0	0.999510
1983000	0.6000000000	0.0001000000	0.1000000000	100	100	0	0.999528
1984000	0.6000000000	0.0001000000	0.1000000000	100	100	0	0.999506
1985000	0.6000000000	0.0001000000	0.1000000000	100	100	0	0.999506
1986000	0.6000000000	0.0001000000	0.1000000000	100	100	0	0.999514
1987000	0.6000000000	0.0001000000	0.1000000000	100	100	0	0.999532
1988000	0.6000000000	0.0001000000	0.1000000000	100	100	0	0.999521
1989000	0.6000000000	0.0001000000	0.1000000000	100	100	0	0.999498
1990000	0.6000000000	0.0001000000	0.1000000000	100	100	0	0.999483
1991000	0.6000000000	0.0001000000	0.1000000000	100	100	0	0.999493
1992000	0.6000000000	0.0001000000	0.1000000000	100	100	0	0.999516
1993000	0.6000000000	0.0001000000	0.1000000000	100	100	0	0.999542
1994000	0.6000000000	0.0001000000	0.1000000000	100	100	0	0.999528
1995000	0.6000000000	0.0001000000	0.1000000000	100	100	0	0.999525
1996000	0.6000000000	0.0001000000	0.1000000000	100	100	0	0.999528
1997000	0.6000000000	0.0001000000	0.1000000000	100	100	0	0.999525
1998000	0.6000000000	0.0001000000	0.1000000000	100	100	0	0.999505
1999000	0.6000000000	0.0001000000	0.1000000000	100	100	0	0.999498
2000000	0.6000000000	0.0001000000	0.1000000000	100	100	0	0.999516
2001000	0.6000000000	0.0001000000	0.1000000000	100	100	0	0.999501
2002000	0.6000000000	0.0001000000	0.1000000000	100	100	0	0.999520
2003000	0.6000000000	0.0001000000	0.1000000000	100	100	0	0.999531
2004000	0.6000000000	0.0001000000	0.1000000000	100	100	0	0.999536
2005000	0.6000000000	0.0001000000	0.1000000000	100	100	0	0.999533
2006000	0.6000000000	0.0001000000	0.1000000000	100	100	0	0.999529
2007000	0.6000000000	0.0001000000	0.1000000000	100	100	0	0.999526
2008000	0.6000000000	0.0001000000	0.1000000000	100	100	0	0.999548
2009000	0.6000000000	0.0001000000	0.1000000000	100	100	0	0.999530
2010000	0.6000000000	0.0001000000	0.1000000000	100	100	0	0.999527
2011000	0.6000000000	0.0001000000	0.1000000000	100	100	0	0.999544
2012000	0.6000000000	0.0001000000	0.1000000000	100	100	0	0.999530
2013000	0.6000000000	0.0001000000	0.1000000000	100	100	0	0.999545
2014000	0.6000000000	0.0001000000	0.1000000000	100	100	0	0.999534
2015000	0.6000000000	0.0001000000	0.1000000000	100	100	0	0.999519
2016000	0.6000000000	0.0001000000	0.1000000000	100	100	0	0.999544
2017000	0.6000000000	0.0001000000	0.1000000000	100	100	0	0.999537
2018000	0.6000000000	0.0001000000	0.1000000000	100	100	0	0.999524
2019000	0.6000000000	0.0001000000	0.1000000000	100	100	0	0.999495
2020000	0.6000000000	0.0001000000	0.1000000000	100	100	0	0.999514
2021000	0.6000000000	0.0001000000	0.1000000000	100	100	0	0.999543
2022000	0.6000000000	0.0001000000	0.1000000000	100	100	0	0.999539
2023000	0.6000000000	0.0001000000	0.1000000000	100	100	0	0.999533
2024000	0.6000000000	0.0001000000	0.1000000000	100	100	0	0.999513
2025000	0.6000000000	0.0001000000	0.1000000000	100	100	0	0.999514
2026000	0.6000000000	0.0001000000	0.1000000000	100	100	0	0.999525
2027000	0.6000000000	0.0001000000	0.1000000000	100	100	0	0.999521
2028000	0.6000000000	0.0001000000	0.1000000000	100	100	0	0.999537
2029000	0.6000000000	0.0001000000	0.1000000000	100	100	0	0.999513
2030000	0.6000000000	0.0001000000	0.1000000000	100	100	0	0.999522
2031000	0.6000000000	0.0001000000	0.1000000000	100	100	0	0.999526
2032000	0.6000000000	0.0001000000	0.1000000000	100	100	0	0.999508
2033000	0.6000000000	0.0001000000	0.1000000000	100	100	0	0.999520
2034000	0.6000000000	0.0001000000	0.1000000000	100	100	0	0.999561
2035000	0.6000000000	0.0001000000	0.1000000000	100	100	0	0.999493
2036000	0.6000000000	0.0001000000	0.1000000000	100	100	0	0.999509
2037000	0.6000000000	0.0001000000	0.1000000000	100	100	0	0.999523
2038000	0.6000000000	0.0001000000	0.1000000000	100	100	0	0.999518
2039000	0.6000000000	0.0001000000	0.1000000000	100	100	0	0.999533
2040000	0.6000000000	0.0001000000	0.1000000000	100	100	0	0.999548
2041000	0.6000000000	0.0001000000	0.1000000000	100	100	0	0.999515
2042000	0.6000000000	0.0001000000	0.1000000000	100	100	0	0.999521
2043000	0.6000000000	0.0001000000	0.1000000000	100	100	0	0.999503
2044000	0.6000000000	0.0001000000	0.1000000000	100	100	0	0.999521
2045000	0.6000000000	0.0001000000	0.1000000000	100	100	0	0.999523
2046000	0.6000000000	0.0001000000	0.1000000000	100	100	0	0.999498
2047000	0.6000000000	0.0001000000	0.1000000000	100	100	0	0.999505
2048000	0.6000000000	0.0001000000	0.1000000000	100	100	0	0.999515
2049000	0.6000000000	0.0001000000	0.1000000000	100	100	0	0.999506
2050000	0.6000000000	0.0001000000	0.1000000000	100	100	0	0.999507
2051000	0.6000000000	0.0001000000	0.1000000000	100	100	0	0.999514
2052000	0.6000000000	0.0001000000	0.1000000000	100	100	0	0.999562
2053000	0.6000000000	0.0001000000	0.1000000000	100	100	0	0.999520
2054000	0.6000000000	0.0001000000	0.1000000000	100	100	0	0.999536
2055000	0.6000000000	0.0001000000	0.1000000000	100	100	0	0.999562
2056000	0.6000000000	0.0001000000	0.1000000000	100	100	0	0.999490
2057000	0.6000000000	0.0001000000	0.1000000000	100	100	0	0.999504
2058000	0.6000000000	0.0001000000	0.1000000000	100	100	0	0.999510
2059000	0.6000000000	0.0001000000	0.1000000000	100	100	0	0.999502
2060000	0.6000000000	0.0001000000	0.1000000000	100	100	0	0.999503
2061000	0.6000000000	0.0001000000	0.1000000000	100	100	0	0.999518
2062000	0.6000000000	0.0001000000	0.1000000000	100	100	0	0.999521
2063000	0.6000000000	0.0001000000	0.1000000000	100	100	0	0.999515
2064000	0.6000000000	0.0001000000	0.1000000000	100	100	0	0.999535
2065000	0.6000000000	0.0001000000	0.1000000000	100	100	0	0.999521
2066000	0.6000000000	0.0001000000	0.1000000000	100	100	0	0.999495
2067000	0.6000000000	0.0001000000	0.1000000000	100	100	0	0.999518
2068000	0.6000000000	0.0001000000	0.1000000000	100	100	0	0.999514
2069000	0.6000000000	0.0001000000	0.1000000000	100	100	0	0.999497
2070000	0.6000000000	0.0001000000	0.1000000000	100	100	0	0.999537
2071000	0.6000000000	0.0001000000	0.1000000000	100	100	0	0.999521
2072000	0.6000000000	0.0001000000	0.1000000000	100	100	0	0.999495
2073000	0.6000000000	0.0001000000	0.1000000000	100	100	0	0.999514
2074000	0.6000000000	0.0001000000	0.1000000000	100	100	0	0.999482
2075000	0.6000000000	0.0001000000	0.1000000000	100	100	0	0.999509
2076000	0.6000000000	0.0001000000	0.1000000000	100	100	0	0.999511
2077000	0.6000000000	0.0001000000	0.1000000000	100	100	0	0.999527
2078000	0.6000000000	0.0001000000	0.1000000000	100	100	0	0.999517
2079000	0.6000000000	0.0001000000	0.1000000000	100	100	0	0.999540
2080000	0.6000000000	0.0001000000	0.1000000000	100	100	0	0.999509
2081000	0.6000000000	0.0001000000	0.1000000000	100	100	0	0.999536
2082000	0.6000000000	0.0001000000	0.1000000000	100	100	0	0.999531
2083000	0.6000000000	0.0001000000	0.1000000000	100	100	0	0.999517
2084000	0.6000000000	0.0001000000	0.1000000000	100	100	0	0.999524
2085000	0.6000000000	0.0001000000	0.1000000000	100	100	0	0.999522
2086000	0.6000000000	0.0001000000	0.1000000000	100	100	0	0.999535
2087000	0.6000000000	0.0001000000	0.1000000000	100	100	0	0.999520
2088000	0.6000000000	0.0001000000	0.1000000000	100	100	0	0.999501
2089000	0.6000000000	0.0001000000	0.1000000000	100	100	0	0.999500
2090000	0.6000000000	0.0001000000	0.1000000000	100	100	0	0.999504
2091000	0.6000000000	0.0001000000	0.1000000000	100	100	0	0.999493
2092000	0.6000000000	0.0001000000	0.1000000000	100	100	0	0.999527
2093000	0.6000000000	0.0001000000	0.1000000000	100	100	0	0.999539
2094000	0.6000000000	0.0001000000	0.1000000000	100	100	0	0.999521
2095000	0.6000000000	0.0001000000	0.1000000000	100	100	0	0.999533
2096000	0.6000000000	0.0001000000	0.1000000000	100	100	0	0.999542
2097000	0.6000000000	0.0001000000	0.1000000000	100	100	0	0.999512
2098000	0.6000000000	0.0001000000	0.1000000000	100	100	0	0.999510
2099000	0.6000000000	0.0001000000	0.1000000000	100	100	0	0.999509
2100000	0.6000000000	0.0001000000	0.1000000000	100	100	0	0.999496
2101000	0.6000000000	0.0001000000	0.1000000000	100	100	0	0.999520
2102000	0.6000000000	0.0001000000	0.1000000000	100	100	0	0.999530
2103000	0.6000000000	0.0001000000	0.1000000000	100	100	0	0.999543
2104000	0.6000000000	0.0001000000	0.1000000000	100	100	0	0.999513
2105000	0.6000000000	0.0001000000	0.1000000000	100	100	0	0.999509
2106000	0.6000000000	0.0001000000	0.1000000000	100	100	0	0.999544
2107000	0.6000000000	0.0001000000	0.1000000000	100	100	0	0.999506
2108000	0.6000000000	0.0001000000	0.1000000000	100	100	0	0.999538
2109000	0.6000000000	0.0001000000	0.1000000000	100	100	0	0.999514
2110000	0.6000000000	0.0001000000	0.1000000000	100	100	0	0.999535
2111000	0.6000000000	0.0001000000	0.1000000000	100	100	0	0.999547
2112000	0.6000000000	0.0001000000	0.1000000000	100	100	0	0.999510
2113000	0.6000000000	0.0001000000	0.1000000000	100	100	0	0.999496
2114000	0.6000000000	0.0001000000	0.1000000000	100	100	0	0.999515
2115000	0.6000000000	0.0001000000	0.1000000000	100	100	0	0.999538
2116000	0.6000000000	0.0001000000	0.1000000000	100	100	0	0.999517
2117000	0.6000000000	0.0001000000	0.1000000000	100	100	0	0.999518
2118000	0.6000000000	0.0001000000	0.1000000000	100	100	0	0.999530
2119000	0.6000000000	0.0001000000	0.1000000000	100	100	0	0.999493
2120000	0.6000000000	0.0001000000	0.1000000000	100	100	0	0.999519
2121000	0.6000000000	0.0001000000	0.1000000000	100	100	0	0.999534
2122000	0.6000000000	0.0001000000	0.1000000000	100	100	0	0.999540
2123000	0.6000000000	0.0001000000	0.1000000000	100	100	0	0.999521
2124000	0.6000000000	0.0001000000	0.1000000000	100	100	0	0.999532
2125000	0.6000000000	0.0001000000	0.1000000000	100	100	0	0.999513
2126000	0.6000000000	0.0001000000	0.1000000000	100	100	0	0.999518
2127000	0.6000000000	0.0001000000	0.1000000000	100	100	0	0.999503
2128000	0.6000000000	0.0001000000	0.1000000000	100	100	0	0.999538
2129000	0.6000000000	0.0001000000	0.1000000000	100	100	0	0.999506
2130000	0.6000000000	0.0001000000	0.1000000000	100	100	0	0.999566
2131000	0.6000000000	0.0001000000	0.1000000000	100	100	0	0.999520
2132000	0.6000000000	0.0001000000	0.1000000000	100	100	0	0.999523
2133000	0.6000000000	0.0001000000	0.1000000000	100	100	0	0.999512
2134000	0.6000000000	0.0001000000	0.1000000000	100	100	0	0.999538
2135000	0.6000000000	0.0001000000	0.1000000000	100	100	0	0.999530
2136000	0.6000000000	0.0001000000	0.1000000000	100	100	0	0.999501
2137000	0.6000000000	0.0001000000	0.1000000000	100	100	0	0.999518
2138000	0.6000000000	0.0001000000	0.1000000000	100	100	0	0.999513
2139000	0.6000000000	0.0001000000	0.1000000000	100	100	0	0.999507
2140000	0.6000000000	0.0001000000	0.1000000000	100	100	0	0.999471
2141000	0.6000000000	0.0001000000	0.1000000000	100	100	0	0.999532
2142000	0.6000000000	0.0001000000	0.1000000000	100	100	0	0.999553
2143000	0.6000000000	0.0001000000	0.1000000000	100	100	0	0.999532
2144000	0.6000000000	0.0001000000	0.1000000000	100	100	0	0.999529
2145000	0.6000000000	0.0001000000	0.1000000000	100	100	0	0.999546
2146000	0.6000000000	0.0001000000	0.1000000000	100	100	0	0.999547
2147000	0.6000000000	0.0001000000	0.1000000000	100	100	0	0.999521
2148000	0.6000000000	0.0001000000	0.1000000000	100	100	0	0.999529
2149000	0.6000000000	0.0001000000	0.1000000000	100	100	0	0.999504
2150000	0.6000000000	0.0001000000	0.1000000000	100	100	0	0.999509
2151000	0.6000000000	0.0001000000	0.1000000000	100	100	0	0.999518
2152000	0.6000000000	0.0001000000	0.1000000000	100	100	0	0.999541
2153000	0.6000000000	0.0001000000	0.1000000000	100	100	0	0.999513
2154000	0.6000000000	0.0001000000	0.1000000000	100	100	0	0.999533
2155000	0.6000000000	0.0001000000	0.1000000000	100	100	0	0.999511
2156000	0.6000000000	0.0001000000	0.1000000000	100	100	0	0.999526
2157000	0.6000000000	0.0001000000	0.1000000000	100	100	0	0.999533
2158000	0.6000000000	0.0001000000	0.1000000000	100	100	0	0.999545
2159000	0.6000000000	0.0001000000	0.1000000000	100	100	0	0.999518
2160000	0.6000000000	0.0001000000	0.1000000000	100	100	0	0.999539
2161000	0.6000000000	0.0001000000	0.1000000000	100	100	0	0.999502
2162000	0.6000000000	0.0001000000	0.1000000000	100	100	0	0.999532
2163000	0.6000000000	0.0001000000	0.1000000000	100	100	0	0.999521
2164000	0.6000000000	0.0001000000	0.1000000000	100	100	0	0.999552
2165000	0.6000000000	0.0001000000	0.1000000000	100	100	0	0.999529
2166000	0.6000000000	0.0001000000	0.1000000000	100	100	0	0.999518
2167000	0.6000000000	0.0001000000	0.1000000000	100	100	0	0.999496
2168000	0.6000000000	0.0001000000	0.1000000000	100	100	0	0.999511
2169000	0.6000000000	0.0001000000	0.1000000000	100	100	0	0.999509
2170000	0.6000000000	0.0001000000	0.1000000000	100	100	0	0.999560
2171000	0.6000000000	0.0001000000	0.1000000000	100	100	0	0.999540
2172000	0.6000000000	0.0001000000	0.1000000000	100	100	0	0.999530
2173000	0.6000000000	0.0001000000	0.1000000000	100	100	0	0.999561
2174000	0.6000000000	0.0001000000	0.1000000000	100	100	0	0.999521
2175000	0.6000000000	0.0001000000	0.1000000000	100	100	0	0.999518
2176000	0.6000000000	0.0001000000	0.1000000000	100	100	0	0.999491
2177000	0.6000000000	0.0001000000	0.1000000000	100	100	0	0.999529
2178000	0.6000000000	0.0001000000	0.1000000000	100	100	0	0.999541
2179000	0.6000000000	0.0001000000	0.1000000000	100	100	0	0.999542
2180000	0.6000000000	0.0001000000	0.1000000000	100	100	0	0.999520
2181000	0.6000000000	0.0001000000	0.1000000000	100	100	0	0.999529
2182000	0.6000000000	0.0001000000	0.1000000000	100	100	0	0.999517
2183000	0.6000000000	0.0001000000	0.1000000000	100	100	0	0.999537
2184000	0.6000000000	0.0001000000	0.1000000000	100	100	0	0.999523
2185000	0.6000000000	0.0001000000	0.1000000000	100	100	0	0.999525
2186000	0.6000000000	0.0001000000	0.1000000000	100	100	0	0.999515
2187000	0.6000000000	0.0001000000	0.1000000000	100	100	0	0.999506
2188000	0.6000000000	0.0001000000	0.1000000000	100	100	0	0.999495
2189000	0.6000000000	0.0001000000	0.1000000000	100	100	0	0.999479
2190000	0.6000000000	0.0001000000	0.1000000000	100	100	0	0.999500
2191000	0.6000000000	0.0001000000	0.1000000000	100	100	0	0.999538
2192000	0.6000000000	0.0001000000	0.1000000000	100	100	0	0.999533
2193000	0.6000000000	0.0001000000	0.1000000000	100	100	0	0.999523
2194000	0.6000000000	0.0001000000	0.1000000000	100	100	0	0.999521
2195000	0.6000000000	0.0001000000	0.1000000000	100	100	0	0.999556
2196000	0.6000000000	0.0001000000	0.1000000000	100	100	0	0.999521
2197000	0.6000000000	0.0001000000	0.1000000000	100	100	0	0.999510
2198000	0.6000000000	0.0001000000	0.1000000000	100	100	0	0.999494
2199000	0.6000000000	0.0001000000	0.1000000000	100	100	0	0.999516
2200000	0.6000000000	0.0001000000	0.1000000000	100	100	0	0.999511
2201000	0.6000000000	0.0001000000	0.1000000000	100	100	0	0.999499
2202000	0.6000000000	0.0001000000	0.1000000000	100	100	0	0.999504
2203000	0.6000000000	0.0001000000	0.1000000000	100	100	0	0.999516
2204000	0.6000000000	0.0001000000	0.1000000000	100	100	0	0.999541
2205000	0.6000000000	0.0001000000	0.1000000000	100	100	0	0.999544
2206000	0.6000000000	0.0001000000	0.1000000000	100	100	0	0.999517
2207000	0.6000000000	0.0001000000	0.1000000000	100	100	0	0.999533
2208000	0.6000000000	0.0001000000	0.1000000000	100	100	0	0.999526
2209000	0.6000000000	0.0001000000	0.1000000000	100	100	0	0.999520
2210000	0.6000000000	0.0001000000	0.1000000000	100	100	0	0.999520
2211000	0.6000000000	0.0001000000	0.1000000000	100	100	0	0.999503
2212000	0.6000000000	0.0001000000	0.1000000000	100	100	0	0.999535
2213000	0.6000000000	0.0001000000	0.1000000000	100	100	0	0.999511
2214000	0.6000000000	0.0001000000	0.1000000000	100	100	0	0.999535
2215000	0.6000000000	0.0001000000	0.1000000000	100	100	0	0.999556
2216000	0.6000000000	0.0001000000	0.1000000000	100	100	0	0.999524
2217000	0.6000000000	0.0001000000	0.1000000000	100	100	0	0.999542
2218000	0.6000000000	0.0001000000	0.1000000000	100	100	0	0.999499
2219000	0.6000000000	0.0001000000	0.1000000000	100	100	0	0.999497
2220000	0.6000000000	0.0001000000	0.1000000000	100	100	0	0.999509
2221000	0.6000000000	0.0001000000	0.1000000000	100	100	0	0.999515
2222000	0.6000000000	0.0001000000	0.1000000000	100	100	0	0.999526
2223000	0.6000000000	0.0001000000	0.1000000000	100	100	0	0.999522
2224000	0.6000000000	0.0001000000	0.1000000000	100	100	0	0.999532
2225000	0.6000000000	0.0001000000	0.1000000000	100	100	0	0.999532
2226000	0.6000000000	0.0001000000	0.1000000000	100	100	0	0.999536
2227000	0.6000000000	0.0001000000	0.1000000000	100	100	0	0.999532
2228000	0.6000000000	0.0001000000	0.1000000000	100	100	0	0.999515
2229000	0.6000000000	0.0001000000	0.1000000000	100	100	0	0.999543
2230000	0.6000000000	0.0001000000	0.1000000000	100	100	0	0.999558
2231000	0.6000000000	0.0001000000	0.1000000000	100	100	0	0.999508
2232000	0.6000000000	0.0001000000	0.1000000000	100	100	0	0.999522
2233000	0.6000000000	0.0001000000	0.1000000000	100	100	0	0.999556
2234000	0.6000000000	0.0001000000	0.1000000000	100	100	0	0.999540
2235000	0.6000000000	0.0001000000	0.1000000000	100	100	0	0.999522
2236000	0.6000000000	0.0001000000	0.1000000000	100	100	0	0.999533
2237000	0.6000000000	0.0001000000	0.1000000000	100	100	0	0.999512
2238000	0.6000000000	0.0001000000	0.1000000000	100	100	0	0.999536
2239000	0.6000000000	0.0001000000	0.1000000000	100	100	0	0.999500
2240000	0.6000000000	0.0001000000	0.1000000000	100	100	0	0.999518
2241000	0.6000000000	0.0001000000	0.1000000000	100	100	0	0.999509
2242000	0.6000000000	0.0001000000	0.1000000000	100	100	0	0.999511
2243000	0.6000000000	0.0001000000	0.1000000000	100	100	0	0.999498
2244000	0.6000000000	0.0001000000	0.1000000000	100	100	0	0.999505
2245000	0.6000000000	0.0001000000	0.1000000000	100	100	0	0.999529
2246000	0.6000000000	0.0001000000	0.1000000000	100	100	0	0.999500
2247000	0.6000000000	0.0001000000	0.1000000000	100	100	0	0.999517
2248000	0.6000000000	0.0001000000	0.1000000000	100	100	0	0.999523
2249000	0.6000000000	0.0001000000	0.1000000000	100	100	0	0.999538
2250000	0.6000000000	0.0001000000	0.1000000000	100	100	0	0.999526
2251000	0.6000000000	0.0001000000	0.1000000000	100	100	0	0.999525
2252000	0.6000000000	0.0001000000	0.1000000000	100	100	0	0.999519
2253000	0.6000000000	0.0001000000	0.1000000000	100	100	0	0.999539
2254000	0.6000000000	0.0001000000	0.1000000000	100	100	0	0.999528
2255000	0.6000000000	0.0001000000	0.1000000000	100	100	0	0.999529
2256000	0.6000000000	0.0001000000	0.1000000000	100	100	0	0.999526
2257000	0.6000000000	0.0001000000	0.1000000000	100	100	0	0.999525
2258000	0.6000000000	0.0001000000	0.1000000000	100	100	0	0.999530
2259000	0.6000000000	0.0001000000	0.1000000000	100	100	0	0.999521
2260000	0.6000000000	0.0001000000	0.1000000000	100	100	0	0.999518
2261000	0.6000000000	0.0001000000	0.1000000000	100	100	0	0.999538
2262000	0.6000000000	0.0001000000	0.1000000000	100	100	0	0.999521
2263000	0.6000000000	0.0001000000	0.1000000000	100	100	0	0.999531
2264000	0.6000000000	0.0001000000	0.1000000000	100	100	0	0.999538
2265000	0.6000000000	0.0001000000	0.1000000000	100	100	0	0.999508
2266000	0.6000000000	0.0001000000	0.1000000000	100	100	0	0.999496
2267000	0.6000000000	0.0001000000	0.1000000000	100	100	0	0.999531
2268000	0.6000000000	0.0001000000	0.1000000000	100	100	0	0.999531
2269000	0.6000000000	0.0001000000	0.1000000000	100	100	0	0.999537
2270000	0.6000000000	0.0001000000	0.1000000000	100	100	0	0.999545
2271000	0.6000000000	0.0001000000	0.1000000000	100	100	0	0.999545
2272000	0.6000000000	0.0001000000	0.1000000000	100	100	0	0.999553
2273000	0.6000000000	0.0001000000	0.1000000000	100	100	0	0.999534
2274000	0.6000000000	0.0001000000	0.1000000000	100	100	0	0.999512
2275000	0.6000000000	0.0001000000	0.1000000000	100	100	0	0.999530
2276000	0.6000000000	0.0001000000	0.1000000000	100	100	0	0.999532
2277000	0.6000000000	0.0001000000	0.1000000000	100	100	0	0.999532
2278000	0.6000000000	0.0001000000	0.1000000000	100	100	0	0.999499
2279000	0.6000000000	0.0001000000	0.1000000000	100	100	0	0.999517
2280000	0.6000000000	0.0001000000	0.1000000000	100	100	0	0.999540
2281000	0.6000000000	0.0001000000	0.1000000000	100	100	0	0.999561
2282000	0.6000000000	0.0001000000	0.1000000000	100	100	0	0.999532
2283000	0.6000000000	0.0001000000	0.1000000000	100	100	0	0.999542
2284000	0.6000000000	0.0001000000	0.1000000000	100	100	0	0.999548
2285000	0.6000000000	0.0001000000	0.1000000000	100	100	0	0.999520
2286000	0.6000000000	0.0001000000	0.1000000000	100	100	0	0.999542
2287000	0.6000000000	0.0001000000	0.1000000000	100	100	0	0.999511
2288000	0.6000000000	0.0001000000	0.1000000000	100	100	0	0.999529
2289000	0.6000000000	0.0001000000	0.1000000000	100	100	0	0.999503
2290000	0.6000000000	0.0001000000	0.1000000000	100	100	0	0.999487
2291000	0.6000000000	0.0001000000	0.1000000000	100	100	0	0.999500
2292000	0.6000000000	0.0001000000	0.1000000000	100	100	0	0.999519
2293000	0.6000000000	0.0001000000	0.1000000000	100	100	0	0.999537
2294000	0.6000000000	0.0001000000	0.1000000000	100	100	0	0.999526
2295000	0.6000000000	0.0001000000	0.1000000000	100	100	0	0.999518
2296000	0.6000000000	0.0001000000	0.1000000000	100	100	0	0.999522
2297000	0.6000000000	0.0001000000	0.1000000000	100	100	0	0.999536
2298000	0.6000000000	0.0001000000	0.1000000000	100	100	0	0.999536
2299000	0.6000000000	0.0001000000	0.1000000000	100	100	0	0.999518
2300000	0.6000000000	0.0001000000	0.1000000000	100	100	0	0.999517
2301000	0.6000000000	0.0001000000	0.1000000000	100	100	0	0.999510
2302000	0.6000000000	0.0001000000	0.1000000000	100	100	0	0.999514
2303000	0.6000000000	0.0001000000	0.1000000000	100	100	0	0.999517
2304000	0.6000000000	0.0001000000	0.1000000000	100	100	0	0.999552
2305000	0.6000000000	0.0001000000	0.1000000000	100	100	0	0.999512
2306000	0.6000000000	0.0001000000	0.1000000000	100	100	0	0.999512
2307000	0.6000000000	0.0001000000	0.1000000000	100	100	0	0.999498
2308000	0.6000000000	0.0001000000	0.1000000000	100	100	0	0.999521
2309000	0.6000000000	0.0001000000	0.1000000000	100	100	0	0.999514
2310000	0.6000000000	0.0001000000	0.1000000000	100	100	0	0.999497
2311000	0.6000000000	0.0001000000	0.1000000000	100	100	0	0.999514
2312000	0.6000000000	0.0001000000	0.1000000000	100	100	0	0.999514
2313000	0.6000000000	0.0001000000	0.1000000000	100	100	0	0.999518
2314000	0.6000000000	0.0001000000	0.1000000000	100	100	0	0.999512
2315000	0.6000000000	0.0001000000	0.1000000000	100	100	0	0.999535
2316000	0.6000000000	0.0001000000	0.1000000000	100	100	0	0.999506
2317000	0.6000000000	0.0001000000	0.1000000000	100	100	0	0.999535
2318000	0.6000000000	0.0001000000	0.1000000000	100	100	0	0.999525
2319000	0.6000000000	0.0001000000	0.1000000000	100	100	0	0.999511
2320000	0.6000000000	0.0001000000	0.1000000000	100	100	0	0.999516
2321000	0.6000000000	0.0001000000	0.1000000000	100	100	0	0.999530
2322000	0.6000000000	0.0001000000	0.1000000000	100	100	0	0.999515
2323000	0.6000000000	0.0001000000	0.1000000000	100	100	0	0.999538
2324000	0.6000000000	0.0001000000	0.1000000000	100	100	0	0.999522
2325000	0.6000000000	0.0001000000	0.1000000000	100	100	0	0.999526
2326000	0.6000000000	0.0001000000	0.1000000000	100	100	0	0.999544
2327000	0.6000000000	0.0001000000	0.1000000000	100	100	0	0.999507
2328000	0.6000000000	0.0001000000	0.1000000000	100	100	0	0.999491
2329000	0.6000000000	0.0001000000	0.1000000000	100	100	0	0.999524
2330000	0.6000000000	0.0001000000	0.1000000000	100	100	0	0.999505
2331000	0.6000000000	0.0001000000	0.1000000000	100	100	0	0.999524
2332000	0.6000000000	0.0001000000	0.1000000000	100	100	0	0.999526
2333000	0.6000000000	0.0001000000	0.1000000000	100	100	0	0.999520
2334000	0.6000000000	0.0001000000	0.1000000000	100	100	0	0.999519
2335000	0.6000000000	0.0001000000	0.1000000000	100	100	0	0.999519
2336000	0.6000000000	0.0001000000	0.1000000000	100	100	0	0.999534
2337000	0.6000000000	0.0001000000	0.1000000000	100	100	0	0.999534
2338000	0.6000000000	0.0001000000	0.1000000000	100	100	0	0.999515
2339000	0.6000000000	0.0001000000	0.1000000000	100	100	0	0.999519
2340000	0.6000000000	0.0001000000	0.1000000000	100	100	0	0.999531
2341000	0.6000000000	0.0001000000	0.1000000000	100	100	0	0.999519
2342000	0.6000000000	0.0001000000	0.1000000000	100	100	0	0.999502
2343000	0.6000000000	0.0001000000	0.1000000000	100	100	0	0.999483
2344000	0.6000000000	0.0001000000	0.1000000000	100	100	0	0.999518
2345000	0.6000000000	0.0001000000	0.1000000000	100	100	0	0.999539
2346000	0.6000000000	0.0001000000	0.1000000000	100	100	0	0.999543
2347000	0.6000000000	0.0001000000	0.1000000000	100	100	0	0.999562
2348000	0.6000000000	0.0001000000	0.1000000000	100	100	0	0.999534
2349000	0.6000000000	0.0001000000	0.1000000000	100	100	0	0.999511
2350000	0.6000000000	0.0001000000	0.1000000000	100	100	0	0.999531
2351000	0.6000000000	0.0001000000	0.1000000000	100	100	0	0.999524
2352000	0.6000000000	0.0001000000	0.1000000000	100	100	0	0.999513
2353000	0.6000000000	0.0001000000	0.1000000000	100	100	0	0.999551
2354000	0.6000000000	0.0001000000	0.1000000000	100	100	0	0.999549
2355000	0.6000000000	0.0001000000	0.1000000000	100	100	0	0.999508
2356000	0.6000000000	0.0001000000	0.1000000000	100	100	0	0.999517
2357000	0.6000000000	0.0001000000	0.1000000000	100	100	0	0.999509
2358000	0.6000000000	0.0001000000	0.1000000000	100	100	0	0.999518
2359000	0.6000000000	0.0001000000	0.1000000000	100	100	0	0.999488
2360000	0.6000000000	0.0001000000	0.1000000000	100	100	0	0.999490
2361000	0.6000000000	0.0001000000	0.1000000000	100	100	0	0.999530
2362000	0.6000000000	0.0001000000	0.1000000000	100	100	0	0.999528
2363000	0.6000000000	0.0001000000	0.1000000000	100	100	0	0.999536
2364000	0.6000000000	0.0001000000	0.1000000000	100	100	0	0.999507
2365000	0.6000000000	0.0001000000	0.1000000000	100	100	0	0.999496
2366000	0.6000000000	0.0001000000	0.1000000000	100	100	0	0.999526
2367000	0.6000000000	0.0001000000	0.1000000000	100	100	0	0.999500
2368000	0.6000000000	0.0001000000	0.1000000000	100	100	0	0.999523
2369000	0.6000000000	0.0001000000	0.1000000000	100	100	0	0.999515
2370000	0.6000000000	0.0001000000	0.1000000000	100	100	0	0.999556
2371000	0.6000000000	0.0001000000	0.1000000000	100	100	0	0.999512
2372000	0.6000000000	0.0001000000	0.1000000000	100	100	0	0.999512
2373000	0.6000000000	0.0001000000	0.1000000000	100	100	0	0.999525
2374000	0.6000000000	0.0001000000	0.1000000000	100	100	0	0.999536
2375000	0.6000000000	0.0001000000	0.1000000000	100	100	0	0.999543
2376000	0.6000000000	0.0001000000	0.1000000000	100	100	0	0.999534
2377000	0.6000000000	0.0001000000	0.1000000000	100	100	0	0.999508
2378000	0.6000000000	0.0001000000	0.1000000000	100	100	0	0.999518
2379000	0.6000000000	0.0001000000	0.1000000000	100	100	0	0.999555
2380000	0.6000000000	0.0001000000	0.1000000000	100	100	0	0.999529
2381000	0.6000000000	0.0001000000	0.1000000000	100	100	0	0.999499
2382000	0.6000000000	0.0001000000	0.1000000000	100	100	0	0.999495
2383000	0.6000000000	0.0001000000	0.1000000000	100	100	0	0.999499
2384000	0.6000000000	0.0001000000	0.1000000000	100	100	0	0.999521
2385000	0.6000000000	0.0001000000	0.1000000000	100	100	0	0.999520
2386000	0.6000000000	0.0001000000	0.1000000000	100	100	0	0.999511
2387000	0.6000000000	0.0001000000	0.1000000000	100	100	0	0.999527
2388000	0.6000000000	0.0001000000	0.1000000000	100	100	0	0.999486
2389000	0.6000000000	0.0001000000	0.1000000000	100	100	0	0.999540
2390000	0.6000000000	0.0001000000	0.1000000000	100	100	0	0.999522
2391000	0.6000000000	0.0001000000	0.1000000000	100	100	0	0.999512
2392000	0.6000000000	0.0001000000	0.1000000000	100	100	0	0.999494
2393000	0.6000000000	0.0001000000	0.1000000000	100	100	0	0.999493
2394000	0.6000000000	0.0001000000	0.1000000000	100	100	0	0.999508
2395000	0.6000000000	0.0001000000	0.1000000000	100	100	0	0.999514
2396000	0.6000000000	0.0001000000	0.1000000000	100	100	0	0.999486
2397000	0.6000000000	0.0001000000	0.1000000000	100	100	0	0.999536
2398000	0.6000000000	0.0001000000	0.1000000000	100	100	0	0.999509
2399000	0.6000000000	0.0001000000	0.1000000000	100	100	0	0.999497
2400000	0.6000000000	0.0001000000	0.1000000000	100	100	0	0.999525
2401000	0.6000000000	0.0001000000	0.1000000000	100	100	0	0.999544
2402000	0.6000000000	0.0001000000	0.1000000000	100	100	0	0.999539
2403000	0.6000000000	0.0001000000	0.1000000000	100	100	0	0.999520
2404000	0.6000000000	0.0001000000	0.1000000000	100	100	0	0.999542
2405000	0.6000000000	0.0001000000	0.1000000000	100	100	0	0.999517
2406000	0.6000000000	0.0001000000	0.1000000000	100	100	0	0.999518
2407000	0.6000000000	0.0001000000	0.1000000000	100	100	0	0.999524
2408000	0.6000000000	0.0001000000	0.1000000000	100	100	0	0.999533
2409000	0.6000000000	0.0001000000	0.1000000000	100	100	0	0.999513
2410000	0.6000000000	0.0001000000	0.1000000000	100	100	0	0.999519
2411000	0.6000000000	0.0001000000	0.1000000000	100	100	0	0.999523
2412000	0.6000000000	0.0001000000	0.1000000000	100	100	0	0.999518
2413000	0.6000000000	0.0001000000	0.1000000000	100	100	0	0.999533
2414000	0.6000000000	0.0001000000	0.1000000000	100	100	0	0.999545
2415000	0.6000000000	0.0001000000	0.1000000000	100	100	0	0.999489
2416000	0.6000000000	0.0001000000	0.1000000000	100	100	0	0.999550
2417000	0.6000000000	0.0001000000	0.1000000000	100	100	0	0.999573
2418000	0.6000000000	0.0001000000	0.1000000000	100	100	0	0.999533
2419000	0.6000000000	0.0001000000	0.1000000000	100	100	0	0.999535
2420000	0.6000000000	0.0001000000	0.1000000000	100	100	0	0.999528
2421000	0.6000000000	0.0001000000	0.1000000000	100	100	0	0.999528
2422000	0.6000000000	0.0001000000	0.1000000000	100	100	0	0.999521
2423000	0.6000000000	0.0001000000	0.1000000000	100	100	0	0.999522
2424000	0.6000000000	0.0001000000	0.1000000000	100	100	0	0.999509
2425000	0.6000000000	0.0001000000	0.1000000000	100	100	0	0.999495
2426000	0.6000000000	0.0001000000	0.1000000000	100	100	0	0.999515
2427000	0.6000000000	0.0001000000	0.1000000000	100	100	0	0.999496
2428000	0.6000000000	0.0001000000	0.1000000000	100	100	0	0.999522
2429000	0.6000000000	0.0001000000	0.1000000000	100	100	0	0.999517
2430000	0.6000000000	0.0001000000	0.1000000000	100	100	0	0.999534
2431000	0.6000000000	0.0001000000	0.1000000000	100	100	0	0.999509
2432000	0.6000000000	0.0001000000	0.1000000000	100	100	0	0.999514
2433000	0.6000000000	0.0001000000	0.1000000000	100	100	0	0.999528
2434000	0.6000000000	0.0001000000	0.1000000000	100	100	0	0.999504
2435000	0.6000000000	0.0001000000	0.1000000000	100	100	0	0.999519
2436000	0.6000000000	0.0001000000	0.1000000000	100	100	0	0.999521
2437000	0.6000000000	0.0001000000	0.1000000000	100	100	0	0.999546
2438000	0.6000000000	0.0001000000	0.1000000000	100	100	0	0.999522
2439000	0.6000000000	0.0001000000	0.1000000000	100	100	0	0.999525
2440000	0.6000000000	0.0001000000	0.1000000000	100	100	0	0.999528
2441000	0.6000000000	0.0001000000	0.1000000000	100	100	0	0.999528
2442000	0.6000000000	0.0001000000	0.1000000000	100	100	0	0.999568
2443000	0.6000000000	0.0001000000	0.1000000000	100	100	0	0.999514
2444000	0.6000000000	0.0001000000	0.1000000000	100	100	0	0.999541
2445000	0.6000000000	0.0001000000	0.1000000000	100	100	0	0.999516
2446000	0.6000000000	0.0001000000	0.1000000000	100	100	0	0.999493
2447000	0.6000000000	0.0001000000	0.1000000000	100	100	0	0.999506
2448000	0.6000000000	0.0001000000	0.1000000000	100	100	0	0.999530
2449000	0.6000000000	0.0001000000	0.1000000000	100	100	0	0.999527
2450000	0.6000000000	0.0001000000	0.1000000000	100	100	0	0.999518
2451000	0.6000000000	0.0001000000	0.1000000000	100	100	0	0.999509
2452000	0.6000000000	0.0001000000	0.1000000000	100	100	0	0.999514
2453000	0.6000000000	0.0001000000	0.1000000000	100	100	0	0.999543
2454000	0.6000000000	0.0001000000	0.1000000000	100	100	0	0.999530
2455000	0.6000000000	0.0001000000	0.1000000000	100	100	0	0.999538
2456000	0.6000000000	0.0001000000	0.1000000000	100	100	0	0.999549
2457000	0.6000000000	0.0001000000	0.1000000000	100	100	0	0.999528
2458000	0.6000000000	0.0001000000	0.1000000000	100	100	0	0.999537
2459000	0.6000000000	0.0001000000	0.1000000000	100	100	0	0.999517
2460000	0.6000000000	0.0001000000	0.1000000000	100	100	0	0.999515
2461000	0.6000000000	0.0001000000	0.1000000000	100	100	0	0.999506
2462000	0.6000000000	0.0001000000	0.1000000000	100	100	0	0.999528
2463000	0.6000000000	0.0001000000	0.1000000000	100	100	0	0.999538
2464000	0.6000000000	0.0001000000	0.1000000000	100	100	0	0.999523
2465000	0.6000000000	0.0001000000	0.1000000000	100	100	0	0.999521
2466000	0.6000000000	0.0001000000	0.1000000000	100	100	0	0.999503
2467000	0.6000000000	0.0001000000	0.1000000000	100	100	0	0.999529
2468000	0.6000000000	0.0001000000	0.1000000000	100	100	0	0.999485
2469000	0.6000000000	0.0001000000	0.1000000000	100	100	0	0.999539
2470000	0.6000000000	0.0001000000	0.1000000000	100	100	0	0.999543
2471000	0.6000000000	0.0001000000	0.1000000000	100	100	0	0.999506
2472000	0.6000000000	0.0001000000	0.1000000000	100	100	0	0.999517
2473000	0.6000000000	0.0001000000	0.1000000000	100	100	0	0.999513
2474000	0.6000000000	0.0001000000	0.1000000000	100	100	0	0.999514
2475000	0.6000000000	0.0001000000	0.1000000000	100	100	0	0.999499
2476000	0.6000000000	0.0001000000	0.1000000000	100	100	0	0.999493
2477000	0.6000000000	0.0001000000	0.1000000000	100	100	0	0.999524
2478000	0.6000000000	0.0001000000	0.1000000000	100	100	0	0.999534
2479000	0.6000000000	0.0001000000	0.1000000000	100	100	0	0.999548
2480000	0.6000000000	0.0001000000	0.1000000000	100	100	0	0.999536
2481000	0.6000000000	0.0001000000	0.1000000000	100	100	0	0.999516
2482000	0.6000000000	0.0001000000	0.1000000000	100	100	0	0.999532
2483000	0.6000000000	0.0001000000	0.1000000000	100	100	0	0.999495
2484000	0.6000000000	0.0001000000	0.1000000000	100	100	0	0.999489
2485000	0.6000000000	0.0001000000	0.1000000000	100	100	0	0.999502
2486000	0.6000000000	0.0001000000	0.1000000000	100	100	0	0.999526
2487000	0.6000000000	0.0001000000	0.1000000000	100	100	0	0.999512
2488000	0.6000000000	0.0001000000	0.1000000000	100	100	0	0.999499
2489000	0.6000000000	0.0001000000	0.1000000000	100	100	0	0.999534
2490000	0.6000000000	0.0001000000	0.1000000000	100	100	0	0.999510
2491000	0.6000000000	0.0001000000	0.1000000000	100	100	0	0.999519
2492000	0.6000000000	0.0001000000	0.1000000000	100	100	0	0.999532
2493000	0.6000000000	0.0001000000	0.1000000000	100	100	0	0.999503
2494000	0.6000000000	0.0001000000	0.1000000000	100	100	0	0.999498
2495000	0.6000000000	0.0001000000	0.1000000000	100	100	0	0.999499
2496000	0.6000000000	0.0001000000	0.1000000000	100	100	0	0.999526
2497000	0.6000000000	0.0001000000	0.1000000000	100	100	0	0.999513
2498000	0.6000000000	0.0001000000	0.1000000000	100	100	0	0.999507
2499000	0.6000000000	0.0001000000	0.1000000000	100	100	0	0.999506
2500000	0.6000000000	0.0001000000	0.1000000000	100	100	0	0.999526
